AAC,20071214,3.47,3.48,3.38,3.38,137098
AAE,20071214,0.063,0.063,0.055,0.057,4025166
AAG,20071214,0.215,0.215,0.215,0.215,50000
AAH,20071214,1.18,1.19,1.175,1.18,177278
AAM,20071214,0.32,0.32,0.315,0.315,111502
AAQ,20071214,0.435,0.435,0.43,0.43,93485
AAR,20071214,0.09,0.093,0.089,0.091,3019228
AAS,20071214,0.087,0.087,0.086,0.086,49258
AAT,20071214,0.069,0.069,0.069,0.069,15000
AAU,20071214,0.385,0.4,0.385,0.4,312350
AAX,20071214,13.36,13.75,12.89,13,271012
ABB,20071214,8.55,8.7,8.32,8.42,398390
ABC,20071214,3.69,3.69,3.5,3.54,1530839
ABI,20071214,0.025,0.025,0.024,0.025,314162
ABJ,20071214,0.035,0.037,0.035,0.037,17000
ABP,20071214,1.83,1.83,1.71,1.77,1340024
ABQ,20071214,0.69,0.69,0.675,0.685,75690
ABS,20071214,5.12,5.17,5.07,5.15,2420224
ABU,20071214,0.12,0.125,0.12,0.125,167345
ABW,20071214,11,11,11,11,2021
ABY,20071214,2.43,2.43,2.3,2.38,1136069
ACB,20071214,0.89,0.97,0.76,0.765,675089
ACE,20071214,0.165,0.165,0.165,0.165,30000
ACK,20071214,2.24,2.24,2.19,2.19,136047
ACL,20071214,0.675,0.69,0.675,0.69,81915
ACR,20071214,1.39,1.39,1.315,1.32,78613
ACS,20071214,0.24,0.245,0.235,0.235,358500
ACU,20071214,0.065,0.067,0.064,0.064,140500
ACW,20071214,0.22,0.22,0.22,0.22,60000
ADA,20071214,0.6,0.6,0.585,0.585,6000
ADE,20071214,0.13,0.13,0.12,0.13,607580
ADG,20071214,5.18,5.21,5.13,5.13,14520
ADI,20071214,0.48,0.48,0.425,0.425,145603
ADN,20071214,0.34,0.35,0.33,0.35,51686
ADU,20071214,0.68,0.68,0.67,0.67,277000
ADX,20071214,0.265,0.28,0.265,0.265,1749216
ADY,20071214,0.465,0.47,0.45,0.465,5122942
AEC,20071214,3.95,3.99,3.89,3.99,20572
AED,20071214,5.33,5.38,4.84,4.84,1090835
AEE,20071214,0.45,0.45,0.45,0.45,31330
AEF,20071214,54,54,54,54,19
AEI,20071214,0.4,0.4,0.4,0.4,50000
AEO,20071214,2.41,2.47,2.37,2.47,1186923
AEP,20071214,3.63,3.65,3.63,3.63,4756
AES,20071214,0.077,0.087,0.077,0.087,33667
AEU,20071214,1.665,1.67,1.65,1.67,182460
AEX,20071214,0.025,0.026,0.024,0.026,400356
AEZ,20071214,1.175,1.2,1.115,1.12,1286644
AFG,20071214,7.49,7.63,7.08,7.09,2227301
AFI,20071214,6.14,6.15,6.1,6.1,197150
AFR,20071214,0.41,0.42,0.4,0.4,438821
AFT,20071214,0.002,0.003,0.002,0.002,34648911
AGF,20071214,1.615,1.66,1.585,1.6,178076
AGG,20071214,9.9,10.02,9.9,10.01,4216
AGI,20071214,0.32,0.32,0.31,0.31,21540
AGK,20071214,13.4,13.49,13.1,13.13,776599
AGM,20071214,0.705,0.74,0.7,0.71,8386331
AGO,20071214,2.38,2.38,2.15,2.15,1500285
AGS,20071214,1.395,1.4,1.355,1.37,362503
AGU,20071214,0.105,0.105,0.1,0.1,25000
AGX,20071214,0.165,0.175,0.165,0.17,402084
AGY,20071214,0.8,0.8,0.77,0.78,76514
AHD,20071214,6.55,6.55,6.54,6.54,984
AHE,20071214,3.7,3.7,3.56,3.56,22786
AHG,20071214,0.018,0.018,0.017,0.017,50000
AHI,20071214,1.81,1.81,1.81,1.81,4924
AHN,20071214,0.29,0.29,0.29,0.29,50000
AHS,20071214,0.885,0.895,0.85,0.895,92902
AIA,20071214,2.52,2.6,2.47,2.55,1509301
AIE,20071214,0.27,0.27,0.27,0.27,58333
AII,20071214,0.395,0.395,0.37,0.37,127940
AIM,20071214,0.15,0.15,0.145,0.145,3477920
AIO,20071214,7.8,7.85,7.63,7.68,3377702
AIV,20071214,0.125,0.125,0.12,0.12,260000
AIX,20071214,3.14,3.15,3.04,3.05,1091671
AIZ,20071214,1.68,1.68,1.68,1.68,8539
AJL,20071214,4.08,4.1,4.02,4.02,77460
AKK,20071214,0.26,0.28,0.25,0.275,837533
ALB,20071214,3.22,3.23,3.06,3.1,981542
ALD,20071214,0.765,0.78,0.755,0.775,85231
ALE,20071214,0.037,0.039,0.034,0.034,1350000
ALF,20071214,1.14,1.14,1.135,1.14,54609
ALK,20071214,0.32,0.32,0.32,0.32,50000
ALL,20071214,11.5,11.54,11.1,11.15,2480823
ALR,20071214,2.1,2.1,2.1,2.1,6000
ALS,20071214,10.56,10.66,10.25,10.25,276078
ALT,20071214,0.014,0.015,0.014,0.015,485415
ALU,20071214,0.935,0.97,0.93,0.97,68423
ALY,20071214,0.185,0.185,0.185,0.185,8000
ALZ,20071214,2.56,2.59,2.54,2.54,965378
AMA,20071214,0.925,0.94,0.91,0.94,174300
AMB,20071214,1.48,1.48,1.42,1.42,35340
AMC,20071214,6.98,7.11,6.86,6.95,2708233
AMH,20071214,0.805,0.815,0.805,0.815,35965
AMM,20071214,0.225,0.235,0.225,0.23,2560867
AMP,20071214,10.13,10.26,10.02,10.1,3872043
AMT,20071214,0.97,0.97,0.92,0.925,38970
AMU,20071214,0.67,0.68,0.67,0.67,244811
AMX,20071214,0.18,0.18,0.18,0.18,10000
AND,20071214,1.97,1.99,1.95,1.975,471812
ANE,20071214,6.93,6.93,6.93,6.93,772
ANG,20071214,3.51,3.57,3.42,3.48,346287
ANH,20071214,0.06,0.061,0.058,0.061,317073
ANM,20071214,0.115,0.115,0.115,0.115,10665
ANN,20071214,11.8,12.05,11.78,11.83,721438
ANO,20071214,0.12,0.12,0.115,0.115,10000
ANP,20071214,0.043,0.043,0.041,0.041,230000
ANU,20071214,1.45,1.45,1.35,1.4,88940
ANX,20071214,0.1,0.12,0.1,0.1,249494
ANZ,20071214,27.92,28.19,27.39,27.6,7688825
AOD,20071214,9.75,9.75,9.6,9.6,5500
AOE,20071214,2.94,2.96,2.72,2.81,2717585
AOM,20071214,0.012,0.012,0.012,0.012,239600
AOS,20071214,0.045,0.045,0.042,0.042,1510128
APA,20071214,3.65,3.65,3.58,3.58,584964
APB,20071214,0.195,0.195,0.19,0.195,380071
APD,20071214,2.6,2.6,2.5,2.5,588715
APE,20071214,16,16,15.8,16,7267
APG,20071214,0.105,0.11,0.1,0.105,599161
API,20071214,1.78,1.785,1.72,1.76,294630
APK,20071214,0.3,0.31,0.3,0.31,24323
APN,20071214,5.14,5.17,5.06,5.06,721474
APZ,20071214,2.56,2.57,2.41,2.45,1001543
AQA,20071214,10.77,11.5,10.5,10.5,74536
AQD,20071214,0.285,0.29,0.28,0.285,402477
AQP,20071214,13.77,13.84,13.3,13.3,167860
AQR,20071214,0.175,0.175,0.17,0.17,115200
ARE,20071214,0.54,0.54,0.5,0.52,685500
ARG,20071214,8.15,8.22,8.13,8.15,108599
ARH,20071214,2.2,2.25,2.19,2.19,142213
ARJ,20071214,1.175,1.175,1.175,1.175,1156
ARM,20071214,0.385,0.4,0.36,0.37,189085
ARO,20071214,0.028,0.028,0.028,0.028,44441
ARP,20071214,4.15,4.2,4.15,4.2,15969
ARQ,20071214,1.41,1.425,1.31,1.32,1475490
ARR,20071214,1.75,1.75,1.64,1.68,286244
ARU,20071214,0.9,0.9,0.855,0.855,164907
ARV,20071214,0.26,0.27,0.25,0.27,36000
ARW,20071214,0.062,0.062,0.062,0.062,132188
ARX,20071214,0.012,0.012,0.011,0.012,3951852
ASB,20071214,2.5,2.55,2.38,2.38,746222
ASC,20071214,0.023,0.024,0.022,0.024,336898
ASL,20071214,2.37,2.37,2.2,2.24,606893
ASP,20071214,0.47,0.47,0.47,0.47,5000
ASU,20071214,0.032,0.032,0.03,0.03,417001
ASV,20071214,0.012,0.012,0.012,0.012,40000
ASX,20071214,59.25,59.41,58.51,58.8,568756
ASZ,20071214,1.85,1.92,1.85,1.9,63916
ATG,20071214,0.255,0.265,0.255,0.265,57481
ATI,20071214,0.031,0.032,0.031,0.032,1518000
ATN,20071214,0.05,0.05,0.048,0.048,201000
ATP,20071214,0.42,0.425,0.42,0.425,36447
ATQ,20071214,0.155,0.155,0.155,0.155,8000
ATR,20071214,2.3,2.3,2.3,2.3,1760
ATV,20071214,0.185,0.185,0.165,0.185,171655
AUB,20071214,4.4,4.4,4.35,4.35,24047
AUF,20071214,1.12,1.12,1.12,1.12,8000
AUI,20071214,9.05,9.05,9.05,9.05,870
AUN,20071214,1.64,1.645,1.58,1.6,997774
AUP,20071214,9.25,9.25,9.25,9.25,387
AUQ,20071214,0.12,0.12,0.12,0.12,481441
AUW,20071214,2.72,2.73,2.58,2.58,678802
AUZ,20071214,0.076,0.078,0.076,0.077,919832
AVA,20071214,0.81,0.835,0.81,0.82,75000
AVB,20071214,0.675,0.675,0.62,0.64,37133
AVE,20071214,2.85,2.85,2.8,2.83,106738
AVJ,20071214,1.135,1.135,1.12,1.125,41214
AVM,20071214,17,17.5,16.81,17.5,780
AVO,20071214,2.4,2.4,2.26,2.26,397443
AVQ,20071214,0.18,0.21,0.175,0.2,173388
AVS,20071214,0.49,0.5,0.49,0.5,13500
AVX,20071214,0.545,0.545,0.525,0.54,788724
AVZ,20071214,0.22,0.22,0.22,0.22,14000
AWB,20071214,2.93,2.97,2.86,2.86,758568
AWC,20071214,6.21,6.3,6.15,6.21,3361645
AWE,20071214,3.27,3.27,3.12,3.13,2031812
AWG,20071214,0.059,0.059,0.058,0.058,100000
AWL,20071214,0.043,0.043,0.043,0.043,154746
AXA,20071214,7.77,7.87,7.65,7.71,1543288
AXC,20071214,0.17,0.185,0.17,0.185,52595
AXE,20071214,0.19,0.195,0.19,0.195,44821
AXI,20071214,0.47,0.47,0.47,0.47,19000
AXM,20071214,1.15,1.18,1.1,1.18,259749
AXO,20071214,1.08,1.08,1.04,1.06,234820
AXQ,20071214,0.535,0.54,0.53,0.53,216262
AXY,20071214,0.21,0.21,0.205,0.21,77000
AXZ,20071214,0.41,0.41,0.4,0.4,61879
AYF,20071214,9.8,9.8,9.75,9.75,4250
AYR,20071214,0.11,0.11,0.11,0.11,50000
AZA,20071214,1.65,1.675,1.565,1.565,352044
AZC,20071214,0.225,0.24,0.225,0.24,296327
AZD,20071214,0.27,0.27,0.255,0.255,194041
AZM,20071214,0.185,0.185,0.185,0.185,50000
AZS,20071214,0.235,0.235,0.22,0.235,273839
AZX,20071214,1.19,1.19,1.1,1.1,55579
AZZ,20071214,0.455,0.455,0.43,0.43,275300
BAR,20071214,0.315,0.32,0.31,0.31,117900
BAS,20071214,0.2,0.2,0.185,0.185,473960
BAU,20071214,0.38,0.38,0.355,0.36,41500
BBC,20071214,0.96,0.98,0.95,0.96,1014683
BBG,20071214,14.74,14.95,14.52,14.57,735433
BBI,20071214,1.64,1.67,1.63,1.64,6561808
BBP,20071214,2.86,2.86,2.6,2.75,7153622
BBW,20071214,1.865,1.88,1.79,1.795,1398263
BCC,20071214,0.27,0.27,0.26,0.265,964000
BCD,20071214,0.25,0.255,0.25,0.255,98239
BCI,20071214,1.78,1.78,1.71,1.72,58497
BCM,20071214,4.4,4.63,4.35,4.35,302778
BDG,20071214,0.345,0.345,0.34,0.34,765803
BDI,20071214,0.215,0.215,0.205,0.205,17404
BDL,20071214,0.375,0.38,0.36,0.37,1310229
BDM,20071214,0.225,0.225,0.225,0.225,10000
BDR,20071214,0.39,0.39,0.39,0.39,32220
BEC,20071214,4.59,4.59,4.31,4.31,916096
BEI,20071214,0.495,0.495,0.49,0.495,64253
BEN,20071214,15.28,15.39,14.86,14.9,656024
BFE,20071214,0.15,0.15,0.14,0.14,55000
BFG,20071214,2.32,2.32,2.28,2.3,482009
BGD,20071214,0.28,0.28,0.265,0.265,14050
BGL,20071214,0.087,0.087,0.086,0.086,15210
BHP,20071214,42.68,42.75,41.61,42.05,14370678
BIT,20071214,0.18,0.18,0.18,0.18,10000
BJT,20071214,1.515,1.53,1.45,1.455,2386636
BKG,20071214,0.4,0.4,0.38,0.38,59000
BKI,20071214,1.45,1.45,1.435,1.435,92658
BKL,20071214,21.65,21.65,21.55,21.58,3160
BKN,20071214,9.25,9.42,8.75,8.86,6584305
BKP,20071214,0.087,0.088,0.086,0.087,199000
BKW,20071214,13.15,13.15,13.01,13.15,1188
BKY,20071214,1.4,1.42,1.345,1.4,175053
BLD,20071214,6.4,6.4,6.23,6.24,2264288
BLG,20071214,0.49,0.49,0.475,0.475,65000
BLK,20071214,1.075,1.11,1.065,1.11,277519
BLP,20071214,0.74,0.75,0.74,0.75,282550
BLR,20071214,0.14,0.14,0.135,0.14,1071549
BLT,20071214,0.105,0.105,0.1,0.1,185617
BLU,20071214,1.34,1.365,1.28,1.28,84999
BLY,20071214,2.29,2.32,2.16,2.21,5395570
BLZ,20071214,0.019,0.019,0.018,0.018,318487
BMM,20071214,0.34,0.34,0.34,0.34,48112
BMN,20071214,4.05,4.14,3.92,3.97,957231
BMO,20071214,0.046,0.047,0.044,0.044,5148411
BMX,20071214,0.24,0.24,0.23,0.24,754240
BMY,20071214,0.23,0.23,0.22,0.22,61675
BNB,20071214,27.99,28,27.2,27.42,1925465
BNL,20071214,0.15,0.15,0.15,0.15,20000
BNO,20071214,0.45,0.45,0.43,0.43,192661
BNT,20071214,0.062,0.062,0.06,0.06,100000
BOC,20071214,1.48,1.49,1.48,1.49,15484
BOD,20071214,0.1,0.1,0.1,0.1,18750
BOE,20071214,0.5,0.5,0.5,0.5,15750
BOL,20071214,2.02,2.06,1.955,1.995,951087
BON,20071214,0.094,0.094,0.092,0.092,106000
BOQ,20071214,18.05,18.2,17.6,18.2,372830
BOS,20071214,0.17,0.17,0.165,0.165,92387
BOW,20071214,0.335,0.335,0.3,0.315,733444
BPO,20071214,0.04,0.041,0.04,0.041,397408
BPT,20071214,1.545,1.55,1.48,1.48,5953590
BQT,20071214,0.15,0.15,0.14,0.14,360010
BRC,20071214,0.425,0.425,0.42,0.42,55000
BRM,20071214,1.1,1.1,1.05,1.05,369708
BRT,20071214,0.165,0.165,0.16,0.16,14000
BRW,20071214,0.62,0.62,0.6,0.615,94300
BSA,20071214,0.7,0.7,0.7,0.7,321137
BSL,20071214,9.69,9.7,9.41,9.48,2340065
BSM,20071214,0.35,0.35,0.33,0.345,138247
BTA,20071214,1.29,1.305,1.265,1.275,368597
BTC,20071214,0.31,0.31,0.3,0.3,27415
BTT,20071214,4.79,4.81,4.78,4.8,238531
BTV,20071214,0.12,0.13,0.12,0.12,244708
BUG,20071214,0.51,0.51,0.51,0.51,10000
BUL,20071214,0.29,0.29,0.275,0.275,298636
BUR,20071214,0.17,0.17,0.16,0.16,480700
BUY,20071214,0.06,0.06,0.058,0.059,538750
BVA,20071214,1.875,1.875,1.855,1.855,31491
BWN,20071214,0.18,0.19,0.17,0.19,320920
BWP,20071214,2.31,2.33,2.23,2.23,621400
BXB,20071214,11.92,12.1,11.57,11.7,5810743
BXP,20071214,0.18,0.18,0.175,0.175,314340
BYL,20071214,1.8,1.8,1.79,1.79,312911
CAA,20071214,0.42,0.42,0.4,0.4,341991
CAB,20071214,11.03,11.19,10.72,10.88,481598
CAF,20071214,0.45,0.45,0.45,0.45,99059
CAJ,20071214,0.11,0.11,0.105,0.105,467000
CAM,20071214,1.25,1.31,1.25,1.3,57164
CAP,20071214,0.225,0.225,0.225,0.225,18456
CAS,20071214,0.66,0.665,0.66,0.665,50000
CAU,20071214,0.035,0.035,0.034,0.034,31820
CAV,20071214,0.94,0.96,0.94,0.95,207321
CAZ,20071214,0.43,0.43,0.4,0.4,80253
CBA,20071214,60.85,61.55,60.22,60.74,5709465
CBB,20071214,0.42,0.42,0.41,0.41,32822
CBD,20071214,0.425,0.43,0.42,0.42,195247
CBH,20071214,0.61,0.62,0.59,0.59,4219962
CBR,20071214,2.65,2.7,2.65,2.66,15020
CCE,20071214,0.029,0.029,0.029,0.029,129000
CCI,20071214,0.195,0.195,0.175,0.185,3006882
CCL,20071214,10.17,10.24,9.95,9.99,2383003
CCP,20071214,5.36,5.36,4.92,5,409740
CCQ,20071214,0.875,0.89,0.875,0.89,24938
CCU,20071214,0.16,0.16,0.155,0.155,103225
CCV,20071214,0.35,0.36,0.32,0.32,833694
CCY,20071214,0.15,0.15,0.14,0.14,97720
CDD,20071214,8.09,8.09,7.91,7.91,78891
CDF,20071214,1.91,1.95,1.91,1.95,23500
CDI,20071214,1,1.015,0.98,0.98,78672
CDP,20071214,4.66,4.67,4.66,4.67,45000
CDR,20071214,0.34,0.34,0.32,0.325,1469391
CDS,20071214,0.095,0.115,0.095,0.11,30908398
CDT,20071214,0.38,0.38,0.38,0.38,2120
CDU,20071214,4.08,4.09,3.96,3.96,298000
CEG,20071214,2.61,2.62,2.51,2.61,41126
CES,20071214,0.17,0.17,0.17,0.17,100000
CEU,20071214,1.67,1.67,1.635,1.635,2970016
CEY,20071214,5.12,5.17,4.9,4.95,976372
CFE,20071214,0.405,0.415,0.4,0.41,870523
CFK,20071214,0.2,0.2,0.195,0.195,73342
CFR,20071214,0.009,0.009,0.008,0.009,750000
CFU,20071214,0.64,0.655,0.63,0.63,72429
CFX,20071214,2.43,2.43,2.39,2.41,5268839
CGF,20071214,5.77,5.8,5.61,5.64,1627851
CGS,20071214,0.13,0.135,0.13,0.135,3411
CGX,20071214,1.46,1.46,1.41,1.41,41717
CHC,20071214,2.65,2.65,2.47,2.5,484928
CHD,20071214,0.89,0.89,0.89,0.89,1000
CHM,20071214,0.08,0.08,0.078,0.078,4612552
CHN,20071214,0.17,0.17,0.17,0.17,270539
CHO,20071214,6.4,6.4,6.36,6.37,22792
CHP,20071214,0.031,0.035,0.03,0.035,728000
CHQ,20071214,0.96,0.96,0.96,0.96,79543
CHZ,20071214,0.515,0.515,0.51,0.51,100000
CIF,20071214,3.71,3.73,3.62,3.62,687996
CIG,20071214,0.11,0.115,0.1,0.1,3694999
CIL,20071214,1.925,1.93,1.9,1.93,17800
CIR,20071214,1.16,1.16,1.16,1.16,500
CIX,20071214,0.535,0.54,0.535,0.54,87499
CIY,20071214,3.84,3.85,3.67,3.67,245283
CKL,20071214,0.6,0.605,0.59,0.59,179000
CKR,20071214,0.13,0.13,0.13,0.13,500000
CLD,20071214,0.099,0.099,0.099,0.099,5000
CLH,20071214,0.66,0.66,0.66,0.66,5058
CLN,20071214,0.17,0.17,0.17,0.17,500
CLO,20071214,0.875,0.91,0.865,0.9,837652
CLQ,20071214,0.62,0.64,0.605,0.64,234637
CLT,20071214,0.565,0.565,0.565,0.565,3600
CLU,20071214,0.23,0.23,0.23,0.23,315
CLV,20071214,0.15,0.165,0.15,0.16,876000
CLX,20071214,1.405,1.405,1.405,1.405,14200
CME,20071214,0.057,0.058,0.056,0.058,4691275
CMI,20071214,1.54,1.54,1.54,1.54,16000
CMO,20071214,0.019,0.019,0.018,0.019,749763
CMP,20071214,0.135,0.135,0.135,0.135,145000
CMR,20071214,3.37,3.39,3.24,3.24,304899
CMV,20071214,0.77,0.775,0.765,0.775,192533
CMW,20071214,1.16,1.17,1.14,1.145,388191
CNA,20071214,79.99,81.5,79.99,81.46,683
CND,20071214,2.51,2.57,2.48,2.52,146551
CNF,20071214,0.185,0.185,0.17,0.17,65000
CNM,20071214,0.255,0.275,0.255,0.27,2682097
CNN,20071214,0.075,0.075,0.074,0.075,310696
CNT,20071214,1.34,1.34,1.29,1.32,131798
COA,20071214,6.52,6.53,6.52,6.52,1451205
COE,20071214,0.83,0.83,0.715,0.77,7314394
COF,20071214,3.96,3.98,3.95,3.98,74068
COH,20071214,75.92,76.99,73.63,73.78,306484
COI,20071214,0.205,0.235,0.205,0.22,826207
COK,20071214,0.65,0.67,0.635,0.635,527913
COM,20071214,0.27,0.27,0.27,0.27,105000
COU,20071214,2.87,2.9,2.85,2.9,315989
COZ,20071214,0.87,0.88,0.79,0.81,196858
CPA,20071214,1.695,1.695,1.64,1.66,7582798
CPB,20071214,33.28,33.28,30.98,30.98,38191
CPI,20071214,0.48,0.48,0.48,0.48,35000
CPK,20071214,0.58,0.58,0.56,0.56,139330
CPN,20071214,0.16,0.16,0.14,0.14,163000
CPR,20071214,1.58,1.6,1.55,1.6,1856410
CPU,20071214,10.42,10.54,10.27,10.34,1545414
CQT,20071214,0.665,0.67,0.615,0.625,1112157
CQU,20071214,1.17,1.17,1.14,1.14,67000
CRB,20071214,0.335,0.335,0.335,0.335,38000
CRC,20071214,0.49,0.5,0.49,0.49,36122
CRE,20071214,0.385,0.385,0.375,0.375,132860
CRG,20071214,16.77,17.12,16.56,16.56,138899
CRJ,20071214,0.165,0.165,0.16,0.16,45000
CRK,20071214,1.925,1.925,1.85,1.85,65617
CRL,20071214,0.17,0.17,0.17,0.17,43000
CRT,20071214,0.52,0.52,0.51,0.51,94316
CSE,20071214,0.43,0.43,0.425,0.43,44355
CSL,20071214,36.12,36.55,35.75,35.87,1438860
CSM,20071214,5,5.01,5,5,518112
CSR,20071214,3.03,3.04,2.96,2.99,3578287
CSS,20071214,1.67,1.75,1.67,1.75,27353
CST,20071214,3,3.05,2.98,2.98,30788
CSV,20071214,1.9,1.95,1.9,1.9,97000
CTF,20071214,0.028,0.028,0.028,0.028,13000
CTN,20071214,1.865,1.88,1.82,1.82,140108
CTO,20071214,0.44,0.44,0.425,0.425,430529
CTP,20071214,0.195,0.195,0.19,0.195,167400
CTS,20071214,0.44,0.44,0.41,0.41,138693
CTX,20071214,20.33,20.5,20.1,20.1,1759569
CUE,20071214,0.225,0.225,0.225,0.225,283300
CUL,20071214,0.145,0.16,0.145,0.155,12445126
CUO,20071214,1.01,1.03,0.95,0.95,1138818
CUR,20071214,1.64,1.74,1.64,1.74,59479
CUS,20071214,0.175,0.18,0.17,0.17,997700
CUV,20071214,0.35,0.375,0.35,0.36,375247
CUX,20071214,0.2,0.2,0.18,0.18,8000
CUY,20071214,1.005,1.005,0.95,0.95,41700
CVA,20071214,0.075,0.075,0.075,0.075,100000
CVC,20071214,1.58,1.6,1.58,1.6,14250
CVG,20071214,0.2,0.2,0.2,0.2,9239
CVI,20071214,0.285,0.285,0.275,0.28,4174059
CVN,20071214,0.67,0.68,0.64,0.645,6370940
CVR,20071214,0.11,0.11,0.11,0.11,180000
CVS,20071214,0.028,0.028,0.028,0.028,18000
CWN,20071214,13.94,13.98,13.36,13.67,2662978
CWP,20071214,4.9,4.9,4.9,4.9,7156
CXC,20071214,5.03,5.03,4.9,4.91,66863
CXD,20071214,2.66,2.66,2.66,2.66,4000
CXG,20071214,2.45,2.45,2.45,2.45,2379
CXM,20071214,0.48,0.49,0.46,0.46,175525
CXP,20071214,6.57,6.59,6.36,6.5,341051
CXS,20071214,1.08,1.08,1.07,1.08,8300
CXY,20071214,0.076,0.076,0.073,0.073,483880
CYA,20071214,1.37,1.375,1.36,1.36,88359
CYC,20071214,0.22,0.22,0.22,0.22,272694
CYG,20071214,3.35,3.35,3.29,3.29,21141
CYL,20071214,0.17,0.17,0.17,0.17,4000
CYT,20071214,0.52,0.52,0.5,0.5,33000
CYU,20071214,0.61,0.61,0.61,0.61,10000
CZA,20071214,2.05,2.05,1.98,1.98,236025
CZP,20071214,0.27,0.275,0.27,0.275,105000
DDD,20071214,0.11,0.11,0.11,0.11,10000
DDT,20071214,0.22,0.23,0.215,0.22,456157
DEG,20071214,0.135,0.135,0.125,0.125,204101
DES,20071214,0.275,0.28,0.265,0.27,463671
DEX,20071214,1.97,1.97,1.94,1.95,394236
DGR,20071214,0.255,0.255,0.225,0.225,2005925
DGX,20071214,0.56,0.56,0.55,0.56,142900
DIA,20071214,0.065,0.065,0.065,0.065,50000
DIO,20071214,1.9,1.91,1.81,1.9,126055
DJS,20071214,5.33,5.36,5.25,5.29,1617172
DJW,20071214,5.29,5.3,5.25,5.25,26263
DKN,20071214,1.53,1.54,1.53,1.54,26620
DKS,20071214,8.7,8.7,8.7,8.7,500
DLS,20071214,0.105,0.11,0.099,0.1,2490125
DMG,20071214,0.67,0.67,0.67,0.67,34625
DML,20071214,0.66,0.66,0.64,0.65,398252
DMM,20071214,0.99,1,0.9,0.99,186450
DMP,20071214,3.4,3.47,3.38,3.47,88020
DMX,20071214,0.35,0.38,0.35,0.38,191500
DOM,20071214,5.15,5.15,4.85,5,248677
DON,20071214,0.42,0.425,0.42,0.425,120570
DOW,20071214,5.49,5.49,5.39,5.42,2173829
DRA,20071214,0.14,0.14,0.14,0.14,60578
DRT,20071214,2.08,2.13,2.06,2.08,9953823
DRX,20071214,0.185,0.195,0.18,0.185,190378
DSN,20071214,0.33,0.35,0.3,0.3,1088092
DTL,20071214,7.55,7.59,7.43,7.43,9056
DUE,20071214,3.37,3.38,3.29,3.3,726330
DVM,20071214,0.049,0.049,0.048,0.048,257372
DVN,20071214,1.44,1.465,1.44,1.465,19325
DWS,20071214,3.2,3.23,3.2,3.21,148212
DWY,20071214,0.93,0.93,0.93,0.93,28780
DXL,20071214,2.12,2.14,2.08,2.1,13989670
DYE,20071214,1.31,1.32,1.26,1.29,113251
DYL,20071214,0.41,0.41,0.395,0.4,1469751
EAR,20071214,0.22,0.25,0.22,0.25,122700
EBB,20071214,1.84,1.84,1.76,1.8,49204
EBI,20071214,3.21,3.21,3.16,3.17,527617
EBR,20071214,0.085,0.093,0.085,0.089,4569357
EBT,20071214,0.12,0.125,0.12,0.125,10250
ECU,20071214,0.27,0.27,0.27,0.27,16068
EDE,20071214,0.465,0.465,0.46,0.46,19687
EDM,20071214,0.049,0.049,0.049,0.049,50000
EDS,20071214,0.585,0.585,0.58,0.58,195000
EFT,20071214,0.08,0.08,0.079,0.079,200000
EGF,20071214,2.14,2.17,2.11,2.17,332244
EGO,20071214,0.014,0.014,0.013,0.013,5691583
EHL,20071214,1.165,1.165,1.135,1.135,2637546
EIF,20071214,0.024,0.024,0.024,0.024,72833
EIG,20071214,0.875,0.875,0.875,0.875,754
EKA,20071214,0.21,0.21,0.21,0.21,6000
EKM,20071214,0.32,0.32,0.32,0.32,55075
ELI,20071214,1.125,1.125,1.12,1.12,19123
ELK,20071214,0.59,0.59,0.55,0.55,189190
ELY,20071214,0.82,0.82,0.79,0.79,75500
EME,20071214,4,4,3.94,3.94,13250
EMM,20071214,0.091,0.091,0.091,0.091,500000
EMP,20071214,0.071,0.071,0.07,0.071,2125666
EMR,20071214,0.115,0.115,0.11,0.11,123000
EMS,20071214,0.16,0.17,0.16,0.16,62544
ENB,20071214,0.16,0.175,0.16,0.175,60000
ENE,20071214,4,4,3.85,3.85,246714
ENG,20071214,0.125,0.125,0.12,0.12,182279
ENI,20071214,0.026,0.026,0.025,0.025,501000
ENR,20071214,0.445,0.445,0.445,0.445,10000
ENV,20071214,0.99,0.99,0.975,0.98,448514
EON,20071214,0.56,0.56,0.56,0.56,43634
EPE,20071214,0.085,0.085,0.078,0.083,1822123
EPF,20071214,0.19,0.19,0.19,0.19,404
EPG,20071214,0.72,0.72,0.69,0.69,72700
EPR,20071214,0.057,0.059,0.053,0.053,3185397
EPS,20071214,0.26,0.26,0.26,0.26,21630
EPY,20071214,0.062,0.062,0.062,0.062,180
EQI,20071214,3.55,3.56,3.45,3.45,252958
EQN,20071214,5.79,5.81,5.7,5.74,1205919
EQT,20071214,33,33,32.99,32.99,1150
EQX,20071214,0.265,0.265,0.21,0.25,1283333
ERA,20071214,20,20.12,19.7,19.75,176469
ERG,20071214,0.098,0.099,0.096,0.096,1783421
ERH,20071214,0.185,0.185,0.18,0.18,101632
ERJ,20071214,0.023,0.023,0.023,0.023,58008
ERL,20071214,0.195,0.195,0.19,0.19,7400
ERN,20071214,0.31,0.31,0.3,0.31,32150
ERO,20071214,0.2,0.2,0.19,0.19,94500
ESG,20071214,0.47,0.475,0.465,0.465,845662
ESI,20071214,0.13,0.13,0.125,0.125,1087900
ESS,20071214,1.32,1.32,1.32,1.32,4143
ESV,20071214,1.1,1.11,1.1,1.11,65419
ETC,20071214,0.065,0.065,0.065,0.065,166167
ETE,20071214,0.185,0.19,0.185,0.19,283322
ETT,20071214,0.013,0.013,0.013,0.013,16376
EUG,20071214,0.023,0.023,0.023,0.023,22391
EVE,20071214,0.15,0.155,0.15,0.155,53226
EVG,20071214,0.165,0.17,0.165,0.17,351687
EVM,20071214,0.105,0.105,0.1,0.1,71982
EVZ,20071214,0.67,0.67,0.655,0.66,201700
EWC,20071214,0.94,0.95,0.93,0.95,1072991
EXM,20071214,0.045,0.045,0.042,0.043,29775100
EXR,20071214,0.28,0.285,0.27,0.27,303225
EXS,20071214,0.39,0.395,0.385,0.39,228563
EXT,20071214,1.12,1.145,1.09,1.115,366751
EZE,20071214,0.105,0.105,0.105,0.105,50000
EZL,20071214,5.21,5.21,5.17,5.17,9040
FAN,20071214,4.3,4.4,4.3,4.4,54687
FAR,20071214,0.135,0.14,0.135,0.135,509330
FAS,20071214,0.325,0.325,0.3,0.315,218248
FAT,20071214,1.055,1.055,1.05,1.05,29390
FBU,20071214,9.85,10.11,9.85,10.04,480415
FCL,20071214,2.22,2.22,2.13,2.14,2212879
FCN,20071214,0.275,0.28,0.275,0.275,107718
FDL,20071214,0.098,0.105,0.089,0.09,180654816
FDY,20071214,0.205,0.205,0.205,0.205,60000
FEA,20071214,0.645,0.645,0.625,0.64,75500
FER,20071214,1.08,1.11,1.06,1.11,113975
FFF,20071214,0.054,0.058,0.054,0.058,693830
FGE,20071214,1.35,1.35,1.35,1.35,17557
FGI,20071214,1.6,1.6,1.58,1.58,25000
FGL,20071214,6.32,6.33,6.21,6.25,6036946
FIC,20071214,0.06,0.06,0.06,0.06,30000
FIS,20071214,0.115,0.12,0.115,0.12,42626
FKP,20071214,7.36,7.36,6.85,6.95,440199
FLK,20071214,0.865,0.865,0.86,0.86,5000
FLT,20071214,31.4,31.76,31.12,31.2,324651
FLX,20071214,8.36,8.36,7.94,7.94,350738
FMG,20071214,63.5,63.8,61.77,62.5,717030
FML,20071214,0.091,0.093,0.09,0.09,4551109
FND,20071214,1.25,1.25,1.21,1.21,13700
FNP,20071214,0.52,0.52,0.52,0.52,5000
FNT,20071214,0.13,0.13,0.13,0.13,514034
FPH,20071214,2.92,2.92,2.91,2.91,219948
FPS,20071214,2.75,2.75,2.75,2.75,900
FRE,20071214,0.39,0.405,0.38,0.405,63500
FRI,20071214,0.81,0.81,0.81,0.81,17441
FRL,20071214,0.23,0.25,0.23,0.25,60424
FRR,20071214,0.53,0.56,0.52,0.52,188699
FRS,20071214,1.25,1.25,1.2,1.22,354930
FRV,20071214,0.048,0.048,0.048,0.048,2000
FSA,20071214,0.5,0.5,0.5,0.5,10833
FSN,20071214,1,1.05,1,1.05,47250
FTD,20071214,0.12,0.16,0.12,0.16,4815
FUL,20071214,0.04,0.04,0.036,0.04,50000
FUN,20071214,0.62,0.62,0.59,0.605,1205554
FWD,20071214,10.82,10.82,10.7,10.75,51748
FWL,20071214,0.5,0.5,0.475,0.495,106801
FXJ,20071214,4.82,4.85,4.73,4.75,3316709
FXL,20071214,2.17,2.2,2.16,2.16,74596
FXR,20071214,0.79,0.79,0.75,0.77,119073
FZN,20071214,0.73,0.73,0.725,0.73,177241
GAA,20071214,0.37,0.37,0.35,0.35,70000
GAU,20071214,0.29,0.29,0.265,0.285,691428
GBA,20071214,0.08,0.08,0.08,0.08,22222
GBE,20071214,0.47,0.47,0.47,0.47,8000
GBG,20071214,1.315,1.315,1.275,1.275,1251122
GBL,20071214,0.022,0.023,0.022,0.023,378000
GBM,20071214,0.19,0.195,0.19,0.19,100705
GBP,20071214,0.195,0.195,0.18,0.19,180745
GBT,20071214,3.42,3.42,3.42,3.42,6695
GBX,20071214,0.23,0.24,0.225,0.225,308333
GCL,20071214,7,7.02,6.8,6.93,328251
GCN,20071214,0.026,0.026,0.026,0.026,300000
GCR,20071214,0.038,0.038,0.037,0.038,530000
GCS,20071214,1.71,1.72,1.71,1.72,28388
GCX,20071214,1.5,1.55,1.5,1.55,1681
GDA,20071214,0.013,0.013,0.012,0.012,1918566
GDN,20071214,0.15,0.15,0.135,0.135,1028269
GDR,20071214,0.375,0.39,0.355,0.36,546390
GDY,20071214,2.07,2.07,2,2.01,263267
GFE,20071214,0.44,0.45,0.39,0.39,32533
GFF,20071214,1.88,1.9,1.87,1.87,4269326
GFL,20071214,0.95,0.95,0.95,0.95,4000
GGE,20071214,0.054,0.054,0.047,0.047,956653
GGG,20071214,1.3,1.32,1.3,1.32,45000
GGH,20071214,0.12,0.2,0.105,0.2,16111
GGP,20071214,0.36,0.36,0.36,0.36,3000
GGX,20071214,0.089,0.092,0.089,0.092,721800
GGY,20071214,0.17,0.17,0.16,0.16,596994
GHT,20071214,1.25,1.25,1.25,1.25,1050
GIP,20071214,0.105,0.105,0.105,0.105,40000
GIR,20071214,1.455,1.455,1.35,1.36,568075
GJT,20071214,0.875,0.89,0.875,0.88,1228590
GLA,20071214,0.12,0.125,0.12,0.125,13000
GLB,20071214,1.24,1.24,1.16,1.16,25000
GLF,20071214,0.28,0.28,0.26,0.26,50000
GLI,20071214,0.19,0.19,0.19,0.19,10000
GLM,20071214,0.61,0.61,0.595,0.61,390500
GLO,20071214,0.041,0.042,0.041,0.042,331000
GLX,20071214,0.115,0.12,0.11,0.12,370000
GMD,20071214,0.21,0.21,0.21,0.21,2500
GME,20071214,0.46,0.46,0.45,0.45,56000
GMG,20071214,5.75,5.75,5.31,5.56,13526106
GMI,20071214,2.25,2.26,2.2,2.21,559693
GML,20071214,0.125,0.125,0.125,0.125,100000
GMR,20071214,0.08,0.08,0.08,0.08,20600
GMX,20071214,1.38,1.38,1.32,1.32,9224
GNI,20071214,0.285,0.285,0.285,0.285,5000
GNL,20071214,0.038,0.039,0.037,0.037,10306035
GNS,20071214,3.86,3.9,3.73,3.75,1083170
GOA,20071214,0.062,0.065,0.062,0.064,1332758
GOG,20071214,0.25,0.26,0.235,0.235,573079
GOP,20071214,0.185,0.185,0.185,0.185,60000
GOW,20071214,3.8,3.8,3.8,3.8,16000
GPG,20071214,1.52,1.525,1.475,1.475,284592
GPN,20071214,0.017,0.017,0.016,0.016,511414
GPT,20071214,4.49,4.54,4.32,4.35,11546638
GQH,20071214,0.56,0.56,0.55,0.55,400000
GRD,20071214,2.3,2.3,2.21,2.26,143349
GRK,20071214,0.115,0.12,0.115,0.12,256199
GRR,20071214,2.7,2.7,2.6,2.6,64419
GRV,20071214,0.86,0.86,0.86,0.86,750
GRY,20071214,0.72,0.74,0.72,0.74,17405
GSE,20071214,0.08,0.08,0.075,0.075,870000
GSF,20071214,0.066,0.067,0.064,0.065,2106700
GTE,20071214,0.18,0.18,0.18,0.18,442
GTI,20071214,0.055,0.055,0.031,0.031,25000
GTP,20071214,1.955,1.985,1.91,1.91,1315554
GTX,20071214,0.15,0.15,0.145,0.145,55000
GUD,20071214,10.45,10.5,10.29,10.29,130934
GUJ,20071214,0.9,0.9,0.88,0.9,399500
GUN,20071214,0.2,0.215,0.19,0.19,230000
GWR,20071214,2.08,2.1,2.03,2.09,96077
GWT,20071214,3.72,3.72,3.52,3.52,561406
GWV,20071214,0.057,0.057,0.057,0.057,6021
GXL,20071214,1.7,1.7,1.7,1.7,2000
GXY,20071214,0.69,0.69,0.605,0.685,314680
GYN,20071214,0.3,0.3,0.3,0.3,99986
GZL,20071214,2.12,2.12,2.1,2.1,15025
HAP,20071214,1.12,1.12,1.1,1.1,541993
HAV,20071214,1.8,1.81,1.78,1.78,64259
HAZ,20071214,0.245,0.25,0.235,0.25,210800
HCG,20071214,0.075,0.075,0.075,0.075,45000
HDF,20071214,3.29,3.38,3.28,3.32,426197
HDG,20071214,0.31,0.31,0.29,0.29,68871
HDN,20071214,0.26,0.26,0.26,0.26,79166
HEA,20071214,0.23,0.23,0.23,0.23,5000
HEG,20071214,0.35,0.35,0.34,0.345,452251
HEM,20071214,0.2,0.2,0.2,0.2,17244
HER,20071214,2.28,2.3,2.28,2.29,1480862
HFA,20071214,2.19,2.27,2.15,2.18,920671
HFC,20071214,0.4,0.4,0.4,0.4,30000
HGI,20071214,3.17,3.17,3.09,3.11,1681994
HGL,20071214,0.053,0.053,0.053,0.053,13869
HGN,20071214,0.455,0.455,0.455,0.455,5000
HGO,20071214,0.34,0.34,0.335,0.335,227818
HGR,20071214,0.049,0.051,0.049,0.05,356961
HHL,20071214,17.65,17.65,17.5,17.5,1483
HHM,20071214,0.33,0.33,0.325,0.325,5000
HHV,20071214,1.07,1.07,1.06,1.06,321891
HHY,20071214,1.92,1.92,1.9,1.91,25105
HIC,20071214,0.9,0.9,0.895,0.9,174535
HIG,20071214,0.15,0.155,0.15,0.15,68459
HII,20071214,0.36,0.38,0.35,0.38,37000
HIL,20071214,5.89,5.89,5.65,5.65,183625
HIP,20071214,1.92,1.92,1.87,1.87,17000
HLD,20071214,0.155,0.16,0.15,0.15,156920
HLG,20071214,2.69,2.7,2.65,2.69,53800
HLX,20071214,0.535,0.54,0.51,0.53,142850
HMC,20071214,0.16,0.16,0.155,0.155,200000
HNG,20071214,2.15,2.2,2.15,2.2,8350
HRD,20071214,0.03,0.03,0.03,0.03,1600
HRL,20071214,0.215,0.215,0.2,0.2,112000
HRR,20071214,1.25,1.29,1.25,1.26,53537
HSK,20071214,1.54,1.54,1.5,1.5,19333
HSN,20071214,0.45,0.45,0.44,0.44,22080
HSP,20071214,5.4,5.4,5.22,5.26,737869
HST,20071214,4.85,4.91,4.72,4.89,130434
HTA,20071214,0.19,0.19,0.19,0.19,4900
HTE,20071214,0.036,0.038,0.036,0.038,617000
HTW,20071214,0.66,0.66,0.655,0.655,12000
HTX,20071214,0.11,0.11,0.11,0.11,137000
HVN,20071214,7.06,7.06,6.9,6.94,1749589
HWG,20071214,0.395,0.395,0.395,0.395,217390
HWI,20071214,2.13,2.2,2.13,2.17,42374
HXL,20071214,1.14,1.16,1.14,1.16,20300
HYO,20071214,0.18,0.185,0.17,0.17,293045
HZN,20071214,0.365,0.37,0.36,0.365,489283
IAG,20071214,4.38,4.41,4.33,4.33,8694799
IAS,20071214,0.4,0.4,0.395,0.4,25000
IAT,20071214,0.062,0.062,0.062,0.062,93000
IAU,20071214,0.265,0.285,0.265,0.27,407505
IAW,20071214,0.195,0.195,0.195,0.195,26195
IBA,20071214,0.935,0.94,0.92,0.94,872452
IBC,20071214,0.67,0.67,0.67,0.67,6884
IBG,20071214,0.92,0.93,0.92,0.92,10400
ICC,20071214,0.15,0.15,0.15,0.15,50000
ICD,20071214,0.63,0.65,0.63,0.65,38800
ICN,20071214,0.063,0.064,0.062,0.062,460243
ICP,20071214,0.105,0.105,0.095,0.1,2468934
ICS,20071214,0.22,0.22,0.215,0.22,95000
IDL,20071214,0.76,0.765,0.735,0.74,3352981
IDO,20071214,1.3,1.305,1.29,1.3,95000
IDT,20071214,2.56,2.56,2.5,2.5,52627
IEF,20071214,1.235,1.235,1.23,1.23,2693435
IEM,20071214,178.56,178.56,175.5,176,1510
IEU,20071214,138.53,138.53,137.09,137.09,372
IFC,20071214,0.275,0.275,0.275,0.275,4500
IFE,20071214,1.57,1.57,1.5,1.535,105346
IFL,20071214,8.65,8.79,8.4,8.4,137826
IFM,20071214,0.525,0.535,0.525,0.53,634410
IGC,20071214,0.29,0.305,0.29,0.305,350427
IGO,20071214,8,8.08,7.7,7.8,666739
IGR,20071214,0.49,0.5,0.48,0.49,619372
IHF,20071214,1.13,1.13,1.125,1.125,10000
IHG,20071214,0.07,0.07,0.07,0.07,500
IHK,20071214,25.5,25.5,25.5,25.5,25
IIF,20071214,2.67,2.67,2.56,2.58,4136242
IIG,20071214,0.023,0.024,0.022,0.022,2469184
III,20071214,0.35,0.35,0.35,0.35,33600
IIN,20071214,2.1,2.16,2.01,2.16,94040
IJH,20071214,99.32,99.32,99.32,99.32,13
IJP,20071214,15.71,15.77,15.66,15.66,2038
IJR,20071214,75,75.02,75,75.02,102
IKO,20071214,76.3,76.3,74.72,74.72,20
ILF,20071214,1.39,1.42,1.33,1.33,657933
ILU,20071214,4.46,4.58,4.36,4.43,1401679
IMA,20071214,1.88,1.88,1.86,1.88,28885
IMD,20071214,2.74,2.74,2.51,2.52,524059
IMF,20071214,0.65,0.66,0.65,0.66,30000
IMI,20071214,0.032,0.032,0.029,0.029,19555701
IMP,20071214,0.017,0.017,0.016,0.016,777746
IMU,20071214,0.145,0.145,0.145,0.145,47151
INL,20071214,0.098,0.098,0.095,0.095,533657
INP,20071214,1.21,1.21,1.165,1.17,414406
INT,20071214,0.062,0.069,0.054,0.054,94848287
IOF,20071214,1.73,1.75,1.63,1.63,4086648
IOH,20071214,0.85,0.85,0.78,0.78,46750
IOO,20071214,95.2,95.2,95.2,95.2,87
IPA,20071214,0.64,0.64,0.64,0.64,3000
IPD,20071214,0.75,0.75,0.75,0.75,6000
IPE,20071214,0.925,0.925,0.92,0.92,16568
IPL,20071214,109.58,110.11,105.71,108.5,197900
IPM,20071214,1.335,1.34,1.3,1.3,65384
IPN,20071214,0.26,0.26,0.25,0.25,173128
IPR,20071214,0.14,0.14,0.14,0.14,40000
IPX,20071214,1.2,1.2,1.2,1.2,1000
IRE,20071214,8.17,8.17,7.91,8,198209
IRI,20071214,0.415,0.415,0.415,0.415,8823
IRL,20071214,0.175,0.175,0.165,0.17,276600
IRM,20071214,0.33,0.335,0.32,0.335,82000
IRN,20071214,0.97,0.98,0.965,0.975,367934
IRU,20071214,87.94,87.94,87.94,87.94,23
ISG,20071214,16.39,16.39,16.39,16.39,186
ISK,20071214,0.3,0.3,0.28,0.28,381935
ISS,20071214,0.535,0.535,0.535,0.535,28050
ITC,20071214,0.044,0.044,0.043,0.044,355032
ITD,20071214,0.24,0.24,0.235,0.235,44987
ITT,20071214,0.245,0.245,0.235,0.235,170485
ITW,20071214,17.2,17.26,16.87,16.87,4600
IVC,20071214,7.22,7.29,7.05,7.07,160915
IVE,20071214,94,94,93.55,93.55,142
IVK,20071214,3.94,3.94,3.94,3.94,200
IVT,20071214,0.3,0.3,0.3,0.3,25500
IVV,20071214,170.98,170.98,170.98,170.98,30
IXR,20071214,0.69,0.69,0.67,0.67,196998
IZZ,20071214,203.57,203.57,198.7,200,1020
JAK,20071214,0.17,0.17,0.16,0.16,116981
JBH,20071214,16.4,16.4,15.81,16,362270
JBM,20071214,22.68,22.74,22.62,22.65,504019
JET,20071214,3.3,3.4,3.3,3.4,20235
JGL,20071214,0.14,0.145,0.14,0.14,49241
JHX,20071214,6.52,6.58,6.47,6.52,3335121
JMB,20071214,0.86,0.88,0.86,0.86,70517
JML,20071214,1.3,1.315,1.23,1.23,1418413
JMS,20071214,0.26,0.265,0.24,0.25,1053422
JPR,20071214,0.105,0.11,0.105,0.11,191000
JRL,20071214,1.25,1.25,1.2,1.205,41247
JRV,20071214,0.02,0.02,0.018,0.019,11529367
JST,20071214,5.12,5.12,4.76,4.81,1694381
JUT,20071214,0.205,0.23,0.2,0.23,541700
KAL,20071214,0.195,0.195,0.185,0.19,2474253
KAM,20071214,1.07,1.07,1.06,1.06,135528
KAR,20071214,3.17,3.27,3.15,3.16,211803
KAS,20071214,0.35,0.35,0.34,0.34,75000
KAT,20071214,1.22,1.25,1.2,1.24,73000
KBC,20071214,1.75,1.75,1.7,1.705,122287
KCN,20071214,4.67,4.73,4.49,4.53,344097
KEN,20071214,0.35,0.35,0.345,0.345,18715
KEY,20071214,0.255,0.26,0.245,0.26,385067
KIK,20071214,0.19,0.195,0.18,0.19,161450
KIL,20071214,1.06,1.065,1.055,1.06,133420
KIM,20071214,0.695,0.7,0.695,0.7,143367
KIS,20071214,0.75,0.75,0.69,0.69,53448
KLM,20071214,0.68,0.68,0.67,0.67,36056
KME,20071214,0.935,0.935,0.93,0.93,3710
KML,20071214,0.14,0.14,0.14,0.14,142661
KMN,20071214,0.77,0.78,0.77,0.78,489672
KOR,20071214,0.29,0.29,0.29,0.29,34000
KOV,20071214,5.8,5.8,5.8,5.8,300
KRB,20071214,0.27,0.27,0.27,0.27,101500
KRM,20071214,0.39,0.4,0.375,0.38,385344
KRS,20071214,0.32,0.32,0.32,0.32,22700
KSC,20071214,3.45,3.45,3.45,3.45,2000
KSX,20071214,0.2,0.2,0.2,0.2,370000
KTE,20071214,0.23,0.235,0.22,0.235,115706
KYC,20071214,0.295,0.295,0.295,0.295,26778
KZL,20071214,6.59,6.59,6.34,6.35,1269946
LAS,20071214,0.049,0.06,0.049,0.06,91620
LAT,20071214,0.062,0.065,0.062,0.064,219566
LAU,20071214,0.23,0.23,0.22,0.22,52600
LBY,20071214,0.115,0.115,0.115,0.115,50000
LCL,20071214,1.08,1.08,1.08,1.08,75988
LCM,20071214,1.44,1.44,1.41,1.41,15013
LCT,20071214,0.385,0.385,0.36,0.38,340000
LDW,20071214,6.39,6.39,6.2,6.2,2186
LEF,20071214,0.15,0.165,0.15,0.165,175311
LEG,20071214,0.05,0.053,0.047,0.053,1338422
LEI,20071214,62.6,63.5,62.3,63.4,1403427
LEP,20071214,4.08,4.08,3.94,3.94,4872
LFE,20071214,0.31,0.335,0.305,0.325,167200
LGD,20071214,0.405,0.405,0.395,0.395,59405
LGL,20071214,3.67,3.67,3.44,3.47,26021274
LGO,20071214,0.034,0.034,0.034,0.034,70000
LKO,20071214,0.009,0.01,0.009,0.009,3549334
LLC,20071214,19.05,19.27,18.77,18.9,5837224
LMG,20071214,0.016,0.016,0.016,0.016,165000
LML,20071214,0.27,0.27,0.26,0.26,285233
LMP,20071214,0.089,0.089,0.087,0.087,60000
LMW,20071214,0.685,0.7,0.685,0.7,6000
LNC,20071214,0.75,0.76,0.735,0.76,916294
LNG,20071214,0.89,0.9,0.86,0.9,478809
LNN,20071214,9.2,9.2,9,9.08,760310
LPM,20071214,0.09,0.09,0.09,0.09,195
LRF,20071214,1.7,1.7,1.66,1.66,114358
LRL,20071214,0.635,0.635,0.635,0.635,20000
LSL,20071214,0.025,0.025,0.024,0.024,740001
LST,20071214,1.75,1.765,1.74,1.74,270376
LTR,20071214,0.265,0.27,0.22,0.22,87100
LUM,20071214,0.011,0.013,0.011,0.013,1790773
LVL,20071214,0.022,0.025,0.022,0.025,418000
LWB,20071214,1.49,1.49,1.49,1.49,2275
LYC,20071214,1.05,1.06,1.015,1.025,1884406
LYL,20071214,4.85,4.85,4.75,4.75,4535
MAB,20071214,0.35,0.35,0.35,0.35,3333
MAE,20071214,0.93,0.95,0.925,0.93,315052
MAH,20071214,1.87,1.9,1.79,1.8,3042935
MAK,20071214,0.235,0.24,0.225,0.225,239003
MAL,20071214,0.51,0.51,0.48,0.48,110935
MAN,20071214,0.022,0.022,0.022,0.022,500000
MAP,20071214,4.2,4.23,4.14,4.16,3102078
MAQ,20071214,1.17,1.17,1.17,1.17,480
MAR,20071214,0.32,0.365,0.305,0.305,133300
MAU,20071214,0.16,0.16,0.16,0.16,8239
MAV,20071214,0.71,0.71,0.68,0.71,16050
MBA,20071214,0.13,0.13,0.13,0.13,10000
MBD,20071214,0.2,0.225,0.18,0.22,1496000
MBI,20071214,0.1,0.1,0.098,0.1,299500
MBN,20071214,6.84,6.85,6.58,6.71,70375
MBP,20071214,0.044,0.045,0.044,0.045,282821
MBT,20071214,1.39,1.4,1.39,1.4,147664
MCC,20071214,10,10.2,9.33,9.54,980549
MCG,20071214,5.59,5.6,5.35,5.36,1544271
MCH,20071214,1.22,1.22,1.22,1.22,11279
MCL,20071214,0.026,0.027,0.025,0.025,770574
MCO,20071214,0.28,0.29,0.26,0.26,54550
MCP,20071214,3.63,3.63,3.37,3.5,32635
MCQ,20071214,3.6,3.7,3.57,3.6,813883
MCR,20071214,4.23,4.3,4.11,4.11,820109
MCU,20071214,1.18,1.18,1.15,1.15,176817
MCW,20071214,1.98,1.98,1.945,1.95,3966211
MDA,20071214,0.325,0.325,0.305,0.31,151366
MDE,20071214,1.125,1.125,1.125,1.125,7500
MDL,20071214,1.305,1.305,1.245,1.26,352088
MDS,20071214,0.1,0.1,0.1,0.1,40000
MDT,20071214,1.065,1.065,1.025,1.025,3602522
MDV,20071214,0.014,0.014,0.013,0.013,5977000
MDX,20071214,0.135,0.135,0.12,0.12,2095607
MEE,20071214,0.37,0.37,0.345,0.355,454702
MEI,20071214,0.145,0.145,0.135,0.14,256000
MEL,20071214,1.16,1.16,1.125,1.14,269832
MEO,20071214,1.38,1.45,1.35,1.4,3340919
MEP,20071214,0.67,0.67,0.655,0.655,29346
MES,20071214,0.54,0.54,0.5,0.5,829600
MEU,20071214,0.14,0.14,0.13,0.135,164000
MFF,20071214,0.805,0.805,0.795,0.8,956541
MFG,20071214,1.65,1.685,1.64,1.65,40572
MFI,20071214,0.525,0.525,0.505,0.52,74096
MFS,20071214,5.26,5.29,5.17,5.2,3057545
MFT,20071214,0.925,0.925,0.9,0.91,1392353
MGO,20071214,0.38,0.39,0.38,0.39,97470
MGR,20071214,6.17,6.27,6.06,6.1,3102973
MGU,20071214,0.25,0.25,0.25,0.25,5150
MGW,20071214,1.63,1.645,1.6,1.62,107582
MGX,20071214,2.97,2.97,2.74,2.77,4002733
MHL,20071214,0.03,0.03,0.029,0.029,3844000
MHM,20071214,0.205,0.22,0.18,0.22,1531000
MIG,20071214,3.37,3.37,3.26,3.28,9344719
MIK,20071214,0.69,0.69,0.69,0.69,15749
MIN,20071214,5.65,5.65,5.51,5.56,61972
MIR,20071214,2.35,2.35,2.35,2.35,3975
MIS,20071214,5.02,5.05,4.95,4.96,418985
MIT,20071214,1.96,1.97,1.94,1.97,43295
MIX,20071214,0.78,0.795,0.75,0.75,1708639
MKY,20071214,0.065,0.066,0.064,0.065,4426402
MLB,20071214,3.6,3.6,3.45,3.45,75700
MLE,20071214,3.55,3.6,3.46,3.5,233850
MLI,20071214,0.64,0.645,0.635,0.64,237813
MLM,20071214,0.69,0.69,0.69,0.69,23888
MLS,20071214,0.097,0.097,0.095,0.096,1475123
MLT,20071214,22.9,22.9,22.61,22.61,4543
MLX,20071214,0.395,0.41,0.395,0.4,746086
MMA,20071214,0.925,0.93,0.925,0.925,138233
MMB,20071214,0.48,0.48,0.48,0.48,37301
MMG,20071214,4.3,4.39,4.26,4.26,466989
MML,20071214,1.42,1.42,1.41,1.41,141200
MMN,20071214,0.225,0.23,0.225,0.23,261570
MMR,20071214,0.13,0.13,0.13,0.13,27800
MMX,20071214,3.84,3.84,3.53,3.6,3374489
MNC,20071214,0.44,0.48,0.44,0.48,26563
MND,20071214,14.91,15,14,14.01,337819
MNM,20071214,0.235,0.235,0.215,0.215,360904
MOC,20071214,2.18,2.21,2.18,2.2,307147
MOF,20071214,1.59,1.595,1.51,1.51,6784108
MOG,20071214,0.175,0.175,0.16,0.16,285000
MOL,20071214,3.51,3.6,3.51,3.52,66089
MON,20071214,0.24,0.24,0.24,0.24,270000
MOO,20071214,0.215,0.215,0.21,0.21,15600
MOS,20071214,0.12,0.12,0.115,0.115,2560230
MOX,20071214,0.42,0.44,0.41,0.44,203000
MPA,20071214,0.017,0.017,0.017,0.017,50000
MPB,20071214,10.5,10.85,10,10,4099
MPF,20071214,1.325,1.34,1.325,1.335,102156
MPJ,20071214,0.01,0.011,0.009,0.01,10518108
MPO,20071214,0.94,0.94,0.855,0.87,615613
MPS,20071214,1.035,1.04,1.02,1.02,135970
MPY,20071214,0.815,0.815,0.775,0.785,439580
MQG,20071214,81.2,81.5,78.71,80.08,2003552
MRA,20071214,0.735,0.745,0.725,0.725,106600
MRB,20071214,0.065,0.07,0.065,0.07,60000
MRC,20071214,0.195,0.195,0.19,0.19,80370
MRE,20071214,6.67,6.67,6.35,6.35,1120606
MRM,20071214,2.1,2.1,1.975,1.99,269877
MRN,20071214,1.06,1.075,1.06,1.075,10000
MRO,20071214,0.9,0.9,0.89,0.89,64500
MRU,20071214,2.07,2.1,2.07,2.1,9000
MRX,20071214,0.12,0.12,0.115,0.115,1662354
MRY,20071214,0.028,0.028,0.025,0.025,300000
MRZ,20071214,1.41,1.42,1.41,1.415,385475
MSB,20071214,1.28,1.365,1.28,1.29,160800
MSC,20071214,0.017,0.018,0.016,0.018,1807973
MSF,20071214,2.77,2.77,2.75,2.75,7275
MSH,20071214,0.135,0.135,0.135,0.135,20000
MSL,20071214,3.05,3.15,3,3.15,183200
MSN,20071214,0.2,0.21,0.2,0.21,1129703
MST,20071214,0.098,0.099,0.097,0.098,521700
MTB,20071214,0.105,0.105,0.1,0.1,523548
MTH,20071214,0.25,0.25,0.25,0.25,49000
MTI,20071214,0.033,0.033,0.033,0.033,250000
MTN,20071214,2,2.5,1.79,2.4,817416
MTS,20071214,4.35,4.36,4.26,4.27,3952205
MUE,20071214,0.91,0.915,0.91,0.91,33408
MUN,20071214,0.77,0.79,0.755,0.79,95706
MUR,20071214,0.11,0.115,0.11,0.115,164500
MVH,20071214,0.14,0.14,0.14,0.14,77400
MVP,20071214,0.43,0.43,0.425,0.425,14300
MVU,20071214,0.49,0.49,0.49,0.49,1400
MWE,20071214,0.16,0.175,0.16,0.165,1155718
MWG,20071214,1.06,1.06,1.06,1.06,17512
MWN,20071214,0.36,0.36,0.36,0.36,2500
MWR,20071214,0.11,0.11,0.11,0.11,2215
MXI,20071214,0.645,0.67,0.64,0.645,457585
MXL,20071214,0.026,0.029,0.026,0.026,595937
MXR,20071214,0.19,0.195,0.185,0.185,133384
MXX,20071214,1.705,1.75,1.7,1.705,178000
MYG,20071214,0.155,0.155,0.155,0.155,3000
MYO,20071214,1.565,1.57,1.51,1.57,188576
MZM,20071214,0.245,0.245,0.245,0.245,25000
NAB,20071214,39.35,39.55,38.17,38.45,9102139
NAD,20071214,0.024,0.025,0.024,0.025,1466978
NAL,20071214,0.04,0.04,0.04,0.04,330000
NAM,20071214,0.42,0.42,0.42,0.42,21500
NAN,20071214,0.66,0.66,0.65,0.65,219900
NAV,20071214,0.89,0.9,0.88,0.88,86396
NBL,20071214,3.96,3.96,3.96,3.96,16187
NCM,20071214,33.7,34.24,32.8,33.25,1785834
NDO,20071214,0.31,0.32,0.305,0.31,1648816
NEC,20071214,2.05,2.06,1.97,1.97,31596
NEM,20071214,5.58,5.58,5.49,5.55,148567
NEO,20071214,0.061,0.062,0.06,0.062,528357
NEU,20071214,0.24,0.25,0.24,0.25,15651
NFE,20071214,2.57,2.57,2.36,2.43,5067118
NFK,20071214,1.98,2.01,1.96,1.98,109640
NFL,20071214,0.19,0.195,0.18,0.18,163540
NGF,20071214,0.495,0.5,0.475,0.475,257402
NGM,20071214,0.18,0.18,0.17,0.17,163000
NGY,20071214,0.17,0.17,0.16,0.17,128944
NHC,20071214,2.22,2.38,2.22,2.36,66527
NHF,20071214,1.15,1.165,1.15,1.155,361400
NHR,20071214,2.57,2.6,2.56,2.6,15276
NIP,20071214,0.96,0.96,0.87,0.87,19276
NKP,20071214,0.98,0.98,0.93,0.95,96000
NLG,20071214,0.13,0.13,0.125,0.13,2122823
NLX,20071214,2.37,2.38,2.31,2.31,43363
NME,20071214,0.33,0.34,0.3,0.3,394816
NMI,20071214,0.16,0.16,0.16,0.16,10373
NMR,20071214,1.04,1.08,1.04,1.04,204539
NOD,20071214,2.94,2.94,2.77,2.8,47851
NPH,20071214,3.3,3.3,3,3,16805
NRL,20071214,0.15,0.17,0.15,0.17,13503
NRT,20071214,1.33,1.34,1.3,1.34,22301
NRU,20071214,0.18,0.18,0.18,0.18,60000
NSL,20071214,0.027,0.027,0.027,0.027,200000
NSP,20071214,0.185,0.185,0.175,0.175,26770
NST,20071214,0.125,0.125,0.125,0.125,10000
NSX,20071214,0.34,0.34,0.34,0.34,4000
NTC,20071214,0.078,0.085,0.078,0.085,342202
NTU,20071214,0.62,0.62,0.62,0.62,10000
NUF,20071214,14.51,14.73,14.22,14.3,722874
NUP,20071214,0.33,0.34,0.33,0.34,11000
NVT,20071214,2.08,2.08,2.05,2.07,25830
NWA,20071214,0.023,0.023,0.023,0.023,450000
NWE,20071214,0.21,0.21,0.205,0.21,343500
NWH,20071214,3.11,3.15,2.81,2.92,1605781
NWK,20071214,0.165,0.165,0.165,0.165,19615
NWR,20071214,0.27,0.275,0.27,0.275,20000
NWS,20071214,24.42,24.55,24.2,24.28,1793583
NWT,20071214,0.009,0.009,0.009,0.009,5435555
NXS,20071214,1.66,1.66,1.58,1.58,838347
NZO,20071214,0.97,0.97,0.97,0.97,45260
OAK,20071214,1.59,1.6,1.59,1.6,3071
OBJ,20071214,0.04,0.04,0.04,0.04,20000
OBL,20071214,0.11,0.11,0.11,0.11,376
OCL,20071214,0.45,0.45,0.45,0.45,5000
OCO,20071214,0.051,0.051,0.049,0.049,1767248
ODN,20071214,0.17,0.17,0.17,0.17,20000
ODY,20071214,0.38,0.38,0.38,0.38,25000
OEC,20071214,0.29,0.29,0.285,0.285,49391
OEL,20071214,0.35,0.35,0.34,0.35,1474379
OEQ,20071214,1.375,1.375,1.37,1.37,5400
OEX,20071214,1.565,1.565,1.48,1.53,264234
OFG,20071214,2.37,2.41,2.37,2.38,6481
OGC,20071214,2.55,2.55,2.44,2.46,932694
OIF,20071214,0.83,0.835,0.82,0.835,419829
OIL,20071214,0.28,0.28,0.275,0.275,29500
OIP,20071214,0.15,0.15,0.135,0.135,1006500
OKN,20071214,6.33,6.35,6.25,6.31,523123
OKU,20071214,0.16,0.16,0.16,0.16,9450
OLE,20071214,0.026,0.026,0.026,0.026,72000
OLY,20071214,0.099,0.105,0.099,0.1,555600
OMH,20071214,1.855,1.86,1.83,1.83,138449
ONC,20071214,0.255,0.27,0.255,0.27,227878
ORD,20071214,0.445,0.47,0.405,0.415,267000
ORE,20071214,0.24,0.24,0.23,0.23,409679
ORG,20071214,8.96,8.97,8.75,8.85,1849205
ORH,20071214,0.09,0.09,0.081,0.081,11000
ORI,20071214,32,32.15,31.7,31.98,3300372
ORL,20071214,4.2,4.2,4,4,20007
ORO,20071214,0.021,0.022,0.02,0.022,1780000
ORP,20071214,0.064,0.064,0.058,0.058,895212
OSH,20071214,4.81,4.94,4.75,4.84,4161195
OST,20071214,6.24,6.25,6.11,6.16,3509999
OTI,20071214,0.07,0.07,0.07,0.07,2000
OVR,20071214,0.64,0.64,0.64,0.64,36300
OXR,20071214,3.9,3.93,3.78,3.8,11505159
OZB,20071214,0.1,0.1,0.1,0.1,13038
PAB,20071214,0.495,0.51,0.48,0.51,24100
PBA,20071214,1.055,1.055,1.02,1.03,59000
PBB,20071214,1.895,1.895,1.895,1.895,10650
PBD,20071214,2.1,2.12,1.99,2.05,172337
PBG,20071214,3.19,3.21,3.07,3.12,1239826
PBO,20071214,0.64,0.645,0.64,0.645,117453
PBP,20071214,1.43,1.43,1.4,1.43,94450
PBT,20071214,0.37,0.37,0.335,0.37,560250
PCG,20071214,1.39,1.395,1.39,1.395,312950
PCL,20071214,0.04,0.045,0.04,0.044,1213700
PCP,20071214,0.052,0.052,0.052,0.052,11000
PDM,20071214,0.135,0.15,0.135,0.15,129614
PDN,20071214,6.9,6.9,6.67,6.67,1880128
PDO,20071214,0.575,0.58,0.565,0.565,389300
PDZ,20071214,1.21,1.21,1.165,1.185,286931
PEK,20071214,0.115,0.115,0.11,0.115,112500
PEL,20071214,0.235,0.235,0.235,0.235,27759
PEM,20071214,3.36,3.37,3.22,3.26,1620956
PEN,20071214,0.046,0.047,0.045,0.047,2529938
PEO,20071214,0.056,0.056,0.056,0.056,83200
PES,20071214,0.81,0.81,0.795,0.8,139089
PET,20071214,0.96,0.96,0.96,0.96,5000
PEV,20071214,0.084,0.084,0.084,0.084,5000
PEX,20071214,0.265,0.265,0.265,0.265,19250
PFG,20071214,0.78,0.78,0.775,0.78,19100
PFL,20071214,1.515,1.56,1.515,1.56,12070
PGA,20071214,6.69,6.69,6.69,6.69,6
PGL,20071214,2.47,2.65,2.47,2.54,145584
PGM,20071214,1.17,1.17,1.155,1.155,41500
PGS,20071214,0.17,0.17,0.165,0.165,217883
PHL,20071214,0.29,0.36,0.29,0.36,34618
PIE,20071214,0.105,0.11,0.1,0.1,430278
PIM,20071214,0.9,0.9,0.9,0.9,12284
PIO,20071214,0.225,0.225,0.215,0.215,57000
PKT,20071214,0.056,0.058,0.055,0.058,1604126
PLA,20071214,2.44,2.47,2.35,2.41,415409
PLD,20071214,0.195,0.195,0.195,0.195,17727
PLI,20071214,0.79,0.795,0.78,0.78,35441
PLT,20071214,0.405,0.405,0.4,0.4,43654
PLV,20071214,2.15,2.2,2.15,2.2,215461
PMA,20071214,1.85,1.85,1.745,1.75,68800
PMC,20071214,1.67,1.69,1.66,1.69,174505
PMH,20071214,0.32,0.32,0.31,0.31,34327
PMM,20071214,10.68,10.76,10.2,10.59,9571
PMP,20071214,1.935,1.96,1.835,1.88,1171043
PMV,20071214,8.6,8.6,8.6,8.6,300293
PNA,20071214,1.025,1.025,0.985,1,11732571
PNN,20071214,1.17,1.17,1.1,1.1,12881
PNO,20071214,0.013,0.013,0.013,0.013,379000
POH,20071214,0.225,0.235,0.225,0.235,468466
POL,20071214,0.64,0.65,0.61,0.61,96837
POS,20071214,1.07,1.07,0.99,1,328685
PPC,20071214,4.2,4.2,4.14,4.14,10312
PPD,20071214,0.19,0.205,0.185,0.205,64000
PPG,20071214,0.47,0.47,0.47,0.47,29893
PPK,20071214,0.82,0.825,0.82,0.82,18567
PPP,20071214,0.255,0.255,0.24,0.245,629058
PPS,20071214,0.82,0.82,0.8,0.8,40500
PPT,20071214,67.45,67.45,66,66,218106
PPX,20071214,2.72,2.72,2.53,2.57,2150502
PPY,20071214,0.76,0.76,0.76,0.76,4150
PRC,20071214,1,1,0.99,1,15650
PRE,20071214,0.055,0.057,0.054,0.054,15637160
PRG,20071214,5.4,5.4,5.22,5.33,86060
PRR,20071214,0.022,0.024,0.022,0.024,770000
PRT,20071214,3.65,3.68,3.65,3.65,43204
PRU,20071214,1.455,1.51,1.435,1.47,196010
PRV,20071214,1.155,1.155,1.14,1.145,136353
PRW,20071214,0.63,0.64,0.61,0.61,450955
PRY,20071214,12.2,12.34,11.98,12.11,202801
PSA,20071214,1.65,1.665,1.615,1.625,245086
PSD,20071214,0.084,0.085,0.083,0.085,358550
PSH,20071214,1.5,1.5,1.48,1.48,81878
PSP,20071214,0.085,0.085,0.085,0.085,350000
PST,20071214,0.75,0.75,0.75,0.75,10000
PSV,20071214,0.19,0.195,0.19,0.19,782765
PTM,20071214,4.99,5.05,4.98,5,350792
PTN,20071214,0.87,0.88,0.86,0.86,181324
PTR,20071214,1.125,1.19,1.12,1.14,60897
PTS,20071214,0.26,0.275,0.255,0.275,60000
PVE,20071214,1.4,1.66,1.4,1.66,49991
PWK,20071214,4.75,4.75,4.65,4.7,113396
PWR,20071214,0.24,0.24,0.24,0.24,333
PXL,20071214,0.225,0.225,0.225,0.225,16164
PXR,20071214,0.078,0.078,0.078,0.078,8000
PXS,20071214,4.11,4.19,4.06,4.11,234645
PYC,20071214,0.21,0.21,0.205,0.205,170270
PYM,20071214,0.505,0.53,0.48,0.53,567875
QAN,20071214,5.89,5.92,5.77,5.82,11119243
QBE,20071214,32.58,33.02,32.01,32.35,2038039
QED,20071214,0.03,0.031,0.03,0.031,200000
QFX,20071214,0.155,0.16,0.155,0.16,80000
QGC,20071214,3.35,3.36,3.03,3.07,1464215
QHL,20071214,0.585,0.585,0.57,0.575,70710
QMG,20071214,0.13,0.135,0.13,0.135,112168
QML,20071214,0.32,0.32,0.3,0.3,63113
QMT,20071214,2.71,2.75,2.71,2.73,26111
QOL,20071214,0.28,0.28,0.275,0.275,298006
QRS,20071214,0.17,0.17,0.16,0.16,80947
QRX,20071214,1.21,1.225,1.21,1.225,34523
QTK,20071214,0.053,0.056,0.052,0.053,102600
QTM,20071214,0.079,0.079,0.076,0.076,24000
QUR,20071214,0.024,0.024,0.022,0.022,1352368
RAT,20071214,0.905,0.905,0.88,0.88,508733
RAU,20071214,0.12,0.12,0.11,0.11,16614608
RAW,20071214,0.12,0.125,0.12,0.125,32967
RBM,20071214,0.08,0.081,0.079,0.081,856460
RBX,20071214,0.18,0.18,0.18,0.18,21150
RBY,20071214,0.018,0.019,0.018,0.019,1100000
RCG,20071214,0.4,0.4,0.4,0.4,25000
RCH,20071214,0.035,0.035,0.033,0.033,1962000
RCI,20071214,0.23,0.23,0.2,0.2,8000
RCM,20071214,0.18,0.18,0.18,0.18,3500
RCR,20071214,2.41,2.41,2.25,2.3,211645
RCT,20071214,3.55,3.55,3.55,3.55,4340
RCY,20071214,0.85,0.855,0.845,0.85,153355
RDF,20071214,3.4,3.4,3.35,3.36,40377
RDM,20071214,0.35,0.35,0.31,0.31,139615
RDR,20071214,0.96,0.96,0.88,0.9,591032
RDS,20071214,0.66,0.67,0.65,0.67,84500
REA,20071214,7.18,7.22,7.11,7.18,2093
RED,20071214,0.13,0.14,0.125,0.135,447080
REF,20071214,4.18,4.2,4.1,4.1,949125
REH,20071214,27.55,27.55,26.7,26.87,5273
REO,20071214,0.032,0.032,0.032,0.032,300000
REU,20071214,0.7,0.7,0.67,0.69,4285166
REX,20071214,2.08,2.08,2.01,2.02,57538
RFE,20071214,0.53,0.545,0.49,0.545,325854
RFG,20071214,1.8,1.8,1.76,1.76,1041993
RHC,20071214,11.69,11.77,11.5,11.65,343323
RHD,20071214,0.55,0.55,0.55,0.55,12000
RHE,20071214,0.36,0.36,0.35,0.36,254000
RHG,20071214,0.32,0.325,0.31,0.32,3214048
RHI,20071214,5.22,5.22,5.2,5.2,15908
RHT,20071214,0.018,0.018,0.018,0.018,375000
RIA,20071214,0.52,0.52,0.515,0.515,35700
RIC,20071214,1.155,1.16,1.13,1.155,106271
RIM,20071214,0.049,0.052,0.049,0.052,297000
RIO,20071214,138,139.69,135,137.24,2812359
RIV,20071214,10.78,10.87,10.65,10.65,472526
RJT,20071214,0.81,0.81,0.805,0.805,919775
RKN,20071214,1.355,1.36,1.345,1.36,9972
RLA,20071214,0.098,0.098,0.097,0.097,69520
RLC,20071214,0.135,0.135,0.135,0.135,15000
RMA,20071214,0.017,0.017,0.016,0.017,540293
RMC,20071214,0.2,0.215,0.2,0.215,5000
RMD,20071214,5.52,5.52,5.34,5.35,2628162
RMG,20071214,0.024,0.024,0.023,0.024,1050000
RMI,20071214,0.059,0.059,0.056,0.056,1318065
RML,20071214,0.29,0.295,0.29,0.29,112178
RMP,20071214,0.32,0.32,0.32,0.32,11750
RMS,20071214,1.285,1.295,1.27,1.27,78419
RMT,20071214,1.6,1.75,1.6,1.75,27442
RNC,20071214,0.068,0.068,0.067,0.067,60000
RNG,20071214,0.039,0.042,0.039,0.042,367888
RNY,20071214,0.67,0.7,0.67,0.68,264049
ROC,20071214,2.94,2.94,2.8,2.83,1637176
ROG,20071214,0.083,0.083,0.082,0.082,25000
ROK,20071214,4.68,4.68,4.55,4.55,9015
ROY,20071214,0.36,0.36,0.345,0.355,485762
RPG,20071214,1.1,1.1,1.1,1.1,2000
RPM,20071214,0.052,0.052,0.051,0.051,62000
RPX,20071214,1.65,1.65,1.65,1.65,34000
RRA,20071214,0.8,0.82,0.8,0.82,229700
RRL,20071214,0.76,0.78,0.735,0.735,99104
RRS,20071214,0.45,0.47,0.445,0.45,531124
RRT,20071214,0.7,0.7,0.665,0.685,548284
RSG,20071214,1.67,1.69,1.63,1.69,135620
RSL,20071214,0.021,0.024,0.021,0.021,57848402
RSN,20071214,0.04,0.044,0.04,0.044,25000
RSP,20071214,3.02,3.02,2.99,3,4226828
RUB,20071214,0.84,0.84,0.8,0.8,187858
RUM,20071214,0.19,0.19,0.19,0.19,20000
RVR,20071214,0.315,0.315,0.29,0.29,40000
RWD,20071214,0.63,0.63,0.63,0.63,10000
RXL,20071214,0.115,0.115,0.105,0.105,229330
RXM,20071214,0.44,0.44,0.42,0.42,49911
SAE,20071214,0.58,0.59,0.57,0.57,321618
SAI,20071214,2.95,3,2.91,3,147923
SAQ,20071214,6.5,6.5,6.5,6.5,151238
SAR,20071214,0.39,0.39,0.38,0.38,46000
SAU,20071214,0.4,0.4,0.38,0.38,203169
SBI,20071214,0.08,0.084,0.08,0.08,96296
SBL,20071214,0.036,0.036,0.035,0.035,661656
SBM,20071214,0.72,0.72,0.67,0.7,3723443
SBP,20071214,0.033,0.033,0.033,0.033,1000000
SBR,20071214,0.35,0.35,0.33,0.33,10000
SBS,20071214,0.082,0.083,0.078,0.08,1021025
SCE,20071214,0.02,0.02,0.02,0.02,17999
SDG,20071214,4.33,4.39,4.26,4.33,967914
SDI,20071214,0.41,0.41,0.41,0.41,6000
SDL,20071214,0.47,0.475,0.455,0.455,7722406
SDM,20071214,3,3,2.85,2.98,25341
SEA,20071214,0.46,0.46,0.46,0.46,129481
SEK,20071214,8.4,8.48,8.09,8.09,405060
SEN,20071214,0.088,0.088,0.087,0.088,220354
SEV,20071214,13.27,13.47,13.14,13.19,453903
SEY,20071214,0.245,0.245,0.245,0.245,70000
SFC,20071214,9.4,9.4,9.4,9.4,1200
SFH,20071214,1.55,1.56,1.535,1.555,301763
SFP,20071214,0.27,0.27,0.27,0.27,7500
SFR,20071214,0.37,0.37,0.34,0.34,110000
SFY,20071214,64.64,64.64,62.25,62.25,820
SGB,20071214,35.5,35.78,34.51,35.16,1662374
SGH,20071214,1.71,1.71,1.71,1.71,2300
SGL,20071214,0.385,0.39,0.37,0.375,454943
SGM,20071214,27.84,28.19,26.5,27.34,441004
SGN,20071214,2.29,2.35,2.27,2.33,530716
SGP,20071214,9.05,9.05,8.78,8.87,4269778
SGT,20071214,3.07,3.09,3.05,3.05,3431787
SGX,20071214,6.6,6.65,6.5,6.6,618876
SHC,20071214,0.155,0.155,0.15,0.15,24000
SHE,20071214,0.38,0.38,0.36,0.38,68813
SHG,20071214,1.825,1.85,1.76,1.76,401315
SHL,20071214,16.68,16.87,16.41,16.54,1313650
SHV,20071214,7.39,7.4,7.25,7.4,40388
SHX,20071214,0.35,0.35,0.34,0.34,106000
SIM,20071214,0.76,0.785,0.76,0.785,29760
SIP,20071214,1.61,1.61,1.555,1.555,2514159
SIV,20071214,1.45,1.45,1.45,1.45,19547
SKC,20071214,4.11,4.11,4.05,4.08,716036
SKE,20071214,5.41,5.41,5.27,5.34,55831
SKI,20071214,1.99,2.03,1.98,1.99,1814397
SKS,20071214,0.55,0.55,0.55,0.55,5000
SKT,20071214,5.1,5.1,5.1,5.1,51775
SLA,20071214,1.13,1.165,1.125,1.165,29689
SLF,20071214,21.73,21.73,21.2,21.2,16428
SLM,20071214,4.09,4.11,4.04,4.04,108969
SLR,20071214,0.38,0.4,0.38,0.39,1367333
SLT,20071214,0.02,0.02,0.02,0.02,4
SLV,20071214,2.5,2.59,2.45,2.55,28376
SLX,20071214,6.54,6.61,6.4,6.4,178145
SMD,20071214,0.34,0.34,0.34,0.34,167780
SML,20071214,0.048,0.049,0.047,0.048,921142
SMM,20071214,2.9,2.95,2.85,2.85,25167
SMN,20071214,0.14,0.14,0.14,0.14,50000
SMX,20071214,7.8,7.82,7.66,7.75,184642
SMY,20071214,5.45,5.58,5.3,5.31,927931
SND,20071214,0.71,0.71,0.7,0.7,100000
SNO,20071214,0.715,0.715,0.715,0.715,20000
SNU,20071214,0.2,0.2,0.2,0.2,12978
SNV,20071214,0.19,0.19,0.19,0.19,209474
SOE,20071214,0.235,0.24,0.235,0.235,231785
SOL,20071214,9.2,9.2,9.02,9.02,56931
SOM,20071214,0.02,0.02,0.02,0.02,1275000
SOO,20071214,0.105,0.11,0.1,0.11,75115
SOT,20071214,0.44,0.45,0.43,0.45,195783
SPH,20071214,3.19,3.33,3.11,3.33,114828
SPI,20071214,0.22,0.22,0.19,0.19,846972
SPL,20071214,0.385,0.385,0.385,0.385,10000
SPN,20071214,1.29,1.29,1.23,1.26,1724089
SPQ,20071214,0.185,0.2,0.185,0.2,22000
SPT,20071214,4.63,4.64,4.37,4.47,1548380
SRA,20071214,0.045,0.045,0.043,0.043,1152500
SRH,20071214,3.12,3.15,3.08,3.08,24000
SRI,20071214,0.125,0.13,0.125,0.125,744167
SRK,20071214,2.1,2.15,2.06,2.06,263073
SRL,20071214,6.6,6.67,6.3,6.3,881501
SRR,20071214,0.155,0.155,0.15,0.15,75101
SRV,20071214,5.05,5.1,4.9,4.95,23503
SRX,20071214,4.75,4.75,4.6,4.7,19156
SRZ,20071214,0.26,0.26,0.25,0.255,317500
SSC,20071214,0.041,0.043,0.041,0.043,128990
SSI,20071214,1.05,1.05,1.05,1.05,6727
SSM,20071214,1.845,1.85,1.755,1.795,830462
SSN,20071214,0.195,0.195,0.19,0.19,120117
STB,20071214,0.16,0.16,0.16,0.16,100000
STC,20071214,0.62,0.62,0.62,0.62,51878
STG,20071214,0.93,0.93,0.92,0.92,96217
STI,20071214,0.056,0.056,0.056,0.056,208650
STO,20071214,14.42,14.42,14.03,14.17,2358522
STP,20071214,0.105,0.105,0.105,0.105,40000
STS,20071214,3.65,3.68,3.6,3.68,16667
STU,20071214,1.14,1.14,1.105,1.105,77716
STW,20071214,64.22,64.31,63,63.31,151291
STX,20071214,0.28,0.28,0.265,0.265,439840
SUL,20071214,4.18,4.22,4.15,4.2,54001
SUN,20071214,19.18,19.18,18.27,18.48,4862852
SUR,20071214,0.13,0.135,0.125,0.13,2874889
SVC,20071214,0.245,0.245,0.245,0.245,15000
SVL,20071214,0.185,0.185,0.18,0.18,60000
SWG,20071214,0.011,0.012,0.011,0.012,2336000
SWK,20071214,1.75,1.75,1.71,1.71,506030
SWN,20071214,0.24,0.24,0.23,0.23,70000
SXE,20071214,1.7,1.71,1.68,1.71,175471
SXP,20071214,0.235,0.24,0.235,0.235,75565
SXX,20071214,0.055,0.055,0.055,0.055,2000
SYB,20071214,4.08,4.08,4.04,4.04,671059
SYG,20071214,0.023,0.023,0.022,0.022,2005656
SYL,20071214,5.14,5.21,5.14,5.21,12790
SYM,20071214,0.545,0.545,0.52,0.525,128140
SYP,20071214,0.725,0.725,0.72,0.72,1300
TAH,20071214,15.05,15.3,14.91,14.99,2120832
TAL,20071214,2.83,2.85,2.74,2.74,529885
TAM,20071214,0.13,0.14,0.13,0.135,1751004
TAN,20071214,0.43,0.43,0.43,0.43,5000
TAP,20071214,2.33,2.34,2.25,2.26,1339014
TAS,20071214,0.195,0.195,0.195,0.195,12000
TBG,20071214,1.94,1.94,1.94,1.94,39087
TBR,20071214,2.15,2.15,2.15,2.15,3500
TCL,20071214,7.15,7.27,7.12,7.17,2286409
TCQ,20071214,2.36,2.36,2.34,2.34,69701
TDI,20071214,0.75,0.75,0.75,0.75,30000
TDO,20071214,0.65,0.65,0.65,0.65,17786
TDR,20071214,0.027,0.028,0.027,0.027,1373300
TEL,20071214,3.86,3.93,3.86,3.91,3236109
TEN,20071214,2.94,2.98,2.92,2.92,1544938
TEU,20071214,0.195,0.195,0.19,0.195,451315
TEY,20071214,0.62,0.66,0.615,0.66,261692
TFC,20071214,1.2,1.23,1.16,1.16,96073
TGF,20071214,0.5,0.5,0.49,0.49,23000
TGG,20071214,1.295,1.31,1.295,1.305,152103
TGP,20071214,2.15,2.15,2.11,2.13,14104
TGR,20071214,4.08,4.12,3.84,3.9,337605
TGS,20071214,0.375,0.375,0.365,0.365,130000
THG,20071214,1.115,1.115,1.1,1.115,371173
THO,20071214,1.1,1.1,1.1,1.1,98272
THR,20071214,0.215,0.215,0.215,0.215,51250
THX,20071214,0.42,0.42,0.41,0.41,151000
TIM,20071214,1.545,1.56,1.465,1.48,2739238
TIS,20071214,0.45,0.47,0.42,0.42,15158
TJN,20071214,1,1,1,1,9600
TKG,20071214,0.55,0.59,0.55,0.56,29176
TKL,20071214,0.25,0.25,0.25,0.25,72796
TLS,20071214,4.72,4.77,4.66,4.71,36887205
TMR,20071214,0.26,0.265,0.255,0.255,1643705
TMX,20071214,0.17,0.18,0.165,0.17,275738
TNC,20071214,0.028,0.028,0.027,0.027,1480295
TNE,20071214,1.12,1.12,1.085,1.085,27330
TNG,20071214,0.44,0.44,0.425,0.435,20315
TNL,20071214,0.46,0.47,0.46,0.47,20000
TOE,20071214,0.47,0.48,0.46,0.475,217879
TOL,20071214,13.37,13.44,13.02,13.06,1750121
TOX,20071214,2.46,2.46,2.41,2.46,101901
TPC,20071214,0.13,0.13,0.13,0.13,250000
TPI,20071214,11.16,11.17,10.69,10.69,1066048
TPX,20071214,6.1,6.1,6.1,6.1,500
TQH,20071214,0.3,0.3,0.3,0.3,1000
TRF,20071214,1.005,1.035,0.955,1,101950
TRG,20071214,16.35,16.6,16.17,16.17,9129
TRH,20071214,0.63,0.63,0.55,0.57,208220
TRM,20071214,0.16,0.16,0.16,0.16,10000
TRO,20071214,1,1.07,0.99,0.99,109000
TRS,20071214,13.05,13.11,13.05,13.1,31173
TRY,20071214,3.2,3.2,3.02,3.02,66930
TSE,20071214,14.6,14.61,14.14,14.25,564994
TSH,20071214,0.395,0.395,0.395,0.395,15000
TSI,20071214,1.99,2,1.925,1.975,398328
TSM,20071214,1.93,1.93,1.93,1.93,3949
TSO,20071214,1.81,1.815,1.78,1.805,7041382
TSV,20071214,0.023,0.023,0.022,0.022,920000
TTI,20071214,0.135,0.135,0.12,0.125,641256
TTR,20071214,0.115,0.12,0.115,0.12,325950
TTS,20071214,3.98,4,3.95,3.96,2915793
TTV,20071214,0.091,0.091,0.091,0.091,20000
TTY,20071214,1.42,1.445,1.32,1.32,846936
TUC,20071214,0.23,0.23,0.23,0.23,12500
TVL,20071214,0.55,0.55,0.55,0.55,20600
TWD,20071214,3.2,3.2,3.2,3.2,2100
TWO,20071214,2.73,2.78,2.7,2.7,40010
TWR,20071214,1.99,2.05,1.99,2.03,495183
TXN,20071214,0.57,0.57,0.55,0.555,124600
TZL,20071214,4.16,4.16,4.05,4.05,51854
TZN,20071214,3.4,3.53,3.17,3.38,304166
UBI,20071214,1.45,1.45,1.4,1.4,147200
UCL,20071214,0.018,0.018,0.018,0.018,1659600
UCM,20071214,0.28,0.28,0.28,0.28,80000
UEQ,20071214,0.23,0.23,0.195,0.195,867000
UGL,20071214,20,20.35,19.45,19.47,702643
UKL,20071214,0.55,0.55,0.54,0.55,119430
UMC,20071214,1.14,1.14,1.06,1.11,421710
UMS,20071214,1.45,1.45,1.4,1.4,119824
UNI,20071214,0.35,0.35,0.33,0.34,429655
UNW,20071214,0.5,0.5,0.5,0.5,94200
UNX,20071214,0.935,0.985,0.91,0.985,185385
UOG,20071214,0.11,0.11,0.11,0.11,10000
URA,20071214,0.26,0.26,0.26,0.26,43043
URL,20071214,0.09,0.092,0.09,0.092,698654
URO,20071214,0.2,0.21,0.2,0.205,746177
USA,20071214,0.29,0.295,0.28,0.285,683486
UTO,20071214,0.365,0.365,0.35,0.35,81090
UUL,20071214,0.145,0.145,0.14,0.145,120200
UXA,20071214,0.305,0.305,0.26,0.285,268986
UXC,20071214,2.13,2.14,2.08,2.08,59053
VBA,20071214,2.2,2.21,2.16,2.19,216327
VCN,20071214,0.385,0.395,0.37,0.37,351795
VCR,20071214,0.655,0.655,0.645,0.65,337411
VGH,20071214,3.29,3.29,3.22,3.25,284651
VGP,20071214,0.085,0.085,0.085,0.085,642363
VHL,20071214,0.078,0.078,0.077,0.077,72511
VIE,20071214,0.48,0.48,0.48,0.48,550
VIR,20071214,0.94,0.955,0.94,0.95,45607
VKI,20071214,1.065,1.065,1.065,1.065,98326
VLA,20071214,0.085,0.085,0.082,0.085,338328
VMG,20071214,2.71,2.71,2.67,2.68,52630
VML,20071214,0.82,0.84,0.815,0.84,47150
VMS,20071214,0.33,0.34,0.32,0.34,47987
VMT,20071214,0.135,0.135,0.13,0.13,67690
VNS,20071214,0.4,0.4,0.39,0.4,41488
VPE,20071214,0.15,0.15,0.145,0.145,1231354
VPG,20071214,1.6,1.6,1.485,1.52,15581323
VRE,20071214,0.215,0.22,0.195,0.2,3572044
VRL,20071214,3.1,3.15,3.08,3.15,22327
VSC,20071214,0.155,0.155,0.155,0.155,115801
VSG,20071214,0.016,0.016,0.016,0.016,1747400
VTP,20071214,1.33,1.34,1.31,1.34,156130
WAB,20071214,0.835,0.835,0.835,0.835,10132
WAG,20071214,0.016,0.016,0.016,0.016,428000
WAM,20071214,1.79,1.8,1.775,1.79,163854
WAN,20071214,12.2,12.48,12.1,12.21,526800
WAT,20071214,1.05,1.05,1.05,1.05,6500
WBA,20071214,1.95,1.95,1.95,1.95,14500
WBB,20071214,12.1,12.2,12.02,12.2,9043
WBC,20071214,29.5,29.84,28.65,29,7666290
WCB,20071214,5.4,5.4,5.2,5.4,5902
WCL,20071214,0.48,0.48,0.47,0.47,51550
WCN,20071214,0.29,0.29,0.22,0.25,2855183
WCP,20071214,0.135,0.135,0.125,0.125,2286000
WDC,20071214,21.08,21.08,20.4,20.77,6003321
WDR,20071214,0.245,0.245,0.24,0.24,24178
WDS,20071214,2.94,2.95,2.89,2.89,205996
WEB,20071214,1.75,1.75,1.73,1.73,43128
WEC,20071214,2.88,2.92,2.85,2.91,14636
WES,20071214,42.16,42.28,41.45,41.54,2209186
WEZ,20071214,0.09,0.09,0.087,0.087,255479
WFL,20071214,1.74,1.75,1.74,1.74,27511
WGP,20071214,0.115,0.115,0.115,0.115,192400
WGR,20071214,0.32,0.32,0.32,0.32,145000
WHC,20071214,3.03,3.12,3,3.02,51405
WHE,20071214,1.53,1.555,1.485,1.505,107360
WHF,20071214,4.52,4.6,4.52,4.6,18073
WHG,20071214,2.37,2.39,2.34,2.37,158723
WHN,20071214,0.13,0.13,0.125,0.125,144297
WHS,20071214,5.6,5.6,5.49,5.49,48563
WIG,20071214,3.45,3.5,3.45,3.47,11712
WIL,20071214,1.07,1.08,1.07,1.07,125000
WKR,20071214,0.33,0.33,0.33,0.33,110000
WLF,20071214,2.45,2.5,2.42,2.45,27646
WME,20071214,0.33,0.33,0.31,0.32,472384
WMT,20071214,0.145,0.145,0.135,0.135,12840426
WOR,20071214,51.7,51.7,50.5,50.91,694500
WOW,20071214,34.44,34.79,34.39,34.66,3251726
WPG,20071214,1.77,1.77,1.75,1.75,32569
WPL,20071214,47.8,48.08,47.2,47.61,1561788
WRK,20071214,0.475,0.475,0.45,0.47,382000
WSA,20071214,5.89,5.89,5.63,5.67,464776
WTE,20071214,0.12,0.125,0.12,0.12,222000
WTF,20071214,5.41,5.45,5.26,5.26,384221
WTP,20071214,4.82,4.82,4.64,4.64,85487
WWA,20071214,3.23,3.28,3.23,3.28,3000
WWM,20071214,0.21,0.21,0.21,0.21,311113
WWW,20071214,0.37,0.37,0.37,0.37,89252
WYL,20071214,2.63,2.63,2.58,2.6,644797
XAF,20071214,6311.8,6311.8,6311.8,6311.8,0
XAO,20071214,6652.1,6661.1,6534.5,6556.1,0
XAT,20071214,649710,649710,649710,649710,0
XBL,20071214,0.16,0.16,0.16,0.16,12500
XDJ,20071214,2762,2776.8,2727.6,2733.5,0
XEJ,20071214,15532.3,15536.6,15177.8,15220.3,0
XEN,20071214,0.095,0.095,0.095,0.095,50000
XFJ,20071214,7136.9,7164.3,6999.8,7041,0
XFL,20071214,6395.9,6409.8,6280.9,6314.9,0
XGD,20071214,6127.1,6127.1,6127.1,6127.1,0
XHJ,20071214,9622.1,9670.3,9491.9,9491.9,0
XIJ,20071214,601.7,609.8,596.4,599.5,0
XJO,20071214,6587.2,6597.6,6466.7,6491.7,0
XKO,20071214,6601.9,6612,6482,6505.3,0
XMD,20071214,6728,6734.9,6595.9,6603.6,0
XMJ,20071214,15631.1,15742.2,15232.2,15332,0
XMM,20071214,5404.3,5404.3,5404.3,5404.3,0
XNJ,20071214,6918.1,6934.2,6783,6802.7,0
XPJ,20071214,2338.9,2342.3,2278.4,2291.7,0
XRF,20071214,0.1,0.1,0.1,0.1,0
XSJ,20071214,9059.4,9059.4,8960.9,8980.7,0
XSO,20071214,3996.1,4004.5,3903.3,3903.3,0
XST,20071214,0.14,0.14,0.14,0.14,60000
XTJ,20071214,1683.7,1702.8,1664.8,1679.8,0
XTL,20071214,3611.7,3626.3,3546.7,3569.7,0
XTO,20071214,5322.5,5331.9,5226.7,5250.4,0
XUJ,20071214,6911.5,6932,6784.5,6802.7,0
XXJ,20071214,7443.1,7504.5,7310.3,7357.2,0
YRR,20071214,0.195,0.195,0.19,0.19,110000
YTC,20071214,1.15,1.23,1.105,1.16,154934
ZFX,20071214,14.25,14.38,13.97,14.05,8075354
ZGL,20071214,0.48,0.49,0.47,0.49,85400
ZGM,20071214,0.11,0.115,0.11,0.115,200000
ZIM,20071214,13.6,13.85,13,13,15782
ZMG,20071214,0.41,0.41,0.41,0.41,4000
ZNC,20071214,0.2,0.2,0.195,0.195,38246
ZRL,20071214,0.465,0.465,0.45,0.45,140000
ZYL,20071214,0.062,0.062,0.06,0.06,812718
