AAC,20070302,2.35,2.4,2.35,2.39,308512
AAE,20070302,0.34,0.34,0.325,0.325,42186
AAM,20070302,0.19,0.19,0.18,0.185,288900
AAN,20070302,14.06,14.23,14.06,14.11,1559660
AAO,20070302,0.205,0.205,0.2,0.2,21350
AAQ,20070302,0.54,0.55,0.535,0.535,108550
AAR,20070302,0.06,0.061,0.059,0.059,1932876
AAT,20070302,0.082,0.082,0.082,0.082,25000
AAU,20070302,0.53,0.53,0.52,0.53,299130
AAX,20070302,5.81,5.84,5.7,5.82,171773
ABB,20070302,7.4,7.54,7.39,7.45,190507
ABC,20070302,3.28,3.34,3.28,3.32,1246926
ABJ,20070302,0.255,0.27,0.255,0.265,41075
ABP,20070302,1.93,1.93,1.855,1.895,853920
ABQ,20070302,0.29,0.305,0.29,0.29,133000
ABS,20070302,6.87,6.9,6.7,6.76,2602118
ABU,20070302,0.125,0.135,0.125,0.135,1783726
ABY,20070302,2.18,2.18,2.15,2.15,255068
ACB,20070302,1.52,1.55,1.41,1.41,270219
ACE,20070302,0.265,0.265,0.25,0.25,306857
ACL,20070302,1.15,1.16,1.1,1.11,176959
ACR,20070302,1.19,1.21,1.17,1.18,667735
ADA,20070302,0.645,0.645,0.645,0.645,50000
ADB,20070302,13.48,13.5,13.37,13.44,520934
ADG,20070302,3.52,3.52,3.5,3.5,7610
ADI,20070302,0.775,0.8,0.755,0.8,314705
ADL,20070302,0.079,0.091,0.079,0.08,260648
ADN,20070302,0.525,0.525,0.49,0.5,126000
ADS,20070302,0.15,0.155,0.145,0.145,415967
ADX,20070302,0.12,0.125,0.12,0.12,40000
ADY,20070302,0.13,0.13,0.125,0.13,3683431
ADZ,20070302,2.52,2.53,2.52,2.52,404400
AEC,20070302,3.78,3.84,3.75,3.84,42151
AED,20070302,4.89,4.89,4.72,4.76,149093
AEE,20070302,0.5,0.5,0.475,0.475,233850
AEF,20070302,45.5,45.5,45.5,45.5,100
AEM,20070302,0.031,0.031,0.031,0.031,5000
AEO,20070302,2.1,2.13,2.1,2.12,297799
AEP,20070302,4.12,4.14,4.1,4.14,51400
AET,20070302,0.9,0.9,0.86,0.86,44914
AEU,20070302,1.86,1.87,1.85,1.87,191408
AEX,20070302,0.042,0.045,0.042,0.043,10118732
AEZ,20070302,1.21,1.22,1.205,1.205,685161
AFG,20070302,10.4,10.5,10.35,10.45,1922002
AFI,20070302,5.34,5.34,5.22,5.25,298234
AFT,20070302,0.01,0.01,0.01,0.01,504000
AGC,20070302,1.78,1.8,1.75,1.77,869662
AGF,20070302,1.125,1.14,1.115,1.115,309809
AGG,20070302,11.28,11.28,11.05,11.05,850
AGI,20070302,0.56,0.56,0.56,0.56,39568
AGK,20070302,15.6,15.75,15.4,15.61,1607730
AGM,20070302,0.63,0.63,0.58,0.6,4090763
AGO,20070302,0.575,0.59,0.575,0.58,574186
AGP,20070302,3.1,3.1,3.1,3.1,407
AGS,20070302,1.745,1.76,1.705,1.705,492693
AGX,20070302,0.125,0.125,0.12,0.125,209170
AGY,20070302,0.11,0.13,0.11,0.11,1252700
AHD,20070302,6.31,6.31,6.16,6.28,7639
AHE,20070302,2.81,2.9,2.8,2.89,54442
AHI,20070302,3.79,3.85,3.79,3.85,117631
AHN,20070302,0.255,0.255,0.255,0.255,9941
AHO,20070302,0.35,0.35,0.35,0.35,26000
AHS,20070302,0.78,0.8,0.78,0.8,796983
AIA,20070302,2,2.03,2,2.03,477846
AIE,20070302,0.37,0.37,0.365,0.37,88400
AII,20070302,0.175,0.175,0.17,0.17,124650
AIM,20070302,0.24,0.255,0.23,0.25,7157123
AIV,20070302,0.115,0.115,0.115,0.115,60000
AIX,20070302,2.62,2.67,2.62,2.64,458003
AIZ,20070302,2.05,2.05,2.02,2.03,776031
AJL,20070302,1.13,1.15,1.1,1.11,204451
AKK,20070302,0.68,0.69,0.63,0.64,601594
ALB,20070302,2.14,2.14,2.1,2.1,1374145
ALD,20070302,0.325,0.325,0.325,0.325,184000
ALE,20070302,0.02,0.024,0.02,0.024,140000
ALK,20070302,0.23,0.24,0.22,0.24,388869
ALL,20070302,16.4,16.5,16.31,16.41,1442148
ALR,20070302,1.815,1.815,1.81,1.815,20880
ALS,20070302,12.21,12.57,12.15,12.35,351589
ALT,20070302,0.024,0.024,0.024,0.024,39602
ALU,20070302,1.16,1.16,1.14,1.15,91057
ALZ,20070302,2.22,2.28,2.2,2.24,1211096
AMA,20070302,0.4,0.42,0.4,0.42,942168
AMC,20070302,7.09,7.33,7.09,7.23,3294459
AMH,20070302,0.68,0.69,0.68,0.69,27853
AMM,20070302,0.185,0.2,0.185,0.2,591900
AMO,20070302,0.58,0.58,0.58,0.58,24000
AMP,20070302,10.23,10.36,10.15,10.21,5871395
AMU,20070302,0.815,0.82,0.81,0.81,224699
AND,20070302,0.33,0.35,0.33,0.35,376045
ANE,20070302,4.05,4.05,3.9,3.9,40027
ANG,20070302,1.205,1.205,1.17,1.19,71508
ANH,20070302,0.05,0.052,0.049,0.049,725500
ANM,20070302,0.45,0.45,0.43,0.45,37785
ANN,20070302,11.7,11.85,11.44,11.68,1088732
ANO,20070302,0.17,0.17,0.17,0.17,346202
ANP,20070302,0.04,0.042,0.04,0.042,491809
ANZ,20070302,29.19,29.26,28.8,28.86,5361234
AOC,20070302,0.083,0.088,0.083,0.083,184145
AOD,20070302,9.7,9.7,9.7,9.7,250
AOE,20070302,1.33,1.37,1.31,1.37,904599
AOI,20070302,0.062,0.065,0.062,0.063,92500
AOM,20070302,0.014,0.014,0.014,0.014,31300
AOS,20070302,0.079,0.079,0.071,0.071,55000
APA,20070302,4.13,4.14,4.08,4.09,300743
APB,20070302,0.16,0.16,0.15,0.15,155000
APD,20070302,3.59,3.59,3.51,3.51,512660
APE,20070302,10.85,11,10.85,11,4756
APG,20070302,0.145,0.165,0.145,0.15,12649463
API,20070302,1.97,1.995,1.965,1.975,583015
APK,20070302,0.65,0.69,0.63,0.63,11208
APN,20070302,5.87,5.99,5.83,5.92,577505
APP,20070302,0.6,0.6,0.6,0.6,25000
APR,20070302,2.13,2.13,2.13,2.13,1
APV,20070302,0.09,0.09,0.09,0.09,10000
APZ,20070302,2.22,2.25,2.18,2.25,116625
AQA,20070302,4.55,4.55,4.31,4.31,24453
AQD,20070302,0.17,0.195,0.17,0.185,418431
AQL,20070302,0.025,0.025,0.025,0.025,90000
AQP,20070302,34.95,35.59,34.74,34.94,44716
ARA,20070302,0.61,0.615,0.61,0.615,15003
ARE,20070302,0.18,0.18,0.18,0.18,21234
ARG,20070302,7.7,7.72,7.64,7.69,108178
ARJ,20070302,0.01,0.01,0.01,0.01,450000
ARM,20070302,0.47,0.49,0.47,0.49,70119
ARO,20070302,0.018,0.018,0.018,0.018,330000
ARP,20070302,4.2,4.23,4.2,4.2,17461
ARQ,20070302,1.3,1.335,1.29,1.31,983691
ARR,20070302,3.4,3.45,3.3,3.4,115277
ARU,20070302,0.63,0.63,0.575,0.61,1005002
ARW,20070302,0.42,0.42,0.41,0.42,25000
ARX,20070302,0.019,0.019,0.018,0.018,1320000
ASB,20070302,3.55,3.55,3.5,3.5,213916
ASC,20070302,0.032,0.033,0.031,0.033,2031447
ASL,20070302,2.05,2.08,2.01,2.04,270481
ASU,20070302,0.03,0.031,0.03,0.031,79800
ASX,20070302,42.3,42.68,42.1,42.3,669707
ASZ,20070302,1.13,1.13,1.13,1.13,1716
ATG,20070302,0.25,0.25,0.24,0.25,75400
ATN,20070302,0.05,0.05,0.05,0.05,23000
ATP,20070302,0.43,0.43,0.425,0.425,25000
ATR,20070302,2.35,2.35,2.3,2.3,10930
ATV,20070302,0.12,0.125,0.12,0.125,372501
AUB,20070302,4.67,4.85,4.67,4.85,200763
AUI,20070302,8.26,8.26,8.26,8.26,2000
AUN,20070302,1.345,1.36,1.345,1.355,2766334
AUS,20070302,1.185,1.185,1.17,1.17,59532
AUT,20070302,0.485,0.485,0.475,0.485,142808
AUW,20070302,2.71,2.78,2.65,2.72,689463
AUX,20070302,0.049,0.049,0.047,0.049,890300
AUZ,20070302,0.079,0.079,0.077,0.078,3421177
AVA,20070302,0.051,0.055,0.051,0.055,4343255
AVD,20070302,0.51,0.535,0.51,0.535,28166
AVE,20070302,3.04,3.04,2.95,3,107650
AVJ,20070302,1.365,1.37,1.36,1.37,226832
AVM,20070302,15.1,15.2,15,15,62418
AVO,20070302,1.265,1.27,1.24,1.24,604635
AVQ,20070302,0.24,0.24,0.24,0.24,70000
AVS,20070302,0.59,0.59,0.57,0.57,127000
AVX,20070302,0.585,0.585,0.56,0.57,710807
AWB,20070302,2.98,3.12,2.98,3.09,1266061
AWC,20070302,6.78,6.89,6.74,6.8,3560328
AWE,20070302,2.75,2.76,2.73,2.74,2373734
AWG,20070302,0.16,0.165,0.16,0.165,100000
AXA,20070302,7.29,7.38,7.22,7.33,3414248
AXI,20070302,0.33,0.35,0.33,0.35,378880
AXM,20070302,0.26,0.26,0.255,0.255,65000
AXO,20070302,0.86,0.86,0.84,0.84,84431
AXQ,20070302,0.92,0.93,0.92,0.93,470207
AXT,20070302,0.38,0.38,0.375,0.375,25000
AYF,20070302,9.96,9.96,9.96,9.96,992
AZA,20070302,1.13,1.13,1.115,1.13,921817
AZC,20070302,0.235,0.235,0.23,0.235,187500
AZD,20070302,0.285,0.285,0.25,0.275,12292600
AZM,20070302,0.23,0.23,0.23,0.23,61000
AZS,20070302,0.1,0.1,0.096,0.099,525052
AZX,20070302,1.85,2,1.835,2,48363
AZZ,20070302,0.865,0.87,0.85,0.865,516291
BAR,20070302,0.22,0.22,0.2,0.215,129000
BAS,20070302,0.081,0.081,0.076,0.08,316400
BBG,20070302,17.2,17.2,16.91,17,957766
BBI,20070302,1.825,1.825,1.8,1.805,8754110
BBP,20070302,2.93,2.93,2.9,2.92,508688
BBW,20070302,1.655,1.67,1.635,1.65,1364098
BBX,20070302,0.2,0.2,0.2,0.2,8000
BCF,20070302,1.37,1.38,1.35,1.36,246900
BCI,20070302,0.645,0.65,0.635,0.64,25078
BCM,20070302,4.15,4.2,4.15,4.15,268790
BCN,20070302,0.35,0.38,0.35,0.35,355500
BDG,20070302,0.33,0.34,0.325,0.33,1490789
BDI,20070302,0.55,0.6,0.54,0.54,57777
BDL,20070302,0.255,0.265,0.255,0.255,756000
BDS,20070302,4.27,4.27,4.23,4.24,153791
BEC,20070302,3.62,3.76,3.58,3.74,688846
BEI,20070302,1.16,1.16,1.135,1.135,34234
BEL,20070302,0.405,0.405,0.405,0.405,30000
BEN,20070302,13.52,13.7,13.42,13.52,295668
BER,20070302,0.6,0.6,0.6,0.6,20822
BGD,20070302,0.4,0.41,0.385,0.41,181459
BGL,20070302,0.115,0.135,0.115,0.135,35000
BHP,20070302,27.15,27.31,27.1,27.12,16550748
BIT,20070302,0.32,0.32,0.3,0.3,38587
BIX,20070302,0.17,0.17,0.16,0.16,29965
BJT,20070302,2.04,2.05,2.03,2.04,1267472
BKG,20070302,0.16,0.16,0.16,0.16,37187
BKI,20070302,1.43,1.43,1.43,1.43,12200
BKL,20070302,21.01,21.2,21,21,3638
BKM,20070302,0.008,0.008,0.008,0.008,2600
BKN,20070302,8.45,8.69,8.45,8.63,495509
BKP,20070302,0.16,0.16,0.15,0.15,297771
BKW,20070302,13.05,13.13,13.05,13.06,11564
BKY,20070302,1.645,1.71,1.63,1.645,606099
BLD,20070302,8.3,8.49,8.28,8.4,1890271
BLG,20070302,0.755,0.765,0.73,0.765,588397
BLK,20070302,0.275,0.32,0.275,0.29,226362
BLP,20070302,0.9,0.9,0.89,0.9,45000
BLR,20070302,0.205,0.22,0.195,0.195,15485503
BLS,20070302,0.14,0.15,0.14,0.15,26310
BLT,20070302,0.15,0.15,0.14,0.145,148900
BLU,20070302,1.45,1.48,1.44,1.45,62400
BLZ,20070302,0.03,0.03,0.028,0.028,617870
BMN,20070302,2.57,2.64,2.56,2.64,300878
BMX,20070302,0.26,0.26,0.25,0.26,1199252
BNB,20070302,26.19,26.27,25.32,25.36,1799986
BNE,20070302,0.33,0.33,0.33,0.33,5500
BNO,20070302,0.275,0.285,0.27,0.27,116185
BNT,20070302,0.115,0.12,0.11,0.12,263333
BOC,20070302,0.74,0.74,0.74,0.74,1504
BOD,20070302,0.13,0.13,0.13,0.13,6000
BOL,20070302,3.62,3.64,3.58,3.63,2029236
BOM,20070302,0.28,0.28,0.28,0.28,160000
BON,20070302,0.135,0.145,0.13,0.145,267000
BOQ,20070302,15.2,15.39,15.15,15.3,390876
BOS,20070302,0.145,0.15,0.145,0.15,180000
BOW,20070302,0.145,0.145,0.14,0.14,112129
BPH,20070302,0.115,0.115,0.115,0.115,30000
BPO,20070302,0.029,0.031,0.029,0.029,2751876
BPT,20070302,1.165,1.17,1.15,1.15,4937919
BQF,20070302,3.96,3.96,3.96,3.96,10000
BQT,20070302,0.18,0.18,0.18,0.18,87500
BRC,20070302,0.38,0.38,0.38,0.38,7500
BRO,20070302,0.004,0.005,0.004,0.005,6499837
BRW,20070302,0.28,0.28,0.27,0.275,185500
BSA,20070302,0.57,0.57,0.55,0.56,149066
BSG,20070302,2.8,2.85,2.75,2.8,1007199
BSL,20070302,8.91,9.33,8.91,9.22,4426266
BSM,20070302,0.31,0.325,0.305,0.305,205725
BSN,20070302,0.1,0.15,0.1,0.15,57000
BSO,20070302,0.65,0.65,0.65,0.65,6053
BTA,20070302,1.59,1.6,1.555,1.585,357392
BTC,20070302,0.4,0.4,0.39,0.39,13200
BTV,20070302,0.115,0.115,0.115,0.115,128900
BUG,20070302,0.52,0.52,0.52,0.52,3899
BUR,20070302,0.225,0.225,0.22,0.22,133363
BUY,20070302,0.05,0.05,0.047,0.047,475000
BVA,20070302,2.4,2.44,2.39,2.4,111218
BWN,20070302,0.415,0.43,0.4,0.415,662236
BWP,20070302,2.16,2.17,2.14,2.14,566938
BXB,20070302,13,13.25,12.95,13.15,8527467
BXP,20070302,0.18,0.18,0.17,0.17,467424
BYI,20070302,1.02,1.02,1.02,1.02,1000
BYR,20070302,0.235,0.25,0.225,0.25,99454
BZI,20070302,0.44,0.445,0.43,0.445,95000
CAA,20070302,0.81,0.835,0.81,0.81,134240
CAB,20070302,10.4,10.65,10.35,10.35,435250
CAF,20070302,0.91,0.95,0.91,0.95,40385
CAL,20070302,0.98,0.98,0.95,0.95,10000
CAM,20070302,1.21,1.21,1.21,1.21,14000
CAQ,20070302,0.215,0.22,0.21,0.22,60381
CAS,20070302,0.25,0.25,0.24,0.25,177020
CAU,20070302,0.063,0.077,0.06,0.075,959070
CAZ,20070302,0.66,0.66,0.64,0.65,401802
CBA,20070302,49.4,50.05,49.3,49.65,3234699
CBD,20070302,0.14,0.14,0.14,0.14,5000
CBH,20070302,0.59,0.59,0.57,0.57,2293607
CBM,20070302,2.5,2.5,2.5,2.5,3000
CBR,20070302,2.77,2.77,2.77,2.77,4600
CCE,20070302,0.071,0.071,0.069,0.07,933486
CCI,20070302,0.004,0.004,0.004,0.004,4919627
CCK,20070302,0.23,0.23,0.23,0.23,2500
CCL,20070302,8.45,8.58,8.41,8.47,3474714
CCP,20070302,9.65,9.75,9.65,9.75,7931
CCS,20070302,0.07,0.07,0.065,0.065,38000
CCU,20070302,0.38,0.38,0.38,0.38,20000
CCV,20070302,0.655,0.665,0.655,0.66,1016413
CDD,20070302,5.85,5.9,5.85,5.85,22746
CDI,20070302,1.12,1.14,0.81,1.1,281778
CDO,20070302,4.2,4.2,4.2,4.2,2300
CDP,20070302,4.9,4.9,4.9,4.9,2000
CDR,20070302,1.96,1.97,1.935,1.945,2534332
CDS,20070302,0.025,0.027,0.024,0.027,4109833
CDT,20070302,0.31,0.31,0.3,0.3,10000
CDU,20070302,3.49,3.61,3.46,3.46,293489
CDX,20070302,1.105,1.105,1.105,1.105,1000
CEG,20070302,2.15,2.15,2.13,2.13,18777
CER,20070302,1.7,1.745,1.68,1.73,6085624
CEU,20070302,1.385,1.39,1.375,1.38,9126426
CEY,20070302,2.66,2.76,2.66,2.73,1566109
CFE,20070302,0.305,0.31,0.295,0.3,984546
CFI,20070302,0.79,0.79,0.77,0.77,231477
CFK,20070302,0.33,0.33,0.33,0.33,7667
CFR,20070302,0.012,0.012,0.01,0.012,7021251
CFU,20070302,1.125,1.16,1.125,1.15,65699
CFX,20070302,2.4,2.4,2.3,2.3,3037722
CGF,20070302,4.7,4.78,4.69,4.71,2086861
CGJ,20070302,15.3,15.48,15.3,15.32,3791686
CGM,20070302,0.245,0.245,0.23,0.23,169000
CGO,20070302,1.09,1.09,1.01,1.05,36542
CGT,20070302,0.185,0.185,0.185,0.185,2000
CGX,20070302,0.6,0.6,0.595,0.6,181210
CHC,20070302,2.9,2.9,2.85,2.87,520821
CHF,20070302,0.39,0.39,0.375,0.375,210242
CHN,20070302,0.135,0.135,0.135,0.135,56932
CHO,20070302,6.3,6.3,6.3,6.3,2000
CHQ,20070302,0.76,0.76,0.755,0.755,18019
CIF,20070302,3.87,3.95,3.87,3.95,175559
CIG,20070302,0.056,0.061,0.056,0.059,815337
CIL,20070302,2.35,2.35,2.34,2.34,148550
CIN,20070302,20.07,20.5,20.06,20.5,974
CIR,20070302,1.31,1.32,1.27,1.27,47838
CIW,20070302,0.85,0.85,0.85,0.85,40000
CIX,20070302,0.465,0.465,0.465,0.465,56719
CIY,20070302,4.62,4.7,4.61,4.62,145420
CKK,20070302,0.155,0.175,0.14,0.15,320000
CKL,20070302,0.51,0.52,0.51,0.52,47000
CKR,20070302,0.165,0.165,0.165,0.165,10440
CLF,20070302,0.225,0.225,0.225,0.225,8000
CLH,20070302,0.84,0.88,0.84,0.87,128368
CLN,20070302,0.235,0.235,0.205,0.21,221866
CLO,20070302,0.59,0.61,0.58,0.61,320175
CLT,20070302,1.12,1.13,1.11,1.11,20054
CLV,20070302,0.105,0.105,0.105,0.105,52890
CLX,20070302,1.115,1.12,1.115,1.12,10000
CME,20070302,0.059,0.06,0.058,0.058,902657
CMI,20070302,1.67,1.7,1.665,1.67,45292
CMK,20070302,0.285,0.29,0.285,0.285,33800
CMO,20070302,0.022,0.023,0.021,0.021,13757962
CMP,20070302,0.16,0.185,0.16,0.175,143376
CMQ,20070302,0.06,0.06,0.047,0.047,4294039
CMR,20070302,5.78,5.78,5.63,5.63,311660
CMS,20070302,0.03,0.03,0.03,0.03,50000
CMV,20070302,0.41,0.41,0.41,0.41,1000
CMW,20070302,1.165,1.17,1.135,1.135,435779
CND,20070302,3.4,3.4,3.35,3.35,57765
CNF,20070302,0.081,0.081,0.081,0.081,97000
CNM,20070302,0.03,0.03,0.03,0.03,116600
CNN,20070302,0.105,0.11,0.1,0.11,898640
CNP,20070302,9.85,9.85,9.5,9.62,7684997
CNT,20070302,0.96,0.97,0.96,0.97,68100
COA,20070302,5.1,5.15,5.08,5.12,1248975
COE,20070302,0.42,0.49,0.42,0.48,2520382
COF,20070302,3.86,3.9,3.8,3.8,65907
COH,20070302,56.8,57.4,56.21,56.87,123894
COI,20070302,0.29,0.29,0.265,0.29,90000
COK,20070302,0.155,0.155,0.155,0.155,50000
COS,20070302,0.11,0.12,0.11,0.12,34500
COU,20070302,2.51,2.55,2.5,2.51,195114
COZ,20070302,0.4,0.4,0.38,0.38,182649
CPA,20070302,1.38,1.38,1.345,1.36,3219469
CPB,20070302,22.5,22.5,22.1,22.4,43490
CPI,20070302,0.395,0.4,0.395,0.395,56667
CPK,20070302,0.765,0.77,0.765,0.77,21800
CPN,20070302,0.058,0.058,0.058,0.058,85000
CPR,20070302,2.86,3,2.86,3,493955
CPT,20070302,0.09,0.09,0.09,0.09,26500
CPU,20070302,10.09,10.1,9.75,9.8,1975388
CQT,20070302,0.77,0.81,0.77,0.81,1168047
CRE,20070302,0.37,0.37,0.355,0.36,334000
CRG,20070302,15.91,16.4,15.91,16.25,287824
CRJ,20070302,0.35,0.35,0.34,0.35,111000
CRK,20070302,1.28,1.31,1.28,1.31,35000
CRT,20070302,0.72,0.725,0.71,0.71,2443350
CSE,20070302,0.28,0.29,0.28,0.29,119350
CSL,20070302,77.4,78.15,76.9,77.25,651431
CSM,20070302,2.3,2.33,2.27,2.29,1826484
CSR,20070302,3.65,3.69,3.63,3.63,1948499
CSS,20070302,0.94,0.97,0.94,0.97,42000
CST,20070302,3.4,3.4,3.2,3.3,26471
CTI,20070302,0.13,0.155,0.13,0.155,45027
CTN,20070302,1.78,1.8,1.78,1.79,84743
CTO,20070302,0.425,0.43,0.405,0.415,764658
CTP,20070302,0.17,0.17,0.165,0.17,84000
CTS,20070302,0.535,0.545,0.5,0.51,299657
CTX,20070302,22.35,22.94,22.26,22.8,1175069
CTY,20070302,2.11,2.11,2.11,2.11,2950
CUE,20070302,0.13,0.13,0.125,0.13,523967
CUL,20070302,0.032,0.032,0.032,0.032,927000
CUO,20070302,0.495,0.5,0.495,0.495,375690
CUS,20070302,0.235,0.235,0.23,0.235,1477795
CUV,20070302,1,1,0.93,0.945,574545
CUY,20070302,0.94,0.94,0.855,0.9,221375
CVC,20070302,1.98,1.98,1.94,1.94,95859
CVG,20070302,0.28,0.28,0.25,0.25,50500
CVI,20070302,0.1,0.1,0.1,0.1,113300
CVN,20070302,0.09,0.09,0.087,0.088,379700
CWP,20070302,5.25,5.4,5.25,5.4,201120
CWT,20070302,0.895,0.91,0.895,0.9,92173
CXD,20070302,2.25,2.25,2.25,2.25,4000
CXE,20070302,0.31,0.32,0.285,0.32,67411
CXG,20070302,1.18,1.18,1.145,1.15,73000
CXM,20070302,0.17,0.175,0.16,0.175,55000
CXP,20070302,5.98,6.12,5.93,6.12,249170
CXS,20070302,0.72,0.74,0.7,0.7,350882
CXY,20070302,0.034,0.034,0.032,0.032,575000
CYA,20070302,1.35,1.35,1.325,1.34,136701
CYC,20070302,0.35,0.35,0.34,0.34,50000
CYG,20070302,4.45,4.45,4.43,4.43,37957
CYL,20070302,0.2,0.2,0.2,0.2,5000
CYN,20070302,0.4,0.4,0.4,0.4,14925
CYT,20070302,0.66,0.68,0.62,0.62,37116
CZP,20070302,0.195,0.195,0.185,0.185,61224
CZR,20070302,0.68,0.68,0.68,0.68,10000
DBS,20070302,0.8,0.8,0.79,0.79,35000
DDT,20070302,0.33,0.33,0.32,0.32,164578
DEG,20070302,0.135,0.135,0.13,0.13,131045
DES,20070302,0.24,0.24,0.23,0.23,127951
DEX,20070302,2.9,2.99,2.9,2.99,25495
DGH,20070302,0.75,0.75,0.75,0.75,80950
DGR,20070302,0.1,0.105,0.096,0.105,144305
DIA,20070302,0.07,0.072,0.066,0.07,690348
DIO,20070302,0.09,0.09,0.086,0.087,714152
DJS,20070302,4.35,4.48,4.31,4.43,954742
DJW,20070302,4.62,4.69,4.62,4.67,79953
DKN,20070302,1.4,1.4,1.36,1.36,145799
DKS,20070302,8,8,8,8,600
DLS,20070302,0.125,0.125,0.12,0.12,371517
DMA,20070302,0.255,0.265,0.255,0.265,16980
DML,20070302,0.22,0.22,0.22,0.22,65000
DMP,20070302,3.09,3.09,3,3,39745
DMX,20070302,0.9,0.92,0.9,0.9,295980
DOM,20070302,2.25,2.27,2.15,2.25,282356
DON,20070302,0.34,0.34,0.34,0.34,126709
DOW,20070302,7.17,7.37,7.17,7.29,2838132
DRA,20070302,0.145,0.145,0.14,0.14,36419
DRT,20070302,1.735,1.75,1.71,1.73,15456250
DSF,20070302,0.23,0.23,0.23,0.23,51500
DTL,20070302,5.3,5.5,5.3,5.5,3275
DUE,20070302,3.1,3.11,3.05,3.05,813957
DUI,20070302,3.8,3.8,3.8,3.8,10400
DUL,20070302,0.067,0.067,0.067,0.067,200000
DVM,20070302,0.085,0.087,0.083,0.083,878001
DVN,20070302,1.45,1.45,1.44,1.44,79164
DWS,20070302,2.1,2.15,2.09,2.12,116377
DWY,20070302,0.4,0.42,0.4,0.41,123400
DXL,20070302,2.29,2.3,2.27,2.28,3385937
DYE,20070302,0.715,0.73,0.7,0.71,152310
DYL,20070302,0.395,0.4,0.38,0.385,2135155
EAR,20070302,0.27,0.295,0.27,0.28,177000
EBB,20070302,3.04,3.1,2.96,3,49358
EBG,20070302,0.31,0.31,0.31,0.31,100000
EBI,20070302,4.35,4.4,4.33,4.38,19310
EBR,20070302,0.06,0.06,0.058,0.058,200000
EBT,20070302,0.16,0.165,0.16,0.165,239500
ECH,20070302,0.37,0.37,0.37,0.37,6000
ECI,20070302,0.019,0.019,0.019,0.019,50000
ECU,20070302,0.027,0.028,0.026,0.026,1092500
EDE,20070302,0.6,0.6,0.58,0.59,133506
EDM,20070302,0.053,0.053,0.042,0.042,196000
EDN,20070302,0.395,0.395,0.395,0.395,18902
EEE,20070302,0.225,0.225,0.2,0.22,2440000
EFT,20070302,0.115,0.115,0.115,0.115,10528
EGL,20070302,0.15,0.15,0.145,0.145,25000
EGO,20070302,0.008,0.008,0.007,0.008,8773175
EHL,20070302,1.785,1.805,1.75,1.79,4209925
EIF,20070302,0.025,0.025,0.022,0.022,530000
EIG,20070302,1.16,1.16,1.15,1.15,25855
EIV,20070302,0.14,0.14,0.125,0.125,298356
EKA,20070302,0.32,0.32,0.29,0.3,47330
EKM,20070302,0.3,0.3,0.3,0.3,100000
ELK,20070302,0.355,0.355,0.35,0.35,121562
ELL,20070302,0.155,0.17,0.155,0.17,282108
ELX,20070302,0.81,0.815,0.8,0.8,64306
EME,20070302,4.3,4.6,4.2,4.4,40494
EMI,20070302,1.38,1.38,1.35,1.35,103824
EMM,20070302,0.105,0.105,0.105,0.105,108000
EMP,20070302,0.094,0.094,0.093,0.093,448423
EMR,20070302,0.145,0.145,0.135,0.14,116000
EMS,20070302,0.115,0.115,0.115,0.115,27242
ENB,20070302,0.28,0.28,0.28,0.28,40000
ENE,20070302,4.49,4.65,4.49,4.62,295113
ENG,20070302,0.23,0.23,0.22,0.23,99540
ENR,20070302,0.48,0.5,0.48,0.5,113746
ENV,20070302,1.19,1.22,1.19,1.215,740384
EOL,20070302,1.13,1.17,1.13,1.17,14000
EON,20070302,0.585,0.585,0.58,0.58,10882
EOS,20070302,1.5,1.51,1.5,1.5,29475
EPF,20070302,0.195,0.195,0.195,0.195,12207
EPG,20070302,0.715,0.77,0.715,0.74,71520
EPR,20070302,0.032,0.032,0.032,0.032,79500
EPS,20070302,0.375,0.4,0.36,0.36,101500
EPY,20070302,0.42,0.42,0.42,0.42,48346
EQI,20070302,1.58,1.6,1.53,1.53,145092
EQN,20070302,2.22,2.23,2.2,2.23,357600
EQT,20070302,28.2,28.2,28.2,28.2,250
EQX,20070302,0.11,0.11,0.11,0.11,310
ERA,20070302,24.4,25.39,24.4,24.68,482702
ERG,20070302,0.23,0.23,0.225,0.225,925465
ERH,20070302,0.13,0.145,0.13,0.145,94876
ERL,20070302,0.235,0.24,0.22,0.225,395766
ERN,20070302,0.57,0.615,0.56,0.605,278000
ERO,20070302,0.21,0.21,0.2,0.2,224500
ESG,20070302,0.265,0.27,0.26,0.26,888566
ESI,20070302,0.19,0.2,0.19,0.2,130000
ESS,20070302,0.64,0.64,0.6,0.6,93225
ESV,20070302,0.79,0.79,0.77,0.77,18600
ETE,20070302,0.145,0.145,0.14,0.14,106865
ETR,20070302,4.25,4.25,4.21,4.22,196602
ETW,20070302,0.16,0.16,0.16,0.16,15000
EVE,20070302,0.37,0.37,0.35,0.36,1987434
EVG,20070302,0.115,0.115,0.11,0.11,59034
EVZ,20070302,0.445,0.445,0.415,0.43,1668218
EWC,20070302,0.7,0.715,0.68,0.715,1580597
EXR,20070302,0.335,0.335,0.325,0.325,35054
EXS,20070302,0.27,0.275,0.27,0.27,1923259
EXT,20070302,0.115,0.115,0.1,0.105,4561749
EYE,20070302,0.22,0.22,0.22,0.22,10000
EZE,20070302,0.165,0.17,0.165,0.17,33250
EZL,20070302,3.7,3.75,3.7,3.75,2700
EZY,20070302,0.47,0.47,0.46,0.46,14000
FAN,20070302,3.75,3.8,3.7,3.8,14381
FAR,20070302,0.12,0.12,0.115,0.115,1122500
FAS,20070302,1.01,1.3,1,1.2,263799
FAT,20070302,1.03,1.035,1.02,1.02,76966
FBU,20070302,9.78,9.82,9.74,9.74,776464
FCL,20070302,2.12,2.18,2.12,2.16,2324932
FCN,20070302,0.31,0.32,0.31,0.315,360119
FDL,20070302,0.015,0.015,0.014,0.014,1782663
FEA,20070302,0.71,0.725,0.71,0.725,6300
FER,20070302,2.17,2.18,2.05,2.14,310897
FFI,20070302,3.19,3.19,3.18,3.18,10000
FGL,20070302,6.27,6.29,6.17,6.21,12158627
FIC,20070302,0.245,0.245,0.245,0.245,35000
FKP,20070302,6.87,7.12,6.87,7,398333
FLT,20070302,15,15.2,14.8,15.1,335425
FLX,20070302,4.6,4.7,4.5,4.68,202016
FMG,20070302,17.9,18.25,17.11,18.18,366083
FML,20070302,0.054,0.054,0.052,0.053,2337932
FNT,20070302,0.12,0.12,0.12,0.12,44642
FPA,20070302,3.24,3.24,3.24,3.24,178933
FPH,20070302,3.47,3.5,3.47,3.48,803200
FPS,20070302,2.45,2.45,2.42,2.45,13950
FRE,20070302,0.63,0.64,0.605,0.63,415350
FRI,20070302,0.83,0.83,0.82,0.82,151796
FRM,20070302,0.36,0.385,0.36,0.385,10000
FRR,20070302,0.75,0.765,0.74,0.74,44352
FRS,20070302,0.39,0.39,0.385,0.385,57400
FSA,20070302,0.695,0.695,0.69,0.69,20000
FUN,20070302,1.825,1.84,1.8,1.84,350183
FWD,20070302,8.79,8.82,8.56,8.81,76333
FXJ,20070302,4.74,4.83,4.74,4.81,1602086
FXL,20070302,2.89,2.9,2.83,2.9,157031
FXR,20070302,1.26,1.27,1.235,1.25,497227
FZN,20070302,0.67,0.745,0.67,0.71,223023
GAA,20070302,0.765,0.77,0.72,0.73,344822
GAP,20070302,0.69,0.72,0.65,0.7,70345
GAU,20070302,0.195,0.195,0.19,0.195,302500
GBE,20070302,0.81,0.81,0.8,0.8,39818
GBG,20070302,0.51,0.53,0.5,0.51,1448056
GBP,20070302,0.175,0.175,0.17,0.175,118096
GBT,20070302,3.75,3.75,3.65,3.7,12894
GCL,20070302,3.7,3.76,3.69,3.71,588615
GCN,20070302,0.075,0.075,0.075,0.075,60000
GCR,20070302,0.043,0.045,0.042,0.042,963370
GCX,20070302,0.84,0.84,0.82,0.82,2666
GDA,20070302,0.013,0.013,0.013,0.013,200000
GDM,20070302,0.62,0.62,0.6,0.62,135070
GDN,20070302,0.635,0.66,0.635,0.655,648575
GDR,20070302,0.6,0.63,0.585,0.615,94243
GDY,20070302,1.25,1.265,1.21,1.21,145950
GED,20070302,0.1,0.1,0.08,0.08,10000
GFF,20070302,2.23,2.25,2.22,2.23,2607276
GFL,20070302,0.92,0.92,0.92,0.92,10400
GGP,20070302,0.235,0.24,0.235,0.235,167000
GGX,20070302,0.052,0.052,0.052,0.052,9900
GGY,20070302,0.069,0.07,0.067,0.067,1448372
GHG,20070302,1.29,1.29,1.29,1.29,4900
GHT,20070302,0.55,0.6,0.55,0.56,63271
GIP,20070302,0.1,0.1,0.098,0.1,640000
GIR,20070302,0.8,0.805,0.77,0.8,238671
GJT,20070302,1.055,1.06,1.04,1.04,948805
GLA,20070302,0.125,0.125,0.125,0.125,50000
GLB,20070302,0.27,0.29,0.27,0.29,43760
GLC,20070302,0.57,0.57,0.57,0.57,40000
GLI,20070302,0.92,0.92,0.9,0.91,87941
GLN,20070302,0.25,0.25,0.24,0.245,205375
GLO,20070302,0.04,0.04,0.04,0.04,194848
GLX,20070302,0.067,0.067,0.066,0.066,375920
GME,20070302,0.61,0.63,0.61,0.61,61757
GMI,20070302,1.36,1.38,1.36,1.36,192722
GML,20070302,0.16,0.16,0.16,0.16,43550
GNC,20070302,9.88,9.99,9.82,9.96,14261
GNL,20070302,0.04,0.041,0.038,0.038,818300
GNS,20070302,2.66,2.76,2.66,2.71,3479797
GOG,20070302,0.23,0.23,0.22,0.225,176300
GOP,20070302,0.18,0.18,0.18,0.18,62000
GOW,20070302,3.65,3.7,3.65,3.7,12500
GPG,20070302,2.17,2.17,2.13,2.13,1357779
GPN,20070302,0.048,0.05,0.045,0.048,4804051
GPR,20070302,0.495,0.495,0.495,0.495,1390
GPT,20070302,5.09,5.09,4.9,4.9,8366708
GQH,20070302,0.95,0.95,0.95,0.95,40859
GRB,20070302,0.31,0.32,0.31,0.32,22000
GRD,20070302,2.24,2.33,2.24,2.33,774326
GRK,20070302,0.052,0.056,0.051,0.051,209966
GRL,20070302,0.27,0.27,0.27,0.27,10000
GRN,20070302,0.265,0.27,0.265,0.27,252698
GRR,20070302,1.39,1.39,1.35,1.39,51400
GRV,20070302,0.8,0.8,0.795,0.795,3000
GRY,20070302,0.305,0.315,0.3,0.31,183680
GSA,20070302,1.27,1.27,1.235,1.25,2026388
GSE,20070302,0.091,0.091,0.088,0.09,1085920
GSF,20070302,0.018,0.018,0.018,0.018,190000
GTG,20070302,0.305,0.305,0.28,0.295,169882
GTP,20070302,2.02,2.02,1.95,1.95,2388074
GTX,20070302,0.19,0.19,0.19,0.19,30000
GUD,20070302,7.78,7.93,7.74,7.85,96100
GUL,20070302,0.07,0.07,0.069,0.069,125000
GUN,20070302,0.285,0.285,0.285,0.285,15000
GVM,20070302,0.745,0.79,0.74,0.76,157652
GWR,20070302,1.9,1.9,1.8,1.8,53235
GWT,20070302,4.24,4.34,4.2,4.26,100152
GWV,20070302,0.004,0.004,0.004,0.004,1000000
GXY,20070302,0.22,0.22,0.21,0.22,260100
HAO,20070302,0.038,0.038,0.036,0.036,114000
HAP,20070302,1.02,1.04,1.02,1.035,104064
HAV,20070302,1.53,1.53,1.495,1.495,60549
HCY,20070302,0.018,0.019,0.018,0.018,4798669
HDF,20070302,3.14,3.3,3.14,3.2,417907
HDG,20070302,0.48,0.49,0.47,0.49,170000
HDN,20070302,0.135,0.135,0.135,0.135,25000
HEA,20070302,0.57,0.57,0.57,0.57,878
HEG,20070302,0.135,0.145,0.135,0.14,364137
HEM,20070302,0.22,0.22,0.215,0.215,59400
HER,20070302,1.13,1.18,1.085,1.18,88871
HFA,20070302,2.3,2.35,2.3,2.35,491606
HGI,20070302,3.4,3.51,3.38,3.48,4845992
HGL,20070302,0.04,0.04,0.04,0.04,1360
HGO,20070302,0.225,0.225,0.22,0.225,1406655
HGR,20070302,0.036,0.036,0.036,0.036,85000
HHL,20070302,12.8,12.8,12.7,12.7,4465
HHV,20070302,1.015,1.02,1.01,1.015,498569
HIC,20070302,0.94,0.94,0.925,0.925,15038
HIG,20070302,0.29,0.295,0.28,0.285,2124946
HIL,20070302,5.57,5.57,5.45,5.45,126068
HIP,20070302,2,2,2,2,1094
HJB,20070302,0.3,0.3,0.27,0.27,3411273
HLD,20070302,0.23,0.235,0.225,0.225,237700
HLS,20070302,0.295,0.295,0.29,0.29,150000
HLX,20070302,0.21,0.215,0.2,0.2,554760
HMC,20070302,0.069,0.071,0.066,0.068,368000
HME,20070302,15,15.2,14.95,15,7005
HNG,20070302,2,2,1.995,2,18549
HNR,20070302,0.41,0.41,0.39,0.39,125450
HOM,20070302,0.95,0.95,0.9,0.9,18074
HPX,20070302,1.97,2.05,1.97,2.03,173360
HRD,20070302,0.165,0.18,0.16,0.18,134491
HRR,20070302,1.33,1.33,1.28,1.285,109080
HSK,20070302,1.35,1.35,1.32,1.32,14300
HSN,20070302,0.255,0.29,0.255,0.29,26393
HSP,20070302,5.88,5.97,5.86,5.93,2083340
HST,20070302,3.31,3.35,3.25,3.27,753757
HTA,20070302,0.22,0.225,0.215,0.225,193064
HTE,20070302,0.02,0.02,0.02,0.02,305433
HTM,20070302,0.039,0.039,0.039,0.039,50000
HTW,20070302,0.67,0.67,0.655,0.66,116998
HTX,20070302,0.024,0.024,0.024,0.024,868340
HVN,20070302,4.4,4.45,4.31,4.36,2255738
HWG,20070302,0.19,0.21,0.19,0.21,112500
HWI,20070302,2.39,2.45,2.35,2.39,608756
HYO,20070302,0.3,0.3,0.285,0.285,507946
HZL,20070302,0.585,0.585,0.57,0.57,9300
HZN,20070302,0.285,0.285,0.28,0.285,453729
IAG,20070302,5.86,5.98,5.85,5.87,7785678
IAS,20070302,0.3,0.3,0.29,0.29,44833
IAT,20070302,0.064,0.064,0.064,0.064,20000
IAU,20070302,0.62,0.62,0.6,0.61,68044
IBA,20070302,1.41,1.41,1.33,1.34,2777549
IBC,20070302,0.615,0.615,0.615,0.615,52000
IBG,20070302,2.55,2.95,2.51,2.7,709367
IBR,20070302,0.785,0.79,0.77,0.79,2285132
IBT,20070302,1.955,1.98,1.955,1.98,61885
ICD,20070302,0.64,0.64,0.64,0.64,738
ICE,20070302,0.011,0.011,0.01,0.01,1500000
ICH,20070302,0.15,0.15,0.15,0.15,62000
ICN,20070302,0.069,0.07,0.066,0.066,300000
ICP,20070302,0.046,0.047,0.045,0.045,1268642
ICS,20070302,0.21,0.225,0.205,0.225,183127
ICV,20070302,0.1,0.1,0.1,0.1,50000
IDL,20070302,0.36,0.37,0.36,0.37,1138286
IDM,20070302,0.35,0.36,0.32,0.32,155900
IDO,20070302,0.55,0.55,0.53,0.55,154844
IDT,20070302,1.945,1.945,1.91,1.91,15000
IEF,20070302,1.155,1.155,1.15,1.15,15000
IFC,20070302,0.26,0.28,0.26,0.28,259940
IFL,20070302,9.7,9.72,9.4,9.4,246563
IFM,20070302,0.74,0.74,0.725,0.725,206261
IGC,20070302,0.3,0.3,0.29,0.3,418271
IGD,20070302,1.02,1.03,1.02,1.03,185902
IGO,20070302,4.49,4.52,4.42,4.48,667058
IGR,20070302,0.12,0.13,0.12,0.125,890335
IHF,20070302,1.15,1.15,1.14,1.14,44305
IHG,20070302,0.2,0.2,0.2,0.2,19158
IIF,20070302,2.4,2.42,2.35,2.35,2589673
IIG,20070302,0.012,0.012,0.011,0.011,8392895
IIN,20070302,1.47,1.5,1.43,1.465,590704
ILF,20070302,1.32,1.325,1.31,1.31,327476
ILU,20070302,5.83,5.9,5.63,5.63,3036873
IMA,20070302,2.34,2.44,2.32,2.44,220598
IMD,20070302,1.02,1.08,1.02,1.08,311556
IMF,20070302,0.73,0.74,0.7,0.715,866546
IMI,20070302,0.02,0.021,0.019,0.021,2504000
IMP,20070302,0.013,0.014,0.013,0.013,3642500
IMU,20070302,0.25,0.25,0.24,0.245,179336
INL,20070302,0.2,0.225,0.2,0.205,6738478
INP,20070302,0.28,0.28,0.255,0.255,39372
IOF,20070302,1.565,1.58,1.565,1.575,7043313
IOH,20070302,0.79,0.795,0.79,0.795,3440
IPA,20070302,0.845,0.845,0.84,0.84,65500
IPE,20070302,0.975,0.98,0.975,0.975,20000
IPG,20070302,2.39,2.48,2.37,2.45,8363880
IPL,20070302,43.05,44.86,43.05,44.58,335492
IPM,20070302,1.3,1.31,1.295,1.295,84688
IPN,20070302,0.265,0.265,0.26,0.26,50000
IPR,20070302,0.155,0.17,0.15,0.17,256500
IPT,20070302,0.26,0.26,0.24,0.24,264078
IRC,20070302,0.22,0.22,0.21,0.22,11000
IRE,20070302,7.25,7.42,7.23,7.35,771295
IRI,20070302,0.48,0.48,0.47,0.47,67944
IRN,20070302,0.7,0.72,0.69,0.7,368587
ITC,20070302,0.069,0.07,0.069,0.07,200000
ITD,20070302,0.56,0.58,0.56,0.58,191947
ITE,20070302,0.16,0.16,0.14,0.16,428180
IUL,20070302,0.21,0.21,0.21,0.21,6000
IVC,20070302,5.52,5.68,5.42,5.63,575938
IVK,20070302,3.9,3.9,3.6,3.71,10561
IWF,20070302,2.54,2.58,2.54,2.57,941591
IWI,20070302,1.75,1.75,1.61,1.62,39260
IWL,20070302,4.72,4.82,4.61,4.76,59334
JAG,20070302,0.15,0.15,0.15,0.15,4000
JAK,20070302,0.16,0.16,0.16,0.16,24000
JBH,20070302,7.44,7.44,7.25,7.29,492473
JBM,20070302,15.23,15.67,15.15,15.29,1309922
JET,20070302,2,2.05,2,2.05,15000
JGL,20070302,0.305,0.31,0.28,0.31,1241829
JHX,20070302,9.4,9.7,9.19,9.22,1267004
JMB,20070302,1.5,1.71,1.5,1.65,55904
JML,20070302,1.15,1.17,1.125,1.14,1474291
JMS,20070302,0.33,0.36,0.32,0.32,2001770
JPR,20070302,0.048,0.048,0.048,0.048,100000
JRL,20070302,1.26,1.325,1.23,1.3,138555
JRV,20070302,0.035,0.035,0.031,0.032,44784012
JST,20070302,3.66,3.79,3.66,3.75,166779
JUM,20070302,0.028,0.028,0.028,0.028,603872
JVG,20070302,0.18,0.18,0.165,0.165,75000
KAL,20070302,0.096,0.096,0.094,0.094,295000
KAR,20070302,1.49,1.5,1.485,1.5,63734
KAT,20070302,1.09,1.09,1.09,1.09,30000
KCN,20070302,3.66,3.77,3.65,3.73,275764
KIL,20070302,1.16,1.16,1.145,1.15,271500
KIM,20070302,1.04,1.04,0.97,0.985,7017397
KIS,20070302,1.08,1.08,0.98,0.98,15000
KKT,20070302,0.28,0.3,0.28,0.3,24443
KLM,20070302,0.58,0.58,0.58,0.58,17000
KME,20070302,1.15,1.15,1.15,1.15,7000
KMN,20070302,0.59,0.62,0.585,0.585,148050
KNH,20070302,0.17,0.17,0.17,0.17,2000
KOR,20070302,0.73,0.73,0.65,0.68,247560
KOV,20070302,6.08,6.08,6,6,1400
KRS,20070302,0.285,0.295,0.28,0.28,820006
KSC,20070302,4.02,4.1,4,4,16637
KSX,20070302,0.028,0.028,0.028,0.028,187828
KTO,20070302,0.16,0.16,0.16,0.16,26500
KZL,20070302,5.41,5.46,5.25,5.25,2053610
LAF,20070302,0.086,0.087,0.084,0.085,7602298
LAT,20070302,0.06,0.06,0.059,0.06,205000
LAU,20070302,0.23,0.23,0.225,0.225,68000
LBT,20070302,0.31,0.31,0.3,0.3,49000
LBY,20070302,0.16,0.16,0.16,0.16,27000
LCL,20070302,0.745,0.75,0.745,0.75,675433
LCT,20070302,0.17,0.17,0.17,0.17,27287
LDW,20070302,7.8,7.85,7.8,7.85,48513
LEF,20070302,0.215,0.215,0.215,0.215,25000
LEG,20070302,0.061,0.061,0.059,0.06,1148546
LEI,20070302,29.6,29.75,28.75,29.63,1295322
LEP,20070302,3.94,4,3.9,3.9,38658
LFE,20070302,1.425,1.49,1.42,1.475,133582
LGD,20070302,0.54,0.55,0.515,0.52,307203
LGO,20070302,0.03,0.03,0.03,0.03,250000
LHG,20070302,3.3,3.34,3.25,3.27,10283270
LIM,20070302,17.24,17.25,17.05,17.25,85562
LIN,20070302,0.27,0.27,0.27,0.27,11800
LIO,20070302,0.25,0.255,0.25,0.255,5500
LIP,20070302,0.77,0.785,0.755,0.755,77068
LKO,20070302,0.02,0.021,0.02,0.02,7022352
LLC,20070302,17.9,17.98,17.68,17.91,1606340
LMG,20070302,0.02,0.02,0.018,0.02,3755913
LMP,20070302,0.205,0.205,0.2,0.205,186550
LMW,20070302,0.82,0.82,0.8,0.8,4500
LNC,20070302,0.27,0.27,0.265,0.265,174000
LNG,20070302,0.52,0.52,0.52,0.52,8000
LNN,20070302,8.19,8.3,8.19,8.22,975750
LOD,20070302,0.06,0.066,0.058,0.066,280000
LRF,20070302,1.145,1.15,1.14,1.145,167830
LRG,20070302,0.084,0.1,0.084,0.085,661962
LSG,20070302,1.65,1.65,1.61,1.61,131712
LTR,20070302,0.26,0.26,0.25,0.26,47434
LUM,20070302,0.017,0.017,0.016,0.016,100000
LWB,20070302,1.69,1.69,1.69,1.69,8700
LYC,20070302,0.745,0.745,0.7,0.7,1415633
LYL,20070302,3.22,3.22,3.18,3.2,25398
MAE,20070302,0.58,0.58,0.555,0.555,338080
MAH,20070302,0.83,0.85,0.83,0.84,2400870
MAK,20070302,0.175,0.19,0.175,0.18,131002
MAL,20070302,0.57,0.57,0.56,0.56,84683
MAN,20070302,0.026,0.027,0.026,0.027,650001
MAP,20070302,3.75,3.82,3.75,3.78,11707946
MAQ,20070302,1.23,1.23,1.23,1.23,600
MAR,20070302,0.215,0.215,0.21,0.21,12500
MBA,20070302,0.17,0.17,0.155,0.155,1520966
MBI,20070302,0.007,0.007,0.006,0.006,2606166
MBL,20070302,82.1,82.11,81.1,81.35,2328316
MBN,20070302,3.89,4.03,3.85,3.96,259192
MBP,20070302,0.17,0.17,0.165,0.165,1442191
MBR,20070302,2.43,2.43,2.34,2.38,155680
MBT,20070302,1.06,1.06,1.02,1.04,31000
MCC,20070302,4.76,4.87,4.76,4.85,217722
MCG,20070302,5.92,5.98,5.92,5.96,1018763
MCK,20070302,4.2,4.2,4.2,4.2,1333
MCL,20070302,0.011,0.011,0.011,0.011,1780196
MCO,20070302,0.3,0.335,0.3,0.33,541612
MCP,20070302,2.97,3,2.92,2.97,57237
MCQ,20070302,4.27,4.28,4.25,4.27,7840044
MCR,20070302,2.99,2.99,2.86,2.86,1676352
MCW,20070302,2.15,2.15,2.05,2.07,8071559
MDE,20070302,0.66,0.68,0.66,0.68,8132
MDL,20070302,1.46,1.47,1.45,1.46,651386
MDM,20070302,0.125,0.125,0.125,0.125,90000
MDS,20070302,0.2,0.2,0.19,0.19,214697
MDT,20070302,1.26,1.27,1.225,1.25,10242829
MDX,20070302,0.16,0.16,0.16,0.16,110948
MEE,20070302,0.115,0.125,0.115,0.115,1106737
MEI,20070302,0.245,0.265,0.245,0.245,149591
MEL,20070302,0.83,0.84,0.81,0.81,318321
MEO,20070302,0.58,0.595,0.55,0.55,450992
MEP,20070302,0.76,0.76,0.745,0.75,30025
MFF,20070302,0.975,0.98,0.975,0.975,142400
MFG,20070302,2.01,2.01,2.01,2.01,20000
MFI,20070302,1.79,1.79,1.75,1.77,191985
MFS,20070302,5.3,5.38,5.21,5.35,1326848
MFT,20070302,0.915,0.915,0.9,0.9,286022
MGK,20070302,0.087,0.087,0.087,0.087,22770
MGN,20070302,1.205,1.205,1.205,1.205,230
MGO,20070302,0.235,0.235,0.21,0.21,479000
MGQ,20070302,7,7.05,6.88,6.92,4748825
MGR,20070302,5.56,5.63,5.46,5.51,8137113
MGW,20070302,3.13,3.15,3,3,395932
MGX,20070302,0.7,0.71,0.675,0.675,1479759
MGZ,20070302,0.095,0.095,0.095,0.095,105000
MHI,20070302,0.265,0.265,0.265,0.265,1900
MHL,20070302,0.012,0.012,0.011,0.012,1815000
MIG,20070302,3.84,3.95,3.84,3.9,11836065
MIK,20070302,0.4,0.4,0.37,0.4,173750
MIN,20070302,2.8,2.85,2.8,2.85,55004
MIR,20070302,2.11,2.11,2.1,2.11,16640
MIS,20070302,1.15,1.16,1.15,1.16,105073
MIT,20070302,2.11,2.11,2.11,2.11,15928
MIX,20070302,1.08,1.11,1.07,1.11,68365
MKY,20070302,0.053,0.054,0.048,0.051,5751503
MLB,20070302,3.2,3.29,3.2,3.25,67221
MLE,20070302,2.88,2.94,2.85,2.9,204075
MLI,20070302,0.39,0.39,0.38,0.38,1861999
MLM,20070302,0.7,0.7,0.685,0.685,42340
MLS,20070302,0.073,0.075,0.071,0.073,13069086
MLT,20070302,23.5,23.63,23.5,23.55,11406
MLX,20070302,0.275,0.295,0.275,0.29,1612023
MMA,20070302,1.11,1.12,1.11,1.12,367375
MMB,20070302,0.6,0.6,0.55,0.55,167471
MMG,20070302,4.69,4.69,4.5,4.6,1053841
MML,20070302,1.07,1.08,1.04,1.04,167323
MMN,20070302,0.295,0.3,0.29,0.29,1411813
MMR,20070302,0.175,0.175,0.175,0.175,10000
MMS,20070302,4.66,4.69,4.66,4.69,2140
MMX,20070302,1.78,1.78,1.7,1.725,1356027
MND,20070302,10.85,10.9,10.8,10.82,216684
MNF,20070302,0.27,0.27,0.265,0.265,30000
MNM,20070302,0.28,0.28,0.28,0.28,6350
MOC,20070302,2.95,2.95,2.85,2.85,17840
MOF,20070302,1.545,1.58,1.54,1.56,4355164
MOL,20070302,1.585,1.64,1.57,1.63,151711
MON,20070302,0.26,0.265,0.26,0.26,162836
MOO,20070302,0.195,0.195,0.19,0.19,42000
MOS,20070302,0.145,0.15,0.145,0.145,709404
MOX,20070302,0.75,0.75,0.735,0.735,53814
MPA,20070302,0.029,0.029,0.028,0.028,494400
MPB,20070302,7.2,7.25,7.2,7.25,750
MPD,20070302,0.022,0.022,0.021,0.022,255000
MPF,20070302,1.27,1.27,1.25,1.25,59211
MPG,20070302,0.9,0.91,0.9,0.9,45411
MPH,20070302,0.335,0.335,0.335,0.335,245145
MPI,20070302,0.071,0.071,0.071,0.071,105300
MPJ,20070302,0.007,0.007,0.006,0.006,1177142
MPO,20070302,0.089,0.09,0.085,0.086,6080470
MPR,20070302,1.365,1.365,1.32,1.32,3812315
MPS,20070302,1.095,1.095,1.09,1.095,124272
MPY,20070302,0.985,0.99,0.98,0.98,436045
MRA,20070302,0.98,0.99,0.97,0.98,129002
MRC,20070302,0.16,0.16,0.15,0.15,219761
MRE,20070302,6.92,6.92,6.75,6.8,1851842
MRM,20070302,1.21,1.24,1.19,1.19,3166359
MRN,20070302,1.35,1.35,1.35,1.35,3000
MRO,20070302,2.05,2.05,1.96,1.96,47576
MRU,20070302,0.86,0.86,0.85,0.85,42499
MRX,20070302,0.091,0.091,0.088,0.09,1032500
MRY,20070302,0.078,0.078,0.078,0.078,73000
MRZ,20070302,1.38,1.385,1.365,1.385,272173
MSB,20070302,2.02,2.04,2,2.04,441796
MSC,20070302,0.022,0.025,0.022,0.024,17351754
MSF,20070302,12.3,12.4,12.3,12.3,7333
MSH,20070302,0.061,0.061,0.061,0.061,48689
MSI,20070302,0.03,0.03,0.03,0.03,26000
MST,20070302,0.17,0.17,0.165,0.17,570988
MTB,20070302,0.075,0.08,0.075,0.08,183002
MTH,20070302,0.3,0.3,0.285,0.285,31300
MTI,20070302,0.1,0.1,0.098,0.098,219419
MTN,20070302,3.78,3.8,3.71,3.73,222480
MTS,20070302,4.66,4.7,4.55,4.61,3313355
MTU,20070302,0.47,0.47,0.465,0.47,127360
MUN,20070302,0.275,0.275,0.27,0.27,215000
MUR,20070302,0.092,0.096,0.092,0.096,446952
MUT,20070302,0.041,0.042,0.041,0.042,670000
MVP,20070302,0.55,0.55,0.545,0.545,22200
MWE,20070302,0.265,0.27,0.265,0.27,316999
MWS,20070302,0.091,0.097,0.091,0.097,13653
MXG,20070302,4.41,4.49,4.4,4.4,1873054
MXI,20070302,0.685,0.685,0.67,0.685,450873
MXL,20070302,0.073,0.077,0.073,0.077,497225
MXR,20070302,0.155,0.155,0.145,0.155,361900
MYG,20070302,0.195,0.195,0.19,0.19,28565
MYO,20070302,1.23,1.25,1.23,1.23,191784
MZM,20070302,0.175,0.175,0.175,0.175,10000
NAB,20070302,39.95,40.16,39.66,39.9,3900236
NAD,20070302,0.039,0.04,0.038,0.04,1820600
NAE,20070302,0.4,0.41,0.4,0.4,611462
NAL,20070302,0.073,0.074,0.072,0.072,275524
NAM,20070302,0.64,0.64,0.635,0.635,20058
NAV,20070302,0.5,0.51,0.49,0.495,259698
NBL,20070302,4.83,4.85,4.83,4.85,5000
NCM,20070302,22.48,22.51,21.94,22.08,1130511
NDM,20070302,0.35,0.35,0.34,0.35,63000
NDO,20070302,0.185,0.19,0.185,0.185,279000
NEC,20070302,0.4,0.41,0.4,0.41,100000
NEL,20070302,4.01,4.04,3.85,4,135482
NEM,20070302,5.68,5.68,5.5,5.6,16410
NEO,20070302,0.13,0.13,0.125,0.125,113274
NEU,20070302,0.47,0.48,0.455,0.47,88228
NFL,20070302,1.07,1.1,1.07,1.075,113015
NGF,20070302,0.081,0.14,0.081,0.125,2771283
NGM,20070302,0.31,0.32,0.3,0.32,304578
NHC,20070302,1.42,1.42,1.355,1.355,128605
NHD,20070302,0.1,0.1,0.1,0.1,125000
NHM,20070302,0.006,0.006,0.005,0.005,2148235
NHR,20070302,1.58,1.58,1.57,1.57,2910
NIA,20070302,0.22,0.22,0.215,0.215,1501595
NLG,20070302,0.42,0.43,0.42,0.43,120233
NLS,20070302,0.054,0.054,0.053,0.053,238040
NLX,20070302,1.46,1.46,1.36,1.42,130213
NMB,20070302,0.022,0.022,0.022,0.022,436914
NMI,20070302,0.17,0.17,0.16,0.16,86500
NMS,20070302,0.52,0.525,0.5,0.52,420722
NOD,20070302,2.1,2.11,2.05,2.05,393314
NPX,20070302,6,6,6,6,41200
NQM,20070302,0.175,0.2,0.165,0.2,260000
NRL,20070302,0.36,0.36,0.35,0.36,132000
NRT,20070302,2.68,2.68,2.62,2.62,60211
NRU,20070302,0.32,0.325,0.3,0.305,310880
NSL,20070302,0.04,0.04,0.04,0.04,5000
NST,20070302,0.115,0.115,0.115,0.115,10000
NSX,20070302,0.52,0.52,0.505,0.52,36000
NTC,20070302,0.07,0.07,0.07,0.07,5900
NTU,20070302,1.5,1.54,1.42,1.42,87286
NUF,20070302,10.95,11.29,10.95,11.15,185286
NWA,20070302,0.018,0.018,0.016,0.016,410000
NWE,20070302,0.155,0.165,0.155,0.155,997194
NWK,20070302,0.19,0.19,0.16,0.16,12000
NWR,20070302,0.34,0.34,0.33,0.34,136553
NWS,20070302,29.96,30,29.7,29.7,1112374
NWT,20070302,0.008,0.009,0.008,0.009,9725333
NXS,20070302,0.84,0.87,0.82,0.87,2187182
OBJ,20070302,0.06,0.061,0.06,0.061,450075
OCL,20070302,0.64,0.65,0.635,0.635,70212
OCO,20070302,0.043,0.043,0.041,0.041,283104
ODY,20070302,0.435,0.435,0.43,0.43,123851
OEC,20070302,0.21,0.21,0.205,0.205,952707
OEL,20070302,0.175,0.18,0.17,0.175,296000
OEX,20070302,1.46,1.46,1.44,1.44,30227
OFG,20070302,2.4,2.45,2.4,2.45,23732
OGD,20070302,0.72,0.735,0.72,0.73,944640
OHL,20070302,0.11,0.11,0.11,0.11,12000
OIL,20070302,0.475,0.48,0.47,0.48,64083
OKN,20070302,4.11,4.3,4.11,4.24,202829
OLH,20070302,0.9,0.9,0.9,0.9,1229
OLY,20070302,0.13,0.13,0.13,0.13,15000
OMC,20070302,1.15,1.2,1.15,1.2,476659
ONC,20070302,0.49,0.5,0.49,0.49,879060
ONQ,20070302,0.45,0.45,0.45,0.45,35000
OPC,20070302,0.13,0.15,0.13,0.14,343901
OPL,20070302,0.795,0.795,0.795,0.795,52000
ORC,20070302,0.051,0.057,0.051,0.057,241369
ORD,20070302,0.61,0.61,0.59,0.59,45000
ORG,20070302,9.07,9.29,9.06,9.21,2494010
ORH,20070302,0.175,0.18,0.165,0.165,958455
ORI,20070302,24.45,24.46,24.06,24.19,805627
ORL,20070302,2.25,2.25,2.25,2.25,984
ORO,20070302,0.02,0.022,0.02,0.022,320000
ORT,20070302,0.016,0.017,0.016,0.017,204969
OSH,20070302,3.58,3.6,3.52,3.53,4788253
OST,20070302,5,5.13,4.99,5.09,2750573
OTL,20070302,0.2,0.2,0.2,0.2,242416
OVR,20070302,0.56,0.64,0.56,0.62,335241
OXR,20070302,2.81,2.85,2.76,2.79,21828848
PAA,20070302,0.1,0.115,0.1,0.115,80000
PAY,20070302,2.98,2.98,2.98,2.98,168
PBA,20070302,1.07,1.07,1.07,1.07,58580
PBB,20070302,2.2,2.2,2.2,2.2,110000
PBD,20070302,2.6,2.6,2.55,2.55,156785
PBG,20070302,2.93,3.01,2.93,3,2276868
PBI,20070302,0.16,0.165,0.155,0.165,399730
PBL,20070302,19.05,19.26,18.85,19,1550260
PBO,20070302,0.37,0.37,0.35,0.37,16953
PBP,20070302,1.1,1.1,1.07,1.07,11887
PBT,20070302,0.36,0.365,0.355,0.355,121533
PCC,20070302,0.039,0.039,0.039,0.039,14184
PCG,20070302,0.84,0.84,0.835,0.835,224931
PCL,20070302,0.068,0.068,0.067,0.067,151736
PCP,20070302,0.061,0.061,0.06,0.06,23000
PDL,20070302,3.79,3.89,3.79,3.88,85336
PDM,20070302,0.17,0.17,0.17,0.17,12500
PDN,20070302,8.86,9.03,8.78,8.87,3138917
PDO,20070302,0.665,0.69,0.665,0.69,353000
PDZ,20070302,0.43,0.44,0.41,0.41,68000
PEA,20070302,0.42,0.42,0.42,0.42,20768
PEK,20070302,0.19,0.19,0.19,0.19,10000
PEL,20070302,0.185,0.185,0.17,0.17,263267
PEM,20070302,4.2,4.32,4.2,4.25,656644
PEN,20070302,0.089,0.089,0.083,0.084,10720966
PEP,20070302,0.78,0.82,0.78,0.78,53300
PES,20070302,0.225,0.225,0.215,0.215,640000
PET,20070302,0.96,0.96,0.96,0.96,20000
PFG,20070302,1.14,1.2,1.12,1.2,28090
PFL,20070302,1.8,1.8,1.77,1.77,226800
PGL,20070302,6.35,6.35,6.11,6.23,101053
PGM,20070302,0.35,0.37,0.35,0.35,125000
PGS,20070302,0.3,0.3,0.285,0.3,325100
PHI,20070302,0.55,0.55,0.55,0.55,94500
PHK,20070302,0.42,0.42,0.42,0.42,40000
PIE,20070302,0.1,0.105,0.085,0.094,1165400
PIM,20070302,0.66,0.7,0.66,0.7,213841
PIO,20070302,0.185,0.185,0.185,0.185,20000
PKT,20070302,0.035,0.036,0.033,0.036,302143
PLA,20070302,1.39,1.41,1.33,1.35,302359
PLD,20070302,0.345,0.35,0.345,0.35,61823
PLF,20070302,1.13,1.13,1.105,1.125,380633
PLT,20070302,0.37,0.375,0.34,0.34,368652
PLV,20070302,0.375,0.38,0.37,0.38,40500
PMA,20070302,1.9,1.9,1.8,1.88,83813
PMC,20070302,2.23,2.23,2.19,2.2,139582
PME,20070302,1.34,1.34,1.34,1.34,16000
PMH,20070302,0.43,0.44,0.42,0.42,363350
PMM,20070302,4.86,4.9,4.86,4.9,17471
PMN,20070302,7.12,7.23,7.12,7.18,6396191
PMP,20070302,1.82,1.89,1.82,1.855,387884
PMV,20070302,7.15,7.35,7.15,7.35,9713
PNA,20070302,0.36,0.365,0.345,0.35,2491029
PNN,20070302,1.55,1.55,1.5,1.5,175032
PNO,20070302,0.024,0.024,0.024,0.024,1030000
PNW,20070302,0.056,0.06,0.055,0.055,492746
POH,20070302,0.27,0.27,0.265,0.27,238990
POL,20070302,0.3,0.32,0.3,0.32,3929481
PPC,20070302,4.2,4.23,4.18,4.23,23010
PPD,20070302,0.115,0.115,0.115,0.115,107500
PPG,20070302,0.38,0.38,0.38,0.38,25000
PPI,20070302,0.545,0.545,0.52,0.53,63000
PPK,20070302,0.83,0.84,0.83,0.84,16985
PPN,20070302,0.15,0.15,0.15,0.15,18900
PPP,20070302,0.15,0.15,0.15,0.15,300
PPR,20070302,2.19,2.2,2.19,2.2,25230
PPS,20070302,1.07,1.08,1.06,1.06,23500
PPT,20070302,75.8,76.4,75,75.31,109268
PPX,20070302,3.98,4.01,3.93,3.95,2890931
PPY,20070302,0.44,0.44,0.405,0.41,70543
PRE,20070302,0.02,0.021,0.02,0.02,1974002
PRG,20070302,5.18,5.25,5.15,5.25,59905
PRR,20070302,0.045,0.045,0.045,0.045,215000
PRU,20070302,0.47,0.47,0.46,0.46,55000
PRV,20070302,1.19,1.19,1.17,1.17,142361
PRY,20070302,12.21,12.35,12.2,12.35,239134
PSA,20070302,1.95,1.985,1.94,1.945,203533
PSD,20070302,0.215,0.225,0.205,0.22,978350
PSH,20070302,1.91,1.91,1.85,1.86,64900
PSP,20070302,0.13,0.13,0.125,0.125,385300
PST,20070302,0.81,0.82,0.795,0.8,173300
PSV,20070302,0.39,0.395,0.38,0.395,2291666
PTB,20070302,2.45,2.45,2.45,2.45,7000
PTD,20070302,1.65,1.675,1.65,1.65,154496
PTR,20070302,0.95,0.95,0.915,0.915,211550
PTS,20070302,0.12,0.12,0.115,0.115,50000
PVE,20070302,1.55,1.55,1.55,1.55,25000
PWK,20070302,3.45,3.45,3.4,3.4,13973
PWR,20070302,0.415,0.42,0.415,0.42,13540
PWT,20070302,2.28,2.28,2.27,2.27,168910
PXL,20070302,0.28,0.28,0.28,0.28,31500
PXR,20070302,0.285,0.285,0.285,0.285,29297
PXS,20070302,3.1,3.16,3.06,3.15,238720
PYC,20070302,0.37,0.37,0.35,0.35,40241
PYM,20070302,0.46,0.5,0.46,0.48,386145
QAN,20070302,5.19,5.27,5.18,5.23,35920031
QBE,20070302,32.05,32.1,31.33,31.33,2755755
QCH,20070302,3.35,3.4,3.34,3.4,28060
QFX,20070302,0.225,0.235,0.225,0.23,698000
QGC,20070302,1.525,1.545,1.455,1.48,14606968
QGM,20070302,0.22,0.22,0.22,0.22,61300
QHL,20070302,0.48,0.48,0.435,0.46,145511
QMG,20070302,0.29,0.29,0.29,0.29,50000
QMT,20070302,3.17,3.17,3.15,3.15,39838
QOL,20070302,0.4,0.41,0.4,0.4,219000
QRS,20070302,0.405,0.41,0.405,0.41,70006
QTK,20070302,0.155,0.155,0.15,0.15,202544
QTM,20070302,0.11,0.11,0.11,0.11,47900
QXQ,20070302,0.063,0.063,0.059,0.061,393088
RAT,20070302,1.125,1.13,1.1,1.11,844395
RAU,20070302,0.046,0.046,0.045,0.045,200000
RBM,20070302,0.14,0.165,0.14,0.15,2683831
RBR,20070302,0.19,0.195,0.19,0.195,15000
RBY,20070302,0.03,0.03,0.03,0.03,1033699
RCG,20070302,0.165,0.17,0.16,0.17,288835
RCI,20070302,0.19,0.19,0.17,0.17,301800
RCL,20070302,1.69,1.695,1.66,1.685,527932
RCM,20070302,0.105,0.105,0.105,0.105,835
RCO,20070302,0.81,0.82,0.81,0.82,99000
RCR,20070302,1.96,1.98,1.945,1.95,186443
RCT,20070302,4.3,4.3,4.27,4.27,1955
RDF,20070302,3.35,3.45,3.34,3.45,171765
RDM,20070302,0.315,0.315,0.29,0.29,122000
RDR,20070302,0.5,0.53,0.5,0.525,510415
RDS,20070302,0.77,0.785,0.75,0.785,22273
REA,20070302,6.06,6.06,5.91,6,235420
REB,20070302,4.46,4.46,4.45,4.46,387916
RED,20070302,0.098,0.098,0.098,0.098,142000
REF,20070302,4.79,4.81,4.7,4.78,55285
REH,20070302,24,25.92,23.47,25.92,3915
REO,20070302,0.03,0.03,0.03,0.03,77689
REU,20070302,1.045,1.045,1.03,1.035,2519715
REX,20070302,2.1,2.1,2.01,2.06,166730
REY,20070302,0.1,0.11,0.1,0.11,55000
RFE,20070302,0.39,0.4,0.385,0.4,100000
RFG,20070302,1.65,1.65,1.65,1.65,60824
RGP,20070302,0.155,0.155,0.155,0.155,7100
RHC,20070302,11.42,11.65,11.42,11.6,223949
RHD,20070302,0.67,0.7,0.67,0.7,317359
RHI,20070302,2.12,2.15,2.12,2.15,37300
RHL,20070302,3.6,3.6,3.6,3.6,67
RHT,20070302,0.027,0.03,0.027,0.03,71390
RIC,20070302,1.08,1.09,1.06,1.065,1573946
RIM,20070302,0.026,0.026,0.026,0.026,118721
RIN,20070302,18.86,18.95,18.82,18.9,6007546
RIO,20070302,75.74,75.82,75.43,75.46,1392092
RIV,20070302,1.92,1.96,1.91,1.96,169286
RJT,20070302,1.06,1.07,1.05,1.055,793456
RKN,20070302,1.09,1.09,1.07,1.09,603240
RLA,20070302,0.155,0.175,0.15,0.175,1173370
RMD,20070302,5.95,5.98,5.91,5.94,2697132
RMG,20070302,0.016,0.016,0.015,0.015,10067601
RMI,20070302,0.035,0.035,0.035,0.035,192143
RML,20070302,0.2,0.2,0.185,0.185,766474
RMS,20070302,0.425,0.425,0.4,0.4,289824
RNC,20070302,0.14,0.15,0.14,0.15,57500
RNG,20070302,0.06,0.062,0.06,0.06,584855
RNI,20070302,0.42,0.42,0.37,0.37,141834
RNY,20070302,1.185,1.185,1.135,1.15,113359
ROC,20070302,3.05,3.07,2.98,3.01,1679374
ROL,20070302,0.19,0.19,0.18,0.18,18342
ROY,20070302,0.265,0.275,0.25,0.25,816881
RPG,20070302,1.2,1.2,1.2,1.2,12274
RPM,20070302,0.069,0.069,0.069,0.069,25000
RPX,20070302,1.79,1.85,1.76,1.85,316440
RRA,20070302,0.72,0.72,0.705,0.705,227200
RRL,20070302,0.096,0.097,0.096,0.097,497322
RRS,20070302,0.029,0.03,0.028,0.03,8183475
RRT,20070302,0.88,0.89,0.87,0.87,573231
RSG,20070302,1.41,1.44,1.4,1.4,149009
RSN,20070302,0.12,0.12,0.115,0.12,562926
RSP,20070302,1.34,1.38,1.34,1.38,26121
RTL,20070302,0.094,0.094,0.093,0.093,110760
RUP,20070302,13.26,13.29,13.21,13.21,342491
RVR,20070302,0.14,0.14,0.14,0.14,40000
RWD,20070302,0.41,0.41,0.41,0.41,10000
RXL,20070302,0.275,0.275,0.26,0.27,74675
SAE,20070302,0.275,0.28,0.27,0.275,189375
SAF,20070302,0.057,0.057,0.057,0.057,20000
SAI,20070302,3.66,3.74,3.66,3.7,351644
SAQ,20070302,5.5,5.54,5.5,5.5,10527
SAU,20070302,0.48,0.49,0.44,0.44,242195
SBC,20070302,16.07,16.36,15.9,16.11,40890
SBI,20070302,0.65,0.65,0.62,0.62,76551
SBL,20070302,0.03,0.031,0.029,0.031,3754666
SBM,20070302,0.53,0.545,0.525,0.545,645051
SBP,20070302,0.038,0.039,0.038,0.039,56000
SBS,20070302,0.086,0.088,0.083,0.085,871675
SCC,20070302,0.39,0.39,0.39,0.39,2383
SCD,20070302,0.041,0.041,0.041,0.041,1000000
SCE,20070302,0.013,0.013,0.012,0.013,1080000
SCV,20070302,0.8,0.8,0.8,0.8,4200
SCX,20070302,0.089,0.09,0.089,0.089,114803
SDG,20070302,3.8,3.81,3.73,3.75,909905
SDI,20070302,0.9,0.9,0.9,0.9,600
SDL,20070302,0.08,0.083,0.08,0.083,3699501
SDM,20070302,2.4,2.45,2.4,2.42,102688
SEA,20070302,0.285,0.285,0.275,0.28,450500
SEG,20070302,0.73,0.73,0.64,0.7,115000
SEK,20070302,7.4,7.55,7.38,7.5,512310
SEN,20070302,0.235,0.235,0.225,0.23,1462158
SEV,20070302,11.43,11.69,11.38,11.47,1346104
SFC,20070302,7.99,8.03,7.99,8.03,6320
SFH,20070302,2.03,2.05,2,2.01,142228
SFP,20070302,1.1,1.16,1.1,1.15,139639
SFR,20070302,0.55,0.56,0.55,0.56,53000
SFY,20070302,56.22,56.22,56.22,56.22,100
SGB,20070302,32.65,33.09,32.6,32.9,992797
SGL,20070302,0.38,0.385,0.375,0.375,655639
SGM,20070302,21.8,22.72,21.6,22.13,180677
SGN,20070302,2.99,3.02,2.99,3,762604
SGP,20070302,8.61,8.65,8.42,8.45,5758132
SGT,20070302,2.6,2.61,2.55,2.58,15910755
SGV,20070302,0.06,0.06,0.06,0.06,19700
SGX,20070302,7.34,7.35,7.07,7.25,606330
SHA,20070302,0.7,0.7,0.7,0.7,9000
SHE,20070302,0.455,0.48,0.45,0.47,217457
SHG,20070302,0.365,0.37,0.36,0.37,17291
SHL,20070302,13.83,13.97,13.7,13.8,1857090
SHV,20070302,10.06,10.13,10.01,10.1,84234
SHX,20070302,0.185,0.185,0.185,0.185,25043
SIE,20070302,0.096,0.096,0.093,0.093,68000
SIM,20070302,0.59,0.6,0.59,0.6,57500
SIP,20070302,2.52,2.56,2.52,2.52,2117183
SKC,20070302,4.47,4.47,4.34,4.41,7226
SKE,20070302,5.9,5.9,5.86,5.88,22500
SKI,20070302,1.905,1.94,1.89,1.9,3086102
SLA,20070302,0.685,0.7,0.685,0.685,104050
SLF,20070302,23,23,22.75,22.79,5372
SLM,20070302,4.02,4.23,4.02,4.1,634807
SLT,20070302,0.027,0.027,0.025,0.025,236885
SLV,20070302,0.975,1,0.96,0.99,521033
SLX,20070302,7.08,7.1,6.75,6.95,420910
SMC,20070302,0.13,0.13,0.13,0.13,27850
SML,20070302,0.023,0.025,0.023,0.024,253442
SMM,20070302,4.4,4.57,4.4,4.45,3483818
SMN,20070302,0.225,0.225,0.22,0.225,624533
SMX,20070302,4.27,4.3,4.22,4.22,54098
SMY,20070302,4.15,4.22,4.09,4.13,2125023
SNL,20070302,0.28,0.28,0.28,0.28,5775
SNN,20070302,0.082,0.082,0.082,0.082,50000
SNO,20070302,0.75,0.76,0.715,0.72,22995
SOE,20070302,0.21,0.215,0.21,0.215,346248
SOL,20070302,9.2,9.2,9.01,9.01,17335
SOM,20070302,0.019,0.02,0.019,0.02,1025000
SOT,20070302,0.815,0.82,0.795,0.8,273453
SPH,20070302,1.7,1.79,1.7,1.79,51672
SPL,20070302,0.495,0.495,0.455,0.48,149200
SPN,20070302,1.375,1.405,1.37,1.395,4029652
SPT,20070302,4.85,4.95,4.85,4.87,858836
SRA,20070302,0.065,0.065,0.055,0.059,7988000
SRG,20070302,1.315,1.32,1.305,1.32,9940036
SRH,20070302,2.22,2.22,2.2,2.22,40824
SRI,20070302,0.083,0.083,0.08,0.08,250000
SRK,20070302,2.2,2.24,2.16,2.16,197556
SRL,20070302,3.39,3.4,3.37,3.39,1070752
SRV,20070302,5.29,5.29,5.29,5.29,200
SRX,20070302,3.42,3.45,3.23,3.38,16902
SRZ,20070302,0.265,0.275,0.265,0.275,45399
SSC,20070302,0.02,0.021,0.02,0.021,250000
SSI,20070302,2.9,2.95,2.89,2.95,29096
SSM,20070302,1.51,1.52,1.48,1.485,83891
SSN,20070302,0.28,0.28,0.27,0.275,107550
SSX,20070302,1.94,1.975,1.935,1.94,635241
STB,20070302,0.235,0.235,0.22,0.235,104090
STG,20070302,1.61,1.62,1.56,1.59,34470
STO,20070302,9.32,9.48,9.27,9.47,3636829
STS,20070302,1.9,1.9,1.9,1.9,8000
STU,20070302,0.91,0.925,0.89,0.925,77797
STW,20070302,57.06,57.62,57.06,57.25,63952
STX,20070302,0.24,0.24,0.23,0.24,185443
SUL,20070302,3.87,3.94,3.75,3.82,427593
SUN,20070302,20.78,21.09,20.67,20.91,5201328
SUR,20070302,0.093,0.093,0.093,0.093,32500
SWG,20070302,0.011,0.011,0.011,0.011,4166667
SWK,20070302,0.5,0.58,0.49,0.58,402654
SWN,20070302,0.29,0.29,0.29,0.29,3445
SYB,20070302,3.74,3.86,3.74,3.83,4436210
SYG,20070302,0.012,0.012,0.012,0.012,100000
SYL,20070302,5.3,5.3,5.3,5.3,3200
SYM,20070302,0.55,0.57,0.54,0.57,126421
SYN,20070302,1.64,1.65,1.64,1.65,24920
SYP,20070302,0.455,0.49,0.45,0.48,54000
TAG,20070302,0.39,0.39,0.39,0.39,10000
TAH,20070302,16.25,16.26,15.96,16.07,2379720
TAL,20070302,2.75,2.9,2.75,2.8,135826
TAM,20070302,0.105,0.11,0.105,0.11,1268902
TAN,20070302,0.48,0.48,0.46,0.48,24000
TAP,20070302,1.565,1.57,1.55,1.56,896958
TAS,20070302,0.235,0.235,0.22,0.22,295183
TAW,20070302,0.11,0.11,0.105,0.105,300000
TBG,20070302,1.55,1.55,1.51,1.51,16000
TCL,20070302,7.58,7.63,7.57,7.6,5720202
TCN,20070302,0.08,0.08,0.08,0.08,17747
TCQ,20070302,1.97,1.97,1.95,1.95,313326
TDR,20070302,0.026,0.026,0.025,0.025,846400
TEE,20070302,0.011,0.012,0.011,0.011,1022031
TEL,20070302,4.21,4.34,4.21,4.3,5045057
TEN,20070302,3.24,3.29,3.23,3.24,517952
TEX,20070302,0.22,0.23,0.215,0.215,227000
TFC,20070302,0.585,0.59,0.575,0.58,254534
TFE,20070302,0.5,0.505,0.49,0.49,287196
TFS,20070302,0.28,0.28,0.28,0.28,10000
TGF,20070302,0.49,0.5,0.45,0.45,204167
TGG,20070302,1.69,1.69,1.67,1.68,69000
TGP,20070302,2.55,2.6,2.55,2.6,53340
TGR,20070302,2.59,2.75,2.59,2.65,672398
TGS,20070302,0.44,0.44,0.42,0.43,102612
THG,20070302,0.9,0.905,0.9,0.905,3084813
THK,20070302,0.29,0.29,0.29,0.29,35000
THO,20070302,0.815,0.815,0.81,0.81,104607
THR,20070302,0.23,0.23,0.215,0.215,280000
THX,20070302,0.41,0.415,0.395,0.415,268584
TIM,20070302,1.95,1.96,1.9,1.905,2262861
TJN,20070302,1.195,1.2,1.195,1.2,7500
TKG,20070302,0.011,0.011,0.011,0.011,268000
TKL,20070302,0.245,0.245,0.245,0.245,26166
TLM,20070302,0.18,0.2,0.18,0.2,429000
TLS,20070302,4.21,4.23,4.17,4.19,26149896
TLZ,20070302,0.275,0.275,0.25,0.25,1000
TMM,20070302,1,1,1,1,9875
TMO,20070302,0.23,0.23,0.22,0.22,351330
TMR,20070302,0.23,0.23,0.22,0.225,1461671
TMX,20070302,0.19,0.19,0.19,0.19,10000
TNC,20070302,0.028,0.029,0.028,0.029,168344
TNE,20070302,1.02,1.04,1.02,1.02,229900
TNG,20070302,0.435,0.435,0.42,0.42,77000
TNL,20070302,0.495,0.495,0.485,0.485,50559
TOE,20070302,1.15,1.15,1.07,1.08,833304
TOL,20070302,19.18,19.28,19.02,19.05,2732821
TOX,20070302,2.04,2.13,2.04,2.08,306856
TPI,20070302,10.3,10.32,10.03,10.23,425212
TPX,20070302,7.36,7.45,7.35,7.45,6029
TQH,20070302,0.275,0.275,0.275,0.275,54340
TRF,20070302,0.59,0.62,0.59,0.62,229121
TRG,20070302,13.61,13.65,13.51,13.55,17723
TRH,20070302,0.205,0.205,0.2,0.2,37500
TRO,20070302,1.32,1.32,1.28,1.28,27100
TRS,20070302,10.31,10.4,10.27,10.35,10178
TRU,20070302,11.9,11.9,11.9,11.9,1000
TRY,20070302,2.97,3.05,2.93,3.05,97826
TSE,20070302,11,11.12,10.86,10.97,549889
TSH,20070302,0.45,0.45,0.445,0.445,4000
TSO,20070302,2.68,2.68,2.6,2.6,3635941
TSR,20070302,0.06,0.06,0.059,0.06,116312
TSV,20070302,0.017,0.018,0.017,0.018,69500
TTI,20070302,0.38,0.405,0.38,0.405,1164912
TTR,20070302,0.1,0.1,0.099,0.099,265069
TTS,20070302,4.55,4.7,4.55,4.67,4682270
TTV,20070302,0.2,0.2,0.2,0.2,273020
TVL,20070302,0.395,0.4,0.385,0.4,302500
TVN,20070302,0.021,0.021,0.02,0.021,19002519
TWO,20070302,2.38,2.38,2.38,2.38,6200
TWR,20070302,2.12,2.17,2.1,2.12,318034
TZL,20070302,0.56,0.595,0.56,0.59,747068
TZN,20070302,1.66,1.68,1.64,1.65,70100
UBI,20070302,1.35,1.35,1.28,1.28,12265
UCL,20070302,0.023,0.023,0.022,0.022,290300
UCW,20070302,1.13,1.15,1.13,1.15,25000
UEQ,20070302,0.63,0.64,0.6,0.63,458380
UGL,20070302,13.3,13.5,13.26,13.47,556722
UKL,20070302,0.875,0.88,0.815,0.86,343510
ULT,20070302,0.05,0.05,0.045,0.045,17821
UMC,20070302,0.28,0.285,0.26,0.28,423125
UNI,20070302,0.35,0.35,0.335,0.345,543910
UNW,20070302,0.33,0.345,0.33,0.345,145000
UNX,20070302,2,2,1.9,1.905,64445
UOG,20070302,0.16,0.16,0.155,0.155,89944
URA,20070302,0.63,0.645,0.61,0.64,616931
URL,20070302,0.17,0.175,0.155,0.155,20804711
USA,20070302,0.39,0.39,0.37,0.38,179076
UTO,20070302,0.69,0.715,0.635,0.635,384927
UXA,20070302,0.36,0.375,0.35,0.35,176601
UXC,20070302,1.59,1.625,1.535,1.625,470717
VBA,20070302,2.61,2.72,2.61,2.68,203151
VCN,20070302,0.23,0.235,0.23,0.235,295000
VCR,20070302,0.92,0.92,0.905,0.92,582651
VEA,20070302,3.34,3.38,3.34,3.35,457697
VGH,20070302,2.95,2.98,2.9,2.95,458453
VHL,20070302,0.165,0.165,0.16,0.16,17700
VIA,20070302,1.8,1.8,1.8,1.8,800
VIR,20070302,1.03,1.04,1.02,1.03,144636
VKI,20070302,1.07,1.07,1.07,1.07,2000
VLA,20070302,0.1,0.105,0.1,0.105,109238
VLL,20070302,0.095,0.095,0.09,0.09,294287
VMG,20070302,2.4,2.4,2.38,2.38,7800
VML,20070302,0.57,0.57,0.53,0.55,166050
VMS,20070302,0.45,0.59,0.45,0.59,1446102
VOF,20070302,1.03,1.03,1.03,1.03,4700
VPE,20070302,0.23,0.235,0.23,0.23,248557
VPG,20070302,1.995,2,1.95,1.97,5252101
VRE,20070302,0.28,0.29,0.275,0.285,480141
VRL,20070302,3.43,3.46,3.38,3.38,66092
VSG,20070302,0.012,0.013,0.012,0.013,1528667
VTP,20070302,1.27,1.27,1.27,1.27,15400
WAB,20070302,1.115,1.12,1.11,1.12,117025
WAL,20070302,0.23,0.23,0.23,0.23,138500
WAM,20070302,1.92,1.92,1.9,1.91,107980
WAN,20070302,14.85,15.25,14.78,15.03,498410
WAS,20070302,0.037,0.038,0.037,0.038,230000
WAT,20070302,2.23,2.25,2.22,2.25,18890
WBA,20070302,1.04,1.07,1.04,1.055,108050
WBB,20070302,11.9,12.25,11.9,12.25,3290
WBC,20070302,25.2,25.42,25.05,25.09,5899673
WCL,20070302,0.405,0.41,0.39,0.39,11115
WCP,20070302,0.18,0.18,0.175,0.175,12055
WDC,20070302,21.45,21.48,21.22,21.28,8029525
WDS,20070302,1.85,1.86,1.8,1.8,271131
WEB,20070302,0.315,0.32,0.315,0.32,448380
WEC,20070302,1.885,1.91,1.86,1.86,81000
WES,20070302,35.8,35.87,35.5,35.7,1363917
WEZ,20070302,0.135,0.14,0.135,0.135,158279
WFL,20070302,1.52,1.52,1.5,1.5,175100
WGP,20070302,0.08,0.08,0.08,0.08,157226
WGR,20070302,0.4,0.4,0.39,0.4,268293
WHE,20070302,1.69,1.69,1.62,1.63,132900
WHF,20070302,4.7,4.7,4.65,4.7,18282
WHG,20070302,2.25,2.3,2.22,2.3,1140543
WHS,20070302,6.05,6.2,6.05,6.2,157756
WIL,20070302,1.15,1.15,1.135,1.135,199067
WKR,20070302,0.285,0.29,0.28,0.28,50000
WLF,20070302,0.75,0.86,0.75,0.84,247412
WLS,20070302,1.17,1.17,1.15,1.15,61043
WME,20070302,0.155,0.165,0.155,0.165,610295
WMT,20070302,0.175,0.185,0.17,0.175,36529977
WOR,20070302,26.61,27.29,26.37,26.5,964117
WOW,20070302,26.71,27.28,26.69,27.03,2504922
WPG,20070302,0.31,0.31,0.31,0.31,122175
WPL,20070302,36.95,37.09,36.54,36.7,1995884
WRF,20070302,0.43,0.45,0.43,0.45,29000
WRK,20070302,0.22,0.22,0.21,0.21,186090
WRL,20070302,0.265,0.265,0.265,0.265,169300
WSA,20070302,3.94,3.94,3.82,3.82,330864
WSS,20070302,0.052,0.052,0.052,0.052,21750
WSY,20070302,0.029,0.029,0.029,0.029,20000
WTE,20070302,0.195,0.2,0.195,0.2,255000
WTF,20070302,4.4,4.4,4.31,4.36,113198
WTN,20070302,0.26,0.26,0.25,0.25,69000
WTP,20070302,3.95,3.95,3.85,3.85,82336
WWA,20070302,2.33,2.34,2.33,2.34,46180
WWM,20070302,0.455,0.46,0.36,0.37,2030059
WYL,20070302,3.4,3.43,3.37,3.43,47139
XAO,20070302,5793.7,5810.7,5769.6,5775.2,0
XBL,20070302,0.18,0.18,0.17,0.175,131042
XDJ,20070302,2776.5,2787.5,2762,2774.8,0
XEJ,20070302,12367.3,12409.9,12278.3,12334.8,0
XEN,20070302,0.076,0.076,0.075,0.075,222268
XFJ,20070302,6900.1,6922.7,6859,6862.7,0
XFL,20070302,5618.4,5643.7,5598.3,5602.6,0
XGD,20070302,4503.7,4503.7,4503.7,4503.7,0
XHJ,20070302,8051.5,8086.6,8004.7,8024.2,0
XIJ,20070302,611.7,612,597.3,599.3,0
XJO,20070302,5804.7,5825.8,5780.9,5786,0
XKO,20070302,5816.2,5836.8,5792.1,5797.2,0
XMD,20070302,6030,6039.7,5983.6,5992.2,0
XMJ,20070302,10987.9,11024.4,10949.7,10956.8,0
XMM,20070302,3654.7,3654.7,3654.7,3654.7,0
XNJ,20070302,6487.6,6544.2,6476.9,6512.7,0
XPJ,20070302,2441.4,2442,2399.8,2401.2,0
XRF,20070302,0.15,0.15,0.15,0.15,40000
XSJ,20070302,7827.1,7888.3,7793.6,7832.5,0
XSO,20070302,3510.7,3516.4,3490.4,3501.4,0
XST,20070302,0.49,0.5,0.49,0.49,123100
XTE,20070302,20,20,20,20,450
XTJ,20070302,1511.8,1519.9,1498.2,1502.2,0
XTL,20070302,3063.7,3078.6,3053.2,3055.3,0
XTO,20070302,4690.7,4709.5,4671.3,4675,0
XUJ,20070302,7266.5,7300.9,7250,7264.2,0
XXJ,20070302,7042.6,7088.7,7024.1,7028.2,0
YGL,20070302,0.125,0.125,0.125,0.125,34000
YML,20070302,0.215,0.215,0.2,0.2,434777
YRR,20070302,0.61,0.62,0.58,0.58,160195
ZFX,20070302,16.85,16.9,16.53,16.67,3444581
ZGL,20070302,0.22,0.23,0.215,0.22,740000
ZGM,20070302,0.335,0.35,0.32,0.32,77250
ZIM,20070302,10.5,10.5,10.5,10.5,52
ZYL,20070302,0.037,0.037,0.036,0.036,400000
