AAC,20070316,2.4,2.4,2.39,2.4,267318
AAE,20070316,0.33,0.33,0.315,0.315,53733
AAM,20070316,0.185,0.185,0.185,0.185,222422
AAN,20070316,14.55,14.64,14.36,14.45,1553995
AAO,20070316,0.19,0.2,0.19,0.2,54542
AAQ,20070316,0.5,0.5,0.5,0.5,20750
AAR,20070316,0.061,0.061,0.058,0.061,2560000
AAT,20070316,0.076,0.084,0.076,0.084,37000
AAU,20070316,0.45,0.455,0.445,0.455,72071
AAX,20070316,6.18,6.2,6.17,6.2,80711
ABB,20070316,7.36,7.42,7.33,7.4,395570
ABC,20070316,3.37,3.46,3.31,3.45,517255
ABI,20070316,0.039,0.039,0.039,0.039,50000
ABP,20070316,1.9,1.94,1.895,1.94,10878328
ABQ,20070316,0.3,0.3,0.29,0.3,49500
ABS,20070316,7.35,7.51,7.3,7.38,5144798
ABU,20070316,0.14,0.155,0.14,0.15,1966427
ABW,20070316,11.25,11.25,11.25,11.25,513
ABY,20070316,2.14,2.2,2.12,2.15,2555165
ACB,20070316,1.65,1.65,1.57,1.58,979753
ACE,20070316,0.275,0.275,0.27,0.27,265000
ACG,20070316,0.19,0.19,0.175,0.175,68690
ACL,20070316,1.02,1.045,1.02,1.03,46003
ACR,20070316,1.25,1.33,1.25,1.32,523238
ACS,20070316,0.11,0.11,0.11,0.11,30000
ADA,20070316,0.61,0.61,0.6,0.6,90500
ADB,20070316,13.17,13.17,12.97,13,398155
ADG,20070316,3.6,3.65,3.6,3.65,4107
ADI,20070316,0.54,0.55,0.535,0.535,243500
ADL,20070316,0.083,0.083,0.083,0.083,55974
ADN,20070316,0.48,0.49,0.48,0.49,11032
ADS,20070316,0.17,0.175,0.16,0.165,539346
ADU,20070316,0.58,0.59,0.51,0.59,86846
ADX,20070316,0.105,0.105,0.105,0.105,60000
ADY,20070316,0.145,0.15,0.135,0.14,11310150
ADZ,20070316,2.54,2.54,2.53,2.54,193443
AEC,20070316,3.7,3.73,3.68,3.69,13993
AED,20070316,4.88,4.98,4.88,4.89,281686
AEE,20070316,0.52,0.52,0.51,0.51,30200
AEF,20070316,45,45,45,45,516
AEI,20070316,0.58,0.58,0.58,0.58,32600
AEO,20070316,2.01,2.03,1.99,1.99,262623
AEP,20070316,4.06,4.06,4.03,4.03,6700
AET,20070316,0.905,0.905,0.905,0.905,402
AEU,20070316,1.875,1.88,1.84,1.84,110597
AEX,20070316,0.039,0.039,0.037,0.037,5078674
AEZ,20070316,1.28,1.29,1.25,1.29,6530007
AFG,20070316,11,11.17,10.84,11.08,1834715
AFI,20070316,5.34,5.35,5.3,5.31,179578
AFT,20070316,0.009,0.009,0.008,0.008,499035
AGC,20070316,1.755,1.77,1.73,1.75,5334475
AGD,20070316,0.031,0.031,0.03,0.03,116000
AGF,20070316,1.13,1.135,1.12,1.135,144071
AGG,20070316,10.75,10.75,10.74,10.75,4140
AGI,20070316,0.55,0.67,0.53,0.625,675882
AGK,20070316,15.06,15.14,14.86,14.88,1507275
AGM,20070316,0.655,0.67,0.655,0.67,4778672
AGO,20070316,0.59,0.59,0.575,0.59,295842
AGS,20070316,1.725,1.73,1.67,1.73,1063202
AGX,20070316,0.12,0.12,0.115,0.115,40000
AGY,20070316,0.18,0.41,0.18,0.34,5128939
AHD,20070316,6.39,6.39,6.39,6.39,1222
AHE,20070316,2.95,2.99,2.95,2.95,9355
AHI,20070316,3.77,3.8,3.77,3.77,164921
AHN,20070316,0.295,0.295,0.295,0.295,23000
AHS,20070316,0.75,0.755,0.705,0.705,495900
AIA,20070316,2.05,2.1,2.05,2.1,82235
AIE,20070316,0.26,0.28,0.24,0.27,1941387
AIM,20070316,0.25,0.25,0.245,0.25,1950462
AIV,20070316,0.12,0.12,0.12,0.12,50000
AIX,20070316,2.78,2.86,2.77,2.84,1258600
AIZ,20070316,1.8,1.85,1.8,1.8,24834
AJL,20070316,1.15,1.18,1.15,1.18,137185
AKK,20070316,0.255,0.26,0.24,0.24,605206
ALB,20070316,2.48,2.6,2.48,2.54,586104
ALD,20070316,0.33,0.34,0.325,0.34,50000
ALK,20070316,0.21,0.22,0.205,0.21,341000
ALL,20070316,16.3,16.43,16.26,16.4,808248
ALS,20070316,12.11,12.16,11.95,12.1,122509
ALT,20070316,0.023,0.024,0.022,0.022,305549
ALU,20070316,1.1,1.1,1.1,1.1,4700
ALZ,20070316,2.23,2.23,2.17,2.17,816245
AMA,20070316,0.46,0.475,0.46,0.475,286000
AMC,20070316,7.49,7.56,7.39,7.55,3059529
AMH,20070316,0.67,0.685,0.67,0.685,15538
AMM,20070316,0.175,0.19,0.17,0.18,1520105
AMP,20070316,10.24,10.26,10.06,10.07,4152696
AMU,20070316,0.74,0.74,0.725,0.73,131751
AND,20070316,0.4,0.44,0.4,0.43,1811491
ANE,20070316,3.88,3.9,3.61,3.61,80613
ANG,20070316,1.11,1.16,1.11,1.14,37930
ANH,20070316,0.051,0.053,0.051,0.053,370294
ANM,20070316,0.385,0.39,0.37,0.39,12858
ANN,20070316,11.6,11.68,11.5,11.63,313436
ANP,20070316,0.041,0.044,0.041,0.044,819257
ANZ,20070316,28.74,29.02,28.62,28.95,3425033
AOC,20070316,0.079,0.079,0.079,0.079,25000
AOD,20070316,9.75,9.75,9.45,9.45,6000
AOE,20070316,1.595,1.6,1.54,1.57,3338118
AOI,20070316,0.07,0.07,0.066,0.066,599000
AOP,20070316,0.405,0.42,0.385,0.4,261698
AOS,20070316,0.063,0.065,0.063,0.065,111111
APA,20070316,4.16,4.18,4.15,4.15,1374314
APB,20070316,0.145,0.145,0.145,0.145,120000
APD,20070316,3.3,3.3,3.25,3.25,46439
APE,20070316,10.6,10.6,10.6,10.6,929
APG,20070316,0.17,0.17,0.16,0.16,5308856
API,20070316,1.95,1.95,1.93,1.95,2732916
APK,20070316,0.64,0.64,0.63,0.63,69600
APN,20070316,5.86,5.91,5.81,5.87,575691
APV,20070316,0.08,0.08,0.079,0.079,126500
APZ,20070316,2.2,2.36,2.2,2.36,350103
AQA,20070316,4.12,4.12,4,4.1,12000
AQD,20070316,0.18,0.18,0.175,0.18,100000
AQP,20070316,36.5,37.24,36.5,37,69569
ARE,20070316,0.195,0.195,0.195,0.195,150000
ARG,20070316,7.75,7.8,7.7,7.8,71695
ARJ,20070316,0.01,0.01,0.01,0.01,750000
ARM,20070316,0.435,0.455,0.435,0.455,29994
ARO,20070316,0.02,0.021,0.02,0.021,867659
ARQ,20070316,1.35,1.35,1.335,1.35,333534
ARR,20070316,3.3,3.3,3.21,3.24,51954
ARU,20070316,0.9,0.9,0.84,0.875,2099062
ARV,20070316,0.29,0.34,0.285,0.335,1799000
ARW,20070316,0.39,0.39,0.375,0.375,3736957
ARX,20070316,0.02,0.02,0.019,0.019,2008469
ASB,20070316,3.27,3.38,3.22,3.25,727757
ASC,20070316,0.03,0.03,0.03,0.03,426579
ASL,20070316,1.99,1.99,1.97,1.97,25400
ASU,20070316,0.03,0.03,0.026,0.026,288922
ASV,20070316,0.032,0.032,0.032,0.032,190000
ASX,20070316,40.94,41.3,40.94,41,722009
ASZ,20070316,1.12,1.12,1.1,1.1,1379063
ATG,20070316,0.235,0.235,0.235,0.235,24000
ATN,20070316,0.04,0.04,0.04,0.04,128940
ATP,20070316,0.44,0.44,0.44,0.44,10000
ATR,20070316,2.26,2.26,2.22,2.22,9200
ATV,20070316,0.115,0.115,0.115,0.115,55999
AUB,20070316,4.8,4.8,4.72,4.8,63100
AUN,20070316,1.315,1.325,1.31,1.32,635584
AUS,20070316,1.185,1.185,1.175,1.18,629522
AUT,20070316,0.415,0.415,0.41,0.41,139574
AUW,20070316,2.79,2.79,2.64,2.64,2627871
AUX,20070316,0.051,0.053,0.05,0.053,1224688
AUZ,20070316,0.077,0.085,0.077,0.084,22389899
AVA,20070316,0.057,0.057,0.056,0.056,82652
AVD,20070316,0.45,0.45,0.4,0.45,149120
AVE,20070316,2.95,2.95,2.91,2.91,31614
AVJ,20070316,1.37,1.37,1.28,1.28,205002
AVM,20070316,16.7,17.1,16.7,17.1,8430
AVO,20070316,1.26,1.3,1.26,1.27,103499
AVQ,20070316,0.21,0.21,0.21,0.21,9000
AVR,20070316,1.6,1.6,1.6,1.6,46284
AVS,20070316,0.57,0.61,0.57,0.61,6000
AWB,20070316,3.34,3.45,3.3,3.45,2043483
AWC,20070316,7.1,7.13,6.98,7.03,4618986
AWE,20070316,2.7,2.74,2.69,2.7,1947854
AWG,20070316,0.15,0.15,0.15,0.15,20000
AXA,20070316,7.2,7.27,7.13,7.18,3490934
AXI,20070316,0.335,0.345,0.325,0.345,171600
AXM,20070316,0.31,0.32,0.305,0.31,243808
AXO,20070316,0.835,0.835,0.83,0.83,24100
AXQ,20070316,0.905,0.915,0.895,0.91,368390
AXT,20070316,0.365,0.365,0.365,0.365,5000
AYF,20070316,10,10,10,10,252
AYR,20070316,0.155,0.16,0.155,0.16,138000
AZA,20070316,1.05,1.07,1.05,1.06,2267645
AZC,20070316,0.235,0.235,0.22,0.225,108777
AZD,20070316,0.285,0.285,0.27,0.27,160870
AZS,20070316,0.093,0.095,0.093,0.095,44900
AZX,20070316,2.08,2.1,2.08,2.1,16575
AZZ,20070316,0.9,0.9,0.85,0.85,331847
BAR,20070316,0.2,0.2,0.195,0.2,440053
BAS,20070316,0.078,0.079,0.078,0.079,69755
BBG,20070316,17.09,17.26,17.09,17.22,337822
BBI,20070316,1.83,1.835,1.81,1.81,7419134
BBP,20070316,2.79,2.82,2.73,2.77,5455989
BBW,20070316,1.64,1.64,1.595,1.595,3049427
BCF,20070316,1.24,1.24,1.215,1.22,18866
BCI,20070316,0.59,0.7,0.59,0.7,383584
BCM,20070316,4.25,4.25,4.18,4.2,400321
BCN,20070316,0.34,0.34,0.33,0.335,59711
BDG,20070316,0.265,0.27,0.26,0.265,2328443
BDI,20070316,0.545,0.545,0.545,0.545,17000
BDL,20070316,0.275,0.285,0.275,0.28,193500
BDM,20070316,0.32,0.325,0.29,0.29,71809
BDS,20070316,4.25,4.26,4.25,4.26,32859
BEC,20070316,3.7,3.85,3.65,3.85,1065122
BEI,20070316,0.97,0.98,0.94,0.97,26608
BEL,20070316,0.4,0.4,0.4,0.4,5000
BEN,20070316,13.2,13.34,13.16,13.21,210565
BGD,20070316,0.29,0.295,0.28,0.29,354000
BGL,20070316,0.115,0.115,0.115,0.115,15000
BHP,20070316,27.97,28.08,27.77,27.8,24392729
BIT,20070316,0.29,0.3,0.29,0.3,26700
BJT,20070316,1.89,1.92,1.845,1.875,2301693
BKG,20070316,0.125,0.125,0.125,0.125,6000
BKI,20070316,1.385,1.42,1.385,1.42,31523
BKL,20070316,21.27,22,21.27,22,1268
BKN,20070316,8.8,8.8,8.42,8.51,351136
BKP,20070316,0.15,0.155,0.15,0.15,71250
BKR,20070316,0.34,0.34,0.34,0.34,60063
BKW,20070316,12.95,13.02,12.95,12.95,25137
BKY,20070316,1.55,1.565,1.55,1.55,79356
BLD,20070316,8.26,8.34,8.26,8.32,1665232
BLG,20070316,0.88,0.88,0.83,0.865,1620075
BLK,20070316,0.53,0.58,0.5,0.52,952425
BLP,20070316,0.895,0.9,0.89,0.89,235702
BLR,20070316,0.205,0.205,0.19,0.195,4423491
BLS,20070316,0.12,0.12,0.11,0.11,10000
BLT,20070316,0.15,0.155,0.145,0.155,251710
BLU,20070316,1.46,1.5,1.45,1.46,348795
BLZ,20070316,0.028,0.028,0.028,0.028,20000
BMN,20070316,2.65,2.69,2.58,2.6,231725
BMX,20070316,0.24,0.245,0.235,0.24,581847
BNB,20070316,26.05,26.45,25.62,26.45,3166784
BNE,20070316,0.38,0.39,0.38,0.39,2868
BNL,20070316,0.25,0.25,0.25,0.25,37260
BNO,20070316,0.275,0.275,0.27,0.27,11540
BNT,20070316,0.11,0.12,0.11,0.12,100000
BOC,20070316,0.78,0.8,0.78,0.8,104237
BOD,20070316,0.145,0.15,0.135,0.145,144432
BOL,20070316,3.62,3.66,3.6,3.65,1107004
BOM,20070316,0.295,0.295,0.275,0.275,27300
BON,20070316,0.135,0.135,0.13,0.13,90000
BOQ,20070316,16.45,16.6,16,16.6,307717
BOS,20070316,0.13,0.14,0.13,0.13,187143
BOW,20070316,0.11,0.11,0.105,0.11,169823
BPH,20070316,0.11,0.125,0.11,0.125,199762
BPK,20070316,0.05,0.05,0.05,0.05,126700
BPO,20070316,0.037,0.037,0.033,0.035,7889674
BPT,20070316,1.08,1.105,1.08,1.085,19069405
BQF,20070316,3.86,3.86,3.86,3.86,4000
BQT,20070316,0.19,0.195,0.19,0.195,62000
BRO,20070316,0.011,0.013,0.01,0.012,180099568
BRT,20070316,0.16,0.16,0.135,0.135,598277
BRW,20070316,0.32,0.34,0.315,0.34,1463950
BSA,20070316,0.59,0.6,0.59,0.6,39787
BSG,20070316,2.65,2.86,2.65,2.86,2386033
BSL,20070316,9.6,9.77,9.6,9.77,2957320
BSM,20070316,0.36,0.36,0.31,0.32,251100
BSN,20070316,0.14,0.14,0.14,0.14,200000
BSO,20070316,0.62,0.63,0.62,0.62,13435
BTA,20070316,1.57,1.57,1.55,1.55,272251
BTC,20070316,0.39,0.39,0.385,0.39,38836
BTV,20070316,0.099,0.099,0.092,0.092,180600
BUG,20070316,0.52,0.52,0.51,0.51,13413
BUR,20070316,0.21,0.21,0.21,0.21,70000
BUY,20070316,0.048,0.048,0.048,0.048,9800
BVA,20070316,2.28,2.28,2.23,2.25,281727
BWN,20070316,0.4,0.41,0.39,0.39,384500
BWP,20070316,2.16,2.16,2.13,2.13,432940
BXB,20070316,13.38,13.45,13.28,13.35,4696112
BXP,20070316,0.17,0.175,0.17,0.17,107000
BYR,20070316,0.23,0.23,0.23,0.23,2250
BZI,20070316,0.45,0.45,0.42,0.42,40000
CAA,20070316,0.74,0.74,0.68,0.68,711412
CAB,20070316,10.09,10.15,9.86,10.05,968523
CAL,20070316,0.935,0.935,0.935,0.935,750
CAM,20070316,1.15,1.18,1.135,1.18,188240
CAQ,20070316,0.195,0.2,0.195,0.2,72500
CAS,20070316,0.21,0.21,0.205,0.205,75000
CAT,20070316,3.9,3.9,3.9,3.9,1915
CAU,20070316,0.066,0.087,0.066,0.076,2158876
CAV,20070316,0.26,0.26,0.25,0.25,332400
CAZ,20070316,0.615,0.615,0.575,0.6,541311
CBA,20070316,49.65,49.75,48.95,49.05,2311490
CBH,20070316,0.565,0.565,0.52,0.54,3598203
CBM,20070316,2.3,2.3,2.3,2.3,925
CBR,20070316,2.5,2.56,2.5,2.56,8530
CCE,20070316,0.071,0.072,0.069,0.07,1985913
CCI,20070316,0.004,0.004,0.004,0.004,1100800
CCL,20070316,8.83,8.84,8.62,8.64,1426558
CCP,20070316,9.6,9.64,9.5,9.64,31707
CCS,20070316,0.07,0.07,0.063,0.063,75000
CCV,20070316,0.65,0.66,0.65,0.66,160132
CDA,20070316,1.27,1.27,1.27,1.27,25000
CDD,20070316,5.61,5.61,5.59,5.59,13063
CDF,20070316,1.855,1.855,1.855,1.855,22872
CDI,20070316,1.085,1.085,1.07,1.085,10093785
CDM,20070316,1.22,1.22,1.2,1.2,41514
CDO,20070316,4.2,4.2,4.15,4.15,2951
CDP,20070316,4.75,4.75,4.7,4.75,2306
CDR,20070316,1.96,1.98,1.955,1.96,1248306
CDS,20070316,0.024,0.024,0.023,0.023,935167
CDT,20070316,0.34,0.34,0.34,0.34,15000
CDU,20070316,3.84,3.84,3.69,3.75,396026
CEC,20070316,0.55,0.65,0.55,0.65,11400
CEG,20070316,2.15,2.18,2.15,2.17,814489
CEO,20070316,0.045,0.045,0.045,0.045,100000
CER,20070316,1.7,1.7,1.585,1.585,3932745
CEU,20070316,1.41,1.415,1.4,1.415,2333934
CEY,20070316,2.98,3.04,2.98,3.04,1312934
CFE,20070316,0.315,0.32,0.3,0.315,1853000
CFI,20070316,0.795,0.795,0.775,0.775,20396
CFK,20070316,0.3,0.3,0.27,0.29,165315
CFU,20070316,1.17,1.31,1.17,1.27,781177
CFX,20070316,2.31,2.35,2.23,2.28,5251725
CGF,20070316,4.69,4.71,4.63,4.63,1646784
CGJ,20070316,15.76,15.84,15.66,15.8,4242357
CGM,20070316,0.225,0.225,0.225,0.225,54500
CGS,20070316,0.18,0.18,0.18,0.18,20615
CGT,20070316,0.19,0.215,0.19,0.215,17571057
CGX,20070316,0.65,0.65,0.64,0.64,18000
CHB,20070316,46.21,46.21,46.21,46.21,10
CHC,20070316,2.7,2.7,2.66,2.7,301458
CHD,20070316,1.06,1.06,1,1.005,3454128
CHF,20070316,0.395,0.395,0.38,0.38,21243
CHL,20070316,0.56,0.56,0.56,0.56,7000
CHN,20070316,0.125,0.125,0.12,0.12,7272
CHO,20070316,6.1,6.1,6.1,6.1,1084
CIF,20070316,4.16,4.16,4.02,4.09,300740
CIG,20070316,0.058,0.058,0.056,0.058,245135
CIL,20070316,2.45,2.48,2.39,2.4,191983
CIN,20070316,20.01,20.02,20,20,1991
CIR,20070316,1.41,1.53,1.4,1.525,180130
CIX,20070316,0.43,0.44,0.43,0.43,9605
CIY,20070316,4.58,4.58,4.39,4.45,705749
CKK,20070316,0.14,0.145,0.14,0.14,118000
CKL,20070316,0.52,0.53,0.52,0.52,10500
CLF,20070316,0.23,0.23,0.23,0.23,2000
CLH,20070316,0.87,0.91,0.87,0.87,58920
CLO,20070316,0.62,0.625,0.615,0.62,233608
CLT,20070316,1.12,1.15,1.11,1.15,22789
CLV,20070316,0.105,0.105,0.1,0.1,100000
CLX,20070316,1.12,1.14,1.12,1.14,2650
CME,20070316,0.055,0.055,0.051,0.052,1133855
CMI,20070316,1.605,1.605,1.6,1.6,15492
CMO,20070316,0.022,0.023,0.021,0.022,4698545
CMP,20070316,0.155,0.155,0.155,0.155,1480
CMQ,20070316,0.048,0.049,0.045,0.047,517347
CMR,20070316,5.44,5.68,5.29,5.68,272518
CMV,20070316,0.36,0.39,0.36,0.38,49500
CMW,20070316,1.12,1.12,1.105,1.12,260788
CND,20070316,3.32,3.37,3.32,3.34,65935
CNF,20070316,0.082,0.082,0.082,0.082,40000
CNN,20070316,0.11,0.11,0.11,0.11,47650
CNP,20070316,9.3,9.3,8.99,9.05,4956601
CNR,20070316,0.53,0.54,0.53,0.54,23750
CNT,20070316,0.99,0.99,0.98,0.98,25617
COA,20070316,5.13,5.14,5.1,5.13,1169360
COE,20070316,0.505,0.515,0.505,0.51,485498
COF,20070316,3.95,4,3.9,3.99,78743
COH,20070316,60.5,63.2,60.5,62.4,431366
COI,20070316,0.27,0.28,0.27,0.28,215099
COK,20070316,0.16,0.16,0.16,0.16,27035
COO,20070316,0.18,0.19,0.18,0.19,18500
COU,20070316,2.58,2.58,2.52,2.53,69019
COZ,20070316,0.375,0.375,0.36,0.36,174068
CPA,20070316,1.39,1.395,1.37,1.37,5767521
CPB,20070316,22.2,22.37,22.2,22.3,42657
CPI,20070316,0.37,0.37,0.37,0.37,111000
CPK,20070316,0.76,0.77,0.75,0.77,229650
CPN,20070316,0.055,0.055,0.055,0.055,430000
CPR,20070316,3,3.15,2.98,3.13,1533220
CPU,20070316,10.05,10.08,9.91,9.91,2711060
CQT,20070316,0.705,0.725,0.7,0.72,546372
CRB,20070316,0.23,0.25,0.21,0.22,382700
CRC,20070316,0.31,0.31,0.31,0.31,20000
CRE,20070316,0.36,0.36,0.35,0.35,96329
CRG,20070316,16.88,16.97,16.01,16.5,142181
CRJ,20070316,0.28,0.3,0.28,0.3,527960
CRK,20070316,1.22,1.22,1.22,1.22,100
CRL,20070316,0.11,0.11,0.11,0.11,5000
CRT,20070316,0.69,0.69,0.68,0.68,99923
CSE,20070316,0.315,0.33,0.315,0.32,180759
CSH,20070316,2.36,2.36,2.36,2.36,7000
CSL,20070316,79.61,80,78.68,79.28,340018
CSM,20070316,2.35,2.35,2.25,2.25,1116367
CSR,20070316,3.6,3.61,3.55,3.55,1862704
CSS,20070316,0.91,0.92,0.89,0.92,23680
CST,20070316,3.37,3.37,3.34,3.34,15643
CTE,20070316,0.175,0.175,0.175,0.175,130000
CTF,20070316,0.062,0.062,0.062,0.062,6000
CTN,20070316,1.75,1.79,1.75,1.76,44305
CTO,20070316,0.415,0.425,0.415,0.42,1370575
CTP,20070316,0.17,0.17,0.16,0.16,462400
CTS,20070316,0.53,0.54,0.51,0.54,202200
CTX,20070316,23.8,24.38,23.8,23.91,584445
CUE,20070316,0.125,0.13,0.125,0.125,1826612
CUL,20070316,0.037,0.039,0.037,0.037,1422820
CUO,20070316,0.48,0.48,0.465,0.48,409287
CUS,20070316,0.22,0.22,0.21,0.215,1764287
CUV,20070316,1.005,1.05,1,1.025,585222
CUY,20070316,0.93,0.94,0.925,0.925,34707
CVC,20070316,1.965,1.97,1.96,1.96,77572
CVI,20070316,0.096,0.096,0.096,0.096,33000
CVN,20070316,0.091,0.092,0.09,0.091,672500
CWG,20070316,0.205,0.205,0.2,0.2,116000
CWP,20070316,5.35,5.35,5.24,5.25,6300
CWT,20070316,0.885,0.895,0.885,0.895,99822
CXD,20070316,2.11,2.15,2.1,2.15,53950
CXE,20070316,0.49,0.5,0.49,0.5,7150
CXG,20070316,1.12,1.13,1.12,1.12,908000
CXM,20070316,0.155,0.16,0.15,0.16,439083
CXP,20070316,5.95,5.95,5.8,5.85,81501
CXS,20070316,0.75,0.76,0.75,0.76,183560
CYA,20070316,1.29,1.31,1.28,1.31,89873
CYC,20070316,0.35,0.35,0.35,0.35,48000
CYG,20070316,4.2,4.23,4.2,4.2,30513
CYL,20070316,0.205,0.22,0.205,0.21,190000
CYN,20070316,0.39,0.39,0.39,0.39,50000
CYT,20070316,0.64,0.65,0.64,0.65,59443
CZP,20070316,0.19,0.19,0.19,0.19,29336
CZR,20070316,0.65,0.66,0.65,0.65,30000
DBS,20070316,0.89,0.895,0.88,0.895,186798
DDT,20070316,0.32,0.32,0.315,0.315,74634
DEG,20070316,0.115,0.12,0.11,0.115,254000
DES,20070316,0.245,0.25,0.235,0.25,178700
DEX,20070316,3.06,3.1,3,3.1,1040916
DGR,20070316,0.099,0.099,0.099,0.099,100000
DIA,20070316,0.064,0.065,0.063,0.065,42000
DIO,20070316,0.083,0.083,0.078,0.079,1483384
DJS,20070316,4.44,4.46,4.37,4.45,911258
DJW,20070316,4.61,4.65,4.6,4.62,143286
DKN,20070316,1.34,1.34,1.34,1.34,7500
DLS,20070316,0.12,0.12,0.115,0.115,131000
DML,20070316,0.24,0.24,0.23,0.23,283000
DMP,20070316,2.98,2.98,2.84,2.86,31129
DMX,20070316,0.995,1.04,0.99,0.995,76625
DMY,20070316,0.045,0.055,0.041,0.041,207000
DOM,20070316,2.25,2.29,2.24,2.28,61251
DON,20070316,0.35,0.35,0.35,0.35,1500
DOW,20070316,6.76,6.87,6.7,6.7,2041020
DRA,20070316,0.14,0.14,0.135,0.135,163000
DRK,20070316,0.185,0.185,0.18,0.18,30000
DRT,20070316,1.78,1.78,1.74,1.74,10621568
DRX,20070316,0.26,0.275,0.26,0.275,15611
DSF,20070316,0.27,0.28,0.255,0.265,84000
DTL,20070316,5.06,5.1,5.01,5.05,28184
DUE,20070316,3.14,3.15,3.1,3.13,1272511
DUI,20070316,3.6,3.6,3.6,3.6,3250
DVM,20070316,0.088,0.09,0.086,0.09,461000
DVN,20070316,1.41,1.44,1.4,1.44,53312
DWS,20070316,1.92,1.95,1.9,1.94,84500
DWY,20070316,0.37,0.375,0.37,0.375,261370
DXL,20070316,2.33,2.35,2.29,2.35,2667428
DYE,20070316,0.65,0.65,0.61,0.62,47300
DYL,20070316,0.37,0.37,0.355,0.36,3310798
EAR,20070316,0.275,0.275,0.26,0.26,636509
EBI,20070316,4.28,4.28,4.25,4.25,7500
EBR,20070316,0.051,0.051,0.051,0.051,104570
EBT,20070316,0.155,0.16,0.155,0.16,35554
ECH,20070316,0.355,0.36,0.35,0.35,85000
ECI,20070316,0.019,0.024,0.016,0.02,233000
ECU,20070316,0.035,0.035,0.031,0.031,529485
EDE,20070316,0.585,0.63,0.585,0.61,453114
EDM,20070316,0.049,0.049,0.041,0.041,445000
EDN,20070316,0.405,0.41,0.38,0.39,41050
EFT,20070316,0.1,0.1,0.1,0.1,10000
EGO,20070316,0.008,0.009,0.008,0.008,31767214
EGX,20070316,0.78,0.78,0.78,0.78,2500
EHL,20070316,1.745,1.77,1.73,1.74,3081778
EIF,20070316,0.022,0.022,0.022,0.022,135000
EIV,20070316,0.12,0.125,0.12,0.125,103482
EKA,20070316,0.24,0.245,0.23,0.23,77350
EKM,20070316,0.3,0.3,0.3,0.3,8000
ELI,20070316,1.07,1.07,1.03,1.06,43400
ELL,20070316,0.13,0.14,0.13,0.135,47919
ELX,20070316,0.84,0.84,0.82,0.82,51471
EME,20070316,4.39,4.4,4.11,4.11,72639
EMI,20070316,1.195,1.195,1.17,1.19,48300
EMM,20070316,0.096,0.105,0.096,0.1,259828
EMP,20070316,0.086,0.095,0.086,0.092,757300
EMR,20070316,0.135,0.14,0.135,0.135,71807
EMS,20070316,0.125,0.125,0.125,0.125,101000
ENE,20070316,5.2,5.27,5.16,5.2,903765
ENG,20070316,0.21,0.215,0.21,0.21,238000
ENR,20070316,0.55,0.55,0.54,0.54,70000
ENV,20070316,1.245,1.25,1.23,1.23,1286659
EOL,20070316,1.15,1.16,1.15,1.16,102500
EON,20070316,0.6,0.6,0.59,0.6,46000
EOS,20070316,1.57,1.65,1.57,1.65,26250
EPE,20070316,0.024,0.025,0.024,0.025,221500
EPF,20070316,0.2,0.2,0.2,0.2,10282
EPG,20070316,0.695,0.73,0.69,0.73,166430
EPR,20070316,0.032,0.032,0.032,0.032,6800
EPS,20070316,0.39,0.4,0.385,0.385,73170
EPY,20070316,0.36,0.36,0.36,0.36,40000
EQI,20070316,1.58,1.635,1.58,1.635,140977
EQN,20070316,2.2,2.23,2.2,2.2,103229
EQT,20070316,27,27,27,27,200
EQX,20070316,0.11,0.11,0.11,0.11,70000
ERA,20070316,24.33,24.68,24.2,24.5,1572513
ERG,20070316,0.21,0.215,0.21,0.215,218704
ERH,20070316,0.13,0.13,0.13,0.13,6000
ERJ,20070316,0.02,0.02,0.02,0.02,100000
ERL,20070316,0.2,0.2,0.185,0.185,97500
ERN,20070316,0.61,0.61,0.58,0.595,385421
ERO,20070316,0.29,0.295,0.275,0.275,542640
ESG,20070316,0.325,0.325,0.315,0.32,1859009
ESI,20070316,0.23,0.23,0.215,0.215,154874
ESS,20070316,0.63,0.63,0.63,0.63,12000
ESV,20070316,0.77,0.77,0.75,0.75,23000
ETE,20070316,0.14,0.15,0.14,0.14,65715
ETR,20070316,4.31,4.31,4.25,4.25,299267
ETW,20070316,0.16,0.17,0.16,0.17,48500
EUG,20070316,0.02,0.02,0.02,0.02,170000
EVE,20070316,0.29,0.295,0.28,0.28,588600
EVG,20070316,0.11,0.11,0.11,0.11,60000
EVM,20070316,0.2,0.2,0.2,0.2,101592
EVZ,20070316,0.41,0.43,0.405,0.43,356748
EWC,20070316,0.705,0.72,0.705,0.71,955998
EXM,20070316,0.016,0.016,0.015,0.016,5493128
EXR,20070316,0.21,0.215,0.205,0.215,225000
EXS,20070316,0.26,0.26,0.255,0.255,106000
EYE,20070316,0.2,0.2,0.2,0.2,45000
EZE,20070316,0.15,0.15,0.15,0.15,1250
EZL,20070316,3.6,3.6,3.51,3.51,38214
EZY,20070316,0.535,0.535,0.51,0.51,50000
FAN,20070316,3.75,3.75,3.7,3.7,4440
FAR,20070316,0.11,0.11,0.105,0.105,518829
FAS,20070316,0.94,0.94,0.875,0.9,28231
FAT,20070316,1.01,1.02,1,1.02,195938
FBU,20070316,9.7,9.7,9.4,9.65,98481
FCL,20070316,2.12,2.14,2.09,2.11,4256568
FCN,20070316,0.32,0.32,0.315,0.315,78000
FDL,20070316,0.014,0.015,0.014,0.015,1044943
FEA,20070316,0.7,0.71,0.69,0.7,135576
FER,20070316,2.2,2.3,2.19,2.19,261404
FGL,20070316,6.74,6.78,6.66,6.69,6664727
FIC,20070316,0.2,0.2,0.2,0.2,179
FKP,20070316,7.2,7.31,7.1,7.1,717729
FLT,20070316,14.8,14.88,14.72,14.8,113051
FLX,20070316,4.96,4.97,4.89,4.9,155082
FMG,20070316,19.75,20.78,19.75,20.2,1635369
FML,20070316,0.05,0.052,0.049,0.052,2459823
FNT,20070316,0.13,0.13,0.12,0.125,89692
FOF,20070316,0.505,0.545,0.505,0.545,5731
FPA,20070316,3.22,3.22,3.22,3.22,5000
FPG,20070316,1.2,1.25,1.2,1.25,8867
FPS,20070316,2.38,2.42,2.37,2.42,10500
FRE,20070316,0.7,0.705,0.68,0.69,138038
FRI,20070316,0.83,0.83,0.8,0.8,77133
FRL,20070316,0.07,0.07,0.07,0.07,13873
FRM,20070316,0.315,0.315,0.31,0.31,70000
FRR,20070316,0.69,0.7,0.68,0.7,41000
FRS,20070316,0.405,0.405,0.395,0.4,177500
FRV,20070316,0.08,0.08,0.08,0.08,25000
FSA,20070316,0.7,0.72,0.695,0.7,67500
FUN,20070316,1.8,1.85,1.795,1.82,367201
FUT,20070316,0.004,0.004,0.004,0.004,1000000
FWD,20070316,8.8,8.84,8.62,8.8,34130
FXJ,20070316,4.65,4.69,4.61,4.62,1600478
FXL,20070316,2.88,2.94,2.81,2.94,427594
FXR,20070316,1.125,1.14,1.115,1.12,293724
FZN,20070316,0.68,0.72,0.665,0.72,123000
GAA,20070316,0.67,0.67,0.595,0.605,658600
GAU,20070316,0.175,0.175,0.17,0.17,154326
GBA,20070316,0.072,0.076,0.072,0.076,26448
GBE,20070316,0.81,0.82,0.8,0.805,113800
GBG,20070316,0.5,0.515,0.5,0.505,453277
GBL,20070316,0.034,0.034,0.034,0.034,10000
GBM,20070316,0.16,0.16,0.14,0.14,170625
GBP,20070316,0.175,0.175,0.17,0.175,83485
GBT,20070316,3.6,3.6,3.54,3.59,6550
GCL,20070316,3.47,3.48,3.37,3.42,46000
GCR,20070316,0.042,0.043,0.04,0.041,1473754
GCX,20070316,0.895,0.895,0.88,0.88,9908
GDA,20070316,0.013,0.013,0.013,0.013,84000
GDM,20070316,0.62,0.65,0.61,0.65,170753
GDN,20070316,0.63,0.67,0.625,0.665,1166384
GDR,20070316,0.57,0.57,0.55,0.56,93139
GDY,20070316,1.27,1.3,1.2,1.2,399540
GED,20070316,0.09,0.09,0.09,0.09,7000
GEN,20070316,0.26,0.26,0.26,0.26,20000
GFF,20070316,2.33,2.37,2.32,2.37,2073321
GFL,20070316,0.88,0.88,0.88,0.88,6000
GGP,20070316,0.275,0.28,0.27,0.28,64000
GGY,20070316,0.076,0.078,0.075,0.077,2798578
GIA,20070316,0.45,0.45,0.45,0.45,5000
GIL,20070316,0.45,0.45,0.45,0.45,23000
GIR,20070316,0.615,0.64,0.61,0.625,334549
GJT,20070316,1.01,1.02,1.005,1.02,6031846
GLA,20070316,0.125,0.13,0.12,0.13,99000
GLB,20070316,0.28,0.285,0.275,0.28,118522
GLC,20070316,0.605,0.61,0.605,0.61,5000
GLI,20070316,0.9,0.95,0.9,0.945,262185
GLN,20070316,0.21,0.215,0.21,0.215,325840
GLO,20070316,0.036,0.036,0.035,0.035,50000
GLX,20070316,0.065,0.065,0.06,0.062,359677
GME,20070316,0.61,0.615,0.6,0.6,270000
GMI,20070316,1.36,1.36,1.34,1.35,213276
GML,20070316,0.155,0.155,0.15,0.15,121000
GMR,20070316,0.08,0.08,0.08,0.08,220000
GNC,20070316,9.95,10.05,9.9,10,47821
GNL,20070316,0.036,0.036,0.036,0.036,158500
GNS,20070316,2.83,2.9,2.83,2.89,3823609
GOA,20070316,0.084,0.084,0.084,0.084,130472
GOG,20070316,0.225,0.225,0.22,0.22,96307
GOP,20070316,0.185,0.185,0.18,0.18,99900
GOW,20070316,3.7,3.7,3.7,3.7,3000
GPG,20070316,2.03,2.03,2,2.01,154884
GPN,20070316,0.057,0.058,0.053,0.054,8527910
GPR,20070316,0.46,0.46,0.46,0.46,45165
GPT,20070316,5,5.02,4.85,4.85,10944268
GQH,20070316,0.95,0.95,0.95,0.95,10000
GRD,20070316,2.17,2.17,2.07,2.1,1373211
GRK,20070316,0.048,0.048,0.041,0.047,1146706
GRL,20070316,0.22,0.22,0.22,0.22,15199
GRN,20070316,0.26,0.265,0.26,0.265,610969
GRR,20070316,1.48,1.53,1.44,1.53,39856
GRV,20070316,0.81,0.87,0.81,0.81,14121
GRY,20070316,0.325,0.325,0.32,0.32,43000
GSA,20070316,1.225,1.225,1.2,1.22,4478513
GSE,20070316,0.11,0.11,0.097,0.105,4765450
GTG,20070316,0.215,0.215,0.21,0.21,44000
GTP,20070316,2.09,2.09,2.03,2.04,1702314
GTX,20070316,0.19,0.19,0.19,0.19,30000
GUD,20070316,7.53,7.54,7.46,7.51,109932
GUL,20070316,0.066,0.066,0.066,0.066,270000
GUN,20070316,0.265,0.27,0.265,0.27,40000
GVM,20070316,0.95,0.98,0.925,0.925,208340
GWR,20070316,2.44,2.44,2.3,2.3,44000
GWT,20070316,3.95,4.01,3.68,3.68,2162711
GXY,20070316,0.235,0.24,0.235,0.24,99544
GYN,20070316,0.2,0.2,0.195,0.195,49407
GZL,20070316,2.4,2.4,2.3,2.3,31513
HAO,20070316,0.03,0.03,0.03,0.03,108000
HAP,20070316,1.05,1.06,1.05,1.06,82863
HAV,20070316,1.475,1.505,1.46,1.46,53913
HAZ,20070316,0.285,0.29,0.28,0.28,137067
HCY,20070316,0.018,0.018,0.017,0.017,1000000
HDF,20070316,3.27,3.28,3.2,3.28,194785
HDG,20070316,0.545,0.57,0.54,0.54,115962
HDN,20070316,0.135,0.135,0.135,0.135,54684
HEG,20070316,0.155,0.16,0.15,0.16,133000
HER,20070316,1.08,1.095,1.08,1.095,16438
HFA,20070316,2.28,2.3,2.24,2.29,93595
HGI,20070316,3.41,3.42,3.34,3.34,2021070
HGO,20070316,0.25,0.255,0.24,0.24,397933
HHL,20070316,13.08,13.08,12.9,12.9,1259
HHM,20070316,0.13,0.13,0.125,0.125,265000
HHV,20070316,1.015,1.015,1.005,1.01,205345
HHY,20070316,1.95,1.96,1.94,1.955,4380058
HIC,20070316,0.905,0.905,0.905,0.905,29294
HIG,20070316,0.26,0.26,0.255,0.255,553004
HII,20070316,0.335,0.34,0.335,0.34,23846
HIL,20070316,5.4,5.46,5.2,5.2,267786
HIT,20070316,0.06,0.06,0.06,0.06,6691
HJB,20070316,0.3,0.3,0.3,0.3,3679
HLD,20070316,0.23,0.23,0.225,0.225,32000
HLS,20070316,0.24,0.26,0.24,0.26,57840
HLX,20070316,0.185,0.21,0.185,0.2,571310
HMC,20070316,0.073,0.073,0.071,0.073,258000
HME,20070316,14.93,15,14.93,15,10182
HNG,20070316,1.985,1.985,1.96,1.985,24779
HNR,20070316,0.46,0.48,0.46,0.465,493983
HOM,20070316,0.89,0.92,0.89,0.92,28500
HPX,20070316,1.975,2,1.92,1.92,176692
HRD,20070316,0.19,0.19,0.19,0.19,8080
HRR,20070316,1.23,1.23,1.2,1.2,18908
HSK,20070316,1.455,1.47,1.455,1.47,9100
HSP,20070316,5.85,5.91,5.79,5.91,500924
HST,20070316,3.15,3.23,3.15,3.22,40755
HTA,20070316,0.205,0.21,0.205,0.205,51643
HTE,20070316,0.021,0.021,0.02,0.02,49096
HTM,20070316,0.063,0.066,0.061,0.061,2448690
HTW,20070316,0.7,0.7,0.7,0.7,100000
HTX,20070316,0.019,0.019,0.018,0.018,2100000
HVN,20070316,4.78,4.93,4.72,4.86,2244719
HWG,20070316,0.205,0.21,0.205,0.21,365000
HWI,20070316,2.37,2.44,2.36,2.41,330146
HYO,20070316,0.295,0.295,0.285,0.285,244095
HZL,20070316,0.53,0.53,0.5,0.505,19374
HZN,20070316,0.285,0.295,0.285,0.295,353525
IAG,20070316,5.98,6.01,5.84,5.85,12002863
IAS,20070316,0.3,0.31,0.3,0.31,41600
IAU,20070316,0.52,0.52,0.515,0.52,127000
IBA,20070316,1.32,1.335,1.305,1.335,586843
IBC,20070316,0.61,0.62,0.605,0.62,16895
IBG,20070316,2.65,2.7,2.63,2.7,8600
IBR,20070316,0.71,0.74,0.71,0.72,85900
IBT,20070316,2,2,1.98,1.98,53658
ICC,20070316,0.056,0.057,0.056,0.057,7517
ICD,20070316,0.61,0.61,0.6,0.6,138500
ICN,20070316,0.064,0.064,0.064,0.064,20000
ICP,20070316,0.044,0.047,0.044,0.047,2634293
ICS,20070316,0.22,0.22,0.22,0.22,6000
ICV,20070316,0.115,0.13,0.115,0.12,58500
IDL,20070316,0.375,0.38,0.37,0.38,14587465
IDM,20070316,0.365,0.365,0.36,0.365,80000
IDO,20070316,0.74,0.75,0.73,0.735,277089
IDT,20070316,1.95,1.95,1.93,1.93,13575
IEF,20070316,1.16,1.17,1.16,1.17,129290
IFC,20070316,0.29,0.29,0.29,0.29,90000
IFL,20070316,9.97,9.97,9.71,9.9,128468
IFM,20070316,0.71,0.715,0.69,0.7,325575
IGC,20070316,0.24,0.25,0.225,0.23,363146
IGD,20070316,0.97,0.97,0.935,0.935,416550
IGO,20070316,4.85,4.9,4.65,4.85,518106
IGR,20070316,0.12,0.12,0.115,0.115,221577
IHF,20070316,1.13,1.13,1.13,1.13,120233
IHG,20070316,0.19,0.19,0.19,0.19,847
IIF,20070316,2.44,2.45,2.39,2.42,8411203
IIG,20070316,0.015,0.016,0.015,0.016,3000590
III,20070316,0.23,0.23,0.215,0.215,20000
IIN,20070316,1.235,1.235,1.18,1.18,324993
ILF,20070316,1.41,1.43,1.35,1.43,4572260
ILU,20070316,5.5,5.57,5.45,5.52,2945183
IMA,20070316,2.46,2.5,2.46,2.5,83840
IMD,20070316,1.115,1.18,1.115,1.17,600294
IMI,20070316,0.019,0.019,0.018,0.018,300000
IMP,20070316,0.013,0.013,0.013,0.013,484999
IMU,20070316,0.25,0.25,0.245,0.245,103347
INL,20070316,0.19,0.195,0.185,0.185,3206368
INP,20070316,0.26,0.26,0.255,0.255,9667
IOF,20070316,1.64,1.64,1.6,1.605,3949030
IOH,20070316,0.615,0.67,0.605,0.605,75050
IPA,20070316,0.855,0.875,0.855,0.875,106560
IPE,20070316,0.985,0.99,0.985,0.99,26835
IPG,20070316,2.54,2.55,2.47,2.49,6389808
IPL,20070316,48.01,49.95,47.41,48,150488
IPM,20070316,1.25,1.3,1.235,1.28,4388930
IPN,20070316,0.255,0.255,0.25,0.25,158190
IPR,20070316,0.165,0.18,0.165,0.18,307000
IPT,20070316,0.27,0.27,0.27,0.27,40000
IRC,20070316,0.28,0.29,0.28,0.28,201197
IRE,20070316,7.46,7.59,7.3,7.55,306180
IRI,20070316,0.49,0.49,0.485,0.485,45000
IRN,20070316,0.68,0.7,0.67,0.69,903001
ISS,20070316,0.28,0.285,0.28,0.285,45636
ITC,20070316,0.069,0.069,0.069,0.069,80000
ITD,20070316,0.52,0.52,0.5,0.52,69490
ITE,20070316,0.15,0.15,0.15,0.15,280259
ITT,20070316,0.26,0.26,0.26,0.26,10000
IVC,20070316,5.55,5.61,5.55,5.61,253217
IVK,20070316,4,4.1,4,4.1,3912
IWF,20070316,2.58,2.59,2.55,2.56,539242
IWI,20070316,1.47,1.47,1.47,1.47,7000
IWL,20070316,4.7,4.71,4.65,4.65,118938
JAK,20070316,0.17,0.17,0.17,0.17,54000
JBH,20070316,7.75,7.99,7.74,7.85,446703
JBM,20070316,16.25,16.32,15.93,16.07,549228
JET,20070316,1.99,1.99,1.99,1.99,10000
JGL,20070316,0.28,0.28,0.26,0.27,279250
JHX,20070316,8.82,8.86,8.56,8.7,1343214
JMB,20070316,1.65,1.65,1.61,1.61,355953
JML,20070316,1.13,1.15,1.105,1.15,1077857
JMS,20070316,0.295,0.295,0.28,0.29,802481
JPR,20070316,0.046,0.046,0.046,0.046,15950
JRL,20070316,1.35,1.35,1.24,1.24,31000
JRV,20070316,0.033,0.034,0.032,0.032,28082403
JST,20070316,4.05,4.2,4.05,4.15,2266481
JUM,20070316,0.025,0.025,0.025,0.025,200000
JVG,20070316,0.17,0.17,0.17,0.17,37000
JYC,20070316,1.21,1.22,1.21,1.22,29700
KAL,20070316,0.078,0.079,0.076,0.078,330500
KAR,20070316,1.36,1.43,1.36,1.4,161706
KCN,20070316,4.65,4.7,4.57,4.68,564747
KGL,20070316,0.135,0.135,0.125,0.125,201331
KIL,20070316,1.13,1.14,1.125,1.14,140544
KIM,20070316,0.88,0.88,0.855,0.865,2782324
KIS,20070316,1.01,1.01,0.93,1,33000
KLM,20070316,0.56,0.58,0.56,0.565,55880
KME,20070316,1.2,1.2,1.2,1.2,20700
KMN,20070316,0.58,0.58,0.55,0.555,162500
KOR,20070316,0.68,0.7,0.66,0.7,53586
KOV,20070316,6.2,6.2,6.2,6.2,420
KRS,20070316,0.27,0.275,0.265,0.265,277300
KSC,20070316,3.9,4.09,3.9,4.09,1050
KTL,20070316,0.03,0.03,0.025,0.025,124000
KTO,20070316,0.165,0.165,0.165,0.165,25000
KYC,20070316,0.43,0.43,0.38,0.395,473761
KZL,20070316,5.13,5.15,4.95,4.95,1491611
LAF,20070316,0.078,0.08,0.077,0.08,1185928
LAS,20070316,0.065,0.065,0.065,0.065,800
LAT,20070316,0.06,0.06,0.06,0.06,90000
LBT,20070316,0.275,0.28,0.275,0.28,32716
LCE,20070316,0.5,0.5,0.5,0.5,30000
LCL,20070316,0.77,0.77,0.72,0.72,13900
LCT,20070316,0.17,0.17,0.165,0.165,35000
LDW,20070316,7.75,7.75,7.75,7.75,3650
LEG,20070316,0.063,0.063,0.061,0.061,517547
LEI,20070316,31.65,31.65,30.31,30.49,327087
LEP,20070316,3.88,3.92,3.88,3.92,6482
LGD,20070316,0.55,0.57,0.545,0.57,88250
LHG,20070316,3.12,3.14,3.09,3.09,10475408
LIM,20070316,18,18,17.75,17.95,74570
LIN,20070316,0.255,0.275,0.255,0.275,94115
LIO,20070316,0.26,0.26,0.26,0.26,10000
LIP,20070316,0.75,0.75,0.74,0.74,36200
LKO,20070316,0.02,0.02,0.019,0.02,1790778
LLC,20070316,19.26,19.33,19.02,19.13,1271341
LMC,20070316,2.6,2.6,2.6,2.6,3600
LMG,20070316,0.032,0.032,0.025,0.026,95508073
LML,20070316,0.34,0.34,0.315,0.315,263796
LMP,20070316,0.23,0.23,0.215,0.215,382400
LNC,20070316,0.26,0.27,0.26,0.27,47000
LNG,20070316,0.49,0.5,0.48,0.5,108496
LNN,20070316,9.17,9.2,8.91,8.97,671889
LOD,20070316,0.06,0.068,0.06,0.068,100000
LPL,20070316,0.16,0.16,0.16,0.16,61222
LRF,20070316,1.105,1.11,1.1,1.11,180351
LRG,20070316,0.083,0.084,0.081,0.081,173562
LRL,20070316,0.66,0.66,0.66,0.66,3000
LSG,20070316,1.535,1.535,1.51,1.51,263856
LSL,20070316,0.007,0.007,0.007,0.007,1785000
LTR,20070316,0.27,0.28,0.27,0.28,241933
LUM,20070316,0.015,0.015,0.015,0.015,405000
LVL,20070316,0.025,0.025,0.025,0.025,160623
LWB,20070316,1.65,1.65,1.62,1.62,200310
LYC,20070316,0.725,0.725,0.69,0.7,933181
LYL,20070316,3.1,3.1,3.1,3.1,17258
MAA,20070316,0.155,0.16,0.155,0.16,116060
MAE,20070316,0.6,0.6,0.58,0.58,128000
MAH,20070316,0.81,0.815,0.81,0.81,1348280
MAL,20070316,0.54,0.56,0.52,0.52,72000
MAN,20070316,0.023,0.024,0.023,0.023,295000
MAP,20070316,3.97,4.02,3.95,3.96,8658045
MAQ,20070316,1.14,1.14,1.14,1.14,1500
MAR,20070316,0.2,0.2,0.2,0.2,8500
MBA,20070316,0.17,0.18,0.165,0.18,583058
MBL,20070316,80.3,80.47,78.4,79.4,985389
MBN,20070316,4.02,4.22,4.02,4.09,181950
MBP,20070316,0.155,0.16,0.145,0.15,1453138
MBR,20070316,2.29,2.3,2.26,2.29,415543
MBT,20070316,1.27,1.27,1.23,1.24,69720
MCC,20070316,4.45,4.5,4.42,4.5,534284
MCG,20070316,6.15,6.2,6.15,6.2,709930
MCK,20070316,4.25,4.25,4.2,4.2,23000
MCO,20070316,0.305,0.31,0.305,0.31,14150
MCP,20070316,2.79,2.8,2.77,2.79,122719
MCQ,20070316,3.75,3.75,3.7,3.75,630411
MCR,20070316,3.01,3.05,3,3.05,901165
MCW,20070316,2.06,2.07,2.01,2.01,8591027
MDL,20070316,1.485,1.5,1.455,1.5,611929
MDM,20070316,0.14,0.14,0.14,0.14,69951
MDS,20070316,0.18,0.18,0.17,0.17,349250
MDT,20070316,1.225,1.23,1.215,1.215,4023468
MDX,20070316,0.175,0.175,0.175,0.175,30000
MEE,20070316,0.11,0.11,0.105,0.11,456600
MEI,20070316,0.22,0.22,0.22,0.22,46377
MEL,20070316,0.895,0.895,0.87,0.89,180498
MEO,20070316,0.685,0.685,0.65,0.67,392472
MEP,20070316,0.71,0.71,0.69,0.69,33725
MFF,20070316,0.99,1,0.98,0.99,322500
MFG,20070316,2.02,2.02,2.02,2.02,8500
MFI,20070316,1.58,1.635,1.58,1.6,266741
MFS,20070316,5.25,5.28,5.23,5.26,4466558
MFT,20070316,0.95,0.955,0.95,0.95,558998
MGK,20070316,0.075,0.075,0.075,0.075,7468
MGQ,20070316,7.35,7.35,7.12,7.21,6862927
MGR,20070316,5.59,5.6,5.46,5.46,7076550
MGU,20070316,0.23,0.235,0.225,0.225,163350
MGW,20070316,2.76,2.86,2.76,2.8,373162
MGX,20070316,0.725,0.74,0.71,0.74,1400554
MHL,20070316,0.015,0.015,0.015,0.015,158500
MIG,20070316,3.98,3.99,3.87,3.94,11674910
MIK,20070316,0.37,0.37,0.37,0.37,29000
MIN,20070316,2.66,2.68,2.6,2.65,171898
MIR,20070316,2.11,2.12,2.09,2.09,21369
MIS,20070316,1.19,1.28,1.19,1.265,477890
MIT,20070316,2.11,2.11,2.08,2.09,120771
MIX,20070316,1.08,1.1,1.08,1.1,871161
MKY,20070316,0.051,0.052,0.049,0.05,1864334
MLB,20070316,3.49,3.59,3.45,3.45,112469
MLE,20070316,2.91,2.94,2.88,2.94,543128
MLI,20070316,0.34,0.34,0.33,0.33,184500
MLM,20070316,0.61,0.65,0.61,0.65,40450
MLS,20070316,0.068,0.068,0.065,0.066,1860825
MLT,20070316,22.31,23.29,22.31,22.4,15602
MLX,20070316,0.33,0.39,0.33,0.36,13420070
MMA,20070316,1.045,1.05,1.045,1.045,85842
MMB,20070316,0.605,0.61,0.6,0.6,46000
MME,20070316,0.049,0.08,0.049,0.08,362226
MMG,20070316,4.54,4.58,4.51,4.58,192604
MML,20070316,0.93,0.95,0.92,0.93,164885
MMN,20070316,0.28,0.29,0.28,0.29,575857
MMS,20070316,4.41,4.41,4.4,4.4,15582
MMX,20070316,1.66,1.7,1.66,1.7,1851288
MND,20070316,10.7,10.99,10.69,10.99,262118
MNF,20070316,0.26,0.26,0.25,0.26,206703
MNM,20070316,0.25,0.25,0.245,0.245,15000
MOC,20070316,2.92,2.92,2.9,2.9,2674744
MOF,20070316,1.56,1.565,1.515,1.525,8380815
MOL,20070316,1.9,2.25,1.89,2.2,468648
MON,20070316,0.255,0.26,0.255,0.255,144700
MOO,20070316,0.19,0.19,0.19,0.19,32250
MOS,20070316,0.155,0.155,0.15,0.155,1088750
MOX,20070316,0.82,0.82,0.79,0.81,126010
MPA,20070316,0.028,0.028,0.028,0.028,17500
MPB,20070316,6.85,7.15,6.85,7.15,1106
MPD,20070316,0.024,0.024,0.024,0.024,300000
MPF,20070316,1.25,1.26,1.24,1.24,315560
MPG,20070316,0.865,0.88,0.86,0.865,55000
MPH,20070316,0.33,0.335,0.33,0.33,148100
MPI,20070316,0.061,0.061,0.061,0.061,58786
MPJ,20070316,0.006,0.006,0.006,0.006,152500
MPO,20070316,0.1,0.1,0.094,0.099,10781022
MPR,20070316,1.33,1.345,1.3,1.31,2978612
MPS,20070316,1.075,1.09,1.075,1.075,104177
MPY,20070316,0.95,0.95,0.94,0.94,196520
MRA,20070316,0.985,0.985,0.985,0.985,210107
MRC,20070316,0.155,0.155,0.15,0.15,124700
MRE,20070316,6.35,6.4,6.25,6.29,2521038
MRM,20070316,1.3,1.32,1.29,1.315,88599
MRO,20070316,2,2,1.9,1.98,49800
MRU,20070316,0.9,0.9,0.875,0.875,25333
MRX,20070316,0.081,0.081,0.078,0.079,1238220
MRY,20070316,0.069,0.069,0.069,0.069,2500
MRZ,20070316,1.365,1.395,1.365,1.37,348830
MSB,20070316,1.89,1.925,1.8,1.925,310078
MSC,20070316,0.028,0.029,0.027,0.028,15805500
MSI,20070316,0.022,0.022,0.022,0.022,4000
MST,20070316,0.155,0.16,0.155,0.155,293500
MSX,20070316,1.65,1.65,1.55,1.65,244594
MTB,20070316,0.084,0.086,0.081,0.085,262446
MTH,20070316,0.34,0.345,0.34,0.345,14000
MTI,20070316,0.1,0.1,0.085,0.085,160000
MTN,20070316,3.76,3.83,3.7,3.73,219999
MTS,20070316,4.9,5.1,4.85,5.09,3289845
MTU,20070316,0.495,0.495,0.495,0.495,24280
MTY,20070316,0.18,0.18,0.18,0.18,5000
MUN,20070316,0.28,0.3,0.28,0.3,396901
MUR,20070316,0.14,0.145,0.13,0.135,2444705
MUT,20070316,0.041,0.041,0.041,0.041,153963
MWE,20070316,0.235,0.24,0.215,0.225,879000
MWG,20070316,0.86,0.9,0.86,0.9,54392
MWR,20070316,0.081,0.105,0.08,0.08,2981504
MXG,20070316,4.5,4.5,4.41,4.44,2309756
MXI,20070316,0.715,0.72,0.7,0.7,453106
MXL,20070316,0.074,0.075,0.074,0.075,756000
MXR,20070316,0.155,0.155,0.15,0.155,119000
MYG,20070316,0.165,0.165,0.165,0.165,35000
MYO,20070316,1.17,1.18,1.14,1.18,541329
MZM,20070316,0.19,0.195,0.19,0.195,173717
NAB,20070316,40.2,40.3,39.7,40.15,3797052
NAD,20070316,0.037,0.038,0.036,0.036,1612779
NAE,20070316,0.44,0.44,0.43,0.43,17500
NAL,20070316,0.115,0.115,0.105,0.11,2835721
NAM,20070316,0.69,0.69,0.69,0.69,11000
NAV,20070316,0.465,0.47,0.46,0.47,216452
NBL,20070316,4.9,4.96,4.9,4.92,5194
NCM,20070316,21.49,22.05,21.34,21.94,1856603
NDM,20070316,0.33,0.33,0.31,0.33,50000
NDO,20070316,0.175,0.18,0.175,0.175,671750
NEC,20070316,0.46,0.485,0.46,0.485,75670
NEL,20070316,3.41,3.57,3.41,3.57,126720
NEM,20070316,5.35,5.49,5.35,5.45,170873
NEO,20070316,0.16,0.16,0.155,0.155,365650
NEU,20070316,0.45,0.46,0.445,0.46,81756
NFL,20070316,1.03,1.03,1.01,1.03,156324
NGF,20070316,0.14,0.14,0.14,0.14,171500
NGM,20070316,0.375,0.375,0.355,0.375,178622
NHC,20070316,1.39,1.4,1.365,1.37,188187
NHM,20070316,0.004,0.004,0.004,0.004,200000
NHR,20070316,1.595,1.6,1.595,1.6,8800
NIA,20070316,0.245,0.245,0.225,0.23,1337291
NKP,20070316,1.2,1.21,1.14,1.14,99900
NLG,20070316,0.41,0.41,0.4,0.4,53700
NLX,20070316,1.6,1.61,1.58,1.59,122137
NMI,20070316,0.16,0.16,0.16,0.16,123000
NMR,20070316,0.385,0.41,0.385,0.4,157000
NMS,20070316,0.51,0.52,0.51,0.515,194500
NOD,20070316,2,2,1.985,2,129353
NRT,20070316,2.5,2.5,2.4,2.4,283563
NRU,20070316,0.29,0.29,0.285,0.285,31946
NST,20070316,0.115,0.115,0.115,0.115,17500
NTU,20070316,1.265,1.29,1.26,1.29,67374
NUF,20070316,12,12,11.81,11.86,429602
NUP,20070316,0.745,0.85,0.73,0.8,1952060
NWA,20070316,0.014,0.014,0.014,0.014,175250
NWE,20070316,0.17,0.175,0.17,0.175,246132
NWR,20070316,0.335,0.34,0.32,0.32,22769
NWS,20070316,30.16,30.2,29.82,29.91,835577
NWT,20070316,0.008,0.008,0.008,0.008,8034506
NXS,20070316,0.93,0.94,0.89,0.92,1452866
NZO,20070316,0.77,0.77,0.77,0.77,10000
OAK,20070316,2,2,1.98,1.98,350189
OBJ,20070316,0.06,0.061,0.059,0.061,159000
OBL,20070316,0.08,0.1,0.08,0.1,50480
OCL,20070316,0.61,0.61,0.6,0.6,48000
OCO,20070316,0.039,0.039,0.037,0.037,1060000
ODY,20070316,0.41,0.41,0.4,0.4,50000
OEC,20070316,0.2,0.21,0.2,0.21,822133
OEL,20070316,0.22,0.245,0.22,0.24,2137481
OEX,20070316,1.3,1.32,1.255,1.32,189150
OFG,20070316,2.28,2.35,2.28,2.31,5690
OGD,20070316,0.73,0.73,0.72,0.72,691238
OIL,20070316,0.47,0.47,0.45,0.465,209332
OKN,20070316,4.44,4.58,4.43,4.58,270450
OLE,20070316,0.022,0.022,0.022,0.022,10000
OLY,20070316,0.135,0.135,0.135,0.135,181250
OMC,20070316,1.12,1.13,1.11,1.13,208600
OMH,20070316,0.25,0.25,0.25,0.25,50000
OMI,20070316,0.6,0.61,0.6,0.61,15000
ONC,20070316,0.41,0.42,0.405,0.42,232302
ONT,20070316,2.9,2.9,2.9,2.9,3000
OPC,20070316,0.15,0.15,0.145,0.145,212763
OPI,20070316,0.042,0.042,0.042,0.042,8191
OPL,20070316,0.805,0.81,0.8,0.8,203950
ORC,20070316,0.057,0.057,0.057,0.057,60000
ORD,20070316,0.5,0.5,0.49,0.49,11115
ORG,20070316,9,9,8.84,8.94,1654116
ORH,20070316,0.155,0.16,0.15,0.15,523441
ORI,20070316,24.9,25.24,24.74,25.1,542010
ORO,20070316,0.021,0.021,0.021,0.021,400834
OSH,20070316,3.52,3.53,3.47,3.5,3550859
OST,20070316,5.28,5.35,5.23,5.28,2825452
OTL,20070316,0.2,0.2,0.2,0.2,509625
OVR,20070316,0.92,0.92,0.83,0.83,340190
OXR,20070316,2.8,2.81,2.73,2.73,24544778
OZB,20070316,0.125,0.125,0.125,0.125,4000
PAA,20070316,0.115,0.12,0.115,0.12,220000
PBA,20070316,1.08,1.08,1.08,1.08,4288
PBB,20070316,1.95,1.97,1.95,1.97,10000
PBD,20070316,2.54,2.54,2.5,2.51,67054
PBG,20070316,2.97,2.98,2.94,2.95,6117878
PBI,20070316,0.16,0.17,0.16,0.16,170670
PBL,20070316,19.13,19.19,18.77,18.81,1742439
PBP,20070316,1.05,1.07,1.05,1.07,142655
PBT,20070316,0.34,0.35,0.34,0.35,56836
PCG,20070316,0.83,0.84,0.83,0.83,119190
PCL,20070316,0.07,0.07,0.068,0.068,1019162
PDM,20070316,0.16,0.16,0.15,0.155,125000
PDN,20070316,8.96,9.18,8.9,9.1,7753524
PDZ,20070316,0.4,0.4,0.385,0.385,18000
PEA,20070316,0.42,0.42,0.4,0.4,16820
PEK,20070316,0.185,0.19,0.18,0.19,34433
PEL,20070316,0.2,0.2,0.195,0.195,30000
PEM,20070316,3.9,3.92,3.81,3.84,1401971
PEN,20070316,0.082,0.084,0.078,0.078,14304027
PEO,20070316,0.066,0.066,0.065,0.065,326000
PEP,20070316,0.785,0.82,0.785,0.82,45731
PET,20070316,0.96,0.965,0.95,0.95,56469
PFG,20070316,1.115,1.14,1.1,1.1,50000
PFL,20070316,1.73,1.75,1.705,1.705,189561
PGA,20070316,5.7,5.75,5.7,5.75,5360
PGL,20070316,6.7,6.86,6.66,6.86,263620
PGM,20070316,0.43,0.43,0.41,0.42,107900
PGS,20070316,0.3,0.3,0.285,0.29,54300
PHK,20070316,0.39,0.39,0.385,0.385,101134
PIE,20070316,0.094,0.098,0.094,0.095,229867
PIO,20070316,0.18,0.18,0.18,0.18,160000
PKT,20070316,0.045,0.052,0.045,0.047,19076487
PLA,20070316,1.29,1.3,1.28,1.28,96999
PLD,20070316,0.35,0.35,0.34,0.34,17860
PLF,20070316,1.03,1.07,1.03,1.06,138232
PLT,20070316,0.385,0.4,0.375,0.4,326155
PMA,20070316,1.62,1.67,1.62,1.65,99400
PMC,20070316,2.2,2.23,2.2,2.21,30691
PME,20070316,1.31,1.31,1.29,1.29,32807
PMH,20070316,0.47,0.47,0.465,0.465,42000
PMM,20070316,4.77,4.83,4.77,4.79,17561
PMP,20070316,1.725,1.745,1.715,1.73,507150
PNA,20070316,0.36,0.36,0.35,0.36,7754770
PNN,20070316,1.48,1.48,1.38,1.415,134847
PNO,20070316,0.022,0.022,0.022,0.022,100000
PNW,20070316,0.05,0.05,0.05,0.05,167
POH,20070316,0.27,0.275,0.26,0.275,217766
POL,20070316,0.295,0.295,0.29,0.295,134766
PPC,20070316,4.04,4.05,4.02,4.05,248041
PPD,20070316,0.135,0.14,0.135,0.14,18499
PPI,20070316,0.515,0.515,0.515,0.515,12000
PPK,20070316,0.78,0.78,0.78,0.78,148195
PPP,20070316,0.155,0.155,0.15,0.155,85000
PPR,20070316,2.2,2.2,2.2,2.2,23000
PPS,20070316,1.16,1.17,1.15,1.17,55500
PPT,20070316,75,76.1,74.81,75.45,91982
PPX,20070316,4.18,4.19,4.04,4.06,1656699
PPY,20070316,0.43,0.44,0.43,0.44,5000
PRE,20070316,0.02,0.021,0.02,0.02,350000
PRG,20070316,5.15,5.19,5.13,5.15,109559
PRO,20070316,0.4,0.4,0.4,0.4,1370
PRR,20070316,0.053,0.053,0.046,0.046,6632470
PRT,20070316,3.77,3.77,3.72,3.72,33351
PRU,20070316,0.44,0.455,0.43,0.455,27305
PRV,20070316,1.17,1.18,1.165,1.165,94085
PRW,20070316,0.225,0.225,0.225,0.225,50000
PRY,20070316,11.95,12.06,11.95,12,92002
PRZ,20070316,0.155,0.155,0.155,0.155,5000
PSA,20070316,1.87,1.91,1.86,1.875,256334
PSD,20070316,0.215,0.23,0.215,0.215,3730053
PSH,20070316,1.75,1.76,1.73,1.73,122147
PSP,20070316,0.1,0.1,0.1,0.1,100000
PST,20070316,0.8,0.8,0.8,0.8,35000
PSV,20070316,0.375,0.38,0.365,0.37,1164030
PTD,20070316,1.95,1.97,1.91,1.92,2709531
PTR,20070316,0.88,0.88,0.82,0.835,172822
PTS,20070316,0.115,0.115,0.105,0.11,211999
PUN,20070316,0.275,0.275,0.26,0.27,497815
PUR,20070316,0.072,0.072,0.072,0.072,10000
PVE,20070316,1.43,1.44,1.43,1.44,15000
PWK,20070316,3.31,3.31,3.3,3.3,16234
PWT,20070316,2.27,2.28,2.26,2.26,307086
PXL,20070316,0.25,0.25,0.25,0.25,180000
PXS,20070316,3.26,3.36,3.25,3.36,162371
PYC,20070316,0.345,0.35,0.335,0.35,56000
QAN,20070316,5.14,5.14,5.11,5.14,13011692
QBE,20070316,31.24,31.24,30.65,30.95,2385981
QCH,20070316,4.87,4.87,4.87,4.87,35078
QFX,20070316,0.24,0.24,0.23,0.24,63399
QGC,20070316,1.51,1.54,1.51,1.54,21749103
QGM,20070316,0.2,0.2,0.2,0.2,12385
QHL,20070316,0.42,0.435,0.42,0.425,97000
QMG,20070316,0.27,0.28,0.27,0.28,310000
QMT,20070316,3.2,3.2,3.2,3.2,25897
QOL,20070316,0.405,0.41,0.39,0.4,306395
QRS,20070316,0.42,0.42,0.4,0.4,5000
QTK,20070316,0.16,0.165,0.155,0.165,326000
QTM,20070316,0.098,0.098,0.098,0.098,5497
QUR,20070316,0.035,0.036,0.033,0.033,493800
QXQ,20070316,0.055,0.056,0.055,0.055,155000
RAT,20070316,1.095,1.105,1.095,1.1,2405326
RAU,20070316,0.04,0.04,0.04,0.04,175500
RBM,20070316,0.13,0.13,0.125,0.125,490000
RBR,20070316,0.16,0.16,0.16,0.16,120000
RBY,20070316,0.03,0.03,0.03,0.03,166700
RCG,20070316,0.155,0.155,0.155,0.155,4249
RCI,20070316,0.215,0.215,0.215,0.215,42000
RCL,20070316,1.66,1.68,1.655,1.68,202799
RCR,20070316,1.94,1.95,1.93,1.95,141309
RCT,20070316,4.25,4.25,4.25,4.25,750
RDF,20070316,3.33,3.38,3.33,3.33,2418
RDM,20070316,0.32,0.33,0.32,0.325,35650
RDR,20070316,0.49,0.49,0.49,0.49,15000
RDS,20070316,0.84,0.84,0.83,0.83,4690
REA,20070316,5.29,5.29,5.22,5.28,19810
REB,20070316,4.58,4.58,4.57,4.57,489057
REF,20070316,4.94,5,4.85,4.99,102226
REH,20070316,24.3,24.3,24.3,24.3,1000
REO,20070316,0.029,0.031,0.029,0.03,585400
RER,20070316,0.175,0.175,0.175,0.175,8
REU,20070316,1.01,1.015,1.005,1.005,7660728
REX,20070316,2.06,2.06,2.02,2.04,60917
REY,20070316,0.1,0.1,0.1,0.1,10000
RFE,20070316,0.43,0.44,0.42,0.44,415547
RHC,20070316,11.7,11.77,11.52,11.7,301091
RHD,20070316,0.65,0.65,0.65,0.65,15736
RHI,20070316,2.25,2.3,2.25,2.3,19800
RHT,20070316,0.023,0.023,0.023,0.023,48530
RIC,20070316,1.15,1.155,1.12,1.14,5132624
RIM,20070316,0.024,0.024,0.023,0.023,539652
RIN,20070316,18.76,18.95,18.7,18.77,4615755
RIO,20070316,74.3,74.55,73.55,73.7,2285075
RIV,20070316,1.945,1.95,1.93,1.945,255265
RJT,20070316,1.02,1.025,1.015,1.02,773912
RKN,20070316,1.05,1.05,1.05,1.05,1200
RLA,20070316,0.17,0.17,0.17,0.17,45000
RMD,20070316,6.05,6.12,5.97,6.06,1572968
RMG,20070316,0.018,0.019,0.017,0.019,1602000
RMI,20070316,0.039,0.039,0.038,0.039,863510
RML,20070316,0.215,0.215,0.21,0.21,100000
RMS,20070316,0.42,0.44,0.42,0.425,496700
RNC,20070316,0.14,0.145,0.135,0.135,72600
RNG,20070316,0.064,0.065,0.063,0.063,199085
RNI,20070316,0.39,0.39,0.385,0.39,202763
RNY,20070316,1.145,1.145,1.145,1.145,249729
ROC,20070316,2.91,2.94,2.85,2.85,1896578
ROK,20070316,5.4,5.4,5.4,5.4,1450
ROL,20070316,0.165,0.165,0.165,0.165,20000
ROY,20070316,0.23,0.23,0.225,0.225,279500
RPX,20070316,1.8,1.845,1.8,1.84,113518
RRA,20070316,0.715,0.715,0.7,0.71,280500
RRL,20070316,0.09,0.09,0.088,0.089,212920
RRS,20070316,0.028,0.028,0.027,0.028,8849368
RRT,20070316,0.855,0.855,0.85,0.855,890647
RSG,20070316,1.315,1.33,1.31,1.31,43605
RSL,20070316,0.02,0.02,0.02,0.02,101070
RSN,20070316,0.135,0.14,0.135,0.14,1035587
RSP,20070316,1.3,1.315,1.29,1.315,748597
RTL,20070316,0.09,0.09,0.087,0.087,133145
RUP,20070316,12.76,12.78,12.7,12.7,420335
RUR,20070316,0.205,0.22,0.205,0.22,1140772
RWD,20070316,0.75,0.84,0.75,0.84,262230
RXL,20070316,0.235,0.265,0.235,0.265,271923
SAE,20070316,0.285,0.295,0.285,0.295,801500
SAF,20070316,0.048,0.05,0.047,0.047,1225000
SAI,20070316,3.66,3.67,3.61,3.66,193253
SAQ,20070316,5.4,5.4,5.4,5.4,15000
SAU,20070316,0.435,0.44,0.425,0.425,120900
SBC,20070316,16,16.6,15.86,16.6,173912
SBI,20070316,0.62,0.62,0.56,0.6,77000
SBL,20070316,0.036,0.038,0.035,0.037,2323200
SBM,20070316,0.545,0.55,0.52,0.545,1119427
SBR,20070316,0.19,0.19,0.19,0.19,10000
SBS,20070316,0.082,0.082,0.08,0.082,1819710
SCB,20070316,0.995,0.995,0.995,0.995,894
SCE,20070316,0.014,0.016,0.014,0.016,150000
SCV,20070316,0.77,0.77,0.77,0.77,500
SCX,20070316,0.073,0.073,0.073,0.073,50000
SDG,20070316,3.53,3.69,3.44,3.69,4205426
SDI,20070316,0.88,0.88,0.88,0.88,17849
SDL,20070316,0.073,0.083,0.072,0.082,25101557
SDM,20070316,2.29,2.35,2.26,2.35,29968
SEA,20070316,0.31,0.32,0.31,0.31,561940
SEG,20070316,0.6,0.65,0.6,0.6,15286
SEK,20070316,7.62,7.68,7.41,7.41,1041264
SEN,20070316,0.24,0.24,0.235,0.235,377485
SEV,20070316,10.99,11.07,10.89,10.95,710885
SFC,20070316,7.45,7.46,7.45,7.45,18255
SFH,20070316,1.92,1.935,1.88,1.91,173982
SFP,20070316,0.985,0.985,0.95,0.98,27608
SFR,20070316,0.54,0.54,0.53,0.53,57000
SFY,20070316,56.61,56.75,56.61,56.75,155
SGB,20070316,33.6,33.6,33.06,33.19,1182185
SGL,20070316,0.385,0.385,0.365,0.365,615324
SGM,20070316,23.74,24.45,23.55,24.45,250560
SGN,20070316,3.06,3.07,3.01,3.01,1814384
SGP,20070316,8.45,8.5,8.21,8.36,6488639
SGT,20070316,2.67,2.69,2.63,2.67,1590036
SGX,20070316,6.85,6.9,6.27,6.4,1118101
SHA,20070316,0.62,0.62,0.62,0.62,9554
SHC,20070316,0.195,0.225,0.195,0.225,19000
SHE,20070316,0.45,0.46,0.45,0.46,65802
SHG,20070316,0.45,0.515,0.45,0.515,1567057
SHL,20070316,13.29,13.44,13.27,13.36,743137
SHV,20070316,10.1,10.18,10.1,10.1,98076
SIM,20070316,0.6,0.605,0.6,0.605,29076
SIP,20070316,2.51,2.51,2.45,2.45,2137453
SIV,20070316,1.79,1.79,1.79,1.79,7500
SKC,20070316,4.11,4.11,4.08,4.08,134034
SKE,20070316,5.57,5.61,5.55,5.55,30526
SKI,20070316,2.08,2.08,1.99,1.99,63980702
SLA,20070316,0.7,0.705,0.66,0.67,318463
SLD,20070316,0.125,0.125,0.12,0.12,47240
SLF,20070316,23.05,23.05,22.54,22.6,17206
SLM,20070316,3.91,3.95,3.85,3.89,63962
SLV,20070316,1.19,1.255,1.19,1.24,1345321
SLX,20070316,9.38,9.65,9.25,9.65,467479
SMA,20070316,0.035,0.047,0.035,0.039,8675838
SMC,20070316,0.135,0.135,0.135,0.135,20000
SMM,20070316,4.44,4.65,4.43,4.65,2101868
SMN,20070316,0.225,0.225,0.215,0.215,97277
SMX,20070316,4.19,4.24,4.19,4.23,48836
SMY,20070316,4.1,4.12,4.03,4.09,1244390
SNN,20070316,0.076,0.085,0.076,0.082,827115
SNO,20070316,0.74,0.75,0.74,0.75,39394
SOE,20070316,0.21,0.215,0.21,0.21,462052
SOL,20070316,9.17,9.17,9.13,9.14,1750
SOM,20070316,0.024,0.025,0.024,0.024,2882000
SOO,20070316,0.087,0.088,0.086,0.087,364400
SOT,20070316,0.795,0.795,0.78,0.78,129970
SPD,20070316,0.18,0.18,0.18,0.18,136780
SPH,20070316,1.97,2,1.97,2,115750
SPL,20070316,0.44,0.44,0.44,0.44,7500
SPN,20070316,1.42,1.42,1.39,1.405,1708090
SPR,20070316,0.89,0.98,0.89,0.89,15500
SPT,20070316,4.8,4.82,4.49,4.49,935705
SRA,20070316,0.052,0.052,0.051,0.051,1635878
SRB,20070316,1,1,0.95,0.95,3650
SRG,20070316,1.35,1.36,1.35,1.355,2546134
SRH,20070316,2.2,2.2,2.2,2.2,3700
SRI,20070316,0.075,0.076,0.075,0.075,163000
SRK,20070316,1.98,1.98,1.925,1.93,95451
SRL,20070316,3.45,3.49,3.39,3.49,462414
SRR,20070316,0.175,0.18,0.175,0.18,20000
SRV,20070316,5.1,5.2,5,5.2,14544
SRX,20070316,3.25,3.25,3.25,3.25,1900
SRZ,20070316,0.25,0.25,0.245,0.245,31500
SSC,20070316,0.019,0.019,0.019,0.019,150000
SSI,20070316,2.88,2.88,2.87,2.87,5118
SSM,20070316,1.44,1.46,1.42,1.445,172720
SSN,20070316,0.245,0.245,0.235,0.235,56215
SSX,20070316,1.95,1.97,1.925,1.95,1928209
STB,20070316,0.21,0.21,0.21,0.21,52000
STE,20070316,0.088,0.091,0.088,0.091,258067
STG,20070316,1.48,1.505,1.45,1.45,326744
STI,20070316,0.09,0.09,0.09,0.09,189547
STO,20070316,9.63,9.74,9.55,9.68,5820198
STP,20070316,0.076,0.076,0.075,0.075,50000
STS,20070316,1.9,1.935,1.895,1.9,95988
STU,20070316,0.83,0.89,0.83,0.885,277772
STW,20070316,58.24,58.24,57.6,57.74,25464
STX,20070316,0.235,0.24,0.235,0.235,206361
SUL,20070316,3.9,3.95,3.85,3.92,94589
SUN,20070316,20.52,21.04,20.48,20.96,8132225
SVL,20070316,0.2,0.2,0.195,0.195,65000
SVM,20070316,0.335,0.335,0.3,0.31,316327
SWK,20070316,0.635,0.635,0.62,0.62,45250
SWN,20070316,0.275,0.275,0.275,0.275,55000
SYB,20070316,3.86,3.9,3.79,3.9,3744640
SYG,20070316,0.012,0.013,0.011,0.011,3723077
SYL,20070316,5.45,5.45,5.45,5.45,7100
SYM,20070316,0.55,0.55,0.55,0.55,81500
SYN,20070316,1.41,1.41,1.39,1.41,28000
SYP,20070316,0.6,0.62,0.595,0.6,230345
TAH,20070316,17.15,17.2,16.9,16.95,1838873
TAL,20070316,2.71,2.71,2.56,2.56,4363992
TAM,20070316,0.12,0.12,0.11,0.11,674295
TAN,20070316,0.45,0.45,0.45,0.45,14777
TAP,20070316,1.48,1.5,1.48,1.495,346697
TAS,20070316,0.205,0.21,0.205,0.21,28600
TAW,20070316,0.105,0.105,0.1,0.1,250000
TBG,20070316,1.455,1.5,1.455,1.455,20701
TBR,20070316,0.795,0.795,0.795,0.795,12000
TCL,20070316,7.81,7.81,7.73,7.75,2613222
TCQ,20070316,2.24,2.26,2.2,2.25,196224
TDR,20070316,0.026,0.026,0.026,0.026,200000
TEE,20070316,0.013,0.014,0.013,0.014,1778575
TEL,20070316,4.11,4.11,4.04,4.09,5576127
TEN,20070316,3.18,3.23,3.15,3.23,1533580
TEX,20070316,0.195,0.205,0.195,0.205,70640
TFC,20070316,0.52,0.56,0.52,0.56,502800
TFE,20070316,0.48,0.48,0.47,0.48,546233
TFS,20070316,0.25,0.3,0.25,0.3,6000
TGG,20070316,1.5,1.515,1.49,1.495,105910
TGP,20070316,2.55,2.56,2.55,2.56,29153
TGR,20070316,2.54,2.54,2.5,2.5,136289
TGS,20070316,0.43,0.46,0.43,0.46,67200
THG,20070316,0.885,0.89,0.885,0.89,116356
THK,20070316,0.27,0.275,0.26,0.275,35334
THO,20070316,0.9,0.9,0.9,0.9,10000
THR,20070316,0.25,0.29,0.25,0.27,1049295
THX,20070316,0.4,0.405,0.395,0.405,104808
TIM,20070316,1.96,1.98,1.94,1.95,1828543
TIS,20070316,0.585,0.59,0.54,0.54,80000
TJN,20070316,1.2,1.2,1.2,1.2,700
TKL,20070316,0.26,0.26,0.255,0.255,85000
TLS,20070316,4.3,4.32,4.26,4.29,20719363
TLZ,20070316,0.27,0.27,0.27,0.27,28900
TMO,20070316,0.21,0.215,0.205,0.215,357608
TMR,20070316,0.195,0.195,0.19,0.195,628449
TNE,20070316,1,1.02,1,1.02,275155
TNG,20070316,0.42,0.43,0.42,0.425,77671
TOE,20070316,0.925,0.93,0.91,0.915,124130
TOL,20070316,19.89,19.99,19.56,19.6,1719179
TOX,20070316,2.27,2.4,2.27,2.35,243575
TPI,20070316,10.25,10.28,10.03,10.1,977009
TPX,20070316,6.85,6.85,6.8,6.8,885
TRF,20070316,0.73,0.73,0.7,0.715,78925
TRG,20070316,13.2,13.2,12.95,13.11,1360
TRO,20070316,1.2,1.2,1.19,1.2,27868
TRS,20070316,10.8,10.9,10.7,10.9,78087
TRU,20070316,11.6,11.6,11.45,11.45,4465
TRY,20070316,3.1,3.1,3.05,3.1,33900
TSE,20070316,11.4,11.68,11.38,11.46,686087
TSH,20070316,0.41,0.41,0.4,0.405,411357
TSO,20070316,2.65,2.65,2.56,2.62,3814510
TTH,20070316,0.069,0.069,0.068,0.068,3750
TTI,20070316,0.405,0.41,0.38,0.38,193950
TTR,20070316,0.1,0.1,0.095,0.095,652510
TTS,20070316,4.76,4.85,4.71,4.85,3686716
TVL,20070316,0.44,0.45,0.43,0.43,112350
TWD,20070316,1.9,1.96,1.89,1.96,26000
TWO,20070316,2.65,2.65,2.61,2.64,18270
TWR,20070316,2.03,2.05,2.01,2.03,195380
TZL,20070316,0.555,0.555,0.53,0.53,511639
TZN,20070316,1.68,1.74,1.68,1.71,215774
UBI,20070316,1.26,1.26,1.25,1.25,55091
UCL,20070316,0.02,0.024,0.02,0.024,1521682
UCM,20070316,0.6,0.6,0.6,0.6,1250
UEQ,20070316,0.58,0.59,0.565,0.57,396584
UGL,20070316,13.4,13.6,13.38,13.55,757044
UKL,20070316,1.1,1.2,1.1,1.18,834502
UMC,20070316,0.255,0.27,0.255,0.27,107808
UNI,20070316,0.31,0.315,0.31,0.315,152000
UNW,20070316,0.32,0.32,0.315,0.315,35200
UNX,20070316,1.68,1.68,1.5,1.57,523305
UOG,20070316,0.16,0.16,0.16,0.16,5000
URA,20070316,0.59,0.64,0.57,0.62,278509
URL,20070316,0.125,0.125,0.11,0.12,13180816
USA,20070316,0.34,0.35,0.335,0.35,71526
UTO,20070316,0.555,0.555,0.54,0.55,835448
UXA,20070316,0.355,0.37,0.35,0.37,62376
UXC,20070316,1.64,1.68,1.61,1.63,174105
VBA,20070316,2.65,2.65,2.62,2.65,203026
VCN,20070316,0.235,0.235,0.235,0.235,10000
VCR,20070316,0.905,0.905,0.895,0.895,274691
VEA,20070316,3.31,3.33,3.3,3.33,339424
VGH,20070316,2.96,3,2.96,2.99,112690
VGP,20070316,0.195,0.215,0.19,0.21,157000
VHL,20070316,0.175,0.175,0.17,0.175,79869
VIA,20070316,1.9,1.9,1.9,1.9,4150
VII,20070316,0.135,0.14,0.135,0.14,58400
VIL,20070316,0.045,0.045,0.045,0.045,85500
VIR,20070316,1.035,1.035,1.03,1.03,31626
VKI,20070316,1.07,1.07,1.05,1.06,86700
VLA,20070316,0.1,0.1,0.096,0.1,319172
VLL,20070316,0.093,0.093,0.09,0.09,275086
VMG,20070316,2.29,2.29,2.2,2.2,5524786
VML,20070316,0.535,0.54,0.535,0.54,18621
VMS,20070316,0.525,0.53,0.47,0.51,474245
VOF,20070316,0.945,0.945,0.94,0.94,10000
VPE,20070316,0.22,0.22,0.21,0.21,191440
VPG,20070316,2.03,2.04,2,2.04,5503039
VRE,20070316,0.305,0.31,0.3,0.31,1045883
VRL,20070316,3.3,3.31,3.3,3.3,51900
VSG,20070316,0.011,0.012,0.011,0.012,1714191
VTP,20070316,1.27,1.27,1.27,1.27,7300
WAB,20070316,1.12,1.12,1.12,1.12,18836
WAG,20070316,0.02,0.02,0.018,0.018,1014615
WAM,20070316,1.9,1.9,1.9,1.9,92000
WAN,20070316,15.14,15.14,14.62,14.8,274853
WAS,20070316,0.035,0.035,0.035,0.035,27000
WAT,20070316,1.8,1.8,1.79,1.79,12194
WBA,20070316,1.05,1.1,1.05,1.1,3451
WBB,20070316,11.77,11.77,11.72,11.72,11266
WBC,20070316,25.55,25.77,25.37,25.76,3277706
WCB,20070316,3.53,3.6,3.53,3.6,2500
WCP,20070316,0.18,0.2,0.18,0.2,457362
WDC,20070316,21.35,21.4,20.81,20.81,8756179
WDS,20070316,1.82,1.85,1.82,1.82,154895
WEB,20070316,0.295,0.3,0.29,0.3,317580
WEC,20070316,1.81,1.85,1.81,1.85,7689
WES,20070316,36.61,36.8,36.5,36.5,967890
WEZ,20070316,0.13,0.13,0.13,0.13,126000
WFL,20070316,1.47,1.47,1.45,1.45,35772
WGP,20070316,0.081,0.081,0.081,0.081,50000
WGR,20070316,0.33,0.345,0.33,0.34,73323
WHE,20070316,1.53,1.56,1.53,1.56,19000
WHG,20070316,2.26,2.28,2.25,2.28,169658
WHS,20070316,5.92,5.97,5.92,5.93,12000
WIL,20070316,1.13,1.14,1.125,1.14,41292
WKR,20070316,0.31,0.315,0.31,0.315,13300
WLF,20070316,0.725,0.725,0.725,0.725,6000
WLL,20070316,2.47,2.47,2.45,2.45,21090
WLS,20070316,1.165,1.17,1.165,1.17,44550
WME,20070316,0.165,0.165,0.165,0.165,178000
WMT,20070316,0.255,0.255,0.235,0.245,10615012
WOR,20070316,26.87,27.36,26.43,26.9,422151
WOW,20070316,27.97,28.08,27.67,27.74,1914499
WPG,20070316,0.39,0.395,0.38,0.38,219000
WPL,20070316,36.1,36.33,35.86,36.1,1388063
WRK,20070316,0.205,0.22,0.2,0.22,163700
WSA,20070316,3.8,3.83,3.76,3.8,235065
WST,20070316,0.45,0.45,0.45,0.45,15000
WSY,20070316,0.025,0.026,0.02,0.026,1075120
WTE,20070316,0.175,0.175,0.17,0.17,1076118
WTF,20070316,4.24,4.3,4.2,4.25,873100
WTP,20070316,3.85,4.03,3.8,4.03,16720
WWA,20070316,2.26,2.26,2.25,2.25,6340
WWM,20070316,0.325,0.325,0.32,0.32,254168
WYL,20070316,3.25,3.3,3.22,3.26,490220
XAO,20070316,5839.7,5853.5,5798,5817.8,0
XBL,20070316,0.17,0.17,0.17,0.17,25000
XDJ,20070316,2824.9,2829.4,2800.1,2821.9,0
XEJ,20070316,12350.5,12366.3,12246.2,12312.4,0
XEN,20070316,0.165,0.165,0.135,0.14,703370
XFJ,20070316,6917.3,6922.4,6827.2,6860.9,0
XFL,20070316,5677.3,5687.8,5626.2,5647.6,0
XGD,20070316,4416.4,4416.4,4416.4,4416.4,0
XHJ,20070316,8146.2,8213.5,8089.3,8170.2,0
XIJ,20070316,611.5,612.8,605.6,605.8,0
XJO,20070316,5861.9,5874.5,5814.6,5836.3,0
XKO,20070316,5871.1,5884,5825.2,5846.9,0
XMD,20070316,6089.2,6106.5,6050.5,6080.6,0
XMJ,20070316,11087.9,11156.2,11005.7,11105.8,0
XMM,20070316,3703.7,3703.7,3703.7,3703.7,0
XNJ,20070316,6607.5,6635.6,6565.6,6574.5,0
XPJ,20070316,2431.3,2432.5,2376.5,2377.8,0
XRF,20070316,0.1,0.12,0.1,0.11,353000
XSJ,20070316,8186,8208.5,8122.4,8165.5,0
XSO,20070316,3514.8,3529.8,3503.3,3517.3,0
XST,20070316,0.5,0.5,0.44,0.45,890000
XTE,20070316,18.5,19,18.5,19,10000
XTJ,20070316,1539.4,1544.2,1520.6,1535.2,0
XTL,20070316,3096.4,3101.3,3068.7,3081.8,0
XTO,20070316,4739.4,4748.8,4699.2,4717.3,0
XUJ,20070316,7359.3,7372.7,7269.3,7273,0
XXJ,20070316,7074.8,7080.9,6997.5,7046.4,0
YGL,20070316,0.115,0.115,0.105,0.115,521000
YML,20070316,0.2,0.2,0.2,0.2,114676
YRR,20070316,0.545,0.545,0.52,0.545,21078
ZBB,20070316,0.32,0.32,0.32,0.32,20000
ZDX,20070316,0.175,0.175,0.175,0.175,13000
ZFX,20070316,16.41,16.44,16.12,16.19,4091287
ZGL,20070316,0.25,0.25,0.25,0.25,209000
ZGM,20070316,0.355,0.355,0.355,0.355,66700
ZIM,20070316,10.2,10.2,10.2,10.2,25758
ZYL,20070316,0.093,0.115,0.093,0.1,16022962
