AAC,20070503,2.66,2.7,2.58,2.64,631325
AAE,20070503,0.36,0.36,0.35,0.35,487863
AAM,20070503,0.19,0.19,0.18,0.18,234060
AAN,20070503,15.09,15.2,15.08,15.15,3754279
AAO,20070503,0.2,0.205,0.175,0.195,732183
AAQ,20070503,0.585,0.585,0.57,0.58,37223
AAR,20070503,0.057,0.057,0.056,0.057,1065973
AAT,20070503,0.091,0.094,0.091,0.094,70000
AAU,20070503,0.385,0.4,0.375,0.4,130100
AAX,20070503,7.56,7.62,7.56,7.58,105479
ABB,20070503,7.98,8.16,7.98,8.16,184191
ABC,20070503,3.89,3.89,3.71,3.79,679293
ABI,20070503,0.041,0.041,0.04,0.04,229360
ABJ,20070503,0.1,0.1,0.096,0.1,481186
ABP,20070503,1.92,1.96,1.92,1.95,1062956
ABQ,20070503,0.31,0.32,0.31,0.315,138214
ABS,20070503,6.81,7.09,6.8,7.03,2354582
ABU,20070503,0.165,0.17,0.165,0.165,388000
ABY,20070503,2.48,2.49,2.43,2.45,572290
ACB,20070503,2.16,2.26,2.16,2.25,339607
ACE,20070503,0.295,0.295,0.27,0.27,320900
ACG,20070503,0.155,0.16,0.155,0.16,3500
ACL,20070503,1.17,1.18,1.165,1.18,99083
ACR,20070503,1.33,1.33,1.315,1.315,116300
ACS,20070503,0.115,0.115,0.115,0.115,24600
ADA,20070503,0.7,0.71,0.68,0.7,151032
ADB,20070503,15.22,15.22,15.12,15.16,342938
ADG,20070503,3.74,3.75,3.74,3.75,4282
ADI,20070503,0.6,0.61,0.595,0.61,213300
ADL,20070503,0.075,0.075,0.075,0.075,148667
ADN,20070503,0.535,0.54,0.535,0.54,24000
ADS,20070503,0.17,0.17,0.165,0.17,471869
ADU,20070503,0.6,0.6,0.6,0.6,9500
ADX,20070503,0.072,0.072,0.06,0.061,890000
ADY,20070503,0.225,0.23,0.22,0.22,9360978
AEC,20070503,3.85,3.95,3.85,3.9,6514
AED,20070503,5.2,5.37,5.16,5.33,1350818
AEE,20070503,0.46,0.47,0.45,0.46,110000
AEM,20070503,0.04,0.04,0.039,0.039,35000
AEO,20070503,2.18,2.18,2.11,2.13,188545
AEP,20070503,4.03,4.05,3.96,3.99,130750
AET,20070503,0.95,1.03,0.92,0.92,59100
AEU,20070503,1.78,1.785,1.77,1.78,195897
AEX,20070503,0.042,0.044,0.041,0.042,8308707
AEZ,20070503,1.275,1.28,1.265,1.28,462721
AFG,20070503,12.19,12.61,12.17,12.55,1054398
AFI,20070503,5.6,5.61,5.57,5.57,356392
AFR,20070503,0.77,0.875,0.77,0.8,268992
AFT,20070503,0.006,0.007,0.006,0.006,8453093
AGD,20070503,0.03,0.03,0.03,0.03,115000
AGF,20070503,1.2,1.205,1.195,1.2,266395
AGG,20070503,10.88,10.96,10.88,10.9,10896
AGI,20070503,0.53,0.53,0.51,0.51,118515
AGK,20070503,15.45,15.65,15.36,15.62,2042746
AGM,20070503,1.09,1.125,1.07,1.07,9905078
AGO,20070503,0.555,0.555,0.54,0.55,1393150
AGS,20070503,2.75,2.8,2.74,2.78,753581
AGX,20070503,0.105,0.105,0.105,0.105,20000
AGY,20070503,0.75,0.76,0.725,0.725,746921
AHD,20070503,6.87,7,6.87,7,12746
AHE,20070503,3.9,3.9,3.9,3.9,262875
AHG,20070503,0.025,0.027,0.025,0.027,664552
AHI,20070503,3.65,3.65,3.6,3.6,75395
AHS,20070503,0.735,0.735,0.72,0.73,966206
AIA,20070503,2.3,2.35,2.24,2.24,83578
AIE,20070503,0.245,0.245,0.23,0.23,175351
AII,20070503,0.17,0.17,0.165,0.165,67000
AIM,20070503,0.205,0.235,0.205,0.235,12928210
AIV,20070503,0.14,0.14,0.135,0.135,67500
AIX,20070503,2.9,2.9,2.85,2.87,2321873
AIZ,20070503,2.46,2.52,2.46,2.52,75623
AJL,20070503,1.62,1.62,1.555,1.59,366743
AKK,20070503,0.29,0.29,0.285,0.285,68240
ALB,20070503,2.85,2.95,2.85,2.9,2843352
ALD,20070503,0.4,0.4,0.395,0.4,111019
ALE,20070503,0.024,0.024,0.024,0.024,75000
ALK,20070503,0.285,0.295,0.285,0.285,1061739
ALL,20070503,15.7,15.72,15.43,15.49,2916534
ALR,20070503,1.885,1.885,1.885,1.885,11927
ALS,20070503,13.46,13.5,13.43,13.5,96714
ALU,20070503,1.2,1.25,1.17,1.2,52208
ALZ,20070503,2.35,2.4,2.35,2.38,2534658
AMA,20070503,0.42,0.445,0.42,0.425,59370
AMB,20070503,2.13,2.13,2.1,2.1,26114
AMC,20070503,7.53,7.54,7.45,7.45,1990585
AMH,20070503,0.7,0.7,0.69,0.7,73597
AMM,20070503,0.17,0.17,0.16,0.165,6207855
AMP,20070503,10.89,10.91,10.82,10.84,3145843
AMU,20070503,0.745,0.76,0.745,0.745,251402
AND,20070503,0.6,0.61,0.57,0.57,312347
ANE,20070503,4.26,4.4,4.26,4.32,106121
ANG,20070503,1.58,1.61,1.51,1.54,244285
ANH,20070503,0.07,0.07,0.068,0.068,455453
ANM,20070503,0.275,0.28,0.275,0.28,28927
ANN,20070503,11.51,11.62,11.46,11.54,336179
ANO,20070503,0.165,0.165,0.165,0.165,20000
ANP,20070503,0.038,0.039,0.037,0.039,1277500
ANX,20070503,0.215,0.215,0.21,0.21,53000
ANZ,20070503,30.92,30.94,30.66,30.74,3808976
AOD,20070503,9.99,9.99,9.77,9.77,9199
AOE,20070503,1.885,1.95,1.88,1.95,1799464
AOI,20070503,0.06,0.062,0.06,0.062,50848
AOM,20070503,0.017,0.017,0.015,0.015,90500
AOP,20070503,0.385,0.385,0.355,0.375,330750
APA,20070503,4.28,4.28,4.23,4.23,203497
APB,20070503,0.17,0.17,0.17,0.17,10000
APD,20070503,3.52,3.6,3.5,3.5,35429
APE,20070503,12.95,13,12.95,13,3221
APG,20070503,0.17,0.17,0.165,0.165,1024896
API,20070503,2.38,2.39,2.33,2.34,391158
APK,20070503,0.67,0.67,0.66,0.66,74730
APM,20070503,0.025,0.025,0.025,0.025,680000
APN,20070503,6.01,6.04,6.01,6.01,277028
APP,20070503,0.6,0.6,0.6,0.6,120000
APR,20070503,2.1,2.1,2.1,2.1,9000
APV,20070503,0.075,0.075,0.07,0.07,60000
APZ,20070503,2.35,2.35,2.3,2.32,892579
AQA,20070503,4.75,4.75,4.75,4.75,27000
AQD,20070503,0.34,0.34,0.285,0.3,526497
AQL,20070503,0.018,0.018,0.018,0.018,158805
AQP,20070503,36.68,36.68,36.13,36.48,88747
ARA,20070503,0.63,0.635,0.625,0.625,186301
ARE,20070503,0.24,0.24,0.235,0.235,377270
ARG,20070503,7.95,7.96,7.91,7.95,229186
ARH,20070503,1.32,1.355,1.315,1.33,427671
ARJ,20070503,0.011,0.014,0.011,0.014,14407749
ARM,20070503,0.56,0.56,0.545,0.56,257943
ARO,20070503,0.029,0.029,0.029,0.029,200000
ARP,20070503,4.36,4.43,4.33,4.39,28915
ARQ,20070503,1.44,1.445,1.43,1.44,1167719
ARR,20070503,3.6,3.7,3.59,3.61,929790
ARU,20070503,1.72,1.77,1.66,1.77,476642
ARW,20070503,0.435,0.45,0.405,0.41,1318045
ARX,20070503,0.023,0.023,0.022,0.022,797453
ASB,20070503,3.76,3.78,3.69,3.76,359257
ASC,20070503,0.034,0.035,0.033,0.035,1055000
ASL,20070503,2.03,2.13,2.03,2.12,125579
ASQ,20070503,0.45,0.45,0.45,0.45,28000
ASV,20070503,0.03,0.03,0.03,0.03,50000
ASX,20070503,48.24,48.25,47.5,47.5,580790
ASZ,20070503,1.13,1.13,1.08,1.1,117664
ATG,20070503,0.185,0.185,0.18,0.18,27750
ATN,20070503,0.039,0.039,0.039,0.039,265634
ATP,20070503,0.5,0.5,0.48,0.48,144709
ATV,20070503,0.16,0.16,0.155,0.155,112000
AUB,20070503,4.94,5,4.93,4.95,40377
AUI,20070503,8.32,8.32,8.32,8.32,787
AUN,20070503,1.695,1.74,1.67,1.73,6015309
AUT,20070503,0.43,0.47,0.43,0.46,378745
AUW,20070503,2.61,2.65,2.59,2.61,8092262
AUX,20070503,0.047,0.047,0.043,0.043,1284000
AUZ,20070503,0.11,0.125,0.105,0.125,32570498
AVD,20070503,0.5,0.51,0.49,0.51,55578
AVE,20070503,2.95,2.98,2.95,2.96,233315
AVI,20070503,0.19,0.19,0.19,0.19,62143
AVJ,20070503,1.3,1.31,1.29,1.29,64095
AVM,20070503,17.2,18.02,17.2,18.02,3485
AVO,20070503,1.41,1.44,1.39,1.44,349674
AVP,20070503,0.011,0.011,0.011,0.011,3585500
AVQ,20070503,0.18,0.18,0.17,0.18,124843
AVR,20070503,1.59,1.6,1.59,1.6,14134
AVS,20070503,0.7,0.705,0.69,0.705,206287
AVX,20070503,0.74,0.74,0.7,0.71,1959604
AWB,20070503,3.42,3.47,3.39,3.47,900433
AWC,20070503,7.29,7.3,7.25,7.27,3475505
AWE,20070503,3.03,3.06,3.02,3.03,3711380
AWG,20070503,0.125,0.125,0.12,0.12,50000
AWL,20070503,0.009,0.009,0.009,0.009,80000
AWS,20070503,0.015,0.015,0.012,0.014,20398719
AXA,20070503,7.4,7.45,7.37,7.42,2666748
AXC,20070503,0.11,0.13,0.11,0.13,409000
AXI,20070503,0.33,0.33,0.32,0.32,74375
AXO,20070503,0.97,1,0.97,0.995,43549
AXQ,20070503,0.88,0.88,0.85,0.85,101460
AXT,20070503,0.39,0.4,0.38,0.4,48500
AYF,20070503,10,10,10,10,1600
AYR,20070503,0.12,0.12,0.11,0.11,100000
AZA,20070503,1.1,1.12,1.1,1.115,10765712
AZC,20070503,0.315,0.32,0.31,0.315,400312
AZD,20070503,0.38,0.38,0.365,0.37,111955
AZM,20070503,0.24,0.24,0.22,0.22,62140
AZS,20070503,0.087,0.087,0.087,0.087,10540
AZX,20070503,1.695,1.695,1.66,1.66,18475
AZZ,20070503,0.84,0.86,0.83,0.855,305275
BAR,20070503,0.29,0.315,0.275,0.315,1909453
BAS,20070503,0.075,0.077,0.075,0.077,328663
BBG,20070503,16.58,16.75,16.53,16.73,261433
BBI,20070503,1.945,1.95,1.915,1.92,5159309
BBL,20070503,0.25,0.25,0.25,0.25,70000
BBP,20070503,3.27,3.43,3.27,3.4,3498747
BBW,20070503,1.865,1.87,1.86,1.86,3778058
BCD,20070503,0.355,0.365,0.355,0.36,228542
BCF,20070503,1.215,1.215,1.215,1.215,1529
BCI,20070503,1.09,1.55,1.09,1.55,1296168
BCM,20070503,4.54,4.55,4.48,4.55,439382
BCN,20070503,0.445,0.445,0.425,0.43,388570
BDG,20070503,0.38,0.385,0.38,0.38,2120649
BDI,20070503,0.41,0.41,0.41,0.41,10500
BDL,20070503,0.25,0.25,0.205,0.245,6912927
BDM,20070503,0.315,0.33,0.3,0.33,49330
BDS,20070503,4.12,4.12,4.12,4.12,1500
BEC,20070503,3.65,3.75,3.62,3.75,202967
BEI,20070503,0.9,0.91,0.88,0.91,153172
BEN,20070503,16,16.06,15.9,15.98,484601
BFE,20070503,0.225,0.225,0.21,0.22,22500
BGD,20070503,0.39,0.4,0.37,0.4,341726
BGL,20070503,0.125,0.125,0.12,0.12,116700
BHP,20070503,30.01,30.06,29.82,29.89,13482432
BIX,20070503,0.17,0.17,0.17,0.17,45583
BJT,20070503,1.975,1.99,1.915,1.94,384581
BKG,20070503,0.11,0.11,0.1,0.1,50000
BKI,20070503,1.44,1.45,1.44,1.44,41259
BKL,20070503,22.86,22.99,22.85,22.95,4094
BKM,20070503,0.007,0.007,0.007,0.007,130000
BKN,20070503,9.9,10.17,9.89,10.17,339728
BKP,20070503,0.13,0.135,0.125,0.125,971615
BKR,20070503,0.425,0.425,0.425,0.425,156000
BKW,20070503,13.51,13.55,13.5,13.55,241113
BKY,20070503,1.68,1.8,1.68,1.765,999623
BLD,20070503,8.59,8.61,8.53,8.55,391479
BLG,20070503,0.665,0.68,0.665,0.68,275813
BLK,20070503,0.65,0.65,0.65,0.65,22300
BLP,20070503,0.88,0.88,0.88,0.88,40000
BLR,20070503,0.275,0.275,0.27,0.275,1635727
BLS,20070503,0.09,0.09,0.09,0.09,44500
BLT,20070503,0.145,0.15,0.14,0.145,689929
BLU,20070503,1.42,1.42,1.35,1.4,104790
BLY,20070503,1.94,1.995,1.94,1.99,23936104
BLZ,20070503,0.041,0.041,0.04,0.041,349701
BMN,20070503,3.32,3.42,3.24,3.3,1006427
BMX,20070503,0.23,0.23,0.22,0.225,684363
BMY,20070503,0.19,0.2,0.19,0.2,41000
BNB,20070503,29.42,29.6,29,29.45,998020
BNE,20070503,0.43,0.43,0.43,0.43,13334
BNL,20070503,0.23,0.23,0.22,0.22,81051
BNO,20070503,0.31,0.31,0.31,0.31,57757
BOC,20070503,0.76,0.8,0.73,0.8,70400
BOD,20070503,0.105,0.105,0.105,0.105,44600
BOL,20070503,3.61,3.69,3.6,3.69,2029032
BOM,20070503,0.39,0.39,0.38,0.38,71948
BON,20070503,0.12,0.12,0.12,0.12,80000
BOQ,20070503,18.4,18.54,18.19,18.45,188211
BOS,20070503,0.11,0.12,0.11,0.11,30000
BOW,20070503,0.1,0.1,0.097,0.1,293362
BPG,20070503,0.038,0.04,0.038,0.04,51000
BPH,20070503,0.105,0.105,0.105,0.105,30000
BPO,20070503,0.043,0.044,0.042,0.043,2197114
BPT,20070503,1.255,1.26,1.25,1.255,1983483
BQF,20070503,3.95,3.98,3.9,3.9,85618
BQT,20070503,0.17,0.17,0.165,0.17,168660
BRC,20070503,0.45,0.45,0.45,0.45,4000
BRO,20070503,0.008,0.009,0.008,0.009,6879155
BRT,20070503,0.13,0.13,0.1,0.1,19500
BRW,20070503,0.475,0.5,0.475,0.495,848434
BSA,20070503,0.595,0.595,0.595,0.595,7408
BSL,20070503,12,12.19,11.94,12,4125587
BSM,20070503,0.35,0.365,0.33,0.355,357700
BSO,20070503,0.645,0.65,0.645,0.65,16800
BTA,20070503,1.795,1.815,1.79,1.795,502641
BTC,20070503,0.37,0.37,0.36,0.37,17000
BTV,20070503,0.14,0.145,0.14,0.14,260209
BUG,20070503,0.55,0.55,0.55,0.55,22144
BUR,20070503,0.21,0.215,0.205,0.205,1007627
BUY,20070503,0.038,0.038,0.038,0.038,134667
BVA,20070503,2.36,2.4,2.35,2.39,163733
BWN,20070503,0.275,0.29,0.27,0.29,28410
BWP,20070503,2.35,2.38,2.33,2.33,384711
BXB,20070503,13.27,13.28,13.15,13.2,4104213
BXP,20070503,0.195,0.195,0.19,0.195,914237
BYR,20070503,0.24,0.24,0.235,0.235,43100
BZI,20070503,0.41,0.41,0.41,0.41,19810
CAA,20070503,0.725,0.74,0.725,0.735,246657
CAB,20070503,11.45,11.45,11.07,11.19,207495
CAF,20070503,0.89,0.89,0.89,0.89,300
CAL,20070503,0.955,0.955,0.955,0.955,2000
CAM,20070503,1.295,1.295,1.28,1.295,33638
CAQ,20070503,0.19,0.195,0.19,0.19,150000
CAV,20070503,0.57,0.57,0.57,0.57,20300
CAZ,20070503,0.58,0.58,0.555,0.56,46950
CBA,20070503,53.8,54.09,53.32,53.85,3134443
CBB,20070503,0.39,0.39,0.39,0.39,100000
CBD,20070503,0.145,0.145,0.135,0.145,126625
CBH,20070503,0.62,0.625,0.61,0.61,3192864
CCE,20070503,0.042,0.043,0.042,0.043,767000
CCI,20070503,0.005,0.005,0.004,0.004,2230000
CCK,20070503,0.2,0.2,0.2,0.2,1900
CCL,20070503,9.68,9.7,9.58,9.61,3422552
CCP,20070503,10.86,10.86,10.65,10.7,161291
CCS,20070503,0.064,0.069,0.064,0.069,880000
CCU,20070503,0.34,0.35,0.3,0.35,107000
CCV,20070503,0.645,0.645,0.63,0.64,1058508
CDA,20070503,1.2,1.25,1.2,1.22,27000
CDD,20070503,5.77,5.9,5.77,5.9,50982
CDF,20070503,1.97,2.02,1.97,2.02,10500
CDI,20070503,1.09,1.09,1.085,1.085,4771927
CDL,20070503,0.062,0.062,0.062,0.062,17000
CDM,20070503,1.175,1.175,1.175,1.175,2586
CDO,20070503,4.94,4.98,4.91,4.93,170900
CDP,20070503,4.76,4.79,4.76,4.78,32638
CDR,20070503,1.68,1.72,1.68,1.7,6856194
CDS,20070503,0.023,0.024,0.023,0.024,810000
CDU,20070503,3.8,3.86,3.75,3.77,131552
CDX,20070503,1.38,1.38,1.38,1.38,500
CEC,20070503,0.55,0.55,0.55,0.55,2000
CEG,20070503,2.29,2.32,2.29,2.32,5500
CEO,20070503,0.05,0.05,0.05,0.05,19900
CER,20070503,1.67,1.69,1.665,1.69,2711828
CES,20070503,0.35,0.365,0.345,0.365,92000
CEU,20070503,1.53,1.535,1.515,1.52,2492481
CEY,20070503,2.87,2.9,2.81,2.83,711396
CFE,20070503,0.41,0.415,0.405,0.405,667866
CFI,20070503,0.78,0.785,0.78,0.78,44155
CFK,20070503,0.26,0.26,0.25,0.255,235501
CFR,20070503,0.012,0.012,0.012,0.012,323000
CFU,20070503,1.185,1.19,1.165,1.165,321146
CFX,20070503,2.27,2.28,2.24,2.25,3717327
CGF,20070503,5.38,5.4,5.3,5.32,1054080
CGI,20070503,0.115,0.13,0.115,0.13,13513
CGJ,20070503,17.67,17.78,17.6,17.62,2140483
CGM,20070503,0.23,0.24,0.23,0.24,72000
CGS,20070503,0.18,0.18,0.18,0.18,2858
CGX,20070503,0.55,0.56,0.55,0.56,48000
CHB,20070503,50,53,50,53,2222
CHC,20070503,2.74,2.74,2.66,2.7,203677
CHD,20070503,1.09,1.09,1.07,1.07,11700
CHF,20070503,0.34,0.34,0.34,0.34,1640
CHL,20070503,0.56,0.56,0.56,0.56,105336
CHN,20070503,0.15,0.155,0.15,0.155,288893
CHO,20070503,6.13,6.15,6.13,6.15,3600
CHQ,20070503,0.785,0.785,0.785,0.785,13000
CIF,20070503,4.26,4.26,4.18,4.26,321568
CIL,20070503,2.62,2.65,2.57,2.65,137948
CIN,20070503,20.65,20.65,20.52,20.52,1000
CIR,20070503,1.365,1.37,1.365,1.37,2139
CIW,20070503,0.9,0.9,0.9,0.9,2500
CIX,20070503,0.46,0.465,0.46,0.46,31500
CIY,20070503,4.53,4.57,4.5,4.5,235510
CKL,20070503,0.51,0.51,0.5,0.5,44550
CKR,20070503,0.14,0.145,0.14,0.145,204506
CLD,20070503,0.12,0.12,0.105,0.105,116000
CLF,20070503,0.22,0.22,0.22,0.22,7000
CLH,20070503,0.92,0.92,0.865,0.88,26815
CLO,20070503,0.62,0.63,0.605,0.63,52999
CLT,20070503,1.22,1.22,1.215,1.215,29000
CLV,20070503,0.1,0.1,0.1,0.1,49000
CLX,20070503,1.13,1.18,1.05,1.18,3500
CME,20070503,0.06,0.061,0.059,0.061,1956036
CMK,20070503,0.265,0.27,0.265,0.27,46750
CMO,20070503,0.028,0.029,0.026,0.028,20933494
CMP,20070503,0.125,0.125,0.125,0.125,40000
CMQ,20070503,0.096,0.097,0.095,0.095,152700
CMR,20070503,5.1,5.28,5.1,5.16,748246
CMS,20070503,0.035,0.035,0.035,0.035,25000
CMV,20070503,0.535,0.6,0.53,0.59,695977
CMW,20070503,1.12,1.125,1.12,1.125,1408299
CMY,20070503,0.36,0.365,0.35,0.35,15223
CND,20070503,3.4,3.49,3.37,3.47,112439
CNF,20070503,0.084,0.084,0.084,0.084,20000
CNM,20070503,0.038,0.039,0.036,0.039,3702024
CNN,20070503,0.18,0.18,0.16,0.17,3039434
CNP,20070503,9.5,9.63,9.48,9.54,3678465
CNT,20070503,1,1.065,1,1.06,506211
COA,20070503,6.06,6.13,6.06,6.1,4956907
COE,20070503,0.52,0.55,0.52,0.55,730309
COF,20070503,4,4.08,3.99,4.01,50250
COH,20070503,64.55,64.8,64.09,64.45,158447
COI,20070503,0.255,0.255,0.255,0.255,159120
COS,20070503,0.105,0.105,0.105,0.105,45000
COU,20070503,2.83,2.85,2.81,2.83,73140
COZ,20070503,0.36,0.365,0.34,0.355,466863
CPA,20070503,1.485,1.49,1.47,1.485,4207435
CPB,20070503,24.5,24.67,24.36,24.59,9235
CPI,20070503,0.36,0.36,0.36,0.36,102205
CPK,20070503,0.805,0.805,0.75,0.775,326690
CPN,20070503,0.086,0.087,0.086,0.087,295000
CPR,20070503,3.17,3.25,3.17,3.25,29367
CPU,20070503,10.65,10.7,10.58,10.67,1607401
CQT,20070503,0.855,0.87,0.825,0.85,2101747
CRB,20070503,0.28,0.28,0.28,0.28,5000
CRC,20070503,0.29,0.31,0.29,0.31,39000
CRE,20070503,0.38,0.38,0.37,0.375,387062
CRG,20070503,17.01,17.1,16.9,17,165751
CRJ,20070503,0.38,0.39,0.375,0.38,68680
CRK,20070503,1.61,1.62,1.6,1.605,35170
CRT,20070503,0.68,0.685,0.665,0.685,64830
CSE,20070503,0.39,0.39,0.37,0.38,64999
CSL,20070503,88.46,88.98,87.59,88.2,567602
CSM,20070503,2.53,2.58,2.49,2.5,1363848
CSR,20070503,3.75,3.75,3.73,3.73,3895193
CSS,20070503,1.39,1.41,1.35,1.4,72000
CST,20070503,3.46,3.55,3.45,3.55,16467
CSV,20070503,1.23,1.25,1.23,1.24,2013406
CTE,20070503,0.18,0.2,0.18,0.19,19500
CTF,20070503,0.053,0.053,0.051,0.053,166215
CTI,20070503,0.12,0.12,0.12,0.12,10000
CTN,20070503,1.79,1.8,1.77,1.8,126566
CTO,20070503,0.38,0.385,0.38,0.38,688753
CTP,20070503,0.15,0.16,0.145,0.16,47500
CTS,20070503,0.565,0.57,0.555,0.57,176196
CTX,20070503,24.4,24.44,24.1,24.22,645285
CUE,20070503,0.155,0.155,0.15,0.155,880083
CUL,20070503,0.05,0.051,0.047,0.05,1709353
CUO,20070503,0.695,0.77,0.695,0.725,3931351
CUS,20070503,0.215,0.22,0.215,0.215,1845503
CUV,20070503,1.02,1.025,1,1,417404
CUX,20070503,0.46,0.475,0.46,0.475,305000
CUY,20070503,2.57,2.59,2.48,2.5,107103
CVB,20070503,0.16,0.16,0.16,0.16,298068
CVC,20070503,1.88,1.89,1.88,1.88,50649
CVG,20070503,0.225,0.23,0.21,0.21,78750
CVI,20070503,0.074,0.074,0.07,0.07,1715214
CVN,20070503,0.13,0.13,0.12,0.12,3073090
CWP,20070503,5.2,5.2,5.2,5.2,4000
CWT,20070503,0.87,0.87,0.865,0.865,69500
CXG,20070503,1.55,1.55,1.5,1.54,99398
CXM,20070503,0.18,0.19,0.175,0.175,303549
CXN,20070503,0.16,0.16,0.15,0.15,49760
CXP,20070503,7.41,7.5,7.27,7.35,206306
CXS,20070503,0.86,0.9,0.86,0.865,360311
CXY,20070503,0.033,0.039,0.032,0.034,6607750
CYA,20070503,1.31,1.315,1.31,1.315,9076
CYC,20070503,0.325,0.33,0.31,0.33,94333
CYG,20070503,4.56,4.56,4.49,4.49,12120
CYL,20070503,0.235,0.235,0.235,0.235,31000
CYT,20070503,0.7,0.7,0.7,0.7,73000
CZP,20070503,0.15,0.15,0.15,0.15,30000
CZR,20070503,0.41,0.425,0.4,0.425,50000
DBS,20070503,0.85,0.85,0.85,0.85,136900
DDD,20070503,0.18,0.18,0.17,0.17,345000
DDT,20070503,0.375,0.38,0.37,0.38,575232
DEG,20070503,0.12,0.125,0.12,0.12,71918
DES,20070503,0.31,0.315,0.305,0.305,254671
DEX,20070503,2.9,2.9,2.83,2.83,320003
DGH,20070503,0.79,0.79,0.79,0.79,40000
DGR,20070503,0.27,0.345,0.27,0.31,4278870
DIA,20070503,0.1,0.105,0.1,0.105,500333
DIO,20070503,0.08,0.082,0.08,0.08,1658849
DJS,20070503,4.82,4.9,4.82,4.86,703498
DJW,20070503,4.77,4.82,4.75,4.82,189028
DKN,20070503,1.46,1.46,1.455,1.455,25941
DKS,20070503,8.8,8.8,8.8,8.8,100
DLS,20070503,0.17,0.17,0.165,0.17,497532
DMA,20070503,0.275,0.28,0.275,0.275,34223
DML,20070503,0.25,0.255,0.24,0.24,236200
DMP,20070503,3.04,3.1,3.01,3.06,123295
DMX,20070503,0.83,0.84,0.815,0.835,62900
DMY,20070503,0.06,0.06,0.06,0.06,12000
DOM,20070503,2.65,2.66,2.58,2.6,302805
DON,20070503,0.32,0.32,0.315,0.315,15000
DOW,20070503,7.51,7.57,7.4,7.41,1483425
DRA,20070503,0.14,0.14,0.14,0.14,49000
DRK,20070503,0.15,0.15,0.15,0.15,20000
DRT,20070503,1.82,1.82,1.8,1.82,12400077
DRX,20070503,0.28,0.28,0.28,0.28,12300
DSF,20070503,0.18,0.185,0.17,0.185,94500
DTL,20070503,5.41,5.41,5.4,5.4,12195
DUE,20070503,3.59,3.59,3.47,3.5,744315
DUI,20070503,3.8,3.8,3.79,3.79,33961
DVM,20070503,0.08,0.081,0.079,0.081,205000
DVN,20070503,1.32,1.34,1.275,1.29,276358
DWS,20070503,2.16,2.18,2.12,2.18,128584
DWY,20070503,0.895,0.91,0.88,0.905,253297
DXL,20070503,2.42,2.46,2.42,2.43,3641943
DYE,20070503,0.97,0.98,0.96,0.98,45370
DYL,20070503,0.615,0.655,0.615,0.655,13132471
EAR,20070503,0.29,0.29,0.28,0.29,44242
EBB,20070503,3.71,3.74,3.7,3.72,26744
EBI,20070503,3.65,3.7,3.65,3.69,181055
EBR,20070503,0.048,0.048,0.046,0.047,379166
EBT,20070503,0.145,0.15,0.145,0.15,82321
ECH,20070503,1.3,1.3,1.1,1.13,444360
ECU,20070503,0.025,0.025,0.025,0.025,125000
EDE,20070503,0.67,0.675,0.66,0.66,86500
EDM,20070503,0.047,0.05,0.046,0.05,976000
EDN,20070503,0.53,0.53,0.52,0.53,47867
EEE,20070503,0.2,0.2,0.2,0.2,20000
EFT,20070503,0.087,0.087,0.078,0.078,419220
EGL,20070503,0.105,0.115,0.105,0.115,13100
EGO,20070503,0.007,0.008,0.007,0.007,1366178
EGX,20070503,0.795,0.815,0.795,0.815,28391
EHL,20070503,1.955,2,1.955,1.99,8546602
EIF,20070503,0.017,0.02,0.017,0.017,273650
EIG,20070503,1.14,1.15,1.13,1.13,17408
EIV,20070503,0.145,0.15,0.145,0.15,197000
EKA,20070503,0.215,0.225,0.215,0.22,128913
EKM,20070503,0.505,0.51,0.5,0.51,165000
ELI,20070503,1.085,1.09,1.085,1.09,46500
ELK,20070503,0.295,0.31,0.265,0.27,594013
ELL,20070503,0.18,0.185,0.175,0.18,340599
ELM,20070503,0.3,0.32,0.3,0.32,70000
ELX,20070503,0.95,0.95,0.935,0.94,50000
EME,20070503,7.15,7.15,7,7,14650
EMI,20070503,1.41,1.41,1.39,1.41,17000
EMP,20070503,0.135,0.135,0.13,0.13,344600
EMR,20070503,0.215,0.22,0.21,0.22,334939
EMS,20070503,0.11,0.11,0.105,0.105,45260
ENB,20070503,0.335,0.36,0.335,0.36,30037
ENE,20070503,4.79,4.79,4.7,4.73,405868
ENG,20070503,0.185,0.185,0.185,0.185,35000
ENR,20070503,0.565,0.565,0.56,0.56,15300
ENV,20070503,1.225,1.235,1.22,1.235,556527
EOL,20070503,0.83,0.83,0.83,0.83,31036
EON,20070503,0.6,0.6,0.6,0.6,16600
EOS,20070503,1.54,1.58,1.54,1.58,11700
EPE,20070503,0.041,0.042,0.041,0.041,1350000
EPF,20070503,0.2,0.2,0.195,0.195,21101
EPG,20070503,0.725,0.74,0.725,0.74,60569
EPR,20070503,0.033,0.039,0.032,0.032,3155177
EPS,20070503,0.355,0.355,0.35,0.35,38485
EPY,20070503,0.365,0.365,0.36,0.36,173494
EQI,20070503,1.84,1.845,1.81,1.84,398155
EQN,20070503,2.7,2.8,2.7,2.77,281316
ERA,20070503,25.65,25.7,25.36,25.43,179794
ERG,20070503,0.19,0.19,0.175,0.18,6283176
ERH,20070503,0.135,0.135,0.135,0.135,2000
ERJ,20070503,0.038,0.04,0.038,0.038,285937
ERL,20070503,0.23,0.23,0.2,0.215,496399
ERN,20070503,0.765,0.785,0.75,0.785,346015
ERO,20070503,0.42,0.425,0.4,0.42,556919
ESG,20070503,0.38,0.39,0.375,0.39,966134
ESI,20070503,0.21,0.215,0.205,0.205,406080
ESS,20070503,0.795,0.795,0.79,0.795,30547
ESV,20070503,0.8,0.8,0.79,0.79,47700
ETC,20070503,0.025,0.027,0.025,0.027,2864357
ETE,20070503,0.2,0.2,0.195,0.2,187774
ETR,20070503,4.3,4.31,4.3,4.3,112102
ETW,20070503,0.18,0.185,0.175,0.18,112882
EUG,20070503,0.023,0.023,0.023,0.023,17826
EVE,20070503,0.335,0.36,0.335,0.355,1131789
EVG,20070503,0.11,0.11,0.11,0.11,100000
EVM,20070503,0.17,0.18,0.17,0.175,153291
EVZ,20070503,0.575,0.575,0.57,0.575,229000
EWC,20070503,0.835,0.84,0.815,0.835,625161
EXM,20070503,0.019,0.02,0.019,0.019,10161076
EXR,20070503,0.24,0.24,0.235,0.235,143650
EXS,20070503,0.27,0.275,0.27,0.275,403100
EXT,20070503,0.815,0.82,0.8,0.81,114425
EYE,20070503,0.23,0.235,0.23,0.235,78039
EZE,20070503,0.14,0.14,0.14,0.14,67570
EZL,20070503,3.55,3.55,3.55,3.55,8325
EZY,20070503,0.6,0.625,0.6,0.605,93176
FAC,20070503,0.34,0.37,0.34,0.37,322715
FAN,20070503,4.38,4.38,4.35,4.38,150643
FAR,20070503,0.125,0.125,0.125,0.125,939474
FAS,20070503,0.6,0.6,0.575,0.595,185629
FAT,20070503,1.01,1.01,1.005,1.01,80350
FBU,20070503,10.15,10.25,10.15,10.25,50233
FCL,20070503,2.39,2.39,2.35,2.37,2305470
FCN,20070503,0.34,0.35,0.335,0.335,278201
FDL,20070503,0.013,0.014,0.013,0.014,1211816
FEA,20070503,0.715,0.74,0.715,0.74,101285
FER,20070503,2.05,2.08,2,2.04,60000
FFF,20070503,0.06,0.06,0.06,0.06,300000
FGI,20070503,1.31,1.31,1.31,1.31,30000
FGL,20070503,6.46,6.6,6.46,6.6,12587838
FKP,20070503,7.12,7.12,6.99,6.99,304691
FLR,20070503,0.165,0.17,0.165,0.17,18526
FLT,20070503,16.9,17.2,16.9,17.2,121532
FLX,20070503,5.66,5.66,5.55,5.56,288882
FMG,20070503,23,23.1,22.75,22.75,257170
FML,20070503,0.057,0.058,0.056,0.057,2148600
FNP,20070503,0.48,0.48,0.48,0.48,13000
FNT,20070503,0.125,0.125,0.12,0.12,1980000
FOF,20070503,0.55,0.55,0.55,0.55,3000
FPA,20070503,3.2,3.2,3.18,3.18,1286876
FPH,20070503,3.45,3.45,3.38,3.41,343236
FPS,20070503,2.54,2.54,2.54,2.54,2000
FRE,20070503,0.57,0.595,0.57,0.59,169000
FRI,20070503,0.7,0.71,0.7,0.7,158900
FRL,20070503,0.105,0.11,0.105,0.11,86165
FRR,20070503,0.68,0.685,0.67,0.67,77890
FRS,20070503,0.59,0.59,0.525,0.55,3948227
FSA,20070503,0.84,0.92,0.84,0.89,132392
FUL,20070503,0.066,0.069,0.065,0.069,316361
FUN,20070503,1.66,1.7,1.66,1.67,210608
FUT,20070503,0.004,0.005,0.004,0.005,500500
FWD,20070503,9.49,9.68,9.39,9.4,80021
FWL,20070503,0.225,0.225,0.215,0.215,170978
FXJ,20070503,5.25,5.39,5.21,5.3,5230494
FXL,20070503,2.8,2.85,2.8,2.85,116688
FXR,20070503,1.135,1.155,1.13,1.14,453869
FZN,20070503,0.64,0.64,0.62,0.62,128921
GAA,20070503,0.555,0.555,0.5,0.5,607006
GAP,20070503,0.54,0.55,0.54,0.55,40537
GAU,20070503,0.27,0.285,0.25,0.27,3123568
GBE,20070503,0.91,0.92,0.86,0.9,158911
GBG,20070503,0.59,0.59,0.575,0.59,443143
GBL,20070503,0.035,0.035,0.035,0.035,200000
GBM,20070503,0.1,0.1,0.1,0.1,98300
GBP,20070503,0.17,0.17,0.17,0.17,295199
GBT,20070503,3.85,3.85,3.79,3.85,5775
GCL,20070503,4.85,4.86,4.83,4.83,435774
GCN,20070503,0.06,0.06,0.06,0.06,300000
GCR,20070503,0.04,0.04,0.038,0.039,761186
GCX,20070503,0.75,0.75,0.74,0.74,38452
GDA,20070503,0.016,0.016,0.015,0.016,3231870
GDM,20070503,0.62,0.625,0.6,0.6,86527
GDR,20070503,0.495,0.505,0.495,0.505,43500
GDY,20070503,1.1,1.125,1.1,1.1,358201
GFF,20070503,2.38,2.4,2.36,2.37,1549267
GFL,20070503,0.865,0.905,0.865,0.905,20000
GGP,20070503,0.185,0.19,0.175,0.19,1078898
GGY,20070503,0.18,0.2,0.17,0.195,9155269
GHT,20070503,1.2,1.2,1.13,1.13,40804
GIA,20070503,0.48,0.48,0.39,0.39,72090
GIP,20070503,0.135,0.135,0.125,0.125,374120
GIR,20070503,0.76,0.76,0.75,0.75,92980
GJT,20070503,0.99,0.995,0.985,0.99,750178
GLA,20070503,0.145,0.155,0.14,0.145,110000
GLB,20070503,0.28,0.28,0.28,0.28,84500
GLC,20070503,0.345,0.36,0.345,0.36,154962
GLE,20070503,0.9,0.9,0.9,0.9,900
GLF,20070503,0.26,0.28,0.26,0.28,12500
GLI,20070503,0.455,0.465,0.455,0.465,740910
GLX,20070503,0.043,0.043,0.043,0.043,19990
GME,20070503,0.8,0.89,0.8,0.89,482039
GMI,20070503,1.5,1.55,1.5,1.51,191556
GML,20070503,0.14,0.14,0.14,0.14,152419
GMR,20070503,0.09,0.09,0.09,0.09,200000
GNC,20070503,10.29,10.36,10.29,10.36,21953
GNL,20070503,0.039,0.043,0.039,0.04,806558
GNS,20070503,3.45,3.45,3.33,3.39,386749
GOA,20070503,0.098,0.098,0.098,0.098,433
GOG,20070503,0.22,0.22,0.21,0.215,589000
GOP,20070503,0.24,0.24,0.235,0.24,680696
GOW,20070503,3.79,3.79,3.79,3.79,1000
GPB,20070503,0.305,0.305,0.305,0.305,1333
GPG,20070503,2.07,2.07,2.05,2.06,334524
GPN,20070503,0.05,0.054,0.05,0.051,19077365
GPR,20070503,0.41,0.41,0.41,0.41,19510
GPT,20070503,4.91,4.92,4.85,4.89,4192313
GQH,20070503,0.87,0.87,0.85,0.85,35000
GRB,20070503,0.27,0.27,0.27,0.27,3700
GRD,20070503,2.23,2.23,2.2,2.22,782239
GRK,20070503,0.062,0.065,0.059,0.065,2268441
GRL,20070503,0.21,0.21,0.205,0.21,96125
GRN,20070503,0.275,0.275,0.275,0.275,8000
GRR,20070503,1.69,1.69,1.68,1.68,153449
GRV,20070503,0.69,0.69,0.66,0.66,3000
GRY,20070503,0.495,0.495,0.45,0.47,769016
GSA,20070503,1.195,1.195,1.175,1.19,2047034
GSE,20070503,0.12,0.13,0.12,0.13,2031000
GTG,20070503,0.19,0.19,0.185,0.185,164500
GTP,20070503,2.04,2.04,2.02,2.03,1465686
GUD,20070503,8.2,8.39,8.2,8.39,138203
GUJ,20070503,0.24,0.25,0.24,0.25,32000
GUL,20070503,0.13,0.13,0.12,0.12,1339786
GUN,20070503,0.325,0.33,0.32,0.32,646526
GVM,20070503,0.93,0.93,0.92,0.93,22701
GWR,20070503,2.09,2.09,1.97,2.01,55536
GWT,20070503,4.6,4.62,4.57,4.6,470659
GWV,20070503,0.078,0.078,0.077,0.077,10000
GXY,20070503,0.7,0.7,0.62,0.63,441110
GYN,20070503,0.235,0.235,0.225,0.225,40811
GZL,20070503,2.3,2.33,2.3,2.33,6274
HAP,20070503,1.15,1.15,1.15,1.15,460460
HAV,20070503,2.34,2.35,2.31,2.35,27336
HAZ,20070503,0.38,0.38,0.35,0.35,164017
HCY,20070503,0.018,0.019,0.018,0.018,4455221
HDF,20070503,3.25,3.29,3.25,3.25,179074
HDG,20070503,0.55,0.55,0.55,0.55,121000
HDN,20070503,0.315,0.315,0.295,0.295,184600
HEG,20070503,0.175,0.175,0.16,0.16,639596
HEM,20070503,0.2,0.2,0.2,0.2,40500
HER,20070503,1.02,1.05,1.02,1.05,240000
HFA,20070503,2.23,2.3,2.2,2.2,58208
HGI,20070503,3.86,3.89,3.85,3.87,766054
HGO,20070503,0.34,0.34,0.325,0.33,1512093
HGR,20070503,0.026,0.026,0.024,0.024,537000
HHL,20070503,12.85,12.85,12.8,12.8,2424
HHV,20070503,1.03,1.035,1.03,1.03,724491
HHY,20070503,2.02,2.03,2.01,2.01,417624
HIG,20070503,0.175,0.175,0.165,0.17,2601481
HII,20070503,0.39,0.39,0.36,0.36,121711
HIL,20070503,5.97,6.08,5.91,5.96,135239
HJB,20070503,0.28,0.295,0.28,0.295,4191230
HLD,20070503,0.215,0.215,0.215,0.215,41071
HLX,20070503,0.175,0.175,0.17,0.17,16000
HMC,20070503,0.077,0.079,0.077,0.077,101700
HME,20070503,15.36,15.45,15.33,15.33,19427
HNG,20070503,2.05,2.05,2.03,2.03,16431
HNR,20070503,0.72,0.72,0.6,0.7,592728
HOM,20070503,1,1.09,1,1.09,38950
HPX,20070503,2.36,2.36,2.36,2.36,19350
HRD,20070503,0.16,0.16,0.16,0.16,30000
HRR,20070503,1.2,1.21,1.16,1.2,263612
HRS,20070503,0.105,0.105,0.105,0.105,146900
HSK,20070503,1.68,1.68,1.58,1.615,12500
HSN,20070503,0.275,0.275,0.275,0.275,15000
HSP,20070503,6.02,6.05,5.94,6.04,3617192
HST,20070503,3.58,3.71,3.58,3.59,89484
HTA,20070503,0.17,0.175,0.17,0.17,563700
HTE,20070503,0.019,0.021,0.019,0.021,1352449
HTM,20070503,0.078,0.078,0.078,0.078,35835
HTW,20070503,0.795,0.8,0.775,0.8,159000
HTX,20070503,0.017,0.017,0.017,0.017,487000
HVN,20070503,5.15,5.18,5.12,5.15,961380
HWG,20070503,0.245,0.245,0.245,0.245,130554
HWI,20070503,3.15,3.2,3.11,3.19,351567
HYO,20070503,0.265,0.265,0.265,0.265,107065
HZL,20070503,0.34,0.34,0.34,0.34,2900
HZN,20070503,0.3,0.3,0.295,0.3,560750
IAG,20070503,6.18,6.18,6.1,6.13,5581164
IAS,20070503,0.285,0.3,0.285,0.285,190814
IAT,20070503,0.064,0.064,0.064,0.064,30000
IAU,20070503,0.55,0.55,0.545,0.55,108330
IBA,20070503,1.31,1.31,1.275,1.275,1083280
IBC,20070503,0.615,0.62,0.615,0.62,54672
IBG,20070503,3.7,3.75,3.6,3.75,21133
IBR,20070503,0.85,0.855,0.82,0.825,1740264
IBT,20070503,2,2,2,2,600
ICC,20070503,0.079,0.079,0.079,0.079,32220
ICD,20070503,0.69,0.7,0.69,0.7,64953
ICE,20070503,0.008,0.008,0.008,0.008,159200
ICH,20070503,0.16,0.16,0.16,0.16,1760
ICN,20070503,0.048,0.048,0.047,0.047,354000
ICP,20070503,0.051,0.051,0.047,0.05,3049428
IDE,20070503,0.19,0.19,0.19,0.19,10000
IDL,20070503,0.475,0.48,0.47,0.47,1377636
IDM,20070503,0.43,0.43,0.43,0.43,45000
IDO,20070503,0.91,1.16,0.91,1.08,879075
IDT,20070503,2.06,2.14,2.06,2.14,24492
IEF,20070503,1.22,1.22,1.22,1.22,16400
IFL,20070503,10.5,10.5,10.45,10.5,71478
IFM,20070503,0.655,0.685,0.655,0.685,525054
IGC,20070503,0.305,0.325,0.3,0.3,351625
IGO,20070503,7.18,7.35,7.05,7.26,583819
IGR,20070503,0.19,0.215,0.185,0.205,3965308
IHF,20070503,1.105,1.105,1.095,1.095,66031
IHG,20070503,0.17,0.17,0.15,0.16,49225
IIF,20070503,2.45,2.45,2.41,2.43,2500405
IIG,20070503,0.016,0.017,0.016,0.016,14953140
III,20070503,0.24,0.245,0.24,0.245,191000
IIN,20070503,1.32,1.475,1.32,1.45,595885
ILF,20070503,1.36,1.36,1.345,1.345,116885
ILU,20070503,5.95,6.03,5.92,5.92,1220962
IMA,20070503,1.91,1.95,1.87,1.95,134071
IMD,20070503,1.33,1.34,1.32,1.335,344317
IMF,20070503,0.65,0.65,0.65,0.65,98145
IMI,20070503,0.017,0.017,0.017,0.017,15953813
IML,20070503,0.055,0.055,0.046,0.05,125950
IMU,20070503,0.27,0.275,0.27,0.275,56000
INL,20070503,0.21,0.21,0.19,0.195,4711292
INP,20070503,0.25,0.255,0.25,0.25,674849
INT,20070503,0.032,0.032,0.03,0.031,1626000
IOF,20070503,1.68,1.685,1.66,1.665,1295738
IOH,20070503,0.67,0.68,0.67,0.68,26550
IPA,20070503,0.88,0.915,0.88,0.885,275000
IPE,20070503,0.98,0.98,0.98,0.98,10000
IPG,20070503,2.71,2.72,2.69,2.71,3272030
IPL,20070503,50.4,50.6,50,50.6,285840
IPM,20070503,1.43,1.44,1.425,1.44,45305
IPN,20070503,0.24,0.245,0.24,0.245,160000
IPR,20070503,0.175,0.175,0.17,0.175,400000
IPT,20070503,0.275,0.275,0.27,0.27,8500
IRC,20070503,0.27,0.27,0.265,0.265,30229
IRE,20070503,8.59,8.6,8.4,8.48,192708
IRI,20070503,0.46,0.46,0.455,0.455,29971
IRN,20070503,0.79,0.825,0.79,0.825,1317797
ISS,20070503,0.32,0.32,0.32,0.32,58231
ITC,20070503,0.073,0.075,0.072,0.075,686658
ITD,20070503,0.62,0.62,0.565,0.58,292266
ITE,20070503,0.17,0.17,0.16,0.17,1327973
ITT,20070503,0.265,0.27,0.265,0.27,10000
ITX,20070503,0.555,0.555,0.555,0.555,4000
IUL,20070503,0.155,0.155,0.15,0.15,52000
IVC,20070503,5.59,5.63,5.55,5.55,134245
IVK,20070503,5.7,5.8,5.7,5.8,16660
IWF,20070503,2.56,2.57,2.55,2.56,54964
IWI,20070503,1.64,1.64,1.64,1.64,24330
IWL,20070503,4.71,4.71,4.61,4.61,92571
JAK,20070503,0.25,0.255,0.245,0.25,346561
JBH,20070503,8.6,8.87,8.6,8.75,404953
JBM,20070503,16.68,17.35,16.57,16.96,1253202
JET,20070503,1.955,1.955,1.955,1.955,22400
JGL,20070503,0.24,0.25,0.24,0.24,114000
JHX,20070503,8.85,8.97,8.8,8.83,1718316
JMB,20070503,1.58,1.58,1.58,1.58,6000
JML,20070503,1.25,1.285,1.24,1.245,1828011
JMS,20070503,0.195,0.21,0.195,0.21,1400840
JPR,20070503,0.145,0.15,0.13,0.14,3154618
JRL,20070503,2.15,2.28,2.15,2.28,42876
JRV,20070503,0.024,0.025,0.024,0.025,11608148
JST,20070503,4.39,4.5,4.35,4.5,643626
JUM,20070503,0.027,0.027,0.026,0.026,947194
JUT,20070503,0.23,0.235,0.23,0.235,115050
JVG,20070503,0.17,0.17,0.17,0.17,10000
KAL,20070503,0.078,0.078,0.077,0.078,118500
KAR,20070503,2.25,2.29,2.24,2.29,397698
KAS,20070503,0.41,0.425,0.4,0.41,511500
KAT,20070503,1.02,1.03,1.02,1.03,37539
KCN,20070503,5.48,5.5,5.4,5.44,247983
KEY,20070503,0.275,0.275,0.265,0.27,533817
KGL,20070503,0.18,0.18,0.17,0.17,102558
KHF,20070503,0.5,0.5,0.5,0.5,21600
KIL,20070503,1.19,1.19,1.18,1.19,568232
KIM,20070503,0.73,0.735,0.71,0.71,2531218
KLM,20070503,0.52,0.52,0.5,0.51,160570
KME,20070503,1.4,1.4,1.37,1.37,16000
KML,20070503,0.21,0.21,0.21,0.21,14500
KMN,20070503,0.86,0.865,0.81,0.85,256100
KOR,20070503,0.97,0.97,0.83,0.88,429599
KRS,20070503,0.33,0.33,0.315,0.315,210917
KSC,20070503,3.86,3.86,3.86,3.86,230
KSO,20070503,0.23,0.23,0.225,0.23,196243
KSX,20070503,0.025,0.025,0.024,0.024,225318
KTL,20070503,0.03,0.03,0.03,0.03,60440
KYC,20070503,0.36,0.36,0.36,0.36,13650
KZL,20070503,6.35,6.51,6.33,6.41,1654757
LAF,20070503,0.083,0.083,0.08,0.082,2195324
LAS,20070503,0.06,0.06,0.06,0.06,10000
LBT,20070503,0.28,0.29,0.28,0.285,539068
LBY,20070503,0.235,0.235,0.235,0.235,77566
LCL,20070503,0.77,0.77,0.745,0.745,22711
LDW,20070503,7.86,8.04,7.86,8.04,21144
LEF,20070503,0.185,0.185,0.18,0.18,70000
LEG,20070503,0.08,0.082,0.073,0.08,5901081
LEI,20070503,34.5,36.58,34.29,35.6,784692
LEP,20070503,3.85,3.88,3.85,3.87,33100
LFE,20070503,1.13,1.13,1.09,1.11,112941
LGD,20070503,0.54,0.54,0.525,0.53,98268
LGO,20070503,0.03,0.031,0.03,0.03,261349
LHG,20070503,2.91,2.99,2.9,2.97,13414174
LIM,20070503,20.5,20.64,20.5,20.6,25924
LIN,20070503,0.325,0.325,0.325,0.325,10000
LIP,20070503,0.75,0.75,0.745,0.75,20539
LKO,20070503,0.02,0.02,0.019,0.02,1630260
LLC,20070503,20.02,20.05,19.85,19.96,1029499
LMC,20070503,2.51,2.55,2.51,2.53,17098
LMG,20070503,0.03,0.03,0.027,0.027,7676696
LML,20070503,0.235,0.245,0.23,0.24,227231
LMP,20070503,0.19,0.2,0.19,0.2,305382
LNC,20070503,0.285,0.29,0.28,0.28,138782
LNG,20070503,0.48,0.5,0.465,0.48,167935
LNN,20070503,9.47,9.47,9.23,9.27,811955
LOD,20070503,0.066,0.067,0.066,0.067,147858
LOK,20070503,4.65,4.73,4.65,4.73,2166
LPL,20070503,0.16,0.16,0.16,0.16,40000
LRF,20070503,1.175,1.175,1.17,1.175,105077
LRG,20070503,0.057,0.057,0.056,0.056,183334
LRL,20070503,0.71,0.71,0.71,0.71,25000
LSL,20070503,0.013,0.013,0.013,0.013,246500
LST,20070503,1.7,1.73,1.7,1.72,410494
LTR,20070503,0.28,0.29,0.27,0.27,188000
LUM,20070503,0.016,0.016,0.016,0.016,1150000
LVL,20070503,0.015,0.019,0.013,0.015,2840601
LWB,20070503,1.65,1.65,1.65,1.65,20000
LYC,20070503,0.925,0.97,0.86,0.935,2769499
LYL,20070503,3.28,3.3,3.25,3.3,33652
MAA,20070503,0.135,0.135,0.13,0.13,100000
MAE,20070503,0.665,0.675,0.665,0.675,157183
MAH,20070503,0.91,0.975,0.91,0.97,21963488
MAK,20070503,0.175,0.175,0.175,0.175,25000
MAL,20070503,0.55,0.55,0.54,0.54,51200
MAN,20070503,0.029,0.029,0.028,0.029,1149300
MAP,20070503,4.03,4.04,3.98,4.02,4019068
MAQ,20070503,1,1,1,1,105
MAR,20070503,0.325,0.325,0.305,0.305,213824
MAU,20070503,0.275,0.275,0.26,0.26,35110
MBA,20070503,0.16,0.165,0.16,0.16,267000
MBI,20070503,0.007,0.007,0.006,0.007,16571181
MBL,20070503,89.25,90.11,89.15,89.72,568683
MBN,20070503,6.04,6.19,6.04,6.06,86088
MBP,20070503,0.12,0.125,0.12,0.125,434430
MBR,20070503,2.36,2.44,2.36,2.39,426222
MBT,20070503,1.695,1.7,1.685,1.69,560456
MCC,20070503,5.05,5.07,4.95,5,643895
MCG,20070503,6.74,6.78,6.68,6.7,2223300
MCK,20070503,3.85,3.85,3.85,3.85,415
MCL,20070503,0.016,0.017,0.016,0.017,5215000
MCO,20070503,0.24,0.27,0.24,0.27,406398
MCP,20070503,3.21,3.38,3.21,3.38,33095
MCQ,20070503,4.18,4.23,4.15,4.19,77389
MCR,20070503,3.8,3.82,3.7,3.78,847207
MCW,20070503,2.17,2.19,2.16,2.19,5413851
MDE,20070503,0.825,0.825,0.825,0.825,56679
MDG,20070503,0.21,0.21,0.2,0.2,13000
MDL,20070503,1.275,1.32,1.27,1.32,1486940
MDM,20070503,0.15,0.15,0.15,0.15,13300
MDS,20070503,0.22,0.225,0.205,0.205,585762
MDT,20070503,1.275,1.275,1.26,1.265,4805776
MDX,20070503,0.16,0.16,0.16,0.16,8000
MEE,20070503,0.125,0.13,0.125,0.125,148350
MEI,20070503,0.18,0.18,0.18,0.18,70250
MEL,20070503,0.97,0.97,0.93,0.95,208128
MEO,20070503,0.89,0.89,0.86,0.89,464541
MEP,20070503,0.825,0.89,0.825,0.875,46500
MFF,20070503,0.96,0.965,0.96,0.96,1012885
MFG,20070503,1.8,1.81,1.745,1.745,43700
MFI,20070503,0.82,0.82,0.815,0.82,86019
MFS,20070503,6.1,6.24,6.1,6.17,2044688
MFT,20070503,0.865,0.875,0.86,0.865,172835
MGK,20070503,0.065,0.065,0.06,0.061,141898
MGO,20070503,0.31,0.385,0.31,0.38,2003604
MGQ,20070503,7.05,7.14,6.92,7.06,4712833
MGR,20070503,5.4,5.44,5.37,5.41,4334591
MGU,20070503,0.27,0.28,0.27,0.275,1806454
MGW,20070503,2.63,2.75,2.63,2.66,520638
MGX,20070503,0.915,0.94,0.905,0.935,3996440
MHL,20070503,0.025,0.026,0.024,0.024,4034000
MIG,20070503,3.86,3.86,3.8,3.81,5390396
MIK,20070503,0.36,0.36,0.345,0.35,155095
MIN,20070503,2.81,2.81,2.8,2.8,73375
MIR,20070503,2.17,2.17,2.13,2.15,114576
MIT,20070503,2.08,2.12,2.07,2.08,25369
MIX,20070503,1.06,1.075,1.05,1.075,181782
MKY,20070503,0.062,0.062,0.06,0.06,2014500
MLB,20070503,3.6,3.65,3.55,3.63,128547
MLE,20070503,3.2,3.3,3.2,3.3,336343
MLI,20070503,0.37,0.4,0.37,0.4,481932
MLM,20070503,0.665,0.665,0.655,0.655,69220
MLS,20070503,0.074,0.074,0.072,0.073,2702425
MLT,20070503,23.4,23.4,23.3,23.4,6591
MLX,20070503,0.39,0.405,0.38,0.4,5793212
MMA,20070503,1.015,1.02,1.015,1.015,495587
MMB,20070503,0.39,0.395,0.38,0.385,186795
MMG,20070503,4.62,4.64,4.46,4.51,640095
MML,20070503,0.95,0.96,0.95,0.96,195000
MMN,20070503,0.325,0.335,0.325,0.335,69500
MMR,20070503,0.13,0.13,0.13,0.13,13000
MMS,20070503,4.95,5.1,4.92,5,39987
MMX,20070503,2.5,2.85,2.49,2.79,2254660
MMZ,20070503,0.31,0.35,0.295,0.35,56700
MND,20070503,14.5,14.6,14.2,14.35,144528
MNM,20070503,0.255,0.255,0.255,0.255,50000
MNY,20070503,1,1,1,1,21200
MOC,20070503,3.2,3.22,3.2,3.22,21514
MOD,20070503,0.027,0.027,0.027,0.027,30000
MOF,20070503,1.615,1.63,1.605,1.62,6421554
MOG,20070503,0.077,0.077,0.075,0.075,30000
MOL,20070503,4.75,4.82,4.6,4.72,134165
MON,20070503,0.3,0.305,0.29,0.305,547200
MOO,20070503,0.25,0.26,0.25,0.25,88000
MOS,20070503,0.15,0.15,0.145,0.145,415300
MOX,20070503,0.975,1.01,0.91,0.93,227981
MPA,20070503,0.024,0.026,0.024,0.026,182500
MPB,20070503,6.9,6.9,6.9,6.9,4473
MPD,20070503,0.028,0.03,0.028,0.03,265000
MPF,20070503,1.29,1.3,1.285,1.29,145108
MPG,20070503,0.88,0.88,0.88,0.88,26380
MPH,20070503,0.41,0.415,0.41,0.41,469157
MPI,20070503,0.075,0.075,0.075,0.075,10000
MPJ,20070503,0.006,0.007,0.006,0.006,850000
MPO,20070503,0.14,0.155,0.135,0.15,28893485
MPR,20070503,1.415,1.42,1.415,1.415,63096927
MPS,20070503,1.06,1.07,1.06,1.06,284430
MPY,20070503,1.02,1.06,1.02,1.035,419677
MRA,20070503,0.99,0.99,0.975,0.975,114081
MRC,20070503,0.15,0.15,0.15,0.15,40173
MRE,20070503,7.77,8.16,7.72,8.07,1845050
MRM,20070503,1.5,1.52,1.49,1.505,904024
MRO,20070503,2.2,2.27,2.17,2.27,49744
MRU,20070503,1.04,1.05,1.04,1.05,35000
MRX,20070503,0.115,0.115,0.105,0.11,2710009
MRZ,20070503,1.36,1.36,1.35,1.35,174360
MSB,20070503,2.24,2.39,2.24,2.33,264560
MSC,20070503,0.027,0.027,0.026,0.027,1805435
MSF,20070503,2.8,2.8,2.8,2.8,8915
MSI,20070503,0.025,0.025,0.025,0.025,1658
MSL,20070503,1.99,2.01,1.99,2,134740
MSO,20070503,0.027,0.027,0.026,0.026,50758
MST,20070503,0.14,0.145,0.14,0.145,164211
MSX,20070503,1.65,1.75,1.65,1.75,16500
MTB,20070503,0.084,0.088,0.084,0.088,304500
MTD,20070503,0.155,0.165,0.155,0.165,53746
MTH,20070503,0.4,0.435,0.4,0.435,500110
MTI,20070503,0.048,0.048,0.044,0.044,910000
MTN,20070503,5.44,5.59,5.3,5.5,204212
MTS,20070503,5.28,5.3,5.21,5.28,1497003
MTU,20070503,0.64,0.68,0.63,0.68,39300
MUN,20070503,0.44,0.45,0.44,0.45,500010
MUR,20070503,0.12,0.135,0.12,0.135,3304961
MVU,20070503,0.23,0.24,0.23,0.24,28600
MWE,20070503,0.23,0.245,0.23,0.245,294955
MWG,20070503,0.915,0.925,0.915,0.925,252236
MWR,20070503,0.135,0.14,0.125,0.135,289962
MXG,20070503,4.98,4.98,4.83,4.87,5726784
MXI,20070503,0.645,0.655,0.635,0.655,183647
MXL,20070503,0.066,0.066,0.064,0.065,564300
MXR,20070503,0.24,0.24,0.23,0.235,308000
MYO,20070503,1.23,1.25,1.2,1.23,2062673
NAB,20070503,43.67,44,43.46,44,3725492
NAD,20070503,0.04,0.043,0.04,0.042,2320800
NAE,20070503,0.315,0.315,0.31,0.31,25438
NAL,20070503,0.09,0.097,0.088,0.092,1160481
NAM,20070503,0.6,0.6,0.6,0.6,5000
NAV,20070503,0.72,0.72,0.665,0.705,734695
NBL,20070503,4.6,4.6,4.58,4.59,8175
NCI,20070503,1.74,1.74,1.7,1.7,7000
NCM,20070503,22.6,22.63,22.32,22.4,751840
NDL,20070503,0.21,0.21,0.21,0.21,9523
NDM,20070503,0.315,0.315,0.31,0.31,23500
NDO,20070503,0.25,0.25,0.24,0.245,614309
NEC,20070503,0.8,0.83,0.79,0.795,1287238
NEL,20070503,3.93,4.27,3.92,4.27,233307
NEM,20070503,5.06,5.1,5.06,5.08,199577
NEO,20070503,0.135,0.145,0.135,0.14,140046
NEU,20070503,0.43,0.43,0.43,0.43,42130
NFL,20070503,0.775,0.83,0.76,0.775,331433
NGM,20070503,0.525,0.56,0.525,0.55,179500
NHC,20070503,1.86,1.88,1.815,1.85,812965
NHM,20070503,0.005,0.005,0.005,0.005,448500
NHR,20070503,1.6,1.605,1.6,1.605,41699
NIA,20070503,1,1.07,0.97,1.07,3733322
NKP,20070503,1.11,1.11,1.09,1.1,2275556
NLG,20070503,0.4,0.4,0.395,0.395,172450
NLX,20070503,1.425,1.45,1.415,1.44,79574
NMB,20070503,0.032,0.034,0.032,0.034,262393
NMI,20070503,0.21,0.225,0.21,0.225,219990
NMR,20070503,0.655,0.7,0.65,0.7,524208
NMS,20070503,0.795,0.795,0.78,0.78,644738
NOD,20070503,2.24,2.24,2.2,2.24,74718
NPH,20070503,4.56,4.57,4.5,4.5,10390
NPX,20070503,6.6,6.6,6.6,6.6,3268
NRL,20070503,0.39,0.39,0.36,0.36,21190
NRT,20070503,2.51,2.51,2.48,2.5,48151
NRU,20070503,0.33,0.33,0.32,0.325,505485
NST,20070503,0.13,0.13,0.125,0.13,32500
NSX,20070503,0.45,0.47,0.45,0.47,125058
NTC,20070503,0.065,0.069,0.065,0.069,162925
NTU,20070503,1.42,1.43,1.38,1.43,35545
NUF,20070503,13.09,13.31,12.93,13.28,890430
NUP,20070503,0.73,0.74,0.72,0.74,82123
NWA,20070503,0.015,0.017,0.015,0.017,2950880
NWE,20070503,0.205,0.21,0.2,0.2,6036503
NWK,20070503,0.22,0.23,0.22,0.23,50000
NWR,20070503,0.34,0.34,0.315,0.335,491621
NWS,20070503,28.58,28.93,28.48,28.76,5783152
NWT,20070503,0.008,0.008,0.007,0.008,1517500
NXS,20070503,1.05,1.055,1.04,1.045,2504321
NZO,20070503,0.84,0.84,0.84,0.84,11920
OAK,20070503,2,2.03,1.99,2.03,23492
OBJ,20070503,0.058,0.058,0.058,0.058,414500
OBL,20070503,0.125,0.125,0.125,0.125,100000
OCO,20070503,0.051,0.051,0.045,0.049,10214145
ODG,20070503,0.3,0.3,0.3,0.3,4000
OEC,20070503,0.23,0.235,0.23,0.235,791656
OEL,20070503,0.29,0.3,0.29,0.3,60000
OEQ,20070503,1.28,1.28,1.28,1.28,238
OFG,20070503,2.35,2.35,2.31,2.35,17243
OGD,20070503,0.86,0.87,0.855,0.855,1283222
OIL,20070503,0.44,0.45,0.44,0.45,51036
OKN,20070503,5.43,5.43,5.27,5.38,177156
OLE,20070503,0.019,0.019,0.019,0.019,383000
OMH,20070503,0.37,0.41,0.37,0.41,362300
OMI,20070503,0.55,0.55,0.55,0.55,46023
ONC,20070503,0.475,0.49,0.47,0.485,293033
ONQ,20070503,0.31,0.35,0.31,0.335,188105
ONT,20070503,3.01,3.01,3.01,3.01,6000
OPI,20070503,0.039,0.039,0.039,0.039,3182
ORD,20070503,0.485,0.515,0.465,0.515,81278
ORG,20070503,9.02,9.03,8.89,8.97,3229108
ORH,20070503,0.155,0.155,0.15,0.155,90064
ORI,20070503,32.48,32.49,31.8,32.43,638286
ORL,20070503,3.06,3.06,3.06,3.06,10983
ORO,20070503,0.024,0.024,0.024,0.024,382860
ORP,20070503,0.047,0.048,0.047,0.048,305000
ORT,20070503,0.014,0.014,0.014,0.014,250000
OSH,20070503,3.6,3.61,3.55,3.57,6473442
OST,20070503,5.86,5.96,5.83,5.9,2345094
OTL,20070503,0.205,0.21,0.205,0.21,158000
OVR,20070503,0.68,0.68,0.68,0.68,6000
OXR,20070503,3.13,3.23,3.12,3.2,35658455
OZB,20070503,0.12,0.12,0.1,0.1,108300
PAA,20070503,0.079,0.08,0.078,0.079,417015
PAU,20070503,0.095,0.095,0.095,0.095,75000
PBB,20070503,1.71,1.75,1.71,1.75,18235
PBD,20070503,2.18,2.4,2.18,2.35,391561
PBG,20070503,3.41,3.48,3.41,3.46,3958974
PBI,20070503,0.265,0.27,0.255,0.26,358222
PBL,20070503,20.39,20.49,20.3,20.45,1248323
PBO,20070503,0.31,0.31,0.31,0.31,15000
PBP,20070503,0.95,0.95,0.95,0.95,14304
PBT,20070503,0.355,0.43,0.355,0.425,402529
PCC,20070503,0.036,0.036,0.036,0.036,60000
PCG,20070503,0.9,0.95,0.9,0.935,2011892
PCL,20070503,0.07,0.07,0.068,0.07,555000
PCP,20070503,0.055,0.059,0.052,0.059,99000
PDM,20070503,0.19,0.19,0.175,0.19,712361
PDN,20070503,9.5,9.5,9.25,9.39,3420308
PDO,20070503,0.64,0.64,0.64,0.64,5000
PDZ,20070503,0.47,0.47,0.45,0.47,54183
PEA,20070503,0.44,0.44,0.44,0.44,400
PEK,20070503,0.17,0.17,0.17,0.17,36000
PEL,20070503,0.17,0.18,0.17,0.18,225803
PEM,20070503,4.37,4.63,4.31,4.5,1396751
PEN,20070503,0.096,0.097,0.094,0.094,4897587
PEO,20070503,0.076,0.076,0.076,0.076,128
PEP,20070503,0.79,0.8,0.785,0.8,225489
PES,20070503,0.44,0.51,0.44,0.47,648060
PEV,20070503,0.07,0.082,0.07,0.082,550722
PFG,20070503,0.98,1,0.97,0.97,112220
PFL,20070503,1.75,1.75,1.72,1.75,109140
PGA,20070503,5.7,5.8,5.7,5.8,101076
PGM,20070503,0.73,0.75,0.715,0.73,52254
PGS,20070503,0.34,0.345,0.335,0.335,328200
PHK,20070503,0.39,0.39,0.38,0.38,89407
PIE,20070503,0.083,0.088,0.08,0.088,694580
PIM,20070503,1.2,1.2,1.115,1.115,6352
PIO,20070503,0.235,0.285,0.235,0.27,1868594
PKT,20070503,0.07,0.073,0.068,0.072,4114156
PLA,20070503,1.89,1.895,1.85,1.855,160685
PLD,20070503,0.31,0.31,0.305,0.305,34000
PLF,20070503,1.08,1.09,1.08,1.09,76110
PLT,20070503,0.515,0.54,0.515,0.54,144261
PLV,20070503,0.7,0.75,0.7,0.75,63008
PMA,20070503,2,2.08,2,2.08,134127
PMC,20070503,2.14,2.14,2.1,2.12,121181
PME,20070503,1.4,1.4,1.4,1.4,94400
PMH,20070503,0.46,0.465,0.45,0.465,135200
PMM,20070503,5.7,5.78,5.66,5.76,134768
PMP,20070503,1.87,1.9,1.85,1.885,1570212
PMV,20070503,9.4,9.4,9.4,9.4,1000
PNA,20070503,0.535,0.555,0.53,0.555,11044861
PNN,20070503,2.56,2.6,2.5,2.52,110239
PNO,20070503,0.027,0.029,0.027,0.029,5265832
PNW,20070503,0.054,0.054,0.054,0.054,20000
POH,20070503,0.26,0.265,0.26,0.265,300333
POL,20070503,0.275,0.275,0.27,0.27,203300
PPC,20070503,4.07,4.1,4.03,4.03,214169
PPD,20070503,0.225,0.225,0.205,0.21,30186
PPG,20070503,0.38,0.38,0.38,0.38,7000
PPK,20070503,0.79,0.8,0.79,0.8,51556
PPN,20070503,0.13,0.13,0.13,0.13,495
PPP,20070503,0.19,0.2,0.185,0.2,905872
PPS,20070503,1.2,1.2,1.18,1.18,14016
PPT,20070503,80.75,80.75,79.97,79.97,43935
PPX,20070503,3.81,3.86,3.8,3.81,1297609
PPY,20070503,0.58,0.61,0.58,0.6,40850
PRE,20070503,0.027,0.027,0.027,0.027,1042847
PRG,20070503,5.19,5.21,5.11,5.17,152038
PRR,20070503,0.043,0.043,0.041,0.041,1074200
PRT,20070503,3.83,3.9,3.83,3.9,16136
PRU,20070503,0.475,0.48,0.47,0.475,328461
PRV,20070503,1.145,1.16,1.14,1.15,148270
PRW,20070503,0.21,0.22,0.21,0.22,37480
PRY,20070503,12.43,12.43,12.15,12.22,129939
PRZ,20070503,0.21,0.21,0.2,0.2,368000
PSA,20070503,1.65,1.665,1.63,1.635,260850
PSD,20070503,0.19,0.19,0.18,0.185,1985959
PSH,20070503,1.405,1.405,1.35,1.36,324035
PSP,20070503,0.11,0.11,0.11,0.11,3200
PST,20070503,0.86,0.87,0.86,0.87,40210
PSV,20070503,0.355,0.365,0.355,0.36,1976687
PTB,20070503,2,2,2,2,10000
PTD,20070503,1.91,1.92,1.89,1.91,358492
PTR,20070503,0.88,0.9,0.88,0.89,127028
PTS,20070503,0.125,0.135,0.125,0.135,162000
PUN,20070503,0.345,0.345,0.325,0.335,693282
PVE,20070503,1.55,1.55,1.55,1.55,6000
PWK,20070503,3.37,3.39,3.37,3.38,3750
PWR,20070503,0.3,0.3,0.3,0.3,3746
PXL,20070503,0.27,0.285,0.27,0.28,881231
PXR,20070503,0.225,0.23,0.225,0.23,20000
PXS,20070503,3.38,3.41,3.37,3.38,208078
PYC,20070503,0.335,0.335,0.335,0.335,15000
PYM,20070503,0.565,0.62,0.565,0.59,666803
QAN,20070503,5.35,5.39,5.35,5.37,10426844
QBE,20070503,31.2,31.25,30.96,31.19,1684572
QCH,20070503,5.02,5.02,5.02,5.02,59269
QFX,20070503,0.195,0.195,0.195,0.195,106504
QGC,20070503,1.71,1.72,1.7,1.72,264459
QGM,20070503,0.22,0.24,0.22,0.24,25800
QHL,20070503,0.695,0.7,0.695,0.7,75000
QMG,20070503,0.31,0.32,0.31,0.315,589750
QOL,20070503,0.4,0.4,0.39,0.395,1135165
QRS,20070503,0.36,0.36,0.36,0.36,3000
QTK,20070503,0.125,0.125,0.11,0.125,1284464
QTM,20070503,0.11,0.11,0.105,0.105,116000
QUR,20070503,0.051,0.051,0.047,0.047,1084158
QXQ,20070503,0.065,0.065,0.063,0.063,332595
RAB,20070503,1.6,1.6,1.6,1.6,2374
RAT,20070503,1.03,1.035,1.01,1.015,2392966
RAU,20070503,0.031,0.034,0.031,0.034,180558
RBM,20070503,0.135,0.14,0.13,0.13,316645
RBY,20070503,0.023,0.025,0.023,0.025,753254
RCA,20070503,0.05,0.05,0.05,0.05,30000
RCG,20070503,0.18,0.18,0.18,0.18,56700
RCH,20070503,0.011,0.011,0.01,0.01,235165
RCI,20070503,0.16,0.16,0.16,0.16,4000
RCM,20070503,0.115,0.115,0.11,0.11,2170268
RCO,20070503,0.78,0.79,0.78,0.79,15124
RCR,20070503,1.9,1.905,1.88,1.9,1738504
RCT,20070503,4.21,4.25,4.21,4.25,10094
RDF,20070503,3.25,3.26,3.17,3.21,38171
RDM,20070503,0.435,0.46,0.435,0.46,125412
RDR,20070503,0.49,0.495,0.48,0.495,278729
RDS,20070503,1.375,1.375,1.35,1.35,50500
REA,20070503,5.93,6.09,5.93,6.05,67697
RED,20070503,0.105,0.11,0.1,0.1,538100
REF,20070503,5.12,5.12,5.06,5.07,200844
REH,20070503,25.01,25.4,25,25.4,1255
REO,20070503,0.041,0.041,0.039,0.039,700000
RER,20070503,0.18,0.2,0.18,0.195,637723
REU,20070503,0.99,0.995,0.985,0.995,1211342
REX,20070503,2.12,2.15,2.12,2.12,27500
REY,20070503,0.09,0.09,0.09,0.09,12350
RFE,20070503,0.36,0.38,0.36,0.365,756500
RFG,20070503,1.27,1.28,1.26,1.28,10300
RHC,20070503,11.79,11.8,11.52,11.65,123294
RHD,20070503,0.63,0.63,0.605,0.62,32489
RHI,20070503,2,2,2,2,8900
RHL,20070503,3.65,3.65,3.65,3.65,9455
RHT,20070503,0.024,0.024,0.024,0.024,100000
RIA,20070503,0.42,0.42,0.42,0.42,12000
RIC,20070503,1.18,1.2,1.18,1.18,384176
RIM,20070503,0.037,0.042,0.036,0.041,6396796
RIN,20070503,18.71,18.72,18.65,18.68,5448540
RIO,20070503,83.02,83.59,82.91,83.03,1871738
RIV,20070503,1.94,1.96,1.94,1.95,481990
RJT,20070503,0.995,1.025,0.995,1.015,1022293
RKN,20070503,1.1,1.14,1.1,1.14,1950
RLA,20070503,0.17,0.17,0.17,0.17,5000
RMC,20070503,0.051,0.055,0.051,0.055,105000
RMD,20070503,5.27,5.31,5.23,5.28,7411508
RMG,20070503,0.034,0.035,0.033,0.035,2240000
RMI,20070503,0.044,0.044,0.042,0.042,151603
RML,20070503,0.41,0.455,0.41,0.455,1916565
RNC,20070503,0.125,0.125,0.12,0.12,61911
RNG,20070503,0.08,0.083,0.079,0.082,986384
RNI,20070503,0.35,0.35,0.35,0.35,28000
RNY,20070503,1.14,1.145,1.14,1.14,14759
ROC,20070503,3.17,3.2,3.15,3.17,586791
ROK,20070503,5.45,5.58,5.4,5.43,10371
ROL,20070503,0.3,0.3,0.28,0.28,164530
ROY,20070503,0.315,0.36,0.315,0.355,478150
RPX,20070503,2.03,2.04,2.02,2.02,90000
RRA,20070503,0.74,0.75,0.73,0.75,28600
RRL,20070503,0.1,0.11,0.1,0.11,10650066
RRS,20070503,0.465,0.48,0.46,0.47,239447
RRT,20070503,0.86,0.87,0.86,0.865,280925
RSG,20070503,1.44,1.45,1.42,1.44,195221
RSL,20070503,0.035,0.04,0.035,0.038,1526390
RSN,20070503,0.09,0.09,0.087,0.087,292500
RSP,20070503,1.82,1.83,1.81,1.83,1179663
RTL,20070503,0.086,0.086,0.085,0.085,2500
RUR,20070503,0.23,0.23,0.23,0.23,522515
RWD,20070503,0.62,0.62,0.62,0.62,20000
RXL,20070503,0.295,0.315,0.295,0.305,280843
SAE,20070503,0.435,0.44,0.425,0.425,270000
SAF,20070503,0.04,0.04,0.04,0.04,1197000
SAI,20070503,3.82,3.88,3.8,3.85,1205415
SAQ,20070503,5.5,5.55,5.48,5.5,15413
SAR,20070503,0.4,0.425,0.39,0.42,706136
SAU,20070503,0.355,0.355,0.34,0.34,357249
SBC,20070503,17.12,17.15,16.88,16.89,98338
SBI,20070503,0.615,0.615,0.6,0.615,36000
SBL,20070503,0.039,0.04,0.038,0.039,2800564
SBM,20070503,0.59,0.61,0.59,0.605,8770452
SBS,20070503,0.1,0.11,0.1,0.11,11572017
SCB,20070503,1.04,1.065,1.04,1.06,66696
SCC,20070503,0.41,0.41,0.41,0.41,20000
SCD,20070503,0.057,0.06,0.055,0.06,1957000
SCE,20070503,0.021,0.021,0.021,0.021,580568
SCV,20070503,1.15,1.15,1.14,1.14,10000
SCX,20070503,0.105,0.11,0.105,0.11,127000
SDG,20070503,3.28,3.38,3.27,3.34,1169536
SDI,20070503,0.8,0.8,0.785,0.785,40835
SDL,20070503,0.165,0.175,0.165,0.175,7321563
SDM,20070503,2.18,2.19,2.12,2.18,124398
SEA,20070503,0.315,0.315,0.3,0.3,441500
SEG,20070503,0.2,0.2,0.2,0.2,4450
SEK,20070503,7.48,7.48,7.4,7.45,727532
SEN,20070503,0.22,0.23,0.205,0.23,1560345
SEV,20070503,11.56,11.7,11.48,11.59,708552
SFC,20070503,7.4,7.5,7.35,7.5,6840
SFH,20070503,1.82,1.85,1.81,1.84,1124013
SFP,20070503,0.675,0.7,0.665,0.695,53662
SFR,20070503,0.43,0.43,0.43,0.43,50000
SGB,20070503,36.55,36.64,36.35,36.57,2097318
SGL,20070503,0.38,0.38,0.365,0.37,2884804
SGM,20070503,24.51,25.83,24.4,25.25,396080
SGN,20070503,3.18,3.18,3.14,3.15,307805
SGP,20070503,8.63,8.66,8.53,8.62,4069753
SGT,20070503,2.71,2.77,2.7,2.76,6060195
SGV,20070503,0.065,0.065,0.065,0.065,914546
SGX,20070503,5.86,5.91,5.72,5.88,711510
SHE,20070503,0.505,0.53,0.5,0.53,137150
SHL,20070503,14.34,14.74,14.29,14.65,938487
SHV,20070503,10.22,10.24,10.19,10.19,53697
SHX,20070503,0.17,0.17,0.17,0.17,1592996
SIE,20070503,0.095,0.095,0.095,0.095,3000
SIM,20070503,0.92,0.92,0.89,0.91,20000
SIP,20070503,2.59,2.6,2.57,2.59,7071366
SIU,20070503,0.08,0.08,0.08,0.08,100000
SIV,20070503,1.7,1.7,1.7,1.7,3250
SKC,20070503,4.39,4.39,4.33,4.35,109271
SKE,20070503,5.2,5.2,5.01,5.15,71035
SKI,20070503,1.95,1.955,1.94,1.945,841035
SLA,20070503,1.15,1.22,1.15,1.21,453739
SLF,20070503,23.08,23.11,22.98,23.1,8743
SLM,20070503,3.95,4.07,3.95,4,90837
SLT,20070503,0.029,0.029,0.029,0.029,86000
SLV,20070503,1.575,1.575,1.55,1.565,278390
SLX,20070503,11.55,11.6,11.43,11.46,177166
SMC,20070503,0.13,0.135,0.13,0.13,389553
SML,20070503,0.022,0.022,0.021,0.022,591636
SMM,20070503,5.63,5.7,5.54,5.6,262960
SMN,20070503,0.2,0.2,0.2,0.2,60000
SMX,20070503,4.65,4.65,4.51,4.6,92484
SMY,20070503,5,5.11,4.96,4.96,1799620
SNN,20070503,0.115,0.12,0.115,0.115,2885000
SNU,20070503,0.39,0.39,0.36,0.37,475400
SOE,20070503,0.245,0.245,0.24,0.245,1416272
SOL,20070503,9.56,9.58,9.47,9.58,10406
SOM,20070503,0.021,0.021,0.021,0.021,2132251
SOO,20070503,0.09,0.09,0.087,0.087,116000
SOT,20070503,0.98,0.98,0.96,0.96,296171
SPH,20070503,1.85,1.85,1.8,1.8,40470
SPL,20070503,0.415,0.415,0.415,0.415,10000
SPN,20070503,1.48,1.49,1.47,1.485,1184543
SPR,20070503,1.02,1.02,1.02,1.02,500
SPT,20070503,4.99,5.05,4.95,5,148281
SRA,20070503,0.045,0.046,0.044,0.046,1294803
SRB,20070503,1.15,1.22,1.15,1.19,71713
SRG,20070503,1.41,1.435,1.4,1.415,1397110
SRH,20070503,2.22,2.23,2.22,2.23,38700
SRI,20070503,0.092,0.093,0.091,0.091,172869
SRK,20070503,2.03,2.09,2,2.06,143909
SRL,20070503,4.3,4.65,4.3,4.4,2216299
SRV,20070503,5.05,5.06,5,5.05,51024
SRX,20070503,3.75,3.83,3.75,3.76,81729
SRZ,20070503,0.395,0.395,0.375,0.375,351309
SSC,20070503,0.025,0.027,0.022,0.024,15826745
SSI,20070503,2.95,3,2.95,2.99,10867
SSM,20070503,1.61,1.64,1.59,1.63,147500
SSN,20070503,0.205,0.21,0.2,0.2,1260250
SSX,20070503,2.27,2.3,2.25,2.25,1018579
STB,20070503,0.23,0.24,0.225,0.23,114750
STC,20070503,1.085,1.095,1.06,1.06,46285
STE,20070503,0.1,0.1,0.095,0.095,314000
STG,20070503,1.665,1.68,1.66,1.67,39283
STI,20070503,0.085,0.095,0.085,0.089,387950
STO,20070503,12.2,12.35,12.12,12.3,5940360
STP,20070503,0.073,0.079,0.073,0.079,20000
STS,20070503,2.22,2.25,2.22,2.25,13301
STU,20070503,1,1.02,0.98,0.99,72100
STW,20070503,62.03,62.2,61.92,62.1,7544
STX,20070503,0.21,0.22,0.205,0.21,1049668
SUL,20070503,4.6,4.62,4.01,4.46,147790
SUN,20070503,21.9,21.9,21.5,21.5,2629987
SUR,20070503,0.081,0.084,0.081,0.084,115000
SVM,20070503,0.365,0.365,0.365,0.365,14285
SWG,20070503,0.015,0.016,0.015,0.015,1509833
SWK,20070503,0.93,1.04,0.93,1.03,494579
SYB,20070503,4.29,4.33,4.29,4.31,8602777
SYG,20070503,0.012,0.013,0.012,0.012,680820
SYL,20070503,5.5,5.55,5.5,5.55,8500
SYM,20070503,0.5,0.515,0.49,0.49,259076
SYN,20070503,0.96,0.96,0.94,0.95,48550
SYP,20070503,0.69,0.735,0.69,0.735,17733
TAH,20070503,18.12,18.13,18,18.13,1368760
TAL,20070503,2.51,2.53,2.41,2.42,877554
TAM,20070503,0.16,0.16,0.15,0.15,847531
TAP,20070503,1.5,1.5,1.48,1.5,665680
TAS,20070503,0.245,0.25,0.24,0.25,467290
TAW,20070503,0.18,0.19,0.18,0.18,242228
TBG,20070503,1.565,1.58,1.555,1.575,93023
TCL,20070503,8.19,8.2,8.04,8.14,3205117
TCN,20070503,0.072,0.072,0.07,0.07,5000
TCQ,20070503,2.7,2.73,2.7,2.7,87000
TDI,20070503,0.7,0.7,0.7,0.7,6000
TDR,20070503,0.026,0.026,0.024,0.025,1075251
TEE,20070503,0.019,0.021,0.018,0.02,4528000
TEL,20070503,4.37,4.39,4.35,4.35,1195319
TEN,20070503,3.2,3.26,3.2,3.25,2494495
TEX,20070503,0.18,0.19,0.18,0.19,28400
TEY,20070503,0.5,0.51,0.48,0.48,206772
TFC,20070503,0.6,0.615,0.6,0.6,297688
TFE,20070503,0.72,0.72,0.68,0.715,769471
TGG,20070503,1.54,1.54,1.53,1.535,177325
TGP,20070503,2.29,2.3,2.29,2.3,27610
TGR,20070503,3.41,3.41,3.27,3.35,1631428
TGS,20070503,0.415,0.415,0.4,0.4,51000
THG,20070503,1.01,1.01,1,1,116867
THK,20070503,0.27,0.27,0.26,0.26,40000
THR,20070503,0.345,0.345,0.31,0.335,1490388
THX,20070503,0.57,0.575,0.55,0.57,222300
TIM,20070503,2.11,2.12,2.08,2.08,1115726
TIS,20070503,0.48,0.48,0.47,0.47,25131
TJN,20070503,1.155,1.155,1.155,1.155,2500
TKG,20070503,0.012,0.012,0.011,0.012,8047298
TLS,20070503,4.85,4.88,4.83,4.84,19996927
TLZ,20070503,0.41,0.41,0.41,0.41,3331
TMO,20070503,0.215,0.215,0.21,0.21,449586
TMR,20070503,0.225,0.225,0.22,0.225,1004394
TMX,20070503,0.175,0.175,0.175,0.175,10000
TNC,20070503,0.027,0.028,0.026,0.028,856700
TNE,20070503,1.015,1.035,1.015,1.02,307209
TNG,20070503,0.41,0.42,0.4,0.42,145000
TOE,20070503,1.24,1.25,1.23,1.23,228533
TOL,20070503,22.17,22.35,22,22.3,1443448
TOX,20070503,2.5,2.55,2.46,2.46,150417
TPF,20070503,1.04,1.04,1.04,1.04,16482
TPI,20070503,12.82,12.9,12.71,12.75,401609
TQH,20070503,0.325,0.325,0.32,0.32,40000
TRF,20070503,1.35,1.35,1.3,1.32,95001
TRG,20070503,14.45,14.55,14.4,14.4,176439
TRM,20070503,0.18,0.19,0.18,0.19,16000
TRO,20070503,1.2,1.2,1.18,1.18,62200
TRS,20070503,13.78,13.84,13.6,13.8,45266
TRU,20070503,12.2,12.2,12,12,6234
TRY,20070503,2.87,2.94,2.86,2.94,51845
TSE,20070503,13.1,13.15,12.8,13.07,567279
TSH,20070503,0.47,0.47,0.45,0.45,464407
TSO,20070503,2.74,2.74,2.71,2.73,269729
TSV,20070503,0.024,0.024,0.024,0.024,100000
TTI,20070503,0.46,0.465,0.46,0.465,91674
TTR,20070503,0.096,0.096,0.089,0.092,770574
TTS,20070503,5.14,5.15,5.07,5.07,3006135
TTV,20070503,0.245,0.245,0.245,0.245,4000
TUC,20070503,0.54,0.54,0.475,0.515,634380
TVN,20070503,0.025,0.025,0.024,0.024,1005000
TWO,20070503,2.79,2.8,2.78,2.79,29953
TWR,20070503,1.975,1.975,1.955,1.965,148404
TWT,20070503,0.54,0.54,0.54,0.54,16000
TZL,20070503,2.36,2.36,2.32,2.32,13722
TZN,20070503,2.07,2.26,2.07,2.26,499017
UCL,20070503,0.035,0.035,0.034,0.035,1065849
UCW,20070503,1.08,1.08,1.08,1.08,4000
UEQ,20070503,0.76,0.8,0.74,0.8,1322396
UGL,20070503,15.45,15.71,15.42,15.59,715410
UKL,20070503,1.31,1.31,1.245,1.27,204133
ULT,20070503,0.048,0.051,0.047,0.051,297000
UMC,20070503,0.44,0.455,0.425,0.455,397846
UNI,20070503,0.245,0.255,0.245,0.245,442969
UNW,20070503,0.29,0.29,0.28,0.285,353539
UNX,20070503,1.81,1.81,1.73,1.77,109236
UOG,20070503,0.155,0.155,0.15,0.15,53648
UOS,20070503,2.2,2.2,2.2,2.2,7000
URA,20070503,0.67,0.675,0.645,0.66,270816
URL,20070503,0.11,0.115,0.11,0.115,191900
USA,20070503,0.355,0.37,0.355,0.36,134000
UTO,20070503,0.855,0.9,0.855,0.855,202557
UXA,20070503,0.38,0.38,0.375,0.38,117050
UXC,20070503,1.735,1.74,1.71,1.73,127882
VBA,20070503,2.7,2.7,2.64,2.65,143732
VCN,20070503,0.35,0.365,0.34,0.36,894345
VCR,20070503,0.935,0.94,0.93,0.93,325374
VEA,20070503,3.53,3.53,3.52,3.52,5880299
VGH,20070503,2.62,2.66,2.56,2.56,704318
VGP,20070503,0.21,0.215,0.205,0.215,580458
VHL,20070503,0.165,0.17,0.16,0.16,69089
VIL,20070503,0.04,0.04,0.04,0.04,550000
VIR,20070503,1.09,1.1,1.08,1.1,484219
VKI,20070503,1.03,1.045,1.02,1.045,57613
VLA,20070503,0.089,0.09,0.089,0.09,121329
VLL,20070503,0.08,0.08,0.078,0.078,170300
VMG,20070503,2.5,2.5,2.43,2.5,33726
VML,20070503,0.74,0.75,0.705,0.74,171214
VMS,20070503,0.365,0.365,0.355,0.36,139166
VMT,20070503,0.13,0.13,0.12,0.12,628549
VPE,20070503,0.205,0.21,0.2,0.2,152019
VPG,20070503,2.2,2.23,2.18,2.21,3670930
VRE,20070503,0.42,0.42,0.41,0.415,665938
VRL,20070503,3.26,3.31,3.26,3.31,13715
VSG,20070503,0.018,0.02,0.017,0.018,51958447
VTP,20070503,1.3,1.32,1.3,1.32,46949
WAB,20070503,1.125,1.135,1.125,1.135,299183
WAG,20070503,0.026,0.026,0.025,0.025,1380154
WAL,20070503,0.165,0.175,0.165,0.175,50000
WAM,20070503,1.89,1.89,1.88,1.88,81856
WAN,20070503,16.68,16.69,16.33,16.69,269952
WAS,20070503,0.04,0.04,0.038,0.039,980000
WAT,20070503,1.36,1.4,1.3,1.3,73500
WBA,20070503,1.38,1.415,1.37,1.37,147103
WBB,20070503,12.95,12.95,12.9,12.9,2000
WBC,20070503,27.38,27.44,27.11,27.2,7176690
WCB,20070503,3.7,3.71,3.7,3.7,30677
WCL,20070503,0.36,0.365,0.36,0.365,70000
WCP,20070503,0.28,0.285,0.27,0.275,895380
WDC,20070503,21.41,21.61,21.36,21.61,8386915
WDS,20070503,2.35,2.58,2.35,2.57,201407
WEB,20070503,0.34,0.345,0.33,0.34,541531
WEC,20070503,2.47,2.47,2.4,2.42,169275
WES,20070503,39.06,39.24,38.99,39.09,566443
WEZ,20070503,0.12,0.13,0.115,0.12,889257
WFL,20070503,1.495,1.53,1.48,1.5,122929
WGP,20070503,0.165,0.175,0.165,0.17,219042
WGR,20070503,0.385,0.385,0.385,0.385,60000
WHE,20070503,1.9,2.15,1.85,2.14,835770
WHF,20070503,4.75,4.77,4.72,4.72,26888
WHG,20070503,2.49,2.5,2.47,2.49,153126
WHS,20070503,6.22,6.22,6.2,6.2,10720
WIL,20070503,1.135,1.15,1.135,1.145,459915
WKR,20070503,0.3,0.3,0.29,0.29,35929
WLF,20070503,0.995,1,0.995,1,16000
WLL,20070503,3,3,3,3,10000
WLS,20070503,1.165,1.17,1.16,1.165,78478
WME,20070503,0.25,0.255,0.245,0.25,1342647
WMT,20070503,0.405,0.405,0.375,0.38,11407567
WOR,20070503,27.22,27.59,27.13,27.39,249434
WOW,20070503,28.31,28.42,28.2,28.28,1252092
WPG,20070503,0.58,0.65,0.545,0.64,430747
WPL,20070503,40.25,41.19,40.07,41,2095938
WRK,20070503,0.335,0.35,0.315,0.325,210068
WRL,20070503,0.22,0.22,0.22,0.22,304101
WSA,20070503,5.58,5.61,5.53,5.6,587160
WSS,20070503,0.085,0.085,0.081,0.081,20000
WST,20070503,0.46,0.46,0.46,0.46,100000
WSY,20070503,0.042,0.043,0.038,0.04,225763
WTE,20070503,0.18,0.18,0.175,0.18,308551
WTF,20070503,4.55,4.64,4.5,4.64,160475
WTN,20070503,0.35,0.35,0.315,0.315,105958
WTP,20070503,4,4.04,4,4.02,330465
WWA,20070503,2.35,2.4,2.35,2.4,16138
WWM,20070503,0.215,0.225,0.215,0.22,322075
WWW,20070503,0.71,0.74,0.7,0.74,130074
WYL,20070503,3.45,3.5,3.42,3.48,174346
XAO,20070503,6231,6247.6,6215.1,6236.9,0
XBL,20070503,0.2,0.21,0.2,0.205,49372
XDJ,20070503,2979.7,2997.1,2975.9,2991.7,0
XEJ,20070503,13361.8,13453.3,13298.5,13432.3,0
XEN,20070503,0.25,0.25,0.22,0.22,267417
XFJ,20070503,7320.6,7326.3,7285.6,7316.4,0
XFL,20070503,6048,6056,6023,6043.2,0
XGD,20070503,4754.8,4754.8,4754.8,4754.8,0
XHJ,20070503,8610.3,8666.5,8572.4,8624.4,0
XIJ,20070503,645.1,647.1,641.2,645.9,0
XJO,20070503,6244.6,6258.1,6224.2,6245.6,0
XKO,20070503,6260.1,6274.4,6241,6262.5,0
XMD,20070503,6408.2,6446,6398.5,6430.8,0
XMJ,20070503,12001.3,12049.6,11957,12004.5,0
XMM,20070503,4053.8,4053.8,4053.8,4053.8,0
XNJ,20070503,6993.4,7012.2,6970.5,6993.2,0
XPJ,20070503,2446.7,2456.2,2436.4,2454.1,0
XRF,20070503,0.11,0.12,0.11,0.12,48541
XSJ,20070503,8521.3,8524.8,8487.3,8510.4,0
XSO,20070503,3831.8,3852.3,3828.6,3848.9,0
XST,20070503,0.27,0.3,0.25,0.29,468848
XTE,20070503,16,16,16,16,39900
XTJ,20070503,1757.8,1765.3,1747.4,1749.6,0
XTL,20070503,3306.4,3311.1,3294,3304.5,0
XTO,20070503,5039.6,5049.5,5021.2,5038.9,0
XUJ,20070503,7638.8,7665.2,7608,7650.8,0
XXJ,20070503,7597.1,7600.3,7558.1,7584.9,0
YGL,20070503,0.155,0.17,0.155,0.17,3104173
YML,20070503,0.29,0.3,0.285,0.3,103550
YRR,20070503,0.495,0.5,0.48,0.5,59000
ZBB,20070503,0.3,0.32,0.285,0.285,224837
ZDX,20070503,0.31,0.32,0.3,0.32,216000
ZFX,20070503,17.15,17.37,17.11,17.2,9879692
ZGL,20070503,0.415,0.415,0.39,0.395,126678
ZIM,20070503,17.9,17.9,17.9,17.9,1000
ZYL,20070503,0.063,0.065,0.061,0.062,364975
