AAC,20070828,2.72,2.88,2.72,2.8,245317
AAE,20070828,0.29,0.29,0.275,0.275,335000
AAG,20070828,0.24,0.24,0.24,0.24,152100
AAM,20070828,0.19,0.2,0.185,0.19,183000
AAO,20070828,0.14,0.14,0.125,0.125,12550
AAQ,20070828,0.485,0.49,0.48,0.48,33784
AAR,20070828,0.089,0.089,0.084,0.086,2528382
AAT,20070828,0.087,0.087,0.087,0.087,32663
AAX,20070828,10,10.19,10,10.15,226228
ABB,20070828,8.26,8.34,8.2,8.27,125830
ABC,20070828,3.5,3.58,3.49,3.53,1464984
ABI,20070828,0.028,0.031,0.028,0.031,3274250
ABJ,20070828,0.049,0.049,0.047,0.048,839520
ABP,20070828,1.93,1.95,1.88,1.95,1165316
ABQ,20070828,0.425,0.425,0.42,0.425,46869
ABS,20070828,7.09,7.11,7.03,7.05,1516706
ABU,20070828,0.145,0.145,0.145,0.145,200000
ABY,20070828,3.34,3.34,3.16,3.16,641508
ACB,20070828,1.135,1.155,1.11,1.11,94396
ACE,20070828,0.18,0.19,0.18,0.19,50320
ACG,20070828,0.125,0.125,0.125,0.125,56700
ACL,20070828,0.75,0.835,0.74,0.835,95879
ACR,20070828,1.335,1.4,1.325,1.35,113258
ACS,20070828,0.16,0.16,0.155,0.155,238854
ADA,20070828,0.53,0.53,0.53,0.53,20210
ADB,20070828,15.66,15.83,15.65,15.65,261256
ADE,20070828,0.185,0.2,0.18,0.195,4169131
ADG,20070828,4.41,4.41,4.41,4.41,11000
ADI,20070828,0.58,0.67,0.58,0.65,194624
ADL,20070828,0.07,0.07,0.07,0.07,20000
ADN,20070828,0.385,0.4,0.385,0.4,39000
ADS,20070828,0.25,0.25,0.24,0.245,324029
ADU,20070828,0.51,0.51,0.5,0.5,49415
ADX,20070828,0.095,0.096,0.093,0.094,251289
ADY,20070828,0.4,0.42,0.385,0.41,7347593
AED,20070828,7.89,7.89,7.43,7.43,221005
AEE,20070828,0.365,0.365,0.34,0.34,92000
AEF,20070828,47.75,47.75,47.75,47.75,41
AEI,20070828,0.44,0.44,0.44,0.44,1250
AEO,20070828,1.95,2.04,1.95,2.01,315144
AEP,20070828,3.95,4,3.95,3.95,50721
AEU,20070828,1.7,1.705,1.685,1.705,153491
AEX,20070828,0.035,0.036,0.035,0.036,1156479
AEZ,20070828,1.225,1.24,1.2,1.24,3359273
AFG,20070828,8.9,8.9,8.7,8.78,1755462
AFI,20070828,5.86,5.86,5.73,5.73,247679
AFT,20070828,0.004,0.004,0.003,0.003,1817707
AGF,20070828,1.42,1.42,1.39,1.4,203217
AGI,20070828,0.425,0.44,0.425,0.44,73680
AGK,20070828,15.45,15.61,15.43,15.53,784940
AGM,20070828,0.625,0.63,0.61,0.62,1577902
AGO,20070828,1.41,1.41,1.36,1.37,629691
AGS,20070828,1.43,1.495,1.41,1.48,856390
AGU,20070828,0.125,0.145,0.125,0.145,30000
AGX,20070828,0.17,0.175,0.165,0.17,514029
AGY,20070828,0.33,0.34,0.31,0.31,17923
AHD,20070828,6.55,6.78,6.55,6.78,4171
AHE,20070828,3.75,3.9,3.71,3.9,36386
AHI,20070828,2.7,2.85,2.7,2.85,20003
AHN,20070828,0.35,0.35,0.35,0.35,10000
AHR,20070828,0.17,0.17,0.17,0.17,100000
AHS,20070828,0.95,0.95,0.92,0.925,243549
AIA,20070828,2.73,2.74,2.66,2.66,431688
AII,20070828,0.27,0.27,0.27,0.27,40000
AIM,20070828,0.24,0.24,0.235,0.24,903700
AIO,20070828,8.81,9,8.77,8.85,4129391
AIX,20070828,3.4,3.43,3.29,3.29,535650
AIZ,20070828,1.83,1.83,1.78,1.8,199785
AJL,20070828,2.3,2.39,2.3,2.33,92040
AKK,20070828,0.23,0.235,0.225,0.225,74325
ALB,20070828,2.3,2.3,2.25,2.25,515200
ALD,20070828,0.42,0.42,0.41,0.41,162856
ALE,20070828,0.02,0.022,0.02,0.022,100000
ALK,20070828,0.295,0.3,0.295,0.3,194000
ALL,20070828,12.98,12.98,12.85,12.94,1242973
ALS,20070828,13.5,13.69,13.31,13.56,170328
ALT,20070828,0.016,0.016,0.016,0.016,150000
ALU,20070828,0.975,0.985,0.975,0.985,124930
ALZ,20070828,2.44,2.48,2.42,2.42,1070352
AMA,20070828,0.64,0.65,0.64,0.65,72600
AMB,20070828,1.75,1.75,1.75,1.75,4531
AMC,20070828,6.98,7.05,6.97,7.02,1811527
AMH,20070828,0.785,0.8,0.765,0.795,204271
AMM,20070828,0.19,0.19,0.18,0.18,528123
AMP,20070828,10.28,10.39,10.18,10.35,6810042
AMU,20070828,0.725,0.725,0.695,0.7,399240
AMX,20070828,0.19,0.19,0.18,0.18,70000
AND,20070828,0.9,0.91,0.89,0.9,185981
ANE,20070828,6.25,6.3,6.15,6.2,101516
ANG,20070828,1.69,1.7,1.67,1.67,127500
ANH,20070828,0.061,0.061,0.059,0.059,1055959
ANM,20070828,0.15,0.155,0.145,0.155,76034
ANN,20070828,12.55,12.55,12.38,12.48,532590
ANP,20070828,0.037,0.037,0.035,0.035,140000
ANU,20070828,0.48,0.51,0.48,0.5,11140
ANZ,20070828,29.5,29.5,29.05,29.31,3574014
AOD,20070828,9.3,9.3,9.3,9.3,250
AOE,20070828,2.55,2.65,2.51,2.63,2442712
AOP,20070828,0.185,0.185,0.185,0.185,2500
APA,20070828,3.93,3.93,3.87,3.91,1136271
APB,20070828,0.17,0.175,0.165,0.175,240926
APD,20070828,3,3.01,3,3.01,17132
APE,20070828,15.65,16,15.5,16,13867
APG,20070828,0.093,0.095,0.087,0.095,1575400
API,20070828,1.86,1.86,1.8,1.82,164590
APK,20070828,0.44,0.45,0.44,0.45,11200
APN,20070828,5.52,5.52,5.44,5.47,324764
APZ,20070828,2.4,2.65,2.4,2.5,312795
AQA,20070828,4.77,4.78,4.7,4.7,77480
AQD,20070828,0.2,0.205,0.2,0.205,135318
AQP,20070828,36.4,36.52,35.89,36.13,60287
AQR,20070828,0.185,0.185,0.185,0.185,26731
ARA,20070828,0.6,0.6,0.6,0.6,72000
ARE,20070828,0.215,0.23,0.215,0.23,187825
ARG,20070828,8,8.09,8,8,105730
ARH,20070828,1.38,1.39,1.32,1.32,153977
ARM,20070828,0.34,0.34,0.29,0.34,80000
ARO,20070828,0.025,0.027,0.025,0.027,203000
ARP,20070828,4.17,4.17,4.08,4.1,18140
ARQ,20070828,1.42,1.425,1.385,1.395,572884
ARR,20070828,2.24,2.24,2.05,2.15,1304152
ARU,20070828,1.235,1.28,1.235,1.26,192553
ARV,20070828,0.245,0.245,0.245,0.245,2122
ARW,20070828,0.23,0.235,0.23,0.23,78835
ARX,20070828,0.017,0.017,0.016,0.017,379865
ASB,20070828,3.61,3.78,3.48,3.78,126220
ASC,20070828,0.032,0.034,0.03,0.034,4876813
ASL,20070828,2.47,2.47,2.4,2.42,67020
ASP,20070828,0.46,0.46,0.4,0.4,26000
ASQ,20070828,0.295,0.295,0.295,0.295,5000
ASU,20070828,0.028,0.028,0.026,0.026,592014
ASV,20070828,0.012,0.012,0.012,0.012,826004
ASX,20070828,47.49,47.85,46.63,46.8,898936
ASZ,20070828,1.3,1.3,1.3,1.3,221000
ATG,20070828,0.245,0.245,0.215,0.225,186240
ATI,20070828,0.015,0.015,0.014,0.014,1000000
ATN,20070828,0.074,0.074,0.074,0.074,100000
ATP,20070828,0.45,0.45,0.45,0.45,42000
ATQ,20070828,0.15,0.15,0.14,0.14,30782
ATR,20070828,2.45,2.5,2.45,2.5,5500
ATV,20070828,0.12,0.12,0.12,0.12,136208
AUB,20070828,4.45,4.5,4.36,4.5,46682
AUN,20070828,1.455,1.475,1.45,1.46,1395533
AUP,20070828,9.7,9.7,9.7,9.7,1500
AUQ,20070828,0.21,0.21,0.21,0.21,10000
AUT,20070828,0.54,0.56,0.525,0.53,93910
AUW,20070828,2.34,2.44,2.27,2.41,2850224
AUX,20070828,0.045,0.045,0.045,0.045,59000
AUZ,20070828,0.125,0.13,0.12,0.12,4552322
AVA,20070828,0.585,0.585,0.57,0.57,120300
AVE,20070828,3.1,3.1,3.01,3.01,118829
AVJ,20070828,1.275,1.28,1.275,1.28,19600
AVM,20070828,19.45,19.45,19,19.4,1220
AVO,20070828,1.47,1.5,1.46,1.47,261712
AVQ,20070828,0.24,0.24,0.18,0.18,50938
AVR,20070828,1.8,1.815,1.8,1.815,17900
AVS,20070828,0.49,0.51,0.49,0.51,87000
AVX,20070828,0.535,0.56,0.535,0.56,876182
AWB,20070828,3.16,3.24,3.15,3.17,1034228
AWC,20070828,6.75,6.8,6.67,6.74,2232403
AWE,20070828,3.22,3.24,3.15,3.15,1212985
AWG,20070828,0.09,0.09,0.09,0.09,50000
AWL,20070828,0.022,0.022,0.02,0.02,1150000
AXA,20070828,7.64,7.64,7.48,7.52,5021739
AXE,20070828,0.16,0.165,0.16,0.165,142000
AXI,20070828,0.49,0.49,0.47,0.47,66000
AXM,20070828,0.8,0.87,0.8,0.83,492104
AXO,20070828,0.9,0.92,0.87,0.9,386729
AXQ,20070828,0.65,0.65,0.65,0.65,121328
AXT,20070828,0.39,0.39,0.365,0.365,101262
AXY,20070828,0.42,0.435,0.42,0.43,168498
AYR,20070828,0.125,0.125,0.125,0.125,3
AZA,20070828,1.44,1.44,1.39,1.42,1401813
AZC,20070828,0.27,0.275,0.27,0.27,239479
AZD,20070828,0.355,0.38,0.355,0.38,270677
AZM,20070828,0.19,0.19,0.18,0.185,146000
AZS,20070828,0.19,0.19,0.175,0.175,468134
AZX,20070828,0.97,0.97,0.97,0.97,5900
AZZ,20070828,0.41,0.42,0.41,0.41,146749
BAR,20070828,0.41,0.41,0.395,0.395,44120
BAS,20070828,0.09,0.096,0.09,0.096,216000
BBC,20070828,1.04,1.045,1.02,1.02,2637791
BBG,20070828,15.06,15.48,15.03,15.34,1147163
BBI,20070828,1.67,1.69,1.63,1.66,6784498
BBL,20070828,0.28,0.28,0.27,0.27,5000
BBP,20070828,3.01,3.02,2.96,2.99,2400170
BBW,20070828,1.65,1.675,1.64,1.645,2612347
BCD,20070828,0.25,0.25,0.235,0.25,447000
BCF,20070828,0.77,0.775,0.73,0.77,30612
BCI,20070828,1.34,1.34,1.3,1.3,21500
BCM,20070828,4.09,4.2,4.07,4.14,1024600
BCN,20070828,0.245,0.245,0.245,0.245,8861
BDG,20070828,0.285,0.295,0.28,0.285,1000428
BDI,20070828,0.295,0.35,0.295,0.35,165238
BDL,20070828,0.285,0.29,0.28,0.28,194244
BDM,20070828,0.26,0.26,0.26,0.26,4445
BEC,20070828,4.18,4.38,4.15,4.38,216752
BEI,20070828,0.52,0.54,0.5,0.505,1498645
BEN,20070828,15.81,15.92,15.65,15.66,249847
BFE,20070828,0.15,0.15,0.15,0.15,16100
BGD,20070828,0.38,0.405,0.37,0.405,105600
BHP,20070828,37.4,37.56,37.21,37.51,12387684
BIT,20070828,0.23,0.23,0.23,0.23,120000
BJT,20070828,1.73,1.825,1.695,1.825,2921441
BKG,20070828,0.24,0.24,0.24,0.24,20000
BKL,20070828,21.6,21.7,21.55,21.6,78741
BKM,20070828,0.011,0.011,0.01,0.011,2000000
BKN,20070828,10,10.1,9.9,10,262158
BKP,20070828,0.115,0.115,0.11,0.11,479000
BKR,20070828,0.48,0.48,0.48,0.48,35000
BKW,20070828,13.13,13.13,13.08,13.08,540
BKY,20070828,1.4,1.425,1.37,1.4,132494
BLD,20070828,7.69,7.73,7.63,7.73,1103128
BLG,20070828,0.53,0.53,0.48,0.48,307428
BLK,20070828,0.6,0.6,0.58,0.58,30216
BLP,20070828,0.8,0.8,0.8,0.8,60000
BLR,20070828,0.16,0.165,0.155,0.16,1813010
BLT,20070828,0.115,0.115,0.115,0.115,255000
BLU,20070828,1.85,1.9,1.825,1.85,50332
BLY,20070828,2.12,2.17,2.1,2.15,8942116
BLZ,20070828,0.026,0.026,0.024,0.025,549000
BMN,20070828,2.24,2.35,2.2,2.24,431046
BMX,20070828,0.22,0.22,0.215,0.215,110506
BMY,20070828,0.13,0.14,0.13,0.13,112000
BNB,20070828,23.4,24.1,23.2,23.78,3058757
BNL,20070828,0.165,0.165,0.165,0.165,25000
BNO,20070828,0.305,0.305,0.3,0.3,56000
BNT,20070828,0.088,0.091,0.088,0.091,300000
BOC,20070828,0.88,0.88,0.88,0.88,4900
BOL,20070828,2.68,2.69,2.66,2.67,515301
BOM,20070828,0.39,0.4,0.39,0.4,264513
BON,20070828,0.1,0.1,0.095,0.1,553888
BOQ,20070828,18.48,18.48,18.06,18.4,202188
BOS,20070828,0.11,0.11,0.11,0.11,164825
BOW,20070828,0.16,0.165,0.155,0.155,313483
BPH,20070828,0.175,0.18,0.175,0.18,25000
BPK,20070828,0.03,0.03,0.03,0.03,154250
BPO,20070828,0.049,0.049,0.047,0.048,431853
BPT,20070828,1.265,1.265,1.23,1.23,5677373
BQT,20070828,0.16,0.165,0.155,0.165,64655
BRO,20070828,0.008,0.009,0.008,0.008,21412076
BRW,20070828,0.46,0.47,0.455,0.46,315997
BSA,20070828,0.7,0.71,0.69,0.69,204000
BSG,20070828,2.57,2.57,2.53,2.54,486254
BSL,20070828,11.1,11.34,11.07,11.24,2249465
BSM,20070828,0.325,0.34,0.32,0.32,220470
BSN,20070828,0.1,0.1,0.1,0.1,65
BTA,20070828,1.695,1.7,1.66,1.69,284652
BTC,20070828,0.34,0.345,0.34,0.345,62510
BTV,20070828,0.11,0.12,0.11,0.12,306466
BUG,20070828,0.47,0.47,0.47,0.47,1000
BUL,20070828,0.23,0.235,0.22,0.22,670000
BUR,20070828,0.21,0.215,0.21,0.215,234727
BUY,20070828,0.045,0.045,0.043,0.043,279589
BVA,20070828,1.55,1.55,1.51,1.53,230099
BVP,20070828,0.225,0.255,0.225,0.25,262025
BWN,20070828,0.34,0.34,0.31,0.34,93066
BWP,20070828,2.45,2.5,2.37,2.5,815682
BXB,20070828,13.68,13.68,13.41,13.41,5664822
BXP,20070828,0.2,0.2,0.19,0.19,383000
BYI,20070828,0.95,0.95,0.95,0.95,600
BYR,20070828,0.18,0.18,0.18,0.18,106818
CAA,20070828,0.45,0.45,0.44,0.44,182360
CAB,20070828,10.79,10.99,10.61,10.8,665621
CAJ,20070828,0.1,0.1,0.1,0.1,6000
CAL,20070828,0.895,0.895,0.895,0.895,76500
CAM,20070828,1.55,1.63,1.535,1.62,125837
CAQ,20070828,0.19,0.19,0.19,0.19,14359
CAS,20070828,0.5,0.5,0.49,0.5,57000
CAU,20070828,0.044,0.044,0.043,0.043,205211
CAV,20070828,1.39,1.39,1.39,1.39,858
CBA,20070828,54.88,54.95,54.47,54.62,3037420
CBB,20070828,0.65,0.65,0.65,0.65,150293
CBH,20070828,0.57,0.57,0.545,0.55,1502995
CBM,20070828,2.4,2.4,2.4,2.4,7561
CCE,20070828,0.043,0.043,0.038,0.04,1055161
CCI,20070828,0.14,0.14,0.135,0.135,74000
CCL,20070828,9.6,9.6,9.4,9.5,2388813
CCP,20070828,11.1,11.25,11.02,11.2,95853
CCQ,20070828,0.89,0.9,0.87,0.89,119717
CCU,20070828,0.17,0.205,0.17,0.18,73012
CCV,20070828,0.59,0.61,0.59,0.6,653501
CDA,20070828,1.12,1.12,1.1,1.1,19369
CDD,20070828,7.15,7.15,7.06,7.1,38568
CDI,20070828,1.04,1.045,1.04,1.045,388396
CDM,20070828,1.1,1.1,1.1,1.1,1430
CDP,20070828,4.83,4.83,4.83,4.83,1280
CDR,20070828,0.855,0.86,0.81,0.815,2840986
CDS,20070828,0.018,0.019,0.018,0.019,1336207
CDT,20070828,0.295,0.295,0.295,0.295,30000
CDU,20070828,3.5,3.5,3.37,3.41,158328
CEG,20070828,2.34,2.35,2.34,2.35,30573
CEH,20070828,0.35,0.38,0.35,0.38,2800
CER,20070828,1.74,1.74,1.675,1.69,4326216
CEU,20070828,1.64,1.66,1.62,1.655,4042893
CEY,20070828,3.33,3.36,3.32,3.32,584261
CFE,20070828,0.55,0.57,0.52,0.565,1197581
CFI,20070828,0.82,0.83,0.82,0.83,41199
CFK,20070828,0.08,0.08,0.08,0.08,69840
CFR,20070828,0.009,0.009,0.009,0.009,111111
CFU,20070828,0.88,0.91,0.88,0.88,51600
CFX,20070828,2.34,2.37,2.31,2.36,11684809
CGF,20070828,5.18,5.23,5.02,5.05,2965115
CGI,20070828,0.08,0.08,0.08,0.08,22000
CGJ,20070828,14.15,14.21,14,14,3848797
CGM,20070828,0.2,0.2,0.18,0.185,139100
CGO,20070828,1.35,1.35,1.32,1.35,10473
CGS,20070828,0.155,0.155,0.14,0.14,30225
CGX,20070828,0.69,0.69,0.68,0.69,102700
CHB,20070828,58,58,58,58,490
CHC,20070828,2.84,2.88,2.78,2.81,743838
CHD,20070828,0.95,0.95,0.95,0.95,25000
CHF,20070828,0.3,0.31,0.3,0.3,165638
CHO,20070828,6.6,6.6,6.6,6.6,5600
CHQ,20070828,0.87,0.87,0.87,0.87,57953
CHZ,20070828,0.33,0.33,0.33,0.33,64000
CIF,20070828,3.9,4,3.9,3.95,492857
CIG,20070828,0.12,0.13,0.115,0.12,10621726
CII,20070828,0.15,0.15,0.15,0.15,157100
CIL,20070828,1.81,1.94,1.81,1.85,152564
CIN,20070828,21.75,22,21.75,22,1500
CIR,20070828,1.21,1.245,1.21,1.245,21205
CIX,20070828,0.585,0.6,0.585,0.59,182463
CIY,20070828,4.05,4.06,3.91,3.93,1046632
CKK,20070828,0.24,0.25,0.24,0.25,246963
CKL,20070828,0.55,0.55,0.55,0.55,12000
CKR,20070828,0.145,0.16,0.145,0.155,299000
CLF,20070828,0.2,0.2,0.2,0.2,23500
CLH,20070828,0.75,0.78,0.75,0.78,28081
CLO,20070828,0.435,0.485,0.435,0.48,138589
CLT,20070828,0.74,0.74,0.73,0.73,14600
CLV,20070828,0.096,0.105,0.096,0.105,299283
CME,20070828,0.05,0.05,0.048,0.05,1439215
CMI,20070828,1.36,1.36,1.36,1.36,8656
CMO,20070828,0.02,0.021,0.019,0.02,3179130
CMR,20070828,4.18,4.18,4,4.05,201233
CMV,20070828,0.485,0.57,0.485,0.55,1896122
CMW,20070828,1.245,1.25,1.22,1.25,406648
CND,20070828,3.46,3.46,3.43,3.44,38837
CNF,20070828,0.15,0.15,0.15,0.15,128450
CNM,20070828,0.12,0.12,0.115,0.12,335000
CNN,20070828,0.088,0.088,0.08,0.08,215000
CNP,20070828,7.81,8.12,7.73,8.1,4347374
CNT,20070828,1.325,1.37,1.325,1.37,105032
COA,20070828,5.68,5.7,5.53,5.53,8306291
COE,20070828,0.655,0.655,0.62,0.645,881212
COF,20070828,3.66,3.93,3.62,3.89,185837
COH,20070828,68,68.71,67.28,67.79,261357
COK,20070828,0.4,0.405,0.4,0.4,383203
COM,20070828,0.2,0.2,0.2,0.2,20000
COS,20070828,0.1,0.1,0.1,0.1,50000
COU,20070828,2.84,2.85,2.82,2.84,13080
COZ,20070828,0.29,0.295,0.29,0.295,38375
CPA,20070828,1.625,1.7,1.62,1.7,7032073
CPB,20070828,25.8,25.8,25.3,25.3,6539
CPK,20070828,0.69,0.695,0.68,0.69,251053
CPN,20070828,0.29,0.3,0.28,0.29,425100
CPR,20070828,1.71,1.84,1.71,1.825,27579
CPT,20070828,0.055,0.055,0.055,0.055,66667
CPU,20070828,10.25,10.25,10.16,10.24,2644903
CQT,20070828,0.7,0.71,0.695,0.705,454514
CRB,20070828,0.245,0.245,0.245,0.245,10000
CRE,20070828,0.32,0.325,0.315,0.325,185957
CRG,20070828,17.3,17.34,17.11,17.3,171192
CRJ,20070828,0.25,0.26,0.25,0.26,629460
CRK,20070828,1.495,1.5,1.495,1.5,9500
CRL,20070828,0.15,0.15,0.15,0.15,5000
CRT,20070828,0.585,0.615,0.585,0.615,23409
CSE,20070828,0.545,0.55,0.54,0.545,119178
CSF,20070828,1.12,1.12,1.08,1.08,9259338
CSL,20070828,97.7,97.9,96.4,97.6,483806
CSM,20070828,3.62,3.64,3.47,3.64,1081447
CSR,20070828,3.25,3.34,3.25,3.3,2608915
CSS,20070828,1.115,1.115,1.115,1.115,6000
CST,20070828,2.45,2.47,2.44,2.47,18763
CSV,20070828,1.4,1.43,1.4,1.43,449291
CTI,20070828,0.1,0.1,0.1,0.1,15500
CTN,20070828,2.12,2.12,2.09,2.1,59541
CTO,20070828,0.42,0.42,0.41,0.415,386512
CTP,20070828,0.215,0.215,0.21,0.21,166216
CTS,20070828,0.565,0.57,0.55,0.555,116368
CTX,20070828,24.34,24.41,23.53,23.87,566082
CUE,20070828,0.235,0.24,0.225,0.23,704778
CUL,20070828,0.105,0.105,0.097,0.1,6954653
CUO,20070828,0.92,0.92,0.895,0.91,782915
CUR,20070828,0.66,0.7,0.66,0.7,75400
CUS,20070828,0.195,0.205,0.195,0.2,2112878
CUV,20070828,0.7,0.72,0.7,0.72,211371
CUX,20070828,0.205,0.22,0.19,0.21,644000
CUY,20070828,1.31,1.31,1.25,1.26,111000
CVA,20070828,0.1,0.1,0.1,0.1,50000
CVB,20070828,0.13,0.13,0.12,0.125,100200
CVC,20070828,1.87,1.87,1.86,1.87,15000
CVI,20070828,0.11,0.12,0.105,0.12,5327403
CVN,20070828,0.17,0.19,0.17,0.175,5551686
CVR,20070828,0.16,0.16,0.16,0.16,25000
CWP,20070828,4.92,4.92,4.92,4.92,4220
CWT,20070828,0.76,0.79,0.76,0.77,96300
CXD,20070828,2.22,2.22,2.2,2.2,23000
CXE,20070828,0.37,0.395,0.37,0.395,5000
CXG,20070828,2.75,2.76,2.7,2.76,23053
CXM,20070828,0.5,0.5,0.49,0.5,153249
CXP,20070828,6.84,6.84,6.6,6.7,199646
CXS,20070828,0.75,0.76,0.73,0.755,42850
CXY,20070828,0.064,0.065,0.06,0.065,726100
CYA,20070828,1.33,1.38,1.33,1.37,105605
CYC,20070828,0.31,0.31,0.3,0.3,500000
CYG,20070828,3.46,3.49,3.46,3.47,81056
DDT,20070828,0.26,0.26,0.26,0.26,30000
DEG,20070828,0.092,0.097,0.092,0.097,19500
DES,20070828,0.295,0.295,0.285,0.285,742863
DEX,20070828,2.18,2.3,2.18,2.3,65613
DGH,20070828,0.73,0.74,0.73,0.74,19676
DGR,20070828,0.25,0.25,0.25,0.25,13240
DIA,20070828,0.076,0.078,0.071,0.076,1213439
DIO,20070828,0.115,0.115,0.11,0.11,2982365
DJS,20070828,4.92,4.93,4.87,4.93,761605
DJW,20070828,5,5,4.9,4.91,106725
DKN,20070828,1.7,1.73,1.7,1.73,17741
DLS,20070828,0.165,0.175,0.16,0.175,8450019
DMA,20070828,0.22,0.22,0.215,0.215,18000
DMG,20070828,0.44,0.45,0.44,0.45,30940
DML,20070828,0.38,0.4,0.36,0.395,238753
DMM,20070828,0.24,0.25,0.24,0.25,43000
DMP,20070828,3.3,3.34,3.25,3.25,13141
DMX,20070828,0.465,0.5,0.465,0.465,82224
DMY,20070828,0.05,0.05,0.05,0.05,5500
DOM,20070828,2.81,2.88,2.75,2.8,235636
DON,20070828,0.33,0.33,0.33,0.33,6000
DOW,20070828,6.06,6.19,6.05,6.11,2646308
DRA,20070828,0.115,0.115,0.115,0.115,10000
DRK,20070828,0.165,0.165,0.165,0.165,40000
DRT,20070828,1.94,2.02,1.94,2.02,14395624
DRX,20070828,0.325,0.34,0.295,0.34,411144
DSN,20070828,0.155,0.16,0.155,0.16,28500
DTL,20070828,6.68,6.91,6.68,6.91,16256
DTM,20070828,0.15,0.15,0.15,0.15,8000
DUE,20070828,3.58,3.58,3.41,3.46,629836
DUI,20070828,3.95,3.95,3.9,3.9,23097
DVN,20070828,1.185,1.25,1.18,1.195,21388
DWS,20070828,2.65,2.65,2.58,2.6,139561
DWY,20070828,1,1,0.95,0.95,41454
DXL,20070828,2.01,2.07,1.97,2.05,23508168
DYE,20070828,1.915,1.93,1.88,1.93,122706
DYL,20070828,0.395,0.395,0.385,0.39,932812
EAR,20070828,0.22,0.22,0.22,0.22,4000
EBB,20070828,2.1,2.1,1.85,2,179803
EBI,20070828,3.1,3.1,3.05,3.08,153830
EBT,20070828,0.15,0.15,0.14,0.15,348575
ECM,20070828,0.11,0.11,0.11,0.11,8100
ECU,20070828,0.029,0.029,0.028,0.029,655931
EDE,20070828,0.5,0.5,0.455,0.5,159441
EDM,20070828,0.049,0.052,0.049,0.052,422000
EDN,20070828,0.38,0.385,0.38,0.385,50000
EDS,20070828,0.58,0.58,0.55,0.55,65560
EFT,20070828,0.08,0.08,0.08,0.08,55000
EGF,20070828,2.2,2.2,2.15,2.16,192173
EGL,20070828,0.09,0.09,0.09,0.09,400000
EGO,20070828,0.037,0.037,0.035,0.035,59063243
EHL,20070828,1.3,1.38,1.295,1.375,3880618
EIG,20070828,0.97,0.97,0.97,0.97,5000
EKA,20070828,0.305,0.305,0.3,0.3,74021
EKM,20070828,0.33,0.35,0.32,0.35,55000
ELI,20070828,1.03,1.045,1.03,1.045,74286
ELK,20070828,0.21,0.21,0.21,0.21,5000
ELL,20070828,0.11,0.115,0.11,0.11,155102
ELX,20070828,0.81,0.815,0.81,0.815,16100
EME,20070828,4.3,4.3,4.3,4.3,6250
EMP,20070828,0.072,0.072,0.071,0.072,248285
EMR,20070828,0.21,0.21,0.2,0.205,384649
EMS,20070828,0.155,0.165,0.155,0.165,94827
ENE,20070828,3.55,3.55,3.35,3.44,623971
ENG,20070828,0.15,0.15,0.145,0.145,32000
ENI,20070828,0.052,0.052,0.052,0.052,19785
ENR,20070828,0.54,0.54,0.525,0.525,21200
ENV,20070828,1.14,1.15,1.11,1.125,1154453
EON,20070828,0.57,0.59,0.57,0.58,125000
EOS,20070828,0.725,0.74,0.685,0.72,437960
EPE,20070828,0.071,0.08,0.071,0.08,345646
EPF,20070828,0.185,0.185,0.185,0.185,6250
EPG,20070828,0.75,0.75,0.73,0.73,33500
EPR,20070828,0.046,0.046,0.046,0.046,53500
EPS,20070828,0.2,0.21,0.2,0.21,10349
EPY,20070828,0.076,0.076,0.076,0.076,20655
EQI,20070828,2.23,2.23,2.11,2.14,358238
EQN,20070828,3.95,3.97,3.9,3.95,337667
EQT,20070828,30.5,31.25,30.5,31,31280
ERA,20070828,17.49,17.63,17.18,17.36,217993
ERG,20070828,0.135,0.135,0.13,0.13,668496
ERH,20070828,0.195,0.195,0.18,0.18,58000
ERJ,20070828,0.022,0.022,0.022,0.022,20000
ERN,20070828,0.39,0.39,0.39,0.39,28000
ERO,20070828,0.225,0.23,0.22,0.23,226500
ESG,20070828,0.49,0.5,0.475,0.49,1014418
ESI,20070828,0.125,0.125,0.115,0.12,867533
ESV,20070828,0.96,0.96,0.95,0.95,208888
ETC,20070828,0.067,0.067,0.067,0.067,223231
EUG,20070828,0.02,0.02,0.02,0.02,50000
EVE,20070828,0.185,0.2,0.185,0.2,110000
EVG,20070828,0.14,0.15,0.14,0.15,22000
EVM,20070828,0.11,0.11,0.11,0.11,50363
EVZ,20070828,0.535,0.54,0.52,0.52,37360
EWC,20070828,0.865,0.885,0.825,0.86,782287
EXM,20070828,0.022,0.023,0.022,0.023,1319936
EXR,20070828,0.29,0.29,0.29,0.29,23051
EXS,20070828,0.27,0.285,0.27,0.285,169740
EXT,20070828,0.615,0.66,0.61,0.65,307680
EYE,20070828,0.105,0.11,0.095,0.095,218000
EZL,20070828,4.06,4.06,4,4,76000
FAC,20070828,0.45,0.45,0.44,0.44,17143
FAN,20070828,3.63,3.72,3.63,3.72,11381
FAR,20070828,0.12,0.12,0.11,0.11,439217
FAS,20070828,0.545,0.545,0.5,0.5,82914
FAT,20070828,1.07,1.07,1.05,1.05,47854
FBU,20070828,10.1,10.17,9.89,10.13,185536
FCL,20070828,2.43,2.46,2.4,2.4,2031093
FCN,20070828,0.34,0.34,0.325,0.33,250000
FDL,20070828,0.011,0.011,0.01,0.01,1514299
FDY,20070828,0.195,0.195,0.195,0.195,354500
FEA,20070828,0.61,0.615,0.605,0.61,200140
FER,20070828,1.01,1.1,1,1.03,439883
FGL,20070828,6.34,6.45,6.17,6.32,31650978
FIS,20070828,0.145,0.155,0.145,0.15,158000
FKP,20070828,6.6,6.68,6.52,6.63,485004
FLK,20070828,0.935,0.94,0.935,0.94,10000
FLR,20070828,0.15,0.17,0.15,0.17,37568
FLT,20070828,19.59,19.65,19.5,19.53,363992
FLX,20070828,5,5,4.91,4.96,104176
FMG,20070828,31.5,31.8,31.1,31.67,320790
FML,20070828,0.078,0.078,0.075,0.077,1876843
FND,20070828,0.74,0.77,0.74,0.75,45904
FNP,20070828,0.48,0.48,0.48,0.48,5129
FNT,20070828,0.12,0.12,0.115,0.115,475682
FPA,20070828,3.2,3.2,3.16,3.17,225108
FPH,20070828,2.95,2.95,2.92,2.94,220895
FRE,20070828,0.43,0.43,0.42,0.42,33300
FRI,20070828,0.89,0.89,0.89,0.89,25000
FRR,20070828,0.505,0.52,0.505,0.51,131899
FRS,20070828,0.7,0.71,0.7,0.71,26245
FRV,20070828,0.07,0.072,0.07,0.072,107880
FSA,20070828,0.82,0.82,0.815,0.82,33110
FSN,20070828,1.1,1.15,0.9,0.95,144600
FUN,20070828,1.45,1.46,1.44,1.455,347369
FWD,20070828,9.05,9.36,9.05,9.25,125917
FWL,20070828,0.48,0.515,0.48,0.515,120592
FXI,20070828,1.11,1.13,1.1,1.13,16299
FXJ,20070828,4.7,4.71,4.63,4.65,2822514
FXL,20070828,2.5,2.5,2.41,2.5,132657
FXR,20070828,0.79,0.79,0.76,0.77,403652
FZN,20070828,0.67,0.68,0.67,0.68,173789
GAA,20070828,0.44,0.545,0.44,0.52,1115265
GAP,20070828,0.5,0.5,0.48,0.48,3000
GAU,20070828,0.27,0.28,0.27,0.27,176000
GBE,20070828,0.575,0.59,0.565,0.58,227616
GBG,20070828,1.395,1.465,1.375,1.45,3239534
GBM,20070828,0.056,0.056,0.056,0.056,10000
GBP,20070828,0.175,0.175,0.17,0.17,50000
GBT,20070828,3.85,3.9,3.85,3.9,878
GCG,20070828,0.25,0.25,0.25,0.25,9
GCL,20070828,4.4,4.4,4.32,4.38,121273
GCN,20070828,0.04,0.041,0.04,0.041,65000
GCR,20070828,0.038,0.039,0.038,0.038,688743
GCS,20070828,1.38,1.38,1.35,1.35,26350
GCX,20070828,1.195,1.195,1.195,1.195,4163
GDA,20070828,0.013,0.014,0.013,0.014,538795
GDM,20070828,0.5,0.5,0.47,0.47,359990
GDN,20070828,0.24,0.345,0.23,0.335,133734335
GDR,20070828,0.385,0.39,0.375,0.385,141300
GDY,20070828,1.62,1.68,1.62,1.65,323149
GED,20070828,0.08,0.08,0.08,0.08,50000
GFF,20070828,2.58,2.58,2.44,2.44,2697624
GFL,20070828,0.92,0.92,0.905,0.905,18178
GGE,20070828,0.052,0.053,0.052,0.053,69000
GGG,20070828,1.09,1.09,1,1.09,22310
GGP,20070828,0.27,0.28,0.25,0.27,244140
GGY,20070828,0.115,0.115,0.115,0.115,654202
GHT,20070828,1.305,1.31,1.3,1.31,3730
GIA,20070828,0.43,0.43,0.43,0.43,1000
GIR,20070828,0.5,0.5,0.48,0.5,738100
GJT,20070828,0.86,0.91,0.86,0.905,2926019
GLB,20070828,1.28,1.28,1.12,1.125,18313
GLC,20070828,0.15,0.15,0.15,0.15,226703
GLE,20070828,0.66,0.66,0.66,0.66,4000
GLI,20070828,0.155,0.16,0.155,0.155,595024
GLM,20070828,0.51,0.53,0.51,0.53,195995
GLO,20070828,0.04,0.04,0.04,0.04,25000
GLX,20070828,0.08,0.08,0.08,0.08,21700
GMD,20070828,0.2,0.2,0.2,0.2,52500
GME,20070828,0.59,0.59,0.575,0.575,35000
GMG,20070828,6.53,6.66,6.45,6.65,10551152
GMI,20070828,1.72,1.74,1.72,1.74,122878
GMR,20070828,0.08,0.08,0.076,0.076,25000
GNC,20070828,10.69,10.7,10.5,10.55,55265
GNL,20070828,0.025,0.027,0.025,0.027,250000
GNS,20070828,3.49,3.49,3.42,3.42,645471
GOA,20070828,0.086,0.088,0.086,0.088,160000
GOG,20070828,0.225,0.23,0.225,0.225,120000
GOP,20070828,0.335,0.34,0.31,0.31,529264
GOW,20070828,3.64,3.66,3.64,3.65,13500
GPG,20070828,1.66,1.69,1.64,1.64,217000
GPN,20070828,0.029,0.029,0.026,0.028,2678000
GPT,20070828,4.62,4.74,4.54,4.74,10526371
GQH,20070828,0.79,0.79,0.78,0.78,42093
GRD,20070828,2.32,2.32,2.3,2.31,278180
GRK,20070828,0.088,0.088,0.086,0.088,243899
GRL,20070828,0.255,0.26,0.255,0.26,109847
GRR,20070828,2.2,2.2,2.13,2.15,217441
GRV,20070828,0.5,0.6,0.5,0.6,22455
GRY,20070828,0.41,0.41,0.4,0.4,355000
GSE,20070828,0.064,0.074,0.063,0.067,2316077
GSF,20070828,0.029,0.029,0.028,0.029,1023800
GTE,20070828,0.18,0.18,0.18,0.18,40000
GTG,20070828,0.14,0.14,0.14,0.14,40000
GTP,20070828,2.35,2.36,2.3,2.34,548092
GTR,20070828,0.13,0.13,0.13,0.13,5000
GTX,20070828,0.155,0.155,0.15,0.15,80000
GUD,20070828,10.3,10.46,10.29,10.4,146518
GUJ,20070828,0.36,0.36,0.34,0.35,801897
GUL,20070828,0.08,0.08,0.08,0.08,62500
GUN,20070828,0.22,0.22,0.205,0.205,149400
GVM,20070828,0.98,1,0.95,1,26000
GWR,20070828,1.77,1.87,1.77,1.84,35547
GWT,20070828,4.34,4.34,4.25,4.27,165004
GWV,20070828,0.084,0.084,0.084,0.084,15400
GXY,20070828,0.5,0.5,0.465,0.465,87600
GYN,20070828,0.24,0.3,0.24,0.29,133900
HAO,20070828,0.031,0.032,0.031,0.032,40000
HAP,20070828,1.11,1.115,1.1,1.115,78694
HAV,20070828,1.89,1.9,1.875,1.9,37785
HAZ,20070828,0.27,0.27,0.27,0.27,7916
HCY,20070828,0.029,0.029,0.028,0.028,3172854
HDF,20070828,3.63,3.65,3.54,3.6,199866
HDG,20070828,0.33,0.33,0.33,0.33,7500
HEA,20070828,0.35,0.35,0.35,0.35,7000
HEG,20070828,0.13,0.13,0.13,0.13,350000
HER,20070828,1.13,1.18,1.13,1.13,111887
HFA,20070828,2.16,2.17,2.11,2.13,297129
HFC,20070828,0.23,0.235,0.23,0.235,65000
HGI,20070828,3.5,3.67,3.5,3.61,3685832
HGN,20070828,0.45,0.47,0.45,0.47,25407
HGO,20070828,0.335,0.335,0.33,0.335,531720
HGR,20070828,0.032,0.035,0.03,0.032,83397164
HHL,20070828,15,15.34,15,15.34,4732
HHM,20070828,0.23,0.23,0.23,0.23,50000
HHV,20070828,1.125,1.13,1.12,1.12,151372
HHY,20070828,1.88,1.95,1.88,1.95,383637
HIC,20070828,0.94,0.96,0.94,0.96,27000
HIG,20070828,0.145,0.145,0.14,0.14,136086
HII,20070828,0.47,0.47,0.45,0.46,26925
HIL,20070828,6.45,6.49,6.38,6.45,117735
HIP,20070828,2.1,2.1,2.1,2.1,1000
HJB,20070828,0.25,0.25,0.25,0.25,7000
HLD,20070828,0.175,0.175,0.175,0.175,150000
HLG,20070828,3.04,3.04,2.98,2.98,28786
HLX,20070828,0.185,0.195,0.185,0.195,157500
HMC,20070828,0.095,0.105,0.095,0.105,985474
HME,20070828,14.1,14.1,13.6,14,15116
HNR,20070828,0.3,0.3,0.295,0.295,24600
HOM,20070828,0.88,0.88,0.88,0.88,34072
HPX,20070828,2.51,2.51,2.5,2.5,111859
HRR,20070828,0.9,0.9,0.89,0.9,624940
HSK,20070828,1.55,1.55,1.5,1.5,37500
HSP,20070828,5.46,5.48,5.42,5.46,562251
HST,20070828,4.14,4.25,4.1,4.25,126373
HTA,20070828,0.155,0.155,0.15,0.15,140300
HTE,20070828,0.024,0.024,0.022,0.022,350663
HTI,20070828,0.21,0.21,0.19,0.19,71162
HTM,20070828,0.053,0.055,0.053,0.055,120000
HTW,20070828,0.6,0.6,0.6,0.6,27349
HVN,20070828,4.99,4.99,4.85,4.92,1903756
HWG,20070828,0.245,0.245,0.245,0.245,41050
HWI,20070828,2.05,2.23,2.02,2.21,293020
HXL,20070828,1.34,1.34,1.28,1.28,55250
HYO,20070828,0.21,0.225,0.21,0.22,1256820
HZL,20070828,0.38,0.43,0.38,0.43,26200
HZN,20070828,0.31,0.32,0.31,0.315,158690
IAG,20070828,5.1,5.11,5.01,5.07,9567651
IAS,20070828,0.295,0.295,0.265,0.27,134079
IAU,20070828,0.285,0.295,0.285,0.285,27334
IAW,20070828,0.385,0.385,0.35,0.385,19000
IBA,20070828,0.995,1,0.975,0.98,1240247
IBC,20070828,0.655,0.655,0.645,0.655,38639
IBG,20070828,0.73,0.74,0.73,0.74,28000
IBR,20070828,1.2,1.2,1.2,1.2,211800
IBT,20070828,2.05,2.15,2.05,2.14,2240210
ICC,20070828,0.17,0.195,0.17,0.19,75153
ICH,20070828,0.2,0.2,0.2,0.2,70000
ICN,20070828,0.053,0.054,0.053,0.054,39000
ICP,20070828,0.13,0.135,0.12,0.135,4524858
IDL,20070828,0.39,0.395,0.39,0.395,1405015
IDM,20070828,0.4,0.4,0.4,0.4,73401
IDO,20070828,1.06,1.08,1.06,1.08,15452
IDT,20070828,2.19,2.19,2.15,2.15,12729
IEF,20070828,1.3,1.3,1.3,1.3,4000
IFE,20070828,1.27,1.27,1.21,1.25,32117
IFL,20070828,9.72,9.83,9.62,9.75,57927
IFM,20070828,0.62,0.625,0.61,0.625,167266
IGC,20070828,0.33,0.36,0.32,0.35,313000
IGO,20070828,5.58,5.71,5.44,5.69,615000
IGR,20070828,0.16,0.16,0.15,0.15,693789
IHF,20070828,1.08,1.08,1.075,1.075,22538
IIF,20070828,2.6,2.67,2.57,2.67,8765490
IIG,20070828,0.014,0.014,0.014,0.014,3728000
IIN,20070828,1.7,1.71,1.655,1.68,43350
ILF,20070828,1.32,1.325,1.31,1.32,1091566
ILU,20070828,5.89,5.9,5.8,5.8,467409
IMA,20070828,2,2.06,1.99,2.01,54500
IMD,20070828,1.3,1.32,1.3,1.32,176042
IMI,20070828,0.059,0.062,0.057,0.061,59076358
IMP,20070828,0.016,0.016,0.016,0.016,1380000
IMU,20070828,0.23,0.24,0.23,0.24,24000
INL,20070828,0.125,0.125,0.12,0.125,2117862
INP,20070828,0.325,0.325,0.305,0.32,618395
INT,20070828,0.033,0.033,0.03,0.032,3028620
IOF,20070828,1.69,1.705,1.67,1.705,9961541
IOH,20070828,0.69,0.69,0.65,0.68,27266
IPA,20070828,0.71,0.71,0.69,0.69,20236
IPE,20070828,1.03,1.03,1.03,1.03,1390
IPG,20070828,2.99,3,2.99,2.99,140692347
IPL,20070828,69,69.28,68.42,69.05,346680
IPM,20070828,1.25,1.25,1.22,1.225,296092
IPN,20070828,0.3,0.3,0.295,0.295,400191
IPR,20070828,0.155,0.165,0.155,0.165,402100
IPT,20070828,0.235,0.235,0.235,0.235,49134
IPX,20070828,0.85,0.87,0.85,0.87,102560
IRC,20070828,0.25,0.25,0.25,0.25,14000
IRE,20070828,8.33,8.44,8.1,8.15,319447
IRI,20070828,0.4,0.4,0.4,0.4,18795
IRL,20070828,0.225,0.24,0.225,0.225,122768
IRM,20070828,0.135,0.135,0.125,0.125,105015
IRN,20070828,0.88,0.88,0.84,0.845,224397
ISS,20070828,0.55,0.55,0.54,0.54,18112
ITD,20070828,0.28,0.28,0.275,0.275,43800
ITE,20070828,0.11,0.11,0.11,0.11,10000
IUL,20070828,0.175,0.175,0.175,0.175,105500
IVC,20070828,5.95,6.06,5.91,6.04,300094
IVK,20070828,4.55,4.55,4.5,4.5,10000
IWL,20070828,6.37,6.38,6.37,6.37,1254722
JAK,20070828,0.12,0.12,0.12,0.12,110000
JBH,20070828,12.12,12.12,11.83,11.96,576184
JBM,20070828,14,14.8,13.97,14.8,1553025
JET,20070828,2.3,2.3,2.3,2.3,9950
JGL,20070828,0.155,0.16,0.15,0.16,51987
JHX,20070828,8.09,8.09,7.91,7.97,2360229
JMB,20070828,1.14,1.15,1.14,1.15,52855
JML,20070828,1.27,1.27,1.21,1.24,647183
JMS,20070828,0.22,0.22,0.205,0.205,342882
JPR,20070828,0.13,0.13,0.12,0.125,334519
JRL,20070828,1.56,1.56,1.5,1.5,19000
JRV,20070828,0.02,0.021,0.02,0.02,5968842
JST,20070828,4.67,4.68,4.62,4.67,523707
JUM,20070828,0.028,0.028,0.028,0.028,570000
JUT,20070828,0.2,0.215,0.2,0.215,624000
JVG,20070828,0.16,0.16,0.15,0.15,25000
KAL,20070828,0.069,0.072,0.066,0.066,412000
KAR,20070828,2.11,2.12,2.05,2.05,126244
KCN,20070828,4.75,4.8,4.5,4.5,338358
KEY,20070828,0.17,0.175,0.17,0.17,94300
KGL,20070828,0.125,0.125,0.12,0.12,181550
KIL,20070828,1.13,1.16,1.125,1.13,928613
KIM,20070828,0.66,0.665,0.655,0.66,2527281
KIS,20070828,0.86,0.86,0.85,0.85,2345
KKT,20070828,0.14,0.14,0.14,0.14,2205
KLM,20070828,0.75,0.75,0.74,0.74,40815
KME,20070828,1.16,1.16,1.15,1.15,2297
KML,20070828,0.13,0.13,0.13,0.13,50000
KMN,20070828,0.77,0.81,0.75,0.805,208255
KOR,20070828,0.49,0.49,0.415,0.445,159659
KOV,20070828,5.9,6.1,5.9,5.99,981
KRS,20070828,0.295,0.3,0.295,0.3,202795
KSC,20070828,3.32,3.32,3.31,3.31,10463
KSO,20070828,0.215,0.215,0.2,0.2,145250
KSX,20070828,0.205,0.21,0.2,0.205,1251000
KYC,20070828,0.275,0.275,0.275,0.275,1000
KZL,20070828,5.21,5.21,5.13,5.15,1083183
LAF,20070828,0.04,0.04,0.039,0.039,684234
LAS,20070828,0.04,0.04,0.04,0.04,8200
LAU,20070828,0.28,0.28,0.28,0.28,16310
LBT,20070828,0.25,0.25,0.25,0.25,2000
LBY,20070828,0.13,0.13,0.13,0.13,60000
LCL,20070828,0.805,0.805,0.78,0.78,29330
LDW,20070828,7.75,7.75,7.75,7.75,5000
LEF,20070828,0.19,0.19,0.19,0.19,11500
LEG,20070828,0.078,0.078,0.075,0.075,1059447
LEI,20070828,44,44.33,43.25,44.3,605909
LEP,20070828,3.99,4,3.96,3.96,75005
LFE,20070828,0.38,0.38,0.37,0.38,110000
LGD,20070828,0.44,0.44,0.43,0.44,32000
LGL,20070828,3.05,3.06,3.02,3.04,4134703
LGO,20070828,0.023,0.023,0.022,0.022,350000
LIC,20070828,0.15,0.15,0.15,0.15,25000
LIN,20070828,0.29,0.3,0.29,0.3,37070
LIO,20070828,0.125,0.125,0.125,0.125,31100
LIP,20070828,0.92,0.92,0.92,0.92,15430
LKO,20070828,0.012,0.012,0.011,0.012,2408241
LLC,20070828,18.95,19.28,18.9,19,1476991
LMG,20070828,0.018,0.018,0.017,0.017,310000
LML,20070828,0.175,0.195,0.175,0.195,105602
LMP,20070828,0.09,0.095,0.089,0.095,242500
LNC,20070828,0.77,0.77,0.72,0.735,312710
LNG,20070828,0.62,0.65,0.62,0.65,15000
LNN,20070828,9.08,9.08,8.91,9.05,636527
LOD,20070828,0.037,0.04,0.037,0.04,200000
LPL,20070828,0.15,0.15,0.15,0.15,8921
LPM,20070828,0.15,0.15,0.15,0.15,33500
LRF,20070828,1.33,1.35,1.33,1.33,94075
LRG,20070828,0.034,0.034,0.034,0.034,3334
LRL,20070828,0.44,0.5,0.44,0.45,173000
LSL,20070828,0.026,0.026,0.026,0.026,419615
LST,20070828,1.485,1.49,1.475,1.48,141607
LTR,20070828,0.26,0.26,0.25,0.25,61000
LUM,20070828,0.013,0.013,0.013,0.013,100000
LWB,20070828,1.685,1.685,1.685,1.685,20000
LYC,20070828,0.995,1.03,0.99,1.015,489855
LYL,20070828,4,4,3.95,3.95,13500
MAB,20070828,0.4,0.4,0.4,0.4,2000
MAE,20070828,1.19,1.19,1.1,1.1,423217
MAH,20070828,1.47,1.56,1.47,1.5,1736039
MAL,20070828,0.51,0.53,0.49,0.515,164000
MAN,20070828,0.025,0.025,0.025,0.025,700000
MAP,20070828,4.29,4.3,4.24,4.29,2943476
MAR,20070828,0.28,0.28,0.265,0.265,42564
MAU,20070828,0.2,0.2,0.2,0.2,174086
MAV,20070828,0.33,0.33,0.33,0.33,20000
MBA,20070828,0.09,0.092,0.089,0.089,166900
MBI,20070828,0.008,0.011,0.007,0.008,282833629
MBL,20070828,74.9,75.25,74.25,74.33,2146822
MBN,20070828,4.5,4.5,4.44,4.45,101879
MBP,20070828,0.063,0.063,0.057,0.057,1508811
MBR,20070828,1.685,1.7,1.65,1.7,75745
MBT,20070828,1.23,1.24,1.21,1.21,38900
MCC,20070828,6.65,7.11,6.65,7.01,770883
MCG,20070828,5.85,5.89,5.7,5.8,1191251
MCK,20070828,3.65,3.65,3.65,3.65,9757
MCL,20070828,0.034,0.035,0.031,0.032,4113015
MCO,20070828,0.3,0.3,0.295,0.295,179500
MCP,20070828,3.27,3.33,3.27,3.29,120606
MCQ,20070828,3.55,3.78,3.54,3.6,1956437
MCR,20070828,3.3,3.35,3.23,3.26,760526
MCU,20070828,1.235,1.235,1.15,1.2,1773709
MCW,20070828,2.04,2.11,2.04,2.09,8728006
MDG,20070828,0.14,0.14,0.14,0.14,2500
MDL,20070828,1.27,1.275,1.24,1.26,606511
MDS,20070828,0.125,0.125,0.125,0.125,30000
MDT,20070828,1.2,1.235,1.195,1.235,4182376
MDV,20070828,0.024,0.024,0.024,0.024,72000
MEE,20070828,0.125,0.125,0.12,0.12,352000
MEI,20070828,0.15,0.15,0.15,0.15,30000
MEL,20070828,0.8,0.87,0.8,0.865,260859
MEO,20070828,1.14,1.14,1.05,1.11,528821
MEP,20070828,0.7,0.7,0.7,0.7,20000
MFF,20070828,0.84,0.85,0.835,0.84,440450
MFG,20070828,1.49,1.55,1.42,1.42,14668
MFI,20070828,0.565,0.595,0.565,0.58,440135
MFS,20070828,4.68,4.69,4.59,4.61,2359440
MFT,20070828,0.9,0.92,0.9,0.92,299132
MGO,20070828,0.29,0.3,0.285,0.295,98700
MGR,20070828,5.28,5.4,5.23,5.4,7499596
MGU,20070828,0.255,0.26,0.235,0.26,186000
MGW,20070828,1.94,1.94,1.875,1.88,355313
MGX,20070828,1.515,1.53,1.47,1.51,1548116
MGZ,20070828,0.105,0.105,0.105,0.105,7000
MHL,20070828,0.023,0.024,0.022,0.022,2530000
MIG,20070828,3.35,3.36,3.26,3.27,5727526
MIK,20070828,0.4,0.4,0.4,0.4,4000
MIN,20070828,3.65,3.65,3.59,3.59,14450
MIR,20070828,2.46,2.47,2.45,2.45,42850
MIS,20070828,2.65,2.66,2.57,2.6,509881
MIT,20070828,2.09,2.09,2.08,2.08,17500
MIX,20070828,1,1.01,1,1,878720
MKY,20070828,0.041,0.042,0.04,0.042,1305000
MLB,20070828,3.59,3.6,3.56,3.6,63212
MLE,20070828,3.17,3.26,3.06,3.26,367477
MLI,20070828,0.5,0.51,0.5,0.5,545691
MLM,20070828,0.62,0.62,0.61,0.61,108425
MLS,20070828,0.063,0.065,0.063,0.064,1415946
MLT,20070828,24.46,24.46,24.45,24.45,4276
MLX,20070828,0.295,0.3,0.29,0.29,586439
MMA,20070828,1.1,1.115,1.1,1.1,137100
MMB,20070828,0.26,0.26,0.26,0.26,12000
MME,20070828,0.021,0.021,0.019,0.02,202864
MMG,20070828,4.48,4.48,4.4,4.4,151539
MML,20070828,1.245,1.245,1.13,1.2,43624
MMN,20070828,0.22,0.225,0.22,0.225,93699
MMS,20070828,4.67,4.67,4.6,4.6,45400
MMX,20070828,4.62,4.94,4.6,4.84,2788118
MMY,20070828,0.295,0.3,0.295,0.3,55855
MND,20070828,13.3,13.67,13.2,13.67,336178
MNF,20070828,0.125,0.125,0.125,0.125,100000
MOC,20070828,2.55,2.55,2.5,2.51,16187
MOD,20070828,0.025,0.025,0.025,0.025,20000
MOF,20070828,1.54,1.58,1.52,1.58,10611720
MOG,20070828,0.12,0.12,0.115,0.115,288581
MOL,20070828,4.6,4.6,4.32,4.49,23555
MON,20070828,0.27,0.275,0.27,0.275,276985
MOO,20070828,0.2,0.2,0.2,0.2,10000
MOS,20070828,0.135,0.14,0.13,0.135,1662772
MOX,20070828,0.5,0.51,0.47,0.47,64535
MPA,20070828,0.017,0.017,0.017,0.017,30000
MPD,20070828,0.032,0.035,0.032,0.035,193000
MPF,20070828,1.28,1.3,1.265,1.3,198012
MPG,20070828,0.83,0.87,0.83,0.87,28063
MPJ,20070828,0.007,0.008,0.007,0.007,9024033
MPO,20070828,0.22,0.225,0.21,0.22,3312909
MPS,20070828,1.095,1.095,1.09,1.09,196000
MPY,20070828,0.875,0.88,0.875,0.88,26075
MRA,20070828,0.905,0.925,0.895,0.925,218665
MRC,20070828,0.18,0.18,0.175,0.175,63000
MRE,20070828,5.8,6.14,5.73,5.85,2185621
MRM,20070828,1.635,1.635,1.58,1.62,655849
MRO,20070828,1.165,1.25,1.16,1.25,36629
MRU,20070828,1,1.03,1,1,100000
MRX,20070828,0.125,0.13,0.125,0.125,1410568
MRZ,20070828,1.37,1.4,1.365,1.37,171310
MSB,20070828,1.69,1.69,1.68,1.68,33958
MSC,20070828,0.017,0.018,0.017,0.017,1008000
MSF,20070828,2.73,2.73,2.73,2.73,6800
MSH,20070828,0.115,0.12,0.115,0.12,787000
MSL,20070828,2.27,2.27,2.15,2.2,25546
MSN,20070828,0.14,0.145,0.14,0.14,46000
MST,20070828,0.125,0.125,0.12,0.125,165982
MTB,20070828,0.069,0.069,0.067,0.067,78000
MTH,20070828,0.26,0.275,0.26,0.275,14000
MTI,20070828,0.027,0.027,0.026,0.026,63902
MTN,20070828,4.15,4.15,3.98,4.05,135101
MTS,20070828,4.68,4.68,4.63,4.66,714305
MTU,20070828,0.82,0.84,0.82,0.84,26285
MTY,20070828,0.11,0.11,0.11,0.11,50000
MUE,20070828,0.95,0.97,0.95,0.96,119755
MUM,20070828,0.29,0.31,0.29,0.31,235000
MUN,20070828,0.51,0.51,0.5,0.5,61619
MUR,20070828,0.11,0.12,0.11,0.11,762574
MVP,20070828,0.5,0.5,0.5,0.5,30000
MVU,20070828,0.31,0.31,0.31,0.31,20000
MWE,20070828,0.24,0.27,0.24,0.26,636723
MWG,20070828,0.95,0.955,0.95,0.955,47043
MXG,20070828,4.98,5,4.98,5,2936648
MXI,20070828,0.685,0.685,0.67,0.67,99727
MXL,20070828,0.042,0.042,0.04,0.04,1360000
MXR,20070828,0.22,0.22,0.215,0.215,178200
MXX,20070828,1.55,1.55,1.55,1.55,9828
MYO,20070828,1.21,1.21,1.2,1.21,43973
MZM,20070828,0.2,0.245,0.2,0.22,108000
NAB,20070828,39.92,40.06,39.55,40,3293764
NAD,20070828,0.032,0.034,0.03,0.033,562500
NAL,20070828,0.047,0.047,0.047,0.047,200000
NAM,20070828,0.59,0.61,0.59,0.61,173876
NAN,20070828,0.55,0.55,0.535,0.54,6000
NAV,20070828,0.86,0.87,0.83,0.83,162511
NBL,20070828,4.38,4.38,4.38,4.38,15000
NCK,20070828,2.5,2.5,2.5,2.5,5000
NCM,20070828,24.54,25.02,24.39,24.61,976020
NDL,20070828,0.16,0.16,0.16,0.16,18000
NDM,20070828,0.285,0.29,0.275,0.28,669706
NDO,20070828,0.265,0.285,0.26,0.265,1398355
NEC,20070828,0.75,0.76,0.75,0.76,56420
NEL,20070828,3,3.04,2.98,3.04,63465
NEM,20070828,4.95,4.95,4.88,4.88,39239
NEO,20070828,0.092,0.095,0.087,0.095,155046
NEU,20070828,0.29,0.29,0.285,0.285,36868
NFK,20070828,1.86,1.86,1.78,1.8,161086
NFL,20070828,0.4,0.4,0.38,0.38,192677
NGF,20070828,0.27,0.28,0.24,0.24,163850
NGM,20070828,0.31,0.325,0.305,0.305,46350
NGY,20070828,0.095,0.11,0.095,0.11,198497
NHC,20070828,1.99,2.05,1.9,1.93,156000
NHR,20070828,1.74,1.93,1.74,1.9,72322
NKP,20070828,0.975,1.02,0.975,1.02,54409
NLB,20070828,0.44,0.44,0.44,0.44,5020
NLG,20070828,0.29,0.29,0.27,0.27,251137
NLX,20070828,1.51,1.55,1.5,1.505,98764
NMR,20070828,0.5,0.58,0.5,0.58,74918
NMS,20070828,0.935,0.94,0.92,0.92,146814
NOD,20070828,2.86,2.86,2.82,2.82,32352
NPX,20070828,5.9,5.9,5.9,5.9,3000
NQM,20070828,0.335,0.37,0.335,0.37,99796
NRT,20070828,1.88,1.9,1.88,1.9,41093
NRU,20070828,0.21,0.22,0.21,0.22,50000
NSP,20070828,0.37,0.37,0.36,0.36,27887
NSX,20070828,0.42,0.42,0.4,0.4,61076
NTC,20070828,0.055,0.055,0.055,0.055,23000
NTU,20070828,0.56,0.56,0.56,0.56,18900
NUF,20070828,13.6,13.9,13.52,13.82,151316
NUP,20070828,0.3,0.305,0.3,0.305,29000
NWA,20070828,0.019,0.019,0.018,0.019,888700
NWE,20070828,0.265,0.27,0.265,0.27,274550
NWK,20070828,0.22,0.22,0.22,0.22,12750
NWR,20070828,0.25,0.25,0.25,0.25,13333
NWS,20070828,26.85,26.88,26.75,26.8,993345
NWT,20070828,0.006,0.007,0.005,0.007,98805875
NXS,20070828,1.7,1.71,1.65,1.695,738555
NZO,20070828,0.98,0.98,0.98,0.98,33750
OAK,20070828,1.65,1.65,1.58,1.58,18867
OBJ,20070828,0.054,0.054,0.053,0.053,150000
OBL,20070828,0.12,0.12,0.12,0.12,99360
OCL,20070828,0.575,0.575,0.56,0.56,3447
OCO,20070828,0.051,0.051,0.048,0.048,353571
ODG,20070828,0.23,0.23,0.23,0.23,2000
ODY,20070828,0.41,0.43,0.41,0.42,69000
OEC,20070828,0.225,0.235,0.22,0.22,672167
OEL,20070828,0.275,0.28,0.265,0.28,247171
OEQ,20070828,1.295,1.31,1.285,1.285,24025
OEX,20070828,1.165,1.25,1.15,1.21,271883
OFG,20070828,2.1,2.11,2.1,2.1,16326
OGC,20070828,3.1,3.1,3.06,3.06,46084
OIF,20070828,0.9,0.915,0.88,0.915,266106
OIL,20070828,0.41,0.42,0.41,0.42,15500
OKN,20070828,5.6,5.6,5.38,5.5,235874
OLE,20070828,0.02,0.02,0.019,0.019,666607
OLY,20070828,0.068,0.069,0.068,0.069,15893
OMC,20070828,1.285,1.31,1.285,1.31,7801
OMH,20070828,1.15,1.22,1.15,1.18,982931
OMI,20070828,0.58,0.58,0.58,0.58,30000
ONC,20070828,0.295,0.31,0.29,0.31,247075
ONQ,20070828,0.22,0.22,0.22,0.22,5333
ORC,20070828,0.054,0.054,0.054,0.054,20000
ORD,20070828,0.475,0.48,0.465,0.48,68227
ORG,20070828,9.7,9.79,9.61,9.77,2735524
ORH,20070828,0.093,0.095,0.093,0.095,174000
ORI,20070828,27.76,27.88,27,27.37,899181
ORO,20070828,0.02,0.02,0.019,0.019,105000
ORT,20070828,0.019,0.021,0.019,0.021,110000
OSH,20070828,3.53,3.61,3.5,3.6,7659215
OST,20070828,5.9,5.97,5.86,5.91,3094951
OTL,20070828,0.25,0.26,0.25,0.26,42100
OVR,20070828,0.75,0.75,0.72,0.72,28000
OXR,20070828,3.36,3.37,3.29,3.33,11383637
PAA,20070828,0.042,0.042,0.04,0.04,375595
PAB,20070828,0.48,0.48,0.48,0.48,9000
PBA,20070828,1.04,1.04,1.01,1.04,11000
PBB,20070828,1.82,1.85,1.81,1.81,10035
PBD,20070828,1.79,1.8,1.79,1.8,11283
PBG,20070828,2.96,3.08,2.96,3.05,2893187
PBL,20070828,17.64,17.97,17.58,17.96,1840438
PBP,20070828,1.16,1.16,1.14,1.14,15000
PBT,20070828,0.29,0.29,0.28,0.28,23500
PCC,20070828,0.03,0.03,0.029,0.029,413000
PCG,20070828,1.07,1.08,1.07,1.08,284638
PCL,20070828,0.067,0.067,0.064,0.066,496666
PDM,20070828,0.125,0.15,0.125,0.13,830177
PDN,20070828,6.46,6.48,6.25,6.33,2607351
PEL,20070828,0.295,0.3,0.29,0.29,100000
PEM,20070828,4.2,4.21,3.99,4.18,1341286
PEN,20070828,0.057,0.071,0.056,0.067,42430528
PEO,20070828,0.059,0.059,0.058,0.058,7055
PEP,20070828,0.84,0.86,0.82,0.86,98856
PES,20070828,0.515,0.545,0.515,0.54,115762
PET,20070828,0.985,0.985,0.985,0.985,2600
PEV,20070828,0.075,0.075,0.07,0.07,123477
PFG,20070828,0.97,0.97,0.94,0.94,11921
PFL,20070828,1.51,1.525,1.49,1.52,358108
PFM,20070828,0.17,0.17,0.17,0.17,10000
PGA,20070828,6.25,6.25,6.25,6.25,7500
PGL,20070828,3.73,3.99,3.73,3.86,264315
PGM,20070828,0.6,0.65,0.575,0.575,169040
PGS,20070828,0.3,0.305,0.29,0.29,500000
PHK,20070828,0.26,0.27,0.26,0.27,15685
PIE,20070828,0.095,0.1,0.095,0.1,312400
PIM,20070828,0.77,0.79,0.77,0.79,8550
PIO,20070828,0.16,0.16,0.16,0.16,8000
PKT,20070828,0.053,0.058,0.053,0.055,3618000
PLA,20070828,1.74,1.74,1.67,1.68,178907
PLB,20070828,1.4,1.4,1.4,1.4,15126
PLT,20070828,0.45,0.46,0.44,0.45,279750
PLV,20070828,1.04,1.04,0.98,1,48000
PMA,20070828,1.87,1.87,1.815,1.83,7700
PMC,20070828,1.975,1.98,1.95,1.98,105733
PME,20070828,1.22,1.285,1.22,1.285,23110
PMH,20070828,0.32,0.32,0.29,0.29,53000
PMM,20070828,9.12,9.43,8.71,9.38,45781
PMP,20070828,1.525,1.565,1.525,1.525,256380
PMV,20070828,8.7,8.7,8.7,8.7,1000
PNA,20070828,0.68,0.69,0.665,0.665,48352141
PNN,20070828,1.3,1.32,1.3,1.32,97846
PNO,20070828,0.019,0.019,0.018,0.019,580000
POH,20070828,0.27,0.275,0.27,0.27,7380
POL,20070828,0.5,0.505,0.5,0.505,42951
POS,20070828,0.92,1.05,0.92,0.995,381992
PPC,20070828,3.93,3.94,3.86,3.9,35461
PPG,20070828,0.5,0.5,0.5,0.5,323
PPK,20070828,0.94,0.94,0.93,0.94,16759
PPP,20070828,0.25,0.25,0.235,0.24,2245669
PPS,20070828,0.7,0.72,0.7,0.72,28500
PPT,20070828,76.4,76.45,75.09,75.09,91715
PPX,20070828,3.4,3.41,3.38,3.4,1290856
PPY,20070828,0.63,0.64,0.63,0.64,16200
PRE,20070828,0.027,0.027,0.025,0.026,4239851
PRG,20070828,5.47,5.65,5.45,5.65,112960
PRR,20070828,0.037,0.039,0.036,0.037,8421770
PRT,20070828,3.61,3.65,3.61,3.62,48584
PRU,20070828,1,1.09,1,1.05,294000
PRV,20070828,1.19,1.195,1.18,1.195,92508
PRW,20070828,0.33,0.33,0.31,0.33,158520
PRY,20070828,11,11,10.9,10.9,114947
PRZ,20070828,0.16,0.16,0.16,0.16,18000
PSA,20070828,1.31,1.34,1.29,1.315,281184
PSD,20070828,0.11,0.115,0.11,0.11,259529
PSH,20070828,1.58,1.59,1.55,1.555,37794
PSP,20070828,0.1,0.1,0.1,0.1,57000
PST,20070828,0.66,0.66,0.66,0.66,19000
PSV,20070828,0.1,0.1,0.097,0.098,5374084
PTD,20070828,1.27,1.28,1.25,1.265,303454
PTM,20070828,6.5,6.5,6.37,6.38,485556
PTN,20070828,0.93,0.95,0.93,0.95,444874
PTR,20070828,0.765,0.81,0.76,0.81,70750
PTS,20070828,0.175,0.175,0.165,0.165,25000
PWK,20070828,4.06,4.06,4.05,4.05,34868
PXL,20070828,0.295,0.295,0.285,0.29,53000
PXR,20070828,0.12,0.12,0.12,0.12,41000
PXS,20070828,3.49,3.77,3.45,3.69,649907
PYC,20070828,0.3,0.3,0.28,0.3,1025000
PYM,20070828,0.365,0.365,0.345,0.345,130000
QAN,20070828,5.5,5.51,5.44,5.47,6435428
QBE,20070828,32.88,33.5,32.83,33.1,3152835
QGC,20070828,2.47,2.49,2.44,2.47,1368387
QGM,20070828,0.15,0.15,0.15,0.15,7525
QHL,20070828,0.77,0.795,0.77,0.77,35047
QMG,20070828,0.185,0.185,0.18,0.18,237000
QML,20070828,0.26,0.26,0.26,0.26,60000
QMT,20070828,3.2,3.2,3.18,3.18,1451
QOL,20070828,0.29,0.3,0.28,0.28,215000
QRS,20070828,0.25,0.26,0.24,0.26,176816
QRX,20070828,1.7,1.7,1.7,1.7,1000
QTK,20070828,0.075,0.079,0.075,0.079,213333
QTM,20070828,0.092,0.092,0.092,0.092,15000
QUR,20070828,0.029,0.029,0.029,0.029,200000
QXQ,20070828,0.077,0.079,0.077,0.077,417589
RAT,20070828,1.035,1.04,1.03,1.035,2505148
RAU,20070828,0.031,0.031,0.028,0.029,2763658
RBM,20070828,0.105,0.11,0.096,0.096,568083
RBR,20070828,0.12,0.12,0.12,0.12,2320
RBY,20070828,0.02,0.02,0.02,0.02,500000
RCG,20070828,0.25,0.255,0.25,0.255,117300
RCH,20070828,0.008,0.008,0.008,0.008,1000000
RCI,20070828,0.21,0.21,0.2,0.2,125000
RCM,20070828,0.135,0.135,0.135,0.135,101829
RCO,20070828,0.8,0.8,0.8,0.8,160000
RCR,20070828,2.4,2.44,2.34,2.34,88256
RCT,20070828,3.65,3.7,3.65,3.65,8255
RCY,20070828,0.78,0.79,0.78,0.79,448136
RDF,20070828,2.95,3.03,2.95,3.03,8926
RDM,20070828,0.32,0.33,0.32,0.33,21670
RDR,20070828,0.56,0.565,0.55,0.565,41000
RDS,20070828,1.2,1.2,1.185,1.185,14000
REA,20070828,5.68,5.68,5.51,5.64,10303
RED,20070828,0.081,0.082,0.08,0.08,160000
REF,20070828,4.25,4.31,4.2,4.29,51777
REH,20070828,27.49,27.49,27.04,27.48,6675
REO,20070828,0.02,0.022,0.02,0.022,1318202
RER,20070828,0.135,0.135,0.135,0.135,10000
REU,20070828,0.865,0.895,0.865,0.895,1126534
REX,20070828,2.29,2.31,2.27,2.27,64529
REY,20070828,0.097,0.105,0.097,0.105,128646
RFE,20070828,0.47,0.485,0.465,0.48,73800
RFG,20070828,1.58,1.6,1.58,1.6,18750
RHC,20070828,10.63,10.67,10.18,10.2,1428711
RHD,20070828,0.63,0.63,0.63,0.63,18846
RHG,20070828,1.125,1.145,1,1.05,9079615
RHI,20070828,2.45,2.45,2.35,2.35,26200
RHL,20070828,3.86,3.86,3.85,3.86,3600
RIA,20070828,0.48,0.48,0.48,0.48,3300
RIC,20070828,1.1,1.11,1.06,1.11,515548
RIM,20070828,0.048,0.049,0.046,0.049,340000
RIO,20070828,91.6,92.36,90.83,92.33,1264396
RIV,20070828,3.29,3.29,3.19,3.25,102272
RJT,20070828,0.865,0.89,0.865,0.88,1333476
RKN,20070828,1.35,1.36,1.35,1.35,57694
RLA,20070828,0.14,0.14,0.14,0.14,59000
RMA,20070828,0.015,0.015,0.014,0.014,310000
RMC,20070828,0.15,0.15,0.15,0.15,77000
RMD,20070828,5.03,5.05,5.01,5.05,631527
RMG,20070828,0.023,0.023,0.022,0.022,678000
RMI,20070828,0.08,0.08,0.073,0.076,5435244
RML,20070828,0.375,0.375,0.36,0.36,65625
RMS,20070828,1.74,1.74,1.57,1.605,1798375
RMT,20070828,2,2,2,2,2849
RNC,20070828,0.1,0.11,0.1,0.11,182016
RND,20070828,0.6,0.6,0.6,0.6,42306
RNG,20070828,0.061,0.062,0.06,0.061,456698
RNY,20070828,0.95,1.025,0.95,1,460605
ROC,20070828,2.92,2.92,2.83,2.83,1038208
ROK,20070828,5.15,5.2,5.15,5.2,3710
ROL,20070828,0.16,0.16,0.16,0.16,20000
ROY,20070828,0.365,0.37,0.35,0.37,48000
RPX,20070828,1.85,1.9,1.85,1.9,11700
RRA,20070828,0.785,0.79,0.75,0.76,67503
RRL,20070828,0.084,0.085,0.081,0.085,1018957
RRS,20070828,0.66,0.69,0.645,0.66,336008
RRT,20070828,0.93,0.935,0.92,0.925,846763
RSG,20070828,1.39,1.39,1.31,1.31,322547
RSL,20070828,0.019,0.019,0.019,0.019,100000
RSN,20070828,0.058,0.058,0.056,0.056,1416958
RSP,20070828,1.63,1.66,1.615,1.62,988461
RUB,20070828,0.69,0.69,0.68,0.68,117032
RVR,20070828,0.16,0.18,0.16,0.18,84887
RWD,20070828,0.395,0.4,0.395,0.4,57275
RXL,20070828,0.205,0.21,0.205,0.21,134761
SAE,20070828,0.43,0.445,0.43,0.445,84182
SAF,20070828,0.04,0.04,0.04,0.04,250000
SAI,20070828,3.15,3.25,3.1,3.25,156817
SAQ,20070828,5.61,5.61,5.61,5.61,51710
SAR,20070828,0.35,0.35,0.335,0.34,113748
SAU,20070828,0.27,0.285,0.265,0.275,25636
SBC,20070828,17.25,17.29,17.22,17.22,289623
SBI,20070828,0.2,0.2,0.2,0.2,10000
SBL,20070828,0.026,0.027,0.026,0.027,545000
SBM,20070828,0.46,0.465,0.45,0.45,886924
SBR,20070828,0.305,0.305,0.295,0.295,165000
SBS,20070828,0.083,0.084,0.08,0.082,215500
SCE,20070828,0.02,0.022,0.02,0.02,760000
SDG,20070828,4.1,4.17,4.05,4.07,819759
SDL,20070828,0.425,0.43,0.42,0.43,2185579
SDM,20070828,3.22,3.26,3.11,3.21,34611
SEA,20070828,0.43,0.43,0.415,0.415,86570
SEG,20070828,0.11,0.11,0.11,0.11,31600
SEK,20070828,8.45,8.47,8.29,8.4,554259
SEN,20070828,0.096,0.099,0.094,0.098,390969
SEV,20070828,11.8,11.85,11.71,11.8,1735601
SFC,20070828,9.06,9.2,9.06,9.09,2026
SFH,20070828,1.775,1.8,1.765,1.8,984403
SFP,20070828,0.38,0.38,0.37,0.37,10000
SFY,20070828,58.42,58.69,58.4,58.69,2236
SGB,20070828,34.9,34.9,34.07,34.49,1033373
SGH,20070828,1.8,1.85,1.8,1.85,27540
SGL,20070828,0.335,0.34,0.325,0.33,117457
SGM,20070828,28.19,28.54,27.72,27.87,171290
SGN,20070828,2.5,2.6,2.5,2.55,2703434
SGP,20070828,8.42,8.67,8.3,8.67,7121776
SGT,20070828,2.88,2.89,2.81,2.81,3316914
SGV,20070828,0.045,0.045,0.045,0.045,2500
SGX,20070828,5.47,5.76,5.47,5.76,849722
SHE,20070828,0.38,0.38,0.35,0.38,46341
SHG,20070828,0.95,0.95,0.93,0.935,52500
SHL,20070828,15,15.06,14.72,14.81,1179130
SHV,20070828,9.6,9.6,9.22,9.25,23449
SHX,20070828,0.34,0.345,0.32,0.32,15000
SIE,20070828,0.085,0.085,0.085,0.085,17000
SIM,20070828,0.54,0.575,0.54,0.575,87286
SIP,20070828,1.575,1.58,1.56,1.565,7810755
SKC,20070828,3.88,3.97,3.88,3.89,499974
SKE,20070828,5.17,5.5,5.17,5.5,193506
SKI,20070828,1.95,1.99,1.95,1.99,4542813
SKS,20070828,0.6,0.6,0.6,0.6,29000
SLA,20070828,1.16,1.16,1.12,1.155,52705
SLF,20070828,22,22.39,22,22.39,15747
SLM,20070828,4.5,4.58,4.37,4.55,45627
SLT,20070828,0.025,0.026,0.025,0.026,340000
SLV,20070828,2.99,2.99,2.91,2.91,53173
SLX,20070828,8.59,8.6,8.41,8.52,261010
SMC,20070828,0.1,0.1,0.1,0.1,85200
SML,20070828,0.037,0.039,0.035,0.039,804450
SMM,20070828,3.02,3.15,3,3.15,64348
SMN,20070828,0.14,0.14,0.14,0.14,320000
SMX,20070828,6.02,6.34,6.02,6.32,227631
SMY,20070828,3.48,3.65,3.42,3.62,824164
SNU,20070828,0.18,0.19,0.18,0.18,30858
SOE,20070828,0.24,0.24,0.235,0.24,594088
SOL,20070828,9.1,9.49,9.08,9.49,38074
SOM,20070828,0.016,0.016,0.016,0.016,287036
SOO,20070828,0.082,0.082,0.078,0.078,32500
SOT,20070828,0.515,0.52,0.51,0.515,1081194
SPD,20070828,0.51,0.51,0.5,0.5,5000
SPH,20070828,3.09,3.1,3.01,3.1,21457
SPL,20070828,0.38,0.38,0.34,0.34,234000
SPN,20070828,1.38,1.38,1.335,1.335,1638694
SPT,20070828,4.22,4.22,4.04,4.05,991852
SRA,20070828,0.044,0.046,0.044,0.046,695000
SRH,20070828,2.45,2.45,2.4,2.4,32052
SRI,20070828,0.105,0.105,0.1,0.1,975144
SRK,20070828,1.6,1.6,1.52,1.54,61018
SRL,20070828,3.75,3.92,3.75,3.86,765354
SRM,20070828,0.165,0.165,0.165,0.165,40000
SRR,20070828,0.17,0.175,0.17,0.175,5000
SRV,20070828,5,5.1,4.99,5.03,19565
SRX,20070828,3.26,3.28,3.25,3.28,4956
SRZ,20070828,0.195,0.2,0.195,0.2,169955
SSC,20070828,0.034,0.035,0.031,0.035,977364
SSI,20070828,1.75,1.77,1.67,1.72,62080
SSM,20070828,2,2.07,2,2.07,1165344
SSN,20070828,0.19,0.19,0.19,0.19,22255
STG,20070828,1.46,1.495,1.46,1.495,4235
STO,20070828,12.85,12.95,12.62,12.86,2332580
STP,20070828,0.08,0.08,0.079,0.079,207120
STS,20070828,2.63,2.63,2.58,2.6,38470
STU,20070828,0.89,0.895,0.89,0.895,21516
STW,20070828,59.58,59.72,59.27,59.6,30149
STX,20070828,0.235,0.235,0.235,0.235,180638
SUL,20070828,4.42,4.42,4.38,4.4,57183
SUN,20070828,19.71,20.18,19.62,20.15,6606608
SUR,20070828,0.069,0.069,0.069,0.069,45300
SWK,20070828,1.49,1.49,1.36,1.39,178923
SXP,20070828,0.23,0.245,0.225,0.23,242800
SXX,20070828,0.077,0.077,0.077,0.077,3333
SYB,20070828,4,4.09,4,4.05,1015241
SYG,20070828,0.021,0.021,0.02,0.02,2050000
SYM,20070828,0.705,0.735,0.685,0.685,106855
SYP,20070828,0.8,0.8,0.8,0.8,129668
TAH,20070828,15.08,15.26,14.93,15.04,3385930
TAL,20070828,2.23,2.24,2.18,2.2,452107
TAM,20070828,0.13,0.13,0.125,0.125,331474
TAN,20070828,0.445,0.445,0.445,0.445,650
TAP,20070828,1.795,1.835,1.78,1.835,837617
TAS,20070828,0.2,0.2,0.19,0.2,294156
TAW,20070828,0.145,0.145,0.145,0.145,35300
TBG,20070828,1.68,1.68,1.68,1.68,4000
TBR,20070828,1.35,1.35,1.35,1.35,5694
TCL,20070828,6.9,6.95,6.86,6.9,5746732
TCN,20070828,0.125,0.125,0.125,0.125,2000
TCQ,20070828,2.65,2.68,2.65,2.68,71656
TDR,20070828,0.022,0.022,0.02,0.021,502207
TEE,20070828,0.019,0.019,0.018,0.019,541821
TEL,20070828,3.61,3.63,3.55,3.58,2404697
TEN,20070828,2.64,2.64,2.61,2.62,216477
TEX,20070828,0.19,0.19,0.19,0.19,100000
TEY,20070828,0.56,0.57,0.55,0.55,77500
TFC,20070828,1.04,1.045,1.02,1.04,171315
TFS,20070828,0.225,0.225,0.225,0.225,10000
TGF,20070828,0.51,0.51,0.51,0.51,557
TGG,20070828,1.515,1.515,1.5,1.515,90486
TGP,20070828,2.22,2.26,2.22,2.26,28259
TGR,20070828,3.34,3.35,3.26,3.3,122994
TGS,20070828,0.54,0.54,0.53,0.53,53759
THG,20070828,1.065,1.07,1.055,1.07,746634
THK,20070828,0.21,0.21,0.2,0.2,35000
THR,20070828,0.185,0.185,0.175,0.175,262203
THX,20070828,0.355,0.355,0.34,0.345,279285
TIM,20070828,1.9,1.92,1.89,1.905,532082
TIS,20070828,0.5,0.53,0.5,0.53,20205
TKG,20070828,0.008,0.009,0.008,0.009,220000
TKL,20070828,0.16,0.16,0.16,0.16,20000
TLM,20070828,0.26,0.26,0.25,0.25,148000
TLS,20070828,4.33,4.34,4.28,4.31,17292668
TMR,20070828,0.255,0.265,0.255,0.26,1733368
TNC,20070828,0.029,0.029,0.029,0.029,255172
TNE,20070828,1.095,1.115,1.09,1.1,168653
TNG,20070828,0.56,0.6,0.555,0.6,215574
TNL,20070828,0.47,0.49,0.47,0.49,100000
TOE,20070828,0.715,0.72,0.695,0.7,174533
TOL,20070828,13.39,13.65,13.38,13.62,2471735
TOX,20070828,2.08,2.13,2.04,2.1,137188
TPC,20070828,0.2,0.2,0.195,0.2,20000
TPI,20070828,11.45,11.78,11.22,11.46,480326
TPX,20070828,7.18,7.18,7.18,7.18,7700
TQH,20070828,0.29,0.29,0.29,0.29,6850
TRF,20070828,0.64,0.64,0.62,0.62,56000
TRG,20070828,14.55,14.69,14.55,14.69,13216
TRJ,20070828,0.31,0.31,0.31,0.31,20000
TRO,20070828,1.1,1.1,1.1,1.1,5000
TRS,20070828,14,14.04,13.7,13.99,25591
TRY,20070828,2.68,2.74,2.68,2.74,34648
TSE,20070828,11.63,12.3,11.56,12.16,694011
TSH,20070828,0.3,0.3,0.3,0.3,20000
TSI,20070828,2.21,2.21,2.14,2.15,298972
TSM,20070828,1.74,1.75,1.74,1.75,30000
TSO,20070828,2.29,2.35,2.29,2.35,2462100
TTI,20070828,0.255,0.265,0.25,0.25,442204
TTS,20070828,4.75,4.87,4.74,4.86,3888240
TTV,20070828,0.13,0.13,0.13,0.13,15000
TTY,20070828,0.89,0.98,0.89,0.975,1291805
TUC,20070828,0.22,0.22,0.22,0.22,90500
TVL,20070828,0.3,0.3,0.3,0.3,79307
TWD,20070828,2.7,2.7,2.7,2.7,12340
TWO,20070828,2.89,2.9,2.85,2.9,32910
TWR,20070828,1.92,1.94,1.9,1.94,117623
TWT,20070828,0.59,0.6,0.59,0.6,69751
TXN,20070828,0.52,0.52,0.51,0.52,70000
TZL,20070828,2.2,2.24,2.2,2.2,9420
TZN,20070828,2.62,2.62,2.56,2.61,85920
UBI,20070828,1.25,1.25,1.17,1.25,24348
UCL,20070828,0.02,0.02,0.02,0.02,273489
UCM,20070828,0.335,0.335,0.335,0.335,1500
UCW,20070828,0.85,0.86,0.85,0.85,7500
UEQ,20070828,0.33,0.33,0.3,0.32,56085
UGL,20070828,16.98,16.98,16.57,16.57,612050
UKL,20070828,0.66,0.78,0.66,0.75,448470
UMC,20070828,0.545,0.595,0.53,0.575,399887
UMS,20070828,1.09,1.3,1.09,1.3,415759
UNI,20070828,0.24,0.24,0.235,0.235,143900
UNW,20070828,0.26,0.3,0.26,0.3,654034
UNX,20070828,1.125,1.185,1.125,1.185,192713
URA,20070828,0.245,0.245,0.225,0.225,102139
URL,20070828,0.079,0.079,0.077,0.077,545000
URM,20070828,0.17,0.17,0.17,0.17,51000
URO,20070828,0.13,0.14,0.13,0.135,147684
USA,20070828,0.225,0.245,0.225,0.225,76500
UTO,20070828,0.345,0.345,0.33,0.34,284781
UUL,20070828,0.28,0.28,0.28,0.28,25000
UXA,20070828,0.265,0.28,0.265,0.28,71993
UXC,20070828,2.47,2.47,2.4,2.42,97450
VBA,20070828,2.07,2.08,2.04,2.07,273090
VBP,20070828,10.38,10.38,10.38,10.38,1000
VCN,20070828,0.39,0.39,0.375,0.38,165764
VCR,20070828,0.62,0.645,0.62,0.625,616609
VGH,20070828,3.36,3.36,3.33,3.36,443030
VIL,20070828,0.07,0.075,0.07,0.075,146488
VIR,20070828,1.01,1.01,1.005,1.01,194798
VKI,20070828,1.02,1.02,1.02,1.02,9992
VLA,20070828,0.07,0.07,0.07,0.07,41429
VLL,20070828,0.031,0.031,0.031,0.031,39000
VMG,20070828,2.79,2.85,2.79,2.85,62728
VML,20070828,0.76,0.76,0.755,0.76,35000
VMS,20070828,0.23,0.23,0.23,0.23,208000
VMT,20070828,0.125,0.125,0.12,0.125,259460
VNS,20070828,0.49,0.49,0.47,0.47,11934
VPE,20070828,0.14,0.15,0.14,0.15,1556867
VPG,20070828,1.855,1.97,1.845,1.97,11038992
VRE,20070828,0.29,0.32,0.285,0.32,668201
VRL,20070828,2.8,2.82,2.78,2.81,25800
VSC,20070828,0.175,0.18,0.175,0.18,54175
VSG,20070828,0.017,0.017,0.017,0.017,700000
VTP,20070828,1.245,1.25,1.235,1.235,10400
WAB,20070828,0.99,0.99,0.99,0.99,8500
WAG,20070828,0.014,0.014,0.014,0.014,40000
WAL,20070828,0.16,0.16,0.16,0.16,91266
WAM,20070828,1.89,1.93,1.88,1.93,137545
WAN,20070828,15.05,15.49,15.05,15.42,304060
WAS,20070828,0.037,0.037,0.037,0.037,150000
WAT,20070828,1.205,1.22,1.2,1.22,38542
WBA,20070828,1.345,1.345,1.34,1.34,5455
WBB,20070828,12.25,12.25,12,12,7078
WBC,20070828,26.85,26.92,26.52,26.75,4134109
WCB,20070828,4.3,4.5,4.3,4.5,15248
WCP,20070828,0.098,0.098,0.095,0.095,225000
WDC,20070828,20.25,20.99,20.14,20.99,9192733
WDS,20070828,2.4,2.42,2.36,2.37,47559
WEB,20070828,1.25,1.29,1.245,1.28,107962
WEC,20070828,2.84,2.84,2.79,2.8,93909
WES,20070828,39.28,39.28,38.31,38.4,1168797
WEZ,20070828,0.071,0.071,0.07,0.07,153493
WFL,20070828,1.6,1.63,1.6,1.6,18404
WGP,20070828,0.13,0.135,0.13,0.135,37000
WGR,20070828,0.3,0.3,0.3,0.3,10000
WHC,20070828,1.5,1.5,1.5,1.5,34812
WHE,20070828,2.14,2.21,2.06,2.21,93565
WHG,20070828,2.04,2.04,2,2,421192
WHS,20070828,4.8,4.8,4.8,4.8,1000
WIG,20070828,4.06,4.06,3.8,3.8,13350
WIL,20070828,1.12,1.12,1.11,1.11,69957
WKL,20070828,0.24,0.24,0.24,0.24,44000
WKR,20070828,0.25,0.25,0.25,0.25,25000
WLL,20070828,2.33,2.33,2.32,2.33,7688
WLS,20070828,1.18,1.18,1.16,1.16,53135
WME,20070828,0.17,0.175,0.165,0.17,543000
WMT,20070828,0.16,0.165,0.155,0.16,2464057
WOR,20070828,36.92,37.45,36.4,37.3,631604
WOW,20070828,28.22,28.75,28.17,28.5,4263856
WPG,20070828,1.245,1.245,1.19,1.19,139100
WPL,20070828,42.8,43.95,42.45,43.7,2308396
WRK,20070828,0.38,0.38,0.37,0.37,38900
WRL,20070828,0.23,0.24,0.23,0.24,122453
WSA,20070828,4.25,4.44,4.25,4.44,261435
WSS,20070828,0.12,0.12,0.12,0.12,47800
WST,20070828,0.36,0.36,0.36,0.36,5479
WSY,20070828,0.026,0.026,0.026,0.026,150000
WTE,20070828,0.18,0.195,0.18,0.18,1415856
WTF,20070828,4.93,5.05,4.77,4.84,191612
WTN,20070828,0.24,0.24,0.24,0.24,3000
WTP,20070828,5.39,5.4,5.26,5.26,58985
WWA,20070828,2.82,2.88,2.82,2.88,34213
WWM,20070828,0.22,0.225,0.22,0.225,140000
WYL,20070828,3.2,3.25,3.2,3.2,87714
XAF,20070828,6002,6002,6002,6002,0
XAO,20070828,6184.9,6185.9,6138.2,6177.3,0
XAT,20070828,617610,617610,617610,617610,0
XBW,20070828,444.6,444.6,444.6,444.6,0
XDJ,20070828,2731.9,2733.3,2709.2,2722.3,0
XEJ,20070828,13760.4,13911.9,13669.5,13887.4,0
XFJ,20070828,7029.6,7031.8,6965.7,7030.4,0
XFL,20070828,6011.8,6014.9,5963.5,6003.9,0
XGD,20070828,4827,4827,4827,4827,0
XHJ,20070828,8885.4,8885.4,8747,8804.1,0
XIJ,20070828,604,604,596,599.7,0
XJO,20070828,6185.2,6186.2,6136.7,6176.3,0
XKO,20070828,6196.8,6197.7,6148.5,6188.3,0
XMD,20070828,6278,6278,6227.7,6261.9,0
XMJ,20070828,13324.4,13324.4,13187.2,13297.6,0
XMM,20070828,4624,4624,4624,4624,0
XNJ,20070828,6903.1,6903.1,6833.5,6846.9,0
XPJ,20070828,2365.8,2418.5,2342.4,2418.5,0
XRF,20070828,0.12,0.12,0.12,0.12,0
XSJ,20070828,7959.9,8071,7935.6,8006.1,0
XSO,20070828,3744.9,3748.6,3719.5,3743.5,0
XST,20070828,0.15,0.15,0.15,0.15,0
XTJ,20070828,1549.1,1549.1,1515.4,1521.7,0
XTL,20070828,3341.9,3342,3314.6,3335.3,0
XTO,20070828,4997.4,4997.8,4957.5,4989.9,0
XUJ,20070828,7332.9,7384.9,7319.7,7347.8,0
XXJ,20070828,7281.4,7281.4,7205.7,7235.9,0
YGL,20070828,0.23,0.23,0.205,0.23,1115505
YML,20070828,0.545,0.595,0.545,0.595,174560
YRR,20070828,0.285,0.285,0.275,0.275,73760
YTC,20070828,1.21,1.21,1.135,1.2,48000
ZDX,20070828,0.36,0.36,0.36,0.36,5000
ZFX,20070828,17.2,17.48,16.97,17.39,4334372
ZGL,20070828,0.375,0.39,0.375,0.38,444950
ZNC,20070828,0.26,0.26,0.245,0.255,68456
ZYL,20070828,0.041,0.041,0.04,0.04,280000
