AAC,20081230,1.87,1.895,1.815,1.84,113357
AAF,20081230,0.002,0.002,0.002,0.002,366667
AAG,20081230,0.073,0.073,0.073,0.073,44208
AAH,20081230,0.84,0.84,0.825,0.825,35600
AAM,20081230,0.081,0.081,0.081,0.081,200000
AAQ,20081230,0.16,0.16,0.16,0.16,37280
AAR,20081230,0.021,0.022,0.021,0.021,1445350
AAU,20081230,0.305,0.305,0.3,0.3,39000
AAX,20081230,2.1,2.17,2.06,2.08,220408
ABB,20081230,7.55,7.63,7.42,7.43,143172
ABC,20081230,1.95,1.985,1.92,1.975,1045463
ABJ,20081230,0.018,0.018,0.018,0.018,30000
ABP,20081230,0.175,0.19,0.175,0.18,1558832
ABQ,20081230,0.25,0.28,0.25,0.275,288316
ABU,20081230,0.015,0.016,0.015,0.016,237587
ABW,20081230,5.85,5.85,5.85,5.85,1220
ABY,20081230,0.125,0.13,0.12,0.125,431988
ACB,20081230,0.09,0.09,0.09,0.09,50000
ACE,20081230,0.06,0.063,0.06,0.063,9230
ACL,20081230,0.155,0.165,0.15,0.15,403090
ACR,20081230,0.47,0.475,0.465,0.465,60996
ADD,20081230,0.02,0.02,0.02,0.02,324232
ADE,20081230,0.055,0.055,0.055,0.055,422000
ADI,20081230,0.083,0.083,0.082,0.082,10000
ADN,20081230,0.057,0.06,0.057,0.06,110000
ADU,20081230,0.185,0.185,0.185,0.185,75000
ADX,20081230,0.033,0.04,0.031,0.04,285000
ADY,20081230,0.011,0.011,0.009,0.01,4764081
AED,20081230,0.97,0.995,0.965,0.975,91493
AEE,20081230,0.185,0.185,0.175,0.175,5000
AEO,20081230,1.245,1.245,1.165,1.165,21619
AES,20081230,0.05,0.05,0.05,0.05,20630
AEU,20081230,0.265,0.275,0.25,0.25,59038
AEX,20081230,0.003,0.003,0.003,0.003,449999
AEZ,20081230,0.065,0.065,0.062,0.062,206044
AFA,20081230,0.075,0.085,0.075,0.085,22000
AFI,20081230,3.96,3.96,3.92,3.92,119653
AFR,20081230,0.011,0.011,0.011,0.011,2011000
AGF,20081230,0.82,0.84,0.8,0.8,222427
AGG,20081230,7.6,7.6,7.6,7.6,400
AGI,20081230,0.076,0.076,0.075,0.075,90000
AGJ,20081230,0.28,0.28,0.28,0.28,1800
AGK,20081230,15.54,15.54,15.26,15.3,308824
AGS,20081230,0.39,0.4,0.39,0.39,250017
AHD,20081230,4.53,4.53,4.5,4.5,1542
AHE,20081230,0.5,0.5,0.5,0.5,61627
AII,20081230,0.17,0.17,0.17,0.17,21000
AIO,20081230,1.475,1.51,1.47,1.47,1065837
AIV,20081230,0.038,0.038,0.038,0.038,50000
AIX,20081230,1.77,1.82,1.69,1.775,156431
AJL,20081230,4.5,4.63,4.5,4.55,55127
ALB,20081230,0.11,0.13,0.11,0.125,501379
ALD,20081230,0.42,0.42,0.39,0.41,277639
ALF,20081230,0.62,0.62,0.62,0.62,30000
ALK,20081230,0.135,0.135,0.125,0.135,205000
ALL,20081230,3.93,3.95,3.78,3.93,376718
ALR,20081230,1.055,1.055,1.055,1.055,7970
ALS,20081230,2.63,2.68,2.53,2.6,67742
ALT,20081230,0.052,0.07,0.052,0.07,291126
ALZ,20081230,0.255,0.255,0.245,0.245,799851
AMA,20081230,0.03,0.03,0.03,0.03,33680
AMC,20081230,5.85,5.9,5.68,5.8,1877748
AMH,20081230,0.495,0.495,0.495,0.495,2431
AMM,20081230,0.105,0.105,0.105,0.105,218000
AMP,20081230,5.34,5.41,5.33,5.37,2162341
AMT,20081230,0.35,0.35,0.35,0.35,3334
AMU,20081230,0.295,0.295,0.28,0.285,76081
AND,20081230,0.95,1.1,0.95,1.08,304597
ANG,20081230,1.035,1.035,0.995,1.01,25580
ANH,20081230,0.05,0.055,0.05,0.055,194271
ANM,20081230,0.018,0.018,0.018,0.018,50
ANN,20081230,11.81,12.42,11.8,12.35,318293
ANP,20081230,0.038,0.038,0.032,0.038,60000
ANZ,20081230,15.29,15.3,15.13,15.25,2750842
AOC,20081230,0.055,0.055,0.055,0.055,73500
AOD,20081230,1.165,1.17,1.165,1.17,9000
AOE,20081230,2.46,2.68,2.43,2.62,4562320
AOS,20081230,0.006,0.006,0.006,0.006,1503279
APA,20081230,3.05,3.05,2.94,2.96,179425
APD,20081230,0.185,0.24,0.18,0.24,121045
APE,20081230,5.9,5.9,5.9,5.9,4570
APG,20081230,0.043,0.047,0.043,0.047,502500
API,20081230,0.4,0.41,0.4,0.41,549800
APK,20081230,0.17,0.17,0.17,0.17,13000
APN,20081230,2.42,2.45,2.35,2.38,446723
APP,20081230,0.021,0.027,0.021,0.027,45000
APZ,20081230,0.425,0.43,0.42,0.42,651970
AQA,20081230,2.9,3.35,2.9,3.24,96958
AQP,20081230,3.7,3.78,3.5,3.66,218082
ARE,20081230,0.05,0.05,0.05,0.05,100000
ARG,20081230,5.35,5.35,5.33,5.34,14501
ARH,20081230,0.335,0.335,0.32,0.335,25999
ARU,20081230,0.27,0.3,0.27,0.3,469369
ARW,20081230,0.01,0.012,0.01,0.01,234942
ARX,20081230,0.023,0.023,0.023,0.023,18667
ASB,20081230,1.9,1.95,1.9,1.95,61437
ASC,20081230,0.008,0.01,0.008,0.008,637500
ASL,20081230,0.85,0.88,0.85,0.875,28217
ASX,20081230,31.62,32.85,31.62,32.72,182440
ASZ,20081230,0.45,0.45,0.45,0.45,2000
ATR,20081230,1.565,1.565,1.565,1.565,250
ATV,20081230,0.058,0.058,0.058,0.058,325000
AUB,20081230,3.7,3.7,3.7,3.7,3673
AUJ,20081230,0.1,0.1,0.1,0.1,135000
AUN,20081230,0.69,0.735,0.69,0.72,454135
AUQ,20081230,0.032,0.032,0.032,0.032,33000
AUW,20081230,0.97,1.085,0.965,1.07,693669
AVA,20081230,0.091,0.1,0.09,0.1,286000
AVB,20081230,0.05,0.05,0.05,0.05,6000
AVD,20081230,0.03,0.03,0.03,0.03,15000
AVE,20081230,0.98,0.98,0.98,0.98,1100
AVG,20081230,0.425,0.425,0.425,0.425,30690
AVH,20081230,0.035,0.036,0.035,0.036,14484
AVJ,20081230,0.335,0.37,0.335,0.37,28000
AVM,20081230,1,1,1,1,207
AVO,20081230,1.65,1.67,1.585,1.635,656543
AVS,20081230,0.02,0.02,0.015,0.015,550000
AVX,20081230,0.076,0.079,0.062,0.075,666450
AWB,20081230,2.46,2.53,2.44,2.5,515836
AWC,20081230,1.295,1.315,1.275,1.28,2863729
AWE,20081230,2.4,2.57,2.39,2.55,1128400
AXA,20081230,4.53,4.82,4.53,4.82,1093724
AXM,20081230,0.41,0.425,0.405,0.41,577052
AXO,20081230,0.11,0.11,0.1,0.1,65000
AXQ,20081230,0.01,0.01,0.01,0.01,157212
AYF,20081230,5.5,5.5,5.15,5.15,4000
AYT,20081230,1.21,1.21,1.21,1.21,24793
AZC,20081230,0.037,0.038,0.037,0.038,100000
AZS,20081230,0.081,0.09,0.08,0.09,128200
BAU,20081230,0.185,0.19,0.185,0.19,80811
BBC,20081230,0.165,0.19,0.16,0.185,790932
BBG,20081230,7.35,7.77,7.35,7.66,202283
BBI,20081230,0.084,0.098,0.083,0.098,14282808
BBL,20081230,0.25,0.25,0.23,0.23,3000
BBP,20081230,0.079,0.096,0.079,0.094,12498385
BBW,20081230,0.885,0.92,0.86,0.92,1325194
BCC,20081230,0.052,0.052,0.052,0.052,34000
BCD,20081230,0.135,0.15,0.13,0.135,385490
BCM,20081230,1.06,1.095,1.015,1.06,234006
BDG,20081230,0.145,0.15,0.14,0.145,1922970
BDL,20081230,0.043,0.044,0.042,0.044,161290
BDR,20081230,0.071,0.071,0.07,0.07,830000
BEC,20081230,0.093,0.099,0.093,0.095,224302
BEN,20081230,11.3,11.32,11.1,11.1,335160
BGD,20081230,0.085,0.085,0.085,0.085,5000
BHP,20081230,29.16,30.07,28.85,29.65,6127705
BJT,20081230,0.3,0.315,0.3,0.305,529246
BKI,20081230,0.96,0.965,0.95,0.95,88302
BKM,20081230,0.005,0.005,0.005,0.005,758000
BKN,20081230,2.75,2.76,2.73,2.75,309765
BKW,20081230,9.99,9.99,9.99,9.99,10830
BKY,20081230,0.27,0.275,0.27,0.275,143412
BLD,20081230,4.49,4.7,4.49,4.66,2736848
BLG,20081230,0.18,0.19,0.16,0.16,248350
BLK,20081230,0.067,0.067,0.067,0.067,9500
BLR,20081230,0.026,0.03,0.023,0.028,2947178
BLT,20081230,0.036,0.036,0.033,0.033,287728
BLY,20081230,0.195,0.2,0.185,0.195,6707621
BLZ,20081230,0.006,0.006,0.005,0.005,923400
BML,20081230,0.022,0.022,0.021,0.021,35000
BMN,20081230,0.945,0.965,0.91,0.945,1247273
BNB,20081230,0.155,0.155,0.14,0.15,5273535
BOC,20081230,0.57,0.64,0.57,0.64,13335
BOL,20081230,0.625,0.69,0.625,0.64,42456
BON,20081230,0.075,0.075,0.074,0.074,40500
BOQ,20081230,9.62,9.65,9.43,9.45,177354
BOW,20081230,0.315,0.37,0.31,0.36,1304400
BPO,20081230,0.015,0.015,0.015,0.015,25000
BPT,20081230,0.925,0.945,0.905,0.945,2131825
BRG,20081230,0.66,0.66,0.66,0.66,1613
BRM,20081230,0.56,0.66,0.545,0.66,833480
BRU,20081230,0.16,0.17,0.155,0.155,143705
BRW,20081230,0.033,0.033,0.033,0.033,10000
BSL,20081230,3.39,3.45,3.35,3.45,2475681
BSM,20081230,0.1,0.1,0.1,0.1,170000
BTA,20081230,0.325,0.33,0.32,0.32,89752
BTC,20081230,0.125,0.125,0.125,0.125,4000
BTR,20081230,0.068,0.08,0.068,0.08,87255
BTT,20081230,1.87,1.9,1.87,1.87,9935
BUL,20081230,0.25,0.27,0.23,0.245,3151989
BUY,20081230,0.02,0.02,0.02,0.02,184214
BVA,20081230,0.175,0.18,0.175,0.18,3027
BWP,20081230,1.65,1.745,1.65,1.715,203822
BXB,20081230,7.1,7.5,7.1,7.43,2361053
BYR,20081230,0.006,0.006,0.006,0.006,38000
CAB,20081230,6.15,6.28,6.05,6.22,142651
CAH,20081230,0.034,0.039,0.034,0.034,631957
CAL,20081230,0.85,0.86,0.845,0.86,369779
CAM,20081230,0.72,0.72,0.72,0.72,2700
CAV,20081230,0.077,0.077,0.077,0.077,10000
CAZ,20081230,0.125,0.125,0.115,0.115,9000
CBA,20081230,28.05,28.45,27.84,28.3,2307505
CBB,20081230,0.26,0.3,0.255,0.255,585961
CBD,20081230,0.06,0.06,0.05,0.05,260000
CBH,20081230,0.035,0.036,0.033,0.033,439000
CCD,20081230,0.22,0.22,0.2,0.2,73000
CCF,20081230,0.155,0.16,0.155,0.16,13000
CCI,20081230,0.075,0.075,0.068,0.068,35000
CCL,20081230,8.9,8.92,8.75,8.82,1181242
CCP,20081230,0.47,0.47,0.47,0.47,3260
CCQ,20081230,0.265,0.265,0.265,0.265,10000
CCV,20081230,0.3,0.3,0.3,0.3,117005
CDD,20081230,3.15,3.15,3.1,3.12,7846
CDF,20081230,0.93,0.93,0.93,0.93,3000
CDI,20081230,0.59,0.59,0.585,0.59,805584
CDP,20081230,3.4,3.5,3.4,3.5,266728
CDT,20081230,0.12,0.12,0.12,0.12,10559
CDU,20081230,1.74,1.795,1.69,1.74,26350
CEC,20081230,0.088,0.088,0.088,0.088,20000
CEG,20081230,0.17,0.175,0.17,0.17,33500
CER,20081230,0.061,0.062,0.058,0.062,4296168
CEU,20081230,0.535,0.54,0.525,0.53,1013345
CEY,20081230,2.83,2.98,2.78,2.97,1020763
CFE,20081230,0.205,0.22,0.205,0.22,323197
CFR,20081230,0.005,0.005,0.005,0.005,200000
CFU,20081230,0.11,0.11,0.105,0.11,488696
CFX,20081230,1.95,1.95,1.835,1.87,9897580
CGF,20081230,1.65,1.86,1.65,1.86,327426
CGG,20081230,0.12,0.14,0.12,0.135,740772
CGT,20081230,0.035,0.035,0.035,0.035,40000
CGX,20081230,1.21,1.22,1.21,1.22,10574
CHB,20081230,17,17,17,17,15
CHC,20081230,0.295,0.33,0.28,0.295,326921
CHM,20081230,0.008,0.008,0.008,0.008,700000
CIF,20081230,1.85,1.9,1.745,1.9,658915
CIG,20081230,0.015,0.016,0.015,0.016,333000
CII,20081230,0.9,0.9,0.9,0.9,8000
CIL,20081230,1.25,1.25,1.25,1.25,16000
CIY,20081230,0.07,0.07,0.066,0.066,8000
CKL,20081230,0.435,0.435,0.435,0.435,15000
CKT,20081230,0.295,0.295,0.295,0.295,500
CLD,20081230,0.016,0.016,0.016,0.016,10000
CLO,20081230,0.275,0.275,0.26,0.275,26579
CLQ,20081230,0.37,0.385,0.37,0.385,3500
CLU,20081230,0.027,0.027,0.027,0.027,82000
CMJ,20081230,1.805,1.89,1.805,1.865,452677
CMR,20081230,0.175,0.18,0.165,0.175,127292
CMV,20081230,0.12,0.125,0.1,0.1,2025061
CMW,20081230,0.605,0.605,0.595,0.6,52475
CNA,20081230,85,85,85,85,82
CND,20081230,0.3,0.3,0.29,0.29,26816
CNF,20081230,0.053,0.053,0.053,0.053,50000
CNM,20081230,0.105,0.11,0.1,0.11,32221
CNP,20081230,0.07,0.073,0.068,0.073,4428367
CNT,20081230,0.9,0.9,0.9,0.9,68363
CNX,20081230,0.245,0.255,0.24,0.255,644955
COE,20081230,0.25,0.25,0.24,0.25,164300
COF,20081230,1.6,1.6,1.6,1.6,33204
COH,20081230,53.26,54.59,53.16,53.8,33837
COI,20081230,0.072,0.076,0.072,0.076,60000
COK,20081230,0.32,0.33,0.32,0.325,31176
COM,20081230,0.08,0.08,0.08,0.08,20000
COS,20081230,0.085,0.085,0.085,0.085,100541
COU,20081230,1,1.04,0.985,1.04,40608
COZ,20081230,0.23,0.235,0.23,0.23,154000
CPA,20081230,1.19,1.2,1.125,1.18,2171506
CPB,20081230,16.44,16.9,16.44,16.9,20324
CPI,20081230,0.22,0.22,0.22,0.22,2000
CPR,20081230,0.125,0.125,0.12,0.12,140000
CPT,20081230,0.01,0.01,0.01,0.01,14535
CPU,20081230,7.42,7.7,7.4,7.59,525563
CQT,20081230,0.19,0.2,0.19,0.2,264235
CRE,20081230,0.093,0.1,0.093,0.096,489811
CRG,20081230,8.87,9.14,8.85,9.02,29874
CRJ,20081230,0.037,0.038,0.037,0.038,65000
CRK,20081230,0.7,0.75,0.7,0.75,3000
CRT,20081230,0.365,0.365,0.36,0.36,21000
CSE,20081230,0.061,0.063,0.061,0.063,35000
CSJ,20081230,1,1,1,1,50000
CSL,20081230,32.8,33.5,32.67,33.22,639318
CSR,20081230,1.76,1.825,1.76,1.79,2580458
CSS,20081230,0.345,0.35,0.33,0.33,81639
CST,20081230,1.75,1.75,1.75,1.75,500
CSU,20081230,0.965,0.965,0.965,0.965,400
CSV,20081230,0.49,0.5,0.46,0.5,75175
CTN,20081230,0.61,0.61,0.61,0.61,25000
CTO,20081230,0.31,0.31,0.3,0.31,1643472
CTP,20081230,0.091,0.091,0.091,0.091,170069
CTX,20081230,7.1,7.21,7.05,7.05,490236
CUE,20081230,0.099,0.1,0.099,0.099,827100
CUL,20081230,0.034,0.035,0.034,0.035,249570
CUR,20081230,0.305,0.305,0.305,0.305,1500
CUS,20081230,1.03,1.03,1.02,1.03,23474
CUV,20081230,0.22,0.22,0.22,0.22,40000
CUX,20081230,0.065,0.065,0.065,0.065,46077
CUY,20081230,0.3,0.3,0.3,0.3,33333
CVC,20081230,0.66,0.66,0.65,0.65,37000
CVI,20081230,0.011,0.011,0.01,0.011,1800000
CVN,20081230,0.275,0.28,0.275,0.28,622898
CWK,20081230,0.105,0.11,0.1,0.11,130968
CWN,20081230,5.75,5.86,5.74,5.8,487324
CWT,20081230,0.3,0.3,0.295,0.3,95500
CXC,20081230,1.55,1.6,1.43,1.5,118998
CXG,20081230,0.255,0.255,0.255,0.255,19000
CXM,20081230,0.215,0.22,0.2,0.22,27500
CXP,20081230,4.03,4.2,3.96,4.11,42157
CXS,20081230,0.48,0.48,0.475,0.48,21393
CXY,20081230,0.052,0.054,0.052,0.053,786743
CYA,20081230,0.69,0.69,0.69,0.69,12000
CYU,20081230,0.07,0.07,0.07,0.07,3000
CZA,20081230,0.78,0.835,0.78,0.785,17700
DDT,20081230,0.075,0.075,0.075,0.075,175000
DEG,20081230,0.027,0.027,0.027,0.027,38567
DGR,20081230,0.042,0.042,0.042,0.042,200000
DIO,20081230,0.35,0.35,0.32,0.32,1240249
DJS,20081230,3,3.19,3,3.16,736275
DJW,20081230,3.41,3.41,3.41,3.41,1000
DKN,20081230,0.55,0.55,0.55,0.55,1000
DLS,20081230,0.026,0.027,0.025,0.025,272000
DMG,20081230,0.09,0.11,0.09,0.09,214738
DMP,20081230,2.7,2.7,2.7,2.7,1000
DOM,20081230,3.65,3.67,3.58,3.65,165783
DON,20081230,0.055,0.055,0.055,0.055,9000
DOW,20081230,3.64,4.19,3.64,3.99,963291
DRA,20081230,0.031,0.031,0.031,0.031,551729
DTL,20081230,4.66,4.75,4.66,4.75,2072
DTM,20081230,0.05,0.05,0.05,0.05,50000
DUE,20081230,1.685,1.71,1.655,1.67,308390
DVM,20081230,0.025,0.025,0.025,0.025,4
DVN,20081230,0.57,0.57,0.57,0.57,2753
DWS,20081230,0.61,0.635,0.61,0.635,54658
DXS,20081230,0.775,0.78,0.715,0.745,22148767
DYE,20081230,0.85,0.9,0.85,0.89,262723
DYL,20081230,0.11,0.11,0.11,0.11,91732
EBB,20081230,0.058,0.058,0.05,0.05,100000
EBI,20081230,0.835,0.835,0.835,0.835,7700
ECU,20081230,0.195,0.195,0.195,0.195,2500
EFT,20081230,0.044,0.048,0.044,0.048,25588
EGO,20081230,0.006,0.006,0.006,0.006,854674
EHL,20081230,0.29,0.29,0.27,0.285,806058
ELI,20081230,0.545,0.545,0.545,0.545,16070
ELK,20081230,0.165,0.165,0.15,0.15,60000
ELX,20081230,0.11,0.11,0.11,0.11,22200
EMA,20081230,0.175,0.175,0.17,0.17,90841
EME,20081230,0.34,0.34,0.34,0.34,7500
EMS,20081230,0.089,0.099,0.089,0.099,156474
EMU,20081230,0.055,0.055,0.055,0.055,11990
ENE,20081230,2.24,2.29,2.22,2.29,57807
ENR,20081230,0.07,0.07,0.07,0.07,13500
ENV,20081230,0.31,0.33,0.3,0.33,3731122
EOS,20081230,0.41,0.41,0.41,0.41,23389
EPG,20081230,0.19,0.2,0.18,0.19,612392
EPR,20081230,0.029,0.03,0.028,0.03,910827
EQN,20081230,1.575,1.63,1.505,1.6,2467591
ERA,20081230,17.75,18.77,17.65,18.56,146777
ERG,20081230,0.007,0.007,0.007,0.007,272013
ERH,20081230,0.096,0.11,0.095,0.11,162170
ERM,20081230,0.071,0.083,0.07,0.083,394000
ERN,20081230,0.032,0.032,0.032,0.032,97840
ESG,20081230,0.7,0.7,0.61,0.635,3923731
ESI,20081230,0.03,0.033,0.028,0.029,1794065
ESN,20081230,0.003,0.003,0.003,0.003,800000
ESS,20081230,0.275,0.275,0.275,0.275,5000
ESV,20081230,0.515,0.515,0.515,0.515,139000
ESW,20081230,0.11,0.11,0.11,0.11,15000
ETC,20081230,0.26,0.26,0.25,0.255,336000
EUG,20081230,0.06,0.061,0.06,0.06,492500
EVE,20081230,0.008,0.01,0.008,0.01,100000
EVZ,20081230,0.15,0.15,0.14,0.14,24921
EWC,20081230,0.185,0.19,0.175,0.18,4353900
EXM,20081230,0.009,0.013,0.009,0.013,11937681
EXR,20081230,0.031,0.032,0.031,0.032,51230
EXS,20081230,0.074,0.074,0.074,0.074,14100
EXT,20081230,1.27,1.29,1.25,1.25,73712
EYE,20081230,0.034,0.034,0.034,0.034,75000
FAN,20081230,1.9,1.9,1.9,1.9,680
FAR,20081230,0.027,0.027,0.027,0.027,75000
FAS,20081230,0.031,0.032,0.031,0.032,115300
FBU,20081230,4.59,4.7,4.54,4.65,137246
FCL,20081230,0.64,0.65,0.63,0.64,3343631
FDY,20081230,0.08,0.08,0.08,0.08,110000
FEA,20081230,0.275,0.275,0.275,0.275,10000
FER,20081230,0.16,0.18,0.16,0.18,10450
FFF,20081230,0.025,0.03,0.025,0.03,200000
FGL,20081230,5.32,5.52,5.31,5.4,3897665
FKP,20081230,0.43,0.485,0.43,0.46,273746
FLT,20081230,7.6,7.61,7.32,7.53,263221
FLX,20081230,7,8.15,6.99,8,504094
FMG,20081230,1.86,1.94,1.825,1.88,6127895
FML,20081230,0.025,0.025,0.023,0.023,1000000
FMS,20081230,0.043,0.046,0.043,0.046,7360210
FPG,20081230,1.3,1.3,1.3,1.3,3000
FPH,20081230,2.7,2.72,2.69,2.72,12872
FRE,20081230,0.026,0.026,0.026,0.026,220000
FRS,20081230,0.16,0.17,0.16,0.16,44335
FSE,20081230,0.015,0.017,0.013,0.017,782906
FSN,20081230,0.37,0.37,0.37,0.37,577
FUN,20081230,0.175,0.18,0.17,0.18,21749
FWD,20081230,3.39,3.42,3.37,3.37,51169
FXI,20081230,0.67,0.67,0.67,0.67,200
FXJ,20081230,1.62,1.66,1.62,1.64,1408397
FXL,20081230,0.24,0.26,0.24,0.26,127624
FXR,20081230,0.093,0.093,0.092,0.092,12675
GAU,20081230,0.031,0.031,0.03,0.03,95000
GBG,20081230,0.6,0.6,0.54,0.585,1324364
GBP,20081230,0.12,0.12,0.115,0.12,201500
GCG,20081230,0.15,0.165,0.14,0.165,96261
GCL,20081230,3.18,3.37,3.15,3.37,401532
GCS,20081230,0.42,0.42,0.41,0.41,20000
GDA,20081230,0.011,0.011,0.011,0.011,428428
GDN,20081230,0.075,0.08,0.075,0.08,208000
GDR,20081230,0.04,0.04,0.04,0.04,78000
GDY,20081230,1.095,1.115,1.09,1.1,117025
GER,20081230,0.115,0.115,0.115,0.115,8833
GFF,20081230,1.285,1.335,1.285,1.295,4128161
GFL,20081230,0.85,0.85,0.85,0.85,20000
GGE,20081230,0.01,0.01,0.01,0.01,300000
GGG,20081230,0.24,0.25,0.24,0.25,167547
GGP,20081230,0.15,0.15,0.145,0.15,83500
GGY,20081230,0.037,0.037,0.037,0.037,5500
GIA,20081230,0.055,0.055,0.055,0.055,1000
GIP,20081230,0.04,0.04,0.036,0.037,1000000
GIR,20081230,0.32,0.32,0.32,0.32,12500
GJT,20081230,0.058,0.066,0.058,0.066,47090
GLH,20081230,0.03,0.03,0.03,0.03,20000
GLI,20081230,0.047,0.05,0.047,0.05,35400
GLM,20081230,0.045,0.045,0.045,0.045,3144
GLN,20081230,0.12,0.12,0.12,0.12,20000
GMG,20081230,0.71,0.735,0.7,0.72,6036091
GMI,20081230,0.71,0.725,0.71,0.72,122735
GMX,20081230,0.88,0.88,0.88,0.88,1225
GNC,20081230,5.75,5.81,5.75,5.8,533
GNM,20081230,0.25,0.285,0.245,0.245,545700
GNS,20081230,1.07,1.195,1.04,1.145,998707
GOA,20081230,0.008,0.008,0.008,0.008,180000
GPB,20081230,0.12,0.12,0.12,0.12,10000
GPG,20081230,0.82,0.82,0.81,0.82,18493
GPM,20081230,0.105,0.115,0.105,0.115,10409
GPP,20081230,0.078,0.078,0.078,0.078,9701
GPT,20081230,0.875,0.92,0.875,0.91,10259474
GRD,20081230,0.275,0.3,0.275,0.285,1505751
GRK,20081230,0.05,0.05,0.05,0.05,12000
GRR,20081230,0.35,0.35,0.33,0.345,64817
GRV,20081230,0.055,0.055,0.05,0.05,29025
GRY,20081230,0.075,0.075,0.07,0.075,55000
GSE,20081230,0.017,0.018,0.017,0.018,300000
GSF,20081230,0.006,0.006,0.006,0.006,727222
GTE,20081230,0.025,0.025,0.025,0.025,50000
GTP,20081230,0.18,0.18,0.17,0.18,165282
GUD,20081230,5.72,5.89,5.69,5.88,26589
GUN,20081230,0.067,0.07,0.067,0.07,100000
GWR,20081230,0.29,0.29,0.29,0.29,10350
GWT,20081230,2.9,2.94,2.89,2.9,104003
GXL,20081230,0.54,0.54,0.54,0.54,1460
GXY,20081230,0.4,0.4,0.4,0.4,92668
HAP,20081230,0.15,0.15,0.15,0.15,72643
HAV,20081230,0.31,0.315,0.31,0.315,17860
HAW,20081230,0.009,0.009,0.009,0.009,55000
HDF,20081230,2.11,2.17,2.05,2.09,205310
HDG,20081230,0.06,0.06,0.06,0.06,50000
HEG,20081230,0.17,0.195,0.17,0.19,960403
HER,20081230,0.135,0.135,0.135,0.135,27778
HFA,20081230,0.057,0.06,0.053,0.056,19920231
HGG,20081230,1.255,1.265,1.24,1.25,359108
HGN,20081230,0.16,0.19,0.16,0.19,118750
HGO,20081230,0.155,0.155,0.14,0.14,3820055
HHL,20081230,3.75,3.75,3.65,3.72,3398
HHM,20081230,0.084,0.084,0.08,0.08,17500
HHV,20081230,0.525,0.54,0.525,0.54,247361
HIG,20081230,0.053,0.075,0.053,0.075,902622
HIL,20081230,3.01,3.09,3,3.03,71003
HLG,20081230,0.27,0.27,0.27,0.27,2000
HLX,20081230,0.1,0.1,0.1,0.1,94
HMC,20081230,0.048,0.048,0.048,0.048,70000
HRR,20081230,0.15,0.15,0.145,0.145,11072
HSP,20081230,4.1,4.22,4.08,4.18,164673
HST,20081230,1.29,1.3,1.29,1.3,61531
HTA,20081230,0.081,0.083,0.08,0.08,355497
HVN,20081230,2.5,2.58,2.48,2.54,854742
HZN,20081230,0.12,0.13,0.12,0.12,88118
IAG,20081230,3.76,3.85,3.72,3.81,3122120
IAS,20081230,0.22,0.255,0.22,0.255,39000
IAU,20081230,0.245,0.245,0.225,0.24,766703
IBA,20081230,0.62,0.62,0.6,0.6,509675
IBC,20081230,0.4,0.4,0.4,0.4,32500
IBG,20081230,0.07,0.07,0.07,0.07,15000
IBK,20081230,35.31,35.31,35.25,35.28,2055
ICN,20081230,0.23,0.245,0.21,0.21,1379415
IDL,20081230,0.175,0.18,0.165,0.17,853906
IDM,20081230,0.08,0.08,0.08,0.08,33625
IDO,20081230,0.26,0.29,0.26,0.29,143353
IEF,20081230,0.275,0.275,0.27,0.27,98029
IEM,20081230,37,37,35.26,36.14,2180
IFL,20081230,3.32,3.55,3.25,3.47,33601
IFM,20081230,0.28,0.29,0.28,0.29,57082
IGC,20081230,0.3,0.305,0.295,0.3,2000467
IGO,20081230,1.9,2.2,1.9,2.08,570147
IGR,20081230,0.18,0.185,0.18,0.185,865211
IHF,20081230,0.66,0.66,0.65,0.66,18343
IIF,20081230,0.15,0.155,0.135,0.14,4119593
III,20081230,0.04,0.04,0.04,0.04,130000
IIN,20081230,1.18,1.18,1.16,1.18,14000
ILF,20081230,0.05,0.051,0.049,0.051,155614
ILU,20081230,4.4,4.46,4.31,4.44,991384
IMA,20081230,0.37,0.375,0.35,0.36,33457
IMD,20081230,0.26,0.28,0.25,0.26,513790
IMF,20081230,0.795,0.795,0.78,0.785,34385
IMP,20081230,0.008,0.009,0.008,0.009,163007
INE,20081230,0.375,0.375,0.375,0.375,2000
INL,20081230,0.018,0.018,0.018,0.018,149305
INP,20081230,0.16,0.165,0.155,0.165,348724
IOF,20081230,0.84,0.84,0.78,0.805,2924025
IOH,20081230,0.13,0.13,0.13,0.13,12000
IOO,20081230,71.75,73.7,71.75,73.49,2164
IPE,20081230,0.39,0.4,0.39,0.4,20000
IPL,20081230,2.32,2.4,2.3,2.4,4918595
IRD,20081230,0.08,0.08,0.08,0.08,5000
IRE,20081230,4.9,5.14,4.81,5.04,279637
IRG,20081230,0.004,0.004,0.004,0.004,260000
IRI,20081230,0.26,0.26,0.26,0.26,9705
IRL,20081230,0.019,0.02,0.019,0.02,250000
IRN,20081230,0.285,0.31,0.285,0.29,75246
ITC,20081230,0.033,0.033,0.03,0.03,661579
ITD,20081230,0.11,0.11,0.11,0.11,17000
ITE,20081230,0.026,0.026,0.026,0.026,200000
IVA,20081230,0.25,0.255,0.25,0.25,14668
IVC,20081230,5.02,5.25,5,5.14,62323
IVE,20081230,63.27,63.74,63.27,63.55,1303
IVV,20081230,126.56,127.56,126.56,127.35,557
IXR,20081230,0.2,0.2,0.18,0.18,90128
IZZ,20081230,41.3,41.41,41.3,41.4,2024
JAT,20081230,0.03,0.03,0.03,0.03,50000
JBH,20081230,9.15,9.7,9.11,9.6,400003
JET,20081230,0.63,0.63,0.62,0.62,8000
JGL,20081230,0.115,0.115,0.097,0.115,264000
JHX,20081230,4.3,4.52,4.24,4.45,913915
JML,20081230,0.115,0.125,0.115,0.125,934750
JPR,20081230,0.014,0.016,0.012,0.012,416750
JRV,20081230,0.006,0.006,0.005,0.005,500000
JVG,20081230,0.085,0.085,0.085,0.085,5000
KAR,20081230,3.32,3.55,3.32,3.5,795707
KBC,20081230,0.13,0.13,0.13,0.13,169000
KCN,20081230,3.3,3.44,3.3,3.4,203398
KEN,20081230,0.135,0.135,0.135,0.135,8000
KEY,20081230,0.075,0.075,0.069,0.069,19100
KIL,20081230,0.48,0.49,0.48,0.49,10854
KMN,20081230,0.105,0.115,0.105,0.115,654968
KOG,20081230,0.039,0.039,0.038,0.038,35000
KOR,20081230,0.054,0.054,0.043,0.043,61500
KRM,20081230,0.1,0.1,0.1,0.1,80000
KRS,20081230,0.17,0.185,0.17,0.185,27000
KTE,20081230,0.026,0.026,0.026,0.026,60000
KYC,20081230,0.18,0.18,0.17,0.17,100001
KZL,20081230,0.4,0.46,0.4,0.455,1708066
LAU,20081230,0.165,0.165,0.165,0.165,13000
LBT,20081230,0.13,0.13,0.125,0.125,5297
LCT,20081230,0.1,0.1,0.096,0.096,111012
LDW,20081230,2.3,2.3,2.3,2.3,3585
LEG,20081230,0.01,0.013,0.01,0.01,5922130
LEI,20081230,25,26.58,24.85,26.29,403321
LGL,20081230,3,3.04,2.97,3.03,10567679
LKO,20081230,0.003,0.004,0.003,0.004,2063462
LLC,20081230,6.93,7.14,6.93,7.03,216450
LMP,20081230,0.06,0.06,0.06,0.06,20000
LNC,20081230,1.6,1.96,1.56,1.87,913751
LNG,20081230,0.675,0.74,0.66,0.715,1013459
LNN,20081230,7.92,8.05,7.9,8.02,737314
LRF,20081230,0.345,0.35,0.345,0.345,30000
LRL,20081230,0.08,0.08,0.08,0.08,7000
LSA,20081230,0.006,0.006,0.006,0.006,1150000
LSL,20081230,0.029,0.029,0.029,0.029,69825
LST,20081230,0.725,0.73,0.72,0.72,113491
LTR,20081230,0.012,0.012,0.012,0.012,24057
LWB,20081230,1.38,1.38,1.38,1.38,1250
LYC,20081230,0.26,0.29,0.255,0.28,11657538
LYL,20081230,1.15,1.17,1.07,1.07,6992
MAE,20081230,0.25,0.26,0.25,0.255,284158
MAH,20081230,0.325,0.355,0.325,0.35,1879138
MAK,20081230,0.445,0.46,0.445,0.45,141145
MAP,20081230,2.21,2.34,2.2,2.31,4019928
MAR,20081230,0.095,0.105,0.095,0.105,182071
MBD,20081230,0.085,0.085,0.085,0.085,5890
MBI,20081230,0.006,0.007,0.006,0.007,425100
MBN,20081230,0.75,0.78,0.75,0.77,45378
MBP,20081230,0.027,0.027,0.027,0.027,20000
MBT,20081230,0.21,0.22,0.205,0.205,55000
MCC,20081230,2.67,2.8,2.67,2.78,763317
MCG,20081230,0.83,0.84,0.825,0.84,379563
MCO,20081230,0.12,0.13,0.11,0.13,128307
MCP,20081230,0.47,0.5,0.47,0.49,123741
MCR,20081230,0.625,0.7,0.62,0.69,1099086
MCU,20081230,0.44,0.44,0.43,0.44,18439
MCW,20081230,0.205,0.215,0.2,0.205,2020974
MDA,20081230,0.12,0.12,0.11,0.11,37500
MDL,20081230,0.69,0.7,0.69,0.7,123319
MDS,20081230,0.026,0.026,0.026,0.026,33500
MDT,20081230,0.048,0.048,0.045,0.047,991926
MEL,20081230,0.49,0.54,0.485,0.525,4099926
MEO,20081230,0.14,0.145,0.135,0.145,228568
MEP,20081230,0.17,0.17,0.17,0.17,3640
MFF,20081230,0.55,0.56,0.55,0.56,60677
MFG,20081230,0.435,0.45,0.435,0.44,28800
MFI,20081230,0.01,0.013,0.01,0.013,50070
MGK,20081230,0.015,0.015,0.015,0.015,10000
MGO,20081230,0.08,0.08,0.08,0.08,20000
MGR,20081230,1.335,1.355,1.31,1.32,4618836
MGX,20081230,0.45,0.47,0.445,0.455,5978397
MHL,20081230,0.004,0.004,0.004,0.004,855000
MHM,20081230,0.029,0.029,0.029,0.029,20000
MIF,20081230,0.23,0.25,0.23,0.25,84716
MIG,20081230,1.55,1.63,1.55,1.605,7000315
MIK,20081230,0.075,0.075,0.075,0.075,144500
MIN,20081230,2.16,2.2,2.15,2.2,21520
MIR,20081230,1.3,1.35,1.3,1.35,46500
MIT,20081230,1.05,1.05,1.05,1.05,34000
MIX,20081230,0.105,0.115,0.105,0.11,38300
MKY,20081230,0.005,0.006,0.005,0.006,2140000
MLE,20081230,0.9,0.9,0.875,0.89,75152
MLI,20081230,0.023,0.024,0.021,0.021,2847777
MLM,20081230,0.22,0.22,0.21,0.21,140000
MLT,20081230,14.45,14.45,14.45,14.45,4500
MLX,20081230,0.081,0.081,0.073,0.076,80220
MMA,20081230,0.4,0.4,0.4,0.4,20000
MMB,20081230,0.27,0.27,0.27,0.27,232000
MMG,20081230,0.875,0.915,0.87,0.885,169796
MML,20081230,0.62,0.65,0.62,0.65,220200
MMS,20081230,1.91,1.91,1.86,1.86,17425
MMX,20081230,0.59,0.625,0.58,0.605,351469
MND,20081230,6.38,6.58,6.38,6.48,76838
MNL,20081230,0.22,0.22,0.22,0.22,4000
MNM,20081230,0.051,0.051,0.05,0.05,128000
MOC,20081230,0.75,0.76,0.75,0.75,9737
MOF,20081230,0.28,0.28,0.245,0.265,22700096
MOL,20081230,0.245,0.275,0.245,0.255,289923
MOS,20081230,0.078,0.085,0.078,0.084,278048
MOX,20081230,0.031,0.031,0.031,0.031,83000
MOY,20081230,0.02,0.02,0.02,0.02,85000
MPA,20081230,0.055,0.06,0.055,0.06,44888
MPF,20081230,0.105,0.105,0.105,0.105,81000
MPJ,20081230,0.002,0.002,0.002,0.002,350000
MPO,20081230,0.87,0.87,0.8,0.85,199900
MPS,20081230,0.13,0.14,0.13,0.14,76066
MQG,20081230,27.73,28.94,27.66,28.8,509631
MRE,20081230,0.265,0.28,0.265,0.275,1115073
MRM,20081230,1.04,1.055,1.035,1.05,149836
MRU,20081230,0.75,0.75,0.68,0.68,22561
MRZ,20081230,0.32,0.34,0.315,0.325,98331
MSC,20081230,0.008,0.008,0.008,0.008,627875
MSL,20081230,0.84,0.84,0.815,0.835,4857
MST,20081230,0.06,0.06,0.058,0.058,161600
MTN,20081230,0.33,0.33,0.32,0.325,37000
MTS,20081230,4.23,4.34,4.22,4.28,1267415
MUN,20081230,0.175,0.2,0.175,0.2,372111
MVP,20081230,0.21,0.21,0.21,0.21,15600
MWG,20081230,1.21,1.21,1.21,1.21,4104
MXI,20081230,0.27,0.27,0.27,0.27,81967
MXR,20081230,0.063,0.063,0.06,0.06,118500
MYO,20081230,1.07,1.09,1.07,1.09,124363
NAB,20081230,20.66,20.89,20.51,20.86,3091183
NAD,20081230,0.012,0.013,0.011,0.011,845556
NAL,20081230,0.006,0.006,0.006,0.006,200000
NAN,20081230,0.2,0.205,0.2,0.2,177113
NAV,20081230,0.2,0.23,0.2,0.22,37229
NBL,20081230,1,1,1,1,10928
NCM,20081230,32.05,33.29,32.05,33.09,806807
NDO,20081230,0.085,0.085,0.084,0.085,397187
NEC,20081230,0.48,0.525,0.48,0.52,72686
NEM,20081230,5.77,5.87,5.74,5.8,26490
NEU,20081230,0.013,0.013,0.01,0.01,2221437
NFE,20081230,0.895,0.9,0.89,0.9,147250
NFK,20081230,0.25,0.3,0.25,0.28,663013
NGF,20081230,0.097,0.1,0.093,0.097,598172
NGM,20081230,0.012,0.012,0.012,0.012,85000
NHC,20081230,3.2,3.4,3.2,3.4,265927
NHF,20081230,0.74,0.74,0.71,0.735,7600
NKP,20081230,0.13,0.13,0.12,0.12,155000
NLB,20081230,0.53,0.53,0.53,0.53,7000
NLX,20081230,0.1,0.1,0.1,0.1,24612
NMR,20081230,0.063,0.063,0.063,0.063,14334
NMS,20081230,0.31,0.325,0.3,0.315,395440
NOD,20081230,0.3,0.305,0.26,0.265,983828
NRT,20081230,0.72,0.72,0.68,0.69,74413
NSE,20081230,0.047,0.047,0.047,0.047,10000
NUF,20081230,9.9,10.1,9.85,10,246649
NUP,20081230,0.05,0.05,0.05,0.05,38000
NVT,20081230,2.3,2.35,2.3,2.35,4415
NWE,20081230,0.045,0.05,0.045,0.05,350000
NWH,20081230,0.195,0.205,0.19,0.205,1056998
NWS,20081230,13.14,13.48,13.14,13.3,878664
NWT,20081230,0.003,0.003,0.002,0.003,7480000
NXS,20081230,0.48,0.515,0.47,0.505,2053444
NZO,20081230,1.05,1.05,1.05,1.05,20000
OAK,20081230,0.44,0.46,0.43,0.46,144269
ODY,20081230,0.075,0.075,0.075,0.075,50000
OEC,20081230,0.04,0.04,0.038,0.038,66689
OEL,20081230,0.145,0.15,0.145,0.145,433800
OEX,20081230,0.27,0.27,0.265,0.265,54136
OFG,20081230,0.45,0.45,0.45,0.45,5542
OGC,20081230,0.22,0.225,0.21,0.22,283733
OIF,20081230,0.175,0.175,0.17,0.17,300500
OIL,20081230,0.064,0.064,0.06,0.06,30869
OIP,20081230,0.065,0.075,0.065,0.075,345447
OKN,20081230,1.25,1.25,1.175,1.2,439492
OKU,20081230,0.026,0.026,0.026,0.026,145000
OMH,20081230,0.925,1.08,0.925,1.055,275706
ONT,20081230,2.6,2.6,2.6,2.6,5000
ORD,20081230,0.037,0.037,0.037,0.037,12000
ORE,20081230,0.2,0.21,0.2,0.21,72473
ORG,20081230,15.94,16.05,15.8,15.86,1840481
ORH,20081230,0.056,0.065,0.056,0.065,200000
ORI,20081230,13.78,13.96,13.65,13.8,420410
ORL,20081230,2.1,2.1,2.06,2.06,26176
ORO,20081230,0.005,0.005,0.005,0.005,300000
ORP,20081230,0.02,0.024,0.018,0.018,165789
OSH,20081230,4.38,4.65,4.38,4.59,1862889
OST,20081230,2.19,2.47,2.19,2.39,2599941
PAG,20081230,1.2,1.27,1.2,1.27,92004
PAN,20081230,0.88,0.93,0.88,0.9,530610
PAX,20081230,0.073,0.073,0.073,0.073,7500
PBA,20081230,0.4,0.47,0.4,0.47,48993
PBD,20081230,0.195,0.195,0.195,0.195,5000
PBG,20081230,0.395,0.46,0.395,0.435,3665391
PBP,20081230,1.5,1.52,1.49,1.52,15000
PBT,20081230,0.32,0.32,0.32,0.32,50000
PCL,20081230,0.014,0.016,0.014,0.016,105000
PDN,20081230,2.24,2.37,2.24,2.36,2193215
PDZ,20081230,0.071,0.071,0.07,0.07,90000
PEA,20081230,0.27,0.27,0.27,0.27,4133
PEM,20081230,0.175,0.18,0.17,0.18,972531
PEN,20081230,0.015,0.015,0.015,0.015,473579
PES,20081230,5.05,5.38,5.05,5.32,301264
PFG,20081230,0.16,0.16,0.16,0.16,12500
PFL,20081230,0.85,0.85,0.85,0.85,3000
PGA,20081230,1.25,1.345,1.22,1.22,26391
PGL,20081230,0.78,0.78,0.78,0.78,3000
PGM,20081230,0.19,0.19,0.19,0.19,30000
PGS,20081230,0.033,0.033,0.033,0.033,100000
PHG,20081230,0.039,0.039,0.039,0.039,78000
PLA,20081230,0.56,0.565,0.485,0.51,1350441
PLI,20081230,0.375,0.375,0.35,0.35,28500
PLT,20081230,0.165,0.195,0.16,0.195,297300
PLV,20081230,0.21,0.33,0.21,0.33,23000
PMC,20081230,1.15,1.185,1.15,1.16,49551
PME,20081230,0.97,0.99,0.97,0.99,72623
PMP,20081230,0.485,0.5,0.48,0.49,794060
PMV,20081230,3.65,3.8,3.65,3.75,1329
PNA,20081230,0.089,0.089,0.085,0.085,6588328
PNN,20081230,0.26,0.27,0.26,0.27,56462
PNX,20081230,0.09,0.09,0.09,0.09,60000
POS,20081230,0.305,0.33,0.3,0.33,279886
POZ,20081230,0.4,0.4,0.4,0.4,59000
PPC,20081230,1.55,1.55,1.54,1.54,7829
PPD,20081230,0.044,0.044,0.044,0.044,3000
PPP,20081230,0.29,0.29,0.28,0.29,843841
PPT,20081230,34.37,35,34.12,34.9,26024
PPX,20081230,0.68,0.7,0.665,0.665,2663751
PPY,20081230,0.54,0.54,0.54,0.54,10000
PRC,20081230,0.73,0.73,0.72,0.72,98450
PRE,20081230,0.006,0.007,0.006,0.006,1390000
PRG,20081230,2.8,2.89,2.8,2.89,83653
PRO,20081230,0.34,0.34,0.34,0.34,31000
PRR,20081230,0.005,0.005,0.005,0.005,399080
PRT,20081230,1.35,1.35,1.35,1.35,2900
PRU,20081230,0.535,0.58,0.52,0.58,204500
PRV,20081230,0.525,0.525,0.5,0.515,85420
PRW,20081230,0.04,0.04,0.04,0.04,11000
PRY,20081230,4.6,4.88,4.6,4.83,1427211
PSA,20081230,0.17,0.185,0.17,0.18,306500
PTM,20081230,3.34,3.35,3.26,3.3,93586
PTN,20081230,0.12,0.125,0.12,0.12,421393
PTR,20081230,0.325,0.325,0.3,0.325,39067
PVE,20081230,1.02,1.02,1.02,1.02,1000
PWK,20081230,3,3.06,3,3.05,8035
PXS,20081230,1.275,1.28,1.23,1.24,90140
QAN,20081230,2.53,2.56,2.48,2.52,2212775
QBE,20081230,25.2,25.62,25.12,25.46,1495341
QFX,20081230,0.015,0.015,0.015,0.015,87500
QGM,20081230,0.015,0.015,0.015,0.015,180000
QHL,20081230,0.17,0.17,0.17,0.17,327000
QMG,20081230,0.009,0.009,0.008,0.008,250000
QML,20081230,0.21,0.21,0.21,0.21,31424
QOL,20081230,0.011,0.011,0.011,0.011,318710
QPN,20081230,0.011,0.011,0.01,0.01,100000
QRS,20081230,0.033,0.04,0.033,0.04,303147
QRX,20081230,0.21,0.21,0.21,0.21,27500
QTM,20081230,0.099,0.099,0.099,0.099,98000
RAU,20081230,0.025,0.025,0.025,0.025,40000
RCO,20081230,0.16,0.16,0.16,0.16,15000
RCR,20081230,0.465,0.485,0.465,0.485,17338
RCU,20081230,0.16,0.16,0.15,0.15,34270
RCY,20081230,0.17,0.17,0.165,0.17,500280
RDF,20081230,3.15,3.15,3.09,3.1,10740
RDR,20081230,0.235,0.24,0.235,0.24,101200
REA,20081230,3.5,3.55,3.5,3.55,20062
RED,20081230,0.04,0.04,0.04,0.04,183451
REF,20081230,1.095,1.095,1.05,1.05,3641
REH,20081230,16.31,16.5,16.31,16.5,9597
RES,20081230,0.056,0.056,0.05,0.05,595620
REX,20081230,0.95,0.95,0.95,0.95,5268
REY,20081230,0.046,0.046,0.046,0.046,55000
RFE,20081230,0.23,0.235,0.23,0.235,14340
RFL,20081230,0.08,0.08,0.08,0.08,4085
RGP,20081230,0.05,0.07,0.05,0.07,20000
RHC,20081230,9.79,10.49,9.63,10.02,154086
RHD,20081230,0.19,0.19,0.19,0.19,10000
RHG,20081230,0.13,0.13,0.13,0.13,59400
RHL,20081230,2.87,2.87,2.87,2.87,312
RIC,20081230,0.78,0.8,0.77,0.8,9347
RIM,20081230,0.014,0.014,0.013,0.013,136000
RIO,20081230,36.68,37.66,36.6,37.05,1000289
RIV,20081230,2.11,2.32,2.11,2.24,173968
RJT,20081230,0.008,0.01,0.008,0.01,605000
RKN,20081230,1.01,1.01,1.01,1.01,1000
RMD,20081230,5.2,5.3,5.11,5.2,368594
RMG,20081230,0.007,0.007,0.007,0.007,200000
RMR,20081230,0.015,0.015,0.015,0.015,5000
RMS,20081230,0.58,0.59,0.58,0.58,472899
RNG,20081230,0.007,0.009,0.006,0.009,1959506
ROC,20081230,0.5,0.51,0.495,0.5,2373715
ROK,20081230,2.6,2.6,2.6,2.6,129
RPX,20081230,0.41,0.41,0.41,0.41,1200
RRA,20081230,0.45,0.45,0.45,0.45,14000
RRL,20081230,0.1,0.1,0.097,0.097,54599
RRS,20081230,0.041,0.042,0.041,0.042,293159
RRT,20081230,0.006,0.006,0.006,0.006,85000
RSN,20081230,0.003,0.003,0.003,0.003,400000
RWD,20081230,0.445,0.445,0.445,0.445,15000
RXL,20081230,0.025,0.025,0.025,0.025,81889
SAE,20081230,0.095,0.105,0.095,0.1,37000
SAI,20081230,2.19,2.27,2.19,2.26,231088
SAR,20081230,0.09,0.09,0.09,0.09,300000
SAU,20081230,0.06,0.06,0.06,0.06,78400
SAV,20081230,0.16,0.16,0.16,0.16,53500
SBI,20081230,0.087,0.087,0.087,0.087,130500
SBL,20081230,0.007,0.007,0.007,0.007,100000
SBM,20081230,0.305,0.31,0.295,0.3,3478319
SBN,20081230,0.009,0.009,0.009,0.009,50000
SBS,20081230,0.019,0.019,0.019,0.019,90000
SDG,20081230,0.705,0.745,0.7,0.74,339834
SDL,20081230,0.08,0.081,0.078,0.08,2959035
SDM,20081230,0.53,0.53,0.47,0.52,1542795
SEA,20081230,0.087,0.087,0.087,0.087,26607
SEK,20081230,3.03,3.1,3,3,178029
SEN,20081230,0.03,0.03,0.03,0.03,80000
SEV,20081230,6.47,6.73,6.36,6.58,237271
SFH,20081230,0.245,0.265,0.245,0.25,70998
SFP,20081230,0.1,0.1,0.1,0.1,30000
SFY,20081230,35.05,35.52,35.05,35.52,11476
SGH,20081230,1.4,1.4,1.4,1.4,53600
SGL,20081230,0.425,0.425,0.425,0.425,8582740
SGM,20081230,16.6,17.17,16.6,17.08,204955
SGN,20081230,0.63,0.675,0.63,0.675,51348
SGP,20081230,3.99,4.08,3.97,4.06,3548400
SGT,20081230,2.51,2.62,2.51,2.61,621946
SGX,20081230,4.57,4.74,4.48,4.7,559304
SGY,20081230,0.05,0.05,0.05,0.05,10000
SHL,20081230,13.48,13.86,13.42,13.8,563795
SHV,20081230,3,3,3,3,2700
SHX,20081230,0.035,0.035,0.035,0.035,2500
SIM,20081230,0.2,0.25,0.2,0.225,70380
SIP,20081230,1.025,1.065,1.025,1.05,1070824
SKC,20081230,2.56,2.57,2.56,2.57,5000
SKE,20081230,1.38,1.55,1.35,1.55,7924
SKI,20081230,1.17,1.21,1.15,1.18,759106
SLA,20081230,0.145,0.155,0.145,0.155,47930
SLF,20081230,8.4,8.43,8.24,8.43,11473
SLM,20081230,3.26,3.28,3.26,3.27,20530
SLR,20081230,0.23,0.27,0.22,0.25,379843
SLV,20081230,0.6,0.6,0.55,0.55,50000
SLX,20081230,3,3.02,2.91,3,126663
SMA,20081230,0.01,0.01,0.01,0.01,131683
SMC,20081230,0.031,0.031,0.031,0.031,100000
SMM,20081230,1.625,1.645,1.615,1.625,36860
SMX,20081230,1.815,1.85,1.81,1.85,20805
SOE,20081230,0.105,0.105,0.1,0.105,69700
SOI,20081230,0.09,0.09,0.08,0.085,58396
SOL,20081230,8.6,9.35,8.6,9.35,8968
SOO,20081230,0.045,0.05,0.045,0.05,344000
SOT,20081230,0.14,0.14,0.14,0.14,2432
SPD,20081230,0.17,0.17,0.17,0.17,58000
SPH,20081230,0.35,0.36,0.34,0.36,20414
SPL,20081230,0.205,0.205,0.19,0.195,66880
SPN,20081230,0.915,0.935,0.91,0.925,1098906
SPT,20081230,2.6,2.73,2.6,2.68,107186
SRH,20081230,0.76,0.76,0.76,0.76,1000
SRI,20081230,0.03,0.03,0.03,0.03,124000
SRK,20081230,0.29,0.29,0.285,0.285,86680
SRL,20081230,0.82,0.865,0.82,0.84,1468065
SRV,20081230,2.89,2.89,2.89,2.89,500
SRX,20081230,1.65,1.685,1.65,1.685,8260
SSC,20081230,0.004,0.004,0.004,0.004,242512
SSI,20081230,0.44,0.44,0.44,0.44,5000
SSM,20081230,0.685,0.69,0.68,0.69,21305
STG,20081230,0.028,0.028,0.028,0.028,100000
STI,20081230,0.004,0.004,0.004,0.004,500000
STO,20081230,14.03,14.55,14.02,14.2,1582148
STS,20081230,0.7,0.7,0.7,0.7,93000
STU,20081230,0.43,0.49,0.43,0.49,50693
STW,20081230,33.8,34.22,33.58,34,74202
STX,20081230,0.12,0.14,0.12,0.14,323810
SUL,20081230,2.46,2.46,2.43,2.46,10374
SUN,20081230,8.13,8.38,8.04,8.31,1237297
SUR,20081230,0.039,0.039,0.039,0.039,22000
SWK,20081230,0.29,0.295,0.29,0.295,63000
SYM,20081230,0.44,0.45,0.44,0.45,29929
TAH,20081230,6.68,6.91,6.65,6.83,1197726
TAL,20081230,2.16,2.29,2.16,2.29,189674
TAM,20081230,0.024,0.028,0.022,0.026,25863686
TAP,20081230,0.7,0.72,0.7,0.72,96511
TAS,20081230,0.03,0.03,0.03,0.03,36832
TBG,20081230,0.64,0.66,0.61,0.66,17402
TBR,20081230,0.7,0.7,0.7,0.7,16018
TCL,20081230,5.06,5.35,5.03,5.29,673979
TCN,20081230,0.072,0.072,0.072,0.072,100000
TCQ,20081230,0.165,0.195,0.165,0.19,315212
TDX,20081230,0.03,0.03,0.03,0.03,27822
TEL,20081230,1.895,1.925,1.885,1.905,1257062
TEN,20081230,1.085,1.12,1.07,1.105,506051
TEU,20081230,0.055,0.07,0.055,0.07,280084
TEX,20081230,0.03,0.03,0.03,0.03,444735
TEY,20081230,0.14,0.14,0.135,0.135,40000
TFC,20081230,0.78,0.79,0.75,0.79,224404
TGF,20081230,0.065,0.066,0.065,0.065,200000
TGG,20081230,0.775,0.835,0.775,0.835,41394
TGR,20081230,2,2,1.99,1.99,2741
TGS,20081230,0.07,0.079,0.07,0.079,53791
THG,20081230,0.4,0.4,0.38,0.38,20000
THR,20081230,0.019,0.02,0.019,0.02,246800
THX,20081230,0.11,0.11,0.11,0.11,14500
TIM,20081230,0.125,0.13,0.115,0.115,1868886
TIS,20081230,0.095,0.095,0.09,0.095,17000
TKL,20081230,0.05,0.05,0.05,0.05,65000
TLS,20081230,3.67,3.76,3.66,3.73,12159130
TNG,20081230,0.021,0.021,0.021,0.021,70000
TNL,20081230,0.05,0.05,0.05,0.05,20000
TOE,20081230,0.098,0.098,0.095,0.096,110500
TOL,20081230,6.03,6.13,6.01,6.07,854681
TOX,20081230,1.13,1.15,1.13,1.15,34850
TPI,20081230,3.1,3.27,2.96,3.15,396620
TRF,20081230,0.12,0.12,0.12,0.12,48750
TRO,20081230,0.055,0.06,0.055,0.055,103500
TRS,20081230,9.75,9.98,9.72,9.95,20610
TRU,20081230,4.7,4.7,4.65,4.65,5000
TRY,20081230,0.97,0.98,0.95,0.96,85478
TSE,20081230,1.735,1.82,1.725,1.77,804776
TSI,20081230,1.115,1.12,1.115,1.12,68248
TSM,20081230,0.17,0.18,0.17,0.18,9195
TSO,20081230,0.175,0.18,0.165,0.17,3571317
TSV,20081230,0.016,0.017,0.015,0.016,781800
TTI,20081230,0.043,0.043,0.043,0.043,50000
TTR,20081230,0.023,0.025,0.023,0.025,487750
TTS,20081230,2.67,2.77,2.66,2.73,610673
TTY,20081230,0.125,0.14,0.125,0.13,176607
TWO,20081230,0.63,0.635,0.63,0.635,21635
TWR,20081230,1.16,1.17,1.16,1.17,1036
TZL,20081230,1.73,1.73,1.73,1.73,424
TZN,20081230,0.42,0.42,0.405,0.405,30500
UCL,20081230,0.005,0.005,0.005,0.005,4500000
UCM,20081230,0.415,0.43,0.41,0.43,16498
UEQ,20081230,0.053,0.053,0.053,0.053,75000
UGL,20081230,8.02,8.02,7.91,8,997440
UMC,20081230,0.405,0.435,0.405,0.42,176761
UNI,20081230,0.255,0.255,0.24,0.24,36037
UNX,20081230,0.145,0.145,0.135,0.145,12940
URL,20081230,0.018,0.019,0.018,0.019,189000
URM,20081230,0.028,0.028,0.028,0.028,15000
UTO,20081230,0.1,0.115,0.1,0.115,13000
UXC,20081230,0.505,0.51,0.505,0.505,69584
VBA,20081230,0.29,0.295,0.285,0.285,1137312
VCN,20081230,0.07,0.075,0.07,0.072,460500
VCR,20081230,0.046,0.049,0.045,0.049,229000
VGH,20081230,0.61,0.65,0.58,0.62,1225289
VIE,20081230,0.031,0.031,0.012,0.012,30000
VIR,20081230,0.47,0.5,0.47,0.5,314058
VLA,20081230,0.042,0.042,0.042,0.042,90000
VMG,20081230,0.51,0.51,0.5,0.505,65249
VML,20081230,0.065,0.065,0.065,0.065,10000
VMS,20081230,0.078,0.078,0.078,0.078,100000
VMT,20081230,0.041,0.041,0.041,0.041,55000
VPE,20081230,0.245,0.255,0.24,0.25,992210
VPG,20081230,0.043,0.047,0.04,0.045,4773325
VRL,20081230,1,1,0.99,0.99,9792
VTG,20081230,0.13,0.13,0.13,0.13,8962
VTP,20081230,0.69,0.69,0.675,0.675,27068
WAB,20081230,0.15,0.15,0.15,0.15,20000
WAM,20081230,0.84,0.845,0.835,0.835,58574
WAN,20081230,5.1,5.5,5.06,5.5,264324
WBA,20081230,0.65,0.66,0.65,0.66,67846
WBC,20081230,16.58,16.75,16.57,16.63,3065647
WCB,20081230,3.16,3.3,3.16,3.3,3000
WDC,20081230,13.07,13.13,12.83,13.05,3767137
WDS,20081230,0.68,0.68,0.68,0.68,228000
WEB,20081230,0.96,0.96,0.96,0.96,375
WEC,20081230,1.62,1.83,1.62,1.82,81315
WES,20081230,17.13,17.92,17.08,17.79,830389
WGR,20081230,0.22,0.24,0.22,0.24,17500
WHC,20081230,1.28,1.405,1.28,1.395,227674
WHF,20081230,2.59,2.68,2.59,2.68,10000
WHG,20081230,0.81,0.815,0.8,0.815,50861
WIG,20081230,0.83,0.83,0.83,0.83,5000
WIL,20081230,0.525,0.525,0.525,0.525,2228
WME,20081230,0.071,0.071,0.071,0.071,112345
WMT,20081230,0.031,0.033,0.031,0.032,350000
WOR,20081230,13.45,14.1,13.43,13.93,396391
WOW,20081230,26.05,26.67,26.01,26.44,1450925
WPG,20081230,0.19,0.19,0.19,0.19,16500
WPL,20081230,35,36.31,35,35.93,1133630
WRK,20081230,0.095,0.095,0.095,0.095,29300
WSA,20081230,3.12,3.23,3.12,3.17,244790
WTF,20081230,3.55,3.73,3.55,3.68,119177
WTP,20081230,1.03,1.09,1.03,1.06,19902
WVL,20081230,0.22,0.22,0.205,0.21,281500
WWA,20081230,1.8,1.8,1.8,1.8,3371
WYL,20081230,0.78,0.82,0.77,0.82,86075
XAF,20081230,3677,3677,3677,3677,0
XAO,20081230,3554.9,3605.5,3533.8,3591.4,0
XAT,20081230,365380,365380,365380,365380,0
XBW,20081230,349.06,349.06,349.06,349.06,0
XCD,20081230,0.06,0.06,0.06,0.06,0
XDJ,20081230,1158.5,1176.8,1147.2,1171.4,0
XEJ,20081230,12077,12460.4,12031.2,12348,0
XFJ,20081230,3523.1,3533.6,3493.3,3526.2,0
XFL,20081230,3662.6,3713.8,3638.3,3693.9,0
XGD,20081230,4824.6,4824.6,4824.6,4824.6,0
XHJ,20081230,8322.1,8441.4,8222.7,8385.3,0
XIJ,20081230,420.9,436.5,420.8,431.4,0
XJO,20081230,3622.7,3672.5,3597.9,3654.2,0
XKO,20081230,3604.9,3654.3,3580.9,3636.4,0
XMD,20081230,3319.4,3349.2,3291.3,3338.5,0
XMJ,20081230,8349.4,8565.6,8286.7,8486.1,0
XMM,20081230,2973.4,2973.4,2973.4,2973.4,0
XNJ,20081230,3203.8,3297,3187.7,3269,0
XPJ,20081230,910.7,910.7,884.6,898.5,0
XRF,20081230,0.1,0.1,0.1,0.1,0
XSJ,20081230,6056.3,6144,6002.4,6101.1,0
XSO,20081230,1647.6,1681.7,1639,1672.6,0
XST,20081230,0.03,0.03,0.03,0.03,0
XTJ,20081230,1241.1,1268.3,1241.1,1261,0
XTL,20081230,2171.2,2200.4,2156.8,2188,0
XTO,20081230,2990.7,3030,2970.3,3015.3,0
XUJ,20081230,4270.3,4272.2,4218.7,4239.5,0
XXJ,20081230,3876.9,3902.9,3849.4,3891.9,0
ZIM,20081230,5,5,5,5,1000
ZMG,20081230,0.02,0.02,0.02,0.02,7000
ZYL,20081230,0.027,0.027,0.027,0.027,400000
