AAC,20080912,2.58,2.7,2.58,2.7,442241
AAF,20080912,0.006,0.006,0.005,0.005,598000
AAH,20080912,1.1,1.1,1.03,1.03,329468
AAL,20080912,0.11,0.11,0.11,0.11,5000
AAM,20080912,0.095,0.095,0.095,0.095,100000
AAQ,20080912,0.275,0.275,0.26,0.27,20723
AAR,20080912,0.027,0.027,0.026,0.026,701779
AAX,20080912,13.01,13.85,13.01,13.85,163395
ABB,20080912,8.3,8.6,8.3,8.6,355012
ABC,20080912,3.58,3.59,3.42,3.5,1848475
ABJ,20080912,0.013,0.013,0.012,0.012,585290
ABP,20080912,1.15,1.17,1.075,1.075,1734065
ABQ,20080912,0.39,0.425,0.39,0.425,38150
ABU,20080912,0.027,0.027,0.027,0.027,100000
ABV,20080912,0.016,0.018,0.015,0.018,2720308
ABY,20080912,1.3,1.31,1.245,1.245,837120
ACB,20080912,0.35,0.37,0.335,0.35,36327
ACE,20080912,0.11,0.125,0.11,0.125,50000
ACL,20080912,0.31,0.31,0.27,0.27,136187
ACR,20080912,1.01,1.02,0.89,0.95,284043
ADA,20080912,0.35,0.35,0.34,0.34,1300
ADG,20080912,3.6,3.6,3.6,3.6,1500
ADI,20080912,0.3,0.3,0.28,0.28,88596
ADN,20080912,0.11,0.12,0.1,0.12,172000
ADY,20080912,0.115,0.115,0.11,0.11,4605065
AEA,20080912,0.18,0.19,0.18,0.19,11000
AEC,20080912,4.85,4.85,4.7,4.8,28550
AED,20080912,1.6,1.65,1.56,1.62,116377
AEE,20080912,0.23,0.23,0.23,0.23,100000
AEF,20080912,34.5,34.5,34.5,34.5,150
AEO,20080912,1.6,1.715,1.6,1.7,322946
AEP,20080912,1.95,1.97,1.95,1.97,14990
AES,20080912,0.072,0.072,0.072,0.072,5000
AET,20080912,0.95,0.95,0.95,0.95,30000
AEU,20080912,0.55,0.55,0.545,0.545,52262
AEZ,20080912,0.245,0.25,0.22,0.22,1838957
AFG,20080912,0.165,0.215,0.16,0.21,7615434
AFI,20080912,5.12,5.34,5.08,5.27,434001
AFR,20080912,0.074,0.074,0.071,0.074,26500
AFT,20080912,0.001,0.001,0.001,0.001,1250655
AGF,20080912,0.91,0.925,0.9,0.925,141749
AGG,20080912,5.79,5.79,5.65,5.65,1546
AGI,20080912,0.105,0.105,0.1,0.1,22000
AGK,20080912,13.9,14.77,13.89,14.7,1385696
AGO,20080912,1.85,1.87,1.785,1.83,1605299
AGS,20080912,0.77,0.77,0.71,0.74,221526
AGU,20080912,0.031,0.031,0.031,0.031,40000
AHD,20080912,4.68,4.7,4.67,4.67,2033
AHE,20080912,1.95,1.95,1.95,1.95,260
AHN,20080912,0.08,0.08,0.08,0.08,31200
AHS,20080912,0.65,0.65,0.65,0.65,35579
AIA,20080912,1.675,1.675,1.65,1.655,711208
AII,20080912,0.72,0.72,0.72,0.72,2008
AIM,20080912,0.023,0.025,0.022,0.023,620000
AIO,20080912,4.6,4.66,4.54,4.64,3862775
AIV,20080912,0.09,0.09,0.09,0.09,290000
AIX,20080912,2.69,2.84,2.65,2.84,449653
AJL,20080912,6.61,6.75,6.43,6.57,112894
ALB,20080912,1.31,1.55,1.305,1.395,326273
ALD,20080912,0.25,0.25,0.25,0.25,320380
ALE,20080912,0.03,0.03,0.03,0.03,2250000
ALF,20080912,0.795,0.795,0.775,0.775,65240
ALG,20080912,0.19,0.19,0.19,0.19,20000
ALK,20080912,0.34,0.34,0.325,0.325,263740
ALL,20080912,7,7.06,6.85,7,2786676
ALS,20080912,6.75,7.01,6.68,6.9,194278
ALT,20080912,0.023,0.023,0.023,0.023,200000
ALU,20080912,0.53,0.53,0.53,0.53,16500
ALZ,20080912,0.615,0.63,0.605,0.63,2731070
AMA,20080912,0.33,0.33,0.31,0.31,104502
AMC,20080912,6.1,6.19,5.99,6.18,4069852
AMM,20080912,0.165,0.165,0.165,0.165,100000
AMP,20080912,7.45,7.47,7.36,7.43,9350970
AMT,20080912,0.4,0.4,0.4,0.4,30000
AMU,20080912,0.5,0.5,0.5,0.5,71000
AND,20080912,0.94,0.94,0.875,0.92,574076
ANG,20080912,2.5,2.5,2.41,2.42,115720
ANH,20080912,0.014,0.014,0.013,0.013,200000
ANM,20080912,0.06,0.06,0.06,0.06,150
ANN,20080912,12.65,12.65,12.15,12.5,363680
ANX,20080912,0.075,0.075,0.075,0.075,60000
ANZ,20080912,17.05,17.27,16.77,17.25,9569226
AOD,20080912,1.23,1.23,1.225,1.225,64814
AOE,20080912,3.12,3.12,3,3.1,2269149
AON,20080912,0.25,0.25,0.25,0.25,20000
APA,20080912,3.41,3.48,3.38,3.46,608837
APD,20080912,0.555,0.555,0.54,0.54,40180
APE,20080912,10.2,10.2,10.01,10.01,550
APG,20080912,0.09,0.095,0.09,0.095,150000
API,20080912,0.72,0.735,0.71,0.735,168983
APK,20080912,0.21,0.21,0.21,0.21,125859
APM,20080912,0.005,0.005,0.005,0.005,70001
APN,20080912,3.31,3.32,3.2,3.3,552197
APZ,20080912,1.21,1.21,1.185,1.2,1567779
AQA,20080912,12,12.92,12,12.6,136656
AQD,20080912,0.28,0.3,0.23,0.23,298200
AQP,20080912,8.61,8.97,8.53,8.95,383767
AQR,20080912,0.09,0.09,0.085,0.085,61000
ARD,20080912,0.08,0.09,0.08,0.09,3522000
ARE,20080912,0.14,0.14,0.135,0.14,62500
ARG,20080912,7.04,7.1,7.04,7.09,103506
ARH,20080912,1.13,1.13,1.04,1.04,82500
ARP,20080912,3.92,3.94,3.83,3.83,65366
ARR,20080912,0.075,0.075,0.07,0.07,100833
ARU,20080912,0.68,0.68,0.665,0.665,69657
ARW,20080912,0.035,0.037,0.033,0.037,805500
ASB,20080912,2.38,2.44,2.36,2.41,60344
ASC,20080912,0.009,0.009,0.009,0.009,388000
ASL,20080912,2.05,2.18,2.03,2.15,5428494
ASX,20080912,34.71,35.24,34.44,35.19,1071385
ASZ,20080912,0.86,0.86,0.84,0.84,20000
ATN,20080912,0.027,0.027,0.027,0.027,42000
ATP,20080912,0.345,0.35,0.345,0.35,14418
ATR,20080912,1.8,1.8,1.8,1.8,6780
ATV,20080912,0.135,0.135,0.135,0.135,25000
ATW,20080912,0.04,0.04,0.04,0.04,110000
AUB,20080912,4.01,4.02,4.01,4.01,51000
AUF,20080912,0.9,0.9,0.9,0.9,9700
AUN,20080912,1.22,1.24,1.195,1.24,970321
AUP,20080912,4.41,4.41,4.41,4.41,1000
AUT,20080912,0.315,0.315,0.3,0.3,92675
AUW,20080912,1.35,1.4,1.345,1.4,870754
AUZ,20080912,0.024,0.026,0.021,0.026,990099
AVA,20080912,0.65,0.69,0.65,0.675,54169
AVE,20080912,1.7,1.71,1.695,1.7,115194
AVG,20080912,1.005,1.035,1,1.015,28167
AVH,20080912,0.073,0.09,0.071,0.071,102917
AVI,20080912,0.16,0.16,0.16,0.16,39974
AVJ,20080912,0.65,0.65,0.625,0.625,13327
AVM,20080912,7.19,7.2,7.19,7.2,627
AVO,20080912,1.51,1.58,1.51,1.57,518982
AVQ,20080912,0.07,0.07,0.064,0.064,220900
AVS,20080912,0.03,0.03,0.03,0.03,266500
AVX,20080912,0.25,0.25,0.23,0.235,2188069
AWB,20080912,2.95,3.09,2.93,3.03,1402811
AWC,20080912,3.66,3.73,3.62,3.71,5151447
AWE,20080912,2.73,2.79,2.68,2.72,4795367
AWL,20080912,0.015,0.015,0.015,0.015,1023381
AXA,20080912,5.45,5.57,5.37,5.55,1602916
AXE,20080912,0.105,0.105,0.105,0.105,99394
AXM,20080912,0.34,0.34,0.32,0.335,397743
AXO,20080912,0.49,0.49,0.485,0.49,28400
AXQ,20080912,0.067,0.067,0.059,0.059,384436
AXT,20080912,0.095,0.095,0.095,0.095,40000
AXY,20080912,0.065,0.065,0.065,0.065,27000
AYF,20080912,7.24,7.24,7.24,7.24,9000
AYR,20080912,0.035,0.035,0.035,0.035,10000
AYT,20080912,1.53,1.53,1.525,1.525,91535
AZA,20080912,0.91,0.925,0.9,0.91,777595
AZD,20080912,0.02,0.02,0.02,0.02,67750
AZS,20080912,0.15,0.15,0.135,0.145,144151
AZX,20080912,0.55,0.55,0.55,0.55,1300
AZZ,20080912,0.09,0.09,0.08,0.081,167985
BAR,20080912,0.1,0.1,0.1,0.1,230000
BAU,20080912,0.24,0.24,0.24,0.24,9000
BBC,20080912,0.51,0.51,0.47,0.475,2081918
BBG,20080912,13.02,13.45,13.01,13.45,1775477
BBI,20080912,0.405,0.415,0.39,0.395,12811747
BBL,20080912,0.26,0.26,0.26,0.26,2500
BBP,20080912,0.14,0.14,0.115,0.12,8381497
BBW,20080912,1.075,1.105,1.045,1.055,5926838
BCC,20080912,0.21,0.21,0.21,0.21,50000
BCD,20080912,0.12,0.12,0.12,0.12,106758
BCI,20080912,0.76,0.805,0.76,0.79,36621
BCM,20080912,2.76,2.77,2.63,2.77,352147
BDG,20080912,0.145,0.155,0.145,0.155,584496
BDL,20080912,0.19,0.195,0.19,0.195,54242
BDR,20080912,0.09,0.09,0.09,0.09,1465700
BEC,20080912,0.785,0.8,0.76,0.8,505043
BEL,20080912,0.3,0.3,0.3,0.3,1333
BEN,20080912,11.22,11.36,11.14,11.35,641728
BFG,20080912,0.8,0.82,0.78,0.82,30000
BGD,20080912,0.125,0.14,0.115,0.14,131500
BHP,20080912,35.15,36,35.07,36,9282212
BIT,20080912,0.16,0.16,0.15,0.15,33800
BJT,20080912,0.845,0.85,0.805,0.815,1436378
BKI,20080912,1.265,1.28,1.26,1.26,103824
BKL,20080912,18,18,18,18,1209
BKN,20080912,10.85,11,10.77,10.92,949132
BKW,20080912,12.1,12.79,12.1,12.5,2913
BKY,20080912,0.55,0.585,0.55,0.585,29015
BLD,20080912,6.62,6.62,6.44,6.48,2579304
BLG,20080912,0.29,0.32,0.29,0.31,197833
BLK,20080912,0.205,0.205,0.2,0.205,33660
BLP,20080912,0.225,0.23,0.225,0.225,926359
BLR,20080912,0.035,0.035,0.033,0.035,546288
BLU,20080912,0.083,0.083,0.08,0.08,366829
BLY,20080912,1.48,1.495,1.44,1.485,14019295
BML,20080912,0.042,0.042,0.04,0.04,40000
BMM,20080912,0.135,0.135,0.135,0.135,12350
BMN,20080912,0.82,0.82,0.76,0.775,1121540
BMO,20080912,0.007,0.008,0.007,0.008,2100000
BNB,20080912,2.01,2.03,1.76,1.9,10731553
BOC,20080912,1,1,1,1,7681
BOL,20080912,1.14,1.18,1.12,1.15,648850
BOM,20080912,0.14,0.14,0.14,0.14,1000
BON,20080912,0.076,0.076,0.076,0.076,124000
BOQ,20080912,14.9,15.04,14.75,15,149081
BOW,20080912,0.255,0.27,0.255,0.265,311905
BPO,20080912,0.022,0.022,0.022,0.022,200000
BPT,20080912,0.87,0.965,0.85,0.965,15885158
BQT,20080912,0.175,0.18,0.175,0.18,4287
BRM,20080912,1.3,1.315,1.25,1.255,466600
BRT,20080912,0.065,0.065,0.065,0.065,1250
BRU,20080912,0.33,0.335,0.325,0.33,1576142
BRW,20080912,0.25,0.25,0.22,0.235,79500
BSA,20080912,0.225,0.225,0.22,0.22,675860
BSL,20080912,8.04,8.29,8.01,8.25,3276562
BSM,20080912,0.1,0.1,0.096,0.096,151645
BSR,20080912,0.1,0.1,0.099,0.1,144700
BTA,20080912,0.77,0.77,0.76,0.76,270760
BTC,20080912,0.155,0.155,0.155,0.155,11000
BTT,20080912,3.14,3.16,3.14,3.15,112990
BTV,20080912,0.083,0.083,0.083,0.083,14333
BUG,20080912,0.47,0.47,0.47,0.47,7000
BUL,20080912,0.27,0.275,0.265,0.275,88814
BUX,20080912,0.105,0.105,0.105,0.105,1660
BUY,20080912,0.032,0.033,0.031,0.031,781399
BVA,20080912,0.74,0.74,0.7,0.73,105241
BVE,20080912,0.085,0.085,0.081,0.081,35000
BWN,20080912,0.285,0.32,0.285,0.305,514219
BWP,20080912,1.865,1.89,1.75,1.75,609329
BXB,20080912,8.18,8.19,8.05,8.15,5361946
BYI,20080912,0.67,0.7,0.66,0.7,164000
BYL,20080912,0.45,0.47,0.45,0.45,54423
BYR,20080912,0.025,0.025,0.025,0.025,80000
CAA,20080912,0.165,0.165,0.165,0.165,100000
CAB,20080912,7.01,7.13,6.81,7.04,292582
CAH,20080912,0.045,0.045,0.044,0.044,142639
CAJ,20080912,0.067,0.067,0.067,0.067,10000
CAL,20080912,0.8,0.8,0.8,0.8,700
CAM,20080912,0.875,0.875,0.86,0.86,38000
CAP,20080912,0.065,0.065,0.065,0.065,12746
CAZ,20080912,0.2,0.2,0.2,0.2,15000
CBA,20080912,43,43,42,42.99,3207070
CBH,20080912,0.066,0.067,0.06,0.067,4117935
CBR,20080912,2.75,2.75,2.75,2.75,14160
CCD,20080912,1.5,1.55,1.5,1.5,11850
CCI,20080912,0.125,0.125,0.125,0.125,137000
CCL,20080912,8.82,9,8.68,9,3385637
CCP,20080912,0.725,0.755,0.72,0.72,22172
CCU,20080912,0.125,0.125,0.125,0.125,45000
CCV,20080912,0.295,0.295,0.295,0.295,38159
CCY,20080912,0.05,0.06,0.05,0.06,458500
CDA,20080912,0.8,0.8,0.8,0.8,6982
CDD,20080912,4.9,4.98,4.89,4.98,31031
CDF,20080912,1.3,1.3,1.3,1.3,4525
CDI,20080912,0.645,0.65,0.615,0.635,242277
CDU,20080912,2.49,2.49,2.35,2.37,270809
CEG,20080912,0.155,0.155,0.145,0.145,78624
CER,20080912,0.17,0.175,0.13,0.145,15580756
CES,20080912,0.065,0.065,0.065,0.065,25000
CEU,20080912,0.82,0.835,0.815,0.83,10102989
CEY,20080912,5.11,5.22,4.94,5,3731722
CFE,20080912,0.48,0.485,0.465,0.47,756884
CFR,20080912,0.008,0.009,0.008,0.008,8167659
CFU,20080912,0.38,0.395,0.38,0.395,14099
CFX,20080912,2.18,2.24,2.18,2.21,11220235
CGF,20080912,2.68,2.69,2.62,2.67,2316273
CGG,20080912,0.225,0.23,0.22,0.225,621678
CGM,20080912,0.062,0.062,0.06,0.06,96088
CGO,20080912,0.75,0.75,0.75,0.75,21
CGT,20080912,0.081,0.081,0.08,0.08,37000
CGX,20080912,1.15,1.29,1.15,1.27,50000
CHB,20080912,27,27,27,27,166
CHC,20080912,0.94,0.94,0.92,0.93,397691
CHF,20080912,0.081,0.081,0.081,0.081,75000
CHM,20080912,0.031,0.031,0.029,0.03,1034919
CHN,20080912,0.115,0.12,0.105,0.12,142666
CHO,20080912,5.05,5.05,5.05,5.05,6550
CIF,20080912,2.63,2.66,2.58,2.61,1116088
CIG,20080912,0.031,0.031,0.03,0.03,1050000
CII,20080912,1.28,1.32,1.28,1.285,74500
CIL,20080912,1.6,1.6,1.6,1.6,6500
CIR,20080912,0.85,0.88,0.85,0.88,1043386
CIW,20080912,0.355,0.355,0.355,0.355,4802
CIX,20080912,0.43,0.435,0.43,0.435,150000
CIY,20080912,0.25,0.25,0.19,0.205,543331
CKK,20080912,0.095,0.105,0.093,0.105,280000
CKL,20080912,0.51,0.51,0.5,0.5,32000
CKR,20080912,0.066,0.066,0.066,0.066,25000
CKT,20080912,1.05,1.05,1.05,1.05,35000
CLH,20080912,0.55,0.55,0.52,0.52,44000
CLK,20080912,0.1,0.1,0.04,0.04,6400
CLO,20080912,0.72,0.735,0.715,0.73,206665
CLQ,20080912,0.455,0.455,0.44,0.45,53100
CLT,20080912,0.3,0.3,0.3,0.3,12871
CLV,20080912,0.21,0.21,0.2,0.21,164500
CLY,20080912,0.11,0.11,0.11,0.11,5000
CMG,20080912,0.2,0.2,0.2,0.2,25000
CMJ,20080912,3.14,3.22,3.1,3.19,2056313
CMR,20080912,0.6,0.62,0.59,0.62,240277
CMV,20080912,0.35,0.36,0.33,0.33,129798
CMW,20080912,0.725,0.725,0.705,0.705,147080
CNA,20080912,117,117,117,117,20
CND,20080912,1.335,1.335,1.32,1.32,24481
CNH,20080912,0.2,0.2,0.2,0.2,3150
CNM,20080912,0.14,0.14,0.13,0.14,1400000
CNN,20080912,0.021,0.023,0.021,0.023,197647
CNP,20080912,0.115,0.115,0.105,0.105,10782142
CNT,20080912,0.985,0.99,0.98,0.98,36179
CNX,20080912,0.665,0.74,0.66,0.73,8692018
COE,20080912,0.39,0.395,0.375,0.38,236354
COF,20080912,2.4,2.58,2.4,2.55,42024
COH,20080912,55.5,57.24,55.44,57,456864
COI,20080912,0.165,0.165,0.165,0.165,1898516
COK,20080912,0.685,0.685,0.65,0.68,192263
COM,20080912,0.15,0.175,0.15,0.175,160000
COS,20080912,0.06,0.06,0.06,0.06,79887
COU,20080912,1.65,1.65,1.59,1.605,93843
COZ,20080912,0.35,0.35,0.32,0.32,16600
CPA,20080912,1.42,1.445,1.385,1.415,7510171
CPB,20080912,36,36.5,35.38,36.3,62891
CPN,20080912,0.1,0.1,0.1,0.1,30433
CPR,20080912,0.465,0.465,0.46,0.46,47599
CPU,20080912,9.29,9.33,9.15,9.17,1705409
CQT,20080912,0.22,0.225,0.2,0.21,244608
CQU,20080912,0.165,0.165,0.125,0.13,107600
CRC,20080912,0.145,0.16,0.145,0.16,15126
CRE,20080912,0.1,0.115,0.1,0.115,477000
CRG,20080912,13.18,13.18,12.95,13.03,178503
CRJ,20080912,0.05,0.05,0.04,0.04,134655
CRT,20080912,0.355,0.375,0.355,0.375,34290
CSE,20080912,0.145,0.145,0.145,0.145,120000
CSL,20080912,40.1,40.1,38.89,39.76,1824464
CSR,20080912,2.6,2.64,2.55,2.61,5554964
CSS,20080912,0.74,0.74,0.74,0.74,25000
CST,20080912,2.11,2.15,2.1,2.15,25520
CSV,20080912,1.01,1.02,1,1.02,21126
CSW,20080912,0.935,0.935,0.935,0.935,75000
CTN,20080912,1.12,1.12,1.1,1.1,21295
CTO,20080912,0.205,0.215,0.205,0.21,561098
CTP,20080912,0.15,0.155,0.14,0.15,225023
CTS,20080912,0.074,0.074,0.074,0.074,41352
CTX,20080912,11.1,11.14,10.68,10.95,1146660
CUE,20080912,0.21,0.215,0.21,0.215,994838
CUL,20080912,0.125,0.125,0.125,0.125,220500
CUO,20080912,0.27,0.27,0.25,0.255,3035779
CUR,20080912,2,2,2,2,488
CUS,20080912,0.12,0.125,0.115,0.125,1840000
CUV,20080912,0.265,0.28,0.25,0.26,299960
CUY,20080912,0.3,0.3,0.3,0.3,4350
CVA,20080912,0.053,0.053,0.053,0.053,40000
CVC,20080912,1.07,1.07,1.01,1.04,16207
CVI,20080912,0.089,0.092,0.087,0.088,3294972
CVN,20080912,0.345,0.35,0.335,0.335,1326587
CWK,20080912,0.54,0.555,0.54,0.555,41050
CWN,20080912,9,9.06,8.83,9,915833
CWP,20080912,2.23,2.23,2.2,2.2,24693
CXC,20080912,1.89,1.895,1.84,1.865,321777
CXG,20080912,1.07,1.14,1.07,1.09,154016
CXH,20080912,0.56,0.565,0.555,0.565,6000
CXM,20080912,0.28,0.28,0.26,0.26,81850
CXP,20080912,4.77,4.91,4.76,4.8,260800
CXS,20080912,0.84,0.84,0.81,0.81,44390
CXY,20080912,0.13,0.135,0.125,0.135,1637807
CYA,20080912,1.02,1.03,0.965,0.965,99808
CYG,20080912,1.995,2,1.995,2,51199
CZA,20080912,2.63,2.72,2.58,2.71,158119
CZP,20080912,0.07,0.07,0.07,0.07,20000
CZR,20080912,0.1,0.1,0.1,0.1,18000
DDT,20080912,0.175,0.175,0.16,0.16,24000
DEG,20080912,0.066,0.066,0.066,0.066,100000
DES,20080912,0.035,0.035,0.032,0.032,103946
DEX,20080912,0.97,0.97,0.925,0.925,28300
DGO,20080912,0.081,0.081,0.08,0.08,50000
DGR,20080912,0.069,0.07,0.061,0.069,134700
DIA,20080912,0.016,0.016,0.016,0.016,43333
DIO,20080912,0.335,0.35,0.33,0.34,181249
DJS,20080912,4.14,4.15,4.04,4.13,1323134
DJW,20080912,4.26,4.33,4.21,4.3,45484
DLS,20080912,0.042,0.043,0.04,0.04,1623680
DMG,20080912,0.15,0.15,0.15,0.15,49524
DML,20080912,0.39,0.39,0.38,0.38,109000
DMM,20080912,0.5,0.53,0.5,0.53,5500
DMP,20080912,3.08,3.19,3.06,3.19,26224
DMX,20080912,0.22,0.22,0.22,0.22,14900
DOM,20080912,2.3,2.3,2.22,2.26,277009
DON,20080912,0.19,0.19,0.19,0.19,25000
DOW,20080912,7.32,7.52,7.32,7.42,1336690
DRA,20080912,0.045,0.045,0.045,0.045,60000
DRX,20080912,0.15,0.15,0.15,0.15,20000
DSF,20080912,0.054,0.054,0.054,0.054,141800
DSN,20080912,0.25,0.25,0.25,0.25,5000
DSQ,20080912,0.3,0.3,0.3,0.3,10200
DTL,20080912,6.1,6.18,6,6,21003
DUE,20080912,2.93,3.05,2.9,3,2023246
DUI,20080912,3.3,3.3,3.3,3.3,320
DUL,20080912,0.04,0.04,0.036,0.036,16800
DVN,20080912,0.96,0.975,0.94,0.96,149162
DWS,20080912,1.13,1.135,1.12,1.125,13209
DXS,20080912,1.465,1.505,1.435,1.48,22701466
DYE,20080912,0.88,0.94,0.875,0.9,99760
DYL,20080912,0.225,0.24,0.225,0.24,914140
EAL,20080912,0.7,0.7,0.7,0.7,30600
EBB,20080912,0.45,0.45,0.43,0.45,33258
EBI,20080912,2.68,2.73,2.68,2.7,30140
EBT,20080912,0.057,0.057,0.057,0.057,8775
EDE,20080912,0.185,0.19,0.185,0.19,40000
EER,20080912,0.43,0.43,0.43,0.43,32000
EGF,20080912,1.95,1.975,1.93,1.95,403392
EGL,20080912,0.06,0.06,0.06,0.06,1750000
EGO,20080912,0.017,0.018,0.016,0.016,7991333
EHL,20080912,1.015,1.07,1.015,1.06,3044026
EKA,20080912,0.15,0.15,0.15,0.15,10000
ELK,20080912,0.34,0.35,0.34,0.35,28500
ELX,20080912,0.245,0.245,0.245,0.245,15000
EMA,20080912,0.395,0.45,0.395,0.45,120000
EME,20080912,1.045,1.045,1,1,13000
EMG,20080912,0.15,0.15,0.15,0.15,158350
EMR,20080912,0.145,0.145,0.14,0.14,844781
EMS,20080912,0.135,0.135,0.135,0.135,100000
ENE,20080912,2.85,2.9,2.79,2.79,294571
ENG,20080912,0.019,0.019,0.019,0.019,44950
ENV,20080912,0.7,0.73,0.69,0.725,696710
EPE,20080912,0.079,0.089,0.079,0.083,519411
EPF,20080912,0.135,0.135,0.135,0.135,20000
EPG,20080912,0.595,0.595,0.55,0.595,186666
EPR,20080912,0.06,0.065,0.057,0.064,4312024
EPY,20080912,0.027,0.028,0.027,0.028,357263
EQN,20080912,3.3,3.41,3.3,3.39,2332801
ERA,20080912,17.1,17.8,17.1,17.39,721211
ERG,20080912,0.018,0.018,0.016,0.016,1169396
ERH,20080912,0.245,0.26,0.235,0.26,394753
ERL,20080912,0.09,0.09,0.09,0.09,21000
ERM,20080912,0.1,0.1,0.1,0.1,80000
ESG,20080912,0.51,0.55,0.51,0.545,791570
ESI,20080912,0.06,0.06,0.058,0.058,173175
ESS,20080912,1.03,1.065,1.02,1.065,9000
ESV,20080912,0.88,0.925,0.87,0.925,65382
ETC,20080912,0.41,0.42,0.405,0.42,55728
EVE,20080912,0.03,0.03,0.03,0.03,387500
EVM,20080912,0.055,0.055,0.051,0.052,47800
EVZ,20080912,0.21,0.23,0.21,0.23,63402
EWC,20080912,0.8,0.8,0.77,0.78,300839
EXE,20080912,0.086,0.086,0.082,0.082,80000
EXM,20080912,0.012,0.012,0.011,0.011,2373540
EXR,20080912,0.13,0.13,0.13,0.13,20000
EXS,20080912,0.295,0.3,0.29,0.29,133001
EXT,20080912,1.25,1.255,1.18,1.18,437248
EZL,20080912,3,3,3,3,200
FAN,20080912,2.68,2.74,2.61,2.61,17000
FAR,20080912,0.066,0.068,0.066,0.068,126398
FAS,20080912,0.1,0.1,0.095,0.1,137800
FAT,20080912,0.87,0.87,0.87,0.87,5000
FBU,20080912,6.06,6.25,6.06,6.22,235747
FCL,20080912,1.48,1.51,1.465,1.49,3186802
FCN,20080912,0.155,0.155,0.14,0.14,150000
FCP,20080912,0.014,0.014,0.014,0.014,300000
FDY,20080912,0.135,0.135,0.135,0.135,185000
FEA,20080912,0.53,0.53,0.515,0.515,418718
FER,20080912,0.35,0.35,0.35,0.35,20000
FGE,20080912,0.53,0.53,0.505,0.505,10000
FGL,20080912,5.69,5.8,5.69,5.75,18924732
FIS,20080912,0.135,0.135,0.135,0.135,5000
FKP,20080912,4.55,4.75,4.5,4.61,674398
FLT,20080912,18.79,19.28,18.13,18.82,245895
FLX,20080912,19.09,19.21,18.64,18.93,908909
FMG,20080912,5.99,6.09,5.91,5.91,6241249
FML,20080912,0.027,0.029,0.026,0.026,746951
FMS,20080912,0.095,0.097,0.093,0.096,22181113
FNT,20080912,0.04,0.04,0.04,0.04,20000
FPA,20080912,1.48,1.48,1.48,1.48,21676
FPH,20080912,2.64,2.67,2.62,2.65,114311
FPS,20080912,2.22,2.25,2.21,2.25,40670
FRE,20080912,0.17,0.17,0.16,0.16,30000
FRR,20080912,0.15,0.15,0.15,0.15,5586
FRS,20080912,0.81,0.81,0.77,0.8,185416
FSA,20080912,0.225,0.23,0.225,0.23,56900
FSE,20080912,0.038,0.039,0.037,0.039,1509126
FSN,20080912,0.4,0.4,0.36,0.36,289869
FTD,20080912,0.025,0.025,0.025,0.025,27198
FUN,20080912,0.415,0.44,0.415,0.435,90179
FUT,20080912,0.005,0.005,0.005,0.005,600000
FWD,20080912,9.1,9.29,8.99,9.27,92471
FWL,20080912,0.16,0.16,0.16,0.16,5000
FXI,20080912,0.75,0.75,0.75,0.75,11464
FXJ,20080912,2.75,2.89,2.75,2.89,5007963
FXL,20080912,0.495,0.51,0.495,0.495,118957
FXR,20080912,0.365,0.37,0.31,0.34,337990
GAU,20080912,0.07,0.071,0.07,0.07,222300
GBG,20080912,0.84,0.85,0.82,0.85,1400174
GBI,20080912,0.16,0.18,0.16,0.18,59208
GBL,20080912,0.012,0.012,0.012,0.012,47368
GBM,20080912,0.095,0.095,0.095,0.095,90000
GBP,20080912,0.145,0.145,0.145,0.145,50000
GBT,20080912,1.55,1.55,1.52,1.52,24549
GCG,20080912,0.185,0.185,0.17,0.18,258055
GCL,20080912,10.08,10.15,9.89,9.99,321628
GCR,20080912,0.016,0.017,0.016,0.017,237180
GDA,20080912,0.06,0.06,0.06,0.06,39375
GDN,20080912,0.062,0.071,0.062,0.071,353000
GDY,20080912,1.35,1.375,1.305,1.33,145591
GER,20080912,0.09,0.09,0.09,0.09,10000
GFF,20080912,1.49,1.49,1.445,1.475,4786602
GGG,20080912,0.27,0.27,0.26,0.27,427296
GGP,20080912,0.4,0.42,0.395,0.41,97900
GGY,20080912,0.041,0.041,0.04,0.041,313500
GHT,20080912,0.51,0.51,0.51,0.51,850
GIA,20080912,0.15,0.15,0.145,0.145,25600
GIP,20080912,0.105,0.105,0.105,0.105,10000
GIR,20080912,1.295,1.315,1.17,1.22,727091
GJT,20080912,0.35,0.355,0.345,0.345,385954
GLB,20080912,0.5,0.5,0.5,0.5,1968
GLF,20080912,0.085,0.1,0.085,0.1,248000
GLI,20080912,0.19,0.19,0.19,0.19,11600
GLM,20080912,0.12,0.14,0.12,0.14,39273
GLX,20080912,0.08,0.08,0.08,0.08,197989
GMG,20080912,3,3.04,2.88,3,5970902
GMI,20080912,1.54,1.55,1.51,1.545,434549
GMR,20080912,0.074,0.075,0.074,0.075,360000
GNC,20080912,8.25,8.45,7.82,8,129900
GNM,20080912,1.05,1.15,1.05,1.15,9700
GNS,20080912,1.475,1.475,1.44,1.44,4465966
GOA,20080912,0.024,0.026,0.023,0.026,104000
GPG,20080912,1.09,1.09,1.08,1.08,29518
GPM,20080912,0.27,0.28,0.265,0.265,487450
GPN,20080912,0.009,0.009,0.009,0.009,600000
GPT,20080912,2.01,2.05,1.92,1.94,16125479
GRB,20080912,0.075,0.075,0.075,0.075,12000
GRD,20080912,0.755,0.755,0.7,0.7,156089
GRR,20080912,2.1,2.1,1.835,2.04,121705
GRY,20080912,0.17,0.17,0.16,0.16,47900
GSE,20080912,0.035,0.035,0.035,0.035,270000
GSF,20080912,0.013,0.018,0.013,0.017,240000
GTP,20080912,0.5,0.51,0.5,0.5,947363
GTX,20080912,0.06,0.06,0.054,0.054,10000
GUD,20080912,6.65,6.65,6.44,6.44,232886
GUN,20080912,0.09,0.09,0.09,0.09,9000
GWR,20080912,1.3,1.38,1.3,1.37,62000
GWT,20080912,3.1,3.1,2.99,3.07,290325
GXL,20080912,0.91,0.91,0.91,0.91,1820
GXY,20080912,0.53,0.53,0.505,0.52,78840
GZL,20080912,1.8,1.8,1.8,1.8,1000
HAP,20080912,0.74,0.74,0.74,0.74,5000
HAV,20080912,0.78,0.78,0.755,0.76,28020
HAW,20080912,0.031,0.032,0.03,0.032,1886627
HDF,20080912,2.64,2.73,2.63,2.73,420999
HDN,20080912,0.26,0.26,0.255,0.255,14480
HEG,20080912,0.155,0.155,0.145,0.15,188000
HER,20080912,1.36,1.36,1.31,1.345,14232
HFA,20080912,1.1,1.11,1.055,1.08,2060444
HGI,20080912,2.73,2.73,2.67,2.71,874145
HGN,20080912,0.27,0.27,0.27,0.27,5000
HGO,20080912,0.19,0.19,0.18,0.185,89000
HHL,20080912,8.4,8.45,8.25,8.27,5752
HHV,20080912,0.785,0.785,0.76,0.785,585459
HHY,20080912,1.37,1.395,1.37,1.375,47458
HIC,20080912,0.685,0.685,0.67,0.67,20000
HIG,20080912,0.077,0.078,0.077,0.077,99868
HIL,20080912,3.98,4.18,3.84,4.18,440109
HIP,20080912,1.25,1.27,1.25,1.27,21200
HLG,20080912,0.5,0.52,0.5,0.5,78857
HMC,20080912,0.08,0.084,0.08,0.084,22886
HNG,20080912,1.665,1.665,1.65,1.65,9854
HNR,20080912,0.24,0.24,0.235,0.235,73705
HRL,20080912,0.14,0.14,0.12,0.12,22585
HRR,20080912,0.355,0.365,0.35,0.36,90955
HSK,20080912,1.1,1.12,1.01,1.08,9000
HSN,20080912,0.38,0.38,0.38,0.38,19000
HSP,20080912,4.3,4.33,4.18,4.3,1191670
HST,20080912,2.77,2.8,2.77,2.8,579943
HTA,20080912,0.1,0.1,0.099,0.099,704055
HTE,20080912,0.06,0.062,0.057,0.062,116000
HTW,20080912,0.6,0.6,0.57,0.6,391989
HVN,20080912,3.65,3.68,3.59,3.63,2814496
HWI,20080912,1.255,1.265,1.22,1.26,112486
HXL,20080912,0.9,0.9,0.9,0.9,1000
HYO,20080912,0.028,0.028,0.024,0.024,294385
HZL,20080912,0.52,0.52,0.52,0.52,10000
HZN,20080912,0.31,0.31,0.3,0.3,248000
IAA,20080912,44.28,44.28,43.8,43.8,3700
IAG,20080912,4.24,4.25,4.16,4.21,7849354
IAS,20080912,0.19,0.19,0.19,0.19,20000
IAU,20080912,0.19,0.195,0.19,0.19,10927010
IAW,20080912,0.18,0.18,0.155,0.155,20000
IBA,20080912,0.725,0.735,0.725,0.73,1231525
IBC,20080912,0.485,0.485,0.485,0.485,289906
IBK,20080912,47.5,47.5,47.18,47.18,711
ICN,20080912,0.21,0.22,0.205,0.205,909073
ICP,20080912,0.04,0.04,0.039,0.04,491000
ICS,20080912,0.2,0.2,0.185,0.185,30000
IDL,20080912,0.455,0.465,0.445,0.445,1438142
IDO,20080912,0.9,0.9,0.86,0.86,16018
IDT,20080912,2.1,2.1,2.05,2.1,15500
IEF,20080912,0.64,0.65,0.62,0.63,390300
IEM,20080912,44.4,44.45,44.12,44.41,3013
IFE,20080912,0.7,0.7,0.63,0.65,46670
IFL,20080912,5.4,5.51,5.28,5.5,67180
IFM,20080912,0.4,0.4,0.385,0.39,148000
IGC,20080912,0.37,0.375,0.355,0.36,893100
IGG,20080912,0.48,0.48,0.48,0.48,20800
IGO,20080912,2.69,2.82,2.67,2.74,949072
IGR,20080912,0.155,0.165,0.15,0.165,888591
IHF,20080912,0.83,0.84,0.82,0.83,50200
IHK,20080912,18.72,18.72,18.72,18.72,3000
IIF,20080912,1.6,1.615,1.575,1.6,2673075
IIG,20080912,0.007,0.007,0.007,0.007,500000
III,20080912,0.145,0.185,0.145,0.185,54000
IIN,20080912,1.4,1.4,1.345,1.39,242810
IJH,20080912,97.04,97.09,97.04,97.09,815
IJP,20080912,13.56,13.62,13.56,13.62,5500
ILF,20080912,0.34,0.34,0.33,0.33,834568
ILU,20080912,4.66,4.85,4.62,4.85,1787415
IMA,20080912,0.57,0.57,0.55,0.55,13500
IMD,20080912,1.645,1.65,1.6,1.63,481868
IMF,20080912,0.825,0.825,0.8,0.8,245000
IMI,20080912,0.008,0.009,0.007,0.009,1154250
IMP,20080912,0.011,0.011,0.011,0.011,2783334
IMU,20080912,0.064,0.064,0.062,0.062,16950
INE,20080912,0.62,0.62,0.62,0.62,9000
INL,20080912,0.013,0.013,0.011,0.012,4449017
INP,20080912,0.42,0.44,0.405,0.42,208841
INT,20080912,0.011,0.011,0.011,0.011,450000
IOF,20080912,1.52,1.545,1.45,1.48,5696179
IOH,20080912,0.46,0.49,0.41,0.49,15891
IOO,20080912,81,81,81,81,700
IPE,20080912,0.69,0.7,0.69,0.7,38825
IPL,20080912,136,142,134.03,139.01,475591
IPM,20080912,1.15,1.15,1.135,1.14,185293
IPN,20080912,0.265,0.265,0.265,0.265,25000
IPR,20080912,0.087,0.087,0.087,0.087,10000
IPX,20080912,0.53,0.53,0.53,0.53,100000
IRC,20080912,0.24,0.24,0.24,0.24,29500
IRD,20080912,0.22,0.22,0.22,0.22,10000
IRE,20080912,6.31,6.36,6.12,6.35,366604
IRI,20080912,0.345,0.36,0.33,0.33,176750
IRL,20080912,0.05,0.051,0.05,0.051,80000
IRM,20080912,0.155,0.175,0.155,0.175,25700
IRN,20080912,0.95,0.98,0.87,0.96,9316803
ISS,20080912,0.545,0.57,0.545,0.57,62950
ITC,20080912,0.046,0.048,0.042,0.048,780000
ITD,20080912,0.1,0.1,0.1,0.1,150000
ITE,20080912,0.026,0.03,0.026,0.03,8620000
IUL,20080912,0.012,0.012,0.012,0.012,250000
IVA,20080912,1.26,1.26,1.15,1.19,67324
IVC,20080912,5.2,5.4,5.2,5.4,264657
IVE,20080912,74,74,74,74,314
IVV,20080912,156.95,156.95,156.02,156.25,293
IXR,20080912,0.395,0.4,0.395,0.4,84232
IZZ,20080912,46.8,46.8,45.54,45.54,1836
JAK,20080912,0.081,0.081,0.08,0.08,247660
JBH,20080912,13.01,13.57,13.01,13.57,485318
JET,20080912,1.52,1.52,1.52,1.52,5000
JGL,20080912,0.1,0.105,0.1,0.1,15000
JHX,20080912,4.91,5.13,4.8,5.06,5494038
JMB,20080912,0.5,0.5,0.5,0.5,4000
JML,20080912,0.28,0.305,0.28,0.305,668079
JMS,20080912,0.18,0.18,0.17,0.18,152567
JRV,20080912,0.017,0.018,0.016,0.018,6183889
JVG,20080912,0.13,0.13,0.13,0.13,13910
KAL,20080912,0.04,0.04,0.04,0.04,100000
KAR,20080912,4.05,4.31,3.85,4.31,826742
KBC,20080912,0.8,0.8,0.77,0.77,120516
KCN,20080912,4.15,4.27,4.13,4.21,333744
KEY,20080912,0.21,0.23,0.205,0.23,121390
KGL,20080912,0.096,0.099,0.095,0.095,76000
KIK,20080912,0.185,0.185,0.18,0.185,150000
KIL,20080912,0.785,0.79,0.78,0.79,184453
KIS,20080912,0.34,0.34,0.33,0.33,36191
KLM,20080912,0.27,0.27,0.26,0.26,56500
KMN,20080912,0.165,0.175,0.165,0.17,116329
KOR,20080912,0.125,0.125,0.125,0.125,3765
KRB,20080912,0.46,0.49,0.46,0.49,12750
KRS,20080912,0.24,0.24,0.24,0.24,5180
KSC,20080912,2.95,2.95,2.95,2.95,9800
KSO,20080912,0.095,0.095,0.09,0.094,47800
KSX,20080912,0.035,0.04,0.035,0.035,153570
KTE,20080912,0.09,0.09,0.09,0.09,20000
KYC,20080912,0.215,0.23,0.215,0.215,33800
KZL,20080912,2.63,2.7,2.56,2.62,1871837
LAU,20080912,0.16,0.16,0.16,0.16,161750
LBL,20080912,0.145,0.15,0.145,0.15,40000
LBT,20080912,0.18,0.18,0.18,0.18,34000
LBY,20080912,0.125,0.135,0.125,0.135,574999
LCM,20080912,1,1,1,1,4000
LCT,20080912,0.2,0.2,0.2,0.2,2500
LEF,20080912,0.08,0.08,0.08,0.08,50000
LEG,20080912,0.018,0.018,0.018,0.018,750000
LEI,20080912,41.5,43.08,41.2,43.08,899301
LEP,20080912,2.96,3.04,2.96,2.96,9605
LFE,20080912,0.07,0.07,0.07,0.07,228630
LGD,20080912,0.085,0.099,0.085,0.099,1031825
LGL,20080912,1.745,1.82,1.745,1.815,13996966
LGO,20080912,0.014,0.014,0.014,0.014,100000
LIN,20080912,0.083,0.083,0.083,0.083,120000
LKO,20080912,0.006,0.006,0.005,0.006,4382600
LLA,20080912,0.033,0.036,0.03,0.036,519176
LLC,20080912,9.21,9.55,9.15,9.25,1609251
LMC,20080912,3.89,3.89,3.8,3.8,1618
LML,20080912,0.235,0.24,0.235,0.24,293000
LMP,20080912,0.16,0.16,0.15,0.15,43050
LNC,20080912,4.28,4.43,4.22,4.43,646991
LNG,20080912,0.82,0.86,0.815,0.86,20401
LNN,20080912,8.89,9.06,8.76,9.05,2945379
LOD,20080912,0.022,0.022,0.022,0.022,65000
LOM,20080912,0.175,0.175,0.175,0.175,10000
LRF,20080912,0.845,0.85,0.84,0.85,102316
LRL,20080912,0.27,0.27,0.25,0.26,63950
LSA,20080912,0.017,0.017,0.015,0.015,500000
LSR,20080912,0.048,0.048,0.048,0.048,594
LST,20080912,1.4,1.47,1.39,1.47,346339
LUM,20080912,0.009,0.009,0.009,0.009,22415
LYC,20080912,0.73,0.775,0.73,0.75,2828889
LYL,20080912,4.51,4.52,4.45,4.45,23437
MAE,20080912,0.715,0.725,0.66,0.715,698788
MAH,20080912,1.8,1.85,1.785,1.835,4475570
MAK,20080912,1.11,1.11,1.01,1.05,257088
MAL,20080912,0.068,0.068,0.067,0.067,49000
MAP,20080912,2.92,3.05,2.91,3.05,3172560
MAQ,20080912,0.8,0.8,0.8,0.8,7080
MAR,20080912,0.16,0.16,0.16,0.16,48751
MBA,20080912,0.035,0.035,0.035,0.035,10000
MBN,20080912,4.14,4.2,4.05,4.2,115478
MBP,20080912,0.036,0.036,0.035,0.035,131477
MBT,20080912,0.64,0.64,0.62,0.62,5500
MCB,20080912,0.04,0.04,0.04,0.04,10000
MCC,20080912,11.02,11.38,11.02,11.21,1297485
MCG,20080912,3.06,3.1,2.97,3.05,1151002
MCH,20080912,1.5,1.5,1.5,1.5,1000
MCK,20080912,0.75,0.75,0.68,0.68,9800
MCL,20080912,0.016,0.016,0.016,0.016,40000
MCO,20080912,0.15,0.15,0.15,0.15,160055
MCP,20080912,2.91,3.05,2.87,3.03,70663
MCR,20080912,1.28,1.355,1.28,1.33,1313495
MCU,20080912,0.65,0.67,0.65,0.66,67089
MCW,20080912,1.1,1.125,1.09,1.11,3858192
MDA,20080912,0.305,0.315,0.305,0.315,103700
MDL,20080912,0.53,0.61,0.53,0.6,500695
MDS,20080912,0.062,0.062,0.06,0.06,346500
MDT,20080912,0.405,0.41,0.385,0.385,6240463
MDX,20080912,0.46,0.46,0.46,0.46,230000
MEI,20080912,0.058,0.058,0.058,0.058,8000
MEL,20080912,0.79,0.79,0.78,0.79,51972
MEO,20080912,0.33,0.34,0.325,0.325,719444
MEP,20080912,0.245,0.27,0.245,0.27,16630
MES,20080912,0.155,0.16,0.145,0.16,307597
MET,20080912,0.13,0.14,0.13,0.14,35000
MEU,20080912,0.058,0.06,0.054,0.06,200220
MFC,20080912,0.105,0.105,0.105,0.105,10000
MFF,20080912,0.675,0.69,0.67,0.68,337320
MFG,20080912,0.575,0.65,0.575,0.6,66084
MGK,20080912,0.031,0.031,0.03,0.03,50000
MGO,20080912,0.2,0.21,0.2,0.21,92450
MGR,20080912,3.05,3.05,2.88,2.88,5031931
MGX,20080912,1.96,2.05,1.93,1.99,9048423
MGY,20080912,0.14,0.15,0.14,0.15,48982
MHL,20080912,0.01,0.01,0.009,0.009,350000
MHM,20080912,0.091,0.091,0.091,0.091,9000
MIG,20080912,2.26,2.28,2.19,2.22,9829777
MIK,20080912,0.165,0.165,0.16,0.16,61286
MIN,20080912,6.9,7,6.85,6.87,214075
MIR,20080912,1.95,1.95,1.95,1.95,3680
MIS,20080912,6.37,6.38,6.37,6.37,131803
MIT,20080912,1.53,1.55,1.52,1.55,21024
MIX,20080912,0.285,0.295,0.285,0.29,286882
MKY,20080912,0.02,0.02,0.02,0.02,550000
MLB,20080912,3.1,3.15,3.07,3.15,41825
MLE,20080912,1.83,1.865,1.805,1.835,74839
MLI,20080912,0.16,0.16,0.15,0.15,561409
MLM,20080912,0.36,0.365,0.34,0.34,84200
MLS,20080912,0.016,0.016,0.016,0.016,1074000
MLT,20080912,18.65,18.81,18.65,18.8,6474
MLX,20080912,0.27,0.295,0.27,0.295,385269
MMA,20080912,0.6,0.6,0.595,0.595,252474
MMB,20080912,0.485,0.54,0.485,0.54,119609
MMG,20080912,3.4,3.4,3.37,3.4,428724
MML,20080912,0.91,0.91,0.91,0.91,5000
MMN,20080912,0.055,0.057,0.055,0.056,286144
MMS,20080912,2.64,2.65,2.63,2.64,24749
MMX,20080912,1.98,2,1.93,1.95,2411149
MMY,20080912,0.125,0.125,0.125,0.125,4051
MND,20080912,15.5,15.97,15.47,15.97,342571
MNL,20080912,0.245,0.275,0.245,0.275,119400
MNM,20080912,0.18,0.18,0.16,0.16,181188
MNY,20080912,0.4,0.4,0.4,0.4,3000
MOC,20080912,1.035,1.07,1.035,1.07,26285
MOF,20080912,1.01,1.04,0.995,1.03,9126966
MOG,20080912,0.08,0.08,0.074,0.08,422015
MOL,20080912,1.72,1.83,1.7,1.77,97052
MOS,20080912,0.11,0.115,0.11,0.115,382000
MOX,20080912,0.13,0.135,0.13,0.13,125000
MPF,20080912,0.58,0.58,0.56,0.57,46144
MPJ,20080912,0.004,0.004,0.004,0.004,400274
MPO,20080912,1.345,1.345,1.29,1.33,284265
MPS,20080912,0.35,0.36,0.345,0.345,138669
MQG,20080912,43.6,44.15,42.64,44.01,2243495
MRA,20080912,0.405,0.415,0.4,0.41,171023
MRC,20080912,0.076,0.076,0.076,0.076,1451271
MRE,20080912,0.97,1.07,0.97,1.05,3232731
MRK,20080912,0.032,0.032,0.028,0.031,742600
MRM,20080912,1.615,1.63,1.6,1.6,776375
MRO,20080912,0.22,0.22,0.215,0.215,55375
MRU,20080912,1.8,1.8,1.8,1.8,1000
MRX,20080912,0.036,0.036,0.034,0.036,608435
MRZ,20080912,0.585,0.6,0.58,0.58,31630
MSA,20080912,0.43,0.43,0.425,0.425,45000
MSB,20080912,1.26,1.28,1.26,1.28,6650
MSC,20080912,0.015,0.016,0.015,0.015,1432000
MSF,20080912,2.23,2.3,2.23,2.3,26923
MSL,20080912,2.57,2.61,2.57,2.6,43201
MSN,20080912,0.14,0.14,0.125,0.125,138066
MST,20080912,0.042,0.042,0.041,0.041,103140
MTB,20080912,0.017,0.017,0.016,0.016,50000
MTI,20080912,0.01,0.01,0.009,0.009,300000
MTN,20080912,1.04,1.04,0.96,0.975,35505
MTS,20080912,4.19,4.27,4.12,4.27,1436864
MTU,20080912,0.66,0.68,0.65,0.68,71465
MTY,20080912,0.024,0.05,0.024,0.05,48655
MUE,20080912,0.5,0.5,0.49,0.495,31190
MUN,20080912,0.215,0.215,0.2,0.215,292820
MUR,20080912,0.062,0.07,0.062,0.07,79364
MVH,20080912,0.08,0.08,0.08,0.08,30000
MVP,20080912,0.275,0.275,0.275,0.275,31950
MVU,20080912,0.18,0.18,0.18,0.18,3000
MWE,20080912,0.135,0.14,0.13,0.135,190482
MXI,20080912,0.62,0.62,0.6,0.605,125890
MXR,20080912,0.094,0.094,0.086,0.09,286480
MYO,20080912,1.1,1.135,1.09,1.1,135802
MZM,20080912,0.105,0.105,0.1,0.1,96000
NAB,20080912,23.97,24.17,23.55,23.96,7964473
NAD,20080912,0.008,0.008,0.008,0.008,156750
NAL,20080912,0.013,0.013,0.013,0.013,400000
NAM,20080912,0.3,0.3,0.3,0.3,10451
NAN,20080912,0.22,0.22,0.215,0.215,168999
NAV,20080912,0.205,0.205,0.205,0.205,10000
NBL,20080912,1.91,1.91,1.9,1.91,25500
NCI,20080912,1.42,1.42,1.42,1.42,30000
NCM,20080912,18.88,19.62,18.88,19.5,3068316
NDO,20080912,0.24,0.26,0.225,0.26,10460284
NEC,20080912,1.55,1.6,1.55,1.6,135505
NEM,20080912,4.68,4.68,4.6,4.64,55851
NEO,20080912,0.028,0.029,0.026,0.029,2081411
NEU,20080912,0.077,0.077,0.076,0.077,446309
NFE,20080912,3.2,3.21,3.16,3.2,113169
NFK,20080912,1.24,1.27,1.225,1.27,42100
NFL,20080912,0.12,0.12,0.105,0.115,199176
NGF,20080912,0.15,0.155,0.15,0.155,590024
NGM,20080912,0.029,0.029,0.027,0.027,319000
NHC,20080912,4.43,4.57,4.36,4.5,213869
NHF,20080912,0.775,0.805,0.775,0.78,170514
NHR,20080912,2.15,2.15,2,2,20340
NIO,20080912,0.02,0.02,0.02,0.02,22000
NIP,20080912,0.31,0.31,0.31,0.31,17063
NKP,20080912,0.57,0.57,0.57,0.57,65000
NLG,20080912,0.008,0.01,0.008,0.01,769500
NLX,20080912,0.445,0.485,0.43,0.455,40220
NMI,20080912,0.09,0.09,0.09,0.09,20000
NMN,20080912,0.15,0.15,0.15,0.15,20000
NMR,20080912,0.185,0.2,0.185,0.2,12000
NMS,20080912,0.51,0.52,0.5,0.51,283034
NOD,20080912,1.65,1.7,1.65,1.68,148385
NRT,20080912,1.35,1.35,1.35,1.35,9835
NSE,20080912,0.2,0.2,0.155,0.19,293987
NSL,20080912,0.034,0.035,0.031,0.033,630142
NSP,20080912,0.07,0.07,0.07,0.07,18100
NST,20080912,0.078,0.078,0.078,0.078,22858
NSX,20080912,0.15,0.15,0.15,0.15,42000
NTC,20080912,0.155,0.16,0.155,0.16,75000
NUF,20080912,15.65,15.69,15.27,15.66,294599
NVT,20080912,2.3,2.4,2.27,2.4,126486
NWE,20080912,0.08,0.082,0.08,0.082,110000
NWH,20080912,2.18,2.23,2.18,2.2,563683
NWS,20080912,18,18,17.67,17.75,1531627
NWT,20080912,0.003,0.003,0.002,0.003,5116900
NXS,20080912,1.35,1.385,1.32,1.385,2487236
NZO,20080912,1.225,1.24,1.225,1.24,46739
OAK,20080912,0.97,0.97,0.97,0.97,12000
OCL,20080912,0.33,0.33,0.33,0.33,145533
ODY,20080912,0.2,0.22,0.2,0.22,67825
OEC,20080912,0.063,0.063,0.058,0.063,7330005
OEL,20080912,0.315,0.325,0.3,0.32,646658
OEX,20080912,0.78,0.78,0.725,0.725,48192
OFG,20080912,0.9,0.9,0.85,0.9,4450
OGC,20080912,0.475,0.475,0.41,0.41,283024
OIF,20080912,0.355,0.37,0.35,0.37,532149
OIL,20080912,0.225,0.225,0.225,0.225,5000
OIP,20080912,0.095,0.095,0.095,0.095,1895
OKN,20080912,4.03,4.13,3.99,4.08,301884
OLE,20080912,0.023,0.023,0.023,0.023,27121
OMH,20080912,2,2.07,2,2.07,1676848
OMI,20080912,0.345,0.345,0.345,0.345,7000
ONC,20080912,0.16,0.16,0.16,0.16,92000
ORD,20080912,0.105,0.105,0.095,0.095,145500
ORE,20080912,0.245,0.245,0.245,0.245,90000
ORG,20080912,17,17.18,16.84,17.01,9786700
ORH,20080912,0.095,0.095,0.09,0.09,65000
ORI,20080912,23.01,23.36,22.8,23.29,1026927
ORL,20080912,3.4,3.5,3.34,3.35,14421
ORO,20080912,0.01,0.011,0.01,0.011,1079510
ORP,20080912,0.045,0.045,0.045,0.045,15050
OSH,20080912,5.75,5.78,5.44,5.62,5763250
OST,20080912,5.93,6,5.85,6,2895390
OVR,20080912,0.32,0.36,0.32,0.36,65000
OZL,20080912,1.315,1.37,1.31,1.35,37321579
PAA,20080912,0.022,0.022,0.022,0.022,45590
PAB,20080912,0.255,0.255,0.255,0.255,59495
PAG,20080912,1.61,1.61,1.565,1.575,295276
PAN,20080912,1.55,1.65,1.54,1.65,2397165
PAX,20080912,0.19,0.195,0.18,0.195,156248
PBA,20080912,0.67,0.67,0.67,0.67,3000
PBB,20080912,1.26,1.26,1.26,1.26,5000
PBD,20080912,0.425,0.43,0.425,0.425,91277
PBG,20080912,2.3,2.32,2.23,2.3,2250113
PBP,20080912,1.55,1.55,1.48,1.48,175980
PBT,20080912,0.48,0.52,0.48,0.515,869301
PCL,20080912,0.031,0.031,0.031,0.031,10000
PDN,20080912,4.63,4.75,4.58,4.72,5177880
PDZ,20080912,0.265,0.265,0.22,0.25,175482
PEK,20080912,0.083,0.084,0.083,0.084,60000
PEM,20080912,0.25,0.36,0.23,0.33,10167739
PEN,20080912,0.024,0.025,0.024,0.025,60000
PEO,20080912,0.04,0.04,0.035,0.035,500000
PES,20080912,1.68,1.7,1.65,1.68,66100
PET,20080912,0.75,0.75,0.75,0.75,6200
PEV,20080912,0.045,0.045,0.045,0.045,879999
PEX,20080912,0.2,0.2,0.2,0.2,15000
PFG,20080912,0.315,0.315,0.315,0.315,57000
PFL,20080912,1.15,1.15,1.15,1.15,1000
PGA,20080912,2.95,2.95,2.92,2.93,6062
PGC,20080912,0.028,0.028,0.028,0.028,15630
PGL,20080912,0.65,0.665,0.63,0.63,57121
PGM,20080912,0.42,0.42,0.42,0.42,8000
PGS,20080912,0.085,0.085,0.085,0.085,90000
PHK,20080912,0.175,0.175,0.165,0.17,128500
PHL,20080912,0.4,0.42,0.4,0.42,13000
PIE,20080912,0.018,0.018,0.017,0.017,323000
PIO,20080912,0.065,0.065,0.065,0.065,2250
PLA,20080912,1.82,1.975,1.805,1.95,663919
PLI,20080912,0.4,0.4,0.4,0.4,133500
PLT,20080912,0.125,0.125,0.105,0.105,311616
PLV,20080912,1.48,1.6,1.48,1.6,177556
PMC,20080912,1.29,1.3,1.28,1.3,36793
PME,20080912,1.05,1.08,1.03,1.08,11299
PMM,20080912,21.1,21.15,21.06,21.14,149303
PMP,20080912,1.2,1.3,1.2,1.3,541126
PMV,20080912,4.83,4.94,4.82,4.94,175142
PNA,20080912,0.635,0.64,0.62,0.63,8032467
POH,20080912,0.076,0.076,0.072,0.075,329489
POL,20080912,0.26,0.26,0.25,0.25,718915
POS,20080912,0.55,0.55,0.5,0.52,582550
POZ,20080912,0.47,0.47,0.47,0.47,3000
PPC,20080912,2.41,2.44,2.35,2.41,286185
PPP,20080912,0.21,0.215,0.21,0.215,179372
PPT,20080912,47.36,47.5,44.84,46.75,84507
PPX,20080912,2.2,2.22,2.13,2.2,1835397
PRC,20080912,1.43,1.57,1.405,1.57,29130
PRE,20080912,0.008,0.008,0.008,0.008,3000000
PRG,20080912,3.84,3.92,3.8,3.81,22730
PRO,20080912,0.41,0.42,0.37,0.37,71914
PRR,20080912,0.008,0.008,0.008,0.008,1229549
PRT,20080912,2.37,2.37,2.26,2.3,959879
PRU,20080912,0.75,0.75,0.74,0.74,328603
PRV,20080912,0.82,0.82,0.785,0.785,11994
PRW,20080912,0.17,0.19,0.17,0.19,147500
PRY,20080912,5.35,5.44,5.28,5.38,1052824
PRZ,20080912,0.19,0.19,0.18,0.18,58000
PSA,20080912,0.42,0.43,0.405,0.415,287189
PSH,20080912,1.755,1.795,1.75,1.795,61394
PSP,20080912,0.069,0.074,0.069,0.074,17747
PTM,20080912,3.68,3.86,3.68,3.85,247273
PTN,20080912,0.47,0.475,0.46,0.46,109964
PTR,20080912,0.61,0.61,0.61,0.61,3120
PTS,20080912,0.15,0.17,0.15,0.17,99720
PVA,20080912,3.15,3.4,3.15,3.4,2750
PVE,20080912,1.475,1.48,1.475,1.475,25000
PWK,20080912,4,4,3.9,3.9,5450
PXR,20080912,0.031,0.031,0.031,0.031,25000
PXS,20080912,2.21,2.38,2.21,2.32,219313
PYC,20080912,0.086,0.086,0.085,0.085,99686
PYM,20080912,0.14,0.145,0.125,0.125,2632089
QAN,20080912,3.46,3.59,3.46,3.54,10304591
QBE,20080912,24.54,24.7,23.67,24.2,4708404
QED,20080912,0.015,0.015,0.015,0.015,57700
QGC,20080912,4.78,4.8,4.65,4.7,3264734
QHL,20080912,0.265,0.275,0.265,0.275,4
QMG,20080912,0.021,0.021,0.019,0.019,281317
QOL,20080912,0.069,0.073,0.066,0.073,127000
QRX,20080912,0.6,0.6,0.6,0.6,10000
QTM,20080912,0.078,0.078,0.078,0.078,13000
RAT,20080912,0.047,0.048,0.044,0.045,547270
RAU,20080912,0.052,0.053,0.049,0.05,2521800
RBM,20080912,0.017,0.018,0.017,0.018,1500000
RCH,20080912,0.022,0.022,0.02,0.02,614748
RCR,20080912,1.035,1.06,1.03,1.03,27566
RCT,20080912,2.55,2.55,2.55,2.55,11650
RCY,20080912,0.21,0.22,0.19,0.19,1508045
RDF,20080912,2.71,2.75,2.7,2.75,48302
RDM,20080912,0.195,0.195,0.195,0.195,10000
RDR,20080912,0.54,0.59,0.53,0.575,163262
RDS,20080912,0.31,0.31,0.31,0.31,5000
REA,20080912,5.29,5.29,5.02,5.2,57446
RED,20080912,0.042,0.042,0.042,0.042,33000
REF,20080912,1.57,1.57,1.37,1.4,699318
REH,20080912,20,20,20,20,200
RER,20080912,0.038,0.038,0.038,0.038,37610
RES,20080912,0.205,0.205,0.195,0.2,1558326
REU,20080912,0.044,0.05,0.04,0.047,4209659
REX,20080912,1.14,1.14,1.135,1.135,16500
REY,20080912,0.225,0.225,0.225,0.225,31604
RFE,20080912,0.46,0.46,0.44,0.44,13200
RFG,20080912,1.44,1.45,1.44,1.45,29638
RFL,20080912,0.115,0.12,0.1,0.1,138240
RHC,20080912,10.74,10.95,10.62,10.92,394057
RHD,20080912,0.375,0.38,0.37,0.37,103600
RHG,20080912,0.125,0.13,0.125,0.125,311480
RHL,20080912,4.21,4.21,4.2,4.2,10000
RHT,20080912,0.015,0.015,0.015,0.015,100000
RIC,20080912,1.095,1.105,1.095,1.1,74776
RIM,20080912,0.022,0.022,0.021,0.021,100336
RIO,20080912,103.89,106.25,102.77,106.25,1134456
RIV,20080912,8.41,8.9,8.41,8.8,1712305
RJT,20080912,0.043,0.049,0.043,0.045,17222353
RKN,20080912,1.16,1.18,1.16,1.18,11900
RMC,20080912,0.27,0.27,0.27,0.27,11120
RMD,20080912,5.89,5.99,5.85,5.87,3210379
RMG,20080912,0.014,0.014,0.013,0.013,600000
RML,20080912,0.1,0.11,0.098,0.1,636900
RMS,20080912,0.535,0.565,0.53,0.54,118370
RNG,20080912,0.019,0.019,0.019,0.019,28000
RNY,20080912,0.2,0.2,0.19,0.2,200338
ROC,20080912,1.14,1.14,1.065,1.1,1818679
ROY,20080912,0.155,0.17,0.155,0.155,140029
RPC,20080912,0.02,0.022,0.02,0.022,1000000
RPM,20080912,0.195,0.195,0.195,0.195,30000
RPX,20080912,1.11,1.11,1.095,1.11,1390
RRA,20080912,0.72,0.72,0.72,0.72,1300
RRL,20080912,0.16,0.165,0.16,0.165,8500
RRS,20080912,0.1,0.1,0.1,0.1,122000
RRT,20080912,0.02,0.021,0.02,0.021,297287
RSG,20080912,1.155,1.215,1.125,1.19,413177
RSN,20080912,0.015,0.015,0.015,0.015,2121000
RUB,20080912,0.11,0.11,0.11,0.11,80000
RUL,20080912,0.91,0.91,0.88,0.88,66231
RUM,20080912,0.105,0.105,0.105,0.105,20000
RVR,20080912,0.1,0.1,0.1,0.1,6000
RWD,20080912,0.63,0.63,0.63,0.63,10000
SAE,20080912,0.23,0.24,0.225,0.24,767047
SAI,20080912,2.9,3.1,2.9,3.1,162652
SAR,20080912,0.097,0.097,0.097,0.097,5000
SAU,20080912,0.1,0.1,0.1,0.1,25100
SAV,20080912,0.57,0.57,0.55,0.55,17500
SAY,20080912,0.775,0.78,0.75,0.75,122711
SBM,20080912,0.21,0.225,0.21,0.22,14419932
SBN,20080912,0.014,0.014,0.014,0.014,1500000
SBR,20080912,0.165,0.165,0.165,0.165,3500
SBS,20080912,0.03,0.03,0.03,0.03,200000
SCB,20080912,0.715,0.715,0.715,0.715,2785
SCV,20080912,0.06,0.06,0.06,0.06,20000
SDG,20080912,2.37,2.41,2.31,2.41,2202395
SDI,20080912,0.25,0.25,0.25,0.25,10000
SDL,20080912,0.265,0.27,0.255,0.26,7375755
SDM,20080912,2.44,2.44,2.44,2.44,1500
SEK,20080912,5.49,5.5,5.24,5.43,671870
SEN,20080912,0.05,0.052,0.05,0.05,423534
SEV,20080912,7.96,7.98,7.75,7.77,751101
SEY,20080912,0.23,0.23,0.185,0.185,63500
SFH,20080912,0.77,0.8,0.725,0.745,133246
SFP,20080912,0.06,0.065,0.056,0.065,67285
SFY,20080912,46.27,46.48,46,46.48,7418
SGB,20080912,31.29,31.29,30.37,30.96,869524
SGH,20080912,1.48,1.48,1.47,1.47,20951
SGL,20080912,0.35,0.355,0.34,0.355,104884
SGM,20080912,31.4,31.98,30.98,31.6,358321
SGN,20080912,1.27,1.295,1.26,1.295,99525
SGP,20080912,5.76,5.83,5.43,5.47,7952869
SGT,20080912,2.89,2.93,2.86,2.9,3162241
SGX,20080912,3.05,3.1,2.95,2.98,1363234
SHC,20080912,0.08,0.11,0.08,0.11,433517
SHE,20080912,0.1,0.1,0.1,0.1,99450
SHG,20080912,2.99,3.01,2.95,2.95,2064296
SHL,20080912,13.81,13.98,13.66,13.8,896939
SHV,20080912,5.25,5.3,5.24,5.29,3558
SHX,20080912,0.13,0.13,0.13,0.13,404
SIM,20080912,0.28,0.28,0.28,0.28,29952
SIP,20080912,1.395,1.48,1.39,1.425,4551886
SKC,20080912,2.99,3.05,2.96,3,12165
SKE,20080912,3.11,3.11,3,3.02,9959
SKI,20080912,1.62,1.65,1.61,1.65,2075050
SLA,20080912,0.405,0.405,0.38,0.4,326739
SLF,20080912,13.79,13.79,13.23,13.39,45249
SLM,20080912,3.12,3.15,3.08,3.09,26068
SLR,20080912,0.17,0.17,0.17,0.17,138300
SLV,20080912,1.11,1.15,1.11,1.15,7904
SLX,20080912,6.09,6.11,5.7,5.88,359637
SMA,20080912,0.017,0.019,0.016,0.019,486670
SML,20080912,0.016,0.016,0.016,0.016,35877
SMM,20080912,2.36,2.7,2.01,2.7,70789
SMX,20080912,3.91,4.01,3.9,3.95,127762
SMZ,20080912,0.075,0.075,0.07,0.07,76292
SND,20080912,0.57,0.57,0.57,0.57,19591
SNU,20080912,0.089,0.089,0.089,0.089,40980
SOE,20080912,0.14,0.14,0.12,0.13,2348391
SOI,20080912,0.295,0.295,0.28,0.28,20300
SOL,20080912,10.9,10.98,10.84,10.9,1207751
SOM,20080912,0.026,0.026,0.025,0.025,385000
SOT,20080912,0.165,0.165,0.16,0.16,146112
SPH,20080912,1.55,1.6,1.31,1.5,194053
SPI,20080912,0.145,0.145,0.145,0.145,5000
SPL,20080912,0.325,0.325,0.3,0.3,97560
SPN,20080912,1.1,1.1,1.075,1.085,3531211
SPP,20080912,0.012,0.012,0.012,0.012,49920
SPT,20080912,3.69,3.72,3.48,3.55,779580
SRH,20080912,1.6,1.6,1.6,1.6,54000
SRI,20080912,0.041,0.041,0.041,0.041,18305
SRK,20080912,1.15,1.23,1.12,1.13,328905
SRL,20080912,3.96,4.04,3.75,4,3664815
SRV,20080912,3.69,3.69,3.55,3.69,29994
SRX,20080912,2.39,2.39,2.39,2.39,100
SRZ,20080912,0.14,0.14,0.14,0.14,30000
SSI,20080912,0.95,0.95,0.8,0.8,1800
SSM,20080912,1.04,1.045,1.03,1.04,66587
SSS,20080912,0.023,0.023,0.021,0.022,3257640
STB,20080912,0.135,0.14,0.125,0.14,60500
STE,20080912,0.078,0.078,0.078,0.078,107038
STG,20080912,0.15,0.15,0.145,0.145,64600
STI,20080912,0.028,0.028,0.027,0.027,100000
STO,20080912,18.51,19.37,18.21,19.37,2594390
STP,20080912,0.09,0.09,0.09,0.09,486553
STS,20080912,2.3,2.3,2.21,2.21,10362
STU,20080912,1.13,1.13,0.97,1.07,198922
STW,20080912,46.25,46.55,45.75,46.43,130461
STX,20080912,0.27,0.29,0.25,0.29,355650
SUL,20080912,3,3.09,3,3.02,55409
SUN,20080912,10.05,10.28,10.05,10.18,4141199
SVC,20080912,0.125,0.125,0.12,0.12,306000
SWK,20080912,1.27,1.3,1.27,1.285,57892
SXE,20080912,1.2,1.23,1.2,1.23,159400
SXG,20080912,0.14,0.14,0.13,0.13,6842
SXP,20080912,0.705,0.705,0.705,0.705,14000
SYM,20080912,0.49,0.49,0.49,0.49,3000
SYP,20080912,0.16,0.16,0.16,0.16,58309
TAH,20080912,8.3,8.56,8.3,8.4,2335416
TAL,20080912,2.75,2.92,2.75,2.9,388333
TAM,20080912,0.021,0.022,0.02,0.02,7879678
TAP,20080912,0.92,0.935,0.895,0.935,975824
TAS,20080912,0.075,0.075,0.075,0.075,44600
TAW,20080912,0.045,0.045,0.045,0.045,72500
TCL,20080912,5.1,5.39,4.96,5.37,13428975
TCQ,20080912,0.9,0.9,0.85,0.85,131305
TDO,20080912,0.18,0.18,0.18,0.18,20000
TEL,20080912,2.44,2.45,2.41,2.43,9419593
TEN,20080912,1.57,1.625,1.57,1.62,791706
TEX,20080912,0.074,0.076,0.074,0.075,69928
TEY,20080912,0.315,0.32,0.31,0.32,55580
TFC,20080912,1.37,1.375,1.36,1.375,197011
TFS,20080912,0.17,0.17,0.17,0.17,415000
TGF,20080912,0.2,0.2,0.2,0.2,39940
TGG,20080912,0.995,1,0.995,1,28091
TGR,20080912,2.38,2.48,2.38,2.4,523809
TGS,20080912,0.28,0.28,0.28,0.28,126995
THG,20080912,0.745,0.75,0.735,0.75,558420
THO,20080912,0.97,0.97,0.97,0.97,30670
THR,20080912,0.053,0.06,0.053,0.06,136689
THX,20080912,0.285,0.285,0.275,0.285,133000
TIM,20080912,0.8,0.8,0.765,0.79,535935
TJN,20080912,0.695,0.745,0.695,0.7,52880
TKG,20080912,0.15,0.15,0.15,0.15,20000
TLM,20080912,0.34,0.34,0.33,0.33,11000
TLS,20080912,4.22,4.29,4.19,4.28,31510502
TMR,20080912,0.021,0.021,0.019,0.02,4894178
TMX,20080912,0.045,0.047,0.045,0.047,214388
TNC,20080912,0.019,0.019,0.018,0.018,475000
TNE,20080912,0.915,0.915,0.915,0.915,1000
TNG,20080912,0.041,0.044,0.04,0.041,1698500
TOE,20080912,0.21,0.22,0.205,0.215,470437
TOL,20080912,7.63,7.8,7.62,7.8,2617136
TOX,20080912,1.755,1.76,1.755,1.755,15871
TPC,20080912,0.165,0.165,0.165,0.165,50000
TPI,20080912,6.44,6.81,6.22,6.6,2991196
TPX,20080912,4.55,4.55,4.5,4.5,1894
TRF,20080912,0.58,0.58,0.555,0.555,10000
TRG,20080912,7.87,7.87,7.8,7.8,11346
TRH,20080912,0.11,0.11,0.11,0.11,20000
TRM,20080912,0.065,0.065,0.065,0.065,10000
TRS,20080912,11.2,11.2,10.8,11.05,81534
TRU,20080912,7.6,7.6,7.6,7.6,1000
TRY,20080912,1.55,1.55,1.53,1.53,9700
TSE,20080912,8.05,8.16,8.01,8.1,620861
TSF,20080912,0.1,0.1,0.1,0.1,20000
TSI,20080912,1.425,1.475,1.425,1.455,299064
TSO,20080912,1.165,1.175,1.145,1.17,1194408
TSV,20080912,0.024,0.024,0.023,0.023,1189391
TTI,20080912,0.06,0.06,0.058,0.058,128034
TTR,20080912,0.052,0.052,0.05,0.05,61200
TTS,20080912,2.6,2.65,2.57,2.65,6314853
TTY,20080912,0.52,0.52,0.51,0.51,206037
TUC,20080912,0.08,0.08,0.08,0.08,397751
TWO,20080912,1.65,1.65,1.635,1.64,64729
TWR,20080912,1.71,1.75,1.7,1.75,48220
TXN,20080912,0.38,0.39,0.38,0.39,20000
TZL,20080912,3.55,3.55,3.48,3.48,28874
TZN,20080912,1.6,1.63,1.6,1.63,12051
UBI,20080912,0.8,0.8,0.79,0.79,54500
UCL,20080912,0.01,0.01,0.01,0.01,1850000
UCM,20080912,0.33,0.33,0.33,0.33,10000
UCW,20080912,0.45,0.45,0.435,0.44,95333
UEQ,20080912,0.14,0.14,0.14,0.14,10000
UGL,20080912,14.65,14.8,14.32,14.37,1158444
UMC,20080912,1.55,1.59,1.49,1.49,84090
UMS,20080912,0.81,0.81,0.81,0.81,9000
UNI,20080912,0.29,0.33,0.29,0.325,521974
UNX,20080912,0.235,0.235,0.21,0.235,54397
URA,20080912,0.096,0.096,0.096,0.096,3226
URL,20080912,0.06,0.06,0.06,0.06,211525
URM,20080912,0.1,0.1,0.099,0.1,283724
UTO,20080912,0.26,0.29,0.26,0.28,134000
UUL,20080912,0.078,0.078,0.071,0.071,101542
UXC,20080912,1.03,1.03,0.995,1.025,165153
VBA,20080912,0.515,0.535,0.51,0.53,13895066
VCN,20080912,0.185,0.185,0.185,0.185,25000
VCR,20080912,0.19,0.2,0.19,0.19,239134
VGH,20080912,1.74,1.74,1.715,1.74,17336
VII,20080912,0.135,0.135,0.135,0.135,29100
VIR,20080912,0.705,0.705,0.695,0.695,43422
VLA,20080912,0.052,0.052,0.052,0.052,155850
VMG,20080912,1.35,1.37,1.34,1.35,111366
VML,20080912,0.235,0.235,0.19,0.195,47250
VMS,20080912,0.26,0.26,0.25,0.25,28500
VMT,20080912,0.081,0.081,0.08,0.08,185000
VNS,20080912,0.45,0.45,0.45,0.45,4445
VPE,20080912,0.23,0.23,0.225,0.225,218858
VPG,20080912,0.435,0.465,0.43,0.44,7982031
VRL,20080912,1.65,1.7,1.65,1.7,20050
VSC,20080912,0.15,0.15,0.15,0.15,1283
VTG,20080912,0.27,0.27,0.27,0.27,42001
VTP,20080912,0.98,0.98,0.975,0.975,3300
VTX,20080912,0.075,0.075,0.075,0.075,20000
WAB,20080912,0.285,0.285,0.285,0.285,6572
WAM,20080912,1.125,1.13,1.11,1.12,119430
WAN,20080912,8.94,8.94,8.71,8.8,320235
WAT,20080912,0.82,0.82,0.82,0.82,10000
WBB,20080912,9.15,9.15,9.15,9.15,3100
WBC,20080912,23.78,23.78,23.14,23.52,7573036
WCB,20080912,5,5,4.81,4.81,9654
WCL,20080912,0.5,0.5,0.5,0.5,2650
WCN,20080912,0.08,0.08,0.08,0.08,40000
WDC,20080912,18,18.04,17.46,17.56,6177464
WDR,20080912,0.165,0.175,0.165,0.165,48587
WDS,20080912,2.51,2.6,2.51,2.6,192380
WEB,20080912,1.39,1.415,1.39,1.415,10301
WEC,20080912,3.47,3.55,3.47,3.55,64656
WES,20080912,30.5,30.51,29.87,30.2,2033798
WFL,20080912,1.38,1.38,1.35,1.35,11319
WGP,20080912,0.05,0.05,0.05,0.05,100000
WGR,20080912,0.3,0.3,0.3,0.3,3300
WHC,20080912,2.99,3.01,2.88,2.94,145926
WHF,20080912,3.19,3.2,3.18,3.2,30000
WHG,20080912,1.215,1.215,1.15,1.2,84226
WHS,20080912,2.63,2.63,2.63,2.63,2440
WIG,20080912,1.2,1.2,1.2,1.2,1919214
WIL,20080912,0.725,0.725,0.72,0.725,87287
WKL,20080912,0.175,0.175,0.175,0.175,5000
WKR,20080912,0.08,0.08,0.08,0.08,6500
WME,20080912,0.125,0.155,0.125,0.155,110000
WMT,20080912,0.054,0.059,0.054,0.055,266320
WOR,20080912,31.32,31.81,31.15,31.49,1281242
WOW,20080912,27.7,27.98,27.45,27.98,1744212
WPG,20080912,0.7,0.7,0.7,0.7,10000
WPL,20080912,53.43,53.66,52.51,52.61,1944336
WSA,20080912,8.78,8.78,8.44,8.72,213892
WTF,20080912,3.76,3.77,3.69,3.77,335352
WTP,20080912,2.3,2.36,2.28,2.36,23270
WVL,20080912,2,2,1.91,1.91,72912
WWA,20080912,2.51,2.51,2.48,2.5,16498
WWI,20080912,0.095,0.095,0.095,0.095,85000
WWM,20080912,0.11,0.12,0.11,0.12,343875
WWW,20080912,0.065,0.065,0.065,0.065,6500
WYL,20080912,1.36,1.36,1.3,1.32,55715
XAF,20080912,4781.9,4781.9,4781.9,4781.9,0
XAO,20080912,4889.2,4957.1,4871.5,4957.1,0
XAT,20080912,490310,490310,490310,490310,0
XCD,20080912,0.07,0.07,0.07,0.07,9514
XDJ,20080912,1710.7,1742.8,1707.5,1739.6,0
XEJ,20080912,16716.9,17007.8,16690.4,16964.6,0
XEN,20080912,0.085,0.085,0.085,0.085,450000
XFJ,20080912,4701.3,4750.7,4654.4,4724.8,0
XFL,20080912,4731.4,4800.4,4709,4800.4,0
XGD,20080912,3446.9,3446.9,3446.9,3446.9,0
XHJ,20080912,9569.4,9631.8,9441,9587.8,0
XIJ,20080912,527,530.1,519.6,523.9,0
XJO,20080912,4834.2,4903.8,4814.3,4903.8,0
XKO,20080912,4827.1,4895.7,4807.4,4895.7,0
XMD,20080912,4852.1,4920.9,4846.4,4913.8,0
XMJ,20080912,11791.3,12098.8,11645.2,12098.8,0
XMM,20080912,4165.6,4165.6,4165.6,4165.6,0
XNJ,20080912,4755.7,4847.5,4750.1,4847.5,0
XPJ,20080912,1505.3,1508.9,1464.2,1472.7,0
XRF,20080912,0.1,0.1,0.1,0.1,150000
XSJ,20080912,7225.3,7338.1,7225.3,7338.1,0
XSO,20080912,2717.9,2753.7,2709.5,2753.7,0
XST,20080912,0.08,0.08,0.08,0.08,0
XTJ,20080912,1440.2,1458.7,1429.7,1458.7,0
XTL,20080912,2744.5,2781.3,2729.6,2781.3,0
XTO,20080912,3923.1,3979.3,3906.7,3979.3,0
XUJ,20080912,4891.6,5032.8,4891.6,5032.8,0
XXJ,20080912,4935.5,4998.2,4907.6,4993.9,0
YRR,20080912,0.12,0.12,0.12,0.12,166385
ZDX,20080912,0.12,0.12,0.12,0.12,5000
ZGL,20080912,0.155,0.155,0.15,0.15,70000
ZIM,20080912,10.9,10.9,10.85,10.9,1490
ZRL,20080912,0.1,0.1,0.095,0.095,575000
ZYL,20080912,0.04,0.041,0.04,0.04,507000
