AAC,20081030,2,2,1.93,1.94,364641
AAF,20081030,0.004,0.004,0.003,0.003,1447798
AAH,20081030,0.74,0.74,0.735,0.74,228195
AAQ,20081030,0.2,0.2,0.19,0.19,7500
AAR,20081030,0.017,0.021,0.016,0.02,1136250
AAX,20081030,3.65,4.59,3.65,4.41,2627471
ABB,20081030,7.96,8.28,7.67,7.98,496633
ABC,20081030,2.25,2.27,2.15,2.23,1336017
ABJ,20081030,0.012,0.012,0.011,0.011,580000
ABP,20081030,0.35,0.355,0.325,0.335,7888022
ABU,20081030,0.013,0.013,0.013,0.013,585100
ABY,20081030,0.315,0.345,0.285,0.31,3007075
ACB,20081030,0.135,0.18,0.135,0.18,36318
ACK,20081030,0.35,0.35,0.35,0.35,21464
ACL,20081030,0.165,0.175,0.16,0.16,108650
ACR,20081030,0.69,0.7,0.68,0.68,237171
ACS,20081030,0.125,0.13,0.125,0.13,49000
ACU,20081030,0.037,0.037,0.037,0.037,200000
ADD,20081030,0.02,0.02,0.02,0.02,50000
ADE,20081030,0.04,0.042,0.04,0.042,489158
ADG,20081030,2.5,2.5,2.4,2.5,265267
ADI,20081030,0.31,0.32,0.3,0.315,378983
ADN,20081030,0.06,0.065,0.057,0.057,170000
ADU,20081030,0.18,0.18,0.18,0.18,6000
ADX,20081030,0.04,0.048,0.04,0.048,165667
AEC,20081030,3,3,2.95,3,17533
AED,20081030,1.18,1.275,1.18,1.27,200116
AEE,20081030,0.18,0.19,0.18,0.19,18060
AEF,20081030,31,31,31,31,28
AEI,20081030,0.1,0.1,0.1,0.1,50000
AEM,20081030,0.005,0.005,0.005,0.005,500000
AEO,20081030,1.28,1.295,1.25,1.28,1114664
AEP,20081030,1.7,1.8,1.7,1.8,73265
AEU,20081030,0.25,0.255,0.245,0.255,276194
AEX,20081030,0.005,0.005,0.005,0.005,1150396
AEZ,20081030,0.092,0.14,0.09,0.115,2841107
AFG,20081030,0.065,0.082,0.064,0.079,2314595
AFI,20081030,4.32,4.4,4.28,4.4,259014
AFR,20081030,0.02,0.02,0.02,0.02,650000
AGF,20081030,0.64,0.685,0.64,0.685,156534
AGG,20081030,5,5,5,5,5061
AGI,20081030,0.089,0.089,0.089,0.089,14500
AGJ,20081030,0.245,0.245,0.245,0.245,2500
AGK,20081030,14,14.37,13.22,13.9,2266598
AGO,20081030,0.675,0.78,0.67,0.745,1611062
AGS,20081030,0.49,0.535,0.48,0.52,647777
AGY,20081030,0.08,0.08,0.08,0.08,20000
AHD,20081030,4.28,4.35,4.26,4.35,4607
AHE,20081030,0.56,0.73,0.56,0.72,372369
AHS,20081030,0.4,0.405,0.375,0.38,49539
AIA,20081030,1.51,1.51,1.51,1.51,248537
AIE,20081030,0.041,0.041,0.04,0.04,23452
AII,20081030,0.17,0.17,0.17,0.17,25195
AIM,20081030,0.011,0.013,0.011,0.012,4681000
AIO,20081030,2.15,2.2,2.01,2.07,11728296
AIX,20081030,1.67,1.725,1.595,1.63,2263389
AIZ,20081030,0.75,0.77,0.75,0.77,29800
AJL,20081030,3.83,3.99,3.8,3.83,207999
AKK,20081030,0.073,0.073,0.072,0.072,14706
ALB,20081030,0.4,0.465,0.39,0.465,843209
ALD,20081030,0.22,0.22,0.2,0.2,188748
ALF,20081030,0.76,0.76,0.76,0.76,1000
ALK,20081030,0.155,0.16,0.155,0.16,165625
ALL,20081030,3.92,3.95,3.7,3.88,3320150
ALR,20081030,1.4,1.4,1.4,1.4,1500
ALS,20081030,5.25,5.74,5.25,5.49,319151
ALT,20081030,0.023,0.024,0.023,0.024,208000
ALU,20081030,0.45,0.54,0.45,0.54,50500
ALY,20081030,0.03,0.035,0.03,0.035,385000
ALZ,20081030,0.27,0.29,0.265,0.275,3547483
AMA,20081030,0.038,0.038,0.032,0.033,1913606
AMB,20081030,0.2,0.2,0.2,0.2,178000
AMC,20081030,5.59,5.78,5.46,5.7,5464370
AMH,20081030,0.55,0.55,0.55,0.55,20000
AMM,20081030,0.12,0.125,0.115,0.125,123869
AMO,20081030,0.52,0.52,0.48,0.48,16012
AMP,20081030,5.43,5.5,5.33,5.49,6911811
AMT,20081030,0.35,0.35,0.35,0.35,8950
AMU,20081030,0.435,0.45,0.43,0.435,268694
AND,20081030,0.74,0.75,0.73,0.745,131091
ANG,20081030,1.84,1.84,1.78,1.81,58354
ANH,20081030,0.011,0.011,0.01,0.01,322500
ANN,20081030,12.2,12.3,11.91,12,899821
ANZ,20081030,17.34,17.66,17.02,17.56,8989707
AOD,20081030,1.23,1.23,1.23,1.23,3920
AOE,20081030,2.45,2.56,2.4,2.51,5097717
AOK,20081030,0.095,0.095,0.095,0.095,100000
AON,20081030,0.2,0.235,0.2,0.235,165500
AOS,20081030,0.004,0.004,0.004,0.004,25000
APA,20081030,2.76,2.95,2.69,2.85,1009075
APB,20081030,0.09,0.1,0.09,0.1,180000
APD,20081030,0.185,0.2,0.18,0.2,89285
APE,20081030,7.6,7.65,7.6,7.6,7242
APG,20081030,0.072,0.075,0.071,0.071,360000
APH,20081030,0.165,0.18,0.165,0.18,62750
API,20081030,0.525,0.555,0.52,0.535,375101
APK,20081030,0.185,0.185,0.185,0.185,2200
APM,20081030,0.003,0.003,0.003,0.003,1166670
APN,20081030,2.35,2.39,2.16,2.35,623635
APZ,20081030,0.625,0.64,0.605,0.61,415504
AQA,20081030,3.18,3.54,3.18,3.31,710216
AQD,20081030,0.14,0.155,0.14,0.155,71600
AQP,20081030,2.62,2.9,2.55,2.85,747898
AQR,20081030,0.05,0.052,0.05,0.052,64601
ARE,20081030,0.05,0.05,0.045,0.045,75058
ARG,20081030,5.95,6.1,5.9,6.02,125723
ARH,20081030,0.375,0.38,0.32,0.34,162789
ARM,20081030,0.105,0.105,0.1,0.1,20300
ARO,20081030,0.004,0.004,0.004,0.004,32160
ARP,20081030,3.41,3.47,3.4,3.4,12090
ARR,20081030,0.049,0.049,0.04,0.04,392613
ARU,20081030,0.33,0.335,0.32,0.335,505917
ARV,20081030,0.075,0.075,0.075,0.075,7100
ARW,20081030,0.013,0.013,0.013,0.013,95476
ASB,20081030,1.52,1.585,1.515,1.535,221162
ASC,20081030,0.011,0.011,0.011,0.011,553
ASL,20081030,1,1.09,0.99,1,1092180
ASU,20081030,0.006,0.006,0.006,0.006,105000
ASX,20081030,29.6,30.4,29.07,29.99,620947
ASZ,20081030,0.59,0.595,0.51,0.575,289867
ATI,20081030,0.01,0.01,0.01,0.01,458994
ATN,20081030,0.026,0.026,0.026,0.026,30757
ATR,20081030,1.62,1.69,1.62,1.69,6170
ATV,20081030,0.075,0.075,0.075,0.075,100000
AUB,20081030,3.85,3.85,3.8,3.8,13029
AUI,20081030,6,6,6,6,1967
AUN,20081030,0.93,0.93,0.825,0.9,895231
AUQ,20081030,0.039,0.039,0.039,0.039,40000
AUT,20081030,0.26,0.27,0.26,0.27,53000
AUW,20081030,0.87,0.87,0.8,0.8,1736421
AVA,20081030,0.2,0.2,0.19,0.19,89150
AVD,20081030,0.045,0.045,0.041,0.041,69000
AVE,20081030,1.35,1.35,1.31,1.34,59944
AVG,20081030,0.57,0.61,0.57,0.6,21033
AVH,20081030,0.044,0.044,0.036,0.038,189268
AVI,20081030,0.1,0.1,0.08,0.08,295000
AVJ,20081030,0.36,0.37,0.36,0.37,91207
AVM,20081030,3.4,3.57,3.25,3.28,12521
AVO,20081030,1.195,1.435,1.195,1.41,746024
AVQ,20081030,0.041,0.041,0.041,0.041,100000
AVS,20081030,0.02,0.02,0.02,0.02,25000
AVX,20081030,0.105,0.12,0.105,0.115,1161660
AWB,20081030,2.73,2.75,2.61,2.65,860338
AWC,20081030,2.15,2.2,2.1,2.17,6344787
AWE,20081030,2.3,2.43,2.26,2.42,4431311
AXA,20081030,4.2,4.24,4.1,4.15,1985725
AXE,20081030,0.046,0.046,0.046,0.046,108500
AXI,20081030,0.05,0.05,0.05,0.05,100000
AXM,20081030,0.24,0.24,0.2,0.205,3102982
AXO,20081030,0.22,0.23,0.215,0.22,521100
AXT,20081030,0.035,0.035,0.035,0.035,12000
AXZ,20081030,0.1,0.12,0.1,0.12,125000
AYT,20081030,1.44,1.44,1.41,1.41,11539
AZC,20081030,0.04,0.054,0.04,0.05,909858
AZM,20081030,0.06,0.07,0.06,0.07,310661
AZS,20081030,0.07,0.077,0.07,0.077,365274
AZZ,20081030,0.056,0.056,0.049,0.05,715352
BAR,20081030,0.065,0.065,0.062,0.062,108000
BAU,20081030,0.16,0.16,0.16,0.16,127214
BBC,20081030,0.22,0.22,0.2,0.2,721389
BBG,20081030,11.89,12.06,11.29,11.7,816128
BBI,20081030,0.19,0.2,0.19,0.195,6584512
BBL,20081030,0.23,0.23,0.23,0.23,4641
BBP,20081030,0.11,0.115,0.105,0.115,3285743
BBW,20081030,0.815,0.925,0.8,0.91,684787
BCC,20081030,0.08,0.08,0.08,0.08,80000
BCD,20081030,0.09,0.096,0.09,0.096,940499
BCI,20081030,0.25,0.28,0.25,0.275,42800
BCM,20081030,1.655,2.23,1.645,2,547317
BDG,20081030,0.12,0.13,0.11,0.115,1012870
BDI,20081030,0.04,0.04,0.04,0.04,71144
BDL,20081030,0.1,0.105,0.095,0.105,164966
BEC,20081030,0.22,0.245,0.2,0.21,902472
BEN,20081030,13,13.15,12.75,13.09,1607417
BFE,20081030,0.05,0.05,0.05,0.05,1000
BFG,20081030,0.62,0.62,0.62,0.62,5000
BGD,20081030,0.099,0.099,0.099,0.099,30000
BHP,20081030,27.2,29,27.05,28.6,19287445
BJT,20081030,0.41,0.435,0.4,0.42,4288589
BKI,20081030,1.085,1.1,1.085,1.1,48946
BKL,20081030,16.1,16.1,16,16,2301
BKN,20081030,4.23,4.6,4.23,4.45,1625746
BKW,20081030,10.06,10.1,10,10,261457
BKY,20081030,0.145,0.25,0.145,0.18,4054830
BLD,20081030,4.75,4.8,4.61,4.68,1766829
BLG,20081030,0.16,0.17,0.16,0.16,174279
BLK,20081030,0.115,0.135,0.115,0.135,65046
BLP,20081030,0.15,0.15,0.14,0.14,210171
BLR,20081030,0.016,0.018,0.015,0.015,4087647
BLT,20081030,0.055,0.055,0.05,0.05,94000
BLU,20081030,0.05,0.055,0.048,0.048,836300
BLY,20081030,0.45,0.56,0.44,0.465,9928784
BLZ,20081030,0.008,0.008,0.008,0.008,756000
BML,20081030,0.022,0.022,0.021,0.022,21798
BMN,20081030,0.255,0.29,0.255,0.275,580157
BMO,20081030,0.006,0.006,0.006,0.006,525546
BNB,20081030,1.38,1.395,1.3,1.33,3981699
BND,20081030,0.355,0.355,0.35,0.35,104750
BNO,20081030,0.25,0.25,0.25,0.25,10257
BNT,20081030,0.061,0.061,0.061,0.061,200000
BOC,20081030,0.62,0.75,0.62,0.74,32296
BOL,20081030,0.87,0.87,0.8,0.845,268588
BOM,20081030,0.06,0.06,0.04,0.06,39320
BON,20081030,0.037,0.043,0.035,0.043,713115
BOQ,20081030,12.19,12.48,12,12.48,377259
BOS,20081030,0.03,0.03,0.03,0.03,42944
BOW,20081030,0.24,0.245,0.23,0.24,265771
BPO,20081030,0.018,0.018,0.018,0.018,10000
BPT,20081030,0.81,0.9,0.81,0.9,5380742
BRM,20081030,0.525,0.6,0.525,0.59,780062
BRO,20081030,0.001,0.001,0.001,0.001,9410000
BRT,20081030,0.02,0.02,0.018,0.018,58193
BRU,20081030,0.175,0.18,0.17,0.17,508243
BRW,20081030,0.075,0.084,0.075,0.084,181217
BSA,20081030,0.155,0.16,0.155,0.16,110000
BSE,20081030,0.081,0.081,0.081,0.081,75000
BSI,20081030,0.035,0.035,0.035,0.035,250000
BSL,20081030,4.2,4.43,4.06,4.39,5330756
BSM,20081030,0.099,0.1,0.099,0.1,87184
BTA,20081030,0.35,0.355,0.33,0.33,335268
BTT,20081030,2.62,2.62,2.53,2.6,23834
BTU,20081030,0.19,0.2,0.19,0.2,50000
BTV,20081030,0.075,0.075,0.075,0.075,93030
BUL,20081030,0.16,0.165,0.15,0.165,622404
BUX,20081030,0.05,0.05,0.035,0.035,10000
BUY,20081030,0.019,0.019,0.017,0.017,551893
BVA,20081030,0.295,0.295,0.275,0.29,23000
BVE,20081030,0.071,0.071,0.07,0.07,25000
BWP,20081030,1.43,1.485,1.415,1.47,1057410
BXB,20081030,7.6,8.23,7.57,8.15,5771681
BYL,20081030,0.22,0.22,0.22,0.22,50000
BYR,20081030,0.02,0.02,0.02,0.02,50000
CAA,20081030,0.12,0.12,0.115,0.115,253159
CAB,20081030,7.08,7.34,7.08,7.3,244859
CAG,20081030,0.006,0.006,0.006,0.006,300000
CAH,20081030,0.031,0.031,0.03,0.031,251438
CAJ,20081030,0.046,0.046,0.046,0.046,200000
CAL,20081030,0.43,0.43,0.43,0.43,5000
CAM,20081030,0.81,0.825,0.81,0.825,12500
CAP,20081030,0.04,0.04,0.04,0.04,50000
CAQ,20081030,0.098,0.11,0.098,0.11,77492
CAS,20081030,0.15,0.17,0.14,0.17,37000
CAZ,20081030,0.12,0.12,0.11,0.12,78732
CBA,20081030,40.6,41.18,39.62,40.19,6377574
CBB,20081030,0.29,0.29,0.28,0.28,67500
CBD,20081030,0.08,0.08,0.08,0.08,20000
CBH,20081030,0.057,0.057,0.05,0.051,2999352
CCD,20081030,0.4,0.44,0.39,0.42,571310
CCI,20081030,0.089,0.089,0.089,0.089,10000
CCL,20081030,8.05,8.12,7.86,8.02,3736888
CCP,20081030,0.55,0.6,0.545,0.6,129229
CCQ,20081030,0.355,0.355,0.355,0.355,20000
CCV,20081030,0.24,0.24,0.235,0.24,55346
CDA,20081030,0.64,0.64,0.64,0.64,17400
CDD,20081030,3.6,3.7,3.6,3.65,17932
CDF,20081030,1.11,1.135,1.105,1.105,26964
CDI,20081030,0.39,0.445,0.39,0.43,5328641
CDP,20081030,3.55,3.55,3.55,3.55,3462
CDU,20081030,1.185,1.39,1.11,1.28,134610
CEC,20081030,0.06,0.06,0.06,0.06,300
CEG,20081030,0.185,0.185,0.18,0.18,103032
CER,20081030,0.085,0.098,0.083,0.098,3351094
CEU,20081030,0.71,0.735,0.71,0.735,8395240
CEY,20081030,3.1,3.4,3.1,3.34,2502563
CFE,20081030,0.195,0.22,0.195,0.205,1580186
CFR,20081030,0.004,0.004,0.004,0.004,8248083
CFU,20081030,0.14,0.14,0.125,0.125,805092
CFX,20081030,1.83,2,1.76,2,13218319
CGF,20081030,1.45,1.6,1.445,1.5,3286002
CGG,20081030,0.14,0.15,0.14,0.15,463000
CGT,20081030,0.053,0.053,0.05,0.052,182400
CGX,20081030,0.8,0.8,0.8,0.8,3200
CHB,20081030,18.55,18.55,18.55,18.55,27
CHC,20081030,0.42,0.43,0.405,0.42,2243899
CHF,20081030,0.07,0.07,0.065,0.065,263500
CHM,20081030,0.014,0.019,0.014,0.019,985800
CHO,20081030,4.7,4.7,4.52,4.52,8450
CIF,20081030,2.12,2.17,2.07,2.16,584475
CIG,20081030,0.018,0.018,0.017,0.018,1735000
CII,20081030,0.96,0.96,0.9,0.96,44100
CIL,20081030,1.16,1.2,1.16,1.2,72525
CIR,20081030,0.64,0.64,0.64,0.64,279
CIW,20081030,0.28,0.28,0.28,0.28,3000
CIY,20081030,0.12,0.125,0.091,0.091,624303
CKK,20081030,0.125,0.13,0.125,0.13,60000
CKT,20081030,0.475,0.54,0.475,0.51,962288
CLH,20081030,0.45,0.45,0.435,0.435,28931
CLO,20081030,0.32,0.365,0.315,0.345,364797
CLQ,20081030,0.345,0.345,0.345,0.345,15000
CLU,20081030,0.055,0.055,0.053,0.053,40000
CLV,20081030,0.215,0.215,0.215,0.215,7594
CMG,20081030,0.16,0.16,0.16,0.16,87500
CMJ,20081030,2.1,2.22,2.02,2.1,6462908
CMR,20081030,0.31,0.325,0.285,0.29,422396
CMV,20081030,0.205,0.21,0.19,0.195,341717
CMW,20081030,0.63,0.65,0.615,0.62,857687
CMY,20081030,0.07,0.07,0.065,0.065,18000
CNA,20081030,93,95,93,95,750
CND,20081030,0.73,0.745,0.7,0.715,91199
CNF,20081030,0.055,0.055,0.055,0.055,30000
CNK,20081030,0.08,0.08,0.06,0.06,50000
CNM,20081030,0.14,0.14,0.14,0.14,238762
CNN,20081030,0.019,0.019,0.019,0.019,6000
CNP,20081030,0.068,0.069,0.067,0.069,3182068
CNT,20081030,0.6,0.65,0.6,0.645,13332
CNX,20081030,0.28,0.3,0.28,0.29,1310282
COE,20081030,0.275,0.295,0.275,0.285,240206
COF,20081030,1.855,1.855,1.79,1.79,37212
COH,20081030,53.57,56.5,53,56.2,240644
COI,20081030,0.075,0.075,0.075,0.075,100000
COK,20081030,0.26,0.28,0.255,0.255,1158365
COU,20081030,1.1,1.125,1.055,1.1,201296
COZ,20081030,0.29,0.29,0.28,0.28,10000
CPA,20081030,1.2,1.26,1.175,1.19,6296898
CPB,20081030,20.3,21,20.2,20.39,74748
CPI,20081030,0.22,0.22,0.22,0.22,15000
CPR,20081030,0.185,0.19,0.175,0.19,148896
CPU,20081030,8.2,8.43,8.2,8.26,2865494
CQT,20081030,0.16,0.17,0.16,0.165,183300
CRC,20081030,0.09,0.105,0.09,0.09,97245
CRG,20081030,8.67,9.06,8.58,8.92,115746
CRS,20081030,0.018,0.018,0.017,0.017,124402
CRT,20081030,0.355,0.355,0.31,0.31,171000
CSE,20081030,0.08,0.081,0.067,0.067,385800
CSL,20081030,36.4,36.58,35.1,35.44,2046225
CSR,20081030,2.01,2.09,1.995,2.09,8234527
CSS,20081030,0.315,0.32,0.31,0.32,221839
CST,20081030,2.02,2.1,2.02,2.1,10610
CSV,20081030,0.65,0.68,0.62,0.68,55682
CTN,20081030,0.645,0.645,0.575,0.6,91231
CTO,20081030,0.185,0.205,0.185,0.195,335307
CTP,20081030,0.069,0.08,0.069,0.08,959026
CTS,20081030,0.05,0.05,0.05,0.05,32500
CTX,20081030,8.65,9.25,8.52,9.1,1433332
CUE,20081030,0.135,0.135,0.13,0.13,27817
CUL,20081030,0.051,0.051,0.05,0.05,205000
CUO,20081030,0.11,0.11,0.098,0.105,4563813
CUR,20081030,0.99,1,0.95,1,23000
CUS,20081030,0.105,0.105,0.1,0.105,1218068
CUV,20081030,0.255,0.255,0.25,0.25,42648
CUX,20081030,0.08,0.08,0.08,0.08,50000
CUY,20081030,0.16,0.16,0.155,0.16,60076
CVC,20081030,0.81,0.81,0.8,0.8,5497114
CVI,20081030,0.014,0.015,0.014,0.015,1735713
CVN,20081030,0.27,0.28,0.27,0.275,2969127
CVR,20081030,0.04,0.04,0.04,0.04,50000
CVS,20081030,0.024,0.024,0.022,0.022,80000
CWK,20081030,0.19,0.19,0.17,0.175,141782
CWN,20081030,6.6,6.6,6.18,6.39,2053292
CWP,20081030,1.65,1.655,1.6,1.65,24680
CWT,20081030,0.48,0.48,0.41,0.435,151741
CXC,20081030,0.85,0.92,0.85,0.875,278215
CXG,20081030,0.39,0.485,0.39,0.475,397630
CXH,20081030,0.46,0.47,0.46,0.47,23000
CXM,20081030,0.18,0.19,0.165,0.165,28888
CXP,20081030,4.6,4.79,4.53,4.71,205059
CXS,20081030,0.52,0.52,0.445,0.45,195871
CXY,20081030,0.07,0.07,0.067,0.068,329700
CYA,20081030,0.8,0.8,0.79,0.8,18219
CYG,20081030,1.345,1.345,1.345,1.345,2444
CYT,20081030,0.13,0.14,0.13,0.13,125047
CZA,20081030,0.825,0.91,0.825,0.905,474802
CZP,20081030,0.04,0.04,0.04,0.04,210154
DDT,20081030,0.115,0.115,0.115,0.115,20000
DEG,20081030,0.032,0.032,0.03,0.032,256700
DES,20081030,0.013,0.013,0.011,0.011,595088
DEX,20081030,0.71,0.75,0.685,0.75,45072
DGR,20081030,0.05,0.05,0.05,0.05,20000
DIA,20081030,0.012,0.012,0.012,0.012,120000
DIO,20081030,0.52,0.52,0.45,0.45,55339
DJS,20081030,3.06,3.22,2.94,3.22,1052694
DJW,20081030,3.52,3.64,3.5,3.55,44640
DKN,20081030,0.58,0.66,0.58,0.62,30948
DLS,20081030,0.03,0.03,0.028,0.028,460300
DMA,20081030,0.1,0.1,0.1,0.1,10000
DMG,20081030,0.1,0.1,0.09,0.1,250000
DML,20081030,0.165,0.19,0.165,0.19,16263
DMM,20081030,0.14,0.14,0.14,0.14,10000
DMP,20081030,2.92,2.92,2.92,2.92,8138
DMX,20081030,0.13,0.13,0.125,0.125,4381
DOM,20081030,2.05,2.2,2.05,2.2,182279
DON,20081030,0.125,0.13,0.125,0.13,100000
DOW,20081030,4.59,5.09,4.58,4.9,1750656
DRX,20081030,0.08,0.08,0.08,0.08,13000
DSN,20081030,0.06,0.105,0.06,0.105,15000
DSQ,20081030,0.16,0.16,0.16,0.16,11000
DTL,20081030,4.83,4.85,4.8,4.8,9625
DTM,20081030,0.1,0.1,0.1,0.1,25000
DUE,20081030,2.36,2.44,2.25,2.35,2485427
DUL,20081030,0.044,0.044,0.044,0.044,2479
DVN,20081030,0.55,0.565,0.54,0.55,573340
DWS,20081030,0.65,0.66,0.61,0.63,92321
DWY,20081030,0.12,0.12,0.12,0.12,20000
DXS,20081030,0.805,0.89,0.765,0.845,18860783
DYE,20081030,0.65,0.68,0.65,0.68,45650
DYL,20081030,0.145,0.145,0.13,0.13,1511689
EAL,20081030,0.48,0.48,0.48,0.48,9986
EBB,20081030,0.095,0.1,0.09,0.1,290261
EBI,20081030,1.78,1.85,1.64,1.84,4766
EBT,20081030,0.04,0.04,0.037,0.037,240000
ECU,20081030,0.16,0.16,0.16,0.16,67810
EDM,20081030,0.02,0.02,0.02,0.02,90000
EDS,20081030,0.13,0.13,0.13,0.13,250
EFE,20081030,0.105,0.105,0.1,0.1,32512
EGF,20081030,1.52,1.55,1.51,1.54,465631
EGO,20081030,0.011,0.011,0.01,0.01,6011137
EHL,20081030,0.525,0.55,0.5,0.54,3126631
EKA,20081030,0.16,0.16,0.14,0.14,147000
ELK,20081030,0.21,0.21,0.2,0.2,226813
EMA,20081030,0.255,0.255,0.21,0.25,152000
EME,20081030,0.4,0.41,0.4,0.41,43047
EMU,20081030,0.045,0.05,0.04,0.05,565240
ENE,20081030,2.37,2.5,2.37,2.5,1075041
ENG,20081030,0.017,0.018,0.016,0.018,135000
ENR,20081030,0.105,0.105,0.105,0.105,900
ENV,20081030,0.605,0.625,0.6,0.6,1165387
EPD,20081030,0.075,0.075,0.075,0.075,5000
EPG,20081030,0.22,0.25,0.22,0.24,202386
EPS,20081030,0.08,0.08,0.08,0.08,739
EPY,20081030,0.015,0.015,0.015,0.015,107000
EQN,20081030,1.23,1.365,1.23,1.315,2857297
ERA,20081030,12.55,14.03,12.55,13.89,330198
ERG,20081030,0.007,0.008,0.006,0.007,1858332
ERH,20081030,0.13,0.135,0.13,0.135,134400
ERM,20081030,0.09,0.091,0.09,0.091,198259
ERN,20081030,0.05,0.05,0.05,0.05,35000
ERO,20081030,0.031,0.033,0.031,0.033,20000
ESG,20081030,0.34,0.39,0.34,0.365,2364543
ESI,20081030,0.037,0.04,0.037,0.04,1768218
ESN,20081030,0.004,0.004,0.004,0.004,2000000
ESS,20081030,0.62,0.63,0.6,0.63,48000
ESV,20081030,0.69,0.69,0.69,0.69,2000
ETC,20081030,0.28,0.295,0.28,0.29,253500
ETE,20081030,0.069,0.069,0.068,0.068,360466
EVE,20081030,0.014,0.014,0.014,0.014,19000
EVG,20081030,0.055,0.055,0.055,0.055,110000
EVM,20081030,0.069,0.069,0.069,0.069,10000
EVZ,20081030,0.145,0.15,0.14,0.14,171000
EWC,20081030,0.305,0.355,0.305,0.34,8434907
EXM,20081030,0.005,0.006,0.005,0.006,1193050
EXR,20081030,0.056,0.056,0.053,0.056,255000
EXS,20081030,0.12,0.135,0.12,0.12,381400
EXT,20081030,0.97,0.97,0.95,0.95,1080
EZL,20081030,0.83,0.85,0.83,0.85,15000
FAC,20081030,0.045,0.045,0.04,0.041,505000
FAN,20081030,2,2,2,2,3500
FAR,20081030,0.021,0.021,0.02,0.021,2297995
FAS,20081030,0.051,0.051,0.05,0.05,148096
FAT,20081030,0.655,0.7,0.65,0.7,172865
FBU,20081030,4.85,5.01,4.75,4.95,423169
FCL,20081030,1.105,1.16,1.065,1.16,2855615
FCN,20081030,0.07,0.07,0.065,0.07,347369
FCP,20081030,0.008,0.008,0.008,0.008,81250
FEA,20081030,0.405,0.405,0.405,0.405,1250
FER,20081030,0.27,0.27,0.27,0.27,22400
FFI,20081030,2.86,3,2.86,3,6000
FGE,20081030,0.32,0.32,0.305,0.305,16579
FGL,20081030,5.49,5.74,5.47,5.61,14588534
FIS,20081030,0.1,0.11,0.1,0.11,127013
FKP,20081030,1,1.085,0.985,1.02,1784198
FLS,20081030,1.05,1.05,0.95,1,31837
FLT,20081030,12.38,12.96,12.17,12.61,259381
FLX,20081030,10.66,11.19,10.35,10.66,630279
FMG,20081030,3.2,3.22,3.1,3.14,9086020
FML,20081030,0.02,0.02,0.019,0.02,1037950
FMS,20081030,0.054,0.056,0.053,0.056,4070853
FND,20081030,0.4,0.45,0.4,0.45,60000
FNP,20081030,0.48,0.48,0.48,0.48,7500
FPA,20081030,1.18,1.18,1.18,1.18,8100
FPH,20081030,2.55,2.58,2.54,2.56,222400
FPS,20081030,1.9,1.9,1.9,1.9,5250
FRE,20081030,0.115,0.115,0.115,0.115,8000
FRI,20081030,0.45,0.45,0.45,0.45,5000
FRS,20081030,0.22,0.27,0.22,0.25,304580
FSA,20081030,0.23,0.23,0.23,0.23,45000
FSE,20081030,0.025,0.028,0.025,0.028,1482000
FSN,20081030,0.295,0.295,0.295,0.295,20
FUL,20081030,0.003,0.003,0.003,0.003,54300
FUN,20081030,0.2,0.205,0.18,0.2,355546
FUT,20081030,0.003,0.003,0.003,0.003,1500000
FWD,20081030,6.07,6.15,5.85,5.95,76832
FWL,20081030,0.099,0.105,0.099,0.105,99000
FXJ,20081030,1.98,1.98,1.89,1.92,5230233
FXL,20081030,0.295,0.3,0.295,0.3,1303645
FXR,20081030,0.145,0.165,0.145,0.165,212307
GBE,20081030,0.125,0.135,0.125,0.135,178792
GBG,20081030,0.365,0.39,0.365,0.39,2181750
GBP,20081030,0.1,0.125,0.1,0.125,537800
GBT,20081030,0.95,0.95,0.915,0.915,25480
GCG,20081030,0.15,0.16,0.15,0.16,198000
GCL,20081030,4.34,4.55,4.2,4.3,887227
GCR,20081030,0.01,0.01,0.009,0.01,1320000
GCS,20081030,0.51,0.515,0.48,0.48,51000
GDA,20081030,0.038,0.038,0.038,0.038,70000
GDN,20081030,0.063,0.063,0.058,0.058,270000
GDR,20081030,0.04,0.04,0.039,0.039,326587
GDY,20081030,0.77,0.79,0.74,0.74,190874
GFF,20081030,1.545,1.695,1.535,1.62,8490526
GGG,20081030,0.19,0.2,0.19,0.2,113032
GGP,20081030,0.225,0.225,0.225,0.225,10000
GGX,20081030,0.032,0.033,0.032,0.032,155768
GGY,20081030,0.032,0.032,0.032,0.032,20000
GIP,20081030,0.084,0.084,0.084,0.084,7000
GIR,20081030,0.43,0.49,0.425,0.475,319837
GJT,20081030,0.17,0.17,0.14,0.14,2237669
GLA,20081030,0.055,0.055,0.055,0.055,25000
GLB,20081030,0.29,0.29,0.29,0.29,10000
GLM,20081030,0.095,0.095,0.085,0.085,62250
GLX,20081030,0.039,0.04,0.037,0.04,71000
GME,20081030,0.047,0.052,0.047,0.052,219918
GMG,20081030,0.91,0.925,0.79,0.845,22817859
GMI,20081030,0.83,0.92,0.825,0.92,256717
GML,20081030,0.09,0.09,0.09,0.09,20000
GMX,20081030,0.95,1.05,0.95,1,16833
GNC,20081030,6.81,6.84,6.75,6.8,38560
GNI,20081030,0.08,0.081,0.07,0.07,29000
GNM,20081030,0.75,0.75,0.7,0.7,20000
GNS,20081030,1.12,1.19,1.11,1.16,1211714
GOA,20081030,0.018,0.019,0.01,0.01,1199721
GOP,20081030,0.042,0.042,0.042,0.042,15000
GPG,20081030,0.82,0.83,0.82,0.83,664457
GPM,20081030,0.18,0.19,0.18,0.18,708798
GPT,20081030,0.85,0.86,0.77,0.79,78250648
GRD,20081030,0.455,0.475,0.445,0.47,239865
GRK,20081030,0.041,0.047,0.04,0.047,341450
GRR,20081030,0.56,0.56,0.54,0.54,92780
GRT,20081030,0.4,0.4,0.4,0.4,10000
GRY,20081030,0.072,0.1,0.072,0.1,323614
GSE,20081030,0.02,0.02,0.02,0.02,40000
GTG,20081030,0.04,0.04,0.04,0.04,345200
GTP,20081030,0.33,0.35,0.315,0.33,376512
GUD,20081030,4.7,4.94,4.6,4.8,160820
GUN,20081030,0.06,0.06,0.055,0.055,337400
GWR,20081030,0.5,0.525,0.47,0.525,39433
GWT,20081030,2.7,2.79,2.6,2.65,427412
GXL,20081030,0.635,0.635,0.61,0.61,12000
GXY,20081030,0.38,0.38,0.35,0.38,93695
GYN,20081030,0.079,0.08,0.079,0.08,45770
HAP,20081030,0.42,0.42,0.38,0.4,101156
HAV,20081030,0.37,0.37,0.37,0.37,10000
HAW,20081030,0.012,0.013,0.01,0.013,315000
HAZ,20081030,0.075,0.075,0.075,0.075,70000
HDF,20081030,2.3,2.38,2.25,2.3,639589
HDG,20081030,0.043,0.043,0.042,0.042,40000
HDN,20081030,0.11,0.11,0.1,0.1,125000
HEG,20081030,0.115,0.125,0.115,0.125,81061
HFA,20081030,0.3,0.38,0.3,0.37,3145635
HGG,20081030,1.29,1.3,1.095,1.26,610768
HGO,20081030,0.089,0.095,0.089,0.095,382668
HHL,20081030,5.6,5.6,5.6,5.6,2850
HHM,20081030,0.18,0.18,0.18,0.18,1000
HHV,20081030,0.55,0.56,0.54,0.56,211545
HHY,20081030,1.035,1.07,1.035,1.06,123599
HIC,20081030,0.6,0.61,0.585,0.61,68593
HIG,20081030,0.053,0.058,0.053,0.058,181144
HIL,20081030,3.69,3.95,3.63,3.95,131491
HIP,20081030,1.3,1.3,1.25,1.25,1300
HLD,20081030,0.125,0.125,0.125,0.125,65000
HLG,20081030,0.33,0.38,0.33,0.38,18715
HLX,20081030,0.074,0.074,0.073,0.073,65000
HNG,20081030,1.34,1.34,1.33,1.33,15000
HNR,20081030,0.14,0.14,0.13,0.13,60000
HRL,20081030,0.085,0.095,0.08,0.095,201667
HRR,20081030,0.145,0.155,0.135,0.15,781121
HRS,20081030,0.14,0.155,0.14,0.15,121350
HSP,20081030,4.45,4.5,4.33,4.39,529092
HST,20081030,1.3,1.33,1.26,1.3,3286108
HTA,20081030,0.091,0.091,0.091,0.091,8000
HTE,20081030,0.045,0.046,0.045,0.046,151000
HTI,20081030,0.032,0.032,0.032,0.032,7000
HTM,20081030,0.015,0.015,0.012,0.012,500000
HTW,20081030,0.43,0.495,0.43,0.495,93133
HTX,20081030,0.068,0.068,0.057,0.068,371150
HVN,20081030,2.65,2.71,2.57,2.65,2539737
HWI,20081030,0.67,0.685,0.67,0.685,22357
HYO,20081030,0.023,0.023,0.019,0.02,1011649
HZL,20081030,0.35,0.38,0.35,0.38,17401
HZN,20081030,0.155,0.17,0.155,0.16,517400
IAG,20081030,3.7,3.82,3.63,3.79,7334810
IAU,20081030,0.094,0.1,0.093,0.093,309593
IAW,20081030,0.17,0.17,0.17,0.17,3000
IBA,20081030,0.655,0.665,0.64,0.64,1984121
IBG,20081030,0.08,0.08,0.07,0.07,49324
ICN,20081030,0.15,0.15,0.14,0.145,369580
ICS,20081030,0.14,0.15,0.14,0.15,74075
IDL,20081030,0.17,0.19,0.17,0.18,6677851
IDM,20081030,0.22,0.22,0.22,0.22,13000
IDO,20081030,0.37,0.37,0.37,0.37,11000
IEF,20081030,0.445,0.45,0.43,0.43,3984810
IEM,20081030,36.25,36.78,34.15,36.45,1798
IEU,20081030,45.14,46.12,45.14,45.65,1845
IFE,20081030,0.2,0.2,0.2,0.2,13500
IFL,20081030,4.26,4.6,4.22,4.6,62588
IFM,20081030,0.36,0.37,0.36,0.37,128443
IGC,20081030,0.235,0.25,0.225,0.225,1143004
IGG,20081030,0.36,0.37,0.36,0.36,198868
IGO,20081030,1.38,1.38,1.27,1.28,2169100
IGR,20081030,0.099,0.115,0.096,0.11,2435996
IHF,20081030,0.7,0.7,0.605,0.625,71489
IHK,20081030,15.22,15.25,15.22,15.25,1300
IIF,20081030,0.27,0.325,0.26,0.305,16455109
III,20081030,0.11,0.11,0.1,0.1,20000
IIN,20081030,1.255,1.285,1.215,1.285,38485
IJH,20081030,78.92,78.97,78.8,78.8,408
IJP,20081030,13,13.36,13,13.36,2345
IJR,20081030,64.68,64.68,64.68,64.68,460
IKO,20081030,36.49,41.44,36.49,41.44,3027
ILF,20081030,0.13,0.14,0.125,0.125,1060971
ILU,20081030,3.65,3.93,3.58,3.7,3697865
IMA,20081030,0.315,0.315,0.315,0.315,34000
IMD,20081030,0.5,0.52,0.45,0.45,1151322
IMF,20081030,0.69,0.7,0.685,0.7,43733
IMI,20081030,0.005,0.005,0.005,0.005,200000
IMP,20081030,0.007,0.008,0.007,0.007,437338
IMU,20081030,0.045,0.045,0.045,0.045,251000
INE,20081030,0.35,0.39,0.35,0.365,37813
INL,20081030,0.02,0.024,0.018,0.024,2126605
INP,20081030,0.255,0.26,0.24,0.25,122916
INT,20081030,0.006,0.007,0.006,0.007,3613170
IOF,20081030,0.89,0.97,0.88,0.965,3961382
IOH,20081030,0.2,0.21,0.2,0.2,79772
IOO,20081030,76,76.62,75.5,75.5,2055
IPA,20081030,0.075,0.075,0.075,0.075,55351
IPE,20081030,0.56,0.56,0.56,0.56,2491
IPL,20081030,3.9,3.95,3.7,3.94,14549363
IPM,20081030,1,1.035,0.995,1.035,3900970
IPR,20081030,0.093,0.097,0.091,0.091,373000
IPX,20081030,0.35,0.35,0.34,0.35,128500
IRC,20081030,0.16,0.16,0.16,0.16,50000
IRD,20081030,0.14,0.14,0.14,0.14,23490
IRE,20081030,4.65,4.8,4.57,4.6,311161
IRI,20081030,0.255,0.255,0.25,0.25,70325
IRL,20081030,0.014,0.014,0.014,0.014,582597
IRM,20081030,0.099,0.099,0.099,0.099,30000
IRN,20081030,0.56,0.57,0.55,0.55,16100
ISG,20081030,10.06,10.06,10.06,10.06,1000
ISS,20081030,0.37,0.42,0.35,0.415,106498
ITC,20081030,0.035,0.037,0.035,0.035,900000
ITD,20081030,0.105,0.105,0.1,0.1,296418
ITT,20081030,0.055,0.055,0.055,0.055,15000
ITW,20081030,12.28,12.31,12.28,12.31,4000
IVA,20081030,0.3,0.305,0.3,0.305,21500
IVC,20081030,4.34,4.79,4.24,4.67,162093
IVE,20081030,64.51,66.66,64.51,66.66,1195
IVT,20081030,0.07,0.07,0.07,0.07,4000
IVV,20081030,138,139.66,137.95,139.63,352
IWI,20081030,0.865,0.885,0.86,0.885,35964
IXR,20081030,0.29,0.29,0.28,0.29,45000
IZZ,20081030,34.87,37,33.47,36.95,4726
JAK,20081030,0.04,0.04,0.04,0.04,20000
JBH,20081030,8.75,9.13,8.71,9,1057416
JET,20081030,0.9,1,0.9,0.99,199948
JGL,20081030,0.115,0.12,0.115,0.115,291000
JHX,20081030,4.65,4.65,4.25,4.32,2634858
JML,20081030,0.115,0.135,0.11,0.135,4606701
JMS,20081030,0.09,0.1,0.09,0.1,51000
JPR,20081030,0.025,0.025,0.025,0.025,1504
JRL,20081030,0.32,0.32,0.32,0.32,49375
JRV,20081030,0.015,0.015,0.013,0.014,6559209
JVG,20081030,0.085,0.099,0.085,0.099,67000
KAL,20081030,0.023,0.023,0.023,0.023,150000
KAM,20081030,0.2,0.2,0.2,0.2,7304
KAR,20081030,2.01,2.17,2.01,2.14,140610
KAT,20081030,0.52,0.52,0.52,0.52,9000
KBC,20081030,0.26,0.265,0.26,0.265,55000
KCN,20081030,2.52,2.59,2.41,2.46,435203
KEN,20081030,0.155,0.155,0.155,0.155,9939
KEY,20081030,0.11,0.11,0.11,0.11,149500
KGL,20081030,0.055,0.06,0.055,0.06,80000
KIK,20081030,0.06,0.068,0.053,0.055,999000
KIL,20081030,0.58,0.58,0.57,0.57,53702
KKT,20081030,0.05,0.05,0.05,0.05,11000
KLM,20081030,0.2,0.2,0.2,0.2,22350
KME,20081030,0.15,0.15,0.15,0.15,5800
KMN,20081030,0.12,0.12,0.11,0.12,205850
KOG,20081030,0.08,0.08,0.08,0.08,30134
KOR,20081030,0.047,0.047,0.047,0.047,30000
KRM,20081030,0.12,0.12,0.12,0.12,10000
KRS,20081030,0.17,0.17,0.165,0.165,140000
KSO,20081030,0.07,0.07,0.07,0.07,30000
KYC,20081030,0.2,0.21,0.2,0.21,25000
KZL,20081030,0.67,0.71,0.585,0.585,3523111
LBL,20081030,0.11,0.11,0.11,0.11,20000
LCT,20081030,0.17,0.17,0.17,0.17,23500
LDW,20081030,2.25,2.25,2.2,2.2,9020
LEG,20081030,0.007,0.01,0.007,0.01,1615498
LEI,20081030,26.8,27.7,25.73,25.73,1830149
LEP,20081030,2.5,2.57,2.45,2.57,38230
LGD,20081030,0.082,0.082,0.079,0.079,67500
LGL,20081030,1.88,2.08,1.87,2.05,27636646
LKO,20081030,0.005,0.005,0.004,0.004,4464886
LLC,20081030,7.24,7.27,6.82,6.97,1123058
LMC,20081030,3.5,3.5,3.45,3.45,6200
LML,20081030,0.15,0.15,0.14,0.14,25500
LMP,20081030,0.086,0.086,0.086,0.086,118710
LMW,20081030,0.51,0.51,0.51,0.51,18000
LNC,20081030,2.56,2.8,2.54,2.78,753752
LNG,20081030,0.405,0.45,0.4,0.45,58322
LNN,20081030,8.37,8.71,8.29,8.59,1403260
LOD,20081030,0.014,0.014,0.014,0.014,100000
LOM,20081030,0.04,0.04,0.04,0.04,800000
LRF,20081030,0.405,0.42,0.4,0.42,748857
LRG,20081030,0.01,0.01,0.01,0.01,2820
LRL,20081030,0.09,0.1,0.09,0.1,92200
LSA,20081030,0.009,0.009,0.009,0.009,3297422
LSL,20081030,0.001,0.001,0.001,0.001,5500000
LST,20081030,1.25,1.26,1.225,1.23,160458
LUM,20081030,0.004,0.004,0.004,0.004,650000
LYC,20081030,0.285,0.305,0.275,0.3,3593705
LYL,20081030,2.55,2.55,2.55,2.55,5000
MAE,20081030,0.23,0.24,0.225,0.23,483907
MAH,20081030,0.7,0.73,0.655,0.68,4344088
MAK,20081030,0.65,0.675,0.635,0.65,377827
MAN,20081030,0.006,0.006,0.006,0.006,67492
MAP,20081030,2.34,2.34,2.25,2.26,3876817
MAR,20081030,0.09,0.095,0.09,0.095,125000
MAU,20081030,0.028,0.028,0.028,0.028,12000
MBI,20081030,0.009,0.009,0.009,0.009,214167
MBN,20081030,1.4,1.68,1.38,1.61,417785
MBP,20081030,0.029,0.029,0.028,0.029,263300
MBT,20081030,0.405,0.41,0.405,0.41,7100
MCC,20081030,5.98,6.49,5.98,6.21,879158
MCG,20081030,1.34,1.43,1.315,1.405,1707973
MCH,20081030,1,1,1,1,260
MCK,20081030,0.25,0.25,0.25,0.25,9620
MCL,20081030,0.006,0.007,0.006,0.007,764773
MCO,20081030,0.17,0.175,0.17,0.175,127000
MCR,20081030,0.71,0.73,0.68,0.685,3667951
MCU,20081030,0.4,0.42,0.39,0.39,149324
MCW,20081030,0.25,0.27,0.22,0.22,14699676
MDA,20081030,0.21,0.21,0.21,0.21,32500
MDL,20081030,0.58,0.64,0.58,0.6,102403
MDS,20081030,0.033,0.033,0.033,0.033,50000
MDT,20081030,0.09,0.09,0.075,0.076,7590174
MDX,20081030,0.35,0.35,0.345,0.35,190000
MEI,20081030,0.02,0.02,0.02,0.02,10000
MEL,20081030,0.35,0.405,0.35,0.405,187179
MEO,20081030,0.14,0.16,0.14,0.145,406870
MEP,20081030,0.175,0.18,0.175,0.18,25653
MES,20081030,0.1,0.1,0.1,0.1,200000
MET,20081030,0.09,0.09,0.09,0.09,449689
MEU,20081030,0.04,0.045,0.04,0.045,27000
MFC,20081030,0.069,0.069,0.063,0.068,57000
MFF,20081030,0.57,0.575,0.57,0.575,6593738
MFI,20081030,0.026,0.026,0.015,0.015,227000
MGO,20081030,0.105,0.105,0.105,0.105,20832
MGY,20081030,0.052,0.054,0.052,0.054,300000
MGZ,20081030,0.066,0.066,0.066,0.066,13529
MHL,20081030,0.005,0.005,0.005,0.005,750000
MIF,20081030,0.425,0.425,0.4,0.4,30000
MIG,20081030,2,2,1.91,1.97,10637214
MIK,20081030,0.14,0.14,0.14,0.14,2624
MIN,20081030,2.39,2.39,2.22,2.36,429709
MIR,20081030,1.47,1.47,1.47,1.47,44340
MIT,20081030,1.27,1.3,1.25,1.3,25300
MIX,20081030,0.15,0.165,0.15,0.165,301821
MKY,20081030,0.01,0.01,0.01,0.01,100000
MLB,20081030,2.15,2.15,2,2.02,212749
MLE,20081030,1.035,1.06,1.01,1.03,1033360
MLM,20081030,0.22,0.255,0.22,0.25,56079
MLS,20081030,0.01,0.011,0.01,0.011,1111000
MLT,20081030,16.99,17.5,16.79,17.5,15821
MLX,20081030,0.16,0.16,0.14,0.15,880656
MMA,20081030,0.5,0.5,0.49,0.49,73167
MMB,20081030,0.3,0.3,0.28,0.3,143000
MMG,20081030,1.03,1.125,0.92,1.07,9346999
MML,20081030,0.61,0.63,0.6,0.6,78800
MMN,20081030,0.037,0.04,0.034,0.04,1407629
MMR,20081030,0.045,0.045,0.041,0.041,144400
MMS,20081030,2.27,2.27,2.27,2.27,2150
MMX,20081030,0.65,1.06,0.65,0.91,2205644
MND,20081030,7.5,8.1,7.13,7.7,781223
MNF,20081030,0.08,0.08,0.071,0.071,95000
MNL,20081030,0.19,0.21,0.185,0.185,92119
MNM,20081030,0.072,0.075,0.072,0.075,52075
MNW,20081030,0.025,0.025,0.025,0.025,25000
MOC,20081030,0.9,0.9,0.87,0.87,25460
MOF,20081030,0.295,0.34,0.295,0.325,7287395
MOL,20081030,0.335,0.44,0.31,0.4,1299535
MOS,20081030,0.07,0.077,0.07,0.076,292500
MOX,20081030,0.05,0.05,0.05,0.05,443007
MPF,20081030,0.265,0.295,0.265,0.27,156871
MPI,20081030,0.023,0.023,0.023,0.023,20834
MPJ,20081030,0.003,0.003,0.003,0.003,1837000
MPO,20081030,0.525,0.62,0.525,0.59,1049072
MPS,20081030,0.175,0.2,0.175,0.19,348182
MQG,20081030,29.44,29.64,28.51,29.02,1869275
MRA,20081030,0.2,0.225,0.18,0.205,66900
MRE,20081030,0.46,0.575,0.435,0.53,7452910
MRK,20081030,0.01,0.01,0.01,0.01,234244
MRM,20081030,1.1,1.1,1.025,1.055,414460
MRN,20081030,0.4,0.4,0.4,0.4,500
MRU,20081030,0.675,0.68,0.675,0.68,56193
MRX,20081030,0.025,0.025,0.025,0.025,756622
MRZ,20081030,0.38,0.395,0.375,0.39,466549
MSA,20081030,0.185,0.22,0.185,0.22,85000
MSB,20081030,0.88,0.9,0.88,0.9,77710
MSC,20081030,0.012,0.012,0.012,0.012,151725
MSF,20081030,1.96,1.96,1.95,1.95,26619
MSL,20081030,1.5,1.55,1.5,1.55,744171
MSR,20081030,0.07,0.07,0.07,0.07,25000
MST,20081030,0.037,0.037,0.034,0.037,679399
MTH,20081030,0.12,0.12,0.12,0.12,20000
MTN,20081030,0.25,0.315,0.25,0.3,449561
MTS,20081030,4.1,4.18,4.06,4.12,3446030
MTU,20081030,0.535,0.56,0.535,0.56,44149
MUE,20081030,0.24,0.25,0.24,0.24,436240
MUN,20081030,0.18,0.2,0.18,0.185,482956
MUR,20081030,0.055,0.056,0.055,0.056,147000
MVP,20081030,0.215,0.215,0.215,0.215,5000
MWE,20081030,0.04,0.049,0.04,0.04,253054
MWG,20081030,1.08,1.08,1.08,1.08,50000
MXI,20081030,0.39,0.41,0.39,0.4,151300
MXR,20081030,0.065,0.07,0.065,0.07,248000
MYO,20081030,1.115,1.15,1.08,1.135,184449
NAB,20081030,23.45,24.72,23.16,24.19,12266032
NAD,20081030,0.009,0.009,0.008,0.009,1713333
NAL,20081030,0.006,0.008,0.006,0.008,1403980
NAN,20081030,0.2,0.2,0.2,0.2,58376
NAV,20081030,0.15,0.175,0.145,0.16,492300
NBL,20081030,1.01,1.22,1.01,1.2,13000
NCK,20081030,0.6,0.6,0.55,0.55,508000
NCM,20081030,19.4,20.74,19,20.52,3475354
NDO,20081030,0.14,0.155,0.135,0.155,11848511
NEC,20081030,0.46,0.65,0.46,0.65,107345
NEM,20081030,3.91,3.97,3.8,3.85,11417
NFE,20081030,0.6,0.705,0.6,0.66,2531527
NFK,20081030,0.44,0.44,0.4,0.44,68163
NFL,20081030,0.05,0.054,0.048,0.054,2156511
NGF,20081030,0.09,0.091,0.085,0.09,348900
NGM,20081030,0.011,0.012,0.01,0.012,219298
NHC,20081030,3.35,3.5,3.28,3.4,543681
NHD,20081030,0.011,0.011,0.011,0.011,110000
NHF,20081030,0.81,0.83,0.775,0.8,895718
NKP,20081030,0.13,0.13,0.11,0.115,517762
NLB,20081030,0.45,0.45,0.45,0.45,4000
NLG,20081030,0.006,0.006,0.006,0.006,99742
NLX,20081030,0.14,0.14,0.12,0.125,208226
NMI,20081030,0.035,0.035,0.035,0.035,28000
NMN,20081030,0.15,0.15,0.15,0.15,50000
NMS,20081030,0.27,0.295,0.27,0.295,596268
NOD,20081030,0.7,0.7,0.69,0.69,285248
NQM,20081030,0.22,0.22,0.22,0.22,18500
NRT,20081030,1,1,1,1,22633
NSL,20081030,0.015,0.016,0.014,0.014,291000
NTC,20081030,0.165,0.165,0.165,0.165,43000
NTU,20081030,0.135,0.135,0.135,0.135,21905
NUF,20081030,10,11.1,9.99,10.8,1107547
NUP,20081030,0.05,0.05,0.05,0.05,2516
NVT,20081030,2.02,2.09,2.02,2.08,989721
NWE,20081030,0.065,0.069,0.065,0.066,215000
NWH,20081030,0.6,0.6,0.515,0.515,1015239
NWR,20081030,0.032,0.032,0.032,0.032,206666
NWS,20081030,13.89,13.94,13.53,13.63,3346645
NWT,20081030,0.001,0.002,0.001,0.002,5989999
NXS,20081030,0.5,0.505,0.49,0.5,5073382
NZO,20081030,1.09,1.09,1.09,1.09,20000
OAK,20081030,0.595,0.6,0.575,0.58,71490
ODY,20081030,0.07,0.07,0.07,0.07,320400
OEC,20081030,0.055,0.055,0.05,0.05,156053
OEL,20081030,0.2,0.21,0.2,0.21,500560
OEQ,20081030,0.41,0.41,0.41,0.41,5000
OEX,20081030,0.55,0.565,0.53,0.54,414061
OFG,20081030,0.76,0.8,0.76,0.8,1000
OGC,20081030,0.25,0.27,0.25,0.265,367170
OHL,20081030,0.001,0.001,0.001,0.001,2600
OIF,20081030,0.235,0.24,0.225,0.23,232329
OIL,20081030,0.06,0.06,0.06,0.06,85000
OIP,20081030,0.045,0.047,0.045,0.047,142500
OKN,20081030,1.845,1.865,1.72,1.73,237464
OLH,20081030,0.7,0.7,0.7,0.7,35000
OLY,20081030,0.021,0.022,0.021,0.022,76000
OMH,20081030,0.91,0.96,0.9,0.91,1258369
ONC,20081030,0.11,0.11,0.11,0.11,5256
ORD,20081030,0.06,0.06,0.06,0.06,50000
ORE,20081030,0.2,0.2,0.195,0.195,52905
ORG,20081030,15.5,15.94,15.26,15.7,3690339
ORI,20081030,18.5,19.29,18.01,19.05,1988286
OSH,20081030,4.6,4.82,4.25,4.3,18862275
OST,20081030,3.15,3.38,3.12,3.38,6053052
OUM,20081030,0.1,0.1,0.1,0.1,50000
OVR,20081030,0.065,0.08,0.05,0.07,2072878
OZL,20081030,0.985,1.065,0.97,1.035,54600855
PAA,20081030,0.019,0.019,0.019,0.019,550613
PAG,20081030,1.21,1.315,1.19,1.3,343910
PAN,20081030,0.89,0.95,0.85,0.905,3459678
PAU,20081030,0.03,0.03,0.03,0.03,50000
PAX,20081030,0.135,0.135,0.135,0.135,20000
PBA,20081030,0.58,0.58,0.58,0.58,1639
PBD,20081030,0.2,0.205,0.17,0.195,352896
PBG,20081030,1.02,1.065,1,1.02,6533492
PBP,20081030,1.18,1.2,1.16,1.16,20280
PBT,20081030,0.38,0.38,0.355,0.36,32339
PCL,20081030,0.017,0.017,0.017,0.017,30000
PDN,20081030,2.18,2.3,2.11,2.3,5142872
PEM,20081030,0.16,0.17,0.15,0.155,2344080
PEN,20081030,0.016,0.016,0.014,0.015,1796076
PES,20081030,1.21,1.34,1.21,1.275,851153
PEV,20081030,0.034,0.039,0.034,0.039,1471751
PFG,20081030,0.25,0.25,0.25,0.25,22060
PFL,20081030,0.93,1,0.9,1,26140
PGA,20081030,1.63,1.63,1.6,1.6,40537
PGC,20081030,0.026,0.026,0.026,0.026,236020
PGL,20081030,0.63,0.64,0.62,0.635,28192
PGM,20081030,0.28,0.28,0.28,0.28,517000
PGS,20081030,0.034,0.034,0.03,0.03,490000
PHG,20081030,0.051,0.051,0.05,0.05,100000
PIO,20081030,0.039,0.039,0.039,0.039,20000
PLA,20081030,0.41,0.64,0.39,0.605,6970096
PLI,20081030,0.35,0.35,0.35,0.35,37306
PLT,20081030,0.085,0.085,0.077,0.077,337804
PLV,20081030,0.33,0.35,0.29,0.35,271000
PMC,20081030,1.07,1.08,1.05,1.08,58175
PME,20081030,0.89,0.9,0.89,0.9,21200
PMM,20081030,21.5,21.55,21.5,21.5,62906
PMP,20081030,0.88,0.915,0.86,0.89,460128
PMV,20081030,4.25,4.29,4.13,4.16,42149
PNA,20081030,0.235,0.265,0.22,0.25,31749426
POH,20081030,0.065,0.065,0.06,0.065,33250
POL,20081030,0.135,0.135,0.135,0.135,5000
POS,20081030,0.175,0.175,0.17,0.175,124439
POZ,20081030,0.4,0.405,0.4,0.405,12000
PPC,20081030,1.7,1.85,1.7,1.85,480514
PPI,20081030,0.24,0.25,0.24,0.25,90000
PPP,20081030,0.205,0.215,0.2,0.215,807723
PPS,20081030,0.16,0.18,0.16,0.18,363000
PPT,20081030,32.3,34.6,32.06,34,125711
PPX,20081030,1.35,1.42,1.315,1.4,935637
PPY,20081030,0.48,0.5,0.48,0.5,57482
PRC,20081030,1.18,1.18,1.14,1.15,95966
PRE,20081030,0.007,0.007,0.007,0.007,90000
PRG,20081030,3.1,3.1,2.96,3.01,81007
PRO,20081030,0.32,0.32,0.31,0.31,43000
PRU,20081030,0.39,0.4,0.34,0.34,222224
PRV,20081030,0.65,0.65,0.61,0.61,163251
PRY,20081030,4.54,4.58,4.4,4.48,1306768
PSA,20081030,0.24,0.265,0.225,0.23,449540
PSH,20081030,1.255,1.255,1.2,1.25,151363
PST,20081030,0.25,0.255,0.25,0.255,10667
PTB,20081030,0.4,0.4,0.4,0.4,4000
PTM,20081030,3.05,3.19,2.98,3.04,471379
PTN,20081030,0.195,0.195,0.18,0.195,266887
PTO,20081030,0.049,0.05,0.035,0.035,70000
PTR,20081030,0.35,0.36,0.35,0.355,88666
PTS,20081030,0.08,0.08,0.08,0.08,50000
PVA,20081030,1.58,1.65,1.58,1.58,49097
PVE,20081030,1.37,1.39,1.3,1.39,345334
PWK,20081030,2.56,2.61,2.35,2.45,37645
PWR,20081030,0.084,0.084,0.084,0.084,37333
PXL,20081030,0.06,0.06,0.06,0.06,35500
PXS,20081030,1.53,1.56,1.48,1.48,95012
PYM,20081030,0.1,0.1,0.1,0.1,30000
QAN,20081030,2.5,2.53,2.44,2.46,6831977
QBE,20081030,25.4,26,25.12,25.5,3934456
QFX,20081030,0.02,0.02,0.02,0.02,5000
QGC,20081030,5.75,5.76,5.75,5.75,50283008
QHL,20081030,0.15,0.15,0.15,0.15,5000
QMN,20081030,0.14,0.14,0.13,0.135,364500
QOL,20081030,0.032,0.037,0.032,0.034,485031
QTM,20081030,0.075,0.075,0.075,0.075,99500
QUR,20081030,0.006,0.006,0.005,0.005,100000
QXQ,20081030,0.005,0.006,0.005,0.006,108334
RAT,20081030,0.016,0.016,0.015,0.016,260758
RAU,20081030,0.025,0.025,0.025,0.025,4733442
RAW,20081030,0.05,0.05,0.044,0.044,135000
RBM,20081030,0.016,0.016,0.016,0.016,100000
RBR,20081030,0.05,0.05,0.044,0.044,94636
RBY,20081030,0.001,0.002,0.001,0.002,1400888
RCI,20081030,0.08,0.1,0.08,0.09,120000
RCO,20081030,0.23,0.23,0.23,0.23,38462
RCR,20081030,0.775,0.835,0.75,0.825,140575
RCY,20081030,0.115,0.145,0.115,0.125,626268
RDF,20081030,2.45,2.56,2.45,2.55,38840
RDM,20081030,0.11,0.12,0.1,0.1,51500
RDR,20081030,0.28,0.32,0.28,0.3,164200
REA,20081030,4.5,4.5,4.3,4.5,1671720
RED,20081030,0.035,0.035,0.035,0.035,68000
REF,20081030,1.3,1.32,1.235,1.3,146253
REH,20081030,18.45,18.45,17.9,17.9,1042
RES,20081030,0.067,0.075,0.067,0.072,1559931
REU,20081030,0.005,0.006,0.005,0.005,390000
REX,20081030,1,1,1,1,105503
REY,20081030,0.1,0.1,0.1,0.1,52000
RFE,20081030,0.275,0.275,0.27,0.275,72816
RFG,20081030,1.14,1.14,1.105,1.13,22375
RHC,20081030,9.86,10.19,9.82,10.1,196644
RHD,20081030,0.2,0.22,0.2,0.2,2340000
RHG,20081030,0.094,0.094,0.089,0.09,749891
RHI,20081030,2.1,2.1,2.1,2.1,3500
RHL,20081030,3.7,3.7,3.7,3.7,2149
RHT,20081030,0.01,0.01,0.01,0.01,850000
RIC,20081030,0.77,0.78,0.71,0.73,278006
RIM,20081030,0.013,0.015,0.013,0.015,138750
RIO,20081030,74,77.54,73.68,77.32,2595351
RIV,20081030,2.81,3.31,2.78,3.1,618181
RJT,20081030,0.009,0.009,0.008,0.008,2673115
RKN,20081030,0.9,0.93,0.9,0.93,82000
RMD,20081030,5.2,5.2,4.78,4.78,1371218
RMG,20081030,0.009,0.009,0.009,0.009,490000
RMI,20081030,0.008,0.008,0.008,0.008,200000
RML,20081030,0.057,0.059,0.05,0.05,390700
RMS,20081030,0.405,0.5,0.4,0.455,184326
RMT,20081030,0.12,0.12,0.12,0.12,20000
RNG,20081030,0.017,0.019,0.017,0.019,800000
RNY,20081030,0.1,0.11,0.095,0.096,1181735
ROC,20081030,0.57,0.62,0.57,0.61,2982410
ROY,20081030,0.09,0.1,0.09,0.1,30000
RPC,20081030,0.012,0.013,0.012,0.013,790000
RPX,20081030,0.78,0.79,0.75,0.79,26917
RRA,20081030,0.49,0.5,0.49,0.5,311500
RRL,20081030,0.08,0.08,0.08,0.08,92500
RRT,20081030,0.005,0.005,0.005,0.005,925000
RSN,20081030,0.005,0.005,0.005,0.005,2000000
RUB,20081030,0.071,0.075,0.07,0.072,853911
RUL,20081030,0.7,0.74,0.7,0.74,17097
RUR,20081030,0.17,0.17,0.17,0.17,245917
RWD,20081030,0.3,0.33,0.3,0.33,34000
RXL,20081030,0.026,0.044,0.026,0.044,54386
SAE,20081030,0.115,0.135,0.115,0.125,590349
SAI,20081030,2.34,2.42,2.34,2.4,533181
SAR,20081030,0.057,0.058,0.057,0.057,300000
SAV,20081030,0.5,0.5,0.45,0.45,71000
SAY,20081030,0.48,0.48,0.46,0.46,32900
SBM,20081030,0.225,0.235,0.215,0.225,4906862
SBN,20081030,0.01,0.01,0.009,0.01,2510000
SBS,20081030,0.016,0.019,0.015,0.015,1228740
SCB,20081030,0.41,0.41,0.4,0.4,5500
SCE,20081030,0.005,0.005,0.005,0.005,255000
SDG,20081030,1.01,1.075,0.975,0.98,3554869
SDI,20081030,0.24,0.26,0.24,0.24,137246
SDL,20081030,0.1,0.11,0.098,0.1,12637361
SDM,20081030,1.31,1.31,1.265,1.28,270351
SEA,20081030,0.18,0.18,0.18,0.18,72500
SEK,20081030,3.23,3.34,3.17,3.26,1470652
SEN,20081030,0.029,0.029,0.027,0.027,494426
SEV,20081030,5.68,6.5,5.62,6.38,635516
SFH,20081030,0.37,0.37,0.28,0.33,475968
SFY,20081030,38.73,39.97,38.72,39.85,43515
SGB,20081030,27.15,27.15,26.51,27,2189431
SGH,20081030,1.35,1.35,1.3,1.3,34681
SGL,20081030,0.165,0.17,0.16,0.165,1443954
SGM,20081030,13.2,14.29,13.15,13.79,1287686
SGN,20081030,0.65,0.65,0.565,0.565,166803
SGP,20081030,3.9,4.09,3.72,4,8602762
SGT,20081030,2.43,2.55,2.38,2.5,5980811
SGX,20081030,3.25,3.73,3.22,3.65,1120869
SGY,20081030,0.08,0.08,0.08,0.08,110000
SHC,20081030,0.065,0.065,0.065,0.065,15000
SHE,20081030,0.04,0.04,0.04,0.04,22924
SHG,20081030,3.58,3.58,3.57,3.58,1780450
SHL,20081030,13.8,13.8,13.49,13.6,1136565
SHV,20081030,3.81,3.84,3.76,3.77,23859
SIM,20081030,0.145,0.15,0.14,0.15,97983
SIP,20081030,1.34,1.34,1.22,1.28,2947412
SIV,20081030,1.05,1.05,1.05,1.05,9011
SKC,20081030,2.68,2.95,2.67,2.92,435082
SKE,20081030,2.45,2.45,2.3,2.45,14305
SKI,20081030,1.35,1.4,1.225,1.33,4391472
SKT,20081030,3.23,3.23,3.05,3.21,851600
SLA,20081030,0.28,0.28,0.24,0.27,339870
SLF,20081030,8.5,8.94,8.5,8.78,20472
SLM,20081030,3.12,3.14,3.1,3.13,34082
SLR,20081030,0.17,0.17,0.17,0.17,100000
SLX,20081030,3.35,3.45,3.31,3.31,123550
SMC,20081030,0.04,0.04,0.04,0.04,30000
SML,20081030,0.016,0.016,0.016,0.016,31250
SMM,20081030,1.69,1.85,1.69,1.85,41502
SMX,20081030,2.26,2.35,2.26,2.26,94538
SND,20081030,0.38,0.38,0.38,0.38,5000
SNO,20081030,0.48,0.48,0.48,0.48,19000
SOE,20081030,0.098,0.11,0.095,0.11,870268
SOI,20081030,0.19,0.19,0.19,0.19,22000
SOL,20081030,9.3,9.4,9,9,7832
SOM,20081030,0.019,0.019,0.017,0.017,74852
SOO,20081030,0.036,0.038,0.036,0.038,163617
SOT,20081030,0.115,0.115,0.11,0.11,21036
SPH,20081030,0.72,0.725,0.7,0.72,183003
SPI,20081030,0.12,0.12,0.12,0.12,6000
SPL,20081030,0.255,0.27,0.255,0.27,30000
SPN,20081030,1.065,1.065,1.005,1.01,4307440
SPP,20081030,0.005,0.005,0.005,0.005,314240
SPT,20081030,2.49,2.61,2.44,2.49,565231
SRA,20081030,0.016,0.016,0.016,0.016,50000
SRI,20081030,0.022,0.025,0.022,0.025,405227
SRK,20081030,0.49,0.52,0.49,0.5,231690
SRL,20081030,1.18,1.215,1.12,1.18,2910543
SRV,20081030,2.85,2.91,2.85,2.9,67800
SRX,20081030,2.1,2.1,2.1,2.1,4720
SSC,20081030,0.007,0.007,0.007,0.007,350000
SSI,20081030,0.72,0.72,0.72,0.72,3700
SSM,20081030,0.85,0.895,0.85,0.895,41914
SSN,20081030,0.05,0.05,0.035,0.035,1010000
STB,20081030,0.07,0.07,0.07,0.07,19500
STG,20081030,0.05,0.05,0.048,0.048,441500
STI,20081030,0.009,0.012,0.009,0.012,1100000
STO,20081030,13.51,14.55,13.5,13.95,5174210
STP,20081030,0.06,0.061,0.06,0.061,67273
STS,20081030,1.3,1.3,1.2,1.2,15000
STU,20081030,0.63,0.64,0.595,0.595,27000
STW,20081030,37.34,38.29,37.1,38.1,567896
STX,20081030,0.175,0.18,0.175,0.18,287558
SUL,20081030,2.2,2.2,2.19,2.19,21527
SUN,20081030,7.74,8.1,7.65,8,13539896
SUR,20081030,0.04,0.049,0.04,0.049,153172
SWG,20081030,0.005,0.005,0.005,0.005,4584026
SWK,20081030,0.58,0.58,0.56,0.57,78332
SXE,20081030,0.87,0.9,0.87,0.9,10459
SXG,20081030,0.08,0.08,0.08,0.08,1864
SYM,20081030,0.44,0.465,0.44,0.465,33343
SYN,20081030,0.065,0.065,0.06,0.06,288000
TAH,20081030,6.6,6.7,6.37,6.6,4469356
TAL,20081030,2.05,2.21,1.99,2.13,931723
TAM,20081030,0.006,0.006,0.005,0.006,15217500
TAP,20081030,0.535,0.57,0.525,0.56,1152572
TAS,20081030,0.035,0.035,0.032,0.032,22375
TAW,20081030,0.041,0.043,0.041,0.043,110000
TBG,20081030,0.75,0.8,0.75,0.765,26785
TCL,20081030,5.32,5.46,5.14,5.43,2745222
TCM,20081030,0.2,0.24,0.2,0.24,23823
TCQ,20081030,0.39,0.415,0.375,0.385,1770204
TDO,20081030,0.075,0.08,0.075,0.08,542050
TEL,20081030,1.975,2.07,1.945,2.06,5463838
TEN,20081030,1.3,1.35,1.28,1.31,1005851
TEX,20081030,0.042,0.042,0.042,0.042,41091
TEY,20081030,0.18,0.19,0.18,0.19,21000
TFC,20081030,0.91,0.91,0.845,0.85,1877359
TGF,20081030,0.07,0.07,0.07,0.07,19313
TGG,20081030,0.77,0.78,0.765,0.765,75886
TGR,20081030,1.74,1.75,1.71,1.735,380464
TGS,20081030,0.13,0.13,0.13,0.13,2100000
THG,20081030,0.565,0.565,0.51,0.54,4551508
THR,20081030,0.03,0.03,0.03,0.03,10000
THX,20081030,0.14,0.155,0.14,0.155,10000
TIM,20081030,0.485,0.52,0.485,0.52,468748
TIS,20081030,0.095,0.095,0.095,0.095,8000
TLM,20081030,0.15,0.2,0.14,0.2,83967
TLS,20081030,4.09,4.14,4.05,4.12,41179899
TNC,20081030,0.01,0.01,0.01,0.01,50000
TNE,20081030,0.68,0.72,0.68,0.7,680484
TNL,20081030,0.15,0.15,0.12,0.12,5100
TOE,20081030,0.115,0.115,0.1,0.1,715593
TOL,20081030,5.7,6.02,5.7,5.95,6211560
TOX,20081030,1.51,1.51,1.5,1.5,35976
TPI,20081030,3.42,3.49,3.32,3.42,832731
TPL,20081030,0.006,0.006,0.006,0.006,1390000
TPX,20081030,3.6,3.6,3.6,3.6,12500
TRF,20081030,0.2,0.2,0.2,0.2,10000
TRG,20081030,6.2,6.8,6.2,6.65,4509
TRO,20081030,0.067,0.072,0.067,0.071,185940
TRS,20081030,9.35,9.5,9.3,9.5,37521
TRU,20081030,6.39,6.39,6,6,15594
TRY,20081030,1,1.08,1,1.04,67068
TSE,20081030,3.16,3.65,3.16,3.6,1306670
TSF,20081030,0.04,0.04,0.04,0.04,800
TSI,20081030,1.1,1.125,1.055,1.08,563526
TSM,20081030,0.41,0.41,0.4,0.41,12500
TSO,20081030,0.3,0.365,0.24,0.295,2988387
TSV,20081030,0.015,0.016,0.015,0.016,275000
TTS,20081030,2.35,2.39,2.32,2.37,5255288
TTY,20081030,0.245,0.27,0.245,0.25,459519
TUC,20081030,0.06,0.06,0.06,0.06,20000
TVN,20081030,0.005,0.005,0.005,0.005,6000
TWO,20081030,0.77,0.95,0.77,0.95,17809
TWR,20081030,1.29,1.29,1.24,1.27,20942
TXN,20081030,0.225,0.36,0.225,0.31,194764
TZL,20081030,1.9,1.94,1.9,1.9,23840
TZN,20081030,0.86,0.875,0.85,0.875,58663
UCL,20081030,0.005,0.005,0.005,0.005,885000
UCM,20081030,0.3,0.3,0.3,0.3,5079
UEQ,20081030,0.08,0.088,0.08,0.08,162000
UGL,20081030,8.67,8.94,8.5,8.9,1046510
UMC,20081030,0.585,0.67,0.57,0.67,603940
UNI,20081030,0.23,0.23,0.23,0.23,30000
UNX,20081030,0.15,0.15,0.11,0.11,319167
UOG,20081030,0.033,0.05,0.033,0.05,57000
URA,20081030,0.031,0.031,0.025,0.025,39498
URL,20081030,0.028,0.028,0.026,0.027,583000
URM,20081030,0.048,0.048,0.045,0.045,67662
USA,20081030,0.077,0.08,0.076,0.076,57001
UTO,20081030,0.13,0.13,0.12,0.12,47489
UXC,20081030,0.83,0.835,0.8,0.83,238948
VBA,20081030,0.33,0.345,0.315,0.325,7943887
VCN,20081030,0.08,0.08,0.072,0.075,127106
VCR,20081030,0.085,0.085,0.076,0.077,1274459
VEC,20081030,0.065,0.065,0.06,0.06,94750
VGH,20081030,0.75,0.75,0.62,0.65,307224
VIL,20081030,0.013,0.013,0.012,0.012,750000
VIR,20081030,0.46,0.5,0.46,0.5,87916
VLA,20081030,0.045,0.048,0.045,0.048,110000
VMG,20081030,0.55,0.59,0.445,0.465,2584180
VMS,20081030,0.12,0.12,0.115,0.115,8520
VMT,20081030,0.051,0.051,0.05,0.05,20000
VPE,20081030,0.185,0.185,0.175,0.185,740264
VPG,20081030,0.081,0.084,0.076,0.078,19356153
VRL,20081030,1.37,1.37,1.35,1.37,13765
VTG,20081030,0.2,0.2,0.185,0.185,218819
VTP,20081030,0.75,0.8,0.745,0.8,111292
WAB,20081030,0.2,0.2,0.195,0.2,240000
WAG,20081030,0.004,0.004,0.004,0.004,1000000
WAL,20081030,0.053,0.053,0.053,0.053,250000
WAM,20081030,0.94,0.95,0.92,0.95,44357
WAN,20081030,6.2,6.46,5.7,5.7,1059664
WAS,20081030,0.009,0.009,0.008,0.008,1120000
WBA,20081030,0.79,0.79,0.79,0.79,1000
WBC,20081030,20.75,20.75,19.99,20.3,12701146
WCB,20081030,4.04,4.04,4,4.03,3138
WCL,20081030,0.34,0.34,0.34,0.34,10000
WDC,20081030,13.65,14.85,13.3,14.85,8035182
WDS,20081030,1.69,1.7,1.68,1.68,88514
WEB,20081030,1.01,1.055,1,1.055,12219
WEC,20081030,1.9,1.9,1.835,1.85,195582
WES,20081030,20,21.67,19.8,20.79,3925221
WFL,20081030,0.92,0.92,0.84,0.85,563759
WGO,20081030,0.12,0.12,0.1,0.1,136000
WGP,20081030,0.033,0.033,0.033,0.033,85550
WGR,20081030,0.2,0.21,0.2,0.21,41706
WHC,20081030,1.33,1.52,1.33,1.45,485397
WHE,20081030,0.079,0.08,0.079,0.079,120000
WHG,20081030,0.885,0.89,0.875,0.88,431210
WHN,20081030,0.047,0.047,0.033,0.033,91000
WHS,20081030,3.35,3.35,3.35,3.35,140228
WIG,20081030,1,1,0.99,0.99,3000
WIL,20081030,0.6,0.6,0.585,0.6,194143
WKL,20081030,0.13,0.145,0.13,0.145,33552
WKR,20081030,0.04,0.04,0.04,0.04,26000
WLL,20081030,1.75,1.75,1.75,1.75,800
WMT,20081030,0.029,0.03,0.027,0.027,2435581
WOR,20081030,14.95,15.25,14.4,14.5,1718736
WOW,20081030,26.9,27.62,26.77,27.49,4061271
WPG,20081030,0.34,0.34,0.32,0.32,23300
WPL,20081030,39.2,43.43,39.19,43.16,3273014
WRK,20081030,0.14,0.14,0.14,0.14,2752
WSA,20081030,3.5,3.95,3.5,3.92,1131012
WTF,20081030,3.45,3.73,3.35,3.4,393824
WTP,20081030,1.47,1.47,1.41,1.47,143862
WVL,20081030,0.74,0.74,0.655,0.675,690774
WWA,20081030,1.85,1.85,1.77,1.83,60240
WWM,20081030,0.085,0.085,0.085,0.085,57000
WYL,20081030,0.885,0.935,0.885,0.9,58987
XAF,20081030,4048,4048,4048,4048,0
XAO,20081030,3826.4,3975.8,3825.7,3957.3,0
XAT,20081030,400450,400450,400450,400450,0
XBW,20081030,359.43,359.43,359.43,359.43,0
XCD,20081030,0.04,0.04,0.04,0.04,0
XDJ,20081030,1242.8,1261.2,1233.1,1257,0
XEJ,20081030,12115.6,13233.4,12113.3,13066.1,0
XFJ,20081030,3950.8,4055.8,3940,4034.5,0
XFL,20081030,3927,4083.4,3925.3,4060.5,0
XGD,20081030,3262.8,3262.8,3262.8,3262.8,0
XHJ,20081030,8791.7,8898.9,8654.7,8707.9,0
XIJ,20081030,459.4,471.9,456.9,460.3,0
XJO,20081030,3869,4022.4,3868.1,4001.1,0
XKO,20081030,3846.3,3998.1,3845.7,3977.2,0
XMD,20081030,3452.7,3575.6,3445.3,3565,0
XMJ,20081030,8469.2,9030,8445.1,8974.4,0
XMM,20081030,3075.6,3075.6,3075.6,3075.6,0
XNJ,20081030,3500.9,3639,3500.9,3610.4,0
XPJ,20081030,916,967,900.1,967,0
XRF,20081030,0.1,0.1,0.1,0.1,0
XSJ,20081030,6266.1,6606.2,6264.5,6516.8,0
XSO,20081030,1736.8,1813.1,1735.7,1799.8,0
XST,20081030,0.04,0.04,0.04,0.04,0
XTJ,20081030,1367.8,1389.1,1351.6,1385.5,0
XTL,20081030,2355.7,2455.9,2350.2,2441.1,0
XTO,20081030,3194.4,3320,3192.6,3302.5,0
XUJ,20081030,4344.8,4400.5,4246.5,4359.5,0
XXJ,20081030,4443.7,4561.4,4432,4509.5,0
YRR,20081030,0.075,0.075,0.075,0.075,100000
ZDX,20081030,0.03,0.03,0.02,0.025,1151239
ZGL,20081030,0.12,0.12,0.12,0.12,52500
ZGM,20081030,0.07,0.07,0.07,0.07,30000
ZRL,20081030,0.054,0.054,0.054,0.054,150000
ZYL,20081030,0.031,0.031,0.031,0.031,655580
