AAC,20080604,3.33,3.35,3.28,3.32,856801
AAF,20080604,0.006,0.006,0.006,0.006,90000
AAG,20080604,0.21,0.21,0.2,0.2,100237
AAH,20080604,1.05,1.06,1.03,1.06,1444635
AAM,20080604,0.135,0.135,0.13,0.135,209517
AAO,20080604,0.085,0.085,0.08,0.085,75580
AAQ,20080604,0.27,0.27,0.27,0.27,32865
AAR,20080604,0.051,0.054,0.05,0.052,1678460
AAU,20080604,0.39,0.39,0.375,0.375,23925
AAX,20080604,16.29,16.68,15.93,15.98,291739
ABB,20080604,10.2,10.2,9.1,9.67,1527437
ABC,20080604,3.59,3.78,3.59,3.66,1217418
ABI,20080604,0.017,0.017,0.016,0.016,71000
ABJ,20080604,0.024,0.034,0.023,0.034,26850615
ABP,20080604,1.305,1.355,1.29,1.32,1827948
ABQ,20080604,0.45,0.465,0.45,0.465,52217
ABS,20080604,1.46,1.47,1.435,1.445,4079828
ABU,20080604,0.058,0.058,0.055,0.055,219800
ABV,20080604,0.019,0.019,0.017,0.018,667555
ABY,20080604,2.67,2.76,2.6,2.68,1186605
ACB,20080604,0.55,0.69,0.55,0.675,518400
ACG,20080604,0.092,0.11,0.092,0.1,216000
ACK,20080604,0.635,0.635,0.63,0.63,2800
ACL,20080604,0.36,0.365,0.355,0.355,40329
ACR,20080604,0.98,1,0.97,1,5236
ACS,20080604,0.5,0.55,0.5,0.51,1442961
ACU,20080604,0.094,0.095,0.094,0.094,66479
ACW,20080604,0.08,0.08,0.08,0.08,4000
ACZ,20080604,0.26,0.26,0.26,0.26,12662
ADA,20080604,0.42,0.42,0.42,0.42,14519
ADD,20080604,0.06,0.06,0.057,0.057,259761
ADE,20080604,0.115,0.12,0.115,0.12,34463
ADI,20080604,0.4,0.41,0.4,0.4,59397
ADL,20080604,0.057,0.06,0.056,0.06,152200
ADN,20080604,0.19,0.19,0.19,0.19,26300
ADU,20080604,0.47,0.47,0.44,0.45,352770
ADX,20080604,0.165,0.17,0.165,0.165,211000
ADY,20080604,0.165,0.17,0.16,0.16,5960925
AEC,20080604,3.6,3.6,3.58,3.58,2600
AED,20080604,2.71,2.77,2.61,2.65,437593
AEE,20080604,0.29,0.29,0.29,0.29,68260
AEF,20080604,43,43,43,43,100
AEI,20080604,0.22,0.22,0.21,0.21,40000
AEO,20080604,1.7,1.85,1.68,1.68,579698
AEP,20080604,1.92,1.93,1.92,1.93,65750
AET,20080604,1.43,1.43,1.43,1.43,1000
AEU,20080604,0.9,0.925,0.875,0.91,376356
AEX,20080604,0.023,0.023,0.022,0.023,3388056
AEZ,20080604,0.42,0.43,0.41,0.415,1620352
AFG,20080604,0.37,0.4,0.365,0.385,3502295
AFI,20080604,5.47,5.52,5.45,5.47,133886
AFT,20080604,0.001,0.002,0.001,0.002,915000
AGF,20080604,1.17,1.2,1.16,1.16,184798
AGG,20080604,6.95,7.01,6.95,7.01,2094
AGI,20080604,0.105,0.105,0.105,0.105,46500
AGK,20080604,14.4,14.6,13.88,14.13,1855140
AGO,20080604,3.88,3.93,3.85,3.9,930185
AGS,20080604,1.21,1.26,1.15,1.16,683349
AGX,20080604,0.078,0.079,0.072,0.072,66550
AGY,20080604,0.315,0.325,0.315,0.32,47250
AHD,20080604,5.3,5.35,5.3,5.35,9121
AHE,20080604,2.6,2.6,2.55,2.6,21680
AHI,20080604,0.125,0.13,0.125,0.13,7200
AHR,20080604,0.11,0.11,0.105,0.105,23600
AHS,20080604,0.4,0.41,0.4,0.41,17981
AIA,20080604,1.775,1.775,1.775,1.775,289314
AIE,20080604,0.082,0.082,0.079,0.079,103333
AII,20080604,0.675,0.71,0.675,0.71,66168
AIM,20080604,0.083,0.099,0.083,0.095,10209114
AIO,20080604,4.28,4.33,4.13,4.31,2720154
AIV,20080604,0.085,0.085,0.083,0.083,100000
AIX,20080604,2.49,2.56,2.49,2.53,1673091
AIZ,20080604,0.95,0.95,0.925,0.925,756216
AJL,20080604,7,7,6.76,6.79,404460
AKK,20080604,0.38,0.39,0.38,0.39,271999
ALB,20080604,4.29,4.37,4.23,4.3,1134681
ALD,20080604,0.685,0.685,0.655,0.675,157500
ALF,20080604,0.84,0.84,0.84,0.84,1000
ALK,20080604,0.42,0.43,0.405,0.405,74350
ALL,20080604,7.25,7.25,7.04,7.22,3117301
ALS,20080604,7.6,7.67,7.55,7.63,389047
ALT,20080604,0.026,0.027,0.025,0.025,125000
ALU,20080604,0.61,0.61,0.61,0.61,62500
ALZ,20080604,1.51,1.525,1.455,1.455,2068529
AMA,20080604,0.415,0.415,0.41,0.41,151017
AMC,20080604,5.99,6.04,5.97,6,3388595
AMH,20080604,0.72,0.72,0.72,0.72,1263
AMM,20080604,0.18,0.185,0.175,0.18,142125
AMP,20080604,7.34,7.53,7.3,7.52,6957352
AMT,20080604,0.41,0.415,0.4,0.4,37100
AMU,20080604,0.575,0.575,0.57,0.57,173169
AND,20080604,1.7,1.72,1.69,1.7,929609
ANG,20080604,2.56,2.6,2.53,2.55,186611
ANH,20080604,0.02,0.02,0.018,0.018,1200000
ANM,20080604,0.06,0.06,0.06,0.06,209000
ANN,20080604,10.78,10.91,10.66,10.8,925958
ANO,20080604,0.105,0.105,0.105,0.105,9500
ANP,20080604,0.06,0.068,0.06,0.068,788013
ANQ,20080604,0.245,0.245,0.245,0.245,30000
ANU,20080604,1,1.04,0.93,1,513426
ANX,20080604,0.055,0.055,0.05,0.05,410781
ANZ,20080604,20.46,20.73,20.34,20.47,8847399
AOC,20080604,0.096,0.096,0.096,0.096,18000
AOD,20080604,9.59,9.6,9.55,9.55,3141
AOE,20080604,3.89,4.08,3.87,4,8604178
AOK,20080604,0.315,0.315,0.29,0.3,883206
AOM,20080604,0.013,0.013,0.013,0.013,1441825
AON,20080604,0.41,0.46,0.41,0.415,705667
AOS,20080604,0.014,0.015,0.013,0.015,460000
APA,20080604,2.96,3.02,2.9,2.95,2205339
APB,20080604,0.13,0.13,0.13,0.13,467000
APD,20080604,0.9,0.9,0.82,0.82,503440
APE,20080604,13,13,13,13,100
APG,20080604,0.096,0.096,0.096,0.096,377049
API,20080604,1.035,1.055,1.02,1.04,416337
APK,20080604,0.2,0.2,0.195,0.195,49999
APN,20080604,3.96,4.15,3.94,4,539802
APR,20080604,0.72,0.72,0.72,0.72,1000
APZ,20080604,1.375,1.4,1.365,1.38,318414
AQA,20080604,16.59,16.7,15.6,15.9,319434
AQD,20080604,0.355,0.365,0.34,0.365,404361
AQL,20080604,0.011,0.011,0.011,0.011,85000
AQP,20080604,17.35,17.7,17.29,17.41,488948
AQR,20080604,0.12,0.12,0.12,0.12,115000
ARD,20080604,0.19,0.19,0.19,0.19,15564
ARE,20080604,0.24,0.24,0.23,0.24,158943
ARG,20080604,7.42,7.48,7.38,7.39,91444
ARH,20080604,1.68,1.68,1.63,1.64,70245
ARO,20080604,0.013,0.013,0.013,0.013,27500
ARP,20080604,4.05,4.05,3.97,3.97,37611
ARQ,20080604,1.55,1.56,1.505,1.51,1725376
ARR,20080604,0.31,0.325,0.305,0.305,283380
ARU,20080604,1.04,1.12,1.04,1.09,403613
ARV,20080604,0.17,0.17,0.17,0.17,29353
ARW,20080604,0.029,0.03,0.028,0.029,328033
ASB,20080604,3.3,3.32,3.25,3.32,483484
ASC,20080604,0.009,0.009,0.009,0.009,443650
ASL,20080604,2.55,2.62,2.55,2.62,783956
ASP,20080604,0.38,0.38,0.38,0.38,5000
ASU,20080604,0.01,0.01,0.01,0.01,388000
ASX,20080604,32.1,32.31,31.7,31.9,1386341
ASZ,20080604,1.06,1.145,1.06,1.145,10891
ATG,20080604,0.075,0.075,0.075,0.075,45820
ATI,20080604,0.02,0.02,0.02,0.02,50534
ATJ,20080604,0.25,0.25,0.25,0.25,10000
ATN,20080604,0.025,0.026,0.025,0.026,1394000
ATP,20080604,0.435,0.435,0.435,0.435,16000
ATQ,20080604,0.185,0.2,0.185,0.2,136400
ATR,20080604,2.05,2.05,2.05,2.05,60000
ATV,20080604,0.15,0.165,0.15,0.165,150000
ATW,20080604,0.045,0.045,0.045,0.045,115000
AUB,20080604,4.19,4.19,4.17,4.17,12712
AUF,20080604,0.93,0.93,0.93,0.93,25000
AUK,20080604,0.1,0.105,0.1,0.1,422378
AUN,20080604,1.31,1.315,1.25,1.26,1136213
AUP,20080604,5.8,5.8,5.8,5.8,300
AUQ,20080604,0.105,0.11,0.105,0.11,134542
AUT,20080604,0.495,0.495,0.45,0.45,223145
AUW,20080604,1.725,1.74,1.695,1.72,1327815
AUZ,20080604,0.055,0.055,0.053,0.054,1195000
AVA,20080604,0.8,0.8,0.8,0.8,10000
AVB,20080604,0.4,0.4,0.4,0.4,36517
AVD,20080604,0.091,0.091,0.09,0.09,147000
AVE,20080604,1.85,1.95,1.85,1.95,78445
AVG,20080604,1.48,1.5,1.48,1.5,128509
AVI,20080604,0.375,0.375,0.33,0.33,9414
AVJ,20080604,0.6,0.605,0.59,0.59,96561
AVM,20080604,10.7,10.7,10.55,10.6,15349
AVO,20080604,2.5,2.52,2.48,2.51,605575
AVQ,20080604,0.09,0.09,0.09,0.09,20000
AVS,20080604,0.068,0.068,0.067,0.067,219816
AVX,20080604,0.285,0.315,0.285,0.305,3027601
AWB,20080604,3.13,3.14,3.02,3.04,1051184
AWC,20080604,5.49,5.55,5.43,5.51,10072348
AWE,20080604,4.26,4.28,4.06,4.09,1794029
AWL,20080604,0.018,0.018,0.018,0.018,200000
AWS,20080604,0.3,0.3,0.26,0.26,280181
AXA,20080604,5.19,5.32,5.18,5.27,2710579
AXE,20080604,0.12,0.12,0.115,0.115,54500
AXI,20080604,0.145,0.145,0.14,0.14,783000
AXM,20080604,0.79,0.79,0.775,0.775,80914
AXO,20080604,1.11,1.115,1.05,1.05,223159
AXQ,20080604,0.18,0.18,0.175,0.18,318569
AXT,20080604,0.22,0.22,0.19,0.2,616926
AXY,20080604,0.1,0.1,0.1,0.1,2206
AYT,20080604,1.45,1.45,1.45,1.45,36148
AZA,20080604,1.2,1.21,1.18,1.195,2197409
AZC,20080604,0.15,0.15,0.15,0.15,232622
AZD,20080604,0.041,0.05,0.04,0.045,410000
AZM,20080604,0.125,0.125,0.12,0.12,245999
AZS,20080604,0.19,0.24,0.18,0.22,3824628
AZX,20080604,1,1,1,1,424
AZZ,20080604,0.16,0.16,0.15,0.15,383041
BAR,20080604,0.235,0.235,0.225,0.23,668830
BAS,20080604,0.084,0.084,0.081,0.083,283192
BAU,20080604,0.515,0.585,0.515,0.585,478112
BBC,20080604,0.435,0.44,0.435,0.435,1817533
BBG,20080604,12.07,12.28,11.78,11.93,927709
BBI,20080604,1.06,1.12,1.04,1.08,19645030
BBP,20080604,1.35,1.41,1.32,1.35,17418673
BBW,20080604,1.68,1.74,1.68,1.69,3070875
BBX,20080604,0.08,0.08,0.08,0.08,67611
BCC,20080604,0.38,0.39,0.37,0.37,451100
BCD,20080604,0.16,0.16,0.155,0.16,160000
BCI,20080604,1.6,1.6,1.55,1.55,46583
BCM,20080604,4.17,4.18,4.13,4.17,630182
BCN,20080604,0.175,0.175,0.16,0.16,150000
BDG,20080604,0.3,0.31,0.295,0.3,429287
BDI,20080604,0.099,0.099,0.09,0.099,58354
BDL,20080604,0.25,0.26,0.25,0.255,167066
BDR,20080604,0.38,0.39,0.38,0.39,22982
BEC,20080604,1.855,1.86,1.7,1.75,445499
BEL,20080604,0.285,0.285,0.28,0.28,33334
BEN,20080604,13.29,13.61,13.2,13.3,778575
BER,20080604,0.27,0.27,0.27,0.27,47500
BFE,20080604,0.2,0.225,0.2,0.225,98305
BFG,20080604,1.18,1.18,1.15,1.15,47160
BGD,20080604,0.155,0.16,0.155,0.16,82000
BHP,20080604,44.12,44.98,44.05,44.44,11326541
BIT,20080604,0.16,0.16,0.16,0.16,10500
BJT,20080604,1.13,1.145,1.085,1.12,1183513
BKG,20080604,0.15,0.15,0.15,0.15,9000
BKI,20080604,1.34,1.355,1.32,1.33,48865
BKL,20080604,17.55,17.8,17.5,17.8,1970
BKM,20080604,0.01,0.01,0.008,0.008,400000
BKN,20080604,8.68,8.68,8.37,8.51,769266
BKR,20080604,0.4,0.4,0.4,0.4,2591
BKW,20080604,10.76,10.76,10.2,10.72,8372
BKY,20080604,0.75,0.79,0.74,0.79,38509
BLD,20080604,5.86,6,5.86,5.95,1331496
BLG,20080604,0.51,0.53,0.5,0.52,213675
BLK,20080604,0.48,0.61,0.48,0.6,1361082
BLP,20080604,0.425,0.425,0.425,0.425,5000
BLR,20080604,0.073,0.082,0.073,0.082,3941794
BLS,20080604,0.042,0.042,0.042,0.042,2380
BLT,20080604,0.084,0.084,0.083,0.083,62395
BLY,20080604,2.12,2.29,2.09,2.18,20041931
BLZ,20080604,0.008,0.008,0.008,0.008,131248
BML,20080604,0.075,0.075,0.07,0.07,37722
BMM,20080604,0.215,0.22,0.205,0.205,203500
BMN,20080604,2.16,2.2,2.05,2.1,678769
BMO,20080604,0.019,0.019,0.019,0.019,200000
BMX,20080604,0.305,0.315,0.305,0.31,18681483
BMY,20080604,0.225,0.255,0.225,0.235,1162291
BNB,20080604,11,11.56,10.44,10.61,8099166
BNL,20080604,0.07,0.07,0.067,0.067,178000
BNO,20080604,0.345,0.37,0.345,0.37,53000
BNV,20080604,0.03,0.03,0.03,0.03,12600
BOC,20080604,1.4,1.4,1.155,1.155,37401
BOD,20080604,0.06,0.06,0.058,0.058,139735
BOE,20080604,0.22,0.22,0.22,0.22,25000
BOL,20080604,0.93,0.97,0.92,0.97,604349
BOM,20080604,0.205,0.205,0.2,0.2,10000
BON,20080604,0.087,0.088,0.085,0.085,531399
BOQ,20080604,15.2,15.6,15,15,408617
BOS,20080604,0.105,0.105,0.105,0.105,169611
BOW,20080604,0.53,0.565,0.495,0.525,950245
BPG,20080604,0.015,0.015,0.015,0.015,133400
BPH,20080604,0.049,0.049,0.048,0.048,15205
BPO,20080604,0.02,0.021,0.02,0.021,271000
BQT,20080604,0.05,0.05,0.05,0.05,228363
BRC,20080604,0.33,0.33,0.33,0.33,8100
BRO,20080604,0.003,0.003,0.002,0.003,18844666
BRT,20080604,0.091,0.091,0.086,0.086,30000
BRW,20080604,0.45,0.45,0.445,0.445,63998
BSA,20080604,0.36,0.36,0.355,0.355,117137
BSL,20080604,11.5,11.67,11.29,11.59,3089071
BSM,20080604,0.22,0.23,0.22,0.23,84000
BSN,20080604,0.13,0.13,0.13,0.13,22222
BSR,20080604,0.155,0.155,0.145,0.145,44800
BTA,20080604,0.935,0.94,0.91,0.915,163816
BTC,20080604,0.18,0.19,0.18,0.19,98500
BTT,20080604,3.37,3.41,3.21,3.21,32151
BTV,20080604,0.1,0.1,0.099,0.099,163808
BUG,20080604,0.5,0.5,0.5,0.5,237
BUL,20080604,0.42,0.445,0.405,0.405,3178747
BUR,20080604,0.13,0.135,0.125,0.125,182217
BUX,20080604,0.18,0.18,0.17,0.17,25000
BUY,20080604,0.079,0.082,0.071,0.074,2148692
BVA,20080604,1.295,1.295,1.25,1.28,25800
BWN,20080604,0.425,0.465,0.425,0.44,335648
BWP,20080604,1.92,1.95,1.895,1.95,743596
BXB,20080604,7.97,8.14,7.97,8.1,7359493
BYI,20080604,0.95,0.95,0.95,0.95,2000
BYL,20080604,0.335,0.345,0.31,0.33,237242
CAA,20080604,0.26,0.26,0.25,0.255,258150
CAB,20080604,8.69,8.69,8.44,8.53,502697
CAG,20080604,0.021,0.021,0.02,0.021,935734
CAM,20080604,0.875,0.875,0.85,0.85,49917
CAP,20080604,0.094,0.1,0.094,0.095,70864
CAQ,20080604,0.18,0.2,0.15,0.17,1705000
CAS,20080604,0.58,0.58,0.58,0.58,37182
CAU,20080604,0.03,0.033,0.03,0.033,337841
CAV,20080604,0.175,0.175,0.17,0.17,32092
CBA,20080604,42.02,42.26,41.34,41.65,3873551
CBB,20080604,0.26,0.26,0.26,0.26,20000
CBD,20080604,0.18,0.18,0.18,0.18,28188
CBH,20080604,0.275,0.275,0.24,0.25,1888784
CCD,20080604,2.9,3.05,2.9,3,6254050
CCE,20080604,0.015,0.016,0.015,0.016,1652685
CCI,20080604,0.22,0.225,0.215,0.22,312932
CCL,20080604,7.69,7.84,7.69,7.73,2680883
CCP,20080604,0.745,0.765,0.705,0.705,132208
CCQ,20080604,0.58,0.59,0.56,0.56,205268
CCV,20080604,0.235,0.24,0.225,0.24,558564
CCY,20080604,0.05,0.05,0.05,0.05,53500
CDD,20080604,5.3,5.31,5.09,5.1,43065
CDF,20080604,1.67,1.67,1.67,1.67,2130
CDI,20080604,0.805,0.82,0.805,0.81,612610
CDP,20080604,3.95,3.95,3.95,3.95,32400
CDR,20080604,0.12,0.12,0.1,0.12,1724179
CDS,20080604,0.18,0.185,0.175,0.18,1371119
CDU,20080604,4.32,4.35,4.18,4.23,243916
CEC,20080604,0.025,0.025,0.025,0.025,119875
CEG,20080604,0.385,0.45,0.365,0.365,282798
CER,20080604,0.435,0.435,0.405,0.41,6696860
CES,20080604,0.19,0.205,0.165,0.165,285500
CEU,20080604,1.23,1.235,1.165,1.17,5503447
CEY,20080604,5.4,5.65,5.4,5.48,3902012
CFE,20080604,0.635,0.66,0.635,0.66,3304720
CFK,20080604,0.095,0.105,0.09,0.105,31000
CFR,20080604,0.014,0.014,0.013,0.014,5752191
CFU,20080604,0.55,0.58,0.52,0.52,1433114
CFX,20080604,2.08,2.11,2.07,2.1,10820187
CGF,20080604,1.91,1.935,1.78,1.9,7332874
CGG,20080604,0.295,0.31,0.295,0.3,779655
CGM,20080604,0.11,0.11,0.11,0.11,442
CGT,20080604,0.13,0.13,0.125,0.13,134000
CGX,20080604,1.86,1.88,1.86,1.865,22474
CHB,20080604,43.8,43.8,43.8,43.8,166
CHC,20080604,1.37,1.4,1.345,1.355,1036361
CHF,20080604,0.12,0.12,0.11,0.12,114500
CHM,20080604,0.036,0.037,0.034,0.037,2506250
CHN,20080604,0.16,0.16,0.16,0.16,5000
CHO,20080604,5.5,5.5,5.5,5.5,1438
CHP,20080604,0.032,0.033,0.032,0.033,125000
CHQ,20080604,0.98,0.98,0.98,0.98,12842
CIF,20080604,2.89,2.91,2.86,2.89,296874
CIG,20080604,0.073,0.073,0.07,0.073,860341
CII,20080604,0.6,0.61,0.58,0.6,148504
CIL,20080604,1.43,1.43,1.42,1.42,7100
CIR,20080604,0.97,0.97,0.97,0.97,20910
CIX,20080604,0.395,0.4,0.395,0.4,77551
CIY,20080604,0.69,0.7,0.63,0.63,274116
CKL,20080604,0.49,0.49,0.49,0.49,9115
CKR,20080604,0.093,0.095,0.093,0.095,40000
CKT,20080604,1.115,1.115,1.06,1.095,89126
CLH,20080604,0.48,0.48,0.48,0.48,13000
CLN,20080604,0.11,0.11,0.105,0.105,60000
CLO,20080604,0.67,0.67,0.64,0.67,3017203
CLQ,20080604,0.37,0.37,0.35,0.36,114095
CLT,20080604,0.31,0.31,0.31,0.31,9609
CLU,20080604,0.115,0.115,0.115,0.115,8000
CLV,20080604,0.125,0.13,0.125,0.13,29750
CLY,20080604,0.14,0.14,0.14,0.14,25000
CMG,20080604,0.4,0.405,0.39,0.39,367388
CMI,20080604,0.98,0.98,0.98,0.98,4864
CMJ,20080604,3.51,3.56,3.47,3.5,1744526
CMO,20080604,0.105,0.11,0.1,0.1,101000
CMP,20080604,0.155,0.155,0.155,0.155,3000
CMR,20080604,2.63,2.66,2.56,2.63,155805
CMV,20080604,0.505,0.505,0.505,0.505,58980
CMW,20080604,0.815,0.84,0.815,0.82,635530
CMY,20080604,0.275,0.28,0.275,0.28,29200
CNA,20080604,102.11,102.11,102.1,102.1,100
CND,20080604,1.51,1.51,1.47,1.5,122503
CNF,20080604,0.092,0.092,0.092,0.092,8500
CNH,20080604,0.275,0.275,0.275,0.275,2000
CNM,20080604,0.25,0.26,0.25,0.26,272279
CNN,20080604,0.047,0.047,0.046,0.046,85000
CNP,20080604,0.355,0.365,0.345,0.35,6344328
CNT,20080604,1.35,1.355,1.3,1.31,131905
COE,20080604,0.55,0.55,0.53,0.53,919667
COF,20080604,2.5,2.53,2.46,2.53,288080
COH,20080604,51.5,52.4,50.1,50.44,382508
COI,20080604,0.225,0.235,0.225,0.235,687474
COK,20080604,1.17,1.17,1,1.05,1242827
COM,20080604,0.215,0.215,0.215,0.215,11000
COO,20080604,0.066,0.066,0.066,0.066,642893
COS,20080604,0.075,0.085,0.075,0.085,490000
COU,20080604,2.08,2.09,1.96,2,202050
COY,20080604,0.13,0.14,0.13,0.14,30000
COZ,20080604,0.38,0.38,0.365,0.365,204978
CPA,20080604,1.275,1.33,1.275,1.315,7815237
CPB,20080604,30.2,30.2,29.96,30,16583
CPK,20080604,0.17,0.17,0.15,0.15,1227800
CPN,20080604,0.096,0.096,0.096,0.096,5709
CPR,20080604,0.53,0.55,0.53,0.54,521104
CPS,20080604,0.065,0.065,0.065,0.065,7166
CPT,20080604,0.056,0.056,0.056,0.056,10000
CPU,20080604,9.66,9.69,9.28,9.28,1568408
CQT,20080604,0.48,0.495,0.48,0.48,242831
CQU,20080604,0.48,0.48,0.46,0.46,59750
CRB,20080604,0.195,0.2,0.195,0.2,10000
CRC,20080604,0.21,0.21,0.2,0.2,30000
CRE,20080604,0.235,0.235,0.225,0.23,235937
CRG,20080604,13.65,13.81,13.36,13.63,330488
CRJ,20080604,0.087,0.087,0.087,0.087,4000
CRK,20080604,1.295,1.32,1.28,1.28,28176
CRL,20080604,0.075,0.075,0.075,0.075,10000
CRS,20080604,0.039,0.041,0.039,0.039,1290160
CRT,20080604,0.42,0.42,0.42,0.42,1600
CSE,20080604,0.32,0.325,0.315,0.32,176162
CSL,20080604,40.22,40.47,39.97,40.04,1177062
CSR,20080604,2.76,2.83,2.68,2.72,8430999
CSS,20080604,1.53,1.53,1.5,1.52,12953
CST,20080604,2.89,2.9,2.83,2.85,30250
CSV,20080604,1.02,1.02,1.02,1.02,15000
CTN,20080604,1.42,1.44,1.335,1.35,112669
CTO,20080604,0.28,0.29,0.28,0.285,697563
CTP,20080604,0.23,0.235,0.225,0.23,2027635
CTS,20080604,0.13,0.135,0.125,0.125,716200
CTX,20080604,14.77,14.91,14.52,14.91,1019156
CUE,20080604,0.25,0.26,0.25,0.25,697992
CUL,20080604,0.14,0.145,0.135,0.14,1075123
CUO,20080604,0.565,0.575,0.55,0.565,833459
CUR,20080604,4.55,4.65,4.5,4.55,10075
CUS,20080604,0.105,0.105,0.099,0.105,1555916
CUV,20080604,0.37,0.38,0.355,0.355,244568
CUX,20080604,0.185,0.185,0.185,0.185,51190
CUY,20080604,0.57,0.57,0.555,0.56,35992
CVC,20080604,1.05,1.06,1.05,1.06,39308
CVI,20080604,0.155,0.185,0.155,0.185,8746181
CVN,20080604,0.655,0.685,0.655,0.67,1860456
CVR,20080604,0.195,0.195,0.185,0.185,199000
CVS,20080604,0.025,0.025,0.025,0.025,164184
CWG,20080604,0.125,0.125,0.125,0.125,30000
CWN,20080604,10.45,10.46,10.21,10.44,992665
CWT,20080604,0.67,0.67,0.665,0.665,40544
CXC,20080604,3.36,3.4,3.33,3.36,226960
CXD,20080604,0.95,0.95,0.95,0.95,9000
CXG,20080604,1.37,1.38,1.285,1.3,152380
CXH,20080604,0.65,0.74,0.65,0.72,582261
CXM,20080604,0.575,0.58,0.56,0.575,68450
CXN,20080604,0.105,0.105,0.08,0.08,325162
CXP,20080604,5.63,5.8,5.51,5.7,181448
CXS,20080604,0.94,0.95,0.9,0.935,101851
CXY,20080604,0.195,0.245,0.195,0.24,31046717
CYA,20080604,1.18,1.19,1.17,1.17,86982
CYC,20080604,0.21,0.21,0.21,0.21,311723
CYG,20080604,1.81,1.81,1.8,1.8,41603
CYL,20080604,0.13,0.13,0.13,0.13,25000
CYS,20080604,0.39,0.39,0.35,0.375,116306
CZA,20080604,3.93,4.06,3.93,3.96,291113
CZP,20080604,0.095,0.1,0.09,0.09,359320
CZR,20080604,0.165,0.165,0.16,0.16,20000
DBS,20080604,0.39,0.4,0.39,0.4,7435
DDD,20080604,0.087,0.087,0.087,0.087,25000
DDT,20080604,0.235,0.235,0.23,0.23,37900
DEG,20080604,0.076,0.08,0.075,0.08,195008
DES,20080604,0.072,0.072,0.069,0.069,1682367
DEX,20080604,1.255,1.3,1.25,1.3,38950
DGO,20080604,0.13,0.13,0.125,0.13,40000
DGR,20080604,0.15,0.165,0.15,0.165,410000
DGX,20080604,0.35,0.35,0.35,0.35,13500
DIA,20080604,0.05,0.05,0.05,0.05,100000
DIO,20080604,0.96,0.965,0.95,0.95,162928
DJS,20080604,3.54,3.62,3.54,3.62,1776607
DJW,20080604,4.69,4.71,4.61,4.7,23643
DKN,20080604,0.795,0.8,0.78,0.8,279485
DLS,20080604,0.065,0.07,0.064,0.066,42219008
DMA,20080604,0.315,0.315,0.305,0.315,256239
DMG,20080604,0.425,0.425,0.425,0.425,25000
DML,20080604,0.59,0.59,0.57,0.58,410881
DMM,20080604,0.87,0.915,0.84,0.85,176016
DMP,20080604,3.55,3.55,3.55,3.55,5111
DMX,20080604,0.32,0.325,0.32,0.32,29900
DOM,20080604,3.55,3.56,3.37,3.45,100987
DON,20080604,0.26,0.26,0.255,0.255,54166
DOW,20080604,7.32,7.4,7.16,7.36,2000014
DRA,20080604,0.097,0.1,0.097,0.1,70000
DRX,20080604,0.2,0.2,0.19,0.19,66000
DSF,20080604,0.048,0.048,0.048,0.048,73278
DSN,20080604,0.3,0.3,0.29,0.29,78062
DUE,20080604,3.4,3.6,3.36,3.43,1709106
DUI,20080604,3.72,3.72,3.72,3.72,2152
DVN,20080604,0.91,0.95,0.84,0.9,718430
DWS,20080604,1.78,1.78,1.7,1.75,480753
DWY,20080604,0.69,0.69,0.69,0.69,1000
DXS,20080604,1.57,1.585,1.55,1.575,11703300
DYE,20080604,1.2,1.29,1.2,1.275,117043
DYL,20080604,0.305,0.31,0.29,0.29,902609
EAL,20080604,1.015,1.02,0.9,0.9,58000
EAR,20080604,0.12,0.125,0.12,0.12,205000
EBB,20080604,0.56,0.56,0.525,0.55,71048
EBG,20080604,0.21,0.21,0.21,0.21,100000
EBI,20080604,3.33,3.34,3.3,3.32,297451
EBR,20080604,0.033,0.033,0.033,0.033,91631
EBT,20080604,0.058,0.059,0.058,0.059,541500
ECM,20080604,0.125,0.13,0.125,0.13,200000
ECU,20080604,0.325,0.33,0.31,0.325,203825
EDE,20080604,0.42,0.42,0.38,0.38,350093
EDS,20080604,0.41,0.41,0.41,0.41,34000
EEE,20080604,0.085,0.085,0.085,0.085,6000
EER,20080604,0.41,0.425,0.4,0.4,168150
EFE,20080604,0.63,0.63,0.59,0.6,154045
EGF,20080604,1.89,1.9,1.88,1.89,205364
EGL,20080604,0.075,0.075,0.075,0.075,695261
EGO,20080604,0.023,0.026,0.022,0.024,157213183
EHL,20080604,1.175,1.205,1.145,1.16,2850174
EIG,20080604,0.77,0.77,0.77,0.77,50000
EKA,20080604,0.26,0.26,0.255,0.255,32750
ELI,20080604,0.995,1,0.995,1,55000
ELK,20080604,0.555,0.595,0.55,0.575,310700
ELY,20080604,0.25,0.25,0.25,0.25,3000
EMA,20080604,0.68,0.7,0.68,0.685,96500
EMB,20080604,5,5,5,5,1000
EME,20080604,1.35,1.365,1.26,1.3,51338
EMR,20080604,0.215,0.225,0.21,0.225,477942
EMS,20080604,0.135,0.135,0.13,0.13,127006
EMU,20080604,0.165,0.165,0.16,0.165,29059
ENE,20080604,2.71,2.8,2.67,2.79,428486
ENG,20080604,0.031,0.031,0.031,0.031,216500
ENL,20080604,0.24,0.24,0.24,0.24,2100
ENR,20080604,0.345,0.345,0.345,0.345,3200
ENV,20080604,0.765,0.77,0.745,0.755,596372
EON,20080604,0.32,0.33,0.32,0.33,679062
EOS,20080604,0.505,0.55,0.5,0.5,48599
EPD,20080604,0.155,0.155,0.155,0.155,16500
EPE,20080604,0.225,0.23,0.22,0.22,1086714
EPG,20080604,0.71,0.755,0.61,0.75,7646054
EPL,20080604,0.195,0.195,0.195,0.195,2565
EPR,20080604,0.041,0.043,0.039,0.04,1842438
EPS,20080604,0.36,0.36,0.33,0.33,105408
EQF,20080604,0.13,0.13,0.13,0.13,41000
EQI,20080604,3.99,4.05,3.92,4.02,1499631
EQN,20080604,4.81,4.81,4.62,4.63,2350922
EQX,20080604,0.26,0.265,0.26,0.26,264544
ERA,20080604,24.5,24.87,23.01,23.91,740219
ERG,20080604,0.027,0.027,0.025,0.025,5380972
ERL,20080604,0.2,0.2,0.195,0.195,92700
ERM,20080604,0.235,0.235,0.225,0.235,160000
ERN,20080604,0.11,0.25,0.11,0.25,412713
ERO,20080604,0.13,0.13,0.13,0.13,40000
ESG,20080604,0.78,0.825,0.77,0.825,6882360
ESI,20080604,0.099,0.105,0.095,0.095,829403
ESS,20080604,1.1,1.1,1.1,1.1,8500
ESV,20080604,0.93,0.93,0.925,0.925,5752
ETE,20080604,0.17,0.17,0.165,0.17,590500
ETT,20080604,0.006,0.007,0.006,0.006,2872041
EUG,20080604,0.032,0.032,0.032,0.032,30192
EVE,20080604,0.076,0.076,0.076,0.076,30000
EVG,20080604,0.091,0.092,0.091,0.091,200000
EVM,20080604,0.059,0.059,0.059,0.059,25000
EVZ,20080604,0.23,0.235,0.22,0.225,658588
EWC,20080604,1.335,1.47,1.31,1.39,21222781
EXE,20080604,0.105,0.105,0.1,0.105,220000
EXM,20080604,0.019,0.023,0.019,0.022,6224838
EXR,20080604,0.27,0.27,0.26,0.26,296000
EXS,20080604,0.38,0.38,0.37,0.375,136000
EXT,20080604,1.15,1.17,1.085,1.085,157552
EYE,20080604,0.057,0.057,0.057,0.057,100000
EZE,20080604,0.08,0.08,0.08,0.08,13118
EZL,20080604,3.95,4,3.94,3.95,4750
FAC,20080604,0.27,0.27,0.27,0.27,30000
FAN,20080604,3.15,3.15,3.04,3.08,15597
FAR,20080604,0.12,0.12,0.115,0.12,191811
FAS,20080604,0.15,0.15,0.14,0.14,2304383
FAT,20080604,1.005,1.005,0.995,0.995,40000
FBU,20080604,6.41,6.49,6.22,6.29,282075
FCL,20080604,1.815,1.84,1.8,1.835,3113909
FCN,20080604,0.3,0.3,0.29,0.29,126826
FCP,20080604,0.028,0.028,0.028,0.028,414286
FEA,20080604,0.5,0.5,0.5,0.5,961500
FER,20080604,0.7,0.7,0.66,0.69,61740
FFF,20080604,0.03,0.03,0.03,0.03,130000
FGE,20080604,0.85,0.85,0.8,0.8,3815
FGL,20080604,5.1,5.22,5.06,5.2,8307010
FKP,20080604,3.8,3.85,3.76,3.82,1327299
FLT,20080604,18,18.43,17.69,17.95,182654
FLX,20080604,22.3,22.89,22.3,22.45,356708
FMG,20080604,11.76,11.79,10.68,10.71,10471879
FML,20080604,0.051,0.051,0.049,0.05,5315675
FMS,20080604,0.23,0.235,0.215,0.215,29628882
FND,20080604,0.99,0.995,0.985,0.995,126750
FNT,20080604,0.076,0.076,0.071,0.073,387947
FPA,20080604,1.91,1.91,1.84,1.905,72872
FPH,20080604,1.92,1.94,1.91,1.91,77743
FRI,20080604,0.665,0.665,0.665,0.665,125168
FRR,20080604,0.185,0.185,0.18,0.18,56500
FRS,20080604,1.65,1.735,1.56,1.735,790690
FSE,20080604,0.05,0.05,0.049,0.049,2902767
FTD,20080604,0.037,0.037,0.036,0.036,94535
FUN,20080604,0.645,0.65,0.63,0.65,304222
FUT,20080604,0.014,0.015,0.013,0.013,8589901
FWD,20080604,9.5,9.74,9.5,9.66,82669
FWL,20080604,0.335,0.36,0.33,0.34,80026
FXJ,20080604,3.28,3.44,3.26,3.38,4769071
FXL,20080604,0.52,0.53,0.48,0.495,1169584
FXR,20080604,1.02,1.02,0.96,0.96,322768
GAA,20080604,0.235,0.235,0.22,0.22,45000
GAP,20080604,0.215,0.22,0.21,0.22,74000
GAU,20080604,0.12,0.12,0.12,0.12,376900
GBE,20080604,0.385,0.385,0.37,0.37,95100
GBG,20080604,1.82,1.82,1.685,1.685,4979615
GBL,20080604,0.014,0.014,0.014,0.014,410000
GBM,20080604,0.16,0.16,0.15,0.15,113574
GBP,20080604,0.17,0.175,0.17,0.175,1022826
GBX,20080604,0.09,0.09,0.09,0.09,50000
GCG,20080604,0.18,0.18,0.175,0.18,55000
GCL,20080604,12.4,12.5,12.2,12.36,872842
GCR,20080604,0.036,0.038,0.034,0.034,2292358
GCS,20080604,0.94,0.94,0.94,0.94,40
GDN,20080604,0.14,0.145,0.135,0.145,570600
GDR,20080604,0.26,0.27,0.26,0.27,95895
GDY,20080604,1.835,1.85,1.77,1.78,438495
GED,20080604,0.055,0.055,0.055,0.055,49564
GER,20080604,0.125,0.13,0.125,0.13,53887
GFF,20080604,1.64,1.65,1.59,1.645,8428042
GFL,20080604,0.78,0.78,0.78,0.78,2238
GGG,20080604,0.73,0.74,0.73,0.74,41850
GGP,20080604,0.255,0.255,0.24,0.245,143807
GGX,20080604,0.052,0.06,0.052,0.06,1190000
GGY,20080604,0.105,0.105,0.098,0.1,564632
GHT,20080604,0.7,0.7,0.68,0.68,3225
GIP,20080604,0.095,0.095,0.095,0.095,79000
GIR,20080604,2.45,2.45,2.25,2.27,772650
GJT,20080604,0.505,0.515,0.475,0.48,803810
GLB,20080604,0.69,0.7,0.69,0.69,25939
GLF,20080604,0.215,0.215,0.2,0.2,310400
GLH,20080604,0.053,0.053,0.053,0.053,23000
GLI,20080604,0.16,0.16,0.16,0.16,47750
GLM,20080604,0.17,0.175,0.16,0.16,790386
GLN,20080604,0.034,0.035,0.033,0.033,320000
GLX,20080604,0.135,0.165,0.135,0.155,4167231
GMD,20080604,0.52,0.52,0.52,0.52,15000
GME,20080604,0.37,0.37,0.37,0.37,55501
GMG,20080604,3.8,3.95,3.78,3.86,8933261
GMI,20080604,2.11,2.11,2.08,2.09,156612
GMR,20080604,0.036,0.036,0.036,0.036,200000
GMX,20080604,1.415,1.42,1.4,1.42,223460
GNC,20080604,11,11.5,11,11.45,84240
GNI,20080604,0.1,0.1,0.1,0.1,65500
GNM,20080604,1.75,1.8,1.72,1.8,16465
GNS,20080604,3,3.03,2.95,3,1466370
GOA,20080604,0.032,0.032,0.032,0.032,45000
GOG,20080604,0.155,0.175,0.155,0.17,2257753
GPG,20080604,1.24,1.28,1.24,1.26,66912
GPM,20080604,0.34,0.365,0.335,0.345,819902
GPN,20080604,0.01,0.01,0.009,0.009,2770439
GPR,20080604,0.14,0.14,0.14,0.14,32000
GPT,20080604,2.9,2.98,2.86,2.94,9022081
GRD,20080604,1.07,1.08,0.98,1,1531239
GRK,20080604,0.095,0.1,0.093,0.093,199000
GRR,20080604,1.685,1.7,1.675,1.675,92394
GRV,20080604,0.84,0.84,0.84,0.84,274
GRY,20080604,0.375,0.375,0.36,0.365,155607
GSE,20080604,0.09,0.09,0.086,0.09,1267109
GSF,20080604,0.024,0.025,0.024,0.025,565000
GTE,20080604,0.048,0.049,0.048,0.049,70941
GTG,20080604,0.099,0.1,0.099,0.1,809809
GTP,20080604,1.44,1.465,1.4,1.455,1842648
GUD,20080604,8.81,9.01,8.71,8.93,197592
GUL,20080604,0.085,0.085,0.082,0.082,211308
GUN,20080604,0.15,0.15,0.14,0.14,172910
GWR,20080604,1.98,2.02,1.91,1.91,91419
GWT,20080604,2.85,2.85,2.75,2.75,1023736
GXL,20080604,1.1,1.1,1.1,1.1,8300
GXY,20080604,0.44,0.44,0.435,0.435,6188
GYN,20080604,0.145,0.145,0.125,0.14,128375
GZL,20080604,1.9,1.9,1.9,1.9,3580
HAO,20080604,0.1,0.1,0.095,0.095,55000
HAP,20080604,0.94,0.94,0.94,0.94,9000
HAV,20080604,1.65,1.65,1.63,1.63,3000
HAW,20080604,0.037,0.038,0.035,0.037,3874574
HAZ,20080604,0.18,0.18,0.18,0.18,53000
HCG,20080604,0.042,0.042,0.04,0.04,700000
HDF,20080604,2.58,2.65,2.58,2.58,368361
HDN,20080604,0.375,0.395,0.375,0.39,318191
HEA,20080604,0.13,0.13,0.125,0.125,14447
HEG,20080604,0.27,0.27,0.27,0.27,98000
HEM,20080604,0.125,0.125,0.11,0.11,40000
HER,20080604,2.76,2.8,2.76,2.78,1758458
HFA,20080604,1.3,1.335,1.3,1.325,171486
HFC,20080604,0.24,0.28,0.24,0.275,189799
HGI,20080604,2.57,2.59,2.55,2.57,2843606
HGO,20080604,0.36,0.41,0.355,0.405,2110770
HHL,20080604,12,12,12,12,333
HHM,20080604,0.5,0.5,0.5,0.5,29000
HHV,20080604,0.88,0.88,0.86,0.865,375928
HHY,20080604,1.555,1.575,1.515,1.515,107334
HIC,20080604,0.75,0.75,0.75,0.75,15778
HIG,20080604,0.135,0.135,0.12,0.125,3518793
HIL,20080604,3.69,3.75,3.61,3.66,323954
HIP,20080604,1.6,1.6,1.4,1.6,8300
HJB,20080604,0.081,0.081,0.081,0.081,10000
HLD,20080604,0.15,0.15,0.15,0.15,49687
HLG,20080604,0.81,0.84,0.8,0.81,60000
HLS,20080604,0.09,0.09,0.09,0.09,43334
HLX,20080604,0.355,0.36,0.29,0.32,1050927
HMC,20080604,0.105,0.105,0.1,0.105,718800
HNG,20080604,1.8,1.8,1.8,1.8,1849
HNR,20080604,0.285,0.285,0.25,0.25,222412
HRL,20080604,0.16,0.16,0.15,0.15,76000
HRR,20080604,0.66,0.66,0.6,0.6,575392
HSK,20080604,1.49,1.49,1.48,1.49,57774
HSN,20080604,0.4,0.4,0.4,0.4,45000
HSP,20080604,4.45,4.49,4.35,4.42,824754
HST,20080604,3.11,3.11,2.91,3,489336
HTA,20080604,0.13,0.14,0.13,0.135,686500
HTE,20080604,0.074,0.076,0.074,0.074,1705724
HTI,20080604,0.1,0.1,0.1,0.1,1266
HTW,20080604,0.48,0.48,0.47,0.48,78000
HTX,20080604,0.074,0.075,0.074,0.075,420000
HVN,20080604,3.46,3.51,3.36,3.47,4802417
HXL,20080604,0.8,0.8,0.8,0.8,3600
HYO,20080604,0.064,0.065,0.06,0.065,1931910
HZL,20080604,0.55,0.58,0.5,0.5,20052
HZN,20080604,0.39,0.415,0.385,0.415,1442797
IAG,20080604,3.99,4.05,3.97,4.05,5201748
IAS,20080604,0.295,0.295,0.29,0.29,55472
IAT,20080604,0.04,0.04,0.039,0.039,150000
IAU,20080604,0.35,0.355,0.34,0.35,1140664
IAW,20080604,0.17,0.17,0.17,0.17,500
IBA,20080604,0.55,0.6,0.55,0.6,1024490
IBG,20080604,0.52,0.52,0.5,0.5,121150
ICC,20080604,0.099,0.099,0.095,0.095,66950
ICD,20080604,0.52,0.545,0.5,0.545,302954
ICN,20080604,0.35,0.36,0.315,0.33,2387909
ICP,20080604,0.079,0.079,0.07,0.071,3212855
ICS,20080604,0.23,0.23,0.23,0.23,75000
IDL,20080604,0.575,0.61,0.57,0.61,3650675
IDO,20080604,0.975,1.01,0.975,1.01,50000
IDT,20080604,2.1,2.1,2.1,2.1,1092
IEF,20080604,0.745,0.75,0.73,0.73,198852
IEM,20080604,155.9,155.9,154.94,155.06,844
IEU,20080604,113.87,113.87,113.87,113.87,70
IFE,20080604,1.115,1.18,1.105,1.18,55848
IFL,20080604,5.3,5.37,5.15,5.2,138236
IFM,20080604,0.395,0.4,0.395,0.4,119418
IGC,20080604,0.505,0.51,0.495,0.505,2342968
IGG,20080604,0.43,0.45,0.43,0.45,65000
IGO,20080604,6.39,6.39,5.48,5.73,1260536
IGR,20080604,0.495,0.5,0.49,0.495,753940
IHF,20080604,0.91,0.95,0.91,0.92,27659
IHK,20080604,20.18,20.18,20.18,20.18,4
IIF,20080604,1.97,2,1.955,1.97,4607912
IIG,20080604,0.018,0.019,0.017,0.018,3224928
III,20080604,0.21,0.22,0.18,0.18,82369
IIN,20080604,1.605,1.615,1.6,1.61,444725
IJH,20080604,92.04,92.04,91.49,91.49,350
IJP,20080604,14.44,14.45,14.44,14.45,1000
IJR,20080604,67.72,67.72,67.72,67.72,4
IKO,20080604,61.9,61.9,61.9,61.9,7
ILF,20080604,0.665,0.67,0.66,0.66,1350883
ILU,20080604,3.63,3.75,3.61,3.75,2008471
IMA,20080604,1.065,1.12,1.045,1.1,82827
IMD,20080604,1.765,1.9,1.765,1.89,740109
IMF,20080604,0.75,0.795,0.735,0.785,145000
IMI,20080604,0.023,0.028,0.023,0.027,55668088
IMP,20080604,0.019,0.02,0.018,0.018,7663386
IMU,20080604,0.088,0.088,0.085,0.085,229000
INL,20080604,0.063,0.063,0.059,0.059,1809968
INP,20080604,1.11,1.115,1.06,1.07,520886
INT,20080604,0.018,0.019,0.018,0.018,904000
IOF,20080604,1.3,1.335,1.285,1.335,2838715
IOH,20080604,0.9,0.9,0.81,0.81,278726
IOO,20080604,79.68,79.82,79.68,79.82,702
IPE,20080604,0.755,0.755,0.75,0.75,14800
IPL,20080604,182.59,196,182.1,189,603228
IPM,20080604,1.165,1.195,1.165,1.165,91037
IPN,20080604,0.235,0.235,0.235,0.235,73381
IPR,20080604,0.084,0.084,0.081,0.081,60000
IPT,20080604,0.16,0.16,0.16,0.16,20000
IPX,20080604,0.57,0.57,0.57,0.57,39000
IRC,20080604,0.355,0.365,0.35,0.365,43310
IRE,20080604,6.5,6.53,6.41,6.5,437311
IRI,20080604,0.36,0.36,0.36,0.36,1176
IRL,20080604,0.094,0.1,0.094,0.094,102600
IRM,20080604,0.3,0.31,0.3,0.305,33000
IRN,20080604,1.115,1.115,1.11,1.11,232594
IRU,20080604,77.53,77.53,77.53,77.53,5
ISG,20080604,14.1,14.1,14.1,14.1,6
ISS,20080604,0.52,0.54,0.52,0.525,216100
ITC,20080604,0.054,0.054,0.051,0.051,1078000
ITD,20080604,0.135,0.135,0.135,0.135,50000
ITE,20080604,0.04,0.041,0.04,0.041,200000
ITW,20080604,17.02,17.02,17.02,17.02,6
IUL,20080604,0.023,0.023,0.02,0.02,62500
IVC,20080604,6.64,6.66,6.54,6.6,147285
IVE,20080604,80.13,80.18,80.07,80.1,1300
IVK,20080604,2.16,2.16,2.15,2.15,15368
IVV,20080604,145.05,145.05,145.02,145.02,494
IWI,20080604,1.03,1.03,1.03,1.03,7033
IXR,20080604,0.59,0.63,0.59,0.6,2475088
IZZ,20080604,156.34,156.34,155.5,155.87,610
JAG,20080604,0.125,0.125,0.12,0.12,100000
JAK,20080604,0.15,0.155,0.15,0.155,322916
JAT,20080604,0.06,0.062,0.06,0.061,34244
JBH,20080604,9.39,9.7,9.39,9.66,840006
JGL,20080604,0.12,0.125,0.12,0.12,332164
JHX,20080604,5.38,5.46,5.35,5.41,3621234
JMB,20080604,0.605,0.615,0.605,0.615,1568
JML,20080604,0.74,0.79,0.71,0.745,1753563
JMS,20080604,0.35,0.35,0.335,0.335,447150
JPR,20080604,0.11,0.11,0.105,0.105,586529
JRL,20080604,1.04,1.065,1.04,1.065,25794
JRV,20080604,0.028,0.03,0.024,0.024,92920591
JST,20080604,3.82,3.87,3.6,3.75,484913
JUT,20080604,0.11,0.12,0.11,0.12,4810
JVG,20080604,0.12,0.12,0.12,0.12,10000
JYC,20080604,1.07,1.07,1.07,1.07,1500
KAL,20080604,0.085,0.085,0.081,0.081,922984
KAM,20080604,0.395,0.395,0.395,0.395,4761
KAR,20080604,3.71,3.75,3.68,3.73,459067
KAS,20080604,0.23,0.23,0.225,0.225,10000
KAT,20080604,1,1,1,1,2815
KBC,20080604,0.8,0.82,0.795,0.82,85395
KCN,20080604,5.34,5.45,5.3,5.45,187135
KGL,20080604,0.165,0.175,0.16,0.175,191800
KIK,20080604,0.28,0.29,0.275,0.285,488586
KIL,20080604,0.87,0.87,0.775,0.785,187450
KIS,20080604,0.48,0.48,0.46,0.46,29704
KLM,20080604,0.425,0.43,0.425,0.43,25454
KME,20080604,0.28,0.28,0.28,0.28,30000
KMN,20080604,0.225,0.23,0.195,0.215,1816649
KOR,20080604,0.145,0.145,0.145,0.145,30450
KRB,20080604,0.57,0.64,0.57,0.58,162400
KRM,20080604,0.35,0.35,0.35,0.35,81000
KRS,20080604,0.31,0.31,0.31,0.31,5049
KSC,20080604,2.97,3.01,2.97,3.01,7550
KSO,20080604,0.2,0.2,0.19,0.19,30000
KSX,20080604,0.12,0.12,0.11,0.115,615205
KTE,20080604,0.17,0.2,0.17,0.19,457553
KYC,20080604,0.215,0.22,0.215,0.22,32166
KZL,20080604,4.6,4.65,4.59,4.65,1060507
LBL,20080604,0.15,0.15,0.15,0.15,50000
LBT,20080604,0.23,0.23,0.23,0.23,50000
LBY,20080604,0.083,0.083,0.083,0.083,9900
LCM,20080604,0.95,0.95,0.95,0.95,20000
LCT,20080604,0.32,0.32,0.3,0.3,122920
LDW,20080604,4.7,4.7,4.6,4.6,1588
LEG,20080604,0.04,0.043,0.039,0.04,16069725
LEI,20080604,53.2,53.2,52.13,52.66,528106
LEP,20080604,3,3.1,2.95,2.97,48459
LFE,20080604,0.078,0.081,0.078,0.081,578870
LGD,20080604,0.085,0.085,0.085,0.085,71100
LGL,20080604,3,3.09,2.98,3.08,32086078
LGO,20080604,0.026,0.026,0.024,0.025,578000
LIC,20080604,0.135,0.135,0.13,0.13,25125
LIN,20080604,0.24,0.24,0.24,0.24,472
LIO,20080604,0.19,0.19,0.19,0.19,1757
LKO,20080604,0.008,0.008,0.007,0.007,15544190
LLA,20080604,0.052,0.052,0.05,0.05,431047
LLC,20080604,11.63,11.86,11.6,11.67,2318389
LMC,20080604,3.85,3.85,3.85,3.85,2000
LMG,20080604,0.015,0.015,0.014,0.014,783333
LML,20080604,0.225,0.23,0.215,0.23,208500
LMP,20080604,0.17,0.175,0.16,0.16,219724
LMW,20080604,0.62,0.62,0.62,0.62,8000
LNC,20080604,3.85,4.17,3.8,4.12,1261152
LNG,20080604,1.28,1.38,1.19,1.19,1722974
LNN,20080604,9.14,9.15,8.96,9.04,1083064
LOD,20080604,0.03,0.03,0.03,0.03,60000
LOM,20080604,0.3,0.3,0.295,0.3,34166
LPM,20080604,0.071,0.071,0.067,0.067,35525
LRF,20080604,1.46,1.46,1.455,1.46,111100
LRG,20080604,0.018,0.018,0.018,0.018,21667
LRL,20080604,0.42,0.44,0.42,0.44,20000
LSA,20080604,0.049,0.05,0.047,0.047,1542313
LSR,20080604,0.1,0.1,0.095,0.095,60367
LST,20080604,1.82,1.825,1.81,1.815,99715
LUM,20080604,0.008,0.008,0.008,0.008,825000
LWB,20080604,1.56,1.56,1.56,1.56,500
LYC,20080604,1.475,1.49,1.465,1.48,1558175
LYL,20080604,3.97,3.97,3.95,3.95,9793
MAB,20080604,0.15,0.15,0.15,0.15,23500
MAE,20080604,0.675,0.685,0.65,0.66,291156
MAH,20080604,1.76,1.76,1.72,1.75,2008849
MAK,20080604,2.1,2.13,1.93,1.945,822591
MAL,20080604,0.32,0.32,0.32,0.32,5780
MAN,20080604,0.019,0.019,0.018,0.018,1130000
MAP,20080604,2.79,2.8,2.73,2.75,7232829
MAU,20080604,0.067,0.067,0.067,0.067,58553
MBD,20080604,0.105,0.105,0.1,0.1,70000
MBI,20080604,0.033,0.033,0.033,0.033,2181000
MBN,20080604,6.6,6.81,6.6,6.7,221700
MBP,20080604,0.042,0.046,0.042,0.046,2532951
MBT,20080604,0.82,1,0.81,0.97,65370
MCC,20080604,20,20.5,19.9,20.4,2283206
MCG,20080604,3.56,3.63,3.54,3.61,2306698
MCK,20080604,0.88,0.88,0.85,0.85,23333
MCL,20080604,0.026,0.026,0.026,0.026,129000
MCO,20080604,0.24,0.25,0.24,0.24,123309
MCP,20080604,2.56,2.6,2.56,2.6,21687
MCQ,20080604,2.13,2.17,1.98,2.1,220864
MCR,20080604,3.24,3.24,3.04,3.06,1229004
MCU,20080604,0.665,0.675,0.655,0.67,235587
MCW,20080604,1.18,1.185,1.115,1.13,16010408
MDA,20080604,0.46,0.46,0.46,0.46,28500
MDE,20080604,0.99,1,0.99,1,16000
MDL,20080604,0.865,0.865,0.82,0.83,1212006
MDS,20080604,0.065,0.065,0.064,0.064,59700
MDT,20080604,0.535,0.545,0.49,0.52,3359692
MDV,20080604,0.007,0.008,0.007,0.008,2909883
MDX,20080604,0.385,0.385,0.365,0.365,686000
MEE,20080604,0.75,0.93,0.745,0.84,12943313
MEI,20080604,0.095,0.095,0.095,0.095,41500
MEL,20080604,1.32,1.34,1.25,1.3,650009
MEO,20080604,0.49,0.545,0.48,0.48,6243731
MEP,20080604,0.53,0.53,0.505,0.505,8017
MES,20080604,0.25,0.25,0.225,0.25,94000
MEU,20080604,0.125,0.125,0.12,0.12,65000
MFC,20080604,0.2,0.205,0.2,0.2,15000
MFF,20080604,0.64,0.64,0.635,0.635,422500
MFG,20080604,0.67,0.75,0.67,0.71,13438
MFI,20080604,0.13,0.135,0.13,0.135,346272
MGK,20080604,0.055,0.055,0.051,0.055,360057
MGO,20080604,0.315,0.315,0.3,0.3,293849
MGR,20080604,3.16,3.25,3.14,3.16,4057720
MGU,20080604,0.2,0.2,0.2,0.2,150000
MGX,20080604,3.35,3.38,3.26,3.3,5135278
MHL,20080604,0.017,0.017,0.017,0.017,1787000
MHM,20080604,0.12,0.12,0.12,0.12,30596
MIG,20080604,2.94,2.97,2.88,2.97,13704466
MIK,20080604,0.39,0.4,0.38,0.4,257708
MIN,20080604,6.95,6.95,6.64,6.69,72812
MIR,20080604,1.97,1.97,1.96,1.97,16700
MIS,20080604,6.81,6.84,6.69,6.73,597349
MIT,20080604,1.68,1.68,1.67,1.67,35336
MIX,20080604,0.42,0.465,0.41,0.43,539043
MKY,20080604,0.024,0.026,0.024,0.026,865000
MLB,20080604,3.4,3.4,3.36,3.38,50523
MLE,20080604,2,2.08,1.995,2,112529
MLI,20080604,0.455,0.455,0.44,0.44,47655
MLM,20080604,0.555,0.58,0.55,0.575,236540
MLS,20080604,0.045,0.047,0.043,0.046,1274000
MLT,20080604,20.02,20.25,20,20.04,13503
MLX,20080604,0.415,0.445,0.415,0.44,11030694
MMA,20080604,0.585,0.585,0.585,0.585,45087
MMB,20080604,0.6,0.6,0.585,0.585,200200
MMG,20080604,3.63,3.79,3.63,3.67,708754
MML,20080604,1.18,1.2,1.16,1.2,48845
MMN,20080604,0.11,0.11,0.1,0.11,506782
MMR,20080604,0.145,0.145,0.1,0.1,703260
MMS,20080604,3.14,3.14,3,3.07,124440
MMX,20080604,4.14,4.14,4.05,4.11,796232
MMY,20080604,0.13,0.13,0.13,0.13,23785
MND,20080604,13.3,13.66,13.17,13.4,239320
MNM,20080604,0.39,0.485,0.39,0.465,4211271
MNW,20080604,0.057,0.057,0.055,0.055,50000
MOC,20080604,1.03,1.04,1.025,1.035,353784
MOF,20080604,0.975,0.975,0.955,0.975,9342708
MOG,20080604,0.093,0.095,0.093,0.095,184000
MOL,20080604,3.2,3.2,3.12,3.17,62976
MON,20080604,0.285,0.3,0.27,0.275,251895
MOO,20080604,0.135,0.16,0.135,0.16,308764
MOS,20080604,0.17,0.17,0.16,0.16,1775776
MOX,20080604,0.265,0.27,0.265,0.27,26000
MOY,20080604,0.098,0.105,0.098,0.105,300000
MPA,20080604,0.016,0.016,0.016,0.016,20000
MPF,20080604,0.905,0.905,0.905,0.905,12050
MPI,20080604,0.024,0.024,0.024,0.024,112055
MPJ,20080604,0.006,0.006,0.006,0.006,2381818
MPO,20080604,1.87,1.87,1.735,1.795,1752696
MPS,20080604,0.585,0.595,0.55,0.55,91187
MQG,20080604,50.15,51.5,50.15,51.5,3337857
MRA,20080604,0.4,0.4,0.39,0.4,260169
MRC,20080604,0.15,0.16,0.15,0.155,349408
MRE,20080604,4.41,4.45,4.09,4.19,3263630
MRM,20080604,1.57,1.57,1.5,1.555,264513
MRN,20080604,0.6,0.6,0.595,0.595,6000
MRO,20080604,0.53,0.53,0.465,0.53,73500
MRU,20080604,2.64,2.68,2.64,2.67,18342
MRX,20080604,0.08,0.081,0.079,0.081,964383
MRZ,20080604,0.82,0.85,0.8,0.825,424325
MSB,20080604,0.87,0.87,0.82,0.87,49881
MSC,20080604,0.014,0.015,0.014,0.014,4616206
MSF,20080604,2.42,2.42,2.42,2.42,3000
MSL,20080604,2.88,2.96,2.88,2.96,27613
MSN,20080604,0.135,0.135,0.135,0.135,71000
MST,20080604,0.058,0.067,0.058,0.065,3386164
MTB,20080604,0.04,0.04,0.04,0.04,40000
MTH,20080604,0.27,0.27,0.26,0.26,291885
MTN,20080604,1.79,1.79,1.75,1.75,20569
MTS,20080604,4.24,4.25,4.18,4.25,3675209
MTU,20080604,0.585,0.585,0.575,0.575,37034
MTY,20080604,0.058,0.058,0.058,0.058,16900
MUE,20080604,0.58,0.58,0.57,0.57,61224
MUM,20080604,0.18,0.18,0.15,0.15,317700
MUN,20080604,0.67,0.67,0.64,0.64,337569
MUR,20080604,0.13,0.135,0.13,0.135,1052769
MUT,20080604,0.018,0.018,0.017,0.017,480000
MVH,20080604,0.091,0.1,0.09,0.1,562639
MVU,20080604,0.18,0.18,0.18,0.18,11400
MWG,20080604,1.215,1.215,1.21,1.21,41321
MWN,20080604,0.12,0.12,0.12,0.12,40000
MWS,20080604,0.046,0.046,0.045,0.045,94694
MXI,20080604,0.64,0.65,0.64,0.645,315289
MXR,20080604,0.23,0.235,0.22,0.225,2076773
MXX,20080604,1.175,1.21,1.15,1.21,69040
MYG,20080604,0.14,0.14,0.14,0.14,10000
MYO,20080604,1.4,1.4,1.35,1.37,222617
MZM,20080604,0.145,0.145,0.145,0.145,125700
NAB,20080604,29.7,29.88,29.06,29.44,7574891
NAD,20080604,0.016,0.017,0.015,0.015,240100
NAE,20080604,0.195,0.195,0.18,0.18,78200
NAL,20080604,0.018,0.02,0.018,0.018,800200
NAM,20080604,0.38,0.385,0.38,0.38,22393
NAN,20080604,0.19,0.22,0.19,0.2,1025943
NAV,20080604,0.395,0.4,0.39,0.395,238724
NBL,20080604,2.27,2.27,2.1,2.1,74525
NCK,20080604,0.78,0.78,0.78,0.78,3500
NCM,20080604,32.97,32.97,31.29,31.69,1793393
NDL,20080604,0.1,0.1,0.1,0.1,39000
NDO,20080604,0.48,0.485,0.46,0.475,10077682
NEC,20080604,2.25,2.34,2.21,2.31,1377099
NEM,20080604,4.92,4.92,4.8,4.89,50029
NEO,20080604,0.028,0.028,0.028,0.028,162257
NEU,20080604,0.1,0.1,0.1,0.1,10000
NFE,20080604,4.05,4.05,4,4,131884
NFK,20080604,1.46,1.5,1.46,1.465,535272
NFL,20080604,0.084,0.089,0.082,0.089,627778
NGE,20080604,0.15,0.15,0.13,0.13,294000
NGF,20080604,0.31,0.33,0.31,0.325,286300
NGM,20080604,0.07,0.07,0.07,0.07,289105
NGY,20080604,0.12,0.12,0.12,0.12,3000
NHC,20080604,4.95,4.95,4.34,4.56,467998
NHF,20080604,0.685,0.685,0.68,0.68,139426
NHR,20080604,2.2,2.2,2.12,2.12,2280
NIO,20080604,0.068,0.068,0.068,0.068,120000
NIP,20080604,0.365,0.46,0.365,0.43,244422
NKP,20080604,0.97,0.995,0.97,0.97,307012
NLG,20080604,0.01,0.011,0.008,0.009,24141633
NLX,20080604,0.58,0.58,0.51,0.535,60719
NME,20080604,0.33,0.345,0.33,0.345,18600
NMI,20080604,0.18,0.19,0.175,0.185,278500
NMN,20080604,0.18,0.18,0.18,0.18,25000
NMR,20080604,0.58,0.58,0.58,0.58,19619
NMS,20080604,0.475,0.5,0.46,0.47,5909364
NOD,20080604,1.97,1.97,1.89,1.92,47071
NPX,20080604,4.8,4.8,4.8,4.8,2000
NQM,20080604,0.35,0.36,0.34,0.34,75537
NRT,20080604,1.44,1.44,1.33,1.35,19648
NSL,20080604,0.058,0.064,0.058,0.063,5216976
NSP,20080604,0.1,0.1,0.099,0.099,131634
NSX,20080604,0.22,0.24,0.22,0.24,20000
NTC,20080604,0.195,0.22,0.195,0.2,54500
NTU,20080604,0.34,0.34,0.34,0.34,2828
NUF,20080604,16.7,16.76,16.6,16.7,1113940
NUP,20080604,0.27,0.27,0.255,0.255,73266
NVT,20080604,2.1,2.1,2.06,2.1,560319
NWE,20080604,0.175,0.175,0.17,0.17,394628
NWH,20080604,2.21,2.22,2.18,2.18,1690828
NWR,20080604,0.079,0.079,0.079,0.079,46000
NWS,20080604,19.19,19.44,19.16,19.29,2127134
NWT,20080604,0.003,0.004,0.003,0.004,10627779
NXS,20080604,1.815,1.82,1.78,1.78,3552255
NZO,20080604,1.28,1.28,1.27,1.27,344516
OAK,20080604,1.01,1.01,1.01,1.01,613
OBJ,20080604,0.023,0.023,0.023,0.023,26000
OBL,20080604,0.13,0.13,0.13,0.13,10000
ODN,20080604,0.12,0.12,0.115,0.115,490000
ODY,20080604,0.23,0.23,0.2,0.2,74100
OEC,20080604,0.13,0.13,0.13,0.13,19610
OEL,20080604,0.48,0.49,0.47,0.485,780618
OEX,20080604,1.06,1.09,1.03,1.03,204349
OFG,20080604,1.49,1.49,1.38,1.38,14977
OGC,20080604,1.32,1.365,1.295,1.325,915108
OIF,20080604,0.36,0.38,0.36,0.37,492775
OIL,20080604,0.225,0.24,0.225,0.24,9500
OIP,20080604,0.115,0.12,0.115,0.12,228342
OKN,20080604,3.49,3.49,3.35,3.45,679316
OKU,20080604,0.095,0.095,0.095,0.095,13750
OLH,20080604,0.94,1.05,0.94,1.05,95000
OMI,20080604,0.26,0.26,0.26,0.26,7500
ONC,20080604,0.16,0.175,0.16,0.175,76750
ORD,20080604,0.135,0.145,0.135,0.14,393272
ORE,20080604,0.245,0.245,0.23,0.23,85300
ORG,20080604,15.85,15.9,15.78,15.9,4044603
ORH,20080604,0.11,0.115,0.105,0.11,151400
ORI,20080604,30.61,30.87,29,30.6,1117703
ORO,20080604,0.027,0.027,0.026,0.026,100000
ORP,20080604,0.065,0.065,0.06,0.063,328000
OSH,20080604,6.38,6.47,6.07,6.3,8241148
OST,20080604,7.17,7.3,7.13,7.29,4147753
OVR,20080604,0.57,0.57,0.57,0.57,728000
OXR,20080604,3,3.04,2.94,2.96,20045192
OZG,20080604,0.185,0.2,0.185,0.2,100000
PAA,20080604,0.022,0.022,0.022,0.022,30000
PAG,20080604,1.935,1.99,1.92,1.99,248013
PAU,20080604,0.032,0.032,0.032,0.032,50000
PAX,20080604,0.195,0.195,0.19,0.19,68431
PBA,20080604,0.75,0.75,0.75,0.75,10600
PBB,20080604,1.415,1.415,1.415,1.415,6924
PBD,20080604,0.715,0.715,0.68,0.695,156653
PBG,20080604,2.09,2.11,2.07,2.08,4990851
PBP,20080604,1.155,1.155,1.155,1.155,30000
PBT,20080604,0.4,0.43,0.39,0.425,116600
PCC,20080604,0.017,0.021,0.017,0.021,51660
PCL,20080604,0.048,0.048,0.046,0.046,534998
PDM,20080604,0.105,0.105,0.1,0.1,337500
PDN,20080604,5.58,5.69,5.5,5.61,5111278
PDO,20080604,0.24,0.255,0.24,0.25,280580
PDZ,20080604,0.86,0.86,0.84,0.85,185776
PEH,20080604,0.435,0.44,0.435,0.44,4000
PEM,20080604,0.74,0.76,0.705,0.715,1795956
PEN,20080604,0.04,0.04,0.036,0.038,4023831
PEO,20080604,0.044,0.044,0.044,0.044,40714
PES,20080604,2.39,2.5,2.3,2.5,363158
PET,20080604,0.77,0.77,0.77,0.77,10000
PEV,20080604,0.094,0.095,0.088,0.09,398842
PFG,20080604,0.4,0.4,0.4,0.4,91220
PFL,20080604,1.135,1.135,1.1,1.1,153530
PFM,20080604,0.185,0.185,0.18,0.18,20000
PGA,20080604,3.88,3.88,3.56,3.6,530099
PGL,20080604,1.33,1.36,1.3,1.33,127729
PGM,20080604,0.53,0.53,0.505,0.51,21757
PGS,20080604,0.185,0.185,0.16,0.16,315000
PHG,20080604,0.084,0.085,0.084,0.085,220000
PHK,20080604,0.165,0.165,0.16,0.16,40133
PIE,20080604,0.018,0.019,0.018,0.019,586957
PIO,20080604,0.1,0.1,0.1,0.1,100000
PLA,20080604,2.6,2.75,2.6,2.74,1021186
PLD,20080604,0.032,0.035,0.03,0.03,704580
PLI,20080604,0.405,0.42,0.4,0.42,26080
PLT,20080604,0.14,0.14,0.14,0.14,173500
PLV,20080604,2,2.04,2,2,12463
PMC,20080604,1.52,1.54,1.52,1.53,52235
PMH,20080604,0.39,0.39,0.355,0.355,110493
PMM,20080604,17.67,17.67,17.07,17.41,67668
PMP,20080604,1.015,1.02,0.975,1,1113080
PMV,20080604,7.8,7.84,7.8,7.84,5500
PNA,20080604,1.045,1.08,1.03,1.05,8996800
PNN,20080604,0.82,0.845,0.82,0.845,32357
PNO,20080604,0.007,0.007,0.007,0.007,100000
PNX,20080604,0.11,0.11,0.11,0.11,75000
POH,20080604,0.115,0.115,0.11,0.11,91620
POL,20080604,0.53,0.54,0.53,0.535,32333
POS,20080604,0.86,0.86,0.795,0.795,403869
PPC,20080604,2.5,2.5,2.45,2.45,232190
PPD,20080604,0.11,0.125,0.11,0.125,112000
PPK,20080604,0.79,0.79,0.79,0.79,40000
PPN,20080604,0.105,0.105,0.105,0.105,110000
PPP,20080604,0.28,0.28,0.265,0.27,1368317
PPS,20080604,0.385,0.395,0.385,0.395,40000
PPT,20080604,49.98,50.71,49.02,50.25,144743
PPX,20080604,2.23,2.28,2.15,2.28,3647307
PPY,20080604,0.6,0.6,0.6,0.6,13750
PRC,20080604,1.48,1.54,1.47,1.525,700780
PRE,20080604,0.029,0.032,0.028,0.032,8376564
PRG,20080604,4.86,4.87,4.59,4.62,78328
PRO,20080604,0.28,0.28,0.28,0.28,20000
PRR,20080604,0.014,0.015,0.014,0.014,550000
PRT,20080604,2.96,2.96,2.85,2.85,2620868
PRU,20080604,1.45,1.48,1.45,1.48,266409
PRV,20080604,0.89,0.9,0.885,0.885,37446
PRW,20080604,0.195,0.195,0.195,0.195,10000
PRY,20080604,6.18,6.35,6.13,6.2,980948
PRZ,20080604,0.3,0.3,0.3,0.3,9174
PSA,20080604,1.005,1.02,0.97,0.97,506014
PSD,20080604,0.115,0.12,0.11,0.115,972775
PSH,20080604,1.71,1.71,1.65,1.65,49426
PSP,20080604,0.17,0.17,0.17,0.17,54737
PTM,20080604,4.2,4.26,4.15,4.17,613820
PTN,20080604,0.575,0.58,0.565,0.565,224605
PTO,20080604,0.065,0.065,0.065,0.065,290000
PTR,20080604,0.88,0.895,0.87,0.895,20509
PTS,20080604,0.24,0.24,0.24,0.24,19700
PUN,20080604,0.049,0.05,0.049,0.049,95000
PVE,20080604,1.8,1.8,1.75,1.75,60000
PWK,20080604,4.3,4.31,4.29,4.3,158600
PWR,20080604,0.09,0.09,0.09,0.09,67
PWW,20080604,0.225,0.225,0.225,0.225,30000
PXL,20080604,0.13,0.14,0.125,0.125,185591
PXR,20080604,0.039,0.039,0.039,0.039,190000
PXS,20080604,1.52,1.65,1.52,1.6,393012
PYM,20080604,0.27,0.28,0.27,0.27,136396
QAN,20080604,3.45,3.54,3.4,3.54,22900774
QBE,20080604,24.35,24.85,24.08,24.23,3642271
QED,20080604,0.028,0.028,0.027,0.027,368034
QFX,20080604,0.051,0.051,0.051,0.051,491240
QGC,20080604,5.68,5.68,5.26,5.32,4527953
QHL,20080604,0.43,0.43,0.37,0.4,87500
QMG,20080604,0.045,0.045,0.039,0.039,2688141
QOL,20080604,0.15,0.16,0.15,0.155,480334
QRS,20080604,0.16,0.16,0.135,0.15,287249
QTK,20080604,0.033,0.033,0.03,0.03,661756
QUR,20080604,0.016,0.016,0.015,0.015,400000
QXQ,20080604,0.021,0.021,0.02,0.02,637700
RAT,20080604,0.19,0.19,0.18,0.185,665516
RAU,20080604,0.094,0.11,0.09,0.09,18597559
RAW,20080604,0.225,0.225,0.225,0.225,3200
RBM,20080604,0.056,0.06,0.053,0.055,3662192
RBR,20080604,0.11,0.115,0.11,0.115,169100
RBY,20080604,0.009,0.009,0.009,0.009,2583334
RCG,20080604,0.225,0.225,0.215,0.215,10000
RCH,20080604,0.048,0.048,0.046,0.046,6842325
RCI,20080604,0.21,0.21,0.18,0.18,52400
RCM,20080604,0.105,0.105,0.105,0.105,31250
RCO,20080604,0.37,0.395,0.36,0.36,202404
RCR,20080604,0.79,0.795,0.765,0.77,584247
RCT,20080604,2.9,2.9,2.9,2.9,6000
RCY,20080604,0.475,0.485,0.47,0.47,334888
RDF,20080604,3.01,3.01,2.95,2.95,320013
RDM,20080604,0.205,0.205,0.205,0.205,11000
RDR,20080604,0.955,0.98,0.94,0.94,161332
RDS,20080604,0.41,0.41,0.41,0.41,7815
REA,20080604,5.01,5.05,5,5,140258
RED,20080604,0.083,0.085,0.083,0.085,692099
REF,20080604,1.51,1.545,1.49,1.49,289916
REH,20080604,22.15,22.15,22.1,22.1,9124
REO,20080604,0.015,0.016,0.015,0.015,350000
RER,20080604,0.04,0.04,0.04,0.04,80245
REU,20080604,0.16,0.16,0.155,0.16,308181
REX,20080604,1.07,1.07,1.06,1.07,28978
REY,20080604,0.35,0.395,0.34,0.39,812730
RFE,20080604,0.58,0.595,0.575,0.58,218356
RFG,20080604,1.295,1.295,1.2,1.29,33964
RFL,20080604,0.15,0.15,0.14,0.14,465894
RHC,20080604,10.8,10.99,10.75,10.77,444680
RHD,20080604,0.5,0.5,0.48,0.48,21500
RHE,20080604,0.28,0.285,0.275,0.275,600000
RHG,20080604,0.072,0.072,0.07,0.07,843882
RHI,20080604,6.96,6.96,6.96,6.96,100
RHL,20080604,4.55,4.55,4.45,4.5,504681
RHT,20080604,0.012,0.012,0.012,0.012,1000000
RIA,20080604,0.36,0.36,0.36,0.36,3729
RIC,20080604,1.41,1.43,1.41,1.42,699913
RIM,20080604,0.03,0.03,0.029,0.029,466160
RIO,20080604,140.65,141.66,139.02,140.25,1213888
RIV,20080604,10.45,10.74,10.25,10.57,1229122
RJT,20080604,0.155,0.155,0.145,0.15,4219272
RKN,20080604,1.24,1.245,1.24,1.245,25793
RLC,20080604,0.075,0.075,0.074,0.074,220000
RMC,20080604,0.355,0.355,0.355,0.355,44163
RMD,20080604,4.08,4.11,3.99,4,4785218
RMG,20080604,0.019,0.019,0.018,0.018,105549
RMI,20080604,0.038,0.038,0.038,0.038,286400
RML,20080604,0.24,0.25,0.24,0.25,75826
RMS,20080604,0.9,0.91,0.88,0.9,90780
RNC,20080604,0.058,0.058,0.058,0.058,100000
RND,20080604,0.5,0.5,0.5,0.5,10000
RNG,20080604,0.028,0.028,0.027,0.027,222000
RNI,20080604,0.063,0.063,0.063,0.063,6399
RNY,20080604,0.375,0.375,0.35,0.35,195535
ROC,20080604,2.38,2.38,2.21,2.21,1619249
ROG,20080604,0.065,0.066,0.065,0.065,204100
ROK,20080604,3.4,3.5,3.4,3.5,9850
ROY,20080604,0.39,0.395,0.335,0.36,1318683
RPC,20080604,0.03,0.03,0.027,0.027,3775400
RPM,20080604,0.2,0.2,0.18,0.19,1834316
RRA,20080604,0.725,0.8,0.725,0.8,96800
RRL,20080604,0.27,0.275,0.265,0.265,147500
RRS,20080604,0.175,0.18,0.175,0.18,436762
RRT,20080604,0.1,0.105,0.1,0.105,603383
RSG,20080604,2.15,2.25,2.12,2.2,554543
RSL,20080604,0.014,0.014,0.013,0.014,3354187
RSN,20080604,0.034,0.04,0.034,0.04,6491235
RTL,20080604,0.015,0.015,0.014,0.014,9000
RUB,20080604,0.24,0.245,0.24,0.245,172000
RUL,20080604,1.195,1.25,1.19,1.25,307349
RUM,20080604,0.16,0.16,0.15,0.15,40000
RVM,20080604,0.21,0.215,0.2,0.215,119500
RWD,20080604,1.87,1.95,1.85,1.85,249512
RXM,20080604,0.34,0.34,0.31,0.34,19141
SAE,20080604,0.435,0.435,0.415,0.425,887332
SAI,20080604,2.65,2.68,2.64,2.65,190907
SAR,20080604,0.2,0.2,0.2,0.2,75000
SAU,20080604,0.215,0.215,0.21,0.21,53456
SBI,20080604,0.071,0.071,0.069,0.069,140000
SBL,20080604,0.035,0.038,0.033,0.035,1261614
SBM,20080604,0.585,0.59,0.56,0.565,2944823
SBN,20080604,0.016,0.016,0.015,0.015,475000
SBR,20080604,0.22,0.22,0.2,0.2,28838
SBS,20080604,0.045,0.045,0.045,0.045,100000
SCD,20080604,0.535,0.535,0.505,0.505,40000
SCE,20080604,0.01,0.01,0.009,0.01,1056000
SCV,20080604,0.099,0.099,0.099,0.099,17882
SDG,20080604,2.62,2.65,2.58,2.63,810689
SDL,20080604,0.465,0.5,0.45,0.47,45612646
SDM,20080604,2.76,2.84,2.75,2.75,18395
SEA,20080604,0.385,0.4,0.37,0.4,378021
SEG,20080604,0.07,0.07,0.07,0.07,16000
SEK,20080604,5.39,5.51,5.36,5.43,3155016
SEN,20080604,0.047,0.047,0.044,0.044,712235
SEV,20080604,9.06,9.06,8.74,8.93,579921
SEY,20080604,0.53,0.56,0.48,0.505,774257
SFC,20080604,7.8,7.8,7.8,7.8,2200
SFH,20080604,0.96,0.985,0.95,0.97,801872
SFP,20080604,0.115,0.12,0.105,0.105,35814
SFR,20080604,0.38,0.38,0.38,0.38,1320
SFY,20080604,53.94,54.13,53.77,53.84,15243
SGB,20080604,29.94,31.05,29.82,30.52,3448787
SGH,20080604,1.31,1.31,1.31,1.31,400
SGL,20080604,0.505,0.505,0.47,0.495,1045099
SGM,20080604,37.87,37.87,37.13,37.61,402021
SGN,20080604,1.995,2,1.94,1.99,186364
SGP,20080604,6.25,6.26,6.15,6.2,7283205
SGT,20080604,2.81,2.84,2.78,2.78,3500314
SGX,20080604,5.58,5.58,5.24,5.4,1061091
SGY,20080604,0.27,0.27,0.23,0.235,753780
SHC,20080604,0.075,0.075,0.075,0.075,50000
SHE,20080604,0.19,0.19,0.19,0.19,27250
SHG,20080604,2.5,2.54,2.44,2.48,1863286
SHL,20080604,14.3,14.62,14.3,14.35,1615250
SHV,20080604,6.45,6.54,6.4,6.48,30569
SIE,20080604,0.093,0.093,0.093,0.093,22000
SIM,20080604,0.335,0.335,0.33,0.33,18075
SIP,20080604,1.17,1.18,1.11,1.13,3446303
SKC,20080604,3.08,3.08,3.04,3.05,511930
SKE,20080604,3.25,3.3,3.21,3.25,41171
SKI,20080604,1.805,1.805,1.77,1.785,2101420
SKT,20080604,3.75,3.75,3.75,3.75,101331
SLA,20080604,0.36,0.36,0.345,0.345,555361
SLF,20080604,14.9,14.99,14.84,14.95,15326
SLM,20080604,3.49,3.5,3.33,3.49,32390
SLR,20080604,0.39,0.39,0.38,0.38,625799
SLT,20080604,0.013,0.013,0.013,0.013,431257
SLV,20080604,2.22,2.22,2.19,2.22,31295
SLX,20080604,7.2,7.27,7.1,7.27,156985
SMA,20080604,0.042,0.043,0.042,0.043,54155
SMC,20080604,0.052,0.052,0.05,0.05,231370
SMD,20080604,0.31,0.31,0.31,0.31,192000
SML,20080604,0.029,0.03,0.029,0.03,59929
SMM,20080604,2.7,2.7,2.58,2.58,15275
SMN,20080604,0.064,0.07,0.064,0.07,45000
SMX,20080604,4.8,4.8,4.5,4.5,193846
SMY,20080604,4.61,4.63,4.4,4.46,1198931
SND,20080604,0.645,0.655,0.645,0.655,125564
SNU,20080604,0.15,0.15,0.14,0.14,56500
SOE,20080604,0.18,0.18,0.18,0.18,332934
SOI,20080604,0.38,0.38,0.38,0.38,1250
SOL,20080604,10.15,10.2,10.05,10.05,30773
SOM,20080604,0.023,0.024,0.023,0.024,1921637
SOO,20080604,0.053,0.057,0.051,0.057,73879
SOT,20080604,0.255,0.27,0.255,0.27,225466
SPD,20080604,0.16,0.16,0.16,0.16,2020
SPH,20080604,3.48,3.57,3.4,3.51,55935
SPI,20080604,0.235,0.25,0.235,0.25,77200
SPL,20080604,0.335,0.335,0.325,0.325,142000
SPN,20080604,1.255,1.26,1.23,1.245,3830498
SPQ,20080604,0.15,0.15,0.15,0.15,57743
SPT,20080604,3.06,3.1,2.92,2.97,328411
SRA,20080604,0.026,0.027,0.026,0.027,293604
SRH,20080604,2.27,2.3,2.27,2.3,11250
SRI,20080604,0.08,0.083,0.08,0.083,478000
SRK,20080604,2.28,2.3,2.18,2.23,931903
SRL,20080604,7.76,7.76,7.53,7.66,1608887
SRM,20080604,0.19,0.2,0.19,0.2,25794
SRR,20080604,0.105,0.105,0.105,0.105,85600
SRV,20080604,4.06,4.16,4.06,4.16,4999
SRX,20080604,3.71,3.71,3.7,3.7,2300
SRZ,20080604,0.275,0.29,0.265,0.27,1534215
SSC,20080604,0.022,0.022,0.022,0.022,275000
SSI,20080604,0.9,0.9,0.9,0.9,3316
SSL,20080604,1.46,1.46,1.46,1.46,1000
SSM,20080604,1.16,1.16,1.13,1.14,312276
SSN,20080604,0.17,0.17,0.165,0.165,81985
STB,20080604,0.345,0.37,0.345,0.345,1309944
STE,20080604,0.082,0.082,0.082,0.082,115000
STG,20080604,0.305,0.32,0.305,0.32,19200
STI,20080604,0.061,0.062,0.061,0.062,225000
STO,20080604,21.7,22.15,21.37,21.65,2655200
STP,20080604,0.089,0.089,0.089,0.089,100000
STS,20080604,2.5,2.53,2.48,2.5,77988
STU,20080604,1.32,1.35,1.28,1.28,85967
STW,20080604,54.78,55.1,54.5,54.73,130918
STX,20080604,0.355,0.355,0.32,0.34,586184
SUL,20080604,3.02,3.04,2.9,2.9,106372
SUN,20080604,14.4,14.67,14.28,14.67,2911344
SUR,20080604,0.095,0.095,0.09,0.09,677300
SVL,20080604,0.14,0.14,0.14,0.14,10000
SVM,20080604,0.23,0.23,0.23,0.23,20000
SVS,20080604,0.7,0.7,0.7,0.7,589
SWG,20080604,0.01,0.01,0.01,0.01,5
SWK,20080604,1.2,1.25,1.2,1.245,1298778
SXE,20080604,1.29,1.29,1.28,1.28,4268
SXP,20080604,0.6,0.615,0.56,0.57,1322876
SXX,20080604,0.05,0.05,0.048,0.05,300000
SYG,20080604,0.01,0.01,0.01,0.01,140000
SYM,20080604,0.425,0.425,0.415,0.42,29100
SYN,20080604,0.295,0.295,0.29,0.29,22200
SYP,20080604,0.215,0.215,0.2,0.2,15915
TAH,20080604,10.85,10.96,10.74,10.85,2616892
TAL,20080604,2.95,2.99,2.88,2.93,615104
TAM,20080604,0.08,0.081,0.08,0.08,1195934
TAN,20080604,0.2,0.205,0.2,0.2,119500
TAP,20080604,1.85,1.94,1.84,1.88,1521751
TAS,20080604,0.12,0.125,0.115,0.12,96130
TBG,20080604,1.73,1.75,1.68,1.74,20473
TCL,20080604,5.53,5.58,5.23,5.24,5672081
TCN,20080604,0.084,0.084,0.084,0.084,2000
TCQ,20080604,1.155,1.155,1.1,1.1,29637
TDO,20080604,0.26,0.26,0.25,0.25,69288
TEL,20080604,3.17,3.22,3.17,3.2,7858936
TEN,20080604,2.13,2.14,2.08,2.08,4025570
TEO,20080604,0.125,0.125,0.12,0.12,66687
TEU,20080604,0.086,0.086,0.086,0.086,100000
TEY,20080604,0.46,0.46,0.45,0.45,14000
TFC,20080604,1.11,1.115,1.08,1.105,68630
TGF,20080604,0.44,0.45,0.44,0.445,85000
TGG,20080604,1,1,0.995,1,130978
TGP,20080604,1.12,1.125,1.11,1.11,12000
TGR,20080604,3.04,3.07,3.01,3.04,159736
TGS,20080604,0.475,0.5,0.47,0.475,155000
TGX,20080604,0.13,0.14,0.12,0.14,45000
THG,20080604,0.86,0.86,0.86,0.86,88458
THR,20080604,0.14,0.145,0.135,0.145,257571
THX,20080604,0.525,0.535,0.495,0.5,384267
TIM,20080604,0.97,0.995,0.96,0.98,981354
TIS,20080604,0.135,0.135,0.13,0.13,34428
TJN,20080604,0.88,0.88,0.88,0.88,30000
TKG,20080604,0.28,0.28,0.28,0.28,2800
TLM,20080604,0.65,0.67,0.635,0.64,34376
TLS,20080604,4.74,4.75,4.69,4.7,51676101
TLZ,20080604,0.155,0.155,0.15,0.15,50986
TMR,20080604,0.105,0.11,0.097,0.1,8623266
TMX,20080604,0.078,0.087,0.078,0.087,175968
TNC,20080604,0.026,0.026,0.026,0.026,700000
TNE,20080604,0.91,0.915,0.91,0.91,716394
TNG,20080604,0.1,0.1,0.095,0.095,362200
TNL,20080604,0.3,0.3,0.3,0.3,33857
TOE,20080604,0.35,0.355,0.305,0.315,1263586
TOL,20080604,7.09,7.13,6.87,6.9,4770905
TOX,20080604,1.85,1.85,1.825,1.825,50498
TPF,20080604,0.88,0.88,0.87,0.87,18518
TPI,20080604,8.13,8.13,7.77,7.94,530132
TPL,20080604,0.02,0.02,0.02,0.02,500000
TPX,20080604,5.25,5.25,5.25,5.25,2120
TQH,20080604,0.2,0.23,0.2,0.23,86217
TRF,20080604,0.92,0.945,0.92,0.945,15989
TRG,20080604,11.25,11.4,11.15,11.31,7599
TRH,20080604,0.19,0.195,0.17,0.19,737102
TRO,20080604,0.825,0.84,0.75,0.82,59000
TRS,20080604,10.39,10.5,10.13,10.42,34020
TRU,20080604,10,10,9.75,10,7420
TRY,20080604,2.2,2.21,2.06,2.21,58460
TSE,20080604,9.15,9.19,8.81,8.85,1238835
TSF,20080604,0.14,0.14,0.12,0.135,375389
TSH,20080604,0.26,0.26,0.255,0.255,46992
TSI,20080604,1.435,1.435,1.42,1.43,242544
TSO,20080604,1.585,1.61,1.575,1.59,4949851
TSV,20080604,0.039,0.04,0.038,0.038,2602678
TTA,20080604,0.125,0.14,0.115,0.115,27866
TTI,20080604,0.085,0.085,0.083,0.085,139319
TTR,20080604,0.071,0.071,0.065,0.065,668399
TTS,20080604,2.55,2.57,2.46,2.52,6960642
TTV,20080604,0.075,0.075,0.072,0.072,85853
TTY,20080604,0.84,0.88,0.83,0.83,705628
TVN,20080604,0.014,0.014,0.014,0.014,125
TWD,20080604,2.55,2.6,2.55,2.6,5500
TWO,20080604,1.35,1.42,1.35,1.42,119756
TWR,20080604,1.79,1.81,1.79,1.805,76277
TWT,20080604,0.25,0.25,0.25,0.25,20000
TXN,20080604,0.615,0.615,0.585,0.585,55385
TZL,20080604,5,5.04,4.85,4.91,102592
TZN,20080604,3.47,3.5,3.4,3.42,224902
UBI,20080604,0.94,0.94,0.93,0.93,22000
UCL,20080604,0.016,0.016,0.016,0.016,921088
UCW,20080604,0.4,0.4,0.4,0.4,3049181
UEQ,20080604,0.215,0.23,0.21,0.21,251455
UGL,20080604,12.39,12.39,11.86,12.16,1517261
UKL,20080604,0.345,0.345,0.33,0.33,25164
UMC,20080604,2.04,2.04,1.8,1.87,811611
UMS,20080604,0.905,0.945,0.9,0.945,24999
UNI,20080604,0.275,0.28,0.27,0.27,268435
UNO,20080604,0.12,0.12,0.12,0.12,141500
UNX,20080604,0.42,0.43,0.415,0.43,132730
UOG,20080604,0.12,0.125,0.115,0.12,114959
UOS,20080604,0.255,0.255,0.255,0.255,124468
URA,20080604,0.265,0.27,0.26,0.265,196192
URL,20080604,0.077,0.077,0.075,0.075,648677
URM,20080604,0.17,0.17,0.16,0.16,60000
USA,20080604,0.155,0.155,0.14,0.14,365500
UTO,20080604,0.34,0.34,0.3,0.3,189617
UXA,20080604,0.17,0.17,0.165,0.165,64015
UXC,20080604,1.3,1.3,1.24,1.26,301372
VBA,20080604,0.615,0.625,0.6,0.6,1067213
VCN,20080604,0.36,0.365,0.36,0.365,188820
VCR,20080604,0.34,0.35,0.34,0.35,477658
VEC,20080604,0.33,0.33,0.31,0.315,500043
VGH,20080604,1.92,1.99,1.915,1.955,73005
VGP,20080604,0.028,0.031,0.028,0.031,28000
VHL,20080604,0.047,0.049,0.043,0.043,838633
VIL,20080604,0.027,0.027,0.021,0.021,1000000
VIR,20080604,0.71,0.725,0.71,0.715,114375
VLA,20080604,0.073,0.074,0.07,0.07,206000
VMG,20080604,1.78,1.785,1.755,1.765,132298
VML,20080604,0.58,0.6,0.58,0.59,85950
VMS,20080604,0.39,0.395,0.38,0.395,115000
VMT,20080604,0.11,0.11,0.11,0.11,172270
VNS,20080604,0.46,0.46,0.46,0.46,23300
VPE,20080604,0.295,0.295,0.275,0.285,721580
VPG,20080604,1.01,1.02,0.995,1,4258707
VRL,20080604,2.5,2.57,2.49,2.57,35500
VTG,20080604,0.535,0.535,0.52,0.52,47342
VTP,20080604,1.095,1.1,1.095,1.1,13400
VTX,20080604,0.1,0.1,0.1,0.1,214841
WAB,20080604,0.38,0.39,0.38,0.39,20000
WAM,20080604,1.31,1.31,1.31,1.31,30000
WAN,20080604,9.31,9.53,9.31,9.38,277150
WAS,20080604,0.031,0.032,0.03,0.032,355000
WAT,20080604,0.6,0.61,0.6,0.61,7500
WBA,20080604,1.39,1.4,1.35,1.4,6142
WBB,20080604,10.5,10.5,9.75,9.75,10587
WBC,20080604,22,22.08,21.85,22.08,7039912
WCB,20080604,4.4,4.63,4.4,4.63,8210
WCN,20080604,0.165,0.17,0.16,0.16,137500
WCP,20080604,0.074,0.074,0.074,0.074,115000
WDC,20080604,16.98,17.18,16.77,17.16,9496725
WDR,20080604,0.18,0.205,0.18,0.205,296007
WDS,20080604,2.82,2.82,2.7,2.77,93691
WEB,20080604,1.36,1.4,1.36,1.4,38425
WEC,20080604,3.3,3.5,3.18,3.4,163350
WES,20080604,37.95,38.09,37.52,37.99,2076237
WEZ,20080604,0.06,0.06,0.058,0.06,332266
WFL,20080604,1.44,1.44,1.4,1.4,10408
WGP,20080604,0.09,0.09,0.09,0.09,75000
WGR,20080604,0.4,0.455,0.35,0.385,5294334
WHC,20080604,4.14,4.25,4.01,4.04,770238
WHE,20080604,0.745,0.8,0.675,0.68,202074
WHF,20080604,3.4,3.41,3.4,3.4,11595
WHG,20080604,1.23,1.28,1.23,1.255,471531
WHN,20080604,0.15,0.15,0.14,0.15,398117
WIG,20080604,1.75,1.8,1.75,1.8,8800
WIL,20080604,0.79,0.79,0.775,0.78,41664
WKL,20080604,0.175,0.175,0.175,0.175,31583
WKR,20080604,0.12,0.12,0.1,0.11,676833
WLF,20080604,1.3,1.3,1.3,1.3,10000
WME,20080604,0.31,0.31,0.29,0.29,355209
WMT,20080604,0.089,0.094,0.089,0.092,2121380
WOR,20080604,38.8,38.94,37.14,37.73,641695
WOW,20080604,27.33,27.58,27.19,27.46,2722761
WPG,20080604,1.52,1.56,1.44,1.55,271959
WPL,20080604,65.2,66.51,62.85,63.59,2670752
WRK,20080604,0.54,0.54,0.5,0.5,289544
WRR,20080604,0.013,0.015,0.012,0.015,2246000
WSA,20080604,9.9,10,9.71,9.85,621414
WST,20080604,0.27,0.27,0.27,0.27,3000
WTF,20080604,3.92,3.94,3.82,3.82,566491
WTN,20080604,0.115,0.115,0.115,0.115,35000
WTP,20080604,2.22,2.25,2.22,2.22,54910
WVL,20080604,2.99,3,2.97,2.97,70076
WWI,20080604,0.2,0.2,0.2,0.2,17000
WWM,20080604,0.105,0.105,0.09,0.105,159415
WYL,20080604,1.34,1.37,1.325,1.35,874940
XAF,20080604,5437.3,5437.3,5437.3,5437.3,0
XAO,20080604,5699.4,5740,5675.7,5698.2,0
XAT,20080604,559300,559300,559300,559300,0
XCD,20080604,0.1,0.1,0.1,0.1,0
XDJ,20080604,1854.2,1873.1,1850,1865.4,0
XEJ,20080604,19983.5,19998.5,19445.6,19570.2,0
XFJ,20080604,5029.3,5098.3,5027.2,5077.2,0
XFL,20080604,5425.2,5480.2,5417.8,5443.2,0
XGD,20080604,5645.5,5645.5,5645.5,5645.5,0
XHJ,20080604,9280,9420.7,9280,9312.1,0
XIJ,20080604,549.9,553.9,530.9,530.9,0
XJO,20080604,5569.6,5620.2,5558.7,5584.5,0
XKO,20080604,5579,5628.1,5567.9,5592.8,0
XMD,20080604,5487.6,5529.6,5482.9,5515.3,0
XMJ,20080604,16105.2,16273.7,16009.1,16108.6,0
XMM,20080604,5666.6,5666.6,5666.6,5666.6,0
XNJ,20080604,4995.5,5045.3,4971,4997.4,0
XPJ,20080604,1589.2,1607.8,1588.1,1606.8,0
XRF,20080604,0.1,0.1,0.1,0.1,70000
XSJ,20080604,7668.5,7746.9,7666.7,7742.4,0
XSO,20080604,3421.6,3432.7,3393,3400.9,0
XST,20080604,0.13,0.13,0.13,0.13,0
XTE,20080604,1.7,1.7,1.7,1.7,6000
XTJ,20080604,1632.7,1639.7,1621.5,1624.9,0
XTL,20080604,3079.8,3117.8,3079.8,3098.6,0
XTO,20080604,4489.6,4533.4,4484.1,4505.6,0
XUJ,20080604,5979.6,6069.9,5956.3,5986.4,0
XXJ,20080604,5296.3,5378,5293.6,5344.4,0
YRR,20080604,0.16,0.16,0.155,0.155,101312
YTC,20080604,1.15,1.15,1.1,1.1,9500
ZDX,20080604,0.16,0.16,0.16,0.16,134000
ZFX,20080604,9.3,9.39,9.14,9.2,4198471
ZGL,20080604,0.24,0.255,0.24,0.255,101872
ZGM,20080604,0.175,0.19,0.175,0.185,151074
ZMG,20080604,0.07,0.075,0.07,0.075,152496
ZNC,20080604,0.125,0.125,0.125,0.125,35546
ZRL,20080604,0.24,0.24,0.23,0.235,534300
ZYL,20080604,0.06,0.063,0.06,0.062,546820
