AAC,20080207,3,3.01,2.96,2.97,533428
AAE,20080207,0.03,0.03,0.028,0.028,477000
AAF,20080207,0.01,0.013,0.01,0.012,10124114
AAH,20080207,0.94,0.98,0.93,0.945,245902
AAM,20080207,0.21,0.21,0.21,0.21,100000
AAQ,20080207,0.34,0.34,0.34,0.34,20000
AAR,20080207,0.062,0.065,0.062,0.065,1053000
AAU,20080207,0.36,0.375,0.36,0.375,56792
AAX,20080207,12.27,12.39,11.65,11.9,142078
ABB,20080207,8.7,8.73,8.6,8.65,430069
ABC,20080207,3.42,3.45,3.36,3.42,707007
ABI,20080207,0.019,0.019,0.019,0.019,270154
ABP,20080207,1.485,1.52,1.46,1.46,4372062
ABQ,20080207,0.6,0.65,0.6,0.65,137747
ABS,20080207,4.19,4.29,4.19,4.25,1973240
ABU,20080207,0.074,0.074,0.07,0.07,248200
ABV,20080207,0.034,0.034,0.032,0.032,166667
ABW,20080207,8.6,8.6,8.5,8.5,466
ABY,20080207,1.765,1.86,1.75,1.83,722012
ACB,20080207,0.35,0.35,0.32,0.35,51000
ACG,20080207,0.076,0.076,0.076,0.076,25000
ACK,20080207,1.6,1.6,1.55,1.6,3960
ACL,20080207,0.5,0.505,0.5,0.505,29775
ACR,20080207,1.1,1.18,1,1.02,252792
ACS,20080207,0.175,0.175,0.17,0.175,116729
ACX,20080207,0.054,0.054,0.054,0.054,22000
ACZ,20080207,0.18,0.18,0.18,0.18,402703
ADA,20080207,0.565,0.57,0.56,0.57,70000
ADE,20080207,0.115,0.115,0.105,0.105,19300
ADG,20080207,4.76,4.76,4.76,4.76,1547
ADI,20080207,0.29,0.3,0.29,0.3,332266
ADL,20080207,0.05,0.05,0.05,0.05,50500
ADU,20080207,0.595,0.6,0.58,0.58,63000
ADX,20080207,0.17,0.18,0.17,0.18,248967
ADY,20080207,0.245,0.245,0.225,0.235,8089923
AEA,20080207,0.11,0.11,0.11,0.11,27552
AED,20080207,1.97,1.97,1.72,1.72,3807434
AEE,20080207,0.25,0.27,0.25,0.27,87500
AEO,20080207,2.15,2.16,1.9,2.06,395209
AEP,20080207,2.25,2.25,2.08,2.15,164440
AEU,20080207,1.28,1.28,1.24,1.24,195366
AEX,20080207,0.016,0.017,0.016,0.017,660500
AEZ,20080207,0.77,0.845,0.675,0.74,2762373
AFA,20080207,0.125,0.125,0.125,0.125,20000
AFG,20080207,2.7,3.03,2.68,3,4532324
AFI,20080207,5.53,5.53,5.47,5.53,225334
AFR,20080207,0.3,0.3,0.3,0.3,20000
AFT,20080207,0.002,0.002,0.002,0.002,22460050
AGF,20080207,1.32,1.35,1.295,1.32,240816
AGG,20080207,8.78,8.85,8.78,8.85,2420
AGI,20080207,0.26,0.275,0.255,0.265,104846
AGK,20080207,11.56,11.58,11.02,11.33,1430995
AGM,20080207,1.04,1.055,1.04,1.05,17677732
AGO,20080207,1.89,1.945,1.865,1.89,547714
AGS,20080207,0.98,1.02,0.975,1,227281
AGY,20080207,0.45,0.45,0.385,0.385,27802
AHD,20080207,6.15,6.15,6.15,6.15,230
AHE,20080207,3.35,3.35,3.3,3.3,183973
AHG,20080207,0.011,0.011,0.01,0.01,500000
AHI,20080207,0.575,0.575,0.57,0.57,72000
AHS,20080207,0.7,0.7,0.7,0.7,10000
AIA,20080207,2.33,2.36,2.32,2.36,262607
AIE,20080207,0.245,0.245,0.22,0.22,171333
AIG,20080207,0.195,0.21,0.195,0.21,15972
AII,20080207,0.35,0.35,0.33,0.33,5700
AIM,20080207,0.095,0.097,0.094,0.097,2373400
AIO,20080207,5.8,5.95,5.72,5.9,1836580
AIX,20080207,2.69,2.79,2.68,2.75,627491
AIZ,20080207,1.56,1.57,1.555,1.57,21070
AJL,20080207,3.68,3.75,3.64,3.75,94898
AKK,20080207,0.2,0.2,0.195,0.195,57302
ALB,20080207,3.08,3.13,3.08,3.09,107390
ALD,20080207,0.73,0.75,0.7,0.71,303400
ALE,20080207,0.019,0.02,0.019,0.02,200000
ALF,20080207,0.97,0.97,0.955,0.955,42000
ALK,20080207,0.35,0.35,0.34,0.345,209100
ALL,20080207,9.68,9.68,9.15,9.4,4569214
ALR,20080207,1.82,1.82,1.81,1.81,22000
ALS,20080207,9.97,10.2,9.97,10.13,217697
ALU,20080207,0.75,0.75,0.75,0.75,1250
ALY,20080207,0.1,0.1,0.095,0.095,80000
ALZ,20080207,1.76,1.805,1.725,1.8,1039545
AMA,20080207,0.7,0.74,0.7,0.74,16732
AMB,20080207,1.18,1.18,1.18,1.18,7568
AMC,20080207,6.72,6.8,6.62,6.64,1820191
AMH,20080207,0.735,0.735,0.735,0.735,19734
AMM,20080207,0.225,0.23,0.22,0.22,346375
AMP,20080207,8.12,8.24,8.07,8.09,9413480
AMU,20080207,0.62,0.62,0.59,0.6,86842
AMX,20080207,0.105,0.105,0.105,0.105,19000
AND,20080207,1.795,1.825,1.745,1.75,207109
ANG,20080207,2.88,2.91,2.88,2.91,67953
ANH,20080207,0.041,0.041,0.041,0.041,12500
ANM,20080207,0.09,0.097,0.09,0.097,4455
ANN,20080207,11.69,11.7,11.38,11.38,1420851
ANP,20080207,0.065,0.068,0.062,0.063,828762
ANU,20080207,0.98,0.98,0.97,0.97,1000
ANZ,20080207,25.39,25.65,24.44,25,8210074
AOC,20080207,0.096,0.096,0.096,0.096,137000
AOD,20080207,9.05,9.05,9.05,9.05,500
AOE,20080207,2.22,2.31,2.2,2.29,2297748
AOK,20080207,0.2,0.2,0.2,0.2,25500
AOM,20080207,0.011,0.011,0.01,0.01,610000
AOP,20080207,0.17,0.18,0.17,0.18,91702
AOS,20080207,0.024,0.026,0.024,0.025,2841050
APA,20080207,3.26,3.29,3.21,3.25,451502
APB,20080207,0.15,0.15,0.15,0.15,38396
APD,20080207,1.45,1.47,1.45,1.47,49953
APE,20080207,15,15.01,15,15.01,7441
APG,20080207,0.099,0.099,0.097,0.098,1013281
API,20080207,1.6,1.605,1.565,1.59,160517
APK,20080207,0.2,0.22,0.2,0.22,25410
APN,20080207,4.91,5.08,4.85,5.03,468448
APP,20080207,0.38,0.38,0.38,0.38,8328
APZ,20080207,1.81,1.82,1.75,1.78,230901
AQA,20080207,8.3,8.54,8.02,8.5,93357
AQD,20080207,0.245,0.245,0.245,0.245,3500
AQE,20080207,0.38,0.38,0.38,0.38,10600
AQP,20080207,14.94,15.41,14.65,15.33,155244
AQR,20080207,0.165,0.165,0.16,0.16,60000
ARA,20080207,0.46,0.5,0.45,0.5,65065
ARE,20080207,0.32,0.35,0.32,0.335,122400
ARG,20080207,7.93,7.98,7.8,7.98,104349
ARH,20080207,1.615,1.8,1.615,1.71,251752
ARJ,20080207,1.08,1.1,1.08,1.1,9396
ARM,20080207,0.32,0.32,0.32,0.32,12000
ARP,20080207,3.8,3.8,3.76,3.78,6690
ARQ,20080207,1.185,1.19,1.14,1.15,454905
ARR,20080207,1.05,1.07,1.015,1.015,125827
ARU,20080207,0.83,0.835,0.8,0.8,51700
ARV,20080207,0.16,0.16,0.16,0.16,20000
ARW,20080207,0.047,0.048,0.047,0.048,34700
ARX,20080207,0.009,0.01,0.009,0.01,1871389
ASB,20080207,2.25,2.25,2.16,2.17,689882
ASC,20080207,0.018,0.018,0.017,0.017,326111
ASL,20080207,1.91,1.91,1.87,1.87,137764
ASX,20080207,46,46.16,44.6,45.24,1930939
ATI,20080207,0.03,0.031,0.03,0.031,568000
ATP,20080207,0.38,0.38,0.375,0.375,3950
ATR,20080207,2.1,2.19,2.1,2.19,15500
ATV,20080207,0.19,0.195,0.19,0.195,62632
AUB,20080207,4,4,3.95,4,5799
AUI,20080207,8.53,8.53,8.53,8.53,738
AUN,20080207,1.59,1.59,1.56,1.57,1545561
AUQ,20080207,0.1,0.105,0.1,0.105,16622
AUT,20080207,0.32,0.32,0.295,0.295,159000
AUW,20080207,1.83,1.83,1.66,1.7,3442505
AUZ,20080207,0.052,0.052,0.052,0.052,169800
AVA,20080207,0.73,0.9,0.73,0.81,952978
AVD,20080207,0.24,0.26,0.24,0.24,39380
AVE,20080207,2.38,2.38,2.26,2.37,79948
AVI,20080207,0.17,0.17,0.17,0.17,13111
AVJ,20080207,0.915,0.925,0.915,0.925,3285
AVO,20080207,1.96,1.965,1.86,1.92,470211
AVQ,20080207,0.155,0.155,0.15,0.15,154606
AVS,20080207,0.235,0.235,0.21,0.21,167500
AVX,20080207,0.395,0.415,0.395,0.395,351471
AWB,20080207,2.13,2.19,2.1,2.15,1497293
AWC,20080207,5.07,5.08,4.97,5.03,5380500
AWE,20080207,3.24,3.28,3.06,3.15,1340035
AWL,20080207,0.032,0.032,0.032,0.032,30000
AXA,20080207,5.95,5.98,5.75,5.79,1783612
AXE,20080207,0.16,0.16,0.155,0.155,8125
AXI,20080207,0.29,0.29,0.285,0.285,75000
AXM,20080207,0.98,0.98,0.94,0.95,510387
AXO,20080207,0.85,0.88,0.82,0.855,263920
AXQ,20080207,0.24,0.25,0.225,0.225,1285005
AXY,20080207,0.155,0.155,0.125,0.13,60839
AXZ,20080207,0.18,0.18,0.18,0.18,2000
AYR,20080207,0.125,0.13,0.125,0.13,33000
AYT,20080207,1.63,1.63,1.6,1.63,32500
AZA,20080207,1.605,1.64,1.605,1.64,162549
AZC,20080207,0.155,0.165,0.155,0.165,212500
AZD,20080207,0.13,0.13,0.12,0.12,292000
AZS,20080207,0.15,0.16,0.15,0.155,309000
AZZ,20080207,0.23,0.245,0.23,0.24,313142
BAR,20080207,0.38,0.405,0.38,0.395,374222
BAS,20080207,0.165,0.165,0.165,0.165,54409
BAU,20080207,0.22,0.22,0.22,0.22,50000
BBC,20080207,0.61,0.61,0.575,0.58,2054845
BBG,20080207,11.65,11.72,11.32,11.35,831418
BBI,20080207,1.305,1.305,1.24,1.28,6451049
BBP,20080207,2.13,2.13,2.03,2.09,1324780
BBW,20080207,1.37,1.37,1.34,1.35,3467550
BCC,20080207,0.25,0.25,0.24,0.24,209700
BCD,20080207,0.245,0.25,0.245,0.25,386000
BCF,20080207,0.175,0.2,0.165,0.165,187331
BCI,20080207,1.22,1.3,1.22,1.25,63097
BCM,20080207,3.88,3.98,3.73,3.8,2103873
BCN,20080207,0.105,0.105,0.1,0.1,90000
BDG,20080207,0.34,0.345,0.33,0.34,1630022
BDL,20080207,0.3,0.305,0.29,0.29,419857
BEC,20080207,2.95,2.97,2.86,2.97,175780
BEI,20080207,0.49,0.49,0.49,0.49,6560
BEN,20080207,12.62,12.64,12.02,12.1,680669
BER,20080207,0.4,0.4,0.4,0.4,2182
BFE,20080207,0.125,0.125,0.12,0.12,127513
BFG,20080207,1.65,1.65,1.6,1.6,15288
BGD,20080207,0.22,0.22,0.2,0.215,24000
BHP,20080207,36.5,37.15,36.07,36.92,24396163
BIT,20080207,0.175,0.175,0.175,0.175,4200
BJT,20080207,1.165,1.22,1.135,1.205,2523645
BKG,20080207,0.265,0.3,0.265,0.3,105000
BKI,20080207,1.38,1.39,1.36,1.37,206276
BKL,20080207,20.45,20.45,20,20,2240
BKM,20080207,0.013,0.013,0.012,0.012,394000
BKN,20080207,7.05,7.14,7,7.05,1729551
BKP,20080207,0.064,0.064,0.062,0.062,192563
BKW,20080207,11.82,11.82,11.67,11.7,9393
BKY,20080207,0.795,0.86,0.795,0.86,120989
BLD,20080207,6.01,6.02,5.76,5.79,2102267
BLG,20080207,0.355,0.395,0.355,0.395,162091
BLK,20080207,0.79,0.8,0.79,0.8,39313
BLP,20080207,0.56,0.565,0.555,0.565,24800
BLR,20080207,0.083,0.087,0.083,0.086,458465
BLT,20080207,0.105,0.13,0.105,0.12,1861874
BLU,20080207,0.425,0.44,0.42,0.44,51506
BLY,20080207,1.915,1.935,1.85,1.89,7885074
BMI,20080207,0.05,0.05,0.05,0.05,10000
BMM,20080207,0.31,0.31,0.31,0.31,4700
BMN,20080207,2.55,2.55,2.48,2.5,115622
BMO,20080207,0.025,0.026,0.025,0.025,871568
BMX,20080207,0.235,0.24,0.235,0.24,277033
BMY,20080207,0.155,0.155,0.15,0.15,105000
BNB,20080207,17.7,18.2,17.7,18.01,3056145
BNO,20080207,0.31,0.31,0.31,0.31,61171
BNT,20080207,0.06,0.06,0.056,0.06,280000
BOC,20080207,0.89,0.89,0.82,0.82,17000
BOE,20080207,0.35,0.35,0.35,0.35,72824
BOL,20080207,1.09,1.095,1.015,1.035,1396812
BON,20080207,0.072,0.072,0.072,0.072,70906
BOQ,20080207,14.22,14.4,13.71,13.71,625000
BOS,20080207,0.145,0.145,0.14,0.14,64000
BOW,20080207,0.24,0.26,0.23,0.25,287800
BPH,20080207,0.07,0.07,0.06,0.06,105455
BPO,20080207,0.038,0.039,0.038,0.039,187164
BPT,20080207,1.41,1.41,1.36,1.4,5194629
BQT,20080207,0.1,0.105,0.095,0.1,230000
BRM,20080207,0.88,0.91,0.88,0.9,106020
BRO,20080207,0.004,0.005,0.004,0.005,970000
BRT,20080207,0.12,0.12,0.115,0.115,69489
BRW,20080207,0.48,0.48,0.48,0.48,33000
BSA,20080207,0.57,0.57,0.55,0.55,173800
BSL,20080207,10.25,10.43,10.02,10.26,2046598
BSM,20080207,0.25,0.25,0.24,0.24,27000
BTA,20080207,1.1,1.1,1.07,1.095,592502
BTC,20080207,0.25,0.25,0.23,0.23,14887
BTT,20080207,3.58,3.58,3.46,3.46,63956
BTV,20080207,0.115,0.115,0.11,0.11,92425
BUG,20080207,0.55,0.55,0.52,0.52,24000
BUL,20080207,0.19,0.21,0.17,0.21,725171
BUR,20080207,0.13,0.135,0.125,0.125,215000
BUY,20080207,0.051,0.051,0.044,0.047,623099
BVA,20080207,1.65,1.685,1.63,1.63,53420
BWN,20080207,0.16,0.16,0.16,0.16,17250
BWP,20080207,1.99,2.02,1.96,1.975,365028
BXB,20080207,10.25,10.37,9.72,9.9,9662505
BXP,20080207,0.155,0.155,0.15,0.15,74000
BYL,20080207,1.25,1.25,1.25,1.25,14000
BYR,20080207,0.16,0.16,0.16,0.16,24800
CAA,20080207,0.34,0.34,0.34,0.34,31259
CAB,20080207,9.51,9.89,9.42,9.82,283100
CAJ,20080207,0.09,0.09,0.09,0.09,50000
CAM,20080207,1.2,1.2,1.2,1.2,3300
CAP,20080207,0.12,0.12,0.12,0.12,4019
CAS,20080207,0.51,0.53,0.51,0.53,9000
CAU,20080207,0.02,0.02,0.02,0.02,60000
CAV,20080207,0.405,0.45,0.405,0.44,673988
CAZ,20080207,0.28,0.28,0.275,0.275,72435
CBA,20080207,48.33,49.1,47.96,48.82,4471283
CBH,20080207,0.41,0.42,0.41,0.415,726597
CCE,20080207,0.022,0.022,0.021,0.021,167797
CCI,20080207,0.14,0.14,0.14,0.14,68263
CCL,20080207,9.16,9.2,8.95,9,2497320
CCP,20080207,4.11,4.15,4,4,144696
CCQ,20080207,0.63,0.65,0.62,0.65,180000
CCS,20080207,0.05,0.05,0.05,0.05,100000
CCV,20080207,0.365,0.375,0.35,0.375,52300
CCY,20080207,0.12,0.12,0.12,0.12,38388
CDA,20080207,0.78,0.78,0.78,0.78,6155
CDD,20080207,6.31,6.31,6.25,6.3,27028
CDF,20080207,1.7,1.7,1.65,1.66,11457
CDI,20080207,0.89,0.89,0.87,0.88,58478
CDL,20080207,0.064,0.064,0.064,0.064,6700
CDM,20080207,1,1,0.99,0.99,24000
CDP,20080207,4.3,4.3,4.27,4.27,13000
CDR,20080207,0.185,0.185,0.175,0.18,2225436
CDS,20080207,0.13,0.145,0.125,0.125,6205429
CDU,20080207,3.01,3.04,2.96,3,294468
CER,20080207,0.38,0.4,0.37,0.39,16871699
CEU,20080207,1.405,1.415,1.38,1.39,3991776
CEY,20080207,3.73,3.9,3.72,3.9,3184829
CFE,20080207,0.315,0.315,0.305,0.31,265647
CFR,20080207,0.008,0.008,0.008,0.008,81000
CFU,20080207,0.45,0.45,0.44,0.445,330493
CFX,20080207,2.04,2.04,1.97,2,5446289
CGF,20080207,3.09,3.38,3.03,3.28,4173155
CGG,20080207,0.205,0.205,0.2,0.2,742242
CGX,20080207,1.55,1.56,1.55,1.55,141900
CHB,20080207,48,48,48,48,150
CHC,20080207,1.58,1.6,1.55,1.58,886762
CHF,20080207,0.19,0.19,0.19,0.19,26000
CHM,20080207,0.033,0.046,0.033,0.046,14815599
CHO,20080207,6,6,5.98,5.98,11420
CHZ,20080207,0.39,0.4,0.39,0.4,65099
CIF,20080207,3.18,3.2,3.09,3.13,179327
CIG,20080207,0.076,0.077,0.072,0.074,888000
CIL,20080207,1.89,1.89,1.89,1.89,9200
CIN,20080207,19,19,18.8,18.8,700
CIR,20080207,1.03,1.03,1.01,1.01,42000
CIX,20080207,0.43,0.43,0.43,0.43,2668
CIY,20080207,3.15,3.15,2.96,2.99,240051
CKK,20080207,0.12,0.12,0.11,0.11,48540
CKL,20080207,0.57,0.57,0.565,0.565,26180
CKT,20080207,1.44,1.44,1.39,1.41,232248
CLD,20080207,0.065,0.065,0.063,0.063,200000
CLF,20080207,0.18,0.18,0.18,0.18,60000
CLH,20080207,0.7,0.705,0.7,0.705,25604
CLO,20080207,0.775,0.79,0.755,0.78,1053665
CLT,20080207,0.43,0.43,0.4,0.4,78700
CLU,20080207,0.15,0.15,0.15,0.15,32000
CLV,20080207,0.145,0.145,0.14,0.14,221417
CLX,20080207,1.15,1.15,1.15,1.15,3000
CMI,20080207,1.075,1.075,1.075,1.075,340
CMJ,20080207,4.41,4.49,4.38,4.45,2708191
CMO,20080207,0.235,0.25,0.235,0.235,22000
CMP,20080207,0.155,0.16,0.155,0.16,10058
CMR,20080207,2.03,2.04,1.91,1.91,835004
CMV,20080207,0.63,0.64,0.63,0.64,65000
CMW,20080207,0.9,0.93,0.9,0.93,1634535
CND,20080207,1.82,1.835,1.76,1.76,81670
CNF,20080207,0.105,0.125,0.105,0.125,66600
CNM,20080207,0.275,0.28,0.27,0.28,1111892
CNN,20080207,0.04,0.04,0.04,0.04,30000
CNP,20080207,0.54,0.6,0.52,0.595,24954454
CNR,20080207,0.58,0.58,0.57,0.57,156430
CNT,20080207,1.56,1.6,1.495,1.54,582085
COE,20080207,0.65,0.65,0.62,0.625,611445
COF,20080207,3.1,3.15,3.09,3.09,31315
COH,20080207,67.3,67.67,66.13,66.7,137277
COI,20080207,0.15,0.15,0.15,0.15,5000
COK,20080207,0.705,0.72,0.685,0.7,106140
COO,20080207,0.11,0.11,0.11,0.11,200
COU,20080207,2.15,2.15,2.01,2.01,4111564
COY,20080207,0.17,0.185,0.17,0.185,12500
COZ,20080207,0.56,0.58,0.56,0.57,89590
CPA,20080207,1.28,1.28,1.21,1.21,12740196
CPB,20080207,26.2,26.2,25.87,25.87,17316
CPK,20080207,0.47,0.49,0.46,0.485,63000
CPN,20080207,0.1,0.1,0.1,0.1,14925
CPR,20080207,1.22,1.22,1.21,1.21,9930
CPS,20080207,0.2,0.2,0.2,0.2,371
CPU,20080207,7.88,7.89,7.62,7.83,1196194
CQT,20080207,0.52,0.525,0.49,0.5,337652
CQU,20080207,0.75,0.75,0.75,0.75,37868
CRE,20080207,0.355,0.355,0.345,0.35,311600
CRG,20080207,14.97,15.18,14.94,15,120171
CRJ,20080207,0.11,0.115,0.1,0.105,236260
CRK,20080207,1.595,1.595,1.59,1.59,5889
CRT,20080207,0.54,0.54,0.52,0.52,73430
CSE,20080207,0.28,0.29,0.27,0.29,50164
CSL,20080207,35.11,35.92,34.94,35.43,1560397
CSR,20080207,2.94,2.95,2.86,2.89,4294616
CSS,20080207,1.83,1.85,1.83,1.83,33560
CST,20080207,2.6,2.6,2.6,2.6,190
CSU,20080207,1.025,1.025,1.025,1.025,9660
CSV,20080207,1.385,1.385,1.385,1.385,750365
CTF,20080207,0.031,0.031,0.031,0.031,33600
CTN,20080207,1.39,1.4,1.39,1.4,22950
CTO,20080207,0.365,0.37,0.36,0.37,401548
CTS,20080207,0.32,0.33,0.3,0.3,374548
CTX,20080207,15.8,16.37,15.8,16,667256
CUE,20080207,0.195,0.2,0.195,0.195,290501
CUL,20080207,0.115,0.12,0.115,0.12,1055070
CUO,20080207,0.59,0.59,0.56,0.565,768775
CUR,20080207,2.15,2.15,2,2.15,11449
CUS,20080207,0.115,0.12,0.11,0.11,395636
CUV,20080207,0.355,0.36,0.335,0.34,229475
CUX,20080207,0.165,0.165,0.15,0.15,80000
CUY,20080207,0.65,0.65,0.645,0.65,81648
CVC,20080207,1.28,1.28,1.22,1.22,84300
CVI,20080207,0.19,0.21,0.185,0.19,6951535
CVN,20080207,0.55,0.56,0.545,0.55,1458767
CVR,20080207,0.11,0.11,0.099,0.099,166520
CWG,20080207,0.19,0.2,0.13,0.2,64102
CWN,20080207,11.3,11.44,11.11,11.22,589691
CWP,20080207,3.6,3.6,3.5,3.5,1254
CWT,20080207,0.71,0.72,0.7,0.72,318450
CXC,20080207,4.64,4.65,4.56,4.6,739643
CXG,20080207,1.6,1.6,1.55,1.55,27038
CXH,20080207,0.95,1,0.95,1,35000
CXM,20080207,0.4,0.41,0.39,0.39,168500
CXN,20080207,0.125,0.125,0.125,0.125,11191
CXP,20080207,5.86,5.86,5.58,5.61,292979
CXS,20080207,0.78,0.8,0.75,0.76,83096
CXY,20080207,0.06,0.06,0.056,0.059,370000
CYA,20080207,1.23,1.24,1.23,1.24,33590
CYG,20080207,2.35,2.35,2.35,2.35,2000
CYT,20080207,0.45,0.45,0.45,0.45,2100
CZA,20080207,1.83,1.83,1.755,1.795,132702
CZP,20080207,0.24,0.245,0.24,0.245,13000
CZR,20080207,0.11,0.11,0.11,0.11,10000
DBS,20080207,0.68,0.69,0.65,0.69,33456
DDD,20080207,0.085,0.085,0.085,0.085,100000
DDT,20080207,0.2,0.215,0.2,0.215,311304
DEG,20080207,0.094,0.094,0.091,0.091,104200
DES,20080207,0.19,0.19,0.18,0.18,151380
DEX,20080207,1.53,1.53,1.46,1.53,40200
DGO,20080207,0.16,0.16,0.14,0.14,306640
DGR,20080207,0.145,0.15,0.145,0.15,60600
DGX,20080207,0.47,0.47,0.47,0.47,100000
DIA,20080207,0.048,0.048,0.047,0.047,50000
DIO,20080207,1.63,1.63,1.6,1.6,74898
DJS,20080207,4.25,4.25,4.11,4.2,1842049
DJW,20080207,5,5,4.9,4.93,30308
DKN,20080207,1.13,1.19,1.13,1.19,1000
DLS,20080207,0.045,0.048,0.044,0.047,707357
DMA,20080207,0.16,0.17,0.16,0.17,110000
DML,20080207,0.49,0.49,0.475,0.475,85000
DMM,20080207,0.63,0.63,0.585,0.585,13000
DMP,20080207,3.08,3.14,3.08,3.14,23483
DMX,20080207,0.275,0.28,0.275,0.275,31700
DOM,20080207,4.36,4.6,4.33,4.59,70162
DON,20080207,0.37,0.37,0.37,0.37,18100
DOW,20080207,5.16,5.29,5.1,5.15,608800
DRK,20080207,0.18,0.18,0.15,0.15,100000
DRT,20080207,1.61,1.61,1.5,1.58,4625037
DRX,20080207,0.15,0.15,0.15,0.15,15000
DSN,20080207,0.26,0.27,0.25,0.27,102680
DTM,20080207,0.135,0.135,0.135,0.135,6253
DUE,20080207,2.79,2.93,2.78,2.9,1201910
DUI,20080207,3.8,3.8,3.7,3.7,2495
DVN,20080207,1.2,1.21,1.19,1.2,320357
DWS,20080207,2.35,2.35,2.31,2.35,235972
DXL,20080207,2.03,2.19,2.03,2.18,14702304
DYE,20080207,0.995,1,0.97,1,120228
DYL,20080207,0.275,0.29,0.275,0.29,859039
EAL,20080207,1.16,1.16,1.11,1.11,5000
EAR,20080207,0.15,0.15,0.15,0.15,50000
EBB,20080207,1.09,1.09,1,1,479895
EBI,20080207,2.66,2.67,2.55,2.62,1321550
EBR,20080207,0.04,0.042,0.037,0.038,372776
EBT,20080207,0.098,0.1,0.095,0.1,879100
ECU,20080207,0.175,0.175,0.175,0.175,75000
EDE,20080207,0.365,0.365,0.34,0.34,95000
EDS,20080207,0.6,0.6,0.6,0.6,5000
EEE,20080207,0.14,0.14,0.14,0.14,69512
EER,20080207,0.47,0.47,0.47,0.47,4000
EFT,20080207,0.069,0.069,0.069,0.069,15625
EGF,20080207,1.95,1.955,1.9,1.92,333050
EGO,20080207,0.02,0.023,0.019,0.022,82706760
EHL,20080207,0.755,0.77,0.75,0.755,8037881
EKA,20080207,0.18,0.18,0.17,0.18,49000
EKM,20080207,0.175,0.175,0.175,0.175,97061
ELK,20080207,0.39,0.39,0.39,0.39,110000
ELL,20080207,0.071,0.071,0.07,0.07,200000
ELX,20080207,0.75,0.8,0.75,0.8,37000
ELY,20080207,0.43,0.43,0.41,0.41,8491
EME,20080207,2.58,2.58,2.5,2.5,2625
EMP,20080207,0.06,0.06,0.058,0.06,1851212
EMR,20080207,0.085,0.085,0.085,0.085,140000
EMS,20080207,0.13,0.13,0.13,0.13,24027
ENE,20080207,3.12,3.16,3.05,3.05,100326
ENV,20080207,0.845,0.875,0.84,0.84,341826
EON,20080207,0.52,0.52,0.52,0.52,501500
EPD,20080207,0.18,0.18,0.18,0.18,33211
EPE,20080207,0.058,0.06,0.058,0.06,241603
EPG,20080207,0.62,0.65,0.62,0.62,64500
EPR,20080207,0.046,0.046,0.046,0.046,110000
EPS,20080207,0.2,0.2,0.2,0.2,655
EPY,20080207,0.05,0.05,0.043,0.043,485125
EQI,20080207,3.46,3.5,3.36,3.49,532404
EQN,20080207,5.14,5.14,4.93,5,1276897
EQT,20080207,27.9,27.9,27.9,27.9,841
EQX,20080207,0.195,0.2,0.195,0.2,285453
ERA,20080207,20.5,21.17,20.1,20.96,653848
ERH,20080207,0.145,0.145,0.14,0.14,225000
ERL,20080207,0.14,0.14,0.14,0.14,14000
ERN,20080207,0.17,0.17,0.17,0.17,39000
ERO,20080207,0.165,0.165,0.165,0.165,48536
ESG,20080207,0.38,0.405,0.38,0.385,1053885
ESI,20080207,0.115,0.115,0.11,0.11,815599
ESS,20080207,1.065,1.1,1.06,1.06,22500
ESV,20080207,1.24,1.24,1.24,1.24,9057
ETC,20080207,0.056,0.06,0.052,0.055,3831600
ETE,20080207,0.15,0.16,0.145,0.16,321251
ETT,20080207,0.008,0.008,0.008,0.008,80000
EUG,20080207,0.02,0.02,0.019,0.019,51420
EVE,20080207,0.1,0.1,0.1,0.1,152339
EVM,20080207,0.07,0.076,0.07,0.076,76700
EVZ,20080207,0.405,0.405,0.395,0.4,57840
EWC,20080207,0.895,0.99,0.895,0.96,12517906
EXE,20080207,0.13,0.13,0.12,0.125,114928
EXM,20080207,0.023,0.027,0.023,0.026,9259315
EXR,20080207,0.215,0.22,0.215,0.22,22000
EXS,20080207,0.26,0.26,0.26,0.26,250996
EXT,20080207,1.3,1.32,1.27,1.27,581605
EYE,20080207,0.056,0.056,0.056,0.056,5000
EZL,20080207,4.14,4.14,4,4,10250
FAC,20080207,0.32,0.33,0.32,0.33,14287
FAN,20080207,3.9,3.9,3.75,3.75,36205
FAR,20080207,0.135,0.135,0.13,0.13,1111730
FAS,20080207,0.26,0.26,0.21,0.235,242920
FAT,20080207,0.97,0.97,0.965,0.965,10000
FBU,20080207,8.45,8.46,8.35,8.37,102433
FCL,20080207,2.13,2.16,1.96,2.01,3794134
FCN,20080207,0.185,0.2,0.18,0.2,39050
FDL,20080207,0.105,0.105,0.1,0.1,3889371
FDY,20080207,0.115,0.12,0.115,0.12,75000
FEA,20080207,0.56,0.56,0.55,0.55,27133
FER,20080207,0.85,0.85,0.85,0.85,27000
FFF,20080207,0.044,0.044,0.044,0.044,65000
FGE,20080207,1.2,1.2,1.2,1.2,20053
FGI,20080207,1.36,1.36,1.36,1.36,22666
FGL,20080207,5.61,5.61,5.41,5.55,5107412
FKP,20080207,4.4,4.51,4.29,4.3,2118118
FLT,20080207,26,26.88,25.89,26.21,329698
FLX,20080207,8.4,9.2,8.4,9.15,329319
FMG,20080207,7.14,7.35,7.03,7.3,4236913
FML,20080207,0.069,0.069,0.065,0.068,1997407
FND,20080207,0.86,1,0.85,1,34000
FNT,20080207,0.1,0.12,0.1,0.11,874140
FPA,20080207,2.6,2.6,2.54,2.54,5826
FPS,20080207,2.6,2.6,2.6,2.6,67500
FRE,20080207,0.32,0.32,0.32,0.32,10000
FRI,20080207,0.75,0.78,0.75,0.78,74473
FRR,20080207,0.4,0.4,0.39,0.39,20000
FRS,20080207,0.95,0.96,0.94,0.95,38048
FSA,20080207,0.37,0.41,0.37,0.41,83256
FSE,20080207,0.028,0.029,0.028,0.028,772046
FTD,20080207,0.059,0.059,0.059,0.059,2700
FUN,20080207,0.495,0.495,0.48,0.485,437994
FUT,20080207,0.007,0.007,0.007,0.007,510
FWD,20080207,9.4,9.85,9.38,9.85,68093
FWL,20080207,0.315,0.355,0.315,0.355,13911
FXJ,20080207,4.03,4.15,4,4.11,4402338
FXL,20080207,1.5,1.5,1.4,1.42,788918
FXR,20080207,0.62,0.65,0.615,0.64,55230
FZN,20080207,0.565,0.58,0.56,0.58,23039
GAA,20080207,0.38,0.45,0.38,0.45,389740
GAP,20080207,0.295,0.295,0.295,0.295,3500
GAU,20080207,0.21,0.21,0.21,0.21,4200
GBG,20080207,0.82,0.82,0.785,0.795,1335220
GBM,20080207,0.17,0.175,0.17,0.175,45083
GBT,20080207,2.83,2.83,2.83,2.83,350
GBZ,20080207,0.17,0.17,0.165,0.17,38210
GCG,20080207,0.22,0.22,0.205,0.205,96200
GCL,20080207,6.25,6.48,6.23,6.43,309385
GCR,20080207,0.028,0.028,0.027,0.027,335000
GDA,20080207,0.024,0.029,0.024,0.029,16751283
GDN,20080207,0.09,0.096,0.086,0.086,1217884
GDR,20080207,0.27,0.28,0.27,0.275,149100
GDY,20080207,1.725,1.73,1.68,1.7,263404
GER,20080207,0.2,0.21,0.2,0.21,158666
GFE,20080207,0.24,0.24,0.24,0.24,8500
GFF,20080207,1.75,1.78,1.75,1.76,2101247
GFL,20080207,0.825,0.845,0.825,0.84,42000
GGP,20080207,0.255,0.255,0.255,0.255,30000
GGY,20080207,0.12,0.12,0.11,0.11,346667
GHT,20080207,0.79,0.79,0.75,0.75,3896
GIR,20080207,0.8,0.81,0.775,0.79,386050
GJT,20080207,0.755,0.77,0.745,0.75,1213344
GLB,20080207,0.94,0.94,0.94,0.94,4894
GLF,20080207,0.28,0.28,0.28,0.28,3185
GLI,20080207,0.175,0.175,0.175,0.175,7000
GLM,20080207,0.25,0.25,0.2,0.215,279130
GMD,20080207,0.29,0.29,0.26,0.26,364500
GME,20080207,0.385,0.39,0.345,0.345,78000
GMG,20080207,4.35,4.37,4.11,4.27,8037642
GMI,20080207,1.875,1.92,1.86,1.9,295334
GML,20080207,0.1,0.105,0.094,0.105,421856
GMX,20080207,0.89,0.9,0.89,0.9,14300
GNC,20080207,12.09,12.29,11.75,12.11,119284
GNI,20080207,0.21,0.22,0.21,0.22,78500
GNL,20080207,0.031,0.033,0.031,0.032,5994641
GNS,20080207,3.25,3.25,3.03,3.1,472236
GOA,20080207,0.048,0.048,0.042,0.042,388600
GOG,20080207,0.13,0.13,0.125,0.125,35000
GPG,20080207,1.225,1.25,1.215,1.215,787093
GPN,20080207,0.014,0.021,0.014,0.016,101426667
GPT,20080207,3.59,3.64,3.4,3.62,10645500
GQH,20080207,0.565,0.565,0.565,0.565,9710
GRB,20080207,0.12,0.12,0.12,0.12,20000
GRD,20080207,1.62,1.62,1.55,1.57,226036
GRK,20080207,0.097,0.097,0.093,0.093,226344
GRR,20080207,1.88,1.89,1.8,1.82,135206
GRV,20080207,0.64,0.64,0.64,0.64,10000
GRY,20080207,0.61,0.61,0.58,0.58,217247
GSE,20080207,0.06,0.06,0.059,0.06,277792
GSF,20080207,0.05,0.05,0.048,0.048,547041
GTG,20080207,0.145,0.145,0.145,0.145,103449
GTP,20080207,1.8,1.8,1.745,1.745,1067521
GUD,20080207,10,10.11,9.95,9.95,322273
GUL,20080207,0.09,0.1,0.09,0.1,1232600
GUN,20080207,0.14,0.14,0.14,0.14,60000
GWR,20080207,1.52,1.6,1.48,1.525,210181
GWT,20080207,3.07,3.1,3,3,740883
GWV,20080207,0.055,0.055,0.04,0.04,105200
GXL,20080207,1.32,1.33,1.32,1.32,11600
GYN,20080207,0.26,0.275,0.235,0.275,630531
HAO,20080207,0.2,0.205,0.19,0.205,177506
HAP,20080207,0.88,0.88,0.865,0.875,154510
HAV,20080207,1.41,1.41,1.3,1.35,29044
HCG,20080207,0.06,0.06,0.06,0.06,69686
HDF,20080207,2.61,2.63,2.57,2.59,356845
HDG,20080207,0.2,0.2,0.2,0.2,2000
HEG,20080207,0.37,0.39,0.36,0.385,224824
HER,20080207,2.6,2.61,2.6,2.6,1597143
HFA,20080207,1.22,1.22,1.06,1.13,1310638
HGI,20080207,2.17,2.2,2.11,2.16,6365070
HGN,20080207,0.35,0.35,0.34,0.34,49141
HGO,20080207,0.23,0.245,0.23,0.23,933857
HHL,20080207,14.5,14.5,14.3,14.3,476
HHM,20080207,0.22,0.22,0.19,0.21,103330
HHV,20080207,0.93,0.945,0.915,0.945,342709
HHY,20080207,1.74,1.755,1.74,1.74,35900
HIC,20080207,0.87,0.88,0.83,0.88,69691
HIG,20080207,0.12,0.12,0.115,0.115,301079
HIL,20080207,4.92,4.95,4.8,4.8,213373
HIP,20080207,1.63,1.635,1.63,1.63,29885
HLD,20080207,0.14,0.14,0.14,0.14,20000
HLG,20080207,2.02,2.1,1.9,1.9,153218
HLX,20080207,0.3,0.31,0.3,0.31,59000
HMC,20080207,0.135,0.14,0.135,0.14,463023
HNR,20080207,0.225,0.225,0.225,0.225,10000
HRD,20080207,0.026,0.026,0.025,0.025,66989
HRR,20080207,0.755,0.85,0.755,0.825,2300283
HSN,20080207,0.36,0.36,0.36,0.36,1191
HSP,20080207,5.14,5.27,5.11,5.2,738518
HST,20080207,4.01,4.1,4.01,4.1,83059
HTA,20080207,0.125,0.13,0.12,0.13,206500
HTI,20080207,0.11,0.11,0.11,0.11,75000
HTW,20080207,0.5,0.51,0.5,0.5,268311
HVN,20080207,5.2,5.22,5.02,5.07,4351015
HWG,20080207,0.405,0.405,0.4,0.4,310000
HWI,20080207,1.7,1.8,1.7,1.8,59975
HXL,20080207,0.9,0.95,0.9,0.95,2930
HYO,20080207,0.08,0.082,0.07,0.073,2148177
HZL,20080207,0.64,0.65,0.64,0.65,5000
HZN,20080207,0.32,0.32,0.3,0.31,421172
IAG,20080207,3.66,3.66,3.53,3.59,3788390
IAS,20080207,0.305,0.305,0.305,0.305,5000
IAU,20080207,0.26,0.265,0.26,0.26,127666
IAW,20080207,0.175,0.175,0.175,0.175,16000
IBA,20080207,0.625,0.625,0.61,0.62,755679
IBC,20080207,0.6,0.6,0.6,0.6,10000
ICD,20080207,0.61,0.64,0.61,0.64,10500
ICH,20080207,0.47,0.47,0.47,0.47,3520
ICN,20080207,0.054,0.056,0.054,0.056,844056
ICP,20080207,0.064,0.071,0.064,0.064,2311613
ICS,20080207,0.2,0.2,0.2,0.2,20000
IDL,20080207,0.57,0.6,0.57,0.6,1431874
IDO,20080207,0.9,0.9,0.9,0.9,6400
IDT,20080207,2.02,2.02,1.97,1.975,37300
IEF,20080207,1.02,1.04,0.97,1.04,161162
IEM,20080207,146.18,146.43,146.1,146.41,232
IEU,20080207,112.6,112.6,112.6,112.6,3
IFL,20080207,5.94,6.02,5.29,5.65,953963
IFM,20080207,0.41,0.41,0.4,0.4,471351
IGG,20080207,0.45,0.5,0.45,0.5,13000
IGO,20080207,8,8.05,7.5,7.8,625740
IGR,20080207,0.46,0.465,0.45,0.465,504661
IHF,20080207,1,1.02,1,1.02,301279
IHK,20080207,21.1,21.1,21.1,21.1,12
IIF,20080207,1.91,1.925,1.85,1.9,3569540
III,20080207,0.18,0.18,0.18,0.18,26111
IIN,20080207,2.39,2.59,2.39,2.55,277379
IJH,20080207,87.67,87.67,87.67,87.67,13
IJP,20080207,13.63,13.63,13.63,13.63,500
IJR,20080207,67.17,67.17,67.16,67.16,102
IKO,20080207,63.67,65.77,63.67,65.77,102
ILF,20080207,1.06,1.085,1.04,1.07,317541
ILU,20080207,4.35,4.47,4.35,4.4,670414
IMA,20080207,1.45,1.49,1.45,1.49,21660
IMD,20080207,2.03,2.12,2,2.1,154856
IMI,20080207,0.02,0.02,0.02,0.02,1246010
IMP,20080207,0.014,0.014,0.014,0.014,3670000
IMU,20080207,0.115,0.115,0.115,0.115,50079
INL,20080207,0.069,0.071,0.068,0.068,588249
INP,20080207,0.905,0.93,0.895,0.93,369408
INR,20080207,1.38,1.38,1.31,1.38,50375
INT,20080207,0.041,0.042,0.04,0.042,1345368
IOF,20080207,1.215,1.23,1.175,1.19,1989375
IOH,20080207,0.6,0.605,0.59,0.605,81624
IOO,20080207,80,80.05,79.79,80.05,452
IPA,20080207,0.6,0.6,0.6,0.6,21250
IPD,20080207,0.7,0.7,0.7,0.7,2000
IPE,20080207,0.81,0.81,0.81,0.81,930
IPL,20080207,127.05,132.38,126.99,128.87,397475
IPM,20080207,1.04,1.06,1.02,1.035,87000
IPN,20080207,0.22,0.22,0.22,0.22,2713
IRC,20080207,0.3,0.3,0.275,0.275,55627
IRE,20080207,6.4,6.42,6.15,6.35,549351
IRI,20080207,0.46,0.46,0.45,0.46,481200
IRL,20080207,0.125,0.14,0.125,0.135,596500
IRM,20080207,0.245,0.25,0.22,0.25,67000
IRN,20080207,0.65,0.66,0.65,0.655,172400
IRU,20080207,77.36,77.36,77.36,77.36,11
ISG,20080207,13.27,13.27,13.27,13.27,8
ISK,20080207,0.19,0.19,0.19,0.19,10000
ISS,20080207,0.405,0.42,0.4,0.42,30689
ITC,20080207,0.034,0.034,0.033,0.033,825000
ITE,20080207,0.075,0.075,0.075,0.075,100000
ITS,20080207,1.1,1.11,1.1,1.1,12000
ITT,20080207,0.185,0.185,0.185,0.185,2700
ITW,20080207,15.16,15.16,15.14,15.14,1000
IUL,20080207,0.04,0.055,0.04,0.04,200000
IVC,20080207,6.26,6.35,6.1,6.13,149879
IVE,20080207,78.27,78.27,78.27,78.27,10
IVV,20080207,148.5,148.84,148.5,148.84,133
IXR,20080207,0.56,0.565,0.56,0.565,13912
IZZ,20080207,156.61,156.61,155.32,156.34,606
JAT,20080207,0.13,0.13,0.12,0.13,497700
JBH,20080207,12.9,13.05,12.58,12.76,842168
JBM,20080207,22.95,22.97,22.95,22.97,1170664
JET,20080207,3.03,3.04,3,3,22475
JGL,20080207,0.125,0.13,0.125,0.13,4660
JHX,20080207,6.11,6.18,5.75,5.97,2307952
JMB,20080207,0.745,0.75,0.745,0.75,9000
JML,20080207,0.71,0.71,0.67,0.68,1682746
JMS,20080207,0.17,0.17,0.16,0.16,167561
JPR,20080207,0.077,0.08,0.076,0.078,393300
JRL,20080207,0.91,0.91,0.88,0.88,3300
JRV,20080207,0.016,0.016,0.016,0.016,2619094
JST,20080207,3.75,3.81,3.56,3.63,642150
JUT,20080207,0.13,0.13,0.12,0.12,73846
JYC,20080207,1.26,1.26,1.26,1.26,30000
KAL,20080207,0.14,0.145,0.135,0.145,1134014
KAM,20080207,0.64,0.64,0.635,0.635,1645
KAR,20080207,2.3,2.32,2.18,2.19,100270
KAS,20080207,0.255,0.255,0.255,0.255,8631
KBC,20080207,1.08,1.2,1.08,1.2,11537
KCN,20080207,3.98,4,3.75,4,314495
KEN,20080207,0.275,0.275,0.26,0.26,29000
KEY,20080207,0.16,0.16,0.15,0.16,126921
KGL,20080207,0.14,0.165,0.13,0.165,101700
KHF,20080207,0.081,0.081,0.081,0.081,2000
KIK,20080207,0.14,0.16,0.135,0.16,1440250
KIL,20080207,0.86,0.88,0.86,0.87,395085
KLM,20080207,0.575,0.58,0.575,0.58,50000
KML,20080207,0.1,0.1,0.095,0.095,62517
KMN,20080207,0.37,0.39,0.355,0.36,649377
KOR,20080207,0.22,0.22,0.22,0.22,5000
KOV,20080207,5.65,5.65,5.65,5.65,57619
KRB,20080207,0.14,0.14,0.14,0.14,20000
KRS,20080207,0.295,0.3,0.295,0.3,180358
KSC,20080207,3.2,3.2,3.1,3.15,6500
KSX,20080207,0.14,0.14,0.135,0.135,276641
KTE,20080207,0.12,0.12,0.1,0.1,103208
KTL,20080207,0.025,0.025,0.025,0.025,55000
KYC,20080207,0.205,0.205,0.205,0.205,1000
KZL,20080207,3.84,3.97,3.73,3.73,1266741
LAU,20080207,0.2,0.2,0.2,0.2,10000
LBY,20080207,0.085,0.085,0.085,0.085,2090
LCM,20080207,1.22,1.22,1.22,1.22,24936
LCT,20080207,0.27,0.27,0.27,0.27,98070
LDW,20080207,5.25,5.25,5.25,5.25,1000
LEF,20080207,0.11,0.11,0.105,0.105,26315
LEG,20080207,0.034,0.034,0.034,0.034,430001
LEI,20080207,50.27,52.5,50.27,51.35,607498
LEP,20080207,3.6,3.6,3.43,3.53,42198
LFE,20080207,0.205,0.235,0.185,0.23,353000
LGD,20080207,0.083,0.098,0.081,0.098,1194573
LGL,20080207,3.45,3.49,3.33,3.48,7520070
LIO,20080207,0.12,0.12,0.12,0.12,1000
LKE,20080207,0.42,0.42,0.42,0.42,5000
LKO,20080207,0.009,0.009,0.008,0.008,659445
LLC,20080207,13.8,14.05,13.59,13.75,1468263
LMC,20080207,3.4,3.4,3.4,3.4,2000
LMP,20080207,0.085,0.085,0.085,0.085,100000
LMW,20080207,0.655,0.655,0.655,0.655,9652
LNC,20080207,0.69,0.7,0.68,0.68,139756
LNG,20080207,0.63,0.66,0.615,0.64,839086
LNN,20080207,9.38,9.42,9.14,9.24,1186204
LOM,20080207,0.28,0.28,0.28,0.28,7200
LRF,20080207,1.36,1.385,1.36,1.38,93952
LRG,20080207,0.022,0.022,0.022,0.022,20334
LSA,20080207,0.019,0.022,0.019,0.022,600000
LSR,20080207,0.115,0.15,0.115,0.135,123508
LST,20080207,1.385,1.41,1.36,1.36,192119
LVL,20080207,0.016,0.016,0.016,0.016,249000
LYC,20080207,1.145,1.16,1.1,1.11,3713782
LYL,20080207,3.83,3.85,3.82,3.82,6270
MAE,20080207,0.72,0.73,0.715,0.715,726717
MAH,20080207,1.36,1.4,1.36,1.38,1294055
MAK,20080207,0.53,0.66,0.53,0.66,2072902
MAL,20080207,0.4,0.4,0.39,0.4,139500
MAN,20080207,0.016,0.016,0.016,0.016,50000
MAP,20080207,3.71,3.89,3.71,3.84,4921312
MAR,20080207,0.24,0.24,0.24,0.24,1290
MAU,20080207,0.115,0.115,0.115,0.115,13135
MAV,20080207,0.65,0.65,0.625,0.63,116125
MBA,20080207,0.09,0.11,0.09,0.11,140000
MBI,20080207,0.083,0.083,0.08,0.08,11600
MBN,20080207,5.3,5.54,5.27,5.36,23003
MBP,20080207,0.038,0.038,0.036,0.036,560595
MBT,20080207,1.075,1.075,1.075,1.075,16000
MCC,20080207,10.5,10.61,10.2,10.61,1110451
MCG,20080207,4.93,5.04,4.82,4.98,1351208
MCK,20080207,2.04,2.35,2,2.01,10961
MCP,20080207,3.16,3.18,3.16,3.17,25027
MCQ,20080207,3.13,3.13,3.01,3.02,817412
MCR,20080207,2.88,2.88,2.66,2.73,1432127
MCU,20080207,0.91,0.985,0.9,0.98,522779
MCW,20080207,1.545,1.545,1.475,1.52,2795704
MDA,20080207,0.31,0.31,0.31,0.31,6000
MDE,20080207,1.055,1.055,1.055,1.055,10000
MDG,20080207,0.105,0.115,0.105,0.115,15000
MDL,20080207,1.08,1.11,1.08,1.1,314288
MDT,20080207,0.73,0.74,0.69,0.7,5801209
MDX,20080207,0.13,0.13,0.12,0.125,84500
MEE,20080207,0.25,0.25,0.23,0.24,758223
MEG,20080207,0.22,0.23,0.22,0.23,18520
MEI,20080207,0.09,0.099,0.085,0.099,170243
MEL,20080207,0.9,0.9,0.87,0.87,22265
MEO,20080207,0.32,0.36,0.32,0.34,4513781
MES,20080207,0.38,0.38,0.38,0.38,21316
MFC,20080207,0.3,0.3,0.29,0.29,20000
MFF,20080207,0.655,0.67,0.655,0.66,1661122
MFG,20080207,0.875,0.875,0.82,0.82,606667
MFI,20080207,0.245,0.26,0.235,0.245,518020
MFT,20080207,0.635,0.64,0.61,0.61,985767
MGO,20080207,0.23,0.23,0.225,0.225,61993
MGR,20080207,4.69,4.7,4.52,4.62,4147104
MGU,20080207,0.17,0.17,0.17,0.17,1230
MGW,20080207,1.74,1.8,1.725,1.75,31375
MGX,20080207,2.91,3.05,2.9,2.96,7686970
MHL,20080207,0.025,0.025,0.024,0.024,375450
MHM,20080207,0.11,0.11,0.11,0.11,10800
MIG,20080207,2.92,2.97,2.87,2.9,7120072
MIK,20080207,0.51,0.54,0.51,0.54,90500
MIN,20080207,4.65,4.66,4.42,4.6,68324
MIR,20080207,2,2,1.95,1.985,42859
MIS,20080207,4.81,4.86,4.73,4.73,317590
MIT,20080207,1.7,1.76,1.62,1.76,35587
MIX,20080207,0.61,0.66,0.6,0.66,1155132
MLB,20080207,2.91,2.98,2.91,2.96,29047
MLE,20080207,3.03,3.03,2.95,3,133556
MLI,20080207,0.59,0.6,0.56,0.6,51157
MLM,20080207,0.52,0.52,0.485,0.485,19600
MLS,20080207,0.062,0.063,0.061,0.063,495000
MLT,20080207,20.96,20.96,20.5,20.5,9606
MLX,20080207,0.3,0.305,0.295,0.305,395283
MMA,20080207,0.75,0.755,0.75,0.75,173004
MMG,20080207,3.65,3.7,3.51,3.61,253138
MML,20080207,1.22,1.22,1.2,1.22,52000
MMN,20080207,0.175,0.185,0.17,0.17,316400
MMR,20080207,0.096,0.096,0.096,0.096,9000
MMS,20080207,3.64,3.64,3.6,3.6,22452
MMX,20080207,3.81,3.97,3.81,3.91,1964555
MMY,20080207,0.25,0.25,0.25,0.25,20735
MMZ,20080207,0.11,0.14,0.1,0.14,61500
MND,20080207,12.19,12.32,11.81,12.1,305361
MNF,20080207,0.14,0.14,0.14,0.14,12500
MNL,20080207,0.22,0.22,0.22,0.22,125853
MNY,20080207,0.65,0.65,0.65,0.65,4500
MOC,20080207,1.97,1.97,1.95,1.95,97865
MOF,20080207,1.11,1.11,1.06,1.085,4313540
MOG,20080207,0.18,0.18,0.175,0.175,56381
MOL,20080207,2.4,2.46,2.37,2.41,26424
MOO,20080207,0.19,0.19,0.19,0.19,27800
MOS,20080207,0.1,0.1,0.096,0.098,228100
MOX,20080207,0.22,0.225,0.22,0.225,19000
MPA,20080207,0.014,0.014,0.014,0.014,100000
MPF,20080207,1.02,1.02,1,1,71763
MPG,20080207,0.74,0.74,0.72,0.72,107799
MPJ,20080207,0.007,0.007,0.007,0.007,6491741
MPO,20080207,0.58,0.58,0.555,0.555,493945
MPS,20080207,0.75,0.76,0.715,0.76,68390
MQG,20080207,61.1,62.75,61.08,61.9,2915684
MRA,20080207,0.6,0.625,0.6,0.61,208963
MRB,20080207,0.041,0.041,0.041,0.041,25000
MRC,20080207,0.17,0.17,0.17,0.17,71679
MRE,20080207,5.4,5.56,5.4,5.49,960693
MRM,20080207,1.635,1.68,1.635,1.66,81033
MRO,20080207,0.55,0.55,0.55,0.55,28208
MRX,20080207,0.087,0.087,0.085,0.085,316113
MRZ,20080207,1.215,1.23,1.195,1.195,1152792
MSB,20080207,0.88,0.9,0.85,0.85,61019
MSC,20080207,0.014,0.014,0.013,0.013,2400037
MSH,20080207,0.1,0.1,0.1,0.1,32000
MSL,20080207,3.1,3.1,3.08,3.08,39188
MST,20080207,0.078,0.079,0.078,0.078,207600
MTB,20080207,0.065,0.065,0.065,0.065,10000
MTH,20080207,0.19,0.19,0.19,0.19,10000
MTI,20080207,0.031,0.032,0.03,0.03,455000
MTN,20080207,1.64,1.65,1.55,1.55,69534
MTS,20080207,4.2,4.23,4.06,4.2,1460138
MTU,20080207,0.755,0.765,0.75,0.75,248600
MUE,20080207,0.685,0.685,0.675,0.675,75769
MUM,20080207,0.23,0.23,0.23,0.23,13195
MUN,20080207,0.785,0.88,0.78,0.85,975934
MUR,20080207,0.1,0.1,0.1,0.1,58869
MVH,20080207,0.1,0.1,0.1,0.1,52680
MWE,20080207,0.175,0.175,0.165,0.165,406000
MWN,20080207,0.24,0.25,0.24,0.25,4050
MWS,20080207,0.05,0.05,0.05,0.05,100
MXI,20080207,0.74,0.75,0.725,0.725,81125
MXL,20080207,0.025,0.025,0.02,0.021,5740000
MXR,20080207,0.16,0.16,0.16,0.16,10250
MXX,20080207,1.25,1.255,1.25,1.25,9264
MYO,20080207,1.37,1.6,1.37,1.6,861415
MZM,20080207,0.16,0.2,0.16,0.16,258000
NAB,20080207,32.85,33.09,31.95,32.8,6335002
NAD,20080207,0.016,0.017,0.016,0.016,685416
NAL,20080207,0.027,0.028,0.027,0.028,120000
NAM,20080207,0.545,0.545,0.545,0.545,10000
NAN,20080207,0.4,0.4,0.375,0.4,30750
NAV,20080207,0.8,0.8,0.79,0.79,52300
NCK,20080207,2.17,2.17,2.17,2.17,7000
NCM,20080207,34.7,35,34.3,35,2976361
NDO,20080207,0.27,0.285,0.26,0.275,1725385
NEC,20080207,1.395,1.4,1.395,1.4,33900
NEM,20080207,5.51,5.63,5.51,5.63,31697
NEO,20080207,0.054,0.054,0.054,0.054,25091
NEU,20080207,0.15,0.15,0.14,0.14,190518
NFE,20080207,3.19,3.25,3.19,3.24,446924
NFK,20080207,1.61,1.62,1.6,1.605,145836
NFL,20080207,0.105,0.11,0.097,0.097,647215
NGE,20080207,0.135,0.135,0.135,0.135,120000
NGF,20080207,0.45,0.475,0.45,0.465,711692
NGM,20080207,0.13,0.13,0.12,0.125,500000
NGY,20080207,0.095,0.095,0.095,0.095,84858
NHC,20080207,2.3,2.3,2.22,2.23,98664
NHF,20080207,1.09,1.1,1.08,1.09,114159
NHR,20080207,2.31,2.31,2.3,2.3,11857
NIO,20080207,0.155,0.155,0.11,0.135,493583
NIP,20080207,0.4,0.4,0.37,0.37,147195
NKP,20080207,0.925,0.95,0.92,0.95,56651
NLG,20080207,0.095,0.095,0.085,0.085,333526
NLX,20080207,1.435,1.435,1.41,1.41,28730
NME,20080207,0.255,0.27,0.255,0.27,63000
NMR,20080207,0.68,0.7,0.67,0.7,43430
NMS,20080207,0.69,0.7,0.63,0.64,748877
NOD,20080207,2.25,2.25,2.22,2.23,83553
NRT,20080207,1.19,1.31,1.19,1.3,11388
NRU,20080207,0.12,0.125,0.115,0.12,147576
NSL,20080207,0.025,0.025,0.023,0.024,3762072
NTU,20080207,0.36,0.365,0.35,0.35,16000
NUF,20080207,14.76,14.94,14.38,14.8,356941
NVT,20080207,1.96,1.98,1.96,1.97,275019
NWE,20080207,0.16,0.16,0.155,0.155,257500
NWH,20080207,2.28,2.28,2.2,2.23,894460
NWR,20080207,0.175,0.175,0.165,0.17,537762
NWS,20080207,22.65,23.11,22.65,23,2510210
NWT,20080207,0.007,0.007,0.006,0.006,2765000
NXS,20080207,1.51,1.57,1.5,1.5,1002942
NZO,20080207,1,1,0.97,0.97,35000
OAK,20080207,1.245,1.35,1.245,1.35,50000
OCL,20080207,0.35,0.35,0.35,0.35,30000
ODN,20080207,0.13,0.17,0.13,0.17,139700
OEC,20080207,0.18,0.18,0.17,0.17,74730
OEL,20080207,0.26,0.26,0.25,0.26,662600
OEX,20080207,1.54,1.655,1.54,1.59,356274
OFG,20080207,2.1,2.1,2.06,2.06,1097
OGC,20080207,2.75,2.75,2.7,2.72,3143528
OHL,20080207,0.061,0.061,0.061,0.061,30000
OIF,20080207,0.655,0.675,0.645,0.66,505650
OIL,20080207,0.26,0.26,0.25,0.25,21368
OKN,20080207,4.83,4.86,4.74,4.79,833450
OKU,20080207,0.13,0.14,0.13,0.14,20000
OMH,20080207,1.84,1.9,1.81,1.9,536022
ONQ,20080207,0.15,0.15,0.15,0.15,20335
ORD,20080207,0.265,0.265,0.26,0.26,67526
ORE,20080207,0.21,0.21,0.21,0.21,10000
ORG,20080207,8.71,8.82,8.52,8.62,1486259
ORH,20080207,0.075,0.075,0.075,0.075,170944
ORI,20080207,28.25,28.52,28.02,28.28,527856
ORL,20080207,3.6,3.6,3.56,3.56,12080
ORO,20080207,0.038,0.04,0.036,0.036,1142800
ORP,20080207,0.045,0.045,0.044,0.044,200000
OSH,20080207,3.93,3.94,3.76,3.81,6601215
OST,20080207,6.93,7.01,6.85,7,3290054
OVR,20080207,0.54,0.54,0.5,0.5,6900
OXR,20080207,3.08,3.09,3,3.08,10617502
OZB,20080207,0.075,0.075,0.07,0.07,31000
OZG,20080207,0.205,0.205,0.2,0.2,347500
PAB,20080207,0.4,0.4,0.4,0.4,7000
PAG,20080207,1.66,1.7,1.635,1.66,217219
PAX,20080207,0.18,0.2,0.175,0.195,170000
PBD,20080207,1.55,1.55,1.51,1.55,11068
PBG,20080207,2.71,2.73,2.62,2.65,3186951
PBP,20080207,1.2,1.2,1.2,1.2,63490
PBT,20080207,0.46,0.46,0.44,0.44,170480
PCL,20080207,0.035,0.039,0.034,0.039,1429571
PDM,20080207,0.088,0.088,0.088,0.088,10000
PDN,20080207,4.91,4.96,4.8,4.9,2908893
PDO,20080207,0.3,0.3,0.28,0.3,488732
PDZ,20080207,0.755,0.82,0.755,0.8,132131
PEL,20080207,0.25,0.26,0.235,0.235,108102
PEM,20080207,1.69,1.7,1.6,1.605,1785296
PEN,20080207,0.033,0.033,0.03,0.03,3863074
PEO,20080207,0.036,0.036,0.036,0.036,8900
PES,20080207,0.47,0.48,0.45,0.45,90346
PET,20080207,0.92,0.92,0.9,0.92,24176
PFG,20080207,0.5,0.5,0.48,0.48,23836
PFL,20080207,1.36,1.44,1.36,1.41,13592
PGL,20080207,1.81,1.9,1.795,1.9,97392
PGM,20080207,0.82,0.82,0.8,0.8,28700
PGS,20080207,0.11,0.11,0.11,0.11,5000
PHG,20080207,0.12,0.12,0.1,0.1,431845
PHK,20080207,0.22,0.22,0.215,0.215,49237
PIE,20080207,0.023,0.023,0.023,0.023,230016
PIO,20080207,0.14,0.14,0.14,0.14,51728
PKT,20080207,0.059,0.059,0.052,0.052,1341500
PLA,20080207,2.47,2.48,2.41,2.47,398363
PLB,20080207,1.17,1.17,1.15,1.15,266000
PLD,20080207,0.1,0.1,0.1,0.1,26040
PLI,20080207,0.71,0.71,0.7,0.7,27700
PLT,20080207,0.305,0.305,0.295,0.295,90000
PLV,20080207,1.8,1.81,1.8,1.8,25934
PMC,20080207,1.65,1.66,1.635,1.65,116742
PMM,20080207,10.66,10.8,10.4,10.4,35428
PMP,20080207,1.68,1.74,1.635,1.72,525770
PMV,20080207,8.1,8.1,8.1,8.1,15500
PNA,20080207,0.9,0.905,0.89,0.9,3057166
PNN,20080207,0.965,0.97,0.965,0.97,371200
PNO,20080207,0.01,0.012,0.01,0.011,1244670
PNW,20080207,0.033,0.034,0.033,0.034,35000
POH,20080207,0.19,0.2,0.19,0.2,11363
POL,20080207,0.64,0.64,0.62,0.625,189901
POS,20080207,0.68,0.685,0.65,0.65,175012
PPC,20080207,3.3,3.3,3.23,3.23,1400
PPD,20080207,0.155,0.155,0.155,0.155,82900
PPI,20080207,0.49,0.49,0.45,0.45,105600
PPK,20080207,0.825,0.825,0.82,0.82,22000
PPP,20080207,0.23,0.23,0.225,0.225,430498
PPS,20080207,0.56,0.56,0.56,0.56,1785
PPT,20080207,57.32,57.45,55,55.22,179473
PPX,20080207,2.13,2.17,2.08,2.09,837277
PPY,20080207,0.53,0.53,0.51,0.51,65950
PRC,20080207,0.87,0.88,0.87,0.87,160000
PRE,20080207,0.037,0.037,0.035,0.036,5239756
PRG,20080207,4.38,4.45,4.36,4.4,126992
PRO,20080207,0.37,0.41,0.37,0.41,109623
PRR,20080207,0.018,0.018,0.018,0.018,61500
PRT,20080207,3.5,3.5,3.5,3.5,545
PRU,20080207,1.08,1.11,1.05,1.05,35700
PRV,20080207,1.04,1.04,1.04,1.04,80298
PRW,20080207,0.335,0.34,0.3,0.3,65500
PRY,20080207,10.7,10.76,10.4,10.52,124537
PSA,20080207,1.2,1.24,1.18,1.2,175048
PSD,20080207,0.077,0.079,0.074,0.075,946789
PSF,20080207,0.56,0.56,0.56,0.56,50000
PSH,20080207,1.45,1.45,1.44,1.45,25380
PSP,20080207,0.095,0.105,0.095,0.105,90000
PST,20080207,0.63,0.63,0.63,0.63,9999
PTM,20080207,4.9,4.92,4.75,4.8,223856
PTN,20080207,0.785,0.79,0.76,0.76,78369
PTR,20080207,0.82,0.86,0.82,0.86,17350
PTS,20080207,0.16,0.16,0.155,0.155,230316
PUN,20080207,0.08,0.082,0.08,0.082,50700
PVE,20080207,1.68,1.68,1.68,1.68,50000
PWK,20080207,4.09,4.25,4.09,4.2,30679
PWR,20080207,0.23,0.23,0.23,0.23,193
PXL,20080207,0.14,0.145,0.14,0.14,300000
PXS,20080207,3.22,3.29,3.14,3.22,172416
QAN,20080207,4.7,4.77,4.57,4.75,3528152
QBE,20080207,27.66,28.02,27.15,28.02,1885854
QFX,20080207,0.13,0.13,0.13,0.13,50000
QGC,20080207,4.16,4.44,4.16,4.43,3741003
QGM,20080207,0.12,0.12,0.12,0.12,2000
QHL,20080207,0.49,0.51,0.48,0.48,256185
QMG,20080207,0.076,0.076,0.076,0.076,32500
QMT,20080207,3.39,3.4,3.38,3.4,535984
QOL,20080207,0.19,0.19,0.185,0.185,51000
QRS,20080207,0.12,0.12,0.11,0.115,137335
QRX,20080207,1,1.04,1,1.04,5500
QST,20080207,0.31,0.31,0.31,0.31,56366
QTK,20080207,0.032,0.034,0.032,0.034,66720
QUR,20080207,0.021,0.023,0.021,0.023,1308000
QXQ,20080207,0.032,0.032,0.032,0.032,2250
RAT,20080207,0.375,0.38,0.36,0.37,2399971
RAU,20080207,0.065,0.067,0.064,0.067,3356798
RBM,20080207,0.065,0.065,0.061,0.065,33000
RBR,20080207,0.155,0.17,0.155,0.17,2180
RBY,20080207,0.016,0.016,0.016,0.016,345334
RCH,20080207,0.034,0.035,0.031,0.033,15258635
RCI,20080207,0.235,0.235,0.23,0.23,152725
RCO,20080207,0.55,0.6,0.55,0.6,26000
RCR,20080207,1.82,1.82,1.79,1.82,217243
RCT,20080207,3.04,3.05,3,3.05,9402
RCY,20080207,0.7,0.73,0.7,0.72,1000835
RDF,20080207,3.04,3.04,2.98,3.02,22770
RDR,20080207,0.81,0.82,0.8,0.82,262000
REA,20080207,5.9,5.97,5.87,5.97,48255
RED,20080207,0.095,0.095,0.092,0.092,22832
REF,20080207,3.25,3.27,3.2,3.2,88503
REH,20080207,23.6,23.6,23.5,23.5,2614
REO,20080207,0.023,0.023,0.023,0.023,100000
RER,20080207,0.084,0.084,0.084,0.084,32000
REU,20080207,0.345,0.35,0.335,0.34,1350745
REX,20080207,1.5,1.53,1.47,1.5,36934
RFE,20080207,0.445,0.5,0.445,0.495,184780
RFG,20080207,1.4,1.4,1.36,1.4,24914
RFL,20080207,0.195,0.195,0.195,0.195,100000
RHC,20080207,10.6,10.75,10.3,10.5,458261
RHD,20080207,0.51,0.51,0.49,0.49,7000
RHE,20080207,0.255,0.255,0.24,0.24,300000
RHG,20080207,0.23,0.235,0.22,0.23,965093
RHL,20080207,3.95,4,3.95,4,5164
RIA,20080207,0.37,0.37,0.36,0.36,60000
RIC,20080207,1.2,1.205,1.175,1.2,248677
RIM,20080207,0.032,0.032,0.032,0.032,16800
RIO,20080207,125.3,127.78,124,127,3328998
RIV,20080207,9.35,9.43,9.02,9.3,379522
RJT,20080207,0.58,0.58,0.58,0.58,786447
RKN,20080207,1.2,1.215,1.19,1.205,47122
RKS,20080207,0.05,0.05,0.05,0.05,17850
RMC,20080207,0.34,0.34,0.34,0.34,54000
RMD,20080207,4.99,4.99,4.92,4.97,2233853
RMG,20080207,0.016,0.016,0.015,0.015,31428
RMI,20080207,0.034,0.035,0.034,0.035,1348379
RML,20080207,0.205,0.205,0.205,0.205,128011
RMS,20080207,1,1.03,1,1.02,110000
RNC,20080207,0.056,0.061,0.056,0.061,94000
RND,20080207,0.76,0.76,0.76,0.76,10000
RNG,20080207,0.027,0.031,0.026,0.027,189151
RNY,20080207,0.55,0.62,0.55,0.62,171719
ROC,20080207,2,2.03,1.945,1.945,1666968
ROK,20080207,3.67,3.7,3.67,3.7,4383
ROL,20080207,0.165,0.165,0.16,0.16,8500
ROY,20080207,0.205,0.21,0.2,0.21,316700
RPG,20080207,0.99,0.99,0.95,0.95,4000
RPM,20080207,0.052,0.055,0.048,0.055,1368067
RPX,20080207,1.3,1.3,1.25,1.25,152750
RRA,20080207,0.65,0.65,0.625,0.625,124241
RRL,20080207,0.6,0.65,0.6,0.65,68428
RRS,20080207,0.53,0.555,0.49,0.49,536612
RRT,20080207,0.625,0.625,0.595,0.625,917512
RSG,20080207,2.07,2.27,2.07,2.21,231704
RSL,20080207,0.02,0.026,0.019,0.024,25528939
RSN,20080207,0.033,0.036,0.033,0.035,2142000
RSP,20080207,2.96,2.96,2.9,2.96,14955967
RUB,20080207,0.72,0.72,0.72,0.72,110000
RVR,20080207,0.15,0.165,0.14,0.14,76330
RWD,20080207,0.465,0.465,0.465,0.465,5000
RXL,20080207,0.097,0.097,0.096,0.096,98000
SAE,20080207,0.36,0.38,0.36,0.38,268967
SAI,20080207,2.4,2.43,2.26,2.35,320797
SAQ,20080207,6.35,6.35,6.35,6.35,30550
SAR,20080207,0.31,0.31,0.3,0.3,235436
SAU,20080207,0.27,0.27,0.27,0.27,44351
SAV,20080207,1.8,1.8,1.7,1.7,17200
SBL,20080207,0.03,0.03,0.03,0.03,192000
SBM,20080207,0.845,0.88,0.845,0.88,6571952
SBN,20080207,0.02,0.02,0.019,0.019,100000
SBP,20080207,0.027,0.027,0.027,0.027,240000
SBR,20080207,0.23,0.28,0.23,0.28,185700
SBS,20080207,0.066,0.066,0.065,0.065,248011
SCC,20080207,0.4,0.4,0.4,0.4,3000
SCE,20080207,0.017,0.017,0.015,0.015,550000
SDG,20080207,3.52,3.66,3.52,3.6,528222
SDI,20080207,0.27,0.3,0.27,0.3,90567
SDL,20080207,0.29,0.29,0.265,0.27,9658190
SDM,20080207,2.16,2.17,2.06,2.08,217206
SEA,20080207,0.42,0.43,0.42,0.43,915146
SEK,20080207,6.22,6.39,6.12,6.29,1352184
SEN,20080207,0.07,0.071,0.069,0.071,182436
SEV,20080207,11.68,11.81,11.52,11.7,192238
SFC,20080207,8.65,8.65,8.65,8.65,42
SFH,20080207,1.6,1.635,1.56,1.56,69490
SFP,20080207,0.25,0.25,0.23,0.25,67720
SFY,20080207,53,53.09,52.5,52.68,14828
SGB,20080207,27.65,27.79,27.02,27.04,1507851
SGH,20080207,1.595,1.6,1.595,1.6,81321
SGL,20080207,0.295,0.295,0.28,0.285,858660
SGM,20080207,28.7,29.9,28.67,29.9,642853
SGN,20080207,2.23,2.29,2.09,2.2,415326
SGP,20080207,7.28,7.36,7.01,7.1,5966760
SGT,20080207,2.95,3,2.94,2.95,1579839
SGX,20080207,7.2,7.28,6.91,7.06,1093253
SGZ,20080207,0.25,0.255,0.25,0.255,10000
SHC,20080207,0.12,0.12,0.12,0.12,867
SHE,20080207,0.285,0.31,0.28,0.31,111000
SHG,20080207,1.41,1.44,1.4,1.44,215820
SHL,20080207,15.55,15.85,15.3,15.42,425467
SHV,20080207,6.78,7,6.62,7,52648
SHX,20080207,0.2,0.2,0.2,0.2,9750
SIE,20080207,0.081,0.081,0.081,0.081,35000
SIM,20080207,0.5,0.52,0.5,0.52,20364
SIP,20080207,1.405,1.415,1.375,1.385,3987221
SKC,20080207,3.74,3.74,3.67,3.71,121657
SKE,20080207,4.91,4.93,4.6,4.62,21548
SKI,20080207,1.85,1.89,1.84,1.85,1287463
SKT,20080207,4.5,4.5,4.43,4.49,61214
SLA,20080207,0.91,0.91,0.87,0.9,41060
SLF,20080207,16.35,16.43,15.96,16.43,19991
SLM,20080207,3.7,3.71,3.7,3.7,10679
SLR,20080207,0.35,0.35,0.35,0.35,417700
SLV,20080207,2.67,2.67,2.64,2.65,88038
SLX,20080207,5.22,5.25,5.05,5.11,181609
SML,20080207,0.038,0.039,0.038,0.039,633321
SMM,20080207,1.92,1.92,1.86,1.86,2642
SMN,20080207,0.11,0.11,0.11,0.11,7900
SMX,20080207,6.4,6.56,6.31,6.38,106616
SMY,20080207,3.98,3.99,3.71,3.76,2509929
SND,20080207,0.595,0.595,0.58,0.58,120000
SNU,20080207,0.16,0.16,0.16,0.16,20000
SNV,20080207,0.17,0.17,0.165,0.165,118000
SOE,20080207,0.22,0.225,0.22,0.22,290868
SOL,20080207,8.1,8.11,7.97,7.97,23547
SOM,20080207,0.016,0.016,0.016,0.016,647400
SOO,20080207,0.086,0.086,0.085,0.085,90000
SPD,20080207,0.27,0.27,0.27,0.27,2222
SPH,20080207,2.46,2.5,2.41,2.45,468834
SPI,20080207,0.16,0.16,0.16,0.16,135000
SPL,20080207,0.38,0.39,0.38,0.39,14804
SPN,20080207,1.24,1.255,1.23,1.23,5353387
SPQ,20080207,0.12,0.12,0.12,0.12,30000
SPT,20080207,3.82,3.96,3.63,3.73,431202
SRA,20080207,0.038,0.038,0.038,0.038,2147705
SRH,20080207,2.65,2.65,2.65,2.65,1745
SRI,20080207,0.094,0.098,0.093,0.095,643096
SRK,20080207,1.31,1.39,1.31,1.39,138109
SRL,20080207,6.68,6.86,6.52,6.86,1545399
SRR,20080207,0.12,0.12,0.12,0.12,28000
SRV,20080207,4.54,4.54,4.54,4.54,3750
SSC,20080207,0.023,0.024,0.022,0.022,1720000
SSM,20080207,1.56,1.575,1.54,1.55,197004
SSN,20080207,0.18,0.18,0.18,0.18,145922
STB,20080207,0.11,0.12,0.11,0.12,21000
STC,20080207,0.51,0.51,0.51,0.51,3930
STG,20080207,0.65,0.65,0.65,0.65,5000
STO,20080207,12.43,13.09,12.43,13.09,2977228
STP,20080207,0.092,0.092,0.092,0.092,50000
STS,20080207,3.15,3.45,3.15,3.45,54112
STU,20080207,1,1,1,1,1000
STW,20080207,53.95,53.99,52.98,53.81,186206
STX,20080207,0.265,0.265,0.26,0.265,217104
SUL,20080207,3.51,3.72,3.45,3.72,81261
SUN,20080207,15.26,15.39,14.78,14.93,2240454
SUR,20080207,0.08,0.085,0.08,0.085,105000
SVC,20080207,0.21,0.23,0.21,0.23,15000
SWK,20080207,1.38,1.39,1.375,1.375,135628
SXE,20080207,1.5,1.5,1.44,1.44,100329
SXP,20080207,0.195,0.195,0.19,0.19,29830
SYB,20080207,4.06,4.07,4.03,4.03,12181893
SYG,20080207,0.022,0.022,0.022,0.022,840900
SYL,20080207,4.63,4.63,4.63,4.63,3284
SYM,20080207,0.5,0.5,0.49,0.49,67200
SYP,20080207,0.4,0.425,0.4,0.41,449037
TAG,20080207,0.255,0.255,0.255,0.255,10000
TAH,20080207,13.61,13.86,13.35,13.65,1012878
TAL,20080207,2.41,2.55,2.41,2.46,392525
TAM,20080207,0.12,0.125,0.115,0.12,2559103
TAP,20080207,1.585,1.59,1.555,1.57,1694346
TAS,20080207,0.17,0.17,0.17,0.17,29900
TBG,20080207,1.515,1.515,1.515,1.515,2950
TBR,20080207,1.7,1.98,1.7,1.98,3000
TCL,20080207,6.51,6.55,6.36,6.46,2700230
TCQ,20080207,1.525,1.525,1.45,1.52,42144
TDO,20080207,0.57,0.57,0.57,0.57,40996
TEE,20080207,0.011,0.011,0.011,0.011,1000000
TEL,20080207,3.58,3.62,3.56,3.6,2305713
TEN,20080207,2.54,2.55,2.44,2.44,1930779
TEU,20080207,0.135,0.135,0.135,0.135,39400
TEX,20080207,0.17,0.17,0.17,0.17,15625
TEY,20080207,0.44,0.45,0.44,0.45,22720
TFC,20080207,1.14,1.14,1.11,1.115,86109
TGF,20080207,0.41,0.41,0.4,0.4,74000
TGG,20080207,1.1,1.14,1.09,1.09,139666
TGP,20080207,1.9,1.9,1.76,1.9,21660
TGR,20080207,3.54,3.63,3.4,3.6,1493781
TGS,20080207,0.4,0.42,0.385,0.42,880093
THG,20080207,0.97,0.97,0.95,0.97,58559
THR,20080207,0.125,0.125,0.12,0.12,13068
TIM,20080207,1,1,0.97,0.97,707954
TIS,20080207,0.245,0.245,0.23,0.23,164000
TKG,20080207,0.205,0.205,0.205,0.205,13000
TKL,20080207,0.195,0.195,0.195,0.195,9204
TLM,20080207,0.65,0.65,0.6,0.62,130755
TLS,20080207,4.48,4.56,4.44,4.53,53385412
TLZ,20080207,0.2,0.2,0.2,0.2,12000
TMR,20080207,0.185,0.19,0.175,0.185,2552549
TMX,20080207,0.14,0.155,0.135,0.155,63000
TNC,20080207,0.027,0.027,0.027,0.027,198593
TNE,20080207,0.95,0.95,0.925,0.93,164300
TNG,20080207,0.36,0.36,0.35,0.35,53035
TOE,20080207,0.29,0.3,0.28,0.28,302003
TOL,20080207,11,11.07,10.69,10.95,1532705
TOX,20080207,1.91,1.93,1.91,1.92,33298
TPC,20080207,0.1,0.1,0.1,0.1,30500
TPF,20080207,0.93,0.93,0.92,0.92,19444
TPI,20080207,8.02,8.2,7.91,8.18,869714
TPX,20080207,5.9,5.9,5.9,5.9,200
TRF,20080207,0.575,0.58,0.575,0.58,15000
TRG,20080207,12.23,12.6,11.8,12.6,38157
TRH,20080207,0.47,0.47,0.47,0.47,15600
TRS,20080207,11.25,11.29,11,11.2,19943
TRU,20080207,9.75,9.8,9.71,9.8,3211
TRY,20080207,3.1,3.1,3.07,3.07,22583
TSE,20080207,11.6,11.99,11.55,11.77,293961
TSF,20080207,0.2,0.2,0.2,0.2,5000
TSI,20080207,1.48,1.485,1.42,1.42,399294
TSO,20080207,1.23,1.28,1.22,1.265,2724979
TSV,20080207,0.017,0.017,0.017,0.017,239235
TTI,20080207,0.105,0.105,0.1,0.1,30000
TTR,20080207,0.092,0.092,0.092,0.092,2600
TTS,20080207,3.72,3.76,3.65,3.72,1873615
TTY,20080207,1.085,1.16,1.08,1.155,569507
TVN,20080207,0.026,0.026,0.026,0.026,90000
TWD,20080207,2.6,2.6,2.6,2.6,1000
TWO,20080207,2.3,2.4,2.29,2.38,85866
TWR,20080207,1.88,1.88,1.835,1.835,16659
TWT,20080207,0.39,0.39,0.38,0.38,6260
TXN,20080207,0.44,0.44,0.43,0.43,17000
TZL,20080207,4.5,4.5,4.4,4.4,63344
TZN,20080207,2.95,3,2.85,2.94,137471
UBI,20080207,1.02,1.02,1,1,263414
UCM,20080207,0.4,0.4,0.4,0.4,2000
UEQ,20080207,0.14,0.14,0.13,0.13,337000
UGL,20080207,14.5,14.55,13.55,14.17,2015517
UKL,20080207,0.34,0.34,0.34,0.34,33461
UMC,20080207,0.84,0.86,0.82,0.845,153000
UMS,20080207,1.055,1.055,1.03,1.03,25000
UNI,20080207,0.245,0.245,0.235,0.235,33569
UNO,20080207,0.16,0.16,0.14,0.16,23075
UNX,20080207,0.65,0.65,0.65,0.65,1000
UOG,20080207,0.088,0.088,0.088,0.088,6500
URA,20080207,0.16,0.165,0.16,0.165,63539
URL,20080207,0.073,0.073,0.066,0.069,466516
UTO,20080207,0.22,0.23,0.195,0.23,109000
UXA,20080207,0.205,0.205,0.2,0.2,18870
UXC,20080207,1.58,1.9,1.58,1.79,586236
VBA,20080207,1.5,1.525,1.47,1.5,261351
VBP,20080207,9.07,9.07,9.07,9.07,1655
VCN,20080207,0.285,0.285,0.28,0.285,29655
VCR,20080207,0.48,0.48,0.465,0.465,583106
VEC,20080207,0.265,0.265,0.25,0.26,146500
VGH,20080207,2.85,2.85,2.7,2.7,8145
VGP,20080207,0.094,0.094,0.09,0.09,50000
VHL,20080207,0.055,0.055,0.055,0.055,270000
VII,20080207,0.15,0.15,0.15,0.15,10000
VIL,20080207,0.037,0.037,0.036,0.036,250000
VIR,20080207,0.77,0.79,0.75,0.76,168401
VKI,20080207,1.08,1.085,1.08,1.085,195286
VLA,20080207,0.07,0.07,0.07,0.07,161500
VMG,20080207,2.11,2.11,2.01,2.01,845948
VML,20080207,0.53,0.565,0.53,0.565,24000
VMS,20080207,0.275,0.3,0.275,0.275,329153
VMT,20080207,0.086,0.089,0.081,0.089,100000
VPE,20080207,0.14,0.155,0.14,0.145,865532
VPG,20080207,0.97,0.98,0.95,0.965,22815813
VRL,20080207,2.8,2.8,2.61,2.7,34855
VSG,20080207,0.013,0.014,0.012,0.012,1197049
VTP,20080207,1.12,1.145,1.1,1.13,82800
VTX,20080207,0.083,0.083,0.083,0.083,5000
WAA,20080207,0.99,0.99,0.99,0.99,5000
WAB,20080207,0.43,0.43,0.425,0.425,66357
WAM,20080207,1.47,1.47,1.47,1.47,3000
WAN,20080207,11.11,11.26,10.87,11.12,631325
WAS,20080207,0.023,0.028,0.023,0.026,554200
WBA,20080207,1.625,1.625,1.62,1.62,48202
WBB,20080207,11.06,11.06,11,11,7636
WBC,20080207,25.41,25.48,24.4,24.62,8272711
WCB,20080207,4.6,4.6,4.6,4.6,2880
WCP,20080207,0.092,0.093,0.091,0.093,1580655
WDC,20080207,18.28,18.33,17.7,18.33,7305101
WDR,20080207,0.16,0.16,0.16,0.16,11250
WDS,20080207,2.14,2.2,2.14,2.19,132063
WEB,20080207,1.465,1.465,1.46,1.46,86050
WEC,20080207,2.7,2.75,2.7,2.7,84356
WES,20080207,37.01,37.41,36.23,37.2,1397567
WEZ,20080207,0.07,0.07,0.07,0.07,97615
WGP,20080207,0.075,0.079,0.075,0.079,45331
WGR,20080207,0.25,0.25,0.24,0.24,31386
WHC,20080207,3.19,3.27,3.14,3.25,161914
WHE,20080207,0.77,0.78,0.765,0.78,9500
WHF,20080207,4.2,4.2,4.2,4.2,447
WHG,20080207,1.6,1.615,1.58,1.6,171713
WHN,20080207,0.1,0.1,0.09,0.09,281000
WHS,20080207,5,5,5,5,5000
WIG,20080207,2.8,2.8,2.8,2.8,10000
WIL,20080207,0.96,0.975,0.95,0.97,42450
WLF,20080207,1.4,1.6,1.4,1.6,55625
WME,20080207,0.24,0.24,0.21,0.21,161239
WMT,20080207,0.09,0.093,0.089,0.089,820430
WOR,20080207,39.2,39.34,37.7,38.55,1020239
WOW,20080207,28.28,28.48,27.78,28.3,3608912
WPG,20080207,0.9,0.96,0.9,0.955,253390
WPL,20080207,45.99,46.64,44.86,45.74,1213340
WRK,20080207,0.275,0.31,0.275,0.3,479355
WSA,20080207,4.8,4.95,4.69,4.69,1074561
WST,20080207,0.29,0.29,0.29,0.29,100000
WTE,20080207,0.093,0.093,0.09,0.09,197511
WTF,20080207,4.22,4.37,4.15,4.16,166646
WTN,20080207,0.105,0.105,0.1,0.1,100000
WTP,20080207,3,3.09,3,3.02,150396
WVL,20080207,1.63,1.63,1.6,1.615,29115
WWA,20080207,2.97,2.97,2.97,2.97,5000
WWM,20080207,0.17,0.17,0.17,0.17,100000
WWW,20080207,0.265,0.265,0.265,0.265,7000
WYL,20080207,2.4,2.43,2.39,2.4,38919
XAF,20080207,5432,5432,5432,5432,0
XAO,20080207,5675.8,5682,5585.8,5668.3,0
XAT,20080207,559820,559820,559820,559820,0
XDJ,20080207,2347.5,2347.9,2312.2,2338.7,0
XEJ,20080207,13907.8,13952.6,13633.7,13854.6,0
XEN,20080207,0.078,0.08,0.068,0.08,176717
XFJ,20080207,5752.3,5763.7,5613,5711.7,0
XFL,20080207,5444.2,5451.3,5345.9,5436.3,0
XGD,20080207,6082.4,6082.4,6082.4,6082.4,0
XHJ,20080207,9037.8,9245.9,9034.1,9139,0
XIJ,20080207,461.1,461.1,445.1,457,0
XJO,20080207,5606.8,5613,5508.7,5596.7,0
XKO,20080207,5614.7,5621.1,5519.1,5605.8,0
XMD,20080207,5783.6,5795.6,5672.1,5761.7,0
XMJ,20080207,14020.5,14115.5,13832.6,14091.5,0
XMM,20080207,4940.2,4940.2,4940.2,4940.2,0
XNJ,20080207,5791.3,5796.1,5695.9,5767.1,0
XPJ,20080207,1768.1,1771.6,1715.5,1765.6,0
XRF,20080207,0.1,0.1,0.1,0.1,0
XSJ,20080207,7843.3,7855.6,7687.5,7819.3,0
XSO,20080207,3333.9,3349.7,3310,3334.7,0
XST,20080207,0.1,0.12,0.1,0.12,200000
XTJ,20080207,1587.1,1612.7,1568.2,1600.6,0
XTL,20080207,3097.2,3102.1,3039.3,3091.4,0
XTO,20080207,4537.4,4542.8,4454.6,4529.2,0
XUJ,20080207,5800.3,5800.3,5686.2,5753,0
XXJ,20080207,6097.9,6111.9,5958.3,6046.5,0
YRR,20080207,0.165,0.165,0.16,0.16,820001
YTC,20080207,1,1,1,1,5332
ZFX,20080207,9.7,9.77,9.12,9.25,7016990
ZGL,20080207,0.39,0.39,0.39,0.39,47564
ZGM,20080207,0.105,0.105,0.1,0.1,143190
ZIM,20080207,14.43,14.5,14.4,14.5,13024
ZMG,20080207,0.32,0.32,0.32,0.32,300
ZNC,20080207,0.135,0.14,0.125,0.14,213496
ZYL,20080207,0.098,0.105,0.095,0.099,11728937
