AAC,20081022,2.59,2.6,2.44,2.5,278160
AAH,20081022,0.825,0.845,0.8,0.83,85399
AAM,20081022,0.074,0.074,0.07,0.07,100000
AAQ,20081022,0.215,0.245,0.215,0.245,78000
AAR,20081022,0.019,0.019,0.018,0.019,696000
AAX,20081022,4.92,4.92,4.52,4.69,278545
ABB,20081022,8.25,8.78,8.23,8.68,509259
ABC,20081022,2.63,2.63,2.4,2.4,1171555
ABJ,20081022,0.012,0.012,0.012,0.012,1112000
ABP,20081022,0.6,0.6,0.555,0.565,1502172
ABU,20081022,0.017,0.017,0.016,0.017,120000
ABW,20081022,6.25,6.25,6.25,6.25,34
ABY,20081022,0.48,0.48,0.42,0.43,661007
ACB,20081022,0.23,0.23,0.23,0.23,2000
ACE,20081022,0.085,0.085,0.08,0.08,60000
ACG,20081022,0.11,0.11,0.11,0.11,200000
ACL,20081022,0.21,0.22,0.2,0.22,193696
ACR,20081022,0.74,0.74,0.74,0.74,1900
ACS,20081022,0.125,0.125,0.105,0.105,37100
ACU,20081022,0.045,0.045,0.045,0.045,100000
ACW,20081022,0.05,0.05,0.05,0.05,4000
ADA,20081022,0.35,0.36,0.35,0.36,16021
ADD,20081022,0.023,0.023,0.023,0.023,6667
ADG,20081022,2.65,2.95,2.65,2.95,18000
ADI,20081022,0.24,0.25,0.215,0.25,95589
ADL,20081022,0.025,0.025,0.02,0.02,25000
ADN,20081022,0.068,0.068,0.068,0.068,88899
ADU,20081022,0.22,0.22,0.22,0.22,1011
ADY,20081022,0.038,0.039,0.036,0.037,6702799
AEC,20081022,3.05,3.33,3.05,3.33,3736
AED,20081022,1.315,1.35,1.255,1.35,192172
AEE,20081022,0.21,0.21,0.2,0.2,59400
AEI,20081022,0.125,0.125,0.125,0.125,4000
AEO,20081022,1.33,1.39,1.245,1.25,908181
AEP,20081022,1.805,1.9,1.805,1.89,79538
AEU,20081022,0.315,0.315,0.3,0.3,184814
AEX,20081022,0.006,0.006,0.006,0.006,100000
AEZ,20081022,0.135,0.14,0.13,0.13,451707
AFA,20081022,0.08,0.08,0.08,0.08,5000
AFG,20081022,0.125,0.14,0.11,0.13,3063937
AFI,20081022,4.53,4.64,4.51,4.55,234917
AGF,20081022,0.73,0.73,0.71,0.715,80077
AGG,20081022,5.51,5.51,5.5,5.5,600
AGK,20081022,14,14.04,13.72,13.74,1441736
AGO,20081022,0.89,0.89,0.85,0.88,1870190
AGS,20081022,0.45,0.46,0.435,0.44,227549
AHD,20081022,4.15,4.15,4.08,4.08,6396
AHE,20081022,0.95,0.96,0.9,0.9,292753
AHI,20081022,0.017,0.017,0.017,0.017,54800
AHN,20081022,0.065,0.065,0.065,0.065,8000
AHS,20081022,0.39,0.39,0.39,0.39,2614
AIA,20081022,1.65,1.65,1.615,1.62,104038
AII,20081022,0.18,0.18,0.175,0.18,63855
AIM,20081022,0.014,0.015,0.014,0.014,1209630
AIO,20081022,2.75,2.87,2.7,2.75,4501633
AIX,20081022,2.16,2.22,2.02,2.02,733699
AIZ,20081022,0.78,0.78,0.74,0.74,23599
AJL,20081022,3.57,3.73,3.57,3.6,292583
AKK,20081022,0.135,0.135,0.135,0.135,126000
ALB,20081022,0.41,0.46,0.395,0.45,674756
ALD,20081022,0.21,0.22,0.21,0.22,112575
ALK,20081022,0.185,0.185,0.18,0.185,232800
ALL,20081022,6.01,6.23,5.75,5.85,873034
ALR,20081022,1.45,1.47,1.45,1.47,31034
ALS,20081022,6.15,6.25,6,6.24,443718
ALT,20081022,0.023,0.024,0.023,0.024,216000
ALY,20081022,0.04,0.04,0.04,0.04,19750
ALZ,20081022,0.405,0.435,0.385,0.385,2364220
AMA,20081022,0.25,0.265,0.24,0.24,212151
AMC,20081022,5.77,5.82,5.64,5.64,1982586
AMH,20081022,0.54,0.54,0.54,0.54,43000
AMM,20081022,0.14,0.14,0.135,0.135,265000
AMP,20081022,6.49,6.49,6.07,6.1,4937239
AMT,20081022,0.35,0.38,0.35,0.38,5000
AMU,20081022,0.425,0.425,0.42,0.425,357803
AMX,20081022,0.088,0.088,0.088,0.088,25000
AND,20081022,0.72,0.72,0.595,0.605,326306
ANG,20081022,2.06,2.07,2.05,2.07,63000
ANH,20081022,0.013,0.013,0.012,0.012,837000
ANM,20081022,0.035,0.035,0.023,0.023,1016000
ANN,20081022,12.4,12.73,12.25,12.55,548479
ANP,20081022,0.05,0.05,0.05,0.05,81608
ANQ,20081022,0.09,0.09,0.08,0.08,63776
ANX,20081022,0.05,0.06,0.05,0.06,171832
ANZ,20081022,18.37,19.25,18.37,19,10817230
AOD,20081022,1.23,1.23,1.23,1.23,78459
AOE,20081022,2,2.29,1.96,2.18,2768290
AOK,20081022,0.09,0.09,0.09,0.09,1059000
AOM,20081022,0.008,0.008,0.006,0.006,301364
AON,20081022,0.23,0.23,0.23,0.23,18000
AOS,20081022,0.004,0.004,0.004,0.004,2000000
APA,20081022,3.15,3.19,3.1,3.1,412214
APB,20081022,0.09,0.09,0.09,0.09,2000
APD,20081022,0.325,0.325,0.325,0.325,5955
APE,20081022,9,9,9,9,528
APH,20081022,0.17,0.17,0.17,0.17,5000
API,20081022,0.6,0.62,0.56,0.56,410828
APK,20081022,0.175,0.175,0.175,0.175,14000
APM,20081022,0.004,0.004,0.004,0.004,1160000
APN,20081022,2.9,3.01,2.71,2.71,266461
APZ,20081022,0.905,0.905,0.845,0.85,522688
AQA,20081022,4.08,4.34,4.02,4.02,354792
AQE,20081022,0.2,0.2,0.2,0.2,20000
AQP,20081022,3.33,3.58,3.21,3.21,464326
ARA,20081022,0.32,0.32,0.32,0.32,9167
ARE,20081022,0.06,0.06,0.055,0.055,510000
ARG,20081022,6.42,6.45,6.31,6.34,89594
ARH,20081022,0.39,0.4,0.35,0.365,262240
ARO,20081022,0.005,0.005,0.005,0.005,100000
ARP,20081022,3.41,3.41,3.41,3.41,561
ARR,20081022,0.05,0.06,0.047,0.047,257447
ARU,20081022,0.32,0.32,0.27,0.27,270621
ARW,20081022,0.018,0.018,0.016,0.017,185000
ARX,20081022,0.025,0.025,0.025,0.025,100000
ASB,20081022,1.87,1.87,1.76,1.77,142990
ASL,20081022,1.17,1.2,1.165,1.19,146746
ASV,20081022,0.013,0.013,0.01,0.01,107725
ASX,20081022,32.69,32.69,31.85,31.99,727825
ASZ,20081022,0.7,0.7,0.7,0.7,502000
ATI,20081022,0.01,0.01,0.01,0.01,170400
ATP,20081022,0.32,0.32,0.32,0.32,21600
ATR,20081022,1.55,1.55,1.55,1.55,1200
ATV,20081022,0.07,0.085,0.07,0.085,20000
AUB,20081022,3.85,3.85,3.71,3.71,19490
AUN,20081022,1.05,1.05,0.98,1.02,1138918
AUQ,20081022,0.033,0.033,0.033,0.033,132264
AUT,20081022,0.26,0.26,0.26,0.26,210249
AUW,20081022,0.96,0.99,0.935,0.94,1167560
AVA,20081022,0.26,0.26,0.25,0.25,77600
AVE,20081022,1.53,1.53,1.48,1.5,51985
AVG,20081022,0.64,0.64,0.545,0.615,68421
AVH,20081022,0.054,0.058,0.054,0.058,18652
AVJ,20081022,0.465,0.465,0.46,0.46,14706
AVM,20081022,4.2,4.2,4.2,4.2,1700
AVO,20081022,1.6,1.6,1.49,1.515,639333
AVS,20081022,0.016,0.016,0.016,0.016,238000
AVX,20081022,0.12,0.12,0.115,0.12,1066477
AWB,20081022,2.66,2.75,2.66,2.71,812099
AWC,20081022,2.3,2.43,2.23,2.35,4343022
AWE,20081022,2.15,2.2,2.13,2.17,2319602
AXA,20081022,4.99,4.99,4.67,4.67,2023940
AXE,20081022,0.06,0.06,0.06,0.06,120000
AXI,20081022,0.066,0.069,0.06,0.06,367233
AXM,20081022,0.33,0.33,0.29,0.31,10216700
AXO,20081022,0.255,0.255,0.22,0.23,951300
AXQ,20081022,0.015,0.017,0.015,0.017,171286
AXY,20081022,0.039,0.039,0.038,0.038,93667
AXZ,20081022,0.11,0.11,0.105,0.105,23144
AYF,20081022,7,7,7,7,1398
AYT,20081022,1.4,1.41,1.4,1.4,31831
AZC,20081022,0.063,0.065,0.061,0.064,136000
AZZ,20081022,0.057,0.059,0.057,0.059,100000
BAR,20081022,0.069,0.07,0.067,0.067,83985
BAS,20081022,0.035,0.035,0.035,0.035,23210
BAU,20081022,0.19,0.19,0.18,0.19,124350
BBC,20081022,0.285,0.29,0.275,0.28,598100
BBG,20081022,12.05,12.46,11.46,11.51,934761
BBI,20081022,0.23,0.24,0.225,0.23,7078512
BBP,20081022,0.13,0.145,0.13,0.14,5409155
BBW,20081022,0.905,0.91,0.86,0.87,1494596
BCC,20081022,0.1,0.1,0.1,0.1,10000
BCD,20081022,0.097,0.1,0.095,0.096,530692
BCI,20081022,0.265,0.275,0.265,0.27,41290
BCM,20081022,2.4,2.49,2.15,2.2,370402
BDG,20081022,0.13,0.13,0.12,0.12,444030
BDL,20081022,0.1,0.1,0.095,0.095,530500
BEC,20081022,0.24,0.24,0.155,0.155,3273854
BEN,20081022,12.85,13.33,12.61,13.1,945153
BER,20081022,0.53,0.53,0.53,0.53,1000
BET,20081022,2,2,2,2,500
BFG,20081022,0.7,0.7,0.7,0.7,3909
BGD,20081022,0.09,0.095,0.084,0.095,175000
BHP,20081022,27.84,28.16,27.25,27.25,13363395
BJT,20081022,0.455,0.475,0.44,0.445,2102426
BKI,20081022,1.155,1.17,1.13,1.135,81648
BKL,20081022,16.5,16.75,16.5,16.75,31750
BKN,20081022,6.2,6.2,5.15,5.21,1087019
BKW,20081022,10.35,11.4,10.08,11.4,10046
BLD,20081022,5.45,5.54,5.32,5.38,2227163
BLG,20081022,0.215,0.215,0.19,0.195,382203
BLK,20081022,0.17,0.17,0.15,0.15,110000
BLP,20081022,0.18,0.18,0.17,0.17,21200
BLR,20081022,0.019,0.019,0.017,0.017,1048000
BLT,20081022,0.046,0.047,0.046,0.047,230000
BLY,20081022,0.62,0.68,0.62,0.635,20726519
BMN,20081022,0.3,0.375,0.3,0.365,539438
BNB,20081022,1.425,1.475,1.36,1.4,4297037
BND,20081022,0.46,0.46,0.46,0.46,1100
BNT,20081022,0.06,0.07,0.06,0.07,141000
BOC,20081022,0.7,0.73,0.7,0.73,1900
BOL,20081022,1,1.045,0.985,1.01,238107
BOM,20081022,0.1,0.1,0.1,0.1,10000
BON,20081022,0.05,0.05,0.047,0.047,192000
BOQ,20081022,13.75,14.1,13.31,13.36,359159
BOW,20081022,0.2,0.21,0.2,0.205,154500
BPO,20081022,0.019,0.019,0.019,0.019,100000
BPT,20081022,0.77,0.86,0.755,0.845,7858358
BRM,20081022,0.57,0.585,0.56,0.57,520142
BRU,20081022,0.19,0.195,0.185,0.185,290571
BRW,20081022,0.092,0.092,0.09,0.09,176100
BSA,20081022,0.17,0.17,0.17,0.17,29000
BSL,20081022,4.59,4.6,4.43,4.5,3157444
BTA,20081022,0.43,0.43,0.385,0.415,244072
BTC,20081022,0.11,0.11,0.11,0.11,16600
BTT,20081022,2.75,2.79,2.75,2.75,45850
BTU,20081022,0.2,0.2,0.2,0.2,100000
BTV,20081022,0.078,0.078,0.077,0.078,115454
BUG,20081022,0.43,0.43,0.43,0.43,5000
BUL,20081022,0.16,0.17,0.155,0.16,102143
BUX,20081022,0.066,0.067,0.066,0.067,365000
BUY,20081022,0.019,0.02,0.019,0.02,38500
BVA,20081022,0.51,0.51,0.44,0.48,197931
BWN,20081022,0.175,0.18,0.175,0.18,73000
BWP,20081022,1.85,1.865,1.815,1.85,615138
BXB,20081022,7.93,7.97,7.7,7.82,5803010
BYL,20081022,0.27,0.27,0.26,0.26,148000
CAA,20081022,0.13,0.13,0.125,0.13,788200
CAB,20081022,7.18,7.25,6.99,6.99,239080
CAF,20081022,0.2,0.2,0.19,0.19,15000
CAH,20081022,0.041,0.044,0.035,0.04,315444
CAL,20081022,0.55,0.55,0.5,0.505,196236
CAZ,20081022,0.12,0.135,0.115,0.115,38649
CBA,20081022,42.75,43.61,41.76,41.89,4529739
CBD,20081022,0.1,0.1,0.1,0.1,5000
CBH,20081022,0.06,0.065,0.058,0.065,1020263
CCD,20081022,0.69,0.7,0.6,0.65,106854
CCF,20081022,0.18,0.18,0.16,0.17,13000
CCL,20081022,8.41,8.55,8.02,8.1,2453609
CCP,20081022,0.655,0.67,0.64,0.64,17383
CCQ,20081022,0.41,0.45,0.41,0.45,54323
CCU,20081022,0.071,0.071,0.07,0.07,34000
CCV,20081022,0.25,0.265,0.25,0.265,72850
CCY,20081022,0.04,0.04,0.04,0.04,10000
CDA,20081022,0.6,0.6,0.575,0.6,210222
CDD,20081022,3.95,4.19,3.92,4.15,243745
CDF,20081022,1.18,1.195,1.172,1.195,5650
CDI,20081022,0.485,0.485,0.45,0.465,551575
CDP,20081022,3.9,3.9,3.9,3.9,300
CDU,20081022,1.4,1.42,1.35,1.41,42814
CEG,20081022,0.22,0.22,0.2,0.21,17011
CER,20081022,0.115,0.12,0.11,0.11,3647660
CEU,20081022,0.675,0.7,0.675,0.695,3679004
CEY,20081022,3.19,3.35,3.19,3.25,1877422
CFE,20081022,0.22,0.22,0.215,0.215,814283
CFR,20081022,0.006,0.006,0.006,0.006,4000000
CFU,20081022,0.17,0.21,0.155,0.18,1082805
CFX,20081022,2.15,2.23,2.11,2.23,9130995
CGF,20081022,2.13,2.19,2.07,2.09,1805994
CGG,20081022,0.15,0.15,0.135,0.145,319708
CGO,20081022,0.55,0.55,0.52,0.52,31474
CGS,20081022,0.15,0.15,0.15,0.15,100000
CGT,20081022,0.055,0.058,0.055,0.058,90000
CHB,20081022,18.98,18.98,18.5,18.5,78
CHC,20081022,0.535,0.535,0.425,0.43,1884099
CHN,20081022,0.08,0.08,0.08,0.08,6250
CIF,20081022,2.4,2.4,2.25,2.3,261748
CIG,20081022,0.017,0.017,0.015,0.017,6050288
CII,20081022,1.05,1.06,1.05,1.06,55000
CIL,20081022,1.37,1.37,1.3,1.3,50689
CIN,20081022,14.4,14.4,14.4,14.4,3144
CIR,20081022,0.675,0.675,0.675,0.675,1500
CIW,20081022,0.3,0.3,0.3,0.3,3300
CIY,20081022,0.19,0.19,0.155,0.17,128296
CKK,20081022,0.11,0.11,0.11,0.11,1800
CKP,20081022,1,1,1,1,6000
CKT,20081022,0.6,0.6,0.58,0.58,50300
CLO,20081022,0.5,0.5,0.485,0.485,159439
CLX,20081022,0.805,0.805,0.805,0.805,792
CMJ,20081022,1.96,2,1.835,1.835,1031503
CMO,20081022,0.022,0.025,0.022,0.025,330000
CMR,20081022,0.3,0.3,0.26,0.26,246360
CMV,20081022,0.23,0.23,0.225,0.225,11918
CMW,20081022,0.69,0.69,0.66,0.67,159905
CND,20081022,0.915,0.94,0.915,0.94,32254
CNH,20081022,0.15,0.16,0.15,0.16,14600
CNM,20081022,0.15,0.15,0.145,0.145,183471
CNP,20081022,0.075,0.078,0.074,0.078,3388815
CNT,20081022,0.72,0.77,0.72,0.77,16114
CNX,20081022,0.34,0.34,0.32,0.32,1167109
COE,20081022,0.29,0.305,0.28,0.295,682489
COF,20081022,2.24,2.24,2.2,2.23,60757
COH,20081022,57,57.01,55.1,55.1,255295
COI,20081022,0.09,0.09,0.09,0.09,7000
COK,20081022,0.4,0.4,0.36,0.38,308895
COO,20081022,0.021,0.021,0.021,0.021,250000
COU,20081022,1.19,1.19,1.17,1.17,224945
COZ,20081022,0.315,0.32,0.3,0.3,286793
CPA,20081022,1.39,1.43,1.355,1.37,5223753
CPB,20081022,25.1,26,25.1,25.9,37391
CPR,20081022,0.37,0.37,0.37,0.37,50000
CPU,20081022,7.84,7.95,7.43,7.59,2231309
CQT,20081022,0.18,0.18,0.165,0.17,290639
CQU,20081022,0.085,0.085,0.07,0.08,179574
CRB,20081022,0.05,0.05,0.05,0.05,10000
CRC,20081022,0.085,0.085,0.08,0.08,130900
CRG,20081022,10.07,10.25,8.87,8.87,440437
CRJ,20081022,0.036,0.036,0.032,0.032,42000
CRT,20081022,0.35,0.36,0.35,0.36,45000
CSE,20081022,0.083,0.083,0.083,0.083,33000
CSL,20081022,36.35,36.4,34.72,34.77,1974299
CSR,20081022,2.12,2.19,2.1,2.18,5876811
CSS,20081022,0.35,0.35,0.31,0.31,240387
CST,20081022,2.09,2.12,2.09,2.12,15313
CSV,20081022,0.7,0.7,0.7,0.7,7000
CTN,20081022,0.71,0.73,0.68,0.72,113381
CTO,20081022,0.2,0.205,0.195,0.2,933970
CTP,20081022,0.079,0.088,0.079,0.087,328198
CTS,20081022,0.048,0.048,0.048,0.048,10000
CTX,20081022,9.74,9.76,9.46,9.46,1098854
CUE,20081022,0.14,0.145,0.135,0.14,322681
CUL,20081022,0.055,0.058,0.054,0.058,160000
CUO,20081022,0.135,0.135,0.13,0.13,2554332
CUR,20081022,1.02,1.02,1.02,1.02,2000
CUS,20081022,0.096,0.1,0.096,0.1,226876
CUV,20081022,0.255,0.255,0.25,0.255,68800
CVC,20081022,0.825,0.825,0.82,0.82,40000
CVI,20081022,0.02,0.02,0.018,0.02,4623803
CVN,20081022,0.29,0.295,0.285,0.29,1412813
CVR,20081022,0.045,0.048,0.045,0.048,190000
CVS,20081022,0.03,0.03,0.03,0.03,10000
CWK,20081022,0.22,0.22,0.2,0.2,125000
CWN,20081022,7.16,7.38,6.9,6.9,1163781
CWP,20081022,1.7,1.7,1.7,1.7,12500
CWT,20081022,0.53,0.535,0.52,0.53,61734
CXC,20081022,1.175,1.175,1.09,1.13,242703
CXD,20081022,0.7,0.7,0.7,0.7,7142
CXG,20081022,0.53,0.53,0.49,0.5,86761
CXM,20081022,0.18,0.18,0.18,0.18,5580
CXP,20081022,4.9,5.23,4.9,4.94,283972
CXS,20081022,0.6,0.6,0.6,0.6,5000
CXY,20081022,0.077,0.077,0.07,0.071,8182759
CYA,20081022,0.86,0.86,0.805,0.815,121703
CYT,20081022,0.12,0.12,0.12,0.12,37889
CYU,20081022,0.105,0.115,0.105,0.115,30000
CZA,20081022,1.095,1.1,1.015,1.015,231818
DDD,20081022,0.035,0.035,0.035,0.035,20000
DDT,20081022,0.1,0.1,0.1,0.1,91436
DEG,20081022,0.039,0.039,0.038,0.038,25000
DES,20081022,0.02,0.022,0.02,0.02,146021
DEX,20081022,0.71,0.72,0.71,0.72,31896
DGH,20081022,0.375,0.375,0.37,0.37,8500
DGR,20081022,0.055,0.055,0.054,0.054,73655
DGX,20081022,0.295,0.3,0.295,0.3,94244
DIA,20081022,0.01,0.01,0.01,0.01,50000
DIO,20081022,0.38,0.395,0.38,0.395,47891
DJS,20081022,3.2,3.2,3.04,3.04,1902822
DJW,20081022,3.74,3.75,3.71,3.72,43264
DKN,20081022,0.67,0.67,0.67,0.67,20205
DKS,20081022,5.8,5.9,5.71,5.8,4150
DLS,20081022,0.027,0.031,0.027,0.03,878961
DMG,20081022,0.09,0.145,0.09,0.145,192425
DML,20081022,0.205,0.205,0.19,0.19,6100
DMM,20081022,0.29,0.32,0.29,0.32,32000
DMP,20081022,2.8,2.8,2.8,2.8,5700
DOM,20081022,2.27,2.27,2.15,2.15,157421
DOW,20081022,5.22,5.45,5.1,5.19,2545879
DRA,20081022,0.05,0.05,0.05,0.05,250000
DRK,20081022,0.06,0.07,0.06,0.07,89000
DRX,20081022,0.09,0.09,0.085,0.09,85000
DSN,20081022,0.16,0.16,0.16,0.16,3500
DTL,20081022,5.45,5.5,5.45,5.48,5917
DTM,20081022,0.11,0.11,0.11,0.11,20000
DUE,20081022,2.75,2.79,2.72,2.72,1710863
DUL,20081022,0.044,0.044,0.044,0.044,5000
DVA,20081022,0.011,0.011,0.011,0.011,40000
DVN,20081022,0.69,0.7,0.67,0.67,173396
DWS,20081022,0.725,0.725,0.665,0.665,169551
DWY,20081022,0.07,0.07,0.07,0.07,58000
DXS,20081022,1.305,1.32,1.245,1.27,15311078
DYE,20081022,0.68,0.68,0.62,0.675,91159
DYL,20081022,0.145,0.145,0.14,0.14,743178
EAR,20081022,0.04,0.04,0.04,0.04,37500
EBB,20081022,0.12,0.125,0.095,0.095,49898
EBI,20081022,1.94,2.02,1.94,2,75243
EBT,20081022,0.04,0.04,0.04,0.04,25000
ECU,20081022,0.18,0.18,0.165,0.165,37500
EDS,20081022,0.15,0.15,0.15,0.15,50000
EEE,20081022,0.055,0.055,0.055,0.055,60000
EER,20081022,0.235,0.235,0.235,0.235,4500
EFE,20081022,0.15,0.15,0.15,0.15,15340
EFT,20081022,0.05,0.05,0.05,0.05,100000
EGF,20081022,1.695,1.72,1.67,1.67,183539
EGL,20081022,0.058,0.058,0.058,0.058,36666
EGO,20081022,0.012,0.013,0.012,0.012,10487563
EHL,20081022,0.73,0.795,0.73,0.76,2192962
ELK,20081022,0.19,0.19,0.19,0.19,20000
ELX,20081022,0.2,0.2,0.195,0.2,132000
ELY,20081022,0.09,0.09,0.09,0.09,49200
EMB,20081022,4,4,4,4,4000
EME,20081022,0.43,0.43,0.43,0.43,2600
EMR,20081022,0.105,0.11,0.1,0.1,590000
EMS,20081022,0.13,0.145,0.13,0.14,311110
EMU,20081022,0.047,0.047,0.045,0.045,150000
ENB,20081022,0.094,0.094,0.094,0.094,8000
ENE,20081022,2.63,2.63,2.56,2.6,246993
ENG,20081022,0.018,0.018,0.018,0.018,45000
ENV,20081022,0.685,0.695,0.67,0.67,624813
EPF,20081022,0.11,0.11,0.11,0.11,49842
EPG,20081022,0.3,0.3,0.28,0.28,196000
EPR,20081022,0.036,0.036,0.035,0.036,400000
EPS,20081022,0.105,0.105,0.086,0.086,20109
EPY,20081022,0.02,0.02,0.02,0.02,150000
EQN,20081022,1.76,1.835,1.75,1.75,1755682
EQT,20081022,18,18,17.3,17.3,89
EQX,20081022,0.1,0.1,0.1,0.1,18000
ERA,20081022,13.14,14.39,13.14,14.2,239769
ERG,20081022,0.01,0.01,0.01,0.01,1335009
ERH,20081022,0.16,0.16,0.145,0.155,42800
ERL,20081022,0.04,0.04,0.04,0.04,15000
ERM,20081022,0.096,0.1,0.095,0.1,555000
ESG,20081022,0.29,0.3,0.28,0.285,724059
ESI,20081022,0.038,0.038,0.035,0.038,654400
ESS,20081022,0.7,0.7,0.65,0.65,15800
ESW,20081022,0.16,0.16,0.16,0.16,2500
ETC,20081022,0.31,0.31,0.28,0.3,115500
ETE,20081022,0.081,0.081,0.078,0.08,627603
EVM,20081022,0.058,0.07,0.058,0.07,251678
EVZ,20081022,0.135,0.135,0.12,0.125,966000
EWC,20081022,0.405,0.41,0.38,0.4,3857590
EXM,20081022,0.006,0.006,0.005,0.005,689272
EXR,20081022,0.07,0.07,0.065,0.07,734950
EXS,20081022,0.115,0.135,0.115,0.12,115000
EXT,20081022,1.045,1.045,0.955,0.955,11000
EZL,20081022,1.1,1.13,1.07,1.1,86788
FAC,20081022,0.05,0.05,0.05,0.05,145000
FAS,20081022,0.066,0.066,0.061,0.061,105667
FBU,20081022,5.62,5.65,5.45,5.53,82332
FCL,20081022,1.11,1.19,1.085,1.19,3522186
FCP,20081022,0.013,0.013,0.013,0.013,240000
FDY,20081022,0.1,0.11,0.095,0.095,1005000
FEA,20081022,0.4,0.4,0.385,0.4,304826
FER,20081022,0.225,0.25,0.225,0.25,14000
FFI,20081022,3.33,3.33,3,3,11000
FGE,20081022,0.355,0.355,0.35,0.35,60000
FGL,20081022,5.4,5.4,5.26,5.29,5628145
FKP,20081022,1.2,1.21,1.07,1.09,2149459
FLT,20081022,16.03,16.36,15.18,15.6,317368
FLX,20081022,9.08,10.5,9.08,9.74,617568
FMG,20081022,3.15,3.18,3.05,3.1,7300355
FML,20081022,0.027,0.027,0.024,0.027,1483000
FMS,20081022,0.065,0.067,0.064,0.064,6364439
FNT,20081022,0.033,0.038,0.032,0.038,162801
FPA,20081022,1.18,1.18,1.175,1.175,1755836
FPH,20081022,2.89,2.89,2.84,2.84,13293
FRE,20081022,0.13,0.13,0.13,0.13,7205
FRI,20081022,0.51,0.51,0.51,0.51,5025
FRS,20081022,0.27,0.27,0.24,0.24,179651
FSA,20081022,0.22,0.22,0.22,0.22,600
FSE,20081022,0.023,0.023,0.021,0.021,1796907
FSN,20081022,0.27,0.27,0.27,0.27,10154
FTD,20081022,0.03,0.03,0.03,0.03,161208
FUN,20081022,0.25,0.275,0.245,0.245,93216
FUT,20081022,0.003,0.003,0.003,0.003,2150000
FWD,20081022,6.85,6.95,6.75,6.79,100625
FWL,20081022,0.058,0.06,0.058,0.06,64000
FXI,20081022,0.69,0.69,0.69,0.69,14608
FXJ,20081022,2.1,2.16,2.1,2.11,5009619
FXL,20081022,0.36,0.36,0.33,0.36,60288
FXR,20081022,0.155,0.16,0.14,0.14,228481
GBA,20081022,0.056,0.056,0.056,0.056,10000
GBE,20081022,0.125,0.125,0.125,0.125,10000
GBG,20081022,0.38,0.385,0.37,0.38,1243037
GBI,20081022,0.16,0.16,0.16,0.16,15000
GBP,20081022,0.11,0.11,0.11,0.11,89200
GBZ,20081022,0.08,0.08,0.08,0.08,10000
GCL,20081022,4.36,4.55,4.19,4.47,1025500
GCR,20081022,0.012,0.012,0.011,0.011,333333
GCS,20081022,0.7,0.7,0.7,0.7,13016
GDA,20081022,0.038,0.038,0.038,0.038,100000
GDN,20081022,0.06,0.06,0.054,0.06,813000
GDR,20081022,0.048,0.048,0.04,0.04,137468
GDY,20081022,0.775,0.795,0.74,0.75,338201
GFE,20081022,0.051,0.051,0.051,0.051,1484
GFF,20081022,1.48,1.5,1.47,1.47,8584530
GGG,20081022,0.19,0.19,0.19,0.19,110040
GGP,20081022,0.255,0.26,0.24,0.24,231230
GGY,20081022,0.035,0.035,0.035,0.035,17000
GIR,20081022,0.5,0.5,0.465,0.495,113005
GJT,20081022,0.225,0.225,0.2,0.225,410514
GLB,20081022,0.305,0.305,0.305,0.305,10000
GLF,20081022,0.051,0.051,0.051,0.051,97632
GLI,20081022,0.195,0.195,0.19,0.19,304287
GLM,20081022,0.09,0.09,0.09,0.09,6000
GLX,20081022,0.04,0.043,0.04,0.042,437752
GMD,20081022,0.12,0.12,0.12,0.12,7500
GME,20081022,0.07,0.078,0.07,0.07,96000
GMG,20081022,1.415,1.415,1.165,1.2,16152075
GMI,20081022,1.1,1.1,1.06,1.06,210154
GMX,20081022,1.04,1.05,1.03,1.05,348662
GNC,20081022,6.99,7,6.93,6.98,65498
GNI,20081022,0.06,0.06,0.06,0.06,16000
GNM,20081022,0.89,0.89,0.89,0.89,3000
GNS,20081022,1.12,1.14,1.09,1.09,1723672
GNV,20081022,0.25,0.3,0.25,0.25,16000
GOA,20081022,0.011,0.012,0.011,0.012,147504
GPG,20081022,0.9,0.9,0.885,0.895,578093
GPM,20081022,0.21,0.21,0.205,0.205,391691
GPN,20081022,0.006,0.006,0.005,0.005,720000
GRD,20081022,0.52,0.52,0.46,0.48,758165
GRK,20081022,0.04,0.04,0.035,0.038,601467
GRR,20081022,0.68,0.68,0.635,0.68,75894
GRT,20081022,0.4,0.4,0.4,0.4,5000
GTG,20081022,0.046,0.046,0.046,0.046,83038
GTP,20081022,0.405,0.425,0.385,0.385,1032030
GUD,20081022,5.4,5.59,5.19,5.59,593865
GUN,20081022,0.069,0.075,0.069,0.075,98545
GWR,20081022,0.57,0.57,0.55,0.55,40385
GWT,20081022,2.73,2.9,2.73,2.77,684500
GYN,20081022,0.07,0.07,0.07,0.07,22471
HAP,20081022,0.56,0.56,0.56,0.56,30191
HAW,20081022,0.012,0.014,0.012,0.014,120000
HDF,20081022,2.5,2.63,2.45,2.61,472763
HEG,20081022,0.135,0.135,0.13,0.13,109800
HFA,20081022,0.45,0.45,0.4,0.41,413677
HGI,20081022,1.61,1.635,1.565,1.6,2231941
HGO,20081022,0.093,0.099,0.09,0.099,315957
HHL,20081022,6.7,7.34,6.7,7.34,4839
HHV,20081022,0.6,0.6,0.59,0.6,307613
HHY,20081022,1.04,1.04,1.04,1.04,27908
HIG,20081022,0.064,0.064,0.06,0.06,92544
HII,20081022,0.165,0.165,0.165,0.165,7000
HIL,20081022,4.2,4.35,4.13,4.13,217336
HIP,20081022,1.35,1.35,1.35,1.35,7300
HLD,20081022,0.13,0.13,0.13,0.13,43330
HLG,20081022,0.45,0.45,0.45,0.45,15000
HMC,20081022,0.057,0.057,0.055,0.055,975661
HNG,20081022,1.45,1.45,1.41,1.41,6680
HNR,20081022,0.17,0.17,0.17,0.17,3000
HRL,20081022,0.09,0.09,0.086,0.086,75856
HRR,20081022,0.175,0.175,0.165,0.17,100874
HRS,20081022,0.145,0.145,0.145,0.145,30000
HSN,20081022,0.37,0.37,0.37,0.37,15000
HSP,20081022,4.65,4.74,4.55,4.63,1633866
HST,20081022,1.55,1.6,1.51,1.525,598574
HTA,20081022,0.091,0.091,0.09,0.09,9595
HTE,20081022,0.044,0.044,0.044,0.044,10000
HTW,20081022,0.59,0.6,0.59,0.6,40720
HVN,20081022,2.75,2.75,2.66,2.66,2632174
HWI,20081022,0.725,0.75,0.725,0.75,4419
HXL,20081022,0.6,0.6,0.6,0.6,10000
HYO,20081022,0.025,0.025,0.025,0.025,30000
HZN,20081022,0.205,0.205,0.19,0.19,234867
IAA,20081022,38.54,38.54,38.42,38.42,1280
IAG,20081022,3.95,3.96,3.76,3.8,5081312
IAS,20081022,0.16,0.16,0.155,0.155,10400
IAU,20081022,0.135,0.135,0.13,0.13,199337
IBA,20081022,0.65,0.67,0.645,0.66,1502465
IBG,20081022,0.077,0.077,0.077,0.077,1650
IBK,20081022,37.68,37.68,36.93,36.93,820
ICD,20081022,0.185,0.185,0.18,0.18,7700
ICN,20081022,0.155,0.155,0.14,0.15,225350
ICP,20081022,0.033,0.037,0.033,0.037,514250
IDL,20081022,0.21,0.215,0.19,0.195,7570676
IDM,20081022,0.3,0.3,0.3,0.3,42000
IDO,20081022,0.46,0.46,0.46,0.46,50000
IDT,20081022,1.81,1.81,1.81,1.81,2500
IEF,20081022,0.55,0.55,0.55,0.55,15000
IEM,20081022,36.41,36.49,35.38,35.41,5439
IEU,20081022,46.31,46.31,46,46,146
IFE,20081022,0.19,0.2,0.19,0.2,82665
IFL,20081022,5.02,5.3,4.93,4.93,51300
IFM,20081022,0.37,0.37,0.36,0.365,76400
IGC,20081022,0.235,0.24,0.23,0.235,585974
IGG,20081022,0.365,0.365,0.365,0.365,21210
IGO,20081022,1.7,1.725,1.54,1.54,751998
IGR,20081022,0.11,0.12,0.105,0.105,1806755
IHF,20081022,0.74,0.78,0.74,0.74,26557
IHK,20081022,16.03,16.03,16.03,16.03,1002
IIF,20081022,1.065,1.065,0.91,0.975,6141928
IIN,20081022,1.3,1.3,1.265,1.275,61414
IJP,20081022,13.6,13.6,13.53,13.6,1900
IKO,20081022,41.55,41.55,41.24,41.24,260
ILF,20081022,0.185,0.19,0.17,0.175,1102107
ILU,20081022,4.17,4.53,4.15,4.4,2421069
IMA,20081022,0.31,0.31,0.26,0.29,101200
IMD,20081022,0.58,0.58,0.57,0.58,742975
IMF,20081022,0.75,0.75,0.75,0.75,10700
IMI,20081022,0.006,0.006,0.005,0.005,445000
IMP,20081022,0.008,0.008,0.007,0.007,610000
IMU,20081022,0.06,0.06,0.06,0.06,40000
INE,20081022,0.38,0.38,0.365,0.365,45000
INL,20081022,0.02,0.02,0.02,0.02,121640
INP,20081022,0.27,0.295,0.265,0.265,199995
INT,20081022,0.008,0.008,0.007,0.007,1950000
IOF,20081022,1.265,1.295,1.185,1.185,4384265
IOH,20081022,0.2,0.2,0.19,0.2,60996
IOO,20081022,77.08,77.5,75.75,75.75,1789
IPA,20081022,0.075,0.075,0.075,0.075,9649
IPE,20081022,0.57,0.59,0.57,0.59,16485
IPL,20081022,4.6,4.84,4.44,4.51,5606532
IPM,20081022,0.81,0.83,0.81,0.81,43125
IPR,20081022,0.096,0.096,0.088,0.088,598433
IRE,20081022,4.76,4.79,4.57,4.79,1803240
IRI,20081022,0.28,0.28,0.28,0.28,159107
IRL,20081022,0.019,0.02,0.017,0.018,222000
IRM,20081022,0.105,0.11,0.105,0.11,17500
IRN,20081022,0.51,0.55,0.5,0.55,462637
IRU,20081022,79.6,79.6,79.6,79.6,55
ISG,20081022,11.06,11.17,11.06,11.17,1502
ISK,20081022,0.22,0.22,0.22,0.22,65000
ISS,20081022,0.4,0.4,0.4,0.4,88750
ITC,20081022,0.038,0.038,0.036,0.036,92110
ITD,20081022,0.11,0.11,0.11,0.11,78000
ITE,20081022,0.037,0.04,0.037,0.04,550000
ITW,20081022,13,13,13,13,760
ITX,20081022,0.665,0.665,0.665,0.665,5000
IVA,20081022,0.5,0.5,0.5,0.5,15474
IVC,20081022,4.62,4.85,4.62,4.7,219432
IVE,20081022,67.33,67.39,67.21,67.22,358
IVV,20081022,143.14,143.14,142.25,142.25,1452
IWI,20081022,0.9,0.9,0.9,0.9,1000
IXR,20081022,0.3,0.305,0.3,0.3,270000
IZZ,20081022,40.54,40.65,39.92,39.95,2965
JAK,20081022,0.04,0.04,0.033,0.035,389430
JAT,20081022,0.06,0.06,0.05,0.05,265000
JBH,20081022,10.9,11.02,10.75,10.86,1334399
JGL,20081022,0.13,0.13,0.115,0.13,399000
JHX,20081022,4.7,4.79,4.62,4.65,2471141
JMB,20081022,0.51,0.51,0.51,0.51,6150
JML,20081022,0.145,0.155,0.14,0.15,771136
JMS,20081022,0.115,0.115,0.115,0.115,60000
JPR,20081022,0.025,0.025,0.022,0.025,870000
JRV,20081022,0.015,0.015,0.014,0.014,3645000
JYC,20081022,0.72,0.72,0.72,0.72,20000
KAL,20081022,0.023,0.024,0.02,0.024,220000
KAM,20081022,0.23,0.25,0.23,0.25,60000
KAR,20081022,2.25,2.3,2.17,2.23,188536
KBC,20081022,0.29,0.29,0.285,0.285,170941
KCN,20081022,3.41,3.41,2.95,2.95,506474
KEY,20081022,0.13,0.13,0.13,0.13,37606
KGL,20081022,0.06,0.06,0.045,0.06,40000
KIK,20081022,0.085,0.085,0.078,0.085,819982
KIL,20081022,0.635,0.66,0.62,0.65,180878
KIS,20081022,0.28,0.28,0.28,0.28,10000
KMN,20081022,0.13,0.13,0.12,0.13,657159
KOV,20081022,3.75,3.75,3.75,3.75,2750
KRS,20081022,0.185,0.185,0.185,0.185,34000
KSX,20081022,0.024,0.024,0.024,0.024,310000
KTE,20081022,0.032,0.032,0.031,0.031,250000
KZL,20081022,1.16,1.195,1.15,1.155,956603
LBT,20081022,0.13,0.13,0.125,0.125,51000
LBY,20081022,0.09,0.09,0.09,0.09,5000
LCT,20081022,0.21,0.21,0.17,0.19,453000
LDW,20081022,2.75,2.75,2.72,2.72,10000
LEG,20081022,0.011,0.011,0.011,0.011,653005
LEI,20081022,31.2,32,30.15,31,831101
LEP,20081022,2.85,2.85,2.7,2.82,61563
LFE,20081022,0.059,0.059,0.059,0.059,933
LGL,20081022,1.88,1.925,1.805,1.805,17519244
LKO,20081022,0.004,0.004,0.004,0.004,818000
LLA,20081022,0.026,0.026,0.025,0.025,1189000
LLC,20081022,7.38,7.45,7.25,7.25,1357687
LMC,20081022,3.25,3.25,3.25,3.25,1000
LML,20081022,0.15,0.15,0.15,0.15,100000
LMP,20081022,0.092,0.092,0.09,0.09,497690
LNC,20081022,2.99,2.99,2.85,2.91,785509
LNG,20081022,0.49,0.58,0.48,0.53,151426
LNN,20081022,8.37,8.54,8.28,8.45,2808950
LRF,20081022,0.53,0.58,0.52,0.53,126800
LSA,20081022,0.009,0.009,0.009,0.009,780000
LSL,20081022,0.001,0.002,0.001,0.002,10970800
LST,20081022,1.28,1.28,1.23,1.23,116885
LYC,20081022,0.345,0.365,0.325,0.325,4939623
LYL,20081022,2.88,2.88,2.8,2.8,1010
MAE,20081022,0.32,0.32,0.295,0.32,487736
MAH,20081022,1.145,1.145,0.95,0.95,4116124
MAK,20081022,0.71,0.725,0.67,0.695,375103
MAN,20081022,0.007,0.007,0.006,0.006,280000
MAP,20081022,2.46,2.52,2.46,2.48,6256166
MAQ,20081022,0.5,0.5,0.5,0.5,570
MAR,20081022,0.086,0.086,0.086,0.086,75000
MBA,20081022,0.029,0.029,0.029,0.029,25000
MBD,20081022,0.055,0.055,0.055,0.055,105400
MBI,20081022,0.014,0.014,0.013,0.013,250000
MBN,20081022,1.9,1.9,1.55,1.6,253889
MBP,20081022,0.03,0.03,0.03,0.03,17000
MBT,20081022,0.46,0.46,0.46,0.46,15000
MCC,20081022,6.12,7.13,6.03,7,1189588
MCG,20081022,1.925,2.01,1.865,1.92,956834
MCK,20081022,0.35,0.35,0.35,0.35,8919
MCO,20081022,0.165,0.17,0.155,0.17,225350
MCP,20081022,2.25,2.28,2.22,2.22,6954
MCR,20081022,0.92,0.92,0.86,0.86,911113
MCU,20081022,0.45,0.5,0.45,0.5,194200
MCW,20081022,0.58,0.58,0.525,0.535,2167629
MDA,20081022,0.245,0.245,0.245,0.245,57700
MDL,20081022,0.4,0.41,0.355,0.405,1035960
MDT,20081022,0.16,0.17,0.16,0.16,3642077
MEL,20081022,0.345,0.345,0.34,0.34,166079
MEO,20081022,0.165,0.165,0.155,0.16,195344
MES,20081022,0.1,0.1,0.1,0.1,10000
MET,20081022,0.08,0.08,0.08,0.08,50300
MEU,20081022,0.045,0.045,0.042,0.042,66000
MFC,20081022,0.062,0.062,0.062,0.062,215000
MFF,20081022,0.585,0.59,0.58,0.58,118500
MFG,20081022,0.5,0.525,0.5,0.525,26282
MFI,20081022,0.021,0.025,0.021,0.022,130875
MGK,20081022,0.024,0.024,0.024,0.024,40000
MGO,20081022,0.082,0.083,0.081,0.081,522050
MGR,20081022,2.02,2.15,1.965,2,2486770
MGX,20081022,0.445,0.445,0.4,0.405,17338988
MGY,20081022,0.068,0.068,0.06,0.06,62400
MHI,20081022,0.15,0.16,0.15,0.16,24462
MHL,20081022,0.006,0.006,0.005,0.005,1120000
MIG,20081022,2.2,2.2,2.04,2.09,14612667
MIK,20081022,0.165,0.165,0.15,0.165,52108
MIN,20081022,3,3.1,2.93,2.99,148178
MIR,20081022,1.51,1.51,1.46,1.46,32198
MIT,20081022,1.35,1.35,1.35,1.35,3846
MIX,20081022,0.125,0.13,0.115,0.115,2026253
MKY,20081022,0.012,0.012,0.012,0.012,395357
MLB,20081022,2.18,2.21,2.1,2.13,81929
MLE,20081022,1.32,1.32,1.295,1.305,410924
MLM,20081022,0.25,0.25,0.25,0.25,3830
MLS,20081022,0.011,0.011,0.01,0.01,1050000
MLT,20081022,17,17.39,17,17.1,7138
MLX,20081022,0.15,0.15,0.14,0.15,200000
MMA,20081022,0.53,0.56,0.505,0.56,83335
MMB,20081022,0.29,0.29,0.28,0.28,46800
MMG,20081022,2.19,2.4,2.02,2.02,735942
MML,20081022,0.65,0.695,0.65,0.67,299000
MMN,20081022,0.04,0.04,0.038,0.039,388807
MMS,20081022,2.24,2.24,2.21,2.21,2500
MMX,20081022,0.57,0.57,0.51,0.53,1338853
MND,20081022,10.61,11,10.3,10.4,171192
MNM,20081022,0.08,0.08,0.08,0.08,17500
MOC,20081022,0.93,0.93,0.9,0.92,20695
MOF,20081022,0.68,0.695,0.655,0.655,6284624
MOL,20081022,0.54,0.545,0.5,0.5,252416
MOS,20081022,0.083,0.084,0.08,0.082,625903
MOY,20081022,0.027,0.027,0.026,0.026,60000
MPD,20081022,0.014,0.014,0.014,0.014,25000
MPF,20081022,0.32,0.33,0.32,0.33,99454
MPI,20081022,0.016,0.016,0.016,0.016,69000
MPJ,20081022,0.003,0.003,0.003,0.003,266683
MPO,20081022,0.52,0.52,0.46,0.465,318755
MPS,20081022,0.22,0.23,0.215,0.22,26500
MQG,20081022,33.18,34.75,32.82,32.99,1276068
MRA,20081022,0.24,0.25,0.2,0.21,598920
MRC,20081022,0.05,0.05,0.05,0.05,47000
MRE,20081022,0.7,0.725,0.63,0.63,2366696
MRM,20081022,1.4,1.4,1.37,1.38,80383
MRO,20081022,0.13,0.14,0.12,0.14,60539
MRU,20081022,0.89,0.89,0.8,0.84,17294
MRX,20081022,0.027,0.03,0.027,0.028,2803019
MRZ,20081022,0.485,0.5,0.48,0.495,531481
MSA,20081022,0.15,0.15,0.15,0.15,25000
MSB,20081022,0.92,0.92,0.88,0.88,26130
MSC,20081022,0.012,0.012,0.012,0.012,2066666
MSL,20081022,1.85,1.85,1.82,1.835,237736
MSR,20081022,0.08,0.093,0.08,0.093,18871
MST,20081022,0.04,0.041,0.04,0.041,85000
MTB,20081022,0.01,0.01,0.01,0.01,200000
MTH,20081022,0.135,0.135,0.12,0.12,36000
MTN,20081022,0.255,0.3,0.205,0.22,1537671
MTS,20081022,4.35,4.35,4.05,4.07,2800182
MTU,20081022,0.56,0.56,0.54,0.54,3149
MUE,20081022,0.3,0.32,0.29,0.32,13200
MUM,20081022,0.07,0.07,0.07,0.07,10333
MUN,20081022,0.19,0.19,0.17,0.19,330317
MUR,20081022,0.055,0.055,0.051,0.051,45000
MWE,20081022,0.053,0.058,0.049,0.058,1305532
MWG,20081022,1.02,1.02,1.02,1.02,95000
MXI,20081022,0.455,0.46,0.45,0.46,137925
MXR,20081022,0.071,0.08,0.07,0.08,180000
MYG,20081022,0.05,0.05,0.05,0.05,42000
MYO,20081022,1,1,0.98,0.98,140681
NAB,20081022,24.51,25.85,24.45,25.65,8808986
NAD,20081022,0.01,0.01,0.009,0.01,516524
NAL,20081022,0.006,0.006,0.005,0.005,3686981
NAM,20081022,0.39,0.39,0.39,0.39,3000
NAN,20081022,0.24,0.24,0.22,0.22,120000
NAV,20081022,0.18,0.185,0.17,0.185,98900
NBL,20081022,1.37,1.4,1.37,1.4,6000
NCI,20081022,1.1,1.1,1.05,1.05,15777
NCK,20081022,0.66,0.66,0.66,0.66,18126
NCM,20081022,21.11,21.49,20.3,20.44,2478272
NDL,20081022,0.06,0.06,0.06,0.06,20490
NDO,20081022,0.145,0.155,0.14,0.15,6212890
NEC,20081022,0.64,0.64,0.64,0.64,11500
NEM,20081022,4,4.27,4,4.22,77814
NEO,20081022,0.016,0.016,0.016,0.016,380123
NFE,20081022,1.13,1.13,1.13,1.13,20000
NFK,20081022,0.45,0.45,0.45,0.45,114300
NFL,20081022,0.06,0.061,0.06,0.06,106621
NGF,20081022,0.125,0.13,0.12,0.125,636000
NGM,20081022,0.01,0.01,0.01,0.01,210000
NGY,20081022,0.04,0.04,0.04,0.04,138000
NHC,20081022,3.47,3.54,3.45,3.45,317117
NHF,20081022,0.67,0.675,0.65,0.665,70243
NKP,20081022,0.265,0.265,0.265,0.265,4000
NLB,20081022,0.52,0.52,0.52,0.52,5372
NLG,20081022,0.009,0.009,0.009,0.009,88675
NLX,20081022,0.195,0.195,0.195,0.195,4121
NMI,20081022,0.045,0.045,0.045,0.045,11222
NMS,20081022,0.33,0.34,0.32,0.34,295628
NOD,20081022,0.96,0.995,0.96,0.99,89425
NRL,20081022,0.031,0.031,0.031,0.031,100000
NRT,20081022,1,1,0.97,0.97,56230
NSE,20081022,0.085,0.085,0.08,0.08,31412
NSL,20081022,0.02,0.02,0.019,0.02,298103
NSX,20081022,0.125,0.125,0.125,0.125,40000
NTC,20081022,0.155,0.155,0.155,0.155,20000
NTU,20081022,0.16,0.16,0.135,0.135,29169
NUF,20081022,13.45,13.45,12.03,12.4,777428
NVT,20081022,2.24,2.24,2.16,2.19,150673
NWH,20081022,0.665,0.685,0.6,0.6,679179
NWR,20081022,0.04,0.04,0.04,0.04,2369
NWS,20081022,14.1,14.27,13.95,14,1723575
NWT,20081022,0.002,0.002,0.001,0.002,5050500
NXS,20081022,0.535,0.595,0.53,0.55,32774189
NZO,20081022,1.07,1.11,1.07,1.08,161433
ODN,20081022,0.037,0.037,0.036,0.036,100000
ODY,20081022,0.1,0.1,0.1,0.1,200000
OEC,20081022,0.057,0.06,0.057,0.06,42252
OEL,20081022,0.215,0.23,0.2,0.23,378489
OEQ,20081022,0.45,0.45,0.43,0.43,34000
OEX,20081022,0.555,0.58,0.535,0.555,384216
OFG,20081022,0.8,0.8,0.76,0.76,28801
OGC,20081022,0.35,0.35,0.315,0.33,154277
OIF,20081022,0.285,0.285,0.27,0.27,692376
OIL,20081022,0.065,0.065,0.065,0.065,9000
OIP,20081022,0.04,0.045,0.04,0.045,410000
OKN,20081022,2.2,2.4,2.16,2.21,526947
OKU,20081022,0.05,0.05,0.035,0.035,47287
OLE,20081022,0.022,0.022,0.022,0.022,50000
OMH,20081022,1.165,1.285,1.165,1.28,1443904
OMI,20081022,0.28,0.32,0.28,0.32,44000
ONC,20081022,0.125,0.125,0.115,0.115,70000
ONT,20081022,2.4,2.4,2.4,2.4,5000
ORD,20081022,0.06,0.067,0.06,0.067,70000
ORE,20081022,0.245,0.245,0.245,0.245,20000
ORG,20081022,16,16.14,15.8,15.96,2687678
ORI,20081022,17.6,18.2,17.6,18,1394407
ORL,20081022,3,3,2.9,3,16700
ORO,20081022,0.012,0.012,0.012,0.012,41700
OSH,20081022,4.03,4.14,3.66,3.66,5753591
OST,20081022,3.83,4.05,3.83,3.9,3171504
OZL,20081022,1.075,1.135,1.065,1.09,18012405
PAG,20081022,1.29,1.29,1.17,1.22,319988
PAN,20081022,1.04,1.05,1.005,1.01,780801
PBA,20081022,0.61,0.61,0.6,0.6,111438
PBD,20081022,0.29,0.295,0.29,0.295,94962
PBG,20081022,1.7,1.7,1.555,1.585,5077068
PBT,20081022,0.4,0.4,0.39,0.39,182509
PCL,20081022,0.024,0.024,0.023,0.023,327000
PDN,20081022,2.19,2.44,2.14,2.19,6182192
PDO,20081022,0.25,0.25,0.24,0.24,284000
PDZ,20081022,0.15,0.15,0.15,0.15,20000
PEA,20081022,0.3,0.3,0.25,0.3,48560
PEM,20081022,0.185,0.19,0.17,0.175,1240083
PEN,20081022,0.016,0.018,0.015,0.018,985000
PES,20081022,0.935,1,0.935,0.95,147668
PEV,20081022,0.034,0.034,0.034,0.034,1054075
PFG,20081022,0.205,0.21,0.2,0.2,40000
PFL,20081022,0.925,0.925,0.9,0.9,82083
PGA,20081022,1.84,1.84,1.65,1.65,727030
PGC,20081022,0.031,0.031,0.029,0.029,138000
PGL,20081022,0.7,0.7,0.68,0.7,129463
PHG,20081022,0.058,0.058,0.058,0.058,100000
PHK,20081022,0.125,0.13,0.125,0.13,86669
PIE,20081022,0.018,0.018,0.018,0.018,100000
PIM,20081022,0.08,0.08,0.08,0.08,194990
PLA,20081022,0.65,0.655,0.6,0.61,1225817
PLB,20081022,0.68,0.68,0.65,0.65,181000
PLT,20081022,0.1,0.1,0.095,0.095,128120
PLV,20081022,0.39,0.39,0.37,0.37,93900
PMC,20081022,1.21,1.22,1.205,1.215,134916
PMH,20081022,0.1,0.1,0.1,0.1,75000
PMM,20081022,21.29,21.3,21.28,21.28,27122
PMP,20081022,0.94,0.975,0.885,0.885,638779
PMV,20081022,4.43,4.45,4.4,4.41,26171
PNA,20081022,0.275,0.275,0.25,0.25,17075710
PNN,20081022,0.26,0.27,0.26,0.265,29067
PNO,20081022,0.005,0.005,0.005,0.005,450000
PNW,20081022,0.032,0.032,0.032,0.032,150000
POH,20081022,0.068,0.07,0.068,0.068,107809
POL,20081022,0.16,0.16,0.14,0.14,446959
POS,20081022,0.195,0.195,0.185,0.185,51478
POZ,20081022,0.36,0.36,0.36,0.36,2000
PPC,20081022,1.9,1.99,1.9,1.99,2306
PPD,20081022,0.021,0.021,0.021,0.021,11000
PPI,20081022,0.25,0.25,0.25,0.25,20000
PPK,20081022,0.58,0.58,0.58,0.58,15000
PPP,20081022,0.2,0.205,0.195,0.195,403735
PPS,20081022,0.2,0.2,0.2,0.2,15000
PPT,20081022,47.16,49.05,45.4,46,79835
PPX,20081022,1.39,1.455,1.35,1.4,10830872
PPY,20081022,0.49,0.49,0.48,0.48,28982
PRC,20081022,1.2,1.23,1.2,1.225,250645
PRE,20081022,0.008,0.008,0.008,0.008,2124999
PRG,20081022,3.4,3.4,3.23,3.3,30047
PRR,20081022,0.008,0.009,0.008,0.009,184000
PRU,20081022,0.49,0.49,0.48,0.49,63507
PRV,20081022,0.66,0.695,0.66,0.695,15862
PRW,20081022,0.07,0.07,0.07,0.07,25000
PRY,20081022,4.95,4.95,4.84,4.84,433091
PSA,20081022,0.3,0.3,0.29,0.29,182507
PSH,20081022,1.3,1.35,1.3,1.35,2396
PST,20081022,0.26,0.26,0.25,0.25,28000
PTM,20081022,3.52,3.85,3.52,3.69,476278
PTN,20081022,0.22,0.23,0.18,0.205,1680470
PTR,20081022,0.355,0.355,0.35,0.35,31048
PWK,20081022,2.8,2.8,2.75,2.75,4676
PXL,20081022,0.066,0.066,0.062,0.062,170000
PXS,20081022,1.68,1.7,1.63,1.68,173762
PYC,20081022,0.068,0.068,0.062,0.062,20000
PYM,20081022,0.1,0.1,0.1,0.1,67000
QAN,20081022,2.82,2.87,2.8,2.85,6004290
QBE,20081022,27.06,27.41,26.41,26.7,2800364
QFX,20081022,0.027,0.028,0.027,0.028,50000
QGC,20081022,3.25,3.3,3.15,3.18,3964606
QGM,20081022,0.011,0.011,0.011,0.011,70000
QHL,20081022,0.16,0.16,0.16,0.16,14000
QMG,20081022,0.015,0.015,0.015,0.015,180000
QMN,20081022,0.13,0.145,0.13,0.145,261667
QOL,20081022,0.036,0.039,0.035,0.035,242500
QTM,20081022,0.08,0.08,0.08,0.08,70000
QXQ,20081022,0.008,0.008,0.007,0.007,5380000
RAT,20081022,0.021,0.025,0.02,0.024,496380
RAU,20081022,0.036,0.036,0.029,0.031,8505968
RAW,20081022,0.051,0.051,0.051,0.051,44111
RBM,20081022,0.014,0.014,0.014,0.014,157690
RCH,20081022,0.017,0.017,0.017,0.017,20000
RCO,20081022,0.22,0.23,0.22,0.23,25000
RCR,20081022,0.875,0.88,0.815,0.85,71802
RCY,20081022,0.16,0.16,0.15,0.155,1394815
RDF,20081022,2.72,2.77,2.7,2.71,34097
RDM,20081022,0.12,0.12,0.12,0.12,18500
RDR,20081022,0.29,0.295,0.28,0.28,19641
REA,20081022,4.36,4.55,4.36,4.55,19336
RED,20081022,0.035,0.035,0.03,0.03,1239000
REF,20081022,1.5,1.5,1.445,1.475,46326
REH,20081022,19,19,19,19,673
RES,20081022,0.07,0.073,0.066,0.07,1201467
REU,20081022,0.007,0.008,0.007,0.008,1656531
REX,20081022,1,1.015,0.995,1.01,30600
RFE,20081022,0.29,0.29,0.29,0.29,11000
RFG,20081022,1.25,1.27,1.2,1.25,82983
RFL,20081022,0.09,0.09,0.09,0.09,13400
RHC,20081022,10.12,10.36,10.1,10.25,435798
RHD,20081022,0.31,0.31,0.31,0.31,2000
RHG,20081022,0.1,0.105,0.1,0.105,49999
RHI,20081022,2.5,2.5,2.5,2.5,5300
RHL,20081022,3.85,3.85,3.73,3.73,6460
RHT,20081022,0.01,0.01,0.009,0.009,200000
RIA,20081022,0.12,0.12,0.12,0.12,20000
RIC,20081022,0.84,0.85,0.8,0.85,77880
RIO,20081022,73,79.64,72.21,78.4,2673010
RIV,20081022,4.16,4.26,3.85,3.93,1163997
RJT,20081022,0.016,0.016,0.015,0.016,768771
RKN,20081022,0.905,0.905,0.89,0.9,1092807
RLA,20081022,0.02,0.02,0.02,0.02,100000
RLC,20081022,0.03,0.03,0.03,0.03,109444
RMD,20081022,5.18,5.35,5.18,5.35,1944367
RML,20081022,0.075,0.075,0.07,0.07,25000
RMS,20081022,0.5,0.55,0.49,0.515,56065
RNG,20081022,0.012,0.013,0.012,0.013,87000
RNY,20081022,0.1,0.105,0.09,0.09,5646230
ROC,20081022,0.565,0.615,0.56,0.575,1933114
ROL,20081022,0.15,0.15,0.15,0.15,16000
ROY,20081022,0.085,0.11,0.085,0.11,15000
RPC,20081022,0.013,0.013,0.012,0.012,1340000
RPX,20081022,0.84,0.86,0.84,0.84,38067
RRA,20081022,0.505,0.52,0.49,0.49,270038
RRL,20081022,0.08,0.08,0.08,0.08,78590
RRT,20081022,0.011,0.012,0.01,0.01,654424
RSN,20081022,0.005,0.005,0.004,0.005,2643000
RUB,20081022,0.05,0.05,0.05,0.05,426429
RXL,20081022,0.044,0.044,0.044,0.044,121500
RXM,20081022,0.22,0.22,0.22,0.22,45750
SAE,20081022,0.15,0.15,0.145,0.145,646742
SAI,20081022,2.5,2.5,2.47,2.48,62345
SAR,20081022,0.069,0.07,0.069,0.07,600002
SAU,20081022,0.085,0.085,0.085,0.085,60000
SAV,20081022,0.58,0.58,0.58,0.58,43000
SAY,20081022,0.455,0.455,0.455,0.455,2500
SBL,20081022,0.01,0.01,0.01,0.01,100000
SBM,20081022,0.245,0.25,0.23,0.23,4552700
SBN,20081022,0.012,0.012,0.012,0.012,4429483
SBP,20081022,0.011,0.011,0.011,0.011,100000
SCE,20081022,0.005,0.005,0.004,0.004,1000000
SDG,20081022,1.6,1.61,1.46,1.47,660443
SDL,20081022,0.125,0.13,0.115,0.115,3462734
SDM,20081022,1.63,1.63,1.57,1.6,62768
SEA,20081022,0.19,0.195,0.185,0.195,357647
SEK,20081022,4.35,4.43,4.05,4.15,528908
SEN,20081022,0.031,0.033,0.031,0.032,151405
SER,20081022,0.012,0.012,0.012,0.012,100000
SEV,20081022,6.14,6.17,6.05,6.1,741800
SEY,20081022,0.1,0.12,0.091,0.12,105060
SFH,20081022,0.47,0.47,0.43,0.43,88781
SFP,20081022,0.041,0.041,0.041,0.041,3000
SFR,20081022,0.115,0.13,0.115,0.13,26000
SFY,20081022,41.66,41.66,40.57,40.82,32681
SGB,20081022,30.3,30.39,29.21,29.6,1383029
SGL,20081022,0.17,0.18,0.17,0.18,244461
SGM,20081022,19.2,19.32,18.09,18.36,939777
SGN,20081022,0.8,0.815,0.735,0.735,250624
SGP,20081022,4.84,4.95,4.41,4.78,7255406
SGT,20081022,2.59,2.64,2.5,2.54,4544977
SGX,20081022,3.4,3.81,3.34,3.4,1320794
SGY,20081022,0.09,0.09,0.09,0.09,10000
SGZ,20081022,0.093,0.1,0.093,0.1,100000
SHC,20081022,0.07,0.07,0.065,0.07,175428
SHE,20081022,0.043,0.043,0.043,0.043,10000
SHG,20081022,2.51,2.59,2.51,2.58,882345
SHL,20081022,13.85,13.85,13.67,13.7,1224413
SHV,20081022,4.18,4.34,4.18,4.34,10523
SIE,20081022,0.073,0.073,0.067,0.067,23432
SIM,20081022,0.14,0.14,0.14,0.14,35000
SIP,20081022,1.3,1.415,1.3,1.38,4624310
SIU,20081022,0.05,0.05,0.05,0.05,10000
SKC,20081022,2.99,3.01,2.97,3,120570
SKE,20081022,2.48,2.48,2.38,2.46,13546
SKI,20081022,1.595,1.6,1.53,1.53,1206135
SKT,20081022,3.49,3.49,3.49,3.49,14852
SLA,20081022,0.315,0.32,0.28,0.28,203917
SLF,20081022,11.02,11.02,10.24,10.4,87420
SLM,20081022,3.17,3.2,3.1,3.17,36116
SLR,20081022,0.18,0.18,0.165,0.165,220000
SLV,20081022,0.865,0.935,0.86,0.9,42331
SLX,20081022,3.25,3.25,3.15,3.21,108089
SMC,20081022,0.045,0.045,0.035,0.035,174091
SMM,20081022,1.765,1.8,1.74,1.8,55861
SMN,20081022,0.006,0.006,0.006,0.006,250000
SMX,20081022,2.42,2.53,2.38,2.38,531768
SNO,20081022,0.5,0.5,0.5,0.5,2000
SNU,20081022,0.048,0.048,0.048,0.048,70000
SOE,20081022,0.11,0.11,0.105,0.105,38274
SOI,20081022,0.2,0.22,0.2,0.2,61000
SOL,20081022,9.6,9.7,9.17,9.55,25935
SOT,20081022,0.125,0.125,0.125,0.125,6653212
SPH,20081022,0.59,0.6,0.5,0.54,260061
SPI,20081022,0.075,0.078,0.075,0.078,231343
SPL,20081022,0.285,0.29,0.25,0.26,88000
SPN,20081022,1.13,1.145,1.12,1.12,1200140
SPT,20081022,2.75,2.84,2.61,2.61,699624
SRH,20081022,1.35,1.35,1.33,1.33,25339
SRI,20081022,0.03,0.03,0.03,0.03,189047
SRK,20081022,0.395,0.395,0.355,0.37,588474
SRL,20081022,1.49,1.54,1.41,1.41,4980890
SRR,20081022,0.055,0.055,0.055,0.055,153275
SRV,20081022,3.2,3.2,3.2,3.2,450
SRX,20081022,2.19,2.19,2.19,2.19,1000
SSC,20081022,0.006,0.006,0.004,0.004,1317316
SSM,20081022,0.98,0.98,0.95,0.955,219803
SSS,20081022,0.009,0.009,0.008,0.008,1098500
STC,20081022,0.21,0.21,0.21,0.21,11407
STG,20081022,0.05,0.05,0.045,0.045,676594
STO,20081022,11.9,12.69,11.67,11.72,6956140
STS,20081022,1.4,1.4,1.4,1.4,126634
STU,20081022,0.585,0.595,0.585,0.595,6200
STW,20081022,39.98,40.32,39.5,39.55,314044
STX,20081022,0.18,0.185,0.18,0.18,475104
SUL,20081022,2.3,2.3,2.28,2.28,15084
SUN,20081022,9.24,9.35,8.91,9,2039739
SUR,20081022,0.052,0.052,0.05,0.05,124250
SVL,20081022,0.055,0.055,0.04,0.04,215800
SWG,20081022,0.006,0.006,0.006,0.006,20000
SWK,20081022,0.69,0.69,0.66,0.69,176607
SWN,20081022,0.4,0.4,0.4,0.4,2500
SYG,20081022,0.006,0.006,0.006,0.006,200000
SYM,20081022,0.435,0.435,0.425,0.425,9000
SYP,20081022,0.08,0.12,0.08,0.12,24000
TAH,20081022,7,7.26,7,7.26,1227336
TAL,20081022,2.48,2.61,2.3,2.48,1089467
TAM,20081022,0.008,0.008,0.008,0.008,1530500
TAN,20081022,0.16,0.16,0.14,0.14,75000
TAP,20081022,0.65,0.66,0.61,0.615,807372
TAS,20081022,0.045,0.045,0.045,0.045,20000
TBG,20081022,1,1,0.95,1,14949
TCL,20081022,5.35,5.45,5.28,5.31,2824489
TCM,20081022,0.2,0.2,0.2,0.2,2000
TCQ,20081022,0.52,0.52,0.5,0.5,103141
TDO,20081022,0.075,0.075,0.07,0.075,4820000
TEL,20081022,2.14,2.22,2.13,2.13,2437332
TEN,20081022,1.35,1.38,1.31,1.315,773647
TEX,20081022,0.047,0.055,0.047,0.055,1265338
TEY,20081022,0.21,0.21,0.18,0.18,107372
TFC,20081022,1.125,1.13,1.09,1.13,500348
TGG,20081022,0.775,0.78,0.775,0.78,50000
TGP,20081022,0.61,0.61,0.61,0.61,4134
TGR,20081022,1.85,1.85,1.795,1.795,26766
TGS,20081022,0.155,0.17,0.145,0.145,119298
THG,20081022,0.68,0.68,0.67,0.675,475367
THO,20081022,0.75,0.75,0.75,0.75,29000
THX,20081022,0.17,0.18,0.145,0.18,97505
TIM,20081022,0.6,0.615,0.585,0.61,1152614
TIS,20081022,0.093,0.093,0.092,0.092,27236
TLM,20081022,0.2,0.24,0.19,0.19,55734
TLS,20081022,4.2,4.21,4.06,4.06,26306672
TNC,20081022,0.008,0.008,0.008,0.008,645000
TNE,20081022,0.75,0.755,0.74,0.74,37058
TNG,20081022,0.038,0.038,0.038,0.038,82000
TNL,20081022,0.18,0.18,0.18,0.18,2000
TOE,20081022,0.135,0.14,0.13,0.135,313340
TOL,20081022,6.69,6.84,6.63,6.75,2873170
TOX,20081022,1.47,1.52,1.47,1.51,148127
TPI,20081022,4.45,4.55,4.42,4.5,577832
TRF,20081022,0.23,0.25,0.23,0.25,63364
TRG,20081022,6.88,6.88,6.5,6.55,4857
TRO,20081022,0.086,0.086,0.08,0.08,131000
TRS,20081022,10.15,10.25,10.15,10.25,305221
TRU,20081022,7,7,7,7,3142
TRY,20081022,1.03,1.06,0.98,0.98,54918
TSE,20081022,4.94,5.07,4.5,4.5,768149
TSI,20081022,1.34,1.38,1.34,1.34,62421
TSM,20081022,0.6,0.6,0.6,0.6,21200
TSO,20081022,0.5,0.54,0.475,0.485,768724
TSV,20081022,0.016,0.016,0.016,0.016,188670
TTS,20081022,2.4,2.51,2.38,2.41,6270032
TTY,20081022,0.285,0.29,0.265,0.265,355567
TUC,20081022,0.075,0.075,0.07,0.07,15000
TWD,20081022,2,2,2,2,6767
TWO,20081022,1.005,1.05,1.005,1.05,33000
TWR,20081022,1.31,1.33,1.31,1.31,32673
TXN,20081022,0.22,0.22,0.22,0.22,6610
TZL,20081022,2.2,2.25,2.02,2.18,42197
TZN,20081022,0.92,0.92,0.9,0.9,23162
UBI,20081022,0.655,0.66,0.655,0.66,15256
UCL,20081022,0.006,0.006,0.006,0.006,3533333
UEQ,20081022,0.095,0.1,0.095,0.1,189500
UGL,20081022,10,10.37,10,10.04,671315
UMC,20081022,0.735,0.785,0.725,0.75,466407
UNI,20081022,0.235,0.24,0.23,0.24,132500
UNO,20081022,0.1,0.1,0.1,0.1,50000
UNX,20081022,0.18,0.185,0.18,0.185,30700
UOG,20081022,0.043,0.043,0.043,0.043,156629
URA,20081022,0.055,0.055,0.055,0.055,12014
URL,20081022,0.031,0.031,0.031,0.031,158000
URM,20081022,0.045,0.05,0.045,0.05,15000
USA,20081022,0.05,0.05,0.05,0.05,7000
UTO,20081022,0.17,0.17,0.145,0.145,28000
UXA,20081022,0.035,0.052,0.035,0.052,130000
UXC,20081022,0.805,0.84,0.8,0.82,240164
VBA,20081022,0.315,0.345,0.305,0.325,9898855
VCN,20081022,0.083,0.083,0.083,0.083,3666
VCR,20081022,0.12,0.12,0.11,0.11,940636
VGH,20081022,0.745,0.8,0.745,0.77,24443
VIR,20081022,0.51,0.51,0.495,0.5,130085
VLA,20081022,0.051,0.051,0.051,0.051,43500
VMG,20081022,0.85,0.885,0.85,0.875,226063
VML,20081022,0.11,0.11,0.11,0.11,36777
VMS,20081022,0.11,0.12,0.1,0.1,68620
VMT,20081022,0.06,0.065,0.06,0.065,171800
VPE,20081022,0.135,0.14,0.13,0.13,394579
VPG,20081022,0.077,0.093,0.074,0.078,42088548
VRL,20081022,1.395,1.4,1.36,1.36,21176
VTG,20081022,0.23,0.24,0.22,0.22,76500
VTP,20081022,0.85,0.85,0.82,0.82,21025
WAG,20081022,0.007,0.007,0.007,0.007,500000
WAL,20081022,0.065,0.065,0.065,0.065,55000
WAM,20081022,1,1.015,1,1.015,31657
WAN,20081022,7.22,7.69,6.86,6.86,394181
WAT,20081022,0.75,0.75,0.75,0.75,14959
WBA,20081022,0.93,0.93,0.93,0.93,1378
WBB,20081022,7.95,8,7.95,8,4000
WBC,20081022,23,23.15,22.05,22.05,7592777
WCL,20081022,0.34,0.34,0.34,0.34,3695
WCP,20081022,0.035,0.04,0.035,0.04,83976
WDC,20081022,16.5,16.55,15.4,15.8,7003743
WDR,20081022,0.13,0.13,0.13,0.13,3000
WDS,20081022,1.85,1.9,1.85,1.87,1487751
WEB,20081022,1.1,1.1,1.08,1.08,57642
WEC,20081022,2.1,2.1,1.9,1.9,12753
WES,20081022,21.9,21.95,21.23,21.6,3242282
WFL,20081022,1,1,1,1,34505
WGP,20081022,0.028,0.028,0.028,0.028,33500
WGR,20081022,0.225,0.225,0.19,0.19,380000
WHC,20081022,1.27,1.41,1.265,1.35,268616
WHG,20081022,1,1,0.99,1,59679
WHN,20081022,0.056,0.056,0.056,0.056,10000
WHS,20081022,3.64,3.64,3.64,3.64,14000
WIG,20081022,1.1,1.1,1.1,1.1,3750
WIL,20081022,0.595,0.595,0.59,0.59,220867
WKL,20081022,0.145,0.145,0.14,0.14,200000
WLF,20081022,0.5,0.5,0.5,0.5,91559
WME,20081022,0.065,0.065,0.061,0.061,200000
WMT,20081022,0.03,0.033,0.03,0.032,977200
WOR,20081022,20,20.6,19.9,20.18,1024624
WOW,20081022,27.99,27.99,27.11,27.11,4405312
WPG,20081022,0.4,0.4,0.4,0.4,15185
WPL,20081022,41.5,42.5,40.64,40.85,1243797
WRK,20081022,0.18,0.18,0.17,0.17,12800
WRR,20081022,0.007,0.007,0.007,0.007,248864
WSA,20081022,3.49,3.56,3.31,3.4,1289127
WTF,20081022,3.41,3.76,3.41,3.76,197610
WTP,20081022,1.575,1.575,1.555,1.57,92788
WVL,20081022,1.12,1.12,1.12,1.12,450
WWA,20081022,1.955,1.955,1.95,1.95,7735
WWM,20081022,0.085,0.085,0.085,0.085,10000
WYL,20081022,1.09,1.1,1.06,1.07,347549
XAF,20081022,4163.7,4163.7,4163.7,4163.7,0
XAO,20081022,4223.3,4251.4,4120,4120.1,0
XAT,20081022,415870,415870,415870,415870,0
XBW,20081022,391.12,391.12,391.12,391.12,0
XCD,20081022,0.03,0.03,0.03,0.03,0
XDJ,20081022,1423.8,1427.6,1375.6,1376.2,0
XEJ,20081022,12654,12751.8,12374.7,12374.7,0
XEN,20081022,0.046,0.046,0.045,0.045,200000
XFJ,20081022,4556,4571.1,4410.7,4420.9,0
XFL,20081022,4280,4317.1,4174.3,4174.3,0
XGD,20081022,3211.8,3211.8,3211.8,3211.8,0
XHJ,20081022,8910.4,8987.4,8707.3,8725.3,0
XIJ,20081022,441.4,451.9,420.4,428.8,0
XJO,20081022,4269.5,4302.5,4156.1,4156.1,0
XKO,20081022,4244.5,4276.6,4132.1,4132.1,0
XMD,20081022,4008,4019.4,3856.7,3857.1,0
XMJ,20081022,9090.2,9350,8900.4,8904.4,0
XMM,20081022,3031.2,3031.2,3031.2,3031.2,0
XNJ,20081022,3988.7,3990.2,3872.7,3890.4,0
XPJ,20081022,1284.5,1284.7,1155.5,1179.2,0
XRF,20081022,0.1,0.1,0.1,0.1,127000
XSJ,20081022,6677.6,6682.3,6483.3,6483.3,0
XSO,20081022,2024.9,2031.5,1966,1966.9,0
XST,20081022,0.05,0.05,0.05,0.05,0
XTJ,20081022,1412.1,1416.8,1371.7,1371.7,0
XTL,20081022,2551.8,2578.1,2491.3,2491.3,0
XTO,20081022,3507.7,3535.7,3415.6,3415.6,0
XUJ,20081022,4653.9,4675.1,4583.2,4583.2,0
XXJ,20081022,4929.8,4950,4840.3,4840.3,0
ZGL,20081022,0.135,0.14,0.13,0.13,240000
ZIM,20081022,9.05,9.05,9.05,9.05,2400
ZNC,20081022,0.033,0.033,0.032,0.032,57000
ZYL,20081022,0.034,0.034,0.034,0.034,95000
