AAC,20080129,3.1,3.24,3.09,3.18,643987
AAE,20080129,0.039,0.039,0.037,0.038,530100
AAG,20080129,0.18,0.18,0.18,0.18,5872
AAH,20080129,0.955,0.98,0.95,0.95,364072
AAM,20080129,0.265,0.265,0.24,0.24,48000
AAQ,20080129,0.36,0.4,0.35,0.35,98994
AAR,20080129,0.072,0.073,0.071,0.072,1008854
AAS,20080129,0.056,0.059,0.051,0.059,324146
AAU,20080129,0.36,0.36,0.35,0.35,55400
AAX,20080129,11.9,12.67,11.9,11.94,255651
ABB,20080129,8.76,8.87,8.61,8.7,727696
ABC,20080129,3.54,3.68,3.43,3.51,852452
ABI,20080129,0.02,0.02,0.02,0.02,707000
ABJ,20080129,0.022,0.022,0.021,0.021,114711
ABP,20080129,1.44,1.46,1.415,1.425,2472008
ABQ,20080129,0.56,0.57,0.56,0.57,20600
ABS,20080129,4.7,4.88,4.67,4.8,3461009
ABU,20080129,0.087,0.087,0.087,0.087,6000
ABV,20080129,0.038,0.04,0.038,0.04,260000
ABY,20080129,1.95,1.95,1.76,1.76,2369925
ACB,20080129,0.45,0.47,0.435,0.435,27000
ACE,20080129,0.12,0.12,0.12,0.12,10000
ACK,20080129,1.65,1.65,1.65,1.65,22293
ACL,20080129,0.525,0.525,0.51,0.51,12440
ACR,20080129,1.16,1.18,1.15,1.15,100197
ACS,20080129,0.2,0.2,0.19,0.19,138250
ACU,20080129,0.038,0.038,0.038,0.038,23000
ACW,20080129,0.2,0.2,0.2,0.2,21000
ADA,20080129,0.59,0.6,0.59,0.6,8900
ADE,20080129,0.12,0.12,0.12,0.12,194900
ADI,20080129,0.31,0.31,0.31,0.31,38000
ADL,20080129,0.051,0.051,0.051,0.051,60000
ADU,20080129,0.7,0.705,0.64,0.65,88120
ADX,20080129,0.21,0.215,0.205,0.205,498000
ADY,20080129,0.27,0.28,0.25,0.255,9078897
AEA,20080129,0.12,0.12,0.12,0.12,26000
AEC,20080129,3.7,3.7,3.65,3.65,4900
AED,20080129,2.8,2.8,2.5,2.5,1146542
AEE,20080129,0.3,0.3,0.29,0.29,20000
AEM,20080129,0.035,0.035,0.035,0.035,100000
AEO,20080129,2.14,2.15,2.07,2.08,81926
AEP,20080129,2.7,2.7,2.58,2.58,230679
AET,20080129,1.25,1.25,1.25,1.25,8500
AEU,20080129,1.3,1.34,1.3,1.3,81208
AEX,20080129,0.019,0.019,0.017,0.018,2098391
AEZ,20080129,0.87,0.88,0.845,0.88,1121283
AFA,20080129,0.2,0.2,0.13,0.13,179500
AFG,20080129,3.67,4.23,3.53,3.62,8053324
AFI,20080129,5.79,5.84,5.7,5.7,363078
AFT,20080129,0.002,0.002,0.002,0.002,7730000
AGF,20080129,1.375,1.375,1.29,1.3,350349
AGG,20080129,10.04,10.04,9.25,9.5,77062
AGI,20080129,0.29,0.3,0.28,0.3,28274
AGK,20080129,12.6,12.88,12.45,12.49,1379373
AGM,20080129,1.06,1.065,1.05,1.05,8647951
AGO,20080129,1.73,1.83,1.68,1.7,950772
AGS,20080129,1.035,1.15,1.035,1.15,505275
AGU,20080129,0.085,0.085,0.085,0.085,33192
AGV,20080129,0.18,0.18,0.16,0.18,60000
AGX,20080129,0.14,0.145,0.14,0.14,85500
AHC,20080129,3.75,3.75,3.75,3.75,5000
AHD,20080129,6.29,6.29,6.12,6.14,12953
AHE,20080129,3.4,3.4,3.3,3.37,7705
AHG,20080129,0.01,0.01,0.01,0.01,248617
AHI,20080129,0.7,0.75,0.57,0.57,59380
AHS,20080129,0.68,0.705,0.68,0.68,108762
AIA,20080129,2.35,2.39,2.33,2.38,3767368
AII,20080129,0.37,0.395,0.37,0.37,190646
AIM,20080129,0.105,0.11,0.1,0.1,1605668
AIO,20080129,5.9,5.97,5.72,5.72,2545949
AIX,20080129,2.87,2.87,2.75,2.78,465737
AJL,20080129,3.72,3.72,3.65,3.7,42387
AKK,20080129,0.205,0.205,0.2,0.205,100000
ALB,20080129,2.75,2.81,2.67,2.71,259870
ALD,20080129,0.75,0.75,0.72,0.73,115747
ALE,20080129,0.017,0.017,0.017,0.017,100000
ALF,20080129,1,1,0.985,0.985,17989
ALK,20080129,0.32,0.325,0.32,0.32,153374
ALL,20080129,10.6,10.6,10.03,10.35,1625059
ALR,20080129,1.86,1.86,1.86,1.86,1000
ALS,20080129,9.15,9.3,8.88,9.25,558160
ALT,20080129,0.02,0.02,0.02,0.02,150000
ALU,20080129,0.8,0.8,0.74,0.74,20000
ALZ,20080129,2.07,2.1,1.93,1.93,1275403
AMA,20080129,0.77,0.77,0.74,0.77,38413
AMB,20080129,1.2,1.21,1.2,1.2,45000
AMC,20080129,6.88,6.92,6.7,6.81,2540523
AMH,20080129,0.75,0.755,0.75,0.755,6000
AMM,20080129,0.22,0.22,0.215,0.215,16000
AMO,20080129,0.755,0.755,0.755,0.755,4650
AMP,20080129,8.98,9.1,8.73,8.83,11317736
AMU,20080129,0.58,0.58,0.56,0.56,108099
AMX,20080129,0.13,0.13,0.13,0.13,7500
AND,20080129,1.9,1.93,1.79,1.87,677081
ANG,20080129,3.06,3.1,2.95,2.96,171400
ANH,20080129,0.042,0.044,0.042,0.043,360000
ANM,20080129,0.1,0.1,0.097,0.098,59726
ANN,20080129,11.27,11.75,11.26,11.4,652293
ANP,20080129,0.046,0.049,0.044,0.044,336273
ANU,20080129,1.08,1.08,1.03,1.05,34000
ANX,20080129,0.085,0.085,0.082,0.082,50000
ANZ,20080129,27.5,27.5,26.31,26.45,7127734
AOD,20080129,9.2,9.2,9.2,9.2,38
AOE,20080129,1.87,1.92,1.83,1.83,4312332
AOK,20080129,0.21,0.22,0.205,0.22,257500
AON,20080129,0.29,0.33,0.29,0.33,96200
AOS,20080129,0.03,0.03,0.03,0.03,813335
APA,20080129,3.33,3.38,3.26,3.26,1636315
APB,20080129,0.16,0.16,0.155,0.155,55000
APD,20080129,1.65,1.7,1.65,1.7,41650
APE,20080129,14.25,14.25,14.1,14.1,3320
APG,20080129,0.11,0.11,0.1,0.105,627250
API,20080129,1.53,1.555,1.52,1.55,797719
APK,20080129,0.185,0.185,0.185,0.185,20000
APM,20080129,0.014,0.014,0.014,0.014,210000
APN,20080129,5.05,5.14,5.01,5.05,261353
APR,20080129,1.24,1.24,1.24,1.24,2045
APZ,20080129,1.98,1.98,1.85,1.9,589372
AQA,20080129,8,8.6,7.97,8.49,90634
AQD,20080129,0.195,0.195,0.185,0.185,110725
AQE,20080129,0.38,0.38,0.38,0.38,1400
AQP,20080129,12,12.5,11.11,12.21,486732
AQR,20080129,0.15,0.17,0.15,0.17,900000
ARE,20080129,0.38,0.38,0.325,0.345,563269
ARG,20080129,7.8,7.87,7.65,7.79,120071
ARH,20080129,1.8,1.8,1.705,1.705,74459
ARJ,20080129,1.09,1.09,1.04,1.08,41402
ARM,20080129,0.3,0.3,0.285,0.3,60206
ARO,20080129,0.024,0.024,0.024,0.024,1025043
ARP,20080129,3.9,3.9,3.76,3.9,20792
ARQ,20080129,1.3,1.3,1.225,1.23,850071
ARR,20080129,1.2,1.2,1.1,1.1,336126
ARU,20080129,0.81,0.815,0.81,0.815,124500
ARV,20080129,0.19,0.19,0.18,0.18,43000
ARW,20080129,0.044,0.049,0.044,0.049,27614
ARX,20080129,0.011,0.011,0.011,0.011,545910
ASB,20080129,2.2,2.2,2.11,2.15,327897
ASC,20080129,0.018,0.018,0.018,0.018,52100
ASL,20080129,2.12,2.12,1.91,1.915,111086
ASU,20080129,0.017,0.017,0.015,0.015,185000
ASX,20080129,51.5,53,50.25,50.25,1663163
ASZ,20080129,1.45,1.45,1.45,1.45,13741
ATG,20080129,0.2,0.2,0.2,0.2,49000
ATI,20080129,0.03,0.03,0.03,0.03,30000
ATN,20080129,0.046,0.048,0.046,0.048,275000
ATP,20080129,0.385,0.385,0.38,0.38,176720
ATQ,20080129,0.15,0.15,0.15,0.15,36282
ATR,20080129,1.95,1.95,1.95,1.95,387
ATV,20080129,0.18,0.18,0.175,0.18,320272
AUB,20080129,4,4.06,4,4,38075
AUK,20080129,0.16,0.16,0.16,0.16,30000
AUN,20080129,1.545,1.595,1.5,1.56,1534759
AUQ,20080129,0.11,0.11,0.096,0.1,171385
AUT,20080129,0.32,0.32,0.315,0.315,135000
AUW,20080129,2,2.05,1.93,1.94,1193818
AUZ,20080129,0.055,0.055,0.05,0.051,1314168
AVA,20080129,0.595,0.6,0.59,0.59,555172
AVD,20080129,0.21,0.21,0.21,0.21,50000
AVE,20080129,2.58,2.58,2.46,2.5,23211
AVI,20080129,0.2,0.21,0.2,0.21,40750
AVJ,20080129,0.95,0.97,0.93,0.97,41302
AVM,20080129,14.6,14.6,14.59,14.6,1000
AVO,20080129,2.06,2.1,2.03,2.03,704447
AVQ,20080129,0.15,0.15,0.14,0.14,120000
AVS,20080129,0.3,0.33,0.3,0.3,258961
AVX,20080129,0.47,0.485,0.455,0.47,494635
AWB,20080129,2.48,2.48,2.3,2.35,1691236
AWC,20080129,5.23,5.34,5.17,5.29,8564315
AWE,20080129,3.35,3.44,3.26,3.26,2331332
AWL,20080129,0.031,0.032,0.031,0.031,650659
AXA,20080129,6.48,6.54,6.2,6.37,4768017
AXC,20080129,0.1,0.1,0.1,0.1,100000
AXE,20080129,0.15,0.165,0.15,0.165,38887
AXI,20080129,0.32,0.32,0.3,0.32,75000
AXM,20080129,1.07,1.08,0.98,0.99,418873
AXO,20080129,0.86,0.86,0.85,0.85,27500
AXQ,20080129,0.38,0.38,0.295,0.325,959861
AXT,20080129,0.165,0.165,0.165,0.165,12500
AXY,20080129,0.16,0.16,0.155,0.155,130000
AXZ,20080129,0.19,0.19,0.19,0.19,50000
AYF,20080129,8.7,9.25,8.65,8.65,4237
AYT,20080129,1.51,1.59,1.51,1.59,27600
AZA,20080129,1.6,1.63,1.6,1.6,2483463
AZC,20080129,0.195,0.195,0.17,0.17,593100
AZD,20080129,0.16,0.16,0.155,0.155,321000
AZS,20080129,0.16,0.17,0.16,0.165,536113
AZZ,20080129,0.29,0.32,0.28,0.305,337566
BAR,20080129,0.39,0.4,0.38,0.395,585937
BAS,20080129,0.165,0.165,0.155,0.155,148980
BAU,20080129,0.24,0.24,0.23,0.24,90557
BBC,20080129,0.64,0.655,0.635,0.65,1863859
BBG,20080129,13.06,13.11,12.44,12.8,1909363
BBI,20080129,1.33,1.34,1.27,1.29,13565321
BBP,20080129,2.26,2.28,2.05,2.1,8820276
BBW,20080129,1.475,1.49,1.4,1.425,4347490
BCD,20080129,0.25,0.26,0.25,0.255,152373
BCF,20080129,0.24,0.24,0.24,0.24,1419
BCI,20080129,1.2,1.2,1.16,1.16,66200
BCM,20080129,3.8,3.95,3.74,3.79,473975
BCN,20080129,0.11,0.11,0.11,0.11,15000
BDG,20080129,0.345,0.36,0.345,0.35,1381544
BDI,20080129,0.18,0.18,0.18,0.18,11506
BDL,20080129,0.31,0.32,0.295,0.3,753376
BDM,20080129,0.16,0.16,0.16,0.16,5000
BDR,20080129,0.28,0.28,0.265,0.265,35000
BEC,20080129,2.95,2.98,2.85,2.94,346325
BEI,20080129,0.49,0.49,0.49,0.49,1079458
BEN,20080129,13.51,13.56,12.84,12.85,1091845
BFG,20080129,1.78,1.78,1.7,1.72,49008
BGD,20080129,0.24,0.24,0.21,0.235,93000
BHP,20080129,36.84,36.84,35.4,35.7,13720582
BIT,20080129,0.17,0.17,0.17,0.17,20000
BJT,20080129,1.23,1.24,1.16,1.2,2312007
BKG,20080129,0.49,0.5,0.49,0.49,23000
BKI,20080129,1.35,1.38,1.35,1.37,99943
BKL,20080129,21.25,21.3,21,21.3,2446
BKM,20080129,0.013,0.016,0.013,0.016,894000
BKN,20080129,7.01,7.01,6.57,6.64,1253078
BKP,20080129,0.07,0.07,0.069,0.069,265238
BKW,20080129,12.25,12.5,12.19,12.25,15921
BKY,20080129,0.8,0.8,0.76,0.775,118222
BLD,20080129,6.37,6.4,6.12,6.2,2248345
BLG,20080129,0.37,0.37,0.345,0.35,15770
BLK,20080129,0.865,0.89,0.865,0.89,143585
BLP,20080129,0.57,0.645,0.56,0.645,31800
BLR,20080129,0.093,0.093,0.084,0.084,1779871
BLT,20080129,0.098,0.1,0.097,0.1,498575
BLU,20080129,0.59,0.63,0.59,0.6,120303
BLY,20080129,2,2,1.91,1.95,6765884
BLZ,20080129,0.017,0.017,0.016,0.017,310000
BMI,20080129,0.04,0.04,0.04,0.04,20000
BML,20080129,0.09,0.093,0.085,0.085,418627
BMM,20080129,0.24,0.28,0.24,0.28,128794
BMN,20080129,2.93,3.09,2.87,2.9,177112
BMO,20080129,0.034,0.034,0.029,0.034,2171709
BMX,20080129,0.225,0.235,0.225,0.235,753380
BMY,20080129,0.16,0.16,0.15,0.15,126585
BNB,20080129,20.4,20.44,18.6,18.6,5506038
BNO,20080129,0.32,0.32,0.31,0.31,28659
BOC,20080129,0.9,0.9,0.87,0.87,26000
BOD,20080129,0.095,0.095,0.095,0.095,10000
BOE,20080129,0.35,0.35,0.35,0.35,30000
BOL,20080129,1.31,1.34,1.18,1.18,1740391
BON,20080129,0.076,0.076,0.076,0.076,5000
BOQ,20080129,16.11,16.17,15.58,15.78,209544
BOS,20080129,0.13,0.13,0.12,0.12,134500
BOW,20080129,0.25,0.25,0.235,0.235,144610
BPK,20080129,0.022,0.022,0.022,0.022,78000
BPO,20080129,0.038,0.04,0.036,0.04,603000
BPT,20080129,1.41,1.41,1.345,1.365,7077278
BQT,20080129,0.13,0.13,0.13,0.13,157109
BRM,20080129,0.95,0.95,0.905,0.95,235342
BRO,20080129,0.005,0.005,0.005,0.005,5746256
BRT,20080129,0.125,0.125,0.12,0.125,458064
BRW,20080129,0.47,0.49,0.45,0.46,282776
BSA,20080129,0.62,0.65,0.62,0.65,25499
BSL,20080129,9.8,10.08,9.71,9.72,5061697
BSM,20080129,0.25,0.25,0.23,0.235,276526
BSR,20080129,0.2,0.2,0.2,0.2,9500
BTA,20080129,0.95,0.96,0.92,0.92,171685
BTC,20080129,0.245,0.245,0.245,0.245,12000
BTT,20080129,3.85,3.85,3.7,3.7,267402
BTV,20080129,0.105,0.115,0.105,0.115,224000
BUL,20080129,0.21,0.21,0.2,0.21,222677
BUR,20080129,0.14,0.14,0.14,0.14,50000
BUY,20080129,0.05,0.05,0.05,0.05,10000
BVA,20080129,1.45,1.46,1.375,1.375,494636
BVE,20080129,0.26,0.26,0.26,0.26,31921
BWN,20080129,0.16,0.16,0.15,0.15,46150
BWP,20080129,2.16,2.16,2,2,429179
BXB,20080129,11,11,10.12,10.2,7565210
BXP,20080129,0.155,0.16,0.155,0.16,10000
BYL,20080129,1.315,1.315,1.3,1.3,17700
BYR,20080129,0.195,0.2,0.185,0.185,416950
CAA,20080129,0.34,0.35,0.34,0.35,57600
CAB,20080129,9.65,9.69,9.25,9.5,183000
CAP,20080129,0.17,0.17,0.17,0.17,15000
CAS,20080129,0.57,0.6,0.57,0.57,36000
CAU,20080129,0.022,0.022,0.021,0.022,86841
CAV,20080129,0.53,0.545,0.52,0.545,26096
CAZ,20080129,0.32,0.335,0.3,0.325,120713
CBA,20080129,53.9,53.95,51.14,51.71,5563995
CBD,20080129,0.3,0.3,0.3,0.3,7500
CBH,20080129,0.42,0.425,0.4,0.405,2163622
CCE,20080129,0.023,0.023,0.021,0.021,113334
CCI,20080129,0.135,0.14,0.13,0.14,136000
CCK,20080129,0.15,0.15,0.15,0.15,16450
CCL,20080129,9,9.37,8.97,9.28,5686875
CCP,20080129,4.72,4.72,4.56,4.61,90807
CCQ,20080129,0.63,0.63,0.62,0.62,10000
CCS,20080129,0.046,0.046,0.046,0.046,100000
CCV,20080129,0.33,0.345,0.325,0.345,151694
CCY,20080129,0.11,0.11,0.11,0.11,60000
CDA,20080129,0.85,0.85,0.85,0.85,4715
CDD,20080129,6.05,6.1,6.01,6.09,17974
CDF,20080129,1.865,1.865,1.7,1.7,36700
CDI,20080129,0.87,0.91,0.86,0.87,537141
CDP,20080129,4.26,4.26,4.26,4.26,1000
CDR,20080129,0.185,0.195,0.18,0.18,901207
CDS,20080129,0.135,0.145,0.13,0.14,6143656
CDU,20080129,3.2,3.27,3.12,3.18,237920
CEG,20080129,2.2,2.24,2.2,2.24,15330
CER,20080129,0.46,0.52,0.45,0.46,22991047
CES,20080129,0.1,0.12,0.1,0.12,23000
CEU,20080129,1.475,1.48,1.42,1.42,2626767
CEY,20080129,3.3,3.53,3.23,3.45,4264346
CFE,20080129,0.325,0.33,0.315,0.325,658935
CFK,20080129,0.17,0.17,0.17,0.17,55000
CFR,20080129,0.008,0.008,0.008,0.008,1040000
CFU,20080129,0.485,0.5,0.48,0.495,235888
CFX,20080129,2.18,2.2,2.14,2.16,8348470
CGF,20080129,3.68,3.83,3.45,3.56,5234636
CGG,20080129,0.215,0.225,0.205,0.205,784812
CGO,20080129,1.35,1.35,1.35,1.35,2200
CGT,20080129,0.14,0.15,0.14,0.15,78800
CGX,20080129,1.4,1.4,1.4,1.4,4700
CHB,20080129,50.5,50.5,45,45,1535
CHC,20080129,1.65,1.665,1.56,1.6,381415
CHD,20080129,0.84,0.85,0.84,0.84,21198
CHF,20080129,0.2,0.2,0.2,0.2,8000
CHM,20080129,0.044,0.057,0.041,0.044,24104270
CHN,20080129,0.125,0.125,0.125,0.125,7973
CHO,20080129,6.3,6.3,6.3,6.3,3279
CHZ,20080129,0.4,0.4,0.4,0.4,22330
CIF,20080129,3.3,3.35,3.26,3.33,157937
CIG,20080129,0.085,0.087,0.081,0.082,1124918
CII,20080129,0.27,0.27,0.27,0.27,48000
CIL,20080129,1.91,1.95,1.91,1.92,11053
CIN,20080129,19.5,19.5,19.49,19.49,707
CIR,20080129,1.04,1.04,1.04,1.04,8000
CIY,20080129,3.4,3.4,3.09,3.09,412507
CKL,20080129,0.56,0.57,0.56,0.57,46200
CKR,20080129,0.13,0.13,0.13,0.13,309000
CKT,20080129,1.2,1.2,1.2,1.2,25000
CLH,20080129,0.69,0.69,0.66,0.66,38000
CLO,20080129,0.75,0.77,0.75,0.75,95339
CLQ,20080129,0.425,0.425,0.42,0.42,45000
CLU,20080129,0.15,0.15,0.15,0.15,20000
CLV,20080129,0.15,0.15,0.14,0.14,42650
CLY,20080129,0.16,0.16,0.16,0.16,11500
CMI,20080129,1.05,1.1,1.05,1.1,23700
CMJ,20080129,4.24,4.38,4.18,4.33,6999221
CMO,20080129,0.3,0.3,0.29,0.29,47912
CMP,20080129,0.125,0.125,0.125,0.125,2000
CMR,20080129,2.37,2.37,2.07,2.17,519268
CMV,20080129,0.63,0.63,0.62,0.62,87000
CMW,20080129,1,1.02,0.95,0.95,312246
CMY,20080129,0.22,0.22,0.22,0.22,50000
CND,20080129,2.09,2.09,1.98,2,173583
CNF,20080129,0.125,0.125,0.12,0.125,59686
CNM,20080129,0.285,0.285,0.265,0.28,1631705
CNN,20080129,0.041,0.041,0.038,0.038,206220
CNP,20080129,0.69,0.78,0.625,0.65,100392665
CNT,20080129,1.43,1.44,1.425,1.43,435680
COE,20080129,0.79,0.795,0.65,0.69,1564077
COF,20080129,3.32,3.32,3.29,3.3,70180
COH,20080129,69.05,70.38,68.08,68.82,162384
COI,20080129,0.15,0.15,0.15,0.15,24500
COK,20080129,0.7,0.705,0.65,0.67,253971
COO,20080129,0.125,0.125,0.125,0.125,43000
COU,20080129,2.15,2.29,2.05,2.05,193093
COZ,20080129,0.585,0.63,0.585,0.63,193775
CPA,20080129,1.455,1.455,1.4,1.42,5499072
CPB,20080129,27.7,28.26,27.7,28,157116
CPK,20080129,0.45,0.51,0.45,0.51,321904
CPN,20080129,0.08,0.08,0.07,0.07,411441
CPR,20080129,1.275,1.305,1.21,1.21,35625
CPT,20080129,0.05,0.05,0.05,0.05,45100
CPU,20080129,8.8,8.8,8.03,8.1,1710473
CQT,20080129,0.555,0.57,0.5,0.565,1291925
CRB,20080129,0.24,0.25,0.24,0.25,70000
CRC,20080129,0.42,0.47,0.42,0.45,154800
CRE,20080129,0.41,0.415,0.385,0.4,617090
CRG,20080129,15.23,16,15.13,15.27,114691
CRK,20080129,1.765,1.765,1.7,1.7,34804
CRT,20080129,0.5,0.5,0.47,0.47,33953
CSE,20080129,0.295,0.3,0.295,0.295,39295
CSL,20080129,35.54,36.6,35.3,36.2,3295942
CSR,20080129,3.11,3.11,2.96,3.02,3107032
CSS,20080129,1.8,1.8,1.77,1.8,176366
CST,20080129,2.33,2.33,2.25,2.33,51000
CSV,20080129,1.495,1.495,1.48,1.485,10665
CTF,20080129,0.031,0.031,0.031,0.031,88300
CTN,20080129,1.54,1.555,1.54,1.55,194370
CTO,20080129,0.395,0.395,0.375,0.375,507714
CTP,20080129,0.165,0.165,0.165,0.165,108190
CTS,20080129,0.29,0.315,0.29,0.315,23500
CTX,20080129,16.45,16.87,16.4,16.4,2210373
CUE,20080129,0.195,0.195,0.19,0.195,380195
CUL,20080129,0.12,0.125,0.115,0.115,724222
CUO,20080129,0.665,0.665,0.615,0.63,2476278
CUR,20080129,2.2,2.3,2.1,2.1,44597
CUS,20080129,0.14,0.145,0.135,0.135,252758
CUV,20080129,0.37,0.39,0.36,0.365,245483
CUX,20080129,0.19,0.19,0.185,0.185,13875
CUY,20080129,0.68,0.69,0.67,0.67,39000
CVC,20080129,1.25,1.33,1.24,1.25,83819
CVI,20080129,0.17,0.175,0.165,0.165,3219259
CVN,20080129,0.515,0.53,0.51,0.52,5349617
CVS,20080129,0.026,0.026,0.024,0.025,900000
CWN,20080129,11.5,11.53,11.1,11.41,1827735
CWP,20080129,3.85,3.85,3.8,3.8,10509
CWT,20080129,0.66,0.67,0.655,0.67,273593
CXC,20080129,5.11,5.24,5.05,5.12,469878
CXD,20080129,2.1,2.1,2.1,2.1,2000
CXG,20080129,1.68,1.7,1.6,1.6,68522
CXH,20080129,1.03,1.06,1.03,1.06,210000
CXM,20080129,0.31,0.31,0.31,0.31,42767
CXP,20080129,5.97,6.05,5.86,5.95,175904
CXS,20080129,0.86,0.89,0.845,0.85,43550
CXY,20080129,0.059,0.062,0.058,0.061,223000
CYA,20080129,1.28,1.28,1.26,1.27,96176
CYG,20080129,2.4,2.41,2.38,2.39,39986
CYU,20080129,0.48,0.48,0.45,0.45,64882
CZA,20080129,1.44,1.57,1.44,1.51,796950
CZP,20080129,0.265,0.265,0.265,0.265,10000
DBS,20080129,0.79,0.79,0.77,0.77,15000
DDT,20080129,0.2,0.2,0.2,0.2,4000
DEG,20080129,0.105,0.11,0.1,0.105,471718
DES,20080129,0.21,0.21,0.19,0.19,303429
DEX,20080129,1.6,1.6,1.505,1.505,8500
DGO,20080129,0.19,0.19,0.18,0.18,5500
DGR,20080129,0.165,0.18,0.16,0.165,202248
DIA,20080129,0.056,0.058,0.056,0.058,150000
DIO,20080129,1.63,1.7,1.63,1.69,306625
DJS,20080129,4.85,5.04,4.8,4.98,1002294
DJW,20080129,5.1,5.15,5,5.1,83429
DKN,20080129,1.13,1.15,1.13,1.15,13979
DLS,20080129,0.053,0.054,0.048,0.048,1537916
DMA,20080129,0.14,0.16,0.14,0.16,67500
DMG,20080129,0.55,0.55,0.52,0.53,43000
DML,20080129,0.51,0.53,0.48,0.48,188000
DMM,20080129,0.75,0.75,0.75,0.75,5000
DMP,20080129,3.06,3.1,3.05,3.05,113973
DMX,20080129,0.26,0.275,0.25,0.25,41185
DOM,20080129,4.87,4.92,4.6,4.75,82585
DON,20080129,0.37,0.37,0.37,0.37,95522
DOW,20080129,5.47,5.57,5.36,5.47,2968363
DRA,20080129,0.125,0.135,0.12,0.135,1055797
DRT,20080129,1.7,1.71,1.62,1.7,12774646
DRX,20080129,0.15,0.15,0.145,0.145,146997
DSN,20080129,0.26,0.26,0.26,0.26,6007
DTL,20080129,6.9,6.9,6.8,6.8,17600
DUE,20080129,3,3.06,2.91,2.94,1462159
DVN,20080129,1.18,1.22,1.18,1.18,156985
DWS,20080129,2.62,2.62,2.48,2.49,160317
DWY,20080129,0.685,0.685,0.685,0.685,100000
DXL,20080129,2.13,2.15,2.09,2.09,5488191
DYE,20080129,1.05,1.06,0.99,1,105390
DYL,20080129,0.29,0.29,0.275,0.29,1985486
EAL,20080129,1.19,1.19,1.12,1.12,25000
EBB,20080129,1.23,1.23,1.12,1.175,186411
EBI,20080129,2.71,2.82,2.71,2.8,527585
EBR,20080129,0.039,0.039,0.039,0.039,140000
ECU,20080129,0.18,0.18,0.175,0.175,61000
EDE,20080129,0.4,0.465,0.4,0.42,160000
EDM,20080129,0.046,0.046,0.046,0.046,60000
EDS,20080129,0.51,0.52,0.5,0.5,60000
EER,20080129,0.45,0.455,0.45,0.455,70000
EGF,20080129,2.06,2.06,2,2.02,113540
EGL,20080129,0.088,0.09,0.088,0.09,70000
EGO,20080129,0.011,0.012,0.011,0.012,7558418
EHL,20080129,0.95,0.975,0.935,0.94,2190082
EIF,20080129,0.021,0.021,0.021,0.021,460000
EKA,20080129,0.17,0.17,0.17,0.17,5000
EKM,20080129,0.24,0.24,0.24,0.24,50000
ELI,20080129,1.05,1.05,1.04,1.04,21000
ELK,20080129,0.48,0.48,0.43,0.43,173542
ELL,20080129,0.077,0.077,0.077,0.077,607000
ELX,20080129,0.75,0.75,0.75,0.75,9407
ELY,20080129,0.45,0.45,0.45,0.45,46000
EME,20080129,2.4,2.42,2.18,2.21,27237
EMM,20080129,0.075,0.075,0.075,0.075,40000
EMP,20080129,0.065,0.068,0.065,0.065,2909024
EMR,20080129,0.085,0.085,0.085,0.085,55179
EMS,20080129,0.13,0.15,0.12,0.15,125777
ENB,20080129,0.125,0.125,0.12,0.12,10000
ENE,20080129,3,3.05,2.92,2.98,152895
ENG,20080129,0.08,0.08,0.068,0.08,148000
ENR,20080129,0.4,0.4,0.4,0.4,114242
ENV,20080129,0.825,0.85,0.825,0.83,644127
EON,20080129,0.495,0.5,0.495,0.5,6479
EOS,20080129,0.42,0.42,0.4,0.41,15700
EPD,20080129,0.23,0.23,0.23,0.23,55100
EPE,20080129,0.066,0.066,0.065,0.065,120000
EPF,20080129,0.175,0.175,0.175,0.175,25000
EPG,20080129,0.67,0.67,0.6,0.64,49907
EPR,20080129,0.045,0.046,0.044,0.045,282500
EPS,20080129,0.21,0.21,0.21,0.21,11229
EQI,20080129,3.45,3.52,3.25,3.31,477811
EQN,20080129,5.45,5.45,5.09,5.14,677574
EQT,20080129,25.96,25.96,25.96,25.96,300
EQX,20080129,0.19,0.195,0.19,0.195,205000
ERA,20080129,20.54,20.61,19.36,19.39,330313
ERH,20080129,0.15,0.15,0.145,0.145,190750
ERM,20080129,0.21,0.24,0.205,0.215,346200
ERN,20080129,0.195,0.195,0.195,0.195,48500
ERO,20080129,0.16,0.16,0.16,0.16,1800
ESG,20080129,0.365,0.38,0.36,0.36,1049058
ESI,20080129,0.1,0.105,0.1,0.1,451343
ESS,20080129,1.12,1.135,1.04,1.04,159832
ESV,20080129,1.115,1.13,1.115,1.13,22100
ETE,20080129,0.145,0.145,0.145,0.145,43092
ETT,20080129,0.009,0.009,0.009,0.009,200000
EVE,20080129,0.115,0.115,0.105,0.105,33000
EVG,20080129,0.145,0.145,0.13,0.145,529950
EVM,20080129,0.076,0.076,0.076,0.076,30000
EVZ,20080129,0.445,0.445,0.43,0.445,221295
EWC,20080129,0.88,0.88,0.855,0.86,354632
EXE,20080129,0.12,0.13,0.12,0.13,174643
EXM,20080129,0.028,0.029,0.025,0.026,11190581
EXR,20080129,0.23,0.23,0.23,0.23,25000
EXS,20080129,0.24,0.245,0.235,0.245,1102358
EXT,20080129,1.05,1.16,0.9,1.05,747174
EZL,20080129,4.49,4.59,4.44,4.59,17518
FAC,20080129,0.38,0.38,0.38,0.38,25000
FAN,20080129,4,4,4,4,767
FAR,20080129,0.145,0.145,0.115,0.12,6343345
FAS,20080129,0.27,0.28,0.26,0.28,384012
FAT,20080129,0.99,0.99,0.99,0.99,49522
FBU,20080129,9.12,9.12,8.89,8.9,160913
FCL,20080129,2.26,2.32,2.25,2.31,2669641
FCN,20080129,0.21,0.21,0.2,0.2,235000
FCP,20080129,0.045,0.048,0.045,0.048,80000
FDL,20080129,0.105,0.11,0.099,0.1,14340641
FEA,20080129,0.58,0.58,0.55,0.55,49857
FER,20080129,0.92,0.94,0.85,0.88,62200
FFF,20080129,0.04,0.04,0.04,0.04,44936
FGE,20080129,1.25,1.25,1.22,1.23,98962
FGL,20080129,5.95,5.99,5.77,5.83,7050075
FIS,20080129,0.12,0.12,0.12,0.12,20000
FKP,20080129,5.15,5.35,4.9,4.95,808397
FLT,20080129,24.15,24.98,23.26,23.45,695365
FLX,20080129,7.35,7.99,7.35,7.93,172589
FMG,20080129,6.35,6.73,6.22,6.38,7238373
FML,20080129,0.074,0.075,0.07,0.07,2969995
FNP,20080129,0.57,0.58,0.57,0.58,15809
FNT,20080129,0.096,0.1,0.096,0.1,124670
FPA,20080129,2.68,2.68,2.53,2.55,1626490
FPH,20080129,2.75,2.75,2.65,2.65,108679
FRL,20080129,0.245,0.25,0.245,0.25,10000
FRR,20080129,0.445,0.47,0.445,0.47,54300
FRS,20080129,1,1,0.97,0.97,46864
FSA,20080129,0.33,0.37,0.33,0.37,60870
FSE,20080129,0.036,0.036,0.035,0.035,793345
FSN,20080129,0.89,0.89,0.89,0.89,2000
FUL,20080129,0.02,0.021,0.019,0.021,740000
FUN,20080129,0.46,0.48,0.43,0.43,2052463
FUT,20080129,0.007,0.007,0.007,0.007,4625700
FWD,20080129,9.36,9.56,9.36,9.41,49381
FWL,20080129,0.39,0.395,0.305,0.305,110105
FXJ,20080129,4.18,4.18,3.96,4.05,12349743
FXL,20080129,1.35,1.405,1.35,1.4,2442520
FXR,20080129,0.665,0.685,0.655,0.675,451523
FZN,20080129,0.58,0.595,0.58,0.595,122479
GAA,20080129,0.3,0.3,0.3,0.3,6000
GAU,20080129,0.21,0.21,0.195,0.195,67500
GBE,20080129,0.33,0.34,0.32,0.33,16400
GBG,20080129,0.85,0.85,0.775,0.8,1328030
GBM,20080129,0.2,0.205,0.195,0.195,214000
GBP,20080129,0.16,0.16,0.15,0.15,196300
GBZ,20080129,0.16,0.16,0.155,0.155,85500
GCL,20080129,6.15,6.34,6.13,6.15,320219
GCR,20080129,0.031,0.031,0.03,0.03,415000
GDA,20080129,0.029,0.03,0.026,0.027,7709157
GDN,20080129,0.095,0.097,0.085,0.087,532034
GDR,20080129,0.3,0.305,0.275,0.29,438207
GDY,20080129,1.65,1.65,1.565,1.57,383234
GFE,20080129,0.26,0.28,0.26,0.28,56165
GFF,20080129,1.745,1.77,1.67,1.67,4798683
GFL,20080129,0.73,0.73,0.66,0.7,20066
GGE,20080129,0.042,0.042,0.041,0.041,70000
GGG,20080129,1,1.05,0.91,0.91,45000
GGP,20080129,0.27,0.29,0.27,0.29,50000
GGX,20080129,0.071,0.071,0.067,0.067,300000
GGY,20080129,0.115,0.115,0.11,0.11,875441
GHT,20080129,0.79,0.79,0.76,0.76,5650
GIP,20080129,0.095,0.105,0.095,0.105,8238
GIR,20080129,0.88,0.88,0.85,0.86,106444
GJT,20080129,0.695,0.7,0.665,0.665,471677
GLB,20080129,0.91,0.95,0.91,0.93,40327
GLC,20080129,0.135,0.135,0.135,0.135,22000
GLH,20080129,0.063,0.063,0.063,0.063,263181
GLI,20080129,0.18,0.18,0.17,0.17,127000
GLM,20080129,0.335,0.335,0.3,0.32,480966
GLO,20080129,0.027,0.027,0.027,0.027,99040
GLX,20080129,0.075,0.075,0.07,0.075,253000
GME,20080129,0.35,0.35,0.35,0.35,50500
GMG,20080129,4.59,4.59,4.25,4.51,8498181
GMI,20080129,1.81,1.81,1.73,1.76,174997
GML,20080129,0.12,0.12,0.12,0.12,5000
GMX,20080129,1,1.08,1,1.08,18500
GNC,20080129,12.1,12.31,11.97,12,64682
GNI,20080129,0.21,0.215,0.21,0.215,11500
GNL,20080129,0.037,0.05,0.037,0.039,261090038
GNS,20080129,3.34,3.53,3.25,3.4,846592
GOA,20080129,0.06,0.06,0.06,0.06,36000
GOG,20080129,0.16,0.16,0.16,0.16,41000
GOP,20080129,0.135,0.135,0.135,0.135,10000
GPG,20080129,1.35,1.35,1.34,1.34,255202
GPN,20080129,0.015,0.015,0.015,0.015,616803
GPT,20080129,3.86,3.87,3.69,3.75,17078482
GRD,20080129,1.6,1.6,1.56,1.56,195799
GRK,20080129,0.097,0.097,0.092,0.092,40000
GRR,20080129,2,2,1.93,1.98,351475
GRY,20080129,0.665,0.67,0.625,0.665,183150
GSC,20080129,0.16,0.16,0.16,0.16,9500
GSE,20080129,0.065,0.066,0.065,0.066,199868
GSF,20080129,0.049,0.06,0.047,0.054,1943923
GTE,20080129,0.1,0.1,0.1,0.1,53928
GTG,20080129,0.14,0.14,0.14,0.14,85932
GTP,20080129,1.76,1.85,1.74,1.795,1026606
GUD,20080129,9.27,10.2,9.2,9.83,209914
GUN,20080129,0.14,0.14,0.13,0.13,222676
GWR,20080129,1.885,1.895,1.8,1.81,68303
GWT,20080129,3.2,3.32,3.2,3.22,259097
GWV,20080129,0.063,0.063,0.063,0.063,87195
GXL,20080129,1.39,1.4,1.32,1.4,37900
GXY,20080129,0.51,0.51,0.51,0.51,7244
GYN,20080129,0.27,0.285,0.265,0.285,208000
GZL,20080129,2.1,2.1,2.1,2.1,10326
HAO,20080129,0.2,0.2,0.155,0.195,193000
HAP,20080129,0.99,0.99,0.96,0.96,21126
HAV,20080129,1.38,1.4,1.38,1.38,23425
HAZ,20080129,0.22,0.22,0.22,0.22,5000
HDF,20080129,2.77,2.85,2.73,2.8,470329
HDG,20080129,0.2,0.21,0.2,0.21,48995
HDN,20080129,0.22,0.22,0.22,0.22,42000
HEG,20080129,0.42,0.45,0.415,0.43,357850
HEM,20080129,0.2,0.205,0.2,0.2,44000
HER,20080129,2.19,2.51,2.19,2.5,23138692
HFA,20080129,1.35,1.35,1.28,1.3,1217923
HGI,20080129,2.4,2.44,2.32,2.35,3027803
HGO,20080129,0.25,0.255,0.25,0.25,178269
HHL,20080129,14.6,14.6,14.48,14.5,4026
HHM,20080129,0.25,0.25,0.25,0.25,13000
HHV,20080129,0.94,0.95,0.935,0.945,354641
HHY,20080129,1.63,1.67,1.63,1.63,94009
HIC,20080129,0.87,0.89,0.87,0.88,452561
HIG,20080129,0.105,0.11,0.1,0.1,610407
HII,20080129,0.3,0.33,0.3,0.33,78653
HIL,20080129,5.08,5.12,4.96,4.96,157370
HLD,20080129,0.135,0.14,0.135,0.14,242858
HLG,20080129,2.2,2.27,2.01,2.05,299870
HLX,20080129,0.3,0.3,0.3,0.3,62065
HMC,20080129,0.14,0.14,0.13,0.135,220243
HNG,20080129,2.17,2.17,2.17,2.17,450
HRD,20080129,0.03,0.03,0.03,0.03,30000
HRL,20080129,0.15,0.15,0.145,0.145,264724
HRR,20080129,0.85,0.85,0.79,0.79,240037
HSN,20080129,0.4,0.4,0.37,0.37,91000
HSP,20080129,5.33,5.4,5.08,5.18,508054
HST,20080129,4.31,4.4,4.2,4.26,169451
HTA,20080129,0.135,0.14,0.135,0.14,304700
HTE,20080129,0.03,0.032,0.029,0.029,614252
HTM,20080129,0.04,0.041,0.04,0.041,62822
HTW,20080129,0.4,0.41,0.4,0.4,781296
HVN,20080129,6.15,6.17,5.94,6,7740585
HWG,20080129,0.4,0.4,0.4,0.4,90000
HWI,20080129,1.9,1.9,1.76,1.795,633889
HXL,20080129,0.7,0.8,0.7,0.8,11000
HYO,20080129,0.165,0.165,0.165,0.165,20000
HZN,20080129,0.31,0.31,0.29,0.295,505384
IAG,20080129,4.04,4.04,3.81,3.81,9467691
IAS,20080129,0.31,0.31,0.31,0.31,72580
IAT,20080129,0.045,0.045,0.045,0.045,50000
IAU,20080129,0.285,0.315,0.285,0.29,170866
IAW,20080129,0.175,0.19,0.175,0.19,23420
IBA,20080129,0.71,0.735,0.65,0.65,2594776
IBC,20080129,0.6,0.6,0.6,0.6,4457
IBG,20080129,0.71,0.71,0.68,0.71,26000
ICC,20080129,0.095,0.095,0.08,0.09,110000
ICD,20080129,0.64,0.64,0.64,0.64,2460
ICN,20080129,0.049,0.052,0.049,0.052,876704
ICP,20080129,0.072,0.072,0.07,0.07,594838
IDL,20080129,0.565,0.63,0.565,0.63,5437425
IDO,20080129,1,1,0.985,1,15900
IDT,20080129,2.09,2.09,2.01,2.01,15026
IEF,20080129,1.04,1.04,1.02,1.03,295017
IEM,20080129,156.55,156.55,155,155.34,682
IEU,20080129,118,118,118,118,420
IFE,20080129,0.92,0.965,0.92,0.965,27163
IFL,20080129,6.9,7.03,6.74,6.74,368757
IFM,20080129,0.47,0.47,0.435,0.435,1076270
IGC,20080129,0.245,0.245,0.23,0.23,47987
IGO,20080129,7.42,7.61,7.18,7.41,729684
IGR,20080129,0.49,0.51,0.485,0.485,789112
IHF,20080129,0.985,1.02,0.985,1.02,92300
IHG,20080129,0.058,0.058,0.05,0.05,99500
IHK,20080129,22.83,22.83,22.46,22.7,2400
IIF,20080129,2.1,2.18,2.07,2.11,7983136
IIG,20080129,0.019,0.022,0.019,0.02,1307500
III,20080129,0.2,0.2,0.2,0.2,3000
IIN,20080129,2.29,2.29,2.2,2.26,66498
IJH,20080129,88.84,88.84,88.84,88.84,3
IJP,20080129,14.19,14.19,14.19,14.19,34
IJR,20080129,68.47,68.47,68.47,68.47,8
IKO,20080129,63.48,63.48,63.48,63.48,8
ILF,20080129,1.07,1.13,1.055,1.07,909255
ILU,20080129,4.57,4.6,4.3,4.4,913690
IMA,20080129,1.45,1.5,1.41,1.41,35436
IMD,20080129,1.97,2.01,1.955,2.01,122639
IMF,20080129,0.54,0.54,0.54,0.54,2000
IMI,20080129,0.021,0.021,0.019,0.019,4560888
IMP,20080129,0.015,0.015,0.014,0.014,2308800
IMU,20080129,0.125,0.125,0.125,0.125,15000
INL,20080129,0.075,0.078,0.072,0.072,602743
INP,20080129,0.85,0.88,0.81,0.85,315364
INR,20080129,1.2,1.34,1.2,1.3,110000
INT,20080129,0.043,0.043,0.041,0.041,1928139
IOF,20080129,1.355,1.36,1.31,1.31,9720344
IOH,20080129,0.585,0.585,0.57,0.57,21700
IOO,20080129,83.45,83.46,83.37,83.37,305
IPE,20080129,0.85,0.85,0.85,0.85,35860
IPL,20080129,118,123,118,119.15,360428
IPM,20080129,1.2,1.25,1.18,1.18,104875
IPN,20080129,0.245,0.245,0.24,0.24,182244
IPR,20080129,0.14,0.14,0.14,0.14,61020
IPT,20080129,0.14,0.14,0.14,0.14,6000
IPX,20080129,0.98,0.98,0.9,0.9,80000
IRC,20080129,0.245,0.245,0.245,0.245,11000
IRE,20080129,6.6,6.69,6.32,6.6,298196
IRI,20080129,0.485,0.485,0.475,0.475,135121
IRL,20080129,0.13,0.13,0.125,0.125,97000
IRM,20080129,0.22,0.225,0.22,0.22,134545
IRN,20080129,0.72,0.74,0.68,0.68,289850
IRU,20080129,79.02,79.02,79.02,79.02,5
ISG,20080129,14.16,14.16,14.16,14.16,24
ITC,20080129,0.039,0.039,0.036,0.036,149500
ITD,20080129,0.18,0.185,0.18,0.18,28075
ITE,20080129,0.075,0.079,0.075,0.075,106452
ITT,20080129,0.21,0.21,0.185,0.185,222010
ITW,20080129,15.6,15.6,15.6,15.6,250
IUL,20080129,0.06,0.06,0.06,0.06,12000
IVC,20080129,6.07,6.39,6.03,6.25,189842
IVE,20080129,81.37,81.37,81.37,81.37,37
IVK,20080129,2.6,2.6,2.6,2.6,1500
IVV,20080129,153.07,153.07,153.07,153.07,20
IWI,20080129,1.3,1.3,1.3,1.3,2500
IXR,20080129,0.565,0.62,0.565,0.6,574092
IZZ,20080129,173.19,173.23,171.19,172.62,450
JAK,20080129,0.12,0.125,0.12,0.125,65850
JAL,20080129,0.24,0.24,0.24,0.24,20000
JBH,20080129,13.05,13.68,13,13.39,671272
JBM,20080129,22.5,22.57,22.45,22.45,3108964
JET,20080129,2.99,2.99,2.8,2.8,15976
JGL,20080129,0.12,0.12,0.11,0.115,232646
JHX,20080129,6.4,6.48,6.1,6.29,3323186
JMB,20080129,0.6,0.6,0.6,0.6,6224
JML,20080129,0.795,0.81,0.725,0.78,2126045
JMS,20080129,0.19,0.19,0.19,0.19,92000
JPR,20080129,0.081,0.084,0.08,0.082,175425
JRL,20080129,0.935,0.94,0.91,0.91,13800
JRV,20080129,0.017,0.018,0.017,0.017,1738434
JST,20080129,3.91,4.03,3.72,3.8,1087714
JUT,20080129,0.195,0.195,0.195,0.195,9500
KAL,20080129,0.165,0.165,0.15,0.15,1287575
KAM,20080129,0.65,0.65,0.65,0.65,95000
KAR,20080129,2.29,2.29,2.1,2.2,536739
KAS,20080129,0.26,0.26,0.26,0.26,43846
KBC,20080129,1.19,1.215,1.19,1.2,114607
KCN,20080129,4.38,4.65,4.28,4.6,361417
KEN,20080129,0.255,0.255,0.24,0.24,54000
KEY,20080129,0.17,0.17,0.17,0.17,22747
KGL,20080129,0.18,0.18,0.18,0.18,30000
KIK,20080129,0.14,0.14,0.13,0.14,80000
KIL,20080129,0.83,0.85,0.83,0.85,62500
KIS,20080129,0.585,0.62,0.585,0.62,30000
KLM,20080129,0.595,0.595,0.595,0.595,1000
KMN,20080129,0.45,0.46,0.445,0.445,84400
KOR,20080129,0.21,0.21,0.19,0.19,47400
KOV,20080129,5.55,5.55,5.55,5.55,10000
KRB,20080129,0.145,0.17,0.145,0.17,65000
KRS,20080129,0.31,0.315,0.3,0.31,947891
KSC,20080129,3.25,3.25,3.2,3.2,10974
KSX,20080129,0.155,0.165,0.155,0.155,1160000
KTE,20080129,0.15,0.15,0.15,0.15,100000
KYC,20080129,0.21,0.22,0.21,0.22,17500
KZL,20080129,3.95,3.95,3.71,3.72,1829731
LBT,20080129,0.2,0.2,0.2,0.2,5000
LCL,20080129,1.025,1.025,1.025,1.025,976
LCM,20080129,1.31,1.31,1.31,1.31,390
LCT,20080129,0.28,0.3,0.275,0.3,29000
LDW,20080129,5.7,5.7,5.7,5.7,2840
LEF,20080129,0.115,0.115,0.11,0.11,67786
LEG,20080129,0.039,0.04,0.038,0.038,1781950
LEI,20080129,47.5,49.8,46.73,48.39,978028
LEP,20080129,3.5,3.51,3.44,3.51,9352
LFE,20080129,0.24,0.245,0.225,0.245,150600
LGD,20080129,0.21,0.21,0.21,0.21,4000
LGL,20080129,3.87,3.89,3.76,3.76,9977075
LIO,20080129,0.12,0.12,0.12,0.12,3600
LKO,20080129,0.008,0.008,0.008,0.008,4075790
LLC,20080129,15.6,15.6,14.71,15,1701449
LMG,20080129,0.011,0.013,0.011,0.013,239000
LML,20080129,0.215,0.215,0.2,0.2,10257
LMP,20080129,0.088,0.088,0.085,0.085,70000
LMW,20080129,0.665,0.665,0.65,0.655,49000
LNC,20080129,0.68,0.7,0.68,0.7,302496
LNG,20080129,0.735,0.735,0.69,0.72,77334
LNN,20080129,9.4,9.5,9.21,9.34,2019732
LOM,20080129,0.235,0.25,0.2,0.25,40000
LPM,20080129,0.053,0.055,0.053,0.055,18013
LRF,20080129,1.35,1.36,1.315,1.335,273404
LRL,20080129,0.63,0.63,0.63,0.63,77350
LSA,20080129,0.021,0.023,0.02,0.023,750000
LSR,20080129,0.125,0.125,0.12,0.125,45711
LST,20080129,1.51,1.51,1.445,1.45,206751
LTR,20080129,0.15,0.15,0.15,0.15,50000
LUM,20080129,0.012,0.013,0.012,0.013,2105000
LWB,20080129,1.44,1.44,1.44,1.44,4090
LYC,20080129,1.17,1.17,1.085,1.085,981933
LYL,20080129,4,4,4,4,25000
MAE,20080129,0.785,0.795,0.725,0.74,891203
MAH,20080129,1.37,1.395,1.31,1.31,2304536
MAK,20080129,0.515,0.55,0.515,0.52,767254
MAL,20080129,0.45,0.45,0.43,0.43,80461
MAN,20080129,0.017,0.017,0.017,0.017,1410481
MAP,20080129,3.78,3.78,3.6,3.7,7126841
MAQ,20080129,1.29,1.29,1.29,1.29,390
MAR,20080129,0.245,0.245,0.23,0.24,140500
MAU,20080129,0.12,0.13,0.12,0.13,78277
MAV,20080129,0.545,0.6,0.545,0.59,132215
MBA,20080129,0.08,0.082,0.08,0.082,90000
MBI,20080129,0.083,0.083,0.082,0.082,160000
MBN,20080129,5.28,5.28,5.1,5.25,158887
MBP,20080129,0.034,0.035,0.032,0.034,593500
MBT,20080129,1.21,1.21,1.19,1.2,45819
MCC,20080129,9.6,10.31,9.5,10.25,1487870
MCG,20080129,5.07,5.24,4.96,5.15,1975397
MCL,20080129,0.018,0.018,0.016,0.016,533135
MCO,20080129,0.26,0.3,0.25,0.3,66041
MCP,20080129,3.1,3.15,3.03,3.1,7871
MCQ,20080129,3.12,3.14,3.07,3.14,76504
MCR,20080129,3.3,3.32,3.15,3.15,748007
MCU,20080129,0.95,0.95,0.87,0.87,31463
MCW,20080129,1.57,1.585,1.52,1.52,8239696
MDA,20080129,0.32,0.32,0.29,0.295,50300
MDG,20080129,0.12,0.12,0.12,0.12,10100
MDL,20080129,1.185,1.185,1.11,1.14,84312
MDS,20080129,0.085,0.085,0.085,0.085,9770
MDT,20080129,0.68,0.69,0.635,0.69,4171369
MDX,20080129,0.11,0.11,0.1,0.11,546670
MEE,20080129,0.22,0.23,0.21,0.23,201410
MEG,20080129,0.18,0.19,0.18,0.19,66240
MEI,20080129,0.09,0.09,0.09,0.09,6000
MEL,20080129,0.83,0.83,0.79,0.805,224438
MEO,20080129,0.31,0.42,0.29,0.4,28473615
MEP,20080129,0.525,0.525,0.525,0.525,2013
MES,20080129,0.4,0.4,0.38,0.385,42800
MEU,20080129,0.086,0.09,0.086,0.09,172000
MFC,20080129,0.375,0.39,0.32,0.39,485500
MFF,20080129,0.655,0.655,0.63,0.63,206402
MFG,20080129,1.02,1.02,1,1,21960
MFI,20080129,0.31,0.39,0.31,0.315,1544837
MFT,20080129,0.605,0.66,0.59,0.64,1037719
MGO,20080129,0.25,0.25,0.25,0.25,279320
MGR,20080129,5.29,5.3,4.95,5.05,6019334
MGU,20080129,0.19,0.19,0.19,0.19,20000
MGW,20080129,1.99,1.99,1.885,1.885,49982
MGZ,20080129,0.09,0.09,0.09,0.09,40000
MHL,20080129,0.025,0.025,0.024,0.024,1805980
MHM,20080129,0.13,0.13,0.12,0.125,180001
MIG,20080129,3.06,3.06,2.93,2.96,15728973
MIK,20080129,0.53,0.53,0.52,0.52,53850
MIN,20080129,4.85,4.9,4.82,4.83,188805
MIR,20080129,1.98,1.98,1.91,1.92,63328
MIS,20080129,4.98,4.98,4.7,4.75,428889
MIT,20080129,1.8,1.8,1.7,1.7,49571
MIX,20080129,0.615,0.62,0.6,0.6,538348
MKY,20080129,0.03,0.032,0.029,0.029,3237782
MLB,20080129,2.81,2.84,2.75,2.8,86685
MLE,20080129,3.49,3.49,3.21,3.23,348607
MLI,20080129,0.54,0.54,0.52,0.52,221546
MLM,20080129,0.55,0.55,0.52,0.54,74506
MLS,20080129,0.068,0.072,0.065,0.065,3006100
MLT,20080129,21.3,22.13,21,21,25672
MLX,20080129,0.29,0.29,0.27,0.27,316942
MMA,20080129,0.82,0.84,0.815,0.815,229606
MMB,20080129,0.35,0.35,0.3,0.3,65000
MMG,20080129,3.9,3.95,3.67,3.89,541968
MML,20080129,1.43,1.43,1.33,1.36,107700
MMN,20080129,0.19,0.2,0.185,0.185,213237
MMS,20080129,3.47,3.6,3.44,3.55,18850
MMX,20080129,3.49,3.59,3.38,3.5,4418526
MMY,20080129,0.25,0.25,0.25,0.25,7067
MMZ,20080129,0.195,0.195,0.14,0.14,400995
MNC,20080129,0.35,0.36,0.35,0.36,7500
MND,20080129,12.02,12.62,12,12,416610
MNL,20080129,0.21,0.21,0.21,0.21,10000
MNM,20080129,0.17,0.19,0.17,0.19,50000
MNW,20080129,0.056,0.056,0.056,0.056,25000
MOC,20080129,2.05,2.08,2.02,2.07,136403
MOF,20080129,1.22,1.22,1.135,1.14,10660606
MOG,20080129,0.165,0.165,0.165,0.165,16000
MOL,20080129,2.79,2.87,2.75,2.87,99772
MON,20080129,0.6,0.63,0.595,0.6,100571
MOO,20080129,0.19,0.19,0.19,0.19,37000
MOS,20080129,0.097,0.1,0.096,0.096,1625935
MOX,20080129,0.255,0.27,0.25,0.25,177814
MPA,20080129,0.015,0.015,0.014,0.015,210000
MPF,20080129,1.1,1.19,1.04,1.16,176530
MPG,20080129,0.75,0.775,0.75,0.77,59000
MPJ,20080129,0.007,0.007,0.006,0.006,3951000
MPO,20080129,0.52,0.56,0.51,0.55,642873
MPS,20080129,0.69,0.72,0.68,0.7,457329
MQG,20080129,67.64,68.06,65.05,65.05,2466567
MRA,20080129,0.635,0.65,0.63,0.635,359024
MRC,20080129,0.18,0.18,0.17,0.17,91500
MRE,20080129,5.18,5.19,4.96,4.96,1691446
MRM,20080129,1.8,1.8,1.68,1.75,59438
MRO,20080129,0.58,0.65,0.58,0.65,59740
MRU,20080129,1.9,1.9,1.9,1.9,35000
MRX,20080129,0.092,0.095,0.089,0.089,2520876
MRZ,20080129,1.21,1.22,1.2,1.21,2535338
MSB,20080129,0.95,0.98,0.9,0.95,43929
MSC,20080129,0.014,0.014,0.013,0.013,1185000
MSF,20080129,2.65,2.65,2.65,2.65,1066
MSH,20080129,0.1,0.1,0.1,0.1,118000
MSL,20080129,2.7,2.73,2.65,2.65,122177
MST,20080129,0.071,0.075,0.071,0.075,482470
MTB,20080129,0.067,0.067,0.067,0.067,77060
MTH,20080129,0.205,0.21,0.205,0.21,100000
MTI,20080129,0.025,0.025,0.025,0.025,45000
MTN,20080129,1.67,1.73,1.53,1.73,105387
MTS,20080129,4.25,4.43,4.22,4.37,2909633
MTU,20080129,0.695,0.745,0.695,0.745,209653
MUE,20080129,0.775,0.775,0.77,0.775,41270
MUM,20080129,0.25,0.25,0.25,0.25,20000
MUN,20080129,0.72,0.75,0.72,0.73,213872
MUR,20080129,0.095,0.1,0.095,0.1,600760
MUT,20080129,0.031,0.031,0.031,0.031,150000
MVH,20080129,0.1,0.1,0.1,0.1,109000
MVP,20080129,0.345,0.35,0.345,0.35,12850
MWE,20080129,0.155,0.16,0.135,0.135,88250
MWG,20080129,1.085,1.09,1.07,1.08,79474
MWR,20080129,0.085,0.085,0.083,0.083,57500
MXI,20080129,0.7,0.7,0.69,0.69,110756
MXL,20080129,0.022,0.023,0.021,0.023,210000
MXR,20080129,0.175,0.175,0.17,0.17,338395
MXX,20080129,1.43,1.45,1.4,1.4,669456
MYO,20080129,1.3,1.39,1.3,1.325,536840
MZM,20080129,0.175,0.18,0.175,0.175,196000
NAB,20080129,35.62,36.2,35.02,35.43,7561009
NAD,20080129,0.02,0.02,0.018,0.02,656136
NAL,20080129,0.031,0.031,0.03,0.031,413500
NAM,20080129,0.545,0.545,0.545,0.545,26520
NAN,20080129,0.48,0.48,0.42,0.45,29276
NAV,20080129,0.85,0.875,0.84,0.845,99383
NBL,20080129,3.51,3.51,3.5,3.5,5022
NCI,20080129,1.7,1.7,1.7,1.7,30876
NCK,20080129,2,2.05,2,2,20483
NCM,20080129,35.1,35.1,33.47,33.75,3311541
NDO,20080129,0.225,0.23,0.225,0.225,4104184
NEC,20080129,1.4,1.4,1.38,1.4,64500
NEM,20080129,6.06,6.19,6.06,6.14,98865
NEO,20080129,0.06,0.06,0.056,0.056,14000
NEU,20080129,0.16,0.16,0.15,0.16,37323
NFE,20080129,2.54,2.56,2.48,2.56,1912136
NFK,20080129,1.58,1.62,1.58,1.62,206538
NFL,20080129,0.11,0.12,0.1,0.11,596433
NGE,20080129,0.15,0.165,0.13,0.165,4210000
NGF,20080129,0.575,0.58,0.54,0.545,1356639
NGM,20080129,0.145,0.145,0.145,0.145,20000
NHC,20080129,2.09,2.1,1.95,2.03,96191
NHF,20080129,1.1,1.1,1.07,1.07,181728
NHR,20080129,2.26,2.26,2.26,2.26,24236
NIO,20080129,0.19,0.19,0.165,0.175,199675
NIP,20080129,0.5,0.5,0.5,0.5,1000
NKP,20080129,0.77,0.85,0.77,0.81,164300
NLB,20080129,0.35,0.35,0.35,0.35,7000
NLG,20080129,0.095,0.11,0.095,0.11,323810
NLX,20080129,1.8,1.8,1.55,1.65,139107
NME,20080129,0.25,0.25,0.2,0.2,203238
NMI,20080129,0.115,0.115,0.115,0.115,17000
NMR,20080129,0.8,0.8,0.78,0.78,29800
NMS,20080129,0.885,0.89,0.81,0.82,1375636
NOA,20080129,0.205,0.205,0.205,0.205,50000
NOD,20080129,2.3,2.3,2.17,2.18,154000
NQM,20080129,0.37,0.37,0.37,0.37,101410
NRT,20080129,1.32,1.32,1.27,1.27,12146
NSL,20080129,0.022,0.022,0.018,0.018,4428144
NST,20080129,0.1,0.1,0.1,0.1,100000
NTC,20080129,0.061,0.065,0.061,0.065,131000
NTU,20080129,0.35,0.37,0.35,0.37,109206
NUF,20080129,14.63,15.26,14.63,14.9,805839
NVT,20080129,1.99,2,1.99,2,11340
NWA,20080129,0.019,0.019,0.019,0.019,507000
NWE,20080129,0.16,0.16,0.15,0.15,258000
NWH,20080129,2.32,2.32,2.18,2.2,109888
NWR,20080129,0.215,0.215,0.215,0.215,5000
NWS,20080129,22.03,22.09,21.8,21.9,1406020
NWT,20080129,0.006,0.007,0.006,0.007,8048000
NXS,20080129,1.6,1.6,1.525,1.55,2605280
NZO,20080129,0.95,0.96,0.93,0.96,77750
OAK,20080129,1.35,1.35,1.31,1.33,51205
OBJ,20080129,0.034,0.036,0.034,0.036,500000
OEC,20080129,0.17,0.175,0.17,0.175,75666
OEL,20080129,0.25,0.265,0.25,0.26,1296305
OEQ,20080129,1.1,1.1,1.1,1.1,18000
OEX,20080129,1.64,1.7,1.63,1.7,600596
OFG,20080129,2.14,2.15,2.14,2.15,23000
OGC,20080129,2.6,2.62,2.5,2.52,374412
OIF,20080129,0.67,0.68,0.63,0.63,326433
OIL,20080129,0.27,0.29,0.27,0.27,49750
OIP,20080129,0.11,0.11,0.11,0.11,10000
OKN,20080129,4.95,5,4.89,4.94,84635
OKU,20080129,0.12,0.12,0.12,0.12,23784
OLE,20080129,0.024,0.024,0.024,0.024,157185
OLH,20080129,1.16,1.16,1.16,1.16,496
OLY,20080129,0.08,0.08,0.08,0.08,24982
OMH,20080129,1.6,1.605,1.54,1.55,219799
OMI,20080129,0.42,0.42,0.42,0.42,22225
ONC,20080129,0.2,0.22,0.2,0.22,25750
ORD,20080129,0.3,0.315,0.3,0.305,74810
ORE,20080129,0.21,0.21,0.21,0.21,8370
ORG,20080129,8.65,8.81,8.54,8.75,6367029
ORH,20080129,0.085,0.085,0.079,0.079,122306
ORI,20080129,29.6,29.67,28.69,29.02,1239287
ORL,20080129,3.65,3.65,3.65,3.65,4080
ORO,20080129,0.042,0.042,0.04,0.04,3351334
ORP,20080129,0.05,0.051,0.05,0.05,170000
OSH,20080129,4.65,4.65,4.34,4.35,12622457
OST,20080129,6.42,6.58,6.34,6.38,4098738
OVR,20080129,0.44,0.5,0.44,0.5,173000
OXR,20080129,3.16,3.17,2.94,2.94,16547767
OZB,20080129,0.08,0.08,0.08,0.08,10000
OZG,20080129,0.205,0.21,0.205,0.205,282000
PAA,20080129,0.042,0.042,0.04,0.04,1010000
PAB,20080129,0.38,0.38,0.38,0.38,10000
PAG,20080129,1.76,1.76,1.73,1.735,59773
PAX,20080129,0.18,0.18,0.18,0.18,72043
PBA,20080129,1,1,1,1,19750
PBB,20080129,1.92,1.95,1.915,1.95,982893
PBD,20080129,1.545,1.585,1.51,1.51,91208
PBG,20080129,2.75,2.9,2.74,2.85,1566661
PBP,20080129,1.17,1.17,1.17,1.17,22290
PBT,20080129,0.45,0.45,0.445,0.445,282095
PCL,20080129,0.04,0.04,0.04,0.04,170000
PCP,20080129,0.05,0.052,0.05,0.052,200000
PDM,20080129,0.095,0.105,0.095,0.105,69500
PDN,20080129,5.07,5.12,4.79,4.83,3772555
PDO,20080129,0.44,0.44,0.4,0.4,86555
PDZ,20080129,0.75,0.75,0.74,0.74,13484
PEK,20080129,0.1,0.1,0.1,0.1,18768
PEM,20080129,1.62,1.62,1.53,1.55,1895737
PEN,20080129,0.035,0.035,0.032,0.032,1471750
PES,20080129,0.52,0.52,0.48,0.48,14600
PEV,20080129,0.06,0.06,0.06,0.06,250000
PEX,20080129,0.2,0.2,0.2,0.2,10000
PFG,20080129,0.51,0.51,0.49,0.49,145186
PFL,20080129,1.345,1.345,1.3,1.33,69920
PGA,20080129,5.2,5.2,5.2,5.2,28600
PGL,20080129,2.08,2.08,1.95,2.08,93362
PGM,20080129,1.1,1.1,1.05,1.05,23500
PGS,20080129,0.12,0.12,0.12,0.12,279000
PHG,20080129,0.13,0.13,0.12,0.12,71500
PHK,20080129,0.225,0.225,0.225,0.225,322834
PIE,20080129,0.03,0.031,0.024,0.029,2870442
PIO,20080129,0.135,0.145,0.135,0.145,150000
PKT,20080129,0.055,0.055,0.053,0.055,861599
PLA,20080129,2.23,2.34,2.12,2.12,365927
PLB,20080129,1.16,1.16,1.16,1.16,1000
PLD,20080129,0.11,0.11,0.1,0.1,145000
PLI,20080129,0.695,0.75,0.695,0.75,27536
PLT,20080129,0.3,0.305,0.29,0.305,195576
PLV,20080129,2,2,1.8,2,159249
PMC,20080129,1.6,1.64,1.575,1.575,121963
PME,20080129,1.26,1.26,1.25,1.25,7731
PMM,20080129,9.28,9.8,8.92,9.12,47659
PMP,20080129,1.695,1.73,1.62,1.65,920343
PMX,20080129,0.04,0.04,0.04,0.04,10000
PNA,20080129,0.915,0.915,0.88,0.88,6608267
PNN,20080129,0.9,0.9,0.88,0.9,34429
PNO,20080129,0.009,0.009,0.009,0.009,170000
POH,20080129,0.22,0.22,0.21,0.21,108500
POL,20080129,0.62,0.62,0.6,0.6,163578
POS,20080129,0.74,0.74,0.7,0.71,131798
PPC,20080129,3.4,3.4,3.4,3.4,5563
PPK,20080129,0.825,0.835,0.825,0.835,20000
PPP,20080129,0.225,0.23,0.225,0.23,1214238
PPS,20080129,0.65,0.65,0.635,0.635,31952
PPT,20080129,62,63,61.2,62.6,220352
PPX,20080129,2.33,2.39,2.21,2.24,1926345
PRC,20080129,0.82,0.82,0.81,0.81,26588
PRE,20080129,0.044,0.047,0.043,0.043,18135400
PRG,20080129,4.13,4.59,4.13,4.2,88443
PRO,20080129,0.385,0.385,0.36,0.36,7500
PRR,20080129,0.018,0.018,0.017,0.018,892000
PRT,20080129,3.4,3.55,3.4,3.55,3330
PRU,20080129,1.095,1.12,1.07,1.1,453517
PRV,20080129,1.075,1.075,1.02,1.02,142406
PRW,20080129,0.38,0.38,0.37,0.38,233370
PRY,20080129,11.08,11.12,10.86,11.05,118876
PSA,20080129,1.4,1.4,1.28,1.335,372267
PSD,20080129,0.099,0.099,0.088,0.09,1941225
PSF,20080129,0.685,0.685,0.685,0.685,10000
PSH,20080129,1.355,1.4,1.355,1.4,72816
PST,20080129,0.63,0.64,0.63,0.64,35000
PSV,20080129,0.2,0.2,0.195,0.195,559787
PTM,20080129,5,5.04,4.94,5,486452
PTN,20080129,0.73,0.75,0.725,0.725,620000
PTO,20080129,0.08,0.08,0.08,0.08,2500
PTR,20080129,0.78,0.78,0.76,0.77,21071
PVE,20080129,1.65,1.65,1.57,1.57,52000
PWK,20080129,4.05,4.08,4.03,4.04,40420
PWR,20080129,0.25,0.3,0.25,0.26,4533
PXL,20080129,0.19,0.19,0.175,0.175,30000
PXS,20080129,3.49,3.49,3.35,3.43,159929
PYC,20080129,0.13,0.13,0.13,0.13,40000
PYM,20080129,0.36,0.36,0.34,0.34,72168
QAN,20080129,4.78,4.92,4.55,4.62,8385113
QBE,20080129,30.3,30.3,28.52,28.94,4915244
QFX,20080129,0.115,0.115,0.115,0.115,17045
QGC,20080129,3.04,3.08,3.01,3.06,1715431
QHL,20080129,0.59,0.59,0.57,0.57,88140
QMG,20080129,0.099,0.1,0.099,0.1,40000
QMT,20080129,2.24,2.4,2.24,2.4,39828
QOL,20080129,0.2,0.2,0.19,0.19,323500
QRS,20080129,0.1,0.1,0.1,0.1,2385
QTK,20080129,0.036,0.036,0.034,0.034,392432
QTM,20080129,0.06,0.06,0.057,0.057,204113
QUR,20080129,0.024,0.026,0.024,0.026,600000
QXQ,20080129,0.04,0.04,0.039,0.039,295945
RAB,20080129,1.54,1.54,1.54,1.54,5000
RAT,20080129,0.57,0.58,0.47,0.475,1590044
RAU,20080129,0.092,0.1,0.088,0.092,15933193
RBM,20080129,0.066,0.067,0.066,0.067,178199
RBX,20080129,0.2,0.2,0.2,0.2,50427
RCG,20080129,0.275,0.275,0.275,0.275,70000
RCH,20080129,0.033,0.034,0.029,0.029,14306747
RCR,20080129,1.755,1.8,1.755,1.78,154801
RCT,20080129,3.12,3.12,3.05,3.05,8675
RCY,20080129,0.68,0.685,0.66,0.67,590219
RDF,20080129,2.89,2.92,2.86,2.86,111521
RDM,20080129,0.21,0.22,0.21,0.22,12744
RDR,20080129,0.825,0.85,0.805,0.805,234072
RDS,20080129,0.47,0.47,0.45,0.45,13200
REA,20080129,6,6.12,5.95,6.05,3785
RED,20080129,0.094,0.095,0.09,0.09,569352
REF,20080129,3.35,3.35,3.27,3.27,19499
REH,20080129,24.35,24.9,24.01,24.01,2103
REU,20080129,0.475,0.475,0.4,0.41,1437354
REX,20080129,1.465,1.5,1.46,1.5,77844
REY,20080129,0.15,0.15,0.15,0.15,6675
RFE,20080129,0.43,0.455,0.43,0.45,370328
RFG,20080129,1.5,1.5,1.48,1.49,71928
RFL,20080129,0.17,0.17,0.165,0.17,162595
RFT,20080129,0.01,0.01,0.01,0.01,400000
RHC,20080129,11.14,11.28,10.78,11.05,238601
RHD,20080129,0.52,0.535,0.52,0.52,22500
RHE,20080129,0.28,0.28,0.28,0.28,113400
RHG,20080129,0.25,0.255,0.24,0.24,825784
RHI,20080129,4.25,4.35,4.25,4.35,1600
RHL,20080129,3.9,3.9,3.9,3.9,280
RHT,20080129,0.015,0.015,0.012,0.012,35714
RIA,20080129,0.4,0.4,0.36,0.36,24000
RIC,20080129,1.17,1.17,1.155,1.165,121870
RIM,20080129,0.032,0.032,0.029,0.03,409982
RIO,20080129,118.5,119,112.05,113.57,1824422
RIV,20080129,9.07,9.7,9.07,9.47,1305499
RJT,20080129,0.58,0.6,0.565,0.58,2504517
RKN,20080129,1.28,1.31,1.25,1.3,261682
RLC,20080129,0.095,0.095,0.095,0.095,93000
RMC,20080129,0.27,0.29,0.27,0.29,39964
RMD,20080129,5.22,5.3,5.17,5.23,2254590
RMG,20080129,0.019,0.019,0.016,0.016,1370000
RMI,20080129,0.035,0.037,0.033,0.035,420000
RML,20080129,0.23,0.23,0.21,0.22,24436
RMP,20080129,0.21,0.265,0.21,0.265,55255
RMS,20080129,1.06,1.06,0.99,1.03,542917
RMT,20080129,2.05,2.05,1.95,2,8650
RNC,20080129,0.064,0.065,0.055,0.056,110000
RND,20080129,0.8,0.8,0.8,0.8,20000
RNG,20080129,0.032,0.032,0.03,0.03,114000
RNY,20080129,0.585,0.6,0.575,0.6,272174
ROC,20080129,2.49,2.49,2.24,2.24,3525233
ROG,20080129,0.07,0.07,0.07,0.07,7070
ROK,20080129,3.98,3.98,3.96,3.96,1800
ROY,20080129,0.215,0.225,0.21,0.225,519637
RPG,20080129,0.96,0.96,0.95,0.95,5000
RPM,20080129,0.045,0.047,0.045,0.047,550000
RPX,20080129,1.35,1.35,1.35,1.35,3700
RRA,20080129,0.645,0.67,0.645,0.67,5158
RRL,20080129,0.5,0.54,0.49,0.52,67000
RRS,20080129,0.42,0.42,0.37,0.375,383774
RRT,20080129,0.63,0.64,0.605,0.605,461353
RSG,20080129,2.05,2.2,2.04,2.15,508115
RSL,20080129,0.023,0.023,0.021,0.021,5077732
RSN,20080129,0.032,0.032,0.032,0.032,78000
RSP,20080129,2.94,2.99,2.94,2.95,4283828
RUB,20080129,0.7,0.7,0.7,0.7,5000
RUM,20080129,0.145,0.145,0.145,0.145,50000
RVR,20080129,0.16,0.17,0.16,0.17,100000
RWD,20080129,0.47,0.47,0.47,0.47,5000
RXL,20080129,0.115,0.115,0.115,0.115,8500
RXM,20080129,0.39,0.39,0.39,0.39,6040
SAE,20080129,0.43,0.43,0.4,0.4,545438
SAI,20080129,2.64,2.64,2.58,2.58,250161
SAR,20080129,0.33,0.345,0.33,0.345,205544
SAU,20080129,0.3,0.3,0.285,0.3,61892
SAV,20080129,1.73,1.73,1.7,1.73,83000
SBI,20080129,0.076,0.08,0.076,0.076,38000
SBL,20080129,0.03,0.03,0.028,0.028,197000
SBM,20080129,0.82,0.86,0.81,0.83,91273974
SBN,20080129,0.025,0.025,0.02,0.024,1306000
SBP,20080129,0.03,0.03,0.03,0.03,5000
SBR,20080129,0.3,0.3,0.3,0.3,2000
SBS,20080129,0.07,0.072,0.07,0.071,2648965
SCB,20080129,0.93,0.93,0.93,0.93,3683
SCC,20080129,0.41,0.41,0.4,0.4,4141
SCD,20080129,0.605,0.605,0.605,0.605,1100
SCE,20080129,0.018,0.018,0.017,0.017,160000
SCV,20080129,0.5,0.5,0.46,0.46,11346
SDG,20080129,3.4,3.48,3.36,3.41,959008
SDI,20080129,0.295,0.295,0.295,0.295,53130
SDL,20080129,0.29,0.32,0.27,0.275,14635029
SDM,20080129,2.3,2.3,2.25,2.3,10814
SEA,20080129,0.4,0.4,0.4,0.4,55000
SEK,20080129,6.67,6.69,6.42,6.51,1969542
SEN,20080129,0.073,0.077,0.073,0.076,260887
SEV,20080129,11.6,12,11.05,11.75,650864
SFH,20080129,1.55,1.565,1.525,1.545,173803
SFP,20080129,0.18,0.18,0.16,0.16,62020
SFR,20080129,0.265,0.265,0.265,0.265,10000
SFY,20080129,55.23,55.84,54.09,54.1,5341
SGB,20080129,30.93,31,29.86,29.98,1577321
SGH,20080129,1.52,1.52,1.505,1.505,11240
SGL,20080129,0.31,0.31,0.3,0.3,746591
SGM,20080129,28.65,29.94,28.65,29.7,1323462
SGN,20080129,2.09,2.2,2.04,2.08,475548
SGP,20080129,7.58,7.66,7.33,7.35,10221226
SGT,20080129,2.92,3,2.91,2.93,1046656
SGX,20080129,8.25,8.43,7.69,7.74,1744056
SGY,20080129,0.14,0.14,0.14,0.14,127000
SGZ,20080129,0.255,0.255,0.22,0.22,107000
SHE,20080129,0.345,0.37,0.345,0.37,77770
SHG,20080129,1.4,1.425,1.36,1.375,174100
SHL,20080129,16.48,16.59,15.65,16.05,1308714
SHR,20080129,3.2,3.2,3.2,3.2,1008
SHV,20080129,7.6,7.63,7.5,7.54,13866
SIE,20080129,0.075,0.075,0.075,0.075,100000
SIM,20080129,0.42,0.42,0.42,0.42,6000
SIP,20080129,1.505,1.58,1.505,1.555,2991701
SIU,20080129,0.05,0.05,0.05,0.05,12000
SKC,20080129,3.73,3.75,3.69,3.75,71643
SKE,20080129,5.15,5.15,4.9,4.95,41739
SKI,20080129,1.89,1.95,1.85,1.875,10238688
SKT,20080129,4.75,4.75,4.75,4.75,261381
SKY,20080129,0.35,0.35,0.35,0.35,2000
SLA,20080129,0.82,0.85,0.8,0.85,82954
SLF,20080129,17.45,17.45,17.06,17.1,7184
SLM,20080129,3.85,3.96,3.82,3.94,71334
SLR,20080129,0.35,0.355,0.33,0.35,197858
SLV,20080129,2.5,2.69,2.5,2.61,57390
SLX,20080129,4.4,4.41,4.25,4.28,242628
SMA,20080129,0.04,0.04,0.038,0.039,703000
SMC,20080129,0.07,0.07,0.07,0.07,200000
SML,20080129,0.037,0.038,0.037,0.037,614126
SMM,20080129,1.91,2.14,1.9,1.95,56279
SMN,20080129,0.12,0.12,0.12,0.12,6500
SMX,20080129,6.55,6.61,6.4,6.43,93139
SMY,20080129,4.24,4.34,4.16,4.16,1330519
SND,20080129,0.635,0.67,0.635,0.67,54800
SNU,20080129,0.16,0.16,0.16,0.16,5000
SNV,20080129,0.15,0.15,0.15,0.15,80900
SOE,20080129,0.205,0.205,0.205,0.205,329819
SOL,20080129,8.05,8.12,8.02,8.09,23431
SOO,20080129,0.092,0.092,0.092,0.092,7000
SOT,20080129,0.345,0.355,0.345,0.345,113398
SPD,20080129,0.28,0.28,0.28,0.28,19000
SPH,20080129,2,2.05,2,2.03,42042
SPI,20080129,0.17,0.18,0.16,0.16,65000
SPL,20080129,0.35,0.36,0.35,0.36,36000
SPN,20080129,1.28,1.285,1.255,1.26,2618748
SPT,20080129,3.9,4.1,3.9,3.9,433106
SRA,20080129,0.042,0.042,0.04,0.041,1275205
SRH,20080129,2.7,2.7,2.7,2.7,3450
SRI,20080129,0.09,0.092,0.087,0.092,201207
SRK,20080129,1.47,1.47,1.375,1.38,441894
SRL,20080129,6,6.6,6,6.51,3243776
SRM,20080129,0.15,0.15,0.15,0.15,20000
SRR,20080129,0.135,0.135,0.135,0.135,5000
SRV,20080129,4.65,4.65,4.55,4.55,12491
SRX,20080129,4.05,4.05,4,4,17932
SRZ,20080129,0.17,0.175,0.17,0.17,92500
SSC,20080129,0.023,0.023,0.023,0.023,110000
SSI,20080129,0.81,0.81,0.81,0.81,1500
SSM,20080129,1.5,1.5,1.43,1.44,315708
SSN,20080129,0.21,0.21,0.205,0.21,620000
STB,20080129,0.115,0.12,0.115,0.12,100650
STC,20080129,0.51,0.51,0.51,0.51,1000
STG,20080129,0.68,0.695,0.68,0.695,2776
STO,20080129,12.49,12.64,12.12,12.18,4817912
STP,20080129,0.091,0.091,0.091,0.091,20000
STS,20080129,3.21,3.21,3.07,3.07,41764
STU,20080129,1.03,1.03,1,1,113246
STW,20080129,55.9,56.38,54.7,55.07,164849
STX,20080129,0.27,0.27,0.265,0.27,630020
SUL,20080129,3.9,3.9,3.57,3.67,87845
SUN,20080129,16,16.08,15.57,15.6,3043977
SUR,20080129,0.091,0.095,0.09,0.09,150935
SVM,20080129,0.25,0.25,0.25,0.25,2500
SVN,20080129,0.16,0.18,0.155,0.18,145000
SWK,20080129,1.47,1.48,1.38,1.4,106504
SWN,20080129,0.21,0.21,0.21,0.21,10000
SXE,20080129,1.5,1.5,1.5,1.5,360
SXP,20080129,0.2,0.2,0.19,0.19,56300
SYB,20080129,3.91,3.94,3.84,3.87,3288477
SYM,20080129,0.49,0.49,0.49,0.49,100
SYP,20080129,0.55,0.55,0.5,0.5,39193
SYR,20080129,0.12,0.12,0.12,0.12,10000
TAH,20080129,13.7,14.2,13.68,13.75,1420658
TAL,20080129,2.51,2.64,2.51,2.57,624462
TAM,20080129,0.13,0.13,0.125,0.125,1498831
TAN,20080129,0.42,0.42,0.4,0.4,92500
TAP,20080129,1.715,1.73,1.615,1.62,426795
TAS,20080129,0.17,0.17,0.17,0.17,44763
TBG,20080129,1.7,1.7,1.64,1.64,20300
TCL,20080129,6.8,6.98,6.74,6.81,2578716
TCQ,20080129,1.48,1.7,1.48,1.58,497652
TDO,20080129,0.55,0.6,0.55,0.6,209773
TEE,20080129,0.011,0.013,0.01,0.013,450000
TEL,20080129,3.58,3.59,3.52,3.54,2068313
TEN,20080129,2.57,2.6,2.52,2.53,796215
TEU,20080129,0.155,0.155,0.155,0.155,16000
TEX,20080129,0.18,0.18,0.17,0.17,292000
TEY,20080129,0.45,0.55,0.45,0.485,166219
TFC,20080129,1.08,1.15,1.05,1.15,135414
TGF,20080129,0.4,0.47,0.39,0.395,240453
TGG,20080129,1.175,1.175,1.11,1.12,106596
TGP,20080129,1.9,1.9,1.85,1.9,10250
TGR,20080129,3.7,3.7,3.61,3.62,21567
TGS,20080129,0.31,0.32,0.3,0.3,546377
THG,20080129,0.96,0.99,0.96,0.99,72864
THO,20080129,1,1,1,1,5000
THR,20080129,0.14,0.14,0.13,0.13,269733
THX,20080129,0.33,0.39,0.32,0.345,201889
TIM,20080129,1.15,1.175,1.05,1.08,1728615
TIS,20080129,0.25,0.25,0.25,0.25,81864
TKG,20080129,0.25,0.25,0.25,0.25,44667
TKL,20080129,0.2,0.2,0.2,0.2,33085
TLM,20080129,0.845,0.86,0.71,0.71,248889
TLS,20080129,4.53,4.56,4.46,4.47,53350814
TMR,20080129,0.22,0.235,0.215,0.225,7672978
TNC,20080129,0.03,0.03,0.028,0.028,1642035
TNE,20080129,0.955,0.98,0.955,0.98,74102
TNG,20080129,0.35,0.36,0.34,0.34,308234
TNL,20080129,0.355,0.36,0.345,0.345,18000
TOE,20080129,0.3,0.3,0.26,0.27,777085
TOL,20080129,11.5,11.94,11.45,11.6,2449511
TOX,20080129,1.98,1.99,1.95,1.955,77301
TPF,20080129,0.95,0.95,0.94,0.94,7492
TPI,20080129,7.7,7.8,7.38,7.44,1142034
TRF,20080129,0.65,0.65,0.64,0.64,10300
TRG,20080129,13.47,14,13.45,14,13717
TRH,20080129,0.49,0.58,0.49,0.58,75200
TRM,20080129,0.11,0.11,0.11,0.11,10000
TRO,20080129,0.75,0.75,0.735,0.735,7500
TRS,20080129,11.23,11.23,10.9,10.9,16150
TRU,20080129,9.99,10,9.99,10,4000
TRY,20080129,3.35,3.44,3.3,3.36,26181
TSE,20080129,11.41,11.8,11.31,11.39,450060
TSF,20080129,0.225,0.225,0.21,0.21,67496
TSH,20080129,0.32,0.32,0.32,0.32,40000
TSI,20080129,1.64,1.675,1.61,1.61,778124
TSO,20080129,1.36,1.385,1.32,1.385,2234548
TSV,20080129,0.015,0.015,0.015,0.015,300000
TTI,20080129,0.11,0.12,0.1,0.11,138300
TTR,20080129,0.09,0.09,0.088,0.09,251000
TTS,20080129,3.8,3.89,3.76,3.8,2439055
TTV,20080129,0.055,0.07,0.055,0.07,202000
TTY,20080129,1.165,1.175,1.1,1.1,895313
TWO,20080129,2.2,2.21,2.18,2.2,85849
TWR,20080129,1.92,1.925,1.89,1.89,114492
TXN,20080129,0.4,0.4,0.37,0.37,51125
TZL,20080129,4.95,5.05,4.85,5.04,97890
TZN,20080129,2.7,2.83,2.69,2.71,135796
UBI,20080129,1.1,1.1,1.1,1.1,880
UCL,20080129,0.015,0.015,0.013,0.013,919666
UEQ,20080129,0.16,0.16,0.155,0.16,101700
UGL,20080129,15.5,15.75,15.31,15.57,764225
UKL,20080129,0.38,0.38,0.35,0.365,36400
UMC,20080129,0.85,0.855,0.77,0.77,692769
UNI,20080129,0.28,0.285,0.265,0.265,151670
UNO,20080129,0.17,0.17,0.05,0.155,385067
UNW,20080129,0.5,0.5,0.5,0.5,16900
UNX,20080129,0.7,0.7,0.68,0.68,28257
URA,20080129,0.16,0.16,0.16,0.16,25842
URL,20080129,0.08,0.08,0.077,0.08,454780
USA,20080129,0.2,0.2,0.19,0.19,35000
USH,20080129,0.35,0.35,0.35,0.35,10000
UTO,20080129,0.25,0.26,0.24,0.24,35370
UXA,20080129,0.235,0.245,0.235,0.235,43200
UXC,20080129,1.5,1.575,1.48,1.48,306749
VBA,20080129,1.5,1.59,1.5,1.525,297991
VCN,20080129,0.3,0.3,0.295,0.295,79056
VCR,20080129,0.49,0.53,0.49,0.495,1145612
VEC,20080129,0.31,0.31,0.28,0.28,156991
VGH,20080129,3.07,3.07,2.95,2.95,31934
VHL,20080129,0.055,0.055,0.055,0.055,196560
VIA,20080129,1.5,1.5,1.5,1.5,1000
VIE,20080129,0.44,0.44,0.44,0.44,4000
VII,20080129,0.15,0.15,0.15,0.15,3500
VIL,20080129,0.055,0.055,0.05,0.05,129000
VIR,20080129,0.79,0.81,0.79,0.81,135164
VKI,20080129,1.065,1.065,1.065,1.065,10000
VLA,20080129,0.07,0.07,0.07,0.07,53693
VMG,20080129,2.12,2.12,2,2,59000
VML,20080129,0.66,0.66,0.57,0.57,165217
VMS,20080129,0.295,0.32,0.295,0.32,85500
VMT,20080129,0.11,0.11,0.11,0.11,17670
VPE,20080129,0.13,0.13,0.125,0.125,296072
VPG,20080129,1.22,1.24,1.14,1.185,8882257
VRE,20080129,0.19,0.195,0.18,0.19,3028672
VRL,20080129,2.84,2.84,2.8,2.8,2260
VTP,20080129,1.16,1.175,1.15,1.155,307990
VTX,20080129,0.083,0.083,0.083,0.083,130000
WAA,20080129,1,1.005,1,1.005,5000
WAB,20080129,0.535,0.535,0.51,0.51,61590
WAG,20080129,0.016,0.018,0.016,0.018,120000
WAL,20080129,0.1,0.1,0.1,0.1,116000
WAM,20080129,1.56,1.56,1.495,1.5,95211
WAN,20080129,11.17,11.78,11.07,11.4,375347
WAS,20080129,0.02,0.025,0.02,0.025,634900
WAT,20080129,0.9,0.9,0.9,0.9,5000
WBA,20080129,1.71,1.71,1.625,1.7,15582
WBB,20080129,11.3,11.37,11.29,11.35,15973
WBC,20080129,26.5,26.67,25.99,26.25,7807373
WCB,20080129,4.41,4.55,4.41,4.55,10382
WCL,20080129,0.34,0.41,0.34,0.38,68612
WCP,20080129,0.105,0.105,0.105,0.105,100000
WDC,20080129,18.5,18.56,18.25,18.26,12582569
WDR,20080129,0.16,0.16,0.145,0.15,196313
WDS,20080129,2.22,2.27,2.19,2.2,132452
WEB,20080129,1.53,1.53,1.48,1.49,89750
WES,20080129,37.9,37.9,36.63,36.63,1496417
WEZ,20080129,0.08,0.085,0.08,0.08,253844
WFL,20080129,1.41,1.43,1.4,1.43,26727
WGR,20080129,0.295,0.295,0.265,0.265,31500
WHC,20080129,2.95,3.11,2.94,3.04,400323
WHE,20080129,0.91,0.95,0.8,0.81,274642
WHF,20080129,4.3,4.3,4.25,4.25,45300
WHG,20080129,1.73,1.73,1.645,1.7,129571
WHN,20080129,0.11,0.115,0.11,0.11,22755
WHS,20080129,4.8,4.8,4.8,4.8,5000
WIG,20080129,2.9,2.9,2.63,2.7,2510
WIL,20080129,0.955,0.975,0.955,0.975,31460
WKL,20080129,0.22,0.23,0.22,0.23,40475
WLF,20080129,1.66,1.66,1.6,1.6,20536
WME,20080129,0.28,0.28,0.26,0.26,100000
WMT,20080129,0.087,0.087,0.083,0.083,2373896
WOR,20080129,40,40.26,38.2,38.93,1245774
WOW,20080129,31.42,31.49,30.8,30.8,4519877
WPG,20080129,0.9,0.9,0.855,0.855,83581
WPL,20080129,47.87,47.87,45.16,45.85,2009488
WRK,20080129,0.28,0.28,0.27,0.27,80000
WSA,20080129,4.74,4.9,4.65,4.65,601171
WTE,20080129,0.1,0.1,0.099,0.1,53630
WTF,20080129,4.8,4.82,4.63,4.66,259820
WTN,20080129,0.12,0.12,0.12,0.12,6800
WTP,20080129,3.36,3.36,3.16,3.22,63718
WVL,20080129,1.575,1.575,1.525,1.53,111500
WWA,20080129,3.04,3.04,3,3.01,27290
WWI,20080129,0.36,0.36,0.36,0.36,105000
WWM,20080129,0.17,0.17,0.155,0.16,156276
WYL,20080129,2.41,2.45,2.37,2.39,102175
XAF,20080129,5557.8,5557.8,5557.8,5557.8,0
XAO,20080129,5887.9,5887.9,5737.3,5754.5,0
XAT,20080129,571910,571910,571910,571910,0
XDJ,20080129,2434,2439.5,2398.3,2414.5,0
XEJ,20080129,14003.1,14032.2,13612.3,13705,0
XEN,20080129,0.094,0.095,0.094,0.095,150000
XFJ,20080129,6272,6272,6050.2,6066.1,0
XFL,20080129,5717.8,5717.8,5537.8,5558.7,0
XGD,20080129,6107.6,6107.6,6107.6,6107.6,0
XHJ,20080129,9241.8,9489.4,9241.8,9364.5,0
XIJ,20080129,504.5,504.5,470.4,473,0
XJO,20080129,5862.1,5862.1,5698.4,5716.5,0
XKO,20080129,5865.3,5865.3,5705.1,5722,0
XMD,20080129,6001.4,6045.4,5895.6,5917.4,0
XMJ,20080129,13913.4,13937.2,13520.1,13595.5,0
XMM,20080129,4738.3,4738.3,4738.3,4738.3,0
XNJ,20080129,5986.2,5988.1,5790.9,5827.9,0
XPJ,20080129,1905.4,1905.8,1828.6,1835.5,0
XRF,20080129,0.1,0.1,0.1,0.1,66667
XSJ,20080129,8289.1,8295.4,8146.3,8146.3,0
XSO,20080129,3383,3397.2,3337,3337,0
XST,20080129,0.1,0.1,0.1,0.1,40000
XTJ,20080129,1597.3,1614.4,1573.5,1576.2,0
XTL,20080129,3258.2,3258.3,3149.6,3161.3,0
XTO,20080129,4756.6,4756.6,4616.9,4634.2,0
XUJ,20080129,6167.6,6167.6,6009.4,6009.4,0
XXJ,20080129,6667.5,6667.5,6433.1,6454.8,0
YRR,20080129,0.15,0.15,0.15,0.15,282000
YTC,20080129,1,1,0.985,1,38500
ZDX,20080129,0.23,0.23,0.23,0.23,200000
ZFX,20080129,10.65,10.65,10.11,10.15,6196278
ZGL,20080129,0.4,0.4,0.37,0.37,146239
ZGM,20080129,0.14,0.14,0.14,0.14,59000
ZIM,20080129,13.75,14,13.75,14,5956
ZMG,20080129,0.325,0.37,0.325,0.37,31900
ZNC,20080129,0.16,0.16,0.16,0.16,5000
ZRL,20080129,0.33,0.33,0.33,0.33,15000
ZYL,20080129,0.098,0.11,0.096,0.105,5012715
