AAC,20090219,1.53,1.63,1.51,1.62,246976
AAH,20090219,0.825,0.835,0.81,0.835,251826
AAM,20090219,0.175,0.19,0.175,0.175,801861
AAO,20090219,0.028,0.03,0.028,0.03,54000
AAR,20090219,0.028,0.032,0.027,0.027,726000
AAU,20090219,0.23,0.23,0.23,0.23,10000
AAX,20090219,2.4,2.48,2.36,2.42,278159
ABB,20090219,5.74,6.3,5.69,5.92,1102956
ABC,20090219,1.705,1.73,1.645,1.66,2228209
ABJ,20090219,0.015,0.016,0.015,0.016,1022292
ABP,20090219,0.235,0.24,0.23,0.23,1473391
ABY,20090219,0.115,0.115,0.105,0.105,1536733
ACB,20090219,0.14,0.15,0.14,0.15,52000
ACE,20090219,0.054,0.054,0.053,0.053,104000
ACG,20090219,0.175,0.175,0.175,0.175,100000
ACL,20090219,0.135,0.14,0.135,0.14,58843
ACR,20090219,0.44,0.45,0.43,0.44,107658
ACS,20090219,0.075,0.078,0.075,0.078,94500
ACU,20090219,0.022,0.022,0.02,0.02,52372
ADE,20090219,0.042,0.042,0.042,0.042,40000
ADI,20090219,0.057,0.057,0.057,0.057,18000
ADL,20090219,0.007,0.012,0.007,0.012,76429
ADN,20090219,0.05,0.054,0.046,0.046,166480
ADO,20090219,0.012,0.012,0.012,0.012,50000
ADY,20090219,0.027,0.029,0.026,0.027,24175726
AEC,20090219,1.5,1.5,1.5,1.5,1660
AED,20090219,0.87,0.87,0.82,0.83,453932
AEE,20090219,0.15,0.15,0.15,0.15,5000
AEM,20090219,0.006,0.006,0.006,0.006,500000
AEO,20090219,1.16,1.165,1.16,1.165,1538
AET,20090219,0.3,0.3,0.24,0.24,72629
AEU,20090219,0.3,0.3,0.29,0.29,41200
AEX,20090219,0.005,0.005,0.004,0.004,240000
AEZ,20090219,0.04,0.04,0.037,0.04,172000
AFA,20090219,0.075,0.075,0.075,0.075,15000
AFI,20090219,3.89,3.93,3.83,3.83,227744
AFR,20090219,0.025,0.025,0.025,0.025,87957
AGF,20090219,0.825,0.84,0.825,0.83,36309
AGG,20090219,9.6,9.7,9.6,9.68,23669
AGK,20090219,13.68,13.9,13.62,13.62,811139
AGO,20090219,1.275,1.315,1.24,1.24,1853283
AGS,20090219,0.415,0.42,0.405,0.405,160178
AHD,20090219,4.35,4.35,4.35,4.35,262213
AHE,20090219,0.62,0.66,0.62,0.63,240216
AIO,20090219,0.66,0.71,0.59,0.6,6355156
AIQ,20090219,0.94,0.94,0.9,0.9,23910
AIV,20090219,0.054,0.054,0.054,0.054,10000
AIX,20090219,1.63,1.74,1.63,1.695,450244
AIZ,20090219,0.7,0.7,0.7,0.7,1111
AJL,20090219,3.07,3.18,3.04,3.06,330364
ALB,20090219,0.078,0.082,0.078,0.082,145507
ALD,20090219,0.475,0.515,0.475,0.495,1124999
ALF,20090219,0.65,0.65,0.64,0.64,15294
ALK,20090219,0.215,0.235,0.215,0.225,268109
ALL,20090219,3.71,3.82,3.7,3.74,697305
ALS,20090219,1.17,1.25,1.165,1.2,485689
ALZ,20090219,0.235,0.24,0.235,0.24,772008
AMC,20090219,4.6,4.72,4.57,4.58,6504433
AMH,20090219,0.49,0.5,0.49,0.5,47000
AMM,20090219,0.105,0.105,0.105,0.105,90000
AMP,20090219,4.95,5.19,4.88,5.05,7796048
AMU,20090219,0.28,0.28,0.28,0.28,28290
AMX,20090219,0.09,0.09,0.085,0.085,113500
AND,20090219,1.375,1.39,1.345,1.365,618517
ANG,20090219,0.98,0.98,0.94,0.94,98000
ANH,20090219,0.057,0.057,0.057,0.057,41300
ANN,20090219,8.39,8.39,8.2,8.33,1244480
ANP,20090219,0.035,0.035,0.035,0.035,130000
ANQ,20090219,0.18,0.2,0.18,0.18,269630
ANZ,20090219,12.4,12.73,12.33,12.6,5689777
AOC,20090219,0.07,0.08,0.07,0.08,100000
AOD,20090219,1.135,1.135,1.135,1.135,30480
AOE,20090219,2.69,2.83,2.61,2.65,4203612
AOK,20090219,0.07,0.07,0.068,0.068,248787
AOM,20090219,0.005,0.005,0.005,0.005,50000
APA,20090219,2.86,2.91,2.85,2.89,428204
APD,20090219,0.185,0.185,0.185,0.185,10000
APE,20090219,4.81,4.81,4.8,4.8,16857
APG,20090219,0.035,0.035,0.033,0.035,168500
APH,20090219,0.15,0.15,0.15,0.15,350000
API,20090219,0.46,0.47,0.42,0.42,77111
APK,20090219,0.14,0.14,0.135,0.135,7000
APN,20090219,1.305,1.37,1.2,1.245,2823122
APZ,20090219,0.305,0.31,0.295,0.3,1461708
AQA,20090219,2.25,2.5,2.22,2.49,115232
AQD,20090219,0.11,0.11,0.11,0.11,55000
AQP,20090219,4.2,4.38,4.14,4.29,1178160
ARA,20090219,0.24,0.24,0.24,0.24,7000
ARD,20090219,0.06,0.06,0.046,0.046,55000
ARE,20090219,0.076,0.078,0.076,0.078,22300
ARG,20090219,5.32,5.33,5.22,5.22,82258
ARH,20090219,0.42,0.42,0.41,0.42,39770
ARM,20090219,0.07,0.07,0.07,0.07,30000
ARP,20090219,2.9,2.9,2.86,2.86,7005
ARU,20090219,0.335,0.34,0.325,0.335,791964
ARX,20090219,0.015,0.015,0.015,0.015,2000
ASB,20090219,1.82,1.93,1.795,1.85,121963
ASL,20090219,0.9,0.9,0.87,0.9,59245
ASW,20090219,0.24,0.24,0.24,0.24,5000
ASX,20090219,25.88,26.17,25.67,25.85,955377
ASZ,20090219,0.47,0.47,0.47,0.47,10000
ATI,20090219,0.006,0.006,0.006,0.006,500000
ATN,20090219,0.005,0.005,0.005,0.005,215000
ATV,20090219,0.06,0.06,0.06,0.06,60000
AUB,20090219,3.85,3.85,3.81,3.85,41923
AUI,20090219,4.95,4.98,4.95,4.98,12308
AUJ,20090219,0.14,0.14,0.14,0.14,50000
AUN,20090219,0.84,0.85,0.82,0.82,1371761
AUP,20090219,4.79,4.79,4.78,4.78,3000
AUT,20090219,0.16,0.16,0.16,0.16,4882
AUW,20090219,0.82,0.86,0.8,0.82,902381
AVA,20090219,0.075,0.08,0.075,0.075,642634
AVG,20090219,0.3,0.31,0.28,0.295,59209
AVI,20090219,0.08,0.08,0.08,0.08,6910
AVJ,20090219,0.27,0.27,0.26,0.27,14000
AVO,20090219,1.93,1.995,1.915,1.96,1373324
AVX,20090219,0.07,0.072,0.07,0.07,914564
AWB,20090219,1.16,1.165,1.1,1.13,2261469
AWC,20090219,1.2,1.245,1.19,1.21,3703927
AWE,20090219,2.28,2.29,2.22,2.22,1937756
AXA,20090219,3.59,3.8,3.56,3.7,3785114
AXC,20090219,0.034,0.035,0.03,0.035,736340
AXM,20090219,0.29,0.29,0.28,0.29,3049520
AXO,20090219,0.105,0.11,0.105,0.105,65437
AXZ,20090219,0.08,0.08,0.08,0.08,29847
AYT,20090219,1.54,1.56,1.52,1.52,254600
AZD,20090219,0.005,0.005,0.005,0.005,3747075
AZM,20090219,0.08,0.08,0.08,0.08,50000
AZS,20090219,0.043,0.048,0.039,0.039,735698
AZZ,20090219,0.053,0.053,0.052,0.052,30000
BAR,20090219,0.056,0.058,0.056,0.058,46650
BAU,20090219,0.22,0.23,0.22,0.23,25170
BBG,20090219,6.45,6.79,6.24,6.57,1174687
BBI,20090219,0.07,0.073,0.07,0.072,4484742
BBP,20090219,0.06,0.063,0.058,0.063,3876629
BBW,20090219,0.85,0.9,0.85,0.89,893106
BCD,20090219,0.185,0.185,0.17,0.175,1012130
BCI,20090219,0.5,0.55,0.5,0.5,108760
BCM,20090219,1.25,1.25,1.2,1.235,176830
BCN,20090219,0.012,0.012,0.012,0.012,505856
BDG,20090219,0.255,0.255,0.23,0.235,1823594
BDI,20090219,0.015,0.015,0.015,0.015,465411
BDL,20090219,0.039,0.04,0.039,0.039,1010000
BEC,20090219,0.11,0.115,0.11,0.115,278000
BEN,20090219,8.15,8.43,8.06,8.1,539041
BET,20090219,1.5,1.5,1.46,1.46,12950
BFE,20090219,0.049,0.05,0.049,0.05,150999
BFG,20090219,0.39,0.4,0.38,0.39,180000
BGD,20090219,0.033,0.044,0.032,0.044,3000580
BHP,20090219,30.16,30.51,29.7,30.16,15525407
BIS,20090219,0.21,0.21,0.21,0.21,16873
BIT,20090219,0.1,0.1,0.09,0.09,100000
BJT,20090219,0.24,0.27,0.24,0.26,1234811
BKI,20090219,0.92,0.93,0.92,0.92,485193
BKL,20090219,12,12,12,12,4697
BKN,20090219,1.48,1.505,1.445,1.45,1408169
BKW,20090219,10.05,10.05,9.7,9.72,6008
BKY,20090219,0.4,0.4,0.38,0.38,184249
BLD,20090219,2.96,3.04,2.9,2.92,3644682
BLG,20090219,0.24,0.24,0.24,0.24,5000
BLR,20090219,0.031,0.032,0.031,0.032,158000
BLT,20090219,0.04,0.04,0.04,0.04,20500
BLY,20090219,0.17,0.17,0.16,0.17,9861009
BML,20090219,0.03,0.03,0.029,0.029,150000
BMN,20090219,0.705,0.77,0.705,0.74,745814
BMY,20090219,0.04,0.04,0.04,0.04,15000
BND,20090219,0.23,0.23,0.23,0.23,11092
BNO,20090219,0.205,0.205,0.205,0.205,20000
BNT,20090219,0.041,0.046,0.041,0.045,450000
BOL,20090219,0.475,0.49,0.465,0.49,79827
BON,20090219,0.045,0.045,0.042,0.042,30000
BOQ,20090219,6.65,7.27,6.63,7.15,811732
BOS,20090219,0.007,0.007,0.006,0.006,710027
BOW,20090219,0.48,0.485,0.44,0.44,1321836
BPO,20090219,0.013,0.013,0.013,0.013,300000
BPT,20090219,0.775,0.785,0.77,0.785,3242040
BRC,20090219,0.225,0.225,0.225,0.225,11000
BRG,20090219,0.565,0.565,0.55,0.55,99148
BRM,20090219,1.11,1.125,1.05,1.09,1090088
BRO,20090219,0.004,0.005,0.004,0.005,210000
BRU,20090219,0.185,0.185,0.18,0.18,182755
BRW,20090219,0.045,0.06,0.045,0.06,62400
BSA,20090219,0.13,0.13,0.13,0.13,7824
BSI,20090219,0.025,0.025,0.025,0.025,85000
BSL,20090219,3.24,3.42,3.17,3.35,3431523
BSM,20090219,0.105,0.11,0.1,0.11,205000
BSR,20090219,0.071,0.075,0.071,0.075,580207
BTA,20090219,0.46,0.46,0.44,0.45,120417
BTC,20090219,0.093,0.093,0.093,0.093,10000
BTT,20090219,1.65,1.67,1.65,1.65,6581
BTV,20090219,0.079,0.079,0.076,0.076,72054
BUL,20090219,0.155,0.165,0.155,0.16,200250
BUX,20090219,0.031,0.031,0.03,0.03,150000
BVA,20090219,0.19,0.19,0.19,0.19,2000
BWN,20090219,0.085,0.1,0.085,0.1,15840
BWP,20090219,1.57,1.645,1.555,1.575,591978
BXB,20090219,5.09,5.2,4.92,5.01,19938695
CAA,20090219,0.06,0.06,0.06,0.06,7614
CAB,20090219,5.15,5.69,5.14,5.56,188084
CAF,20090219,0.2,0.2,0.2,0.2,11070
CAG,20090219,0.004,0.004,0.004,0.004,50000
CAH,20090219,0.07,0.07,0.065,0.065,1260047
CAM,20090219,0.66,0.66,0.66,0.66,8729
CAP,20090219,0.03,0.03,0.03,0.03,64928
CAQ,20090219,0.11,0.11,0.105,0.105,61000
CAU,20090219,0.012,0.012,0.012,0.012,26967
CAZ,20090219,0.17,0.17,0.17,0.17,7900
CBA,20090219,29.35,29.95,29.16,29.85,2986681
CBH,20090219,0.038,0.039,0.037,0.037,140000
CBR,20090219,2,2,2,2,260
CCD,20090219,0.38,0.38,0.35,0.35,48000
CCL,20090219,8.72,8.82,8.64,8.72,1504534
CCP,20090219,0.6,0.65,0.6,0.62,237458
CCU,20090219,0.085,0.085,0.085,0.085,50970
CCV,20090219,0.29,0.3,0.29,0.3,109050
CDD,20090219,3.14,3.26,3.12,3.19,194801
CDF,20090219,0.91,0.92,0.905,0.905,11887
CDI,20090219,0.35,0.4,0.35,0.4,48400
CDM,20090219,0.435,0.435,0.435,0.435,61494
CDU,20090219,1.75,1.75,1.65,1.65,99707
CEG,20090219,0.15,0.155,0.14,0.15,135990
CER,20090219,0.051,0.051,0.045,0.045,12852227
CEU,20090219,0.425,0.465,0.415,0.46,2986453
CEY,20090219,1.905,1.96,1.77,1.86,6438920
CFE,20090219,0.265,0.265,0.255,0.255,809635
CFR,20090219,0.004,0.004,0.004,0.004,90000
CFU,20090219,0.051,0.066,0.051,0.061,6832367
CFX,20090219,1.73,1.825,1.71,1.72,9981383
CGF,20090219,1.09,1.19,1.09,1.16,1746867
CGG,20090219,0.14,0.145,0.135,0.145,526618
CGS,20090219,0.195,0.195,0.195,0.195,1159
CGT,20090219,0.065,0.076,0.065,0.076,165782
CGX,20090219,2.05,2.05,2.05,2.05,4950
CHB,20090219,18.05,18.05,18,18,415
CHC,20090219,0.21,0.21,0.2,0.2,1399670
CHM,20090219,0.007,0.007,0.006,0.006,1720000
CIF,20090219,1.75,1.77,1.645,1.645,133943
CIG,20090219,0.012,0.014,0.012,0.014,929571
CIL,20090219,1.2,1.2,1.2,1.2,6000
CIN,20090219,13,13.1,13,13.1,2800
CIR,20090219,0.7,0.7,0.7,0.7,1000
CIW,20090219,0.18,0.18,0.175,0.175,230037
CIX,20090219,0.31,0.35,0.31,0.35,38569
CIY,20090219,0.073,0.1,0.073,0.093,351000
CKK,20090219,0.155,0.17,0.155,0.17,350821
CLH,20090219,0.445,0.45,0.445,0.45,50000
CLO,20090219,0.29,0.31,0.29,0.3,452810
CLQ,20090219,0.31,0.32,0.31,0.31,14900
CLT,20090219,0.2,0.2,0.2,0.2,10250
CLV,20090219,0.18,0.185,0.18,0.18,100385
CMG,20090219,0.11,0.11,0.11,0.11,15500
CMJ,20090219,1.775,1.95,1.76,1.89,794553
CMO,20090219,0.021,0.021,0.021,0.021,32238
CMV,20090219,0.135,0.14,0.13,0.14,111677
CMW,20090219,0.395,0.45,0.39,0.45,1290036
CND,20090219,0.36,0.36,0.36,0.36,9652
CNM,20090219,0.16,0.165,0.15,0.165,277000
CNP,20090219,0.085,0.086,0.084,0.084,1792805
CNT,20090219,1.3,1.31,1.255,1.255,119973
CNX,20090219,0.29,0.315,0.285,0.285,4615118
COE,20090219,0.275,0.28,0.27,0.275,282480
COF,20090219,1.46,1.505,1.455,1.46,12793
COH,20090219,56.8,58.49,55.62,56.5,443368
COI,20090219,0.2,0.21,0.185,0.21,407543
COK,20090219,0.29,0.29,0.28,0.28,238614
COO,20090219,0.025,0.025,0.025,0.025,1500
COU,20090219,0.94,1,0.94,1,67978
COV,20090219,0.06,0.06,0.06,0.06,20000
CPA,20090219,0.8,0.855,0.78,0.81,12136439
CPB,20090219,12.98,13,12.76,12.83,12898
CPK,20090219,0.017,0.017,0.016,0.016,157700
CPN,20090219,0.09,0.09,0.09,0.09,50000
CPR,20090219,0.08,0.08,0.076,0.076,1109075
CPT,20090219,0.012,0.015,0.012,0.015,250000
CPU,20090219,7.31,7.54,7.1,7.46,2573210
CQT,20090219,0.25,0.25,0.235,0.24,154420
CQU,20090219,0.03,0.03,0.03,0.03,90000
CRC,20090219,0.15,0.15,0.145,0.145,176920
CRE,20090219,0.13,0.15,0.13,0.14,750248
CRG,20090219,7.65,7.93,7.65,7.85,142857
CRJ,20090219,0.03,0.03,0.026,0.028,100000
CRK,20090219,0.8,0.8,0.8,0.8,9500
CRS,20090219,0.014,0.014,0.014,0.014,520000
CRT,20090219,0.29,0.29,0.28,0.28,186632
CSL,20090219,36.42,37.7,36.2,36.83,2115139
CSR,20090219,1.24,1.285,1.235,1.245,6440706
CSS,20090219,0.44,0.44,0.4,0.41,68000
CST,20090219,1.82,1.85,1.805,1.845,17620
CSV,20090219,0.54,0.54,0.51,0.51,211152
CTN,20090219,0.59,0.6,0.55,0.56,68400
CTO,20090219,0.255,0.27,0.245,0.25,5353376
CTP,20090219,0.145,0.16,0.12,0.12,7726201
CTX,20090219,9.63,9.74,9.4,9.6,1531363
CUE,20090219,0.099,0.1,0.097,0.1,239782
CUL,20090219,0.034,0.034,0.034,0.034,51820
CUR,20090219,0.28,0.28,0.26,0.26,19000
CUS,20090219,1.38,1.48,1.38,1.45,876180
CUV,20090219,0.22,0.22,0.22,0.22,40800
CVA,20090219,0.025,0.025,0.025,0.025,150000
CVC,20090219,0.35,0.35,0.35,0.35,14545
CVI,20090219,0.012,0.013,0.011,0.012,2346966
CVN,20090219,0.28,0.28,0.27,0.275,1818348
CVR,20090219,0.04,0.04,0.04,0.04,40000
CVS,20090219,0.028,0.028,0.028,0.028,150000
CWK,20090219,0.125,0.135,0.125,0.125,479657
CWN,20090219,4.9,5.12,4.85,5.08,2187549
CWT,20090219,0.29,0.29,0.285,0.285,16300
CXC,20090219,1.28,1.32,1.265,1.265,371963
CXG,20090219,0.13,0.14,0.13,0.14,11200
CXH,20090219,0.09,0.09,0.078,0.078,39781
CXM,20090219,0.2,0.2,0.19,0.19,18000
CXP,20090219,3.02,3.2,3.01,3.14,144004
CXS,20090219,0.34,0.34,0.335,0.335,39100
CXY,20090219,0.05,0.054,0.05,0.054,1556086
CYA,20090219,0.68,0.71,0.68,0.71,133655
CYC,20090219,0.084,0.084,0.084,0.084,15704
CYG,20090219,1.15,1.15,1.11,1.11,7092
CYU,20090219,0.066,0.066,0.066,0.066,20000
CZA,20090219,0.925,0.925,0.87,0.87,126374
DDT,20090219,0.035,0.035,0.034,0.034,292300
DGO,20090219,0.039,0.039,0.039,0.039,16000
DGR,20090219,0.04,0.04,0.039,0.04,110000
DGX,20090219,0.18,0.18,0.18,0.18,94000
DIO,20090219,0.415,0.435,0.4,0.43,300896
DJS,20090219,2.36,2.42,2.26,2.41,1532612
DJW,20090219,3.3,3.36,3.22,3.22,46783
DKN,20090219,0.3,0.3,0.3,0.3,13666
DLS,20090219,0.022,0.023,0.02,0.023,941853
DMG,20090219,0.16,0.21,0.16,0.19,805672
DMP,20090219,3.01,3.1,3,3.1,647390
DOM,20090219,4.89,4.93,4.83,4.89,745515
DOW,20090219,3.64,3.95,3.6,3.8,661935
DRA,20090219,0.07,0.077,0.07,0.07,4256631
DRX,20090219,0.125,0.13,0.115,0.13,350595
DSN,20090219,0.061,0.061,0.061,0.061,30000
DTL,20090219,4.89,4.89,4.67,4.67,8965
DTM,20090219,0.06,0.06,0.06,0.06,16665
DUE,20090219,2.25,2.33,2.24,2.31,1727349
DUI,20090219,2.26,2.29,2.26,2.29,3250
DVN,20090219,0.47,0.47,0.465,0.47,54820
DWS,20090219,0.53,0.56,0.53,0.56,4834
DXS,20090219,0.715,0.74,0.695,0.73,21847975
DYE,20090219,0.75,0.78,0.74,0.74,43755
DYL,20090219,0.125,0.125,0.12,0.12,425000
EAL,20090219,0.29,0.29,0.29,0.29,8716
EBG,20090219,0.1,0.1,0.1,0.1,50000
EBT,20090219,0.024,0.024,0.024,0.024,50000
ECQ,20090219,0.1,0.1,0.1,0.1,200000
EER,20090219,0.17,0.17,0.155,0.155,58250
EGO,20090219,0.007,0.007,0.007,0.007,1590000
EHL,20090219,0.225,0.225,0.21,0.215,4062692
ELI,20090219,0.52,0.52,0.51,0.515,55849
ELM,20090219,0.09,0.1,0.09,0.1,205000
ELY,20090219,0.085,0.085,0.085,0.085,44020
EMA,20090219,0.19,0.19,0.185,0.185,37000
EME,20090219,0.38,0.4,0.38,0.4,48500
EMG,20090219,0.18,0.19,0.18,0.19,277000
EMR,20090219,0.042,0.042,0.041,0.041,239349
EMS,20090219,0.07,0.07,0.065,0.065,50000
ENB,20090219,0.1,0.1,0.1,0.1,3243
ENE,20090219,1.75,1.795,1.74,1.765,10723
ENG,20090219,0.019,0.019,0.019,0.019,35200
ENV,20090219,0.305,0.32,0.305,0.315,1135703
EON,20090219,0.475,0.475,0.475,0.475,4742801
EOS,20090219,0.32,0.32,0.32,0.32,1000
EPD,20090219,0.065,0.065,0.065,0.065,120000
EPG,20090219,0.245,0.245,0.245,0.245,60000
EPR,20090219,0.004,0.004,0.004,0.004,30000
EPX,20090219,0.76,0.76,0.73,0.73,12376
EQN,20090219,1.975,1.975,1.92,1.935,1922289
EQT,20090219,12.5,12.5,12.5,12.5,1000
ERA,20090219,18.88,19.39,18.88,19.2,228516
ERG,20090219,0.007,0.007,0.007,0.007,200000
ERH,20090219,0.215,0.23,0.215,0.23,215110
ERM,20090219,0.078,0.078,0.078,0.078,100000
ESG,20090219,0.625,0.635,0.585,0.59,2116324
ESS,20090219,0.2,0.2,0.195,0.2,34146
ETE,20090219,0.05,0.054,0.041,0.041,350000
EVE,20090219,0.011,0.011,0.011,0.011,16000
EVZ,20090219,0.077,0.077,0.071,0.075,162739
EWC,20090219,0.25,0.27,0.25,0.26,1333277
EXM,20090219,0.012,0.012,0.011,0.012,5699999
EXR,20090219,0.05,0.05,0.047,0.047,80000
EXS,20090219,0.1,0.1,0.097,0.097,10000
EXT,20090219,2.3,2.5,2.3,2.35,665411
EYE,20090219,0.027,0.027,0.027,0.027,50000
EZL,20090219,0.55,0.58,0.55,0.58,575000
FAR,20090219,0.054,0.058,0.054,0.058,194200
FAS,20090219,0.03,0.03,0.028,0.028,125000
FBU,20090219,4.18,4.28,4.12,4.12,316087
FCL,20090219,0.3,0.305,0.28,0.285,8075325
FCN,20090219,0.08,0.08,0.08,0.08,20500
FDY,20090219,0.06,0.061,0.06,0.061,108769
FEA,20090219,0.16,0.16,0.155,0.16,188705
FER,20090219,0.22,0.23,0.22,0.23,70895
FFF,20090219,0.033,0.033,0.033,0.033,275000
FGL,20090219,5.26,5.33,5.23,5.33,24594497
FIS,20090219,0.063,0.07,0.063,0.07,118242
FKP,20090219,0.42,0.42,0.4,0.42,341401
FLT,20090219,6.09,6.18,6,6.1,281841
FLX,20090219,8,8.43,7.97,8.3,675478
FMG,20090219,3.1,3.32,2.86,2.9,35734644
FMS,20090219,0.066,0.07,0.066,0.067,14426916
FND,20090219,0.21,0.21,0.21,0.21,1500
FPA,20090219,0.5,0.515,0.5,0.515,25000
FPH,20090219,2.69,2.69,2.65,2.65,35356
FPS,20090219,1.05,1.05,1.05,1.05,39573
FRE,20090219,0.035,0.035,0.03,0.03,10000
FRS,20090219,0.2,0.2,0.195,0.195,135700
FSA,20090219,0.195,0.22,0.195,0.22,27837
FTE,20090219,0.065,0.065,0.065,0.065,23400
FUT,20090219,0.002,0.002,0.002,0.002,800000
FWD,20090219,3.9,4.1,3.86,4.08,106013
FXJ,20090219,1.005,1.04,0.975,0.985,9711500
FXL,20090219,0.395,0.45,0.39,0.43,1199374
FXR,20090219,0.145,0.15,0.145,0.15,48498
GAU,20090219,0.029,0.03,0.029,0.03,115000
GBE,20090219,0.09,0.09,0.09,0.09,200000
GBG,20090219,0.62,0.65,0.62,0.625,486733
GBP,20090219,0.14,0.145,0.14,0.145,245700
GCL,20090219,3.24,3.35,3.21,3.28,310483
GCR,20090219,0.012,0.013,0.012,0.013,163462
GCS,20090219,0.4,0.43,0.4,0.425,17050
GDA,20090219,0.009,0.009,0.009,0.009,200000
GDN,20090219,0.055,0.058,0.054,0.058,398252
GDY,20090219,1.05,1.05,1.03,1.035,55409
GER,20090219,0.13,0.13,0.13,0.13,10000
GFF,20090219,1.4,1.48,1.39,1.46,5632858
GGG,20090219,0.17,0.17,0.165,0.17,80000
GGP,20090219,0.09,0.09,0.085,0.085,59646
GGX,20090219,0.031,0.031,0.031,0.031,25000
GGY,20090219,0.026,0.031,0.026,0.027,639100
GHT,20090219,0.45,0.45,0.45,0.45,5556
GIP,20090219,0.06,0.06,0.043,0.044,374000
GIR,20090219,0.335,0.36,0.335,0.355,37300
GJT,20090219,0.035,0.035,0.034,0.034,50000
GLH,20090219,0.015,0.015,0.015,0.015,204500
GLI,20090219,0.017,0.018,0.017,0.017,237623
GMG,20090219,0.53,0.53,0.465,0.465,21088169
GMI,20090219,0.73,0.74,0.705,0.74,113085
GML,20090219,0.08,0.08,0.08,0.08,50000
GMR,20090219,0.027,0.027,0.027,0.027,7142
GNC,20090219,4.65,4.73,4.58,4.58,1390464
GNM,20090219,0.35,0.4,0.35,0.4,64285
GNS,20090219,0.825,0.845,0.8,0.8,1038903
GOA,20090219,0.009,0.009,0.009,0.009,620000
GOP,20090219,0.02,0.02,0.02,0.02,29222
GPG,20090219,0.61,0.61,0.6,0.6,62785
GPM,20090219,0.078,0.078,0.077,0.077,51378
GPN,20090219,0.006,0.007,0.006,0.007,3596000
GPP,20090219,0.07,0.07,0.066,0.066,25000
GPT,20090219,0.47,0.54,0.455,0.54,47366843
GRD,20090219,0.285,0.29,0.28,0.28,168283
GRF,20090219,1.6,1.6,1.6,1.6,10000
GRR,20090219,0.34,0.345,0.34,0.34,30683
GRY,20090219,0.1,0.1,0.09,0.09,516682
GSE,20090219,0.022,0.022,0.021,0.021,123047
GSF,20090219,0.005,0.005,0.005,0.005,50000
GTE,20090219,0.025,0.025,0.025,0.025,54838
GTP,20090219,0.125,0.125,0.105,0.11,1634784
GTR,20090219,0.044,0.048,0.044,0.048,111250
GTX,20090219,0.007,0.007,0.007,0.007,450000
GUD,20090219,5,5.18,5,5.18,94612
GUN,20090219,0.063,0.063,0.063,0.063,20000
GWR,20090219,0.42,0.45,0.415,0.42,49203
GWT,20090219,2.15,2.32,2.15,2.26,272445
GXY,20090219,0.34,0.34,0.34,0.34,22600
HAP,20090219,0.075,0.075,0.075,0.075,25000
HAV,20090219,0.28,0.3,0.27,0.27,22950
HAW,20090219,0.008,0.008,0.008,0.008,1000000
HDF,20090219,1.46,1.66,1.385,1.55,1054661
HDN,20090219,0.085,0.085,0.085,0.085,80000
HEG,20090219,0.17,0.175,0.165,0.17,491846
HFA,20090219,0.062,0.067,0.061,0.062,5328210
HGG,20090219,1.66,1.72,1.62,1.62,1219439
HGN,20090219,0.18,0.18,0.18,0.18,23150
HGO,20090219,0.135,0.135,0.125,0.125,790269
HHV,20090219,0.53,0.535,0.525,0.535,258724
HHY,20090219,1,1,0.975,0.975,9090
HIG,20090219,0.061,0.061,0.06,0.06,825716
HIL,20090219,1.56,1.61,1.55,1.58,143637
HIN,20090219,1.02,1.07,1.02,1.06,623623
HIP,20090219,1.21,1.21,1.21,1.21,7500
HLG,20090219,0.26,0.26,0.25,0.255,29500
HMC,20090219,0.05,0.052,0.049,0.052,105000
HNG,20090219,0.7,0.7,0.7,0.7,21000
HOM,20090219,0.36,0.36,0.35,0.35,46972
HRL,20090219,0.105,0.105,0.105,0.105,95000
HRR,20090219,0.14,0.14,0.14,0.14,50000
HSK,20090219,0.64,0.64,0.64,0.64,10000
HSN,20090219,0.38,0.38,0.38,0.38,4969
HSP,20090219,4.33,4.45,4.24,4.35,793726
HST,20090219,1.15,1.155,1.12,1.125,268169
HTA,20090219,0.11,0.11,0.1,0.1,97500
HTC,20090219,0.014,0.014,0.014,0.014,200000
HTI,20090219,0.02,0.02,0.02,0.02,85000
HTM,20090219,0.017,0.017,0.017,0.017,25000
HVN,20090219,2.13,2.13,2.05,2.09,2587934
HXL,20090219,0.3,0.3,0.3,0.3,7000
HYO,20090219,0.015,0.017,0.015,0.017,270000
HZN,20090219,0.115,0.12,0.115,0.12,264300
IAG,20090219,3.2,3.43,3.14,3.43,20103729
IAS,20090219,0.33,0.33,0.33,0.33,2071708
IAU,20090219,0.285,0.29,0.275,0.28,2631189
IBA,20090219,0.695,0.735,0.68,0.715,1556757
IBC,20090219,0.395,0.395,0.395,0.395,40234
ICN,20090219,0.22,0.225,0.21,0.225,553842
IDL,20090219,0.094,0.105,0.091,0.105,7896330
IDT,20090219,1.6,1.6,1.6,1.6,13750
IEF,20090219,0.215,0.215,0.215,0.215,16000
IEM,20090219,36.44,37.14,35.9,37.14,2132
IEU,20090219,38.85,38.85,38.85,38.85,500
IFC,20090219,0.045,0.045,0.045,0.045,42000
IFL,20090219,2.75,3.1,2.61,3.04,68627
IFM,20090219,0.29,0.29,0.285,0.285,62330
IGC,20090219,0.205,0.25,0.205,0.25,285059
IGO,20090219,2.75,2.75,2.6,2.6,291425
IGR,20090219,0.245,0.245,0.23,0.24,1229100
IHF,20090219,0.61,0.61,0.6,0.6,26600
IIF,20090219,0.1,0.105,0.1,0.1,2498498
IIN,20090219,1.15,1.15,1.1,1.13,50502
IKO,20090219,37.66,37.66,37.66,37.66,55
ILF,20090219,0.05,0.052,0.05,0.05,165536
ILU,20090219,3.95,4.66,3.95,4.41,2524290
IMA,20090219,0.45,0.45,0.41,0.41,16466
IMC,20090219,0.041,0.041,0.041,0.041,115500
IMD,20090219,0.295,0.3,0.28,0.285,385607
IMF,20090219,0.995,0.995,0.975,0.975,94423
IMI,20090219,0.002,0.003,0.002,0.002,1090000
IMP,20090219,0.006,0.006,0.006,0.006,211185
IMU,20090219,0.079,0.08,0.079,0.08,100000
INE,20090219,0.34,0.34,0.33,0.335,212000
INL,20090219,0.013,0.013,0.013,0.013,154000
INP,20090219,0.2,0.2,0.195,0.195,180586
INT,20090219,0.01,0.01,0.009,0.009,1029000
IOF,20090219,0.255,0.275,0.255,0.275,44694605
IOH,20090219,0.2,0.22,0.2,0.2,398010
IOO,20090219,67,68.1,66.9,68.1,510
IPL,20090219,2.12,2.23,2.08,2.2,15491893
IPM,20090219,1.08,1.08,1.08,1.08,374947
IPR,20090219,0.05,0.052,0.05,0.05,118335
IPX,20090219,0.08,0.08,0.075,0.075,16778
IRD,20090219,0.08,0.08,0.08,0.08,35052
IRE,20090219,4.66,5.1,4.66,4.78,398937
IRL,20090219,0.016,0.02,0.016,0.02,127935
IRM,20090219,0.065,0.065,0.065,0.065,20000
IRN,20090219,0.295,0.3,0.28,0.285,994893
ISG,20090219,9.48,9.48,9.4,9.4,1501
ISS,20090219,0.175,0.175,0.17,0.17,21500
ITC,20090219,0.024,0.025,0.023,0.025,1145000
ITD,20090219,0.085,0.085,0.085,0.085,70000
IUL,20090219,0.005,0.005,0.005,0.005,70263
IVA,20090219,0.38,0.385,0.38,0.38,84593
IVC,20090219,4.65,4.99,4.65,4.91,162488
IVE,20090219,57.43,57.7,57.43,57.7,1130
IVV,20090219,125,125.49,122.76,122.76,85
JAL,20090219,0.14,0.14,0.14,0.14,46634
JBH,20090219,10.95,11.3,10.92,11.06,1169693
JET,20090219,0.82,0.83,0.82,0.83,47000
JGL,20090219,0.115,0.12,0.1,0.12,885333
JHX,20090219,3.35,3.44,3.31,3.34,1710633
JML,20090219,0.11,0.115,0.11,0.115,1392880
JMS,20090219,0.071,0.071,0.07,0.07,171000
JPR,20090219,0.019,0.02,0.018,0.02,108239
JRL,20090219,0.38,0.41,0.38,0.41,32925
JRV,20090219,0.005,0.005,0.005,0.005,1316065
KAM,20090219,0.12,0.12,0.11,0.11,45237
KAR,20090219,3,3.19,3,3.06,362511
KAT,20090219,0.395,0.395,0.395,0.395,10000
KBC,20090219,0.105,0.11,0.105,0.105,146218
KCN,20090219,4.4,4.59,4.38,4.59,348517
KEY,20090219,0.091,0.098,0.091,0.098,141500
KGL,20090219,0.039,0.039,0.039,0.039,10000
KIK,20090219,0.044,0.044,0.044,0.044,133216
KIL,20090219,0.49,0.49,0.48,0.48,133655
KIS,20090219,0.19,0.2,0.19,0.2,36751
KLM,20090219,0.11,0.11,0.11,0.11,10000
KME,20090219,0.15,0.15,0.15,0.15,10000
KMN,20090219,0.12,0.12,0.12,0.12,103892
KRM,20090219,0.185,0.23,0.185,0.215,495619
KYC,20090219,0.2,0.2,0.18,0.18,68000
KZL,20090219,0.405,0.425,0.4,0.4,933354
LBL,20090219,0.1,0.1,0.1,0.1,30000
LBT,20090219,0.135,0.135,0.135,0.135,25000
LEG,20090219,0.011,0.011,0.011,0.011,345500
LEI,20090219,18.5,19.18,18.26,19.05,756249
LEP,20090219,1.95,1.99,1.9,1.9,34902
LFE,20090219,0.046,0.046,0.045,0.045,4800
LGL,20090219,3.6,3.63,3.48,3.53,24011657
LLA,20090219,0.021,0.024,0.021,0.024,627161
LLC,20090219,5.03,5.31,5,5.29,1033577
LLP,20090219,0.125,0.135,0.125,0.135,366446
LMC,20090219,3.05,3.05,3.04,3.04,4000
LMG,20090219,0.004,0.004,0.004,0.004,4173818
LNC,20090219,1.21,1.29,1.19,1.28,442633
LNG,20090219,0.72,0.73,0.66,0.66,339455
LNN,20090219,8.75,9.04,8.67,8.92,1199650
LRF,20090219,0.36,0.365,0.36,0.365,19769
LSA,20090219,0.007,0.008,0.006,0.007,3057419
LSR,20090219,0.025,0.025,0.025,0.025,2589
LST,20090219,0.93,0.93,0.895,0.905,78275
LUM,20090219,0.003,0.003,0.003,0.003,5000000
LYC,20090219,0.16,0.165,0.155,0.165,3573270
MAE,20090219,0.33,0.33,0.285,0.305,1070620
MAH,20090219,0.33,0.33,0.32,0.32,2314364
MAK,20090219,0.485,0.515,0.475,0.515,256020
MAN,20090219,0.007,0.008,0.007,0.008,100000
MAP,20090219,1.905,2.01,1.895,1.935,2376017
MAR,20090219,0.075,0.075,0.075,0.075,21650
MAT,20090219,0.14,0.145,0.13,0.14,170254
MBD,20090219,0.07,0.07,0.062,0.062,78000
MBN,20090219,1.45,1.555,1.45,1.48,15180
MCC,20090219,2.75,2.75,2.61,2.66,995240
MCG,20090219,0.83,0.92,0.83,0.895,3161444
MCK,20090219,0.14,0.14,0.14,0.14,3500
MCO,20090219,0.15,0.15,0.15,0.15,62033
MCP,20090219,0.32,0.32,0.285,0.295,4459796
MCR,20090219,0.715,0.735,0.7,0.72,530445
MCU,20090219,0.37,0.375,0.365,0.37,124087
MCW,20090219,0.17,0.185,0.17,0.185,9202037
MDL,20090219,0.66,0.68,0.65,0.66,490247
MDS,20090219,0.024,0.024,0.024,0.024,63470
MDT,20090219,0.051,0.056,0.05,0.051,1905459
MEL,20090219,0.47,0.47,0.435,0.44,161174
MEO,20090219,0.082,0.082,0.077,0.08,2217478
MEP,20090219,0.17,0.17,0.16,0.16,2500
MEU,20090219,0.051,0.051,0.051,0.051,52700
MFF,20090219,0.49,0.5,0.49,0.495,260770
MFG,20090219,0.34,0.34,0.34,0.34,4867
MFI,20090219,0.01,0.01,0.01,0.01,10000
MGR,20090219,0.91,0.98,0.895,0.94,6005807
MGU,20090219,0.045,0.045,0.045,0.045,205460
MGX,20090219,0.5,0.515,0.485,0.485,6312287
MIG,20090219,1.34,1.43,1.34,1.355,10911846
MIN,20090219,2.1,2.25,2.05,2.2,95487
MIR,20090219,1.25,1.25,1.25,1.25,66194
MIX,20090219,0.097,0.097,0.095,0.095,1324300
MKB,20090219,0.04,0.04,0.04,0.04,208
MKY,20090219,0.004,0.004,0.004,0.004,215000
MLB,20090219,1.7,1.7,1.64,1.7,52321
MLE,20090219,0.9,0.9,0.885,0.885,140834
MLI,20090219,0.06,0.06,0.056,0.058,1860795
MLM,20090219,0.2,0.2,0.18,0.18,37800
MLT,20090219,13.81,13.81,13.76,13.76,8604
MMA,20090219,0.395,0.395,0.39,0.395,105140
MMB,20090219,0.3,0.3,0.28,0.28,33000
MMG,20090219,0.7,0.805,0.7,0.795,185520
MML,20090219,1.49,1.49,1.28,1.39,236117
MMS,20090219,2.15,2.2,2.15,2.16,204160
MMX,20090219,0.54,0.575,0.535,0.56,737388
MMY,20090219,0.09,0.09,0.09,0.09,7204
MNC,20090219,0.13,0.13,0.13,0.13,20000
MND,20090219,6.95,7.29,6.95,7.15,240165
MOC,20090219,0.785,0.785,0.76,0.76,1600
MOF,20090219,0.145,0.15,0.145,0.15,16675959
MOL,20090219,0.3,0.305,0.29,0.29,73587
MOS,20090219,0.07,0.071,0.069,0.069,709994
MOX,20090219,0.03,0.03,0.03,0.03,65000
MOY,20090219,0.03,0.032,0.03,0.031,1021000
MPF,20090219,0.04,0.051,0.04,0.051,939286
MPJ,20090219,0.002,0.002,0.002,0.002,500000
MPO,20090219,0.85,0.92,0.85,0.91,611759
MPS,20090219,0.073,0.073,0.07,0.07,199129
MQG,20090219,22.3,22.38,21.89,21.89,1695047
MRC,20090219,0.06,0.06,0.06,0.06,10000
MRE,20090219,0.355,0.39,0.355,0.38,1086946
MRK,20090219,0.005,0.005,0.005,0.005,11111
MRM,20090219,1,1.05,1,1.05,503600
MRO,20090219,0.085,0.11,0.085,0.11,125000
MRU,20090219,1.15,1.25,1.15,1.25,127225
MRZ,20090219,0.25,0.265,0.245,0.25,426506
MSB,20090219,0.8,0.8,0.79,0.79,46400
MSC,20090219,0.007,0.008,0.007,0.008,2660000
MSF,20090219,1.61,1.61,1.61,1.61,534
MSH,20090219,0.065,0.065,0.065,0.065,50000
MSL,20090219,0.89,0.89,0.88,0.88,287000
MST,20090219,0.05,0.05,0.05,0.05,40000
MTB,20090219,0.006,0.006,0.006,0.006,120000
MTS,20090219,4.1,4.19,4.08,4.16,2573184
MTU,20090219,0.45,0.45,0.45,0.45,3800
MUE,20090219,0.12,0.12,0.11,0.11,105000
MUM,20090219,0.023,0.023,0.023,0.023,100000
MUN,20090219,0.215,0.235,0.215,0.215,344189
MVP,20090219,0.195,0.195,0.195,0.195,45000
MVU,20090219,0.15,0.15,0.15,0.15,34000
MWE,20090219,0.044,0.045,0.042,0.042,478800
MWG,20090219,1.2,1.2,1.2,1.2,15747
MXI,20090219,0.3,0.3,0.295,0.295,2228
MXR,20090219,0.04,0.04,0.037,0.037,1251550
MYG,20090219,0.045,0.045,0.045,0.045,10531
NAB,20090219,17.97,18.5,17.7,18.4,3720164
NAD,20090219,0.01,0.01,0.01,0.01,992123
NAL,20090219,0.007,0.007,0.007,0.007,90000
NAM,20090219,0.375,0.375,0.355,0.375,333000
NAN,20090219,0.3,0.32,0.295,0.315,94000
NAV,20090219,0.245,0.255,0.225,0.24,323990
NBL,20090219,0.91,0.91,0.9,0.9,2650
NCM,20090219,36.64,37.17,35.53,35.9,4109520
NDO,20090219,0.065,0.067,0.064,0.065,2635825
NEC,20090219,0.4,0.4,0.36,0.36,26000
NEM,20090219,6.65,6.68,6.27,6.59,54156
NEU,20090219,0.006,0.006,0.006,0.006,1336670
NFK,20090219,0.24,0.25,0.24,0.25,374540
NFL,20090219,0.055,0.055,0.051,0.051,45050
NGE,20090219,0.042,0.043,0.042,0.043,99900
NGF,20090219,0.175,0.175,0.16,0.16,1408767
NGM,20090219,0.015,0.015,0.015,0.015,50000
NHC,20090219,3.3,3.42,3.3,3.37,180755
NHF,20090219,0.76,0.76,0.75,0.76,35900
NIP,20090219,0.215,0.215,0.19,0.19,64800
NKP,20090219,0.13,0.13,0.125,0.125,1109154
NLB,20090219,1.085,1.1,1.085,1.09,66708
NLG,20090219,0.009,0.009,0.009,0.009,100000
NMI,20090219,0.017,0.017,0.017,0.017,50000
NMS,20090219,0.32,0.33,0.31,0.31,582356
NOD,20090219,0.19,0.195,0.185,0.195,130200
NPX,20090219,1.92,1.92,1.92,1.92,1000
NQM,20090219,0.245,0.27,0.235,0.235,270500
NRT,20090219,0.65,0.65,0.65,0.65,2298
NRU,20090219,0.02,0.02,0.02,0.02,30000
NSE,20090219,0.04,0.04,0.04,0.04,193925
NSN,20090219,1.14,1.14,1.14,1.14,400
NSP,20090219,0.025,0.049,0.025,0.049,273816
NST,20090219,0.013,0.013,0.01,0.01,150000
NUF,20090219,9.38,9.94,9.38,9.94,441331
NUP,20090219,0.045,0.045,0.03,0.03,58947
NVT,20090219,2.4,2.4,2.34,2.38,1403114
NWE,20090219,0.015,0.016,0.015,0.015,1921497
NWH,20090219,0.255,0.275,0.25,0.275,1890191
NWR,20090219,0.057,0.06,0.057,0.06,126081
NWS,20090219,10.5,10.81,10.41,10.5,1417742
NWT,20090219,0.003,0.003,0.002,0.002,16694000
NXS,20090219,0.4,0.43,0.395,0.425,1870583
OAK,20090219,0.3,0.3,0.285,0.285,35971
OBJ,20090219,0.004,0.004,0.004,0.004,10000
ODN,20090219,0.028,0.028,0.028,0.028,250000
OEC,20090219,0.031,0.031,0.031,0.031,10000
OEL,20090219,0.1,0.1,0.1,0.1,42800
OEX,20090219,0.235,0.24,0.235,0.235,203022
OFG,20090219,0.46,0.46,0.44,0.44,292345
OGC,20090219,0.68,0.83,0.675,0.8,3682772
OIF,20090219,0.195,0.195,0.195,0.195,10000
OIL,20090219,0.045,0.046,0.045,0.046,45230
OIP,20090219,0.07,0.082,0.07,0.078,193000
OKN,20090219,0.695,0.7,0.665,0.665,185118
OKU,20090219,0.025,0.025,0.025,0.025,25000
OLE,20090219,0.002,0.002,0.002,0.002,1300000
OMH,20090219,1.03,1.1,1.01,1.065,918898
OMI,20090219,0.16,0.165,0.16,0.165,7000
ONC,20090219,0.1,0.1,0.1,0.1,100000
ORE,20090219,0.25,0.26,0.24,0.26,360000
ORG,20090219,13.05,13.35,13.04,13.32,2858509
ORI,20090219,13.5,13.84,13.26,13.73,1345229
ORL,20090219,1.995,1.995,1.995,1.995,5500
ORP,20090219,0.02,0.02,0.02,0.02,139231
OSH,20090219,4.38,4.68,4.37,4.64,7259621
OST,20090219,2.03,2.15,2.02,2.1,3095124
OZG,20090219,0.09,0.09,0.09,0.09,135000
OZL,20090219,0.645,0.675,0.625,0.65,81036823
PAA,20090219,0.02,0.02,0.02,0.02,250000
PAG,20090219,1.08,1.09,1.08,1.085,1250
PAN,20090219,0.765,0.81,0.765,0.795,257991
PAX,20090219,0.098,0.1,0.097,0.1,221000
PBB,20090219,0.15,0.15,0.15,0.15,44369
PBD,20090219,0.205,0.22,0.205,0.22,35000
PBG,20090219,0.315,0.34,0.31,0.325,3069129
PBP,20090219,1.35,1.41,1.35,1.39,173650
PBT,20090219,0.265,0.27,0.265,0.27,15000
PCL,20090219,0.015,0.015,0.015,0.015,1000476
PCP,20090219,0.01,0.01,0.01,0.01,100000
PDM,20090219,0.019,0.019,0.019,0.019,10000
PDN,20090219,2.95,3.22,2.94,3.16,5135076
PDO,20090219,0.135,0.135,0.12,0.12,201000
PDZ,20090219,0.05,0.055,0.05,0.055,50724
PEA,20090219,0.3,0.3,0.3,0.3,3500
PEM,20090219,0.16,0.16,0.15,0.16,810967
PEN,20090219,0.017,0.017,0.016,0.016,733533
PES,20090219,8.4,8.5,8.38,8.49,1602684
PEV,20090219,0.02,0.02,0.02,0.02,255000
PFG,20090219,0.07,0.095,0.07,0.095,30500
PFL,20090219,0.84,0.84,0.82,0.82,19000
PGA,20090219,1.08,1.1,1.02,1.02,40458
PGC,20090219,0.028,0.028,0.026,0.026,15000
PGL,20090219,0.84,0.84,0.815,0.82,56078
PGS,20090219,0.027,0.027,0.026,0.026,251100
PHG,20090219,0.029,0.029,0.026,0.026,1100000
PHI,20090219,1,1,1,1,20000
PHK,20090219,0.085,0.085,0.085,0.085,19000
PIE,20090219,0.009,0.009,0.008,0.008,130000
PIO,20090219,0.022,0.024,0.022,0.024,263602
PLA,20090219,0.65,0.73,0.625,0.69,3681655
PLI,20090219,0.45,0.5,0.45,0.46,74441
PLT,20090219,0.145,0.145,0.13,0.13,111000
PLV,20090219,0.19,0.2,0.175,0.2,130500
PMC,20090219,1.165,1.19,1.16,1.175,79810
PME,20090219,0.8,0.8,0.8,0.8,3001
PMH,20090219,0.05,0.05,0.05,0.05,38576
PMP,20090219,0.3,0.335,0.3,0.325,1188073
PMV,20090219,3.52,3.6,3.52,3.6,7062
PNA,20090219,0.165,0.18,0.16,0.16,23458772
PNN,20090219,0.17,0.19,0.17,0.19,6000
POH,20090219,0.091,0.091,0.091,0.091,26888
POS,20090219,0.25,0.255,0.25,0.255,90957
PPC,20090219,1.22,1.26,1.2,1.2,19473
PPD,20090219,0.027,0.03,0.027,0.03,447000
PPG,20090219,0.165,0.165,0.155,0.155,18624
PPP,20090219,0.295,0.315,0.29,0.31,558615
PPS,20090219,0.095,0.095,0.095,0.095,100000
PPT,20090219,24.95,27.85,24.95,26.71,91584
PPX,20090219,0.62,0.7,0.605,0.675,4637850
PPY,20090219,0.49,0.495,0.49,0.495,10000
PRC,20090219,0.73,0.73,0.7,0.7,6360
PRE,20090219,0.006,0.006,0.006,0.006,350000
PRG,20090219,2.04,2.07,2,2,102846
PRT,20090219,0.9,0.9,0.9,0.9,40000
PRU,20090219,0.69,0.705,0.665,0.675,258877
PRV,20090219,0.48,0.48,0.465,0.47,225780
PRW,20090219,0.035,0.035,0.035,0.035,25000
PRY,20090219,4.9,5.12,4.9,5.01,995461
PSA,20090219,0.165,0.165,0.16,0.165,124776
PSF,20090219,0.022,0.022,0.022,0.022,133900
PSH,20090219,1.05,1.05,1.05,1.05,1100
PTM,20090219,2.94,3.04,2.94,2.98,181680
PTN,20090219,0.1,0.105,0.096,0.097,61450
PWK,20090219,2.93,3.01,2.93,3,18171
PXS,20090219,1.25,1.25,1.21,1.23,61413
QAN,20090219,1.71,1.805,1.71,1.75,17722103
QBE,20090219,21,21.99,21,21.3,4957379
QGM,20090219,0.015,0.015,0.015,0.015,50000
QHL,20090219,0.175,0.175,0.175,0.175,59465
QMN,20090219,0.05,0.05,0.05,0.05,200000
QOL,20090219,0.005,0.007,0.005,0.006,899900
QPN,20090219,0.012,0.012,0.011,0.011,174000
QRX,20090219,0.25,0.25,0.25,0.25,5000
QTM,20090219,0.125,0.125,0.12,0.12,39566
QUR,20090219,0.006,0.006,0.006,0.006,40000
RAU,20090219,0.028,0.03,0.028,0.03,579350
RBM,20090219,0.011,0.011,0.011,0.011,67000
RBR,20090219,0.026,0.026,0.026,0.026,25000
RBY,20090219,0.027,0.027,0.027,0.027,59068
RCM,20090219,0.07,0.07,0.066,0.066,60000
RCR,20090219,0.35,0.35,0.335,0.335,132343
RCU,20090219,0.1,0.11,0.1,0.105,46734
RCY,20090219,0.145,0.15,0.145,0.145,178661
RDF,20090219,3.05,3.08,3.05,3.08,23821
RDM,20090219,0.105,0.105,0.105,0.105,15200
RDR,20090219,0.2,0.2,0.185,0.185,121670
REA,20090219,3.45,3.5,3.45,3.5,20588
RED,20090219,0.047,0.057,0.047,0.053,3182200
REF,20090219,0.94,0.94,0.94,0.94,6142
REO,20090219,0.01,0.01,0.01,0.01,400
RER,20090219,0.05,0.05,0.05,0.05,20000
RES,20090219,0.26,0.29,0.26,0.29,92653
REX,20090219,0.9,0.9,0.9,0.9,4000
REY,20090219,0.068,0.07,0.068,0.07,82374
RFE,20090219,0.2,0.2,0.2,0.2,31370
RFG,20090219,1.25,1.33,1.25,1.33,31700
RFL,20090219,0.06,0.06,0.06,0.06,22000
RHC,20090219,9.2,9.59,9.2,9.42,183496
RHE,20090219,0.08,0.08,0.075,0.075,75000
RHG,20090219,0.19,0.195,0.19,0.19,841681
RHI,20090219,1.4,1.4,1.4,1.4,5952
RHL,20090219,2.75,2.75,2.75,2.75,1539
RHT,20090219,0.013,0.013,0.013,0.013,63000
RIA,20090219,0.08,0.08,0.08,0.08,38167
RIC,20090219,0.79,0.79,0.78,0.78,94885
RIO,20090219,49.29,52.1,49.2,51.78,4772873
RIV,20090219,2.46,2.57,2.41,2.46,247668
RKN,20090219,1.06,1.06,1.05,1.05,704240
RMD,20090219,6.42,6.46,6.32,6.32,859222
RMG,20090219,0.007,0.008,0.007,0.008,652151
RML,20090219,0.045,0.046,0.045,0.046,144000
RMS,20090219,0.64,0.66,0.62,0.62,654208
RNC,20090219,0.026,0.026,0.026,0.026,24040
RNG,20090219,0.01,0.01,0.01,0.01,300000
RNY,20090219,0.08,0.08,0.08,0.08,6250
ROC,20090219,0.385,0.385,0.365,0.37,2469644
ROK,20090219,2.6,2.6,2.6,2.6,2000
ROL,20090219,0.18,0.2,0.175,0.175,92000
ROY,20090219,0.059,0.059,0.059,0.059,65600
RPX,20090219,0.425,0.425,0.425,0.425,11551
RRA,20090219,0.45,0.45,0.45,0.45,162664
RRL,20090219,0.18,0.18,0.18,0.18,10000
RRS,20090219,0.03,0.03,0.029,0.03,344900
RSG,20090219,0.655,0.675,0.655,0.67,697159
RSN,20090219,0.002,0.002,0.002,0.002,1090000
RUB,20090219,0.03,0.03,0.03,0.03,30700
RUL,20090219,0.33,0.335,0.33,0.335,47000
RUM,20090219,0.055,0.055,0.055,0.055,10000
RWD,20090219,0.42,0.45,0.42,0.45,130679
RXL,20090219,0.016,0.016,0.015,0.015,119525
RXM,20090219,0.43,0.46,0.43,0.46,61978
SAE,20090219,0.094,0.094,0.092,0.093,166000
SAI,20090219,2.35,2.38,2.3,2.32,200110
SAR,20090219,0.155,0.155,0.15,0.155,456964
SAU,20090219,0.084,0.084,0.077,0.077,305772
SAV,20090219,0.19,0.19,0.19,0.19,5000
SAY,20090219,0.12,0.12,0.12,0.12,5000
SBN,20090219,0.006,0.006,0.006,0.006,412000
SCB,20090219,0.35,0.35,0.35,0.35,2500
SDG,20090219,0.44,0.45,0.42,0.43,3786235
SDL,20090219,0.088,0.088,0.086,0.087,3613196
SDM,20090219,0.42,0.42,0.42,0.42,25000
SEA,20090219,0.073,0.075,0.073,0.075,28873
SEK,20090219,2.16,2.28,2.11,2.2,1357013
SEN,20090219,0.038,0.038,0.036,0.036,122500
SER,20090219,0.011,0.011,0.011,0.011,53334
SEV,20090219,5.51,5.8,5.51,5.7,334314
SEY,20090219,0.04,0.04,0.04,0.04,1000
SFH,20090219,0.22,0.225,0.21,0.22,1242535
SFP,20090219,0.105,0.105,0.09,0.09,16892
SFY,20090219,33.49,34.15,33.31,33.9,11639
SGH,20090219,1.45,1.47,1.45,1.47,15959
SGL,20090219,0.425,0.425,0.425,0.425,206924
SGM,20090219,16.3,17.5,15.8,17.27,506186
SGN,20090219,0.53,0.53,0.5,0.505,130099
SGP,20090219,2.55,2.8,2.55,2.72,9103448
SGT,20090219,2.5,2.57,2.5,2.53,2696030
SGX,20090219,6.25,6.25,5.7,5.8,1323784
SGY,20090219,0.042,0.045,0.042,0.045,107500
SHL,20090219,13.06,13.47,13.06,13.12,1173952
SHV,20090219,2.95,3,2.95,3,10471
SHX,20090219,0.029,0.029,0.027,0.027,100000
SIM,20090219,0.22,0.23,0.22,0.23,45000
SIP,20090219,1.03,1.075,1.01,1.06,1376997
SKC,20090219,2.2,2.26,2.18,2.2,2527349
SKE,20090219,1.445,1.45,1.445,1.45,643144
SKI,20090219,1.235,1.32,1.23,1.285,1104714
SKS,20090219,0.15,0.15,0.15,0.15,15424
SKT,20090219,3.34,3.34,3.34,3.34,492264
SLA,20090219,0.11,0.115,0.11,0.115,35000
SLF,20090219,6.19,6.42,6.19,6.4,30210
SLM,20090219,3.27,3.34,3.27,3.3,34178
SLR,20090219,0.37,0.375,0.36,0.365,280790
SLV,20090219,0.85,0.85,0.85,0.85,10000
SLX,20090219,3.89,4.05,3.65,3.65,64725
SMC,20090219,0.04,0.055,0.04,0.055,147161
SML,20090219,0.017,0.02,0.017,0.02,215000
SMM,20090219,1.845,1.9,1.845,1.9,35000
SMX,20090219,1.95,1.965,1.91,1.95,461801
SND,20090219,0.28,0.3,0.27,0.27,44000
SNU,20090219,0.055,0.056,0.055,0.055,33000
SOE,20090219,0.08,0.08,0.08,0.08,62700
SOL,20090219,8.45,8.45,8.4,8.44,21687
SOM,20090219,0.018,0.018,0.018,0.018,1147223
SOT,20090219,0.145,0.15,0.145,0.145,106081
SPH,20090219,0.345,0.345,0.345,0.345,1000
SPL,20090219,0.19,0.19,0.185,0.185,8187
SPN,20090219,0.99,1.04,0.985,1.04,2236592
SPT,20090219,2.09,2.18,2.02,2.08,579269
SRE,20090219,0.022,0.022,0.02,0.02,200000
SRH,20090219,0.33,0.33,0.33,0.33,1520
SRI,20090219,0.032,0.032,0.028,0.028,351550
SRK,20090219,0.3,0.315,0.3,0.305,263034
SRL,20090219,0.94,0.995,0.93,0.95,2359450
SRR,20090219,0.056,0.056,0.056,0.056,5000
SRV,20090219,2.5,2.5,2.5,2.5,29925
SSI,20090219,0.43,0.43,0.43,0.43,14000
SSM,20090219,0.4,0.4,0.23,0.255,15353944
SSN,20090219,0.022,0.022,0.022,0.022,95000
SST,20090219,12,12,12,12,561
STI,20090219,0.007,0.007,0.007,0.007,100000
STO,20090219,14.21,14.61,14.21,14.41,2307888
STS,20090219,0.81,0.81,0.77,0.77,20233
STU,20090219,0.275,0.275,0.275,0.275,6645
STW,20090219,31.73,32.48,31.67,32.2,474574
STX,20090219,0.1,0.1,0.098,0.098,171212
SUL,20090219,2.44,2.5,2.4,2.4,20500
SUN,20090219,5.35,5.69,5.32,5.69,6544905
SUR,20090219,0.03,0.03,0.026,0.026,200000
SVL,20090219,0.05,0.05,0.045,0.045,43551
SWG,20090219,0.005,0.005,0.005,0.005,20000
SWK,20090219,0.25,0.25,0.25,0.25,39154
SXE,20090219,0.51,0.51,0.51,0.51,10000
SYL,20090219,2.68,2.68,2.68,2.68,41469
SYP,20090219,0.02,0.02,0.02,0.02,42528
SYR,20090219,0.035,0.035,0.035,0.035,20200
SYS,20090219,0.029,0.029,0.028,0.029,209999
TAH,20090219,6.3,6.42,6.22,6.36,3229613
TAL,20090219,2,2.08,1.97,2,1280970
TAM,20090219,0.035,0.036,0.034,0.035,4408282
TAN,20090219,0.21,0.21,0.2,0.2,58249
TAP,20090219,0.86,0.87,0.84,0.87,151563
TAS,20090219,0.03,0.03,0.03,0.03,18000
TAW,20090219,0.022,0.022,0.02,0.02,111000
TBG,20090219,0.4,0.4,0.37,0.37,86600
TBR,20090219,0.95,0.95,0.925,0.95,16282
TCL,20090219,4.69,4.94,4.66,4.88,1872775
TCM,20090219,0.205,0.215,0.2,0.215,93826
TCN,20090219,0.08,0.08,0.08,0.08,600000
TCQ,20090219,0.225,0.225,0.22,0.225,60000
TEL,20090219,1.94,1.995,1.92,1.99,5686314
TEN,20090219,0.73,0.83,0.7,0.8,7084906
TEX,20090219,0.028,0.028,0.028,0.028,40000
TFC,20090219,0.74,0.75,0.74,0.74,93944
TGF,20090219,0.07,0.08,0.07,0.077,1290306
TGG,20090219,0.725,0.725,0.7,0.71,75943
TGP,20090219,0.35,0.35,0.3,0.3,17851
TGR,20090219,1.98,2.05,1.98,2,85994
TGS,20090219,0.13,0.13,0.125,0.13,331550
THG,20090219,0.39,0.395,0.38,0.395,51324
THO,20090219,0.7,0.7,0.65,0.65,124525
THX,20090219,0.11,0.11,0.1,0.1,16000
TIM,20090219,0.135,0.135,0.13,0.135,286798
TIS,20090219,0.13,0.135,0.13,0.135,34090
TJN,20090219,0.385,0.385,0.38,0.38,100000
TLM,20090219,0.23,0.23,0.21,0.21,16300
TLS,20090219,3.65,3.72,3.65,3.68,26432617
TMX,20090219,0.04,0.04,0.04,0.04,75198
TNE,20090219,0.635,0.635,0.61,0.62,542710
TNG,20090219,0.022,0.023,0.022,0.023,105000
TNL,20090219,0.047,0.047,0.047,0.047,5159
TOE,20090219,0.098,0.1,0.098,0.1,60119
TOL,20090219,5.2,5.39,5.12,5.14,3327441
TOX,20090219,1.29,1.3,1.27,1.3,20840
TPX,20090219,3,3,2.99,2.99,4500
TRF,20090219,0.115,0.115,0.115,0.115,5000
TRG,20090219,3.55,3.55,3.45,3.45,9464
TRM,20090219,0.098,0.11,0.098,0.099,238500
TRO,20090219,0.054,0.06,0.054,0.06,263767
TRS,20090219,10.15,10.15,10,10.1,51258
TRU,20090219,3.95,3.95,3.9,3.9,3854
TRY,20090219,1.33,1.385,1.33,1.365,195695
TSE,20090219,1.85,1.975,1.85,1.955,1422400
TSI,20090219,0.9,0.91,0.895,0.91,128497
TSM,20090219,0.2,0.2,0.2,0.2,19718
TSO,20090219,0.115,0.125,0.115,0.12,352537
TSV,20090219,0.022,0.023,0.022,0.023,615040
TTS,20090219,2.87,2.9,2.83,2.87,4397681
TTY,20090219,0.135,0.14,0.135,0.14,186742
TWD,20090219,1.57,1.57,1.56,1.57,8810
TWO,20090219,0.66,0.68,0.64,0.68,117406
TWR,20090219,1.2,1.2,1.15,1.2,23343
TXN,20090219,0.13,0.13,0.13,0.13,65
TZL,20090219,1.4,1.4,1.4,1.4,3459
TZN,20090219,0.37,0.38,0.365,0.375,68760
UBI,20090219,0.53,0.53,0.53,0.53,5500
UGL,20090219,7.64,8.2,7.64,7.95,643443
UMC,20090219,0.565,0.6,0.555,0.555,410808
UNI,20090219,0.28,0.28,0.27,0.275,1210990
UNX,20090219,0.18,0.2,0.18,0.2,78000
URL,20090219,0.013,0.013,0.012,0.012,639283
URM,20090219,0.024,0.024,0.024,0.024,134000
USA,20090219,0.031,0.031,0.031,0.031,29700
UXA,20090219,0.055,0.055,0.05,0.05,45298
UXC,20090219,0.4,0.405,0.4,0.405,16565
VBA,20090219,0.235,0.255,0.235,0.245,6238010
VCN,20090219,0.078,0.09,0.078,0.09,517287
VEC,20090219,0.07,0.07,0.07,0.07,14250
VGH,20090219,0.54,0.54,0.5,0.5,30550
VHL,20090219,0.025,0.03,0.025,0.03,22358
VIR,20090219,0.42,0.42,0.41,0.415,47433
VLA,20090219,0.04,0.041,0.04,0.04,27500
VMG,20090219,0.18,0.185,0.18,0.18,617312
VML,20090219,0.048,0.048,0.046,0.046,46528
VMS,20090219,0.12,0.125,0.11,0.125,66033
VMT,20090219,0.037,0.037,0.03,0.03,290415
VPE,20090219,0.265,0.27,0.25,0.26,1067531
VPG,20090219,0.035,0.038,0.035,0.037,10929447
VRL,20090219,0.875,0.88,0.85,0.85,7200
VTG,20090219,0.082,0.082,0.082,0.082,30973
VTP,20090219,0.69,0.7,0.68,0.7,270510
WAM,20090219,0.85,0.85,0.845,0.845,34695
WAN,20090219,4.1,4.26,4.1,4.19,500964
WAS,20090219,0.01,0.01,0.01,0.01,100000
WBA,20090219,0.67,0.67,0.67,0.67,1000
WBC,20090219,16.45,17,16.44,17,6514891
WCL,20090219,0.5,0.5,0.5,0.5,14000
WCP,20090219,0.027,0.027,0.027,0.027,251374
WDC,20090219,9.8,10.11,9.74,9.98,13350782
WDR,20090219,0.051,0.061,0.051,0.061,51574
WDS,20090219,0.765,0.77,0.765,0.77,138250
WEB,20090219,1.135,1.15,1.135,1.15,10425
WEC,20090219,1.49,1.49,1.46,1.46,45325
WES,20090219,16.3,17.2,16.3,17.09,7950844
WGP,20090219,0.025,0.025,0.021,0.021,120380
WGR,20090219,0.21,0.27,0.21,0.26,163700
WHC,20090219,1.58,1.58,1.5,1.515,101879
WHE,20090219,0.087,0.087,0.087,0.087,5000
WHF,20090219,2.25,2.25,2.25,2.25,144399
WHG,20090219,0.85,0.85,0.82,0.83,223363
WIG,20090219,0.8,0.8,0.8,0.8,7858
WIL,20090219,0.495,0.495,0.495,0.495,10468
WME,20090219,0.08,0.08,0.08,0.08,175800
WMT,20090219,0.04,0.04,0.039,0.039,266500
WOR,20090219,13.3,13.72,13.24,13.58,1879256
WOW,20090219,27.36,27.7,27.32,27.5,2305815
WPL,20090219,33.75,34.28,33.18,33.52,2101098
WRK,20090219,0.16,0.16,0.16,0.16,12000
WRR,20090219,0.003,0.003,0.003,0.003,100000
WSA,20090219,3.7,3.8,3.7,3.77,268976
WTF,20090219,3.2,3.3,3.2,3.24,335978
WTP,20090219,0.95,0.96,0.94,0.94,58500
WWA,20090219,1.6,1.69,1.6,1.69,46655
WWI,20090219,0.069,0.07,0.069,0.07,120000
WYL,20090219,0.49,0.49,0.43,0.435,218084
XAF,20090219,3496.1,3496.1,3496.1,3496.1,0
XAO,20090219,3367,3423.2,3345.9,3398,0
XAT,20090219,344840,344840,344840,344840,0
XBW,20090219,351.34,351.34,351.34,351.34,0
XCD,20090219,0.02,0.02,0.02,0.02,0
XDJ,20090219,1015.1,1030.5,1003.9,1019.6,0
XEJ,20090219,11493.7,11719,11458.1,11611.2,0
XFJ,20090219,3050.3,3121.8,3024.8,3105.5,0
XFL,20090219,3470.3,3532,3448,3507,0
XGD,20090219,5530.6,5530.6,5530.6,5530.6,0
XHJ,20090219,8794,9020.2,8757.6,8835.8,0
XIJ,20090219,413.8,425.2,403.5,422.2,0
XJO,20090219,3411.1,3473.7,3390.2,3448.9,0
XKO,20090219,3397.3,3458.4,3376.8,3433.7,0
XMD,20090219,2961.9,3033.7,2950.1,3006.4,0
XMJ,20090219,8818.1,8978.1,8752.6,8853.9,0
XMM,20090219,3186.4,3186.4,3186.4,3186.4,0
XNJ,20090219,2544.7,2615.8,2520.6,2564.2,0
XPJ,20090219,648.2,672.4,643.5,662.4,0
XRF,20090219,0.1,0.1,0.1,0.1,13334
XSJ,20090219,6088.7,6195.7,6062.6,6180.3,0
XSO,20090219,1585.1,1606.2,1574.5,1591.7,0
XST,20090219,0.03,0.03,0.03,0.03,0
XTJ,20090219,1239.5,1257.4,1236.8,1249.4,0
XTL,20090219,2090.2,2125.5,2076.7,2112.2,0
XTO,20090219,2814.2,2865.5,2796.9,2845.4,0
XUJ,20090219,4039.8,4142.6,4026.7,4093.5,0
XXJ,20090219,3485,3566,3452.6,3545.7,0
YRR,20090219,0.045,0.045,0.045,0.045,45000
ZDX,20090219,0.042,0.042,0.042,0.042,50000
