AAC,20090715,1.3,1.305,1.27,1.29,659751
AAG,20090715,0.081,0.081,0.081,0.081,1
AAM,20090715,0.14,0.14,0.14,0.14,167385
AAR,20090715,0.025,0.026,0.025,0.026,270000
AAU,20090715,0.24,0.24,0.24,0.24,1775
AAX,20090715,3.74,3.85,3.74,3.81,923789
ABB,20090715,9.05,9.08,8.99,9,1007735
ABC,20090715,2.24,2.27,2.21,2.27,1115029
ABP,20090715,0.36,0.36,0.355,0.36,2674445
ABQ,20090715,0.14,0.14,0.14,0.14,110000
ABU,20090715,0.023,0.023,0.022,0.022,1400000
ABW,20090715,5.98,5.98,5.98,5.98,642
ABY,20090715,0.55,0.57,0.54,0.57,1357542
ACB,20090715,0.36,0.36,0.36,0.36,88311
ACE,20090715,0.035,0.035,0.035,0.035,155536
ACL,20090715,0.345,0.345,0.345,0.345,3540
ACR,20090715,1.105,1.12,1.065,1.1,73608
ACS,20090715,0.15,0.15,0.15,0.15,20000
ACU,20090715,0.038,0.038,0.038,0.038,10000
ADG,20090715,2.18,2.18,2.18,2.18,6400
ADI,20090715,0.065,0.065,0.064,0.064,100000
ADL,20090715,0.008,0.008,0.008,0.008,100000
ADN,20090715,0.1,0.1,0.1,0.1,5000
ADO,20090715,0.01,0.01,0.01,0.01,1250
ADU,20090715,0.385,0.385,0.38,0.38,20000
ADX,20090715,0.11,0.125,0.11,0.125,1156897
ADY,20090715,0.021,0.022,0.021,0.021,4404965
AEC,20090715,1.88,1.89,1.83,1.89,16150
AED,20090715,0.8,0.83,0.8,0.82,855096
AEE,20090715,0.12,0.12,0.12,0.12,75000
AEF,20090715,22.2,22.2,22,22,595
AEM,20090715,0.014,0.014,0.014,0.014,100000
AEO,20090715,1.5,1.5,1.47,1.48,64843
AEU,20090715,0.25,0.26,0.25,0.255,77437
AEZ,20090715,0.042,0.044,0.04,0.04,1629893
AFA,20090715,0.085,0.09,0.085,0.09,73200
AFI,20090715,4.34,4.44,4.33,4.39,232520
AFT,20090715,0.001,0.001,0.001,0.001,2520050
AGF,20090715,1.13,1.14,1.12,1.125,210657
AGG,20090715,8.62,8.66,8.62,8.66,8413
AGI,20090715,0.078,0.078,0.078,0.078,220026
AGJ,20090715,0.175,0.175,0.175,0.175,10000
AGK,20090715,14.21,14.31,14.08,14.19,1334504
AGO,20090715,1.63,1.67,1.62,1.65,1419320
AGS,20090715,0.93,0.98,0.845,0.85,10219320
AGU,20090715,0.03,0.035,0.03,0.035,390000
AGY,20090715,0.04,0.04,0.04,0.04,1380
AHD,20090715,4.3,4.37,4.25,4.37,78631
AHE,20090715,1.5,1.51,1.455,1.51,111136
AHR,20090715,0.075,0.079,0.075,0.079,70000
AIA,20090715,1.205,1.205,1.205,1.205,406900
AIE,20090715,0.025,0.025,0.022,0.022,146666
AIO,20090715,1.335,1.38,1.335,1.38,20209018
AIQ,20090715,1.07,1.07,1.07,1.07,15080
AIV,20090715,0.067,0.067,0.067,0.067,50500
AIX,20090715,1.27,1.275,1.25,1.265,2332823
AIZ,20090715,0.71,0.73,0.71,0.73,10393
AJL,20090715,3.28,3.33,3.25,3.33,144813
AKK,20090715,0.042,0.055,0.042,0.055,1498877
ALD,20090715,0.405,0.405,0.405,0.405,101397
ALF,20090715,1.035,1.04,1.03,1.03,59756
ALK,20090715,0.265,0.285,0.265,0.285,78569
ALL,20090715,3.78,3.85,3.75,3.82,1510468
ALR,20090715,1.22,1.22,1.22,1.22,4517
ALS,20090715,3.49,3.51,3.41,3.5,266593
ALT,20090715,0.027,0.027,0.027,0.027,200000
ALU,20090715,0.31,0.33,0.31,0.32,20500
ALY,20090715,0.2,0.21,0.2,0.21,204450
ALZ,20090715,0.48,0.5,0.48,0.5,2998317
AMC,20090715,5.06,5.21,5.06,5.19,5947615
AMH,20090715,0.555,0.565,0.55,0.55,85717
AMM,20090715,0.16,0.165,0.16,0.165,110054
AMP,20090715,4.89,4.9,4.77,4.8,6499688
AMU,20090715,0.3,0.305,0.3,0.3,299354
AMX,20090715,0.29,0.29,0.275,0.275,200504
AND,20090715,1.8,1.84,1.785,1.84,261943
ANG,20090715,1.605,1.65,1.605,1.63,28595
ANM,20090715,0.052,0.059,0.052,0.059,16719
ANN,20090715,8.86,8.93,8.69,8.77,663180
ANQ,20090715,0.255,0.27,0.255,0.27,66815
ANZ,20090715,16.38,16.51,16.25,16.5,9447777
AOC,20090715,0.085,0.085,0.085,0.085,10000
AOD,20090715,1.055,1.06,1.055,1.06,186425
AOE,20090715,3.43,3.55,3.41,3.55,5351347
AOK,20090715,0.135,0.14,0.13,0.14,170540
AON,20090715,0.24,0.24,0.24,0.24,100000
APA,20090715,2.78,2.81,2.75,2.8,582985
APB,20090715,0.075,0.08,0.07,0.08,90000
APD,20090715,0.155,0.17,0.155,0.17,52973
APE,20090715,8.1,8.1,8.1,8.1,963
APG,20090715,0.033,0.034,0.032,0.034,470000
APH,20090715,0.125,0.125,0.125,0.125,27000
API,20090715,0.63,0.64,0.62,0.63,178944
APK,20090715,0.14,0.14,0.14,0.14,1500
APN,20090715,1.43,1.44,1.415,1.435,4184262
APZ,20090715,0.295,0.3,0.295,0.295,2153326
AQA,20090715,5.4,5.62,5.37,5.48,370045
AQD,20090715,0.13,0.13,0.13,0.13,17500
AQP,20090715,4.07,4.36,4.06,4.26,1167469
ARA,20090715,0.225,0.225,0.225,0.225,27365
ARD,20090715,0.12,0.12,0.115,0.115,40000
ARE,20090715,0.051,0.053,0.049,0.05,605000
ARG,20090715,5.78,5.83,5.75,5.79,345306
ARM,20090715,0.205,0.21,0.205,0.21,63528
ARP,20090715,3.7,3.7,3.65,3.67,15696
ARU,20090715,0.61,0.66,0.61,0.66,204032
ARX,20090715,0.025,0.025,0.025,0.025,45248
ASB,20090715,2.7,2.74,2.53,2.53,112597
ASC,20090715,0.007,0.007,0.007,0.007,237406
ASL,20090715,0.9,0.91,0.89,0.89,165941
ASX,20090715,34.49,34.94,33.99,34.38,519647
ASZ,20090715,0.605,0.605,0.605,0.605,7890
ATI,20090715,0.011,0.011,0.011,0.011,500000
ATQ,20090715,0.13,0.13,0.13,0.13,7400
ATR,20090715,1.8,1.8,1.8,1.8,560
ATV,20090715,0.044,0.045,0.044,0.045,95000
AUB,20090715,3.97,4,3.97,3.99,12811
AUF,20090715,0.98,1,0.98,1,100000
AUI,20090715,6.19,6.19,5.81,5.81,6150
AUK,20090715,0.028,0.028,0.028,0.028,40000
AUN,20090715,0.86,0.885,0.85,0.865,4051995
AUP,20090715,4.55,4.55,4.55,4.55,500
AUT,20090715,0.13,0.13,0.13,0.13,87000
AVA,20090715,0.089,0.091,0.089,0.091,77511
AVE,20090715,0.8,0.81,0.8,0.81,63600
AVG,20090715,0.14,0.14,0.135,0.14,307444
AVH,20090715,0.096,0.096,0.095,0.095,35000
AVI,20090715,0.115,0.115,0.115,0.115,20000
AVJ,20090715,0.265,0.265,0.265,0.265,3000
AVM,20090715,1.5,1.5,1.5,1.5,1200
AVO,20090715,1.73,1.795,1.725,1.78,1688203
AVX,20090715,0.11,0.115,0.11,0.115,636650
AVZ,20090715,0.095,0.095,0.094,0.094,150000
AWB,20090715,1.21,1.22,1.175,1.19,1449357
AWC,20090715,1.365,1.435,1.365,1.43,20006069
AWE,20090715,2.51,2.58,2.5,2.58,1948442
AXA,20090715,3.78,3.88,3.74,3.88,2579141
AXC,20090715,0.03,0.035,0.03,0.035,165000
AXM,20090715,0.165,0.165,0.16,0.16,4634337
AXO,20090715,0.33,0.33,0.32,0.32,63052
AXT,20090715,0.033,0.033,0.033,0.033,17000
AXY,20090715,0.067,0.068,0.066,0.067,126974
AYF,20090715,5.39,5.39,5.39,5.39,900
AZM,20090715,0.11,0.12,0.11,0.115,320000
AZS,20090715,0.041,0.044,0.04,0.044,103000
AZZ,20090715,0.3,0.3,0.285,0.3,95000
BAR,20090715,0.15,0.165,0.15,0.16,1141539
BAS,20090715,0.04,0.045,0.038,0.038,1976701
BAU,20090715,0.39,0.4,0.39,0.4,114571
BBG,20090715,8.19,8.24,8.01,8.09,1369708
BBI,20090715,0.064,0.067,0.064,0.067,13726496
BBP,20090715,0.085,0.086,0.082,0.086,1030825
BCC,20090715,0.045,0.045,0.045,0.045,87144
BCD,20090715,0.135,0.14,0.135,0.14,227393
BCI,20090715,1.015,1.07,1.015,1.05,400405
BCN,20090715,0.013,0.014,0.013,0.013,4961513
BDG,20090715,0.265,0.27,0.26,0.27,563923
BDL,20090715,0.04,0.04,0.039,0.04,615222
BDR,20090715,0.095,0.12,0.095,0.12,470992
BEC,20090715,0.135,0.14,0.135,0.135,242896
BEL,20090715,0.26,0.26,0.26,0.26,4557
BEN,20090715,6.99,7.21,6.96,7.21,1528944
BER,20090715,0.3,0.3,0.3,0.3,1000
BET,20090715,1.45,1.45,1.2,1.2,1134
BFG,20090715,0.695,0.7,0.68,0.68,73000
BGD,20090715,0.12,0.12,0.115,0.12,25000
BHP,20090715,33.9,34.3,33.72,34.3,15503621
BIS,20090715,0.16,0.16,0.15,0.16,42523
BJT,20090715,0.345,0.37,0.33,0.36,13183288
BKI,20090715,1.095,1.11,1.07,1.075,512930
BKL,20090715,15.8,15.89,15.65,15.75,12148
BKN,20090715,4.17,4.28,4.14,4.27,452685
BKP,20090715,0.008,0.008,0.005,0.006,93667920
BKW,20090715,12.5,12.5,12.04,12.07,6107
BKY,20090715,0.98,1,0.97,1,78300
BLD,20090715,4.19,4.3,4.16,4.26,4363557
BLG,20090715,0.21,0.215,0.205,0.205,120620
BLK,20090715,0.155,0.155,0.155,0.155,8000
BLP,20090715,0.054,0.054,0.054,0.054,21920
BLR,20090715,0.083,0.083,0.081,0.083,826200
BLT,20090715,0.03,0.03,0.03,0.03,100000
BLY,20090715,0.24,0.25,0.235,0.24,22267889
BLZ,20090715,0.013,0.013,0.013,0.013,246000
BMN,20090715,1.15,1.16,1.125,1.145,847630
BMY,20090715,0.066,0.066,0.066,0.066,32500
BND,20090715,0.365,0.37,0.35,0.35,117600
BNE,20090715,0.16,0.16,0.12,0.12,19980
BNO,20090715,0.225,0.23,0.225,0.23,37440
BNT,20090715,0.028,0.028,0.028,0.028,450000
BOC,20090715,0.495,0.5,0.47,0.48,24900
BOL,20090715,0.28,0.29,0.275,0.275,656655
BOQ,20090715,9.36,9.6,9.36,9.6,667671
BOS,20090715,0.024,0.024,0.02,0.02,615418
BOW,20090715,0.825,0.855,0.82,0.85,355943
BPK,20090715,0.011,0.011,0.011,0.011,1000000
BPO,20090715,0.019,0.021,0.019,0.019,1433000
BPT,20090715,0.785,0.81,0.785,0.81,3966451
BRD,20090715,0.007,0.007,0.007,0.007,320000
BRM,20090715,1.22,1.22,1.18,1.195,33649
BRO,20090715,0.003,0.003,0.003,0.003,800000
BRU,20090715,0.17,0.18,0.17,0.18,906154
BRW,20090715,0.068,0.068,0.068,0.068,7550
BSA,20090715,0.13,0.14,0.13,0.14,584270
BSI,20090715,0.033,0.034,0.033,0.034,150000
BSL,20090715,2.49,2.58,2.48,2.58,16490841
BSM,20090715,0.21,0.22,0.21,0.215,163650
BTA,20090715,1.425,1.505,1.425,1.49,1246729
BTR,20090715,0.305,0.305,0.3,0.3,71000
BTT,20090715,1.995,1.995,1.92,1.975,67459
BTU,20090715,0.05,0.05,0.05,0.05,15209
BTV,20090715,0.125,0.13,0.125,0.13,180354
BUG,20090715,0.385,0.385,0.355,0.355,18136
BUL,20090715,0.22,0.245,0.22,0.245,4089759
BUY,20090715,0.037,0.037,0.032,0.035,10050535
BVA,20090715,0.15,0.15,0.15,0.15,83100
BWN,20090715,0.145,0.145,0.145,0.145,8000
BWP,20090715,1.7,1.73,1.685,1.73,1187711
BXB,20090715,5.7,5.82,5.68,5.76,3754220
BYL,20090715,0.24,0.25,0.24,0.25,612827
CAA,20090715,0.08,0.08,0.08,0.08,6240
CAB,20090715,5.19,5.27,5.17,5.26,1318889
CAF,20090715,0.13,0.13,0.13,0.13,35170
CAG,20090715,0.006,0.006,0.006,0.006,1000000
CAH,20090715,0.098,0.098,0.096,0.097,878139
CAM,20090715,0.78,0.785,0.755,0.755,67478
CAP,20090715,0.067,0.067,0.067,0.067,37220
CAQ,20090715,0.085,0.085,0.085,0.085,21415
CAS,20090715,0.15,0.15,0.15,0.15,45000
CAZ,20090715,0.2,0.2,0.195,0.195,103810
CBA,20090715,38.59,38.94,38.32,38.82,3505604
CBB,20090715,0.335,0.335,0.33,0.33,42800
CBD,20090715,0.075,0.08,0.075,0.08,129999
CBH,20090715,0.11,0.115,0.11,0.115,1210875
CCD,20090715,1.21,1.21,1.15,1.15,115404
CCI,20090715,0.054,0.054,0.054,0.054,10000
CCL,20090715,8.88,9.06,8.85,9.03,2528352
CCP,20090715,1.27,1.35,1.27,1.32,43681
CCQ,20090715,0.375,0.375,0.375,0.375,14000
CCU,20090715,0.061,0.063,0.061,0.063,312787
CCV,20090715,0.435,0.45,0.435,0.45,1470173
CDD,20090715,3.45,3.8,3.45,3.7,112211
CDI,20090715,0.43,0.435,0.43,0.43,127636
CDL,20090715,0.07,0.07,0.07,0.07,21000
CDP,20090715,3.5,3.5,3.5,3.5,3500
CDU,20090715,2.61,2.81,2.61,2.74,596611
CEG,20090715,0.13,0.13,0.125,0.125,20031
CER,20090715,0.093,0.1,0.092,0.1,10553650
CEU,20090715,0.325,0.335,0.32,0.33,5498129
CEY,20090715,2.32,2.34,2.25,2.29,3800120
CFE,20090715,0.335,0.34,0.325,0.33,1315876
CFR,20090715,0.006,0.006,0.006,0.006,140000
CFU,20090715,0.16,0.16,0.15,0.155,1757791
CFX,20090715,1.725,1.725,1.675,1.71,6092210
CGF,20090715,2.34,2.45,2.34,2.41,3612422
CGG,20090715,0.21,0.22,0.21,0.22,677259
CGI,20090715,0.02,0.02,0.02,0.02,169182
CGM,20090715,0.028,0.029,0.028,0.029,150000
CGO,20090715,0.535,0.535,0.53,0.53,5000
CGT,20090715,0.048,0.048,0.046,0.046,19000
CGX,20090715,1.575,1.61,1.575,1.61,22500
CHB,20090715,22,22.15,20.5,22.15,1277
CHC,20090715,0.46,0.48,0.45,0.46,964471
CHF,20090715,0.065,0.065,0.065,0.065,20000
CHM,20090715,0.017,0.017,0.016,0.017,5582000
CHN,20090715,0.29,0.31,0.29,0.3,283444
CHO,20090715,4.33,4.33,4.33,4.33,44171
CIF,20090715,1.59,1.6,1.515,1.595,498935
CIG,20090715,0.016,0.016,0.015,0.015,1069600
CII,20090715,0.9,0.9,0.9,0.9,30000
CIL,20090715,1,1.01,0.99,0.99,80216
CIX,20090715,0.305,0.305,0.3,0.3,1218289
CIY,20090715,0.036,0.036,0.036,0.036,15991
CKK,20090715,0.265,0.265,0.265,0.265,71500
CKL,20090715,0.395,0.4,0.39,0.39,45967
CKT,20090715,0.38,0.4,0.38,0.38,675672
CLH,20090715,0.5,0.5,0.48,0.48,10711
CLO,20090715,0.715,0.715,0.71,0.715,32840
CLQ,20090715,0.32,0.32,0.32,0.32,3000
CLV,20090715,0.21,0.21,0.21,0.21,5608
CMI,20090715,0.35,0.35,0.35,0.35,12000
CMJ,20090715,2.66,2.71,2.63,2.64,14002600
CMO,20090715,0.013,0.013,0.013,0.013,27500
CMP,20090715,0.13,0.13,0.125,0.125,23800
CMV,20090715,0.091,0.092,0.088,0.092,58000
CMW,20090715,0.57,0.57,0.56,0.57,261220
CNA,20090715,87,87,87,87,200
CNB,20090715,0.53,0.53,0.53,0.53,10000
CND,20090715,0.69,0.69,0.69,0.69,12000
CNF,20090715,0.056,0.057,0.052,0.056,1942313
CNH,20090715,0.075,0.08,0.07,0.08,51950
CNM,20090715,0.205,0.23,0.205,0.215,499110
CNN,20090715,0.024,0.026,0.023,0.026,964000
CNP,20090715,0.092,0.094,0.09,0.093,2704348
CNT,20090715,1.725,1.77,1.725,1.77,111667
CNX,20090715,0.395,0.415,0.395,0.41,1146302
COE,20090715,0.395,0.4,0.39,0.395,1132693
COF,20090715,1.81,1.85,1.78,1.78,102745
COH,20090715,52.25,53.98,52.25,52.66,324579
COI,20090715,0.33,0.36,0.33,0.35,435066
COK,20090715,0.35,0.37,0.35,0.35,520170
COO,20090715,0.04,0.04,0.04,0.04,360
COU,20090715,1.13,1.145,1.11,1.135,168152
COV,20090715,0.135,0.14,0.135,0.14,45000
COZ,20090715,0.2,0.22,0.2,0.22,77391
CPA,20090715,0.83,0.835,0.82,0.83,7781571
CPB,20090715,19.7,19.74,19.3,19.65,71754
CPK,20090715,0.01,0.01,0.01,0.01,424800
CPN,20090715,0.1,0.1,0.1,0.1,30000
CPR,20090715,0.15,0.15,0.14,0.14,15000
CPU,20090715,8.69,9.13,8.68,9.13,1825514
CQT,20090715,0.485,0.485,0.445,0.455,301870
CRC,20090715,0.17,0.17,0.16,0.16,103880
CRE,20090715,0.145,0.145,0.145,0.145,22000
CRG,20090715,10.54,10.79,10.33,10.54,242382
CRJ,20090715,0.017,0.017,0.017,0.017,171000
CRK,20090715,0.62,0.62,0.62,0.62,13500
CRS,20090715,0.02,0.02,0.019,0.02,1320695
CSE,20090715,0.115,0.115,0.115,0.115,15000
CSL,20090715,29.99,30.24,29.77,29.97,3234870
CSR,20090715,1.675,1.7,1.655,1.69,4520410
CSS,20090715,0.64,0.64,0.62,0.635,32808
CST,20090715,3.01,3.03,2.99,3.02,70132
CSV,20090715,0.95,0.95,0.94,0.95,99207
CTN,20090715,0.83,0.83,0.8,0.82,179957
CTO,20090715,0.165,0.165,0.16,0.16,589889
CTP,20090715,0.078,0.081,0.078,0.079,2653848
CTX,20090715,11.8,12.02,11.59,11.76,627374
CUE,20090715,0.145,0.145,0.145,0.145,31314
CUL,20090715,0.059,0.076,0.059,0.07,591827
CUR,20090715,0.34,0.34,0.34,0.34,5000
CUS,20090715,2.17,2.24,2.16,2.18,116949
CUV,20090715,0.32,0.325,0.315,0.32,335142
CUX,20090715,0.065,0.065,0.065,0.065,29000
CVA,20090715,0.025,0.025,0.025,0.025,100000
CVB,20090715,0.065,0.065,0.065,0.065,25000
CVC,20090715,0.6,0.6,0.6,0.6,3650
CVG,20090715,0.071,0.071,0.071,0.071,49971
CVI,20090715,0.006,0.006,0.005,0.006,3391030
CVN,20090715,0.705,0.715,0.675,0.675,2712742
CWK,20090715,0.29,0.295,0.285,0.295,47370
CWN,20090715,7,7.09,6.97,7.06,1137306
CWP,20090715,1.33,1.38,1.33,1.38,5000
CWT,20090715,0.29,0.295,0.27,0.27,212172
CXC,20090715,14.01,14.64,14.01,14.57,28685
CXD,20090715,0.345,0.345,0.345,0.345,30000
CXG,20090715,0.29,0.32,0.29,0.315,96035
CXH,20090715,0.04,0.04,0.04,0.04,35000
CXM,20090715,0.285,0.295,0.28,0.295,86041
CXP,20090715,3.73,3.85,3.73,3.85,218962
CXS,20090715,0.57,0.57,0.53,0.54,214129
CXU,20090715,0.305,0.31,0.305,0.31,40667
CXY,20090715,0.092,0.095,0.09,0.093,1366834
CYA,20090715,0.78,0.78,0.78,0.78,20000
CYC,20090715,0.082,0.082,0.081,0.081,22000
CYG,20090715,0.99,0.99,0.965,0.965,1906
CYS,20090715,0.125,0.125,0.125,0.125,60166
CYT,20090715,0.068,0.068,0.068,0.068,7000
CZA,20090715,1.535,1.585,1.535,1.575,137024
DCG,20090715,0.75,0.755,0.73,0.75,943627
DDT,20090715,0.018,0.018,0.018,0.018,535460
DEG,20090715,0.048,0.05,0.048,0.05,370000
DEX,20090715,0.3,0.3,0.295,0.3,196619
DGO,20090715,0.045,0.045,0.045,0.045,60000
DIO,20090715,0.705,0.745,0.705,0.73,793757
DJS,20090715,4.43,4.59,4.43,4.57,1945096
DJW,20090715,3.8,3.85,3.77,3.77,107401
DKN,20090715,0.405,0.405,0.405,0.405,7003
DKS,20090715,7.1,7.15,7.1,7.15,5464
DLS,20090715,0.029,0.03,0.029,0.029,643616
DMA,20090715,0.14,0.14,0.14,0.14,50000
DMG,20090715,0.165,0.175,0.165,0.17,94011
DMM,20090715,0.17,0.17,0.17,0.17,57749
DMP,20090715,3.1,3.1,3.1,3.1,10926
DOM,20090715,4.15,4.28,4.15,4.2,180822
DOW,20090715,5.46,5.8,5.44,5.75,1520510
DRA,20090715,0.06,0.06,0.06,0.06,9300
DRK,20090715,0.14,0.14,0.14,0.14,25000
DRX,20090715,0.165,0.165,0.155,0.16,65000
DTL,20090715,5.61,5.8,5.61,5.7,23974
DUE,20090715,1.585,1.595,1.56,1.575,1744388
DUI,20090715,2.6,2.61,2.59,2.6,13824
DVN,20090715,0.44,0.44,0.435,0.44,102648
DWS,20090715,0.74,0.74,0.725,0.725,27811
DXS,20090715,0.735,0.75,0.73,0.74,20977270
DYE,20090715,0.815,0.815,0.795,0.8,51243
DYL,20090715,0.31,0.325,0.3,0.3,929797
EAL,20090715,0.235,0.235,0.235,0.235,3618
EBT,20090715,0.068,0.078,0.068,0.07,183334
ECM,20090715,0.11,0.11,0.11,0.11,50000
ECQ,20090715,0.05,0.05,0.05,0.05,19000
ECU,20090715,0.27,0.27,0.27,0.27,10000
EDE,20090715,0.057,0.057,0.055,0.055,40000
EDS,20090715,0.081,0.085,0.077,0.085,167500
EER,20090715,0.09,0.092,0.09,0.092,78290
EFE,20090715,0.08,0.08,0.08,0.08,9010
EFT,20090715,0.02,0.02,0.02,0.02,23364
EGO,20090715,0.01,0.01,0.01,0.01,480600
EHL,20090715,0.36,0.37,0.355,0.365,2885007
EKM,20090715,0.035,0.035,0.034,0.034,1000000
ELD,20090715,0.235,0.255,0.235,0.255,4884992
ELI,20090715,0.73,0.73,0.73,0.73,10000
ELK,20090715,0.14,0.15,0.14,0.15,306631
ELM,20090715,0.15,0.15,0.15,0.15,100000
ELX,20090715,0.135,0.135,0.125,0.125,8000
ELY,20090715,0.075,0.08,0.075,0.08,97500
EMA,20090715,0.305,0.305,0.25,0.275,1429806
EME,20090715,0.53,0.56,0.52,0.56,81200
EMG,20090715,0.535,0.56,0.48,0.48,192696
EMR,20090715,0.046,0.052,0.045,0.052,73683
EMS,20090715,0.032,0.035,0.032,0.034,770000
EMU,20090715,0.09,0.09,0.09,0.09,26400
ENB,20090715,0.23,0.24,0.23,0.23,16900
ENE,20090715,2.46,2.48,2.38,2.4,97498
ENT,20090715,0.43,0.45,0.4,0.43,566256
ENV,20090715,0.475,0.485,0.47,0.485,727129
EON,20090715,0.455,0.455,0.455,0.455,6500
EOS,20090715,0.56,0.56,0.56,0.56,5002
EPG,20090715,0.16,0.165,0.16,0.16,101000
EPL,20090715,0.14,0.14,0.13,0.13,139000
EPR,20090715,0.004,0.004,0.004,0.004,10000
EPX,20090715,0.83,0.83,0.83,0.83,9144
EQN,20090715,2.44,2.52,2.41,2.47,2244982
EQT,20090715,14.5,14.5,14.5,14.5,1000
ERA,20090715,22,22.93,21.9,22.92,699199
ERC,20090715,1.18,1.23,1.175,1.23,252919
ERH,20090715,0.13,0.135,0.13,0.135,311694
ERJ,20090715,0.09,0.091,0.088,0.09,312415
ERM,20090715,0.155,0.155,0.155,0.155,50000
ESG,20090715,0.89,0.92,0.885,0.915,5402909
ESI,20090715,0.071,0.071,0.064,0.067,20110624
ESN,20090715,0.004,0.005,0.004,0.005,1115000
ESS,20090715,0.14,0.15,0.14,0.145,47886
ESV,20090715,0.405,0.41,0.405,0.41,115000
ETC,20090715,0.38,0.4,0.38,0.39,243258
ETE,20090715,0.11,0.115,0.11,0.11,1835800
EUG,20090715,0.185,0.185,0.18,0.18,40100
EVE,20090715,0.029,0.029,0.027,0.027,198000
EVG,20090715,0.059,0.06,0.058,0.058,136540
EVM,20090715,0.04,0.04,0.04,0.04,1000
EVZ,20090715,0.11,0.11,0.11,0.11,20929
EWC,20090715,0.625,0.64,0.61,0.62,1012807
EXE,20090715,0.14,0.15,0.14,0.15,160350
EXM,20090715,0.014,0.016,0.014,0.015,9705716
EXR,20090715,0.05,0.05,0.049,0.049,32500
EXS,20090715,0.235,0.26,0.235,0.25,435961
EXT,20090715,6.53,6.79,6.5,6.77,242404
EZL,20090715,1.045,1.09,1.04,1.05,192485
FAC,20090715,0.062,0.062,0.06,0.06,275000
FAN,20090715,2.89,2.9,2.89,2.9,64500
FAR,20090715,0.088,0.093,0.088,0.089,4799612
FAS,20090715,0.042,0.042,0.041,0.042,295000
FAT,20090715,0.755,0.755,0.755,0.755,20000
FBU,20090715,5.33,5.4,5.29,5.37,538699
FCN,20090715,0.099,0.105,0.099,0.105,113586
FEA,20090715,0.16,0.165,0.155,0.16,175873
FER,20090715,0.087,0.087,0.085,0.085,300000
FFF,20090715,0.03,0.03,0.03,0.03,250000
FGL,20090715,5.24,5.35,5.23,5.31,6579099
FIS,20090715,0.13,0.15,0.13,0.145,285607
FKP,20090715,0.44,0.46,0.435,0.44,3642373
FLT,20090715,8.7,8.83,8.57,8.65,284644
FLX,20090715,14.15,15,14.07,14.8,565910
FMG,20090715,3.66,3.83,3.63,3.83,8077686
FML,20090715,0.026,0.026,0.025,0.026,3125181
FMS,20090715,0.057,0.059,0.056,0.057,17511723
FND,20090715,0.35,0.35,0.35,0.35,7000
FNP,20090715,0.36,0.36,0.36,0.36,11556
FPA,20090715,0.54,0.545,0.535,0.54,99518
FPG,20090715,1.1,1.1,1.1,1.1,22050
FPH,20090715,2.29,2.3,2.27,2.27,1898117
FPS,20090715,1.26,1.26,1.245,1.25,5260
FRE,20090715,0.014,0.014,0.012,0.012,1556667
FRI,20090715,0.84,0.84,0.84,0.84,17566
FRR,20090715,0.125,0.13,0.125,0.13,107500
FRS,20090715,0.49,0.49,0.465,0.49,210640
FSA,20090715,0.405,0.405,0.4,0.405,60034
FSE,20090715,0.035,0.035,0.035,0.035,100000
FTE,20090715,0.125,0.13,0.125,0.13,380972
FUN,20090715,0.135,0.14,0.135,0.14,235119
FUT,20090715,0.005,0.005,0.005,0.005,2080685
FWD,20090715,6.08,6.17,5.96,6.07,106337
FXI,20090715,0.61,0.61,0.61,0.61,4200
FXJ,20090715,1.17,1.195,1.165,1.185,4283812
FXL,20090715,0.73,0.76,0.72,0.76,221828
FXR,20090715,0.12,0.12,0.115,0.12,61100
FYI,20090715,0.003,0.003,0.003,0.003,594644
GAU,20090715,0.1,0.1,0.095,0.099,1513391
GBE,20090715,0.16,0.16,0.155,0.155,48665
GBG,20090715,0.735,0.76,0.735,0.76,937328
GBI,20090715,0.465,0.51,0.465,0.51,16000
GBP,20090715,0.115,0.12,0.115,0.12,260000
GBT,20090715,0.655,0.655,0.65,0.65,6750
GCG,20090715,0.13,0.13,0.13,0.13,140000
GCL,20090715,5.18,5.3,5.18,5.3,6868
GCN,20090715,0.02,0.02,0.02,0.02,99000
GCR,20090715,0.021,0.021,0.021,0.021,100000
GCS,20090715,0.6,0.6,0.6,0.6,175810
GDN,20090715,0.069,0.071,0.054,0.058,11179222
GDO,20090715,0.3,0.3,0.295,0.3,361619
GDY,20090715,0.89,0.895,0.88,0.88,191493
GEN,20090715,0.06,0.06,0.06,0.06,499
GFF,20090715,1.29,1.305,1.29,1.3,3885990
GGE,20090715,0.005,0.005,0.005,0.005,400000
GGG,20090715,0.28,0.28,0.265,0.265,819453
GGP,20090715,0.056,0.06,0.054,0.057,2883670
GGX,20090715,0.06,0.061,0.06,0.06,847784
GGY,20090715,0.062,0.063,0.062,0.063,573868
GHT,20090715,0.315,0.315,0.315,0.315,3500
GIP,20090715,0.044,0.044,0.04,0.04,1047448
GIR,20090715,0.585,0.59,0.58,0.585,94812
GJT,20090715,0.045,0.049,0.045,0.049,18033
GLA,20090715,0.038,0.038,0.038,0.038,34477
GLB,20090715,0.22,0.22,0.22,0.22,200
GLH,20090715,0.02,0.02,0.02,0.02,100000
GLI,20090715,0.026,0.03,0.026,0.03,180435
GLM,20090715,0.06,0.06,0.06,0.06,1525
GLN,20090715,0.08,0.08,0.08,0.08,87273
GMG,20090715,0.43,0.44,0.425,0.43,23572538
GMI,20090715,0.97,0.975,0.97,0.97,41029
GML,20090715,0.075,0.08,0.075,0.08,50000
GMR,20090715,0.072,0.084,0.072,0.08,2148485
GMX,20090715,0.75,0.75,0.75,0.75,18000
GNC,20090715,6.94,7.09,6.94,7.05,913875
GNM,20090715,0.65,0.65,0.585,0.585,132748
GNS,20090715,0.965,0.985,0.95,0.97,1157202
GNV,20090715,0.075,0.075,0.075,0.075,200
GOA,20090715,0.018,0.023,0.017,0.021,5986925
GOW,20090715,2.6,2.6,2.6,2.6,3700
GPG,20090715,0.525,0.53,0.515,0.53,303654
GPM,20090715,0.11,0.11,0.105,0.105,600535
GPP,20090715,0.1,0.12,0.1,0.12,5070
GPT,20090715,0.525,0.53,0.505,0.52,44157169
GRB,20090715,0.061,0.064,0.061,0.064,35800
GRD,20090715,0.455,0.48,0.455,0.475,204867
GRF,20090715,1.66,1.66,1.66,1.66,6000
GRK,20090715,0.064,0.064,0.06,0.06,161000
GRR,20090715,0.425,0.435,0.425,0.43,19804
GRY,20090715,0.28,0.29,0.275,0.29,34020
GSE,20090715,0.02,0.023,0.02,0.02,290000
GSF,20090715,0.003,0.003,0.003,0.003,5
GUD,20090715,6.73,6.97,6.57,6.92,220729
GUN,20090715,0.1,0.11,0.1,0.11,294000
GWR,20090715,0.4,0.41,0.4,0.4,134606
GWT,20090715,2.37,2.46,2.36,2.46,320910
GXL,20090715,0.54,0.54,0.54,0.54,1000
GXY,20090715,0.74,0.755,0.74,0.75,273614
HAP,20090715,0.15,0.15,0.15,0.15,40000
HAV,20090715,0.5,0.5,0.5,0.5,4000
HAW,20090715,0.008,0.009,0.008,0.009,4086000
HCG,20090715,0.025,0.025,0.025,0.025,200000
HDF,20090715,0.895,0.91,0.885,0.89,4077129
HDN,20090715,0.13,0.13,0.13,0.13,100000
HEG,20090715,0.18,0.185,0.18,0.185,218800
HEM,20090715,0.13,0.13,0.13,0.13,2000
HFA,20090715,0.205,0.215,0.205,0.21,2835634
HGG,20090715,1.96,2.04,1.95,2.03,2070072
HGN,20090715,0.19,0.19,0.19,0.19,40000
HGO,20090715,0.245,0.255,0.225,0.235,8371242
HHL,20090715,5,5,5,5,13953
HHV,20090715,0.71,0.71,0.71,0.71,52352
HHY,20090715,1.15,1.155,1.15,1.15,40000
HIG,20090715,0.135,0.14,0.135,0.135,326931
HII,20090715,0.16,0.16,0.16,0.16,44600
HIL,20090715,1.46,1.535,1.46,1.52,335619
HIN,20090715,0.81,0.83,0.8,0.83,219405
HIP,20090715,1.25,1.25,1.25,1.25,1000
HLG,20090715,0.235,0.235,0.205,0.21,37650
HLX,20090715,0.073,0.075,0.073,0.075,35000
HMC,20090715,0.041,0.042,0.041,0.042,35653
HNR,20090715,0.13,0.13,0.13,0.13,10000
HRL,20090715,0.086,0.086,0.085,0.085,105000
HRR,20090715,0.16,0.17,0.16,0.165,178969
HSK,20090715,0.44,0.44,0.395,0.44,383720
HSP,20090715,4.45,4.45,4.26,4.32,882223
HST,20090715,1.16,1.235,1.16,1.235,1184151
HTA,20090715,0.11,0.11,0.105,0.105,224510
HTC,20090715,0.028,0.03,0.023,0.023,2110138
HTE,20090715,0.03,0.03,0.028,0.028,102574
HVN,20090715,3.2,3.31,3.19,3.31,2735018
HZL,20090715,0.37,0.37,0.37,0.37,500
HZN,20090715,0.17,0.17,0.165,0.17,848796
IAA,20090715,41.47,41.47,41.44,41.44,808
IAG,20090715,3.5,3.51,3.41,3.49,5544753
IAT,20090715,0.01,0.01,0.01,0.01,255000
IAU,20090715,0.32,0.34,0.32,0.335,1445952
IBC,20090715,0.41,0.42,0.41,0.42,60000
IBK,20090715,42.83,42.98,42.83,42.98,888
ICN,20090715,0.29,0.29,0.28,0.29,951276
ICS,20090715,0.13,0.13,0.12,0.12,25500
IDG,20090715,0.66,0.66,0.65,0.66,23615
IDL,20090715,0.26,0.26,0.255,0.255,1692217
IDM,20090715,0.055,0.055,0.055,0.055,234033
IDO,20090715,0.2,0.22,0.2,0.22,80000
IDT,20090715,1.56,1.65,1.56,1.65,25085
IEF,20090715,0.14,0.14,0.14,0.14,3600
IEM,20090715,40.46,40.53,40.25,40.53,5159
IEU,20090715,39.47,39.6,39.47,39.6,3000
IFE,20090715,0.27,0.27,0.27,0.27,20000
IFL,20090715,4.2,4.39,4.16,4.31,1061471
IFM,20090715,0.31,0.35,0.3,0.305,388016
IFN,20090715,1.12,1.14,1.115,1.135,1848084
IFS,20090715,0.105,0.11,0.105,0.11,166495
IGC,20090715,0.225,0.225,0.225,0.225,62556
IGO,20090715,4.71,4.8,4.66,4.78,227974
IGR,20090715,0.29,0.29,0.275,0.28,1068413
IHF,20090715,0.75,0.75,0.75,0.75,35000
IHK,20090715,16.97,17.08,16.97,17.05,8
IIF,20090715,0.28,0.285,0.25,0.27,26000053
III,20090715,0.12,0.12,0.12,0.12,5000
IIN,20090715,1.69,1.7,1.65,1.695,271347
IJP,20090715,11.69,11.69,11.59,11.59,2710
ILF,20090715,0.051,0.051,0.05,0.05,145500
ILU,20090715,2.89,2.96,2.87,2.95,2998824
IMA,20090715,0.6,0.6,0.59,0.59,60000
IMD,20090715,0.62,0.63,0.61,0.63,237019
IMF,20090715,1.54,1.585,1.54,1.585,131982
IMI,20090715,0.004,0.004,0.004,0.004,1514000
IMP,20090715,0.007,0.007,0.007,0.007,2135000
IMU,20090715,0.075,0.075,0.075,0.075,26267
INL,20090715,0.017,0.017,0.016,0.016,1300000
INP,20090715,0.21,0.21,0.195,0.2,2242692
INQ,20090715,0.072,0.072,0.07,0.07,1512483
INT,20090715,0.02,0.02,0.019,0.02,5000000
IOF,20090715,0.465,0.47,0.445,0.455,14412605
IOH,20090715,0.71,0.71,0.67,0.68,48775
IOO,20090715,62.05,62.66,62.05,62.5,6502
IPD,20090715,0.6,0.6,0.6,0.6,1033
IPE,20090715,0.175,0.18,0.175,0.175,80000
IPL,20090715,2.26,2.3,2.26,2.3,4433964
IPP,20090715,0.11,0.11,0.11,0.11,8000
IPT,20090715,0.14,0.14,0.13,0.13,45000
IRC,20090715,0.125,0.125,0.125,0.125,20000
IRD,20090715,0.19,0.19,0.175,0.18,107000
IRE,20090715,6.81,7.1,6.78,6.99,349441
IRH,20090715,0.05,0.05,0.05,0.05,202000
IRI,20090715,0.42,0.425,0.42,0.425,15100
IRL,20090715,0.021,0.021,0.019,0.019,2443805
IRM,20090715,0.078,0.078,0.078,0.078,19102
IRN,20090715,0.435,0.45,0.43,0.44,1051916
ISF,20090715,0.67,0.685,0.66,0.68,1539494
ISG,20090715,11.57,11.57,11.49,11.49,2393
ISS,20090715,0.17,0.17,0.17,0.17,50000
ITC,20090715,0.059,0.059,0.056,0.056,954310
ITD,20090715,0.078,0.078,0.078,0.078,71942
ITS,20090715,0.195,0.195,0.195,0.195,20000
ITT,20090715,0.05,0.05,0.05,0.05,70000
ITW,20090715,13.43,13.43,13.43,13.43,250
IVA,20090715,1.98,1.98,1.9,1.945,38759
IVC,20090715,5.71,5.77,5.54,5.6,133218
IVE,20090715,57.62,57.68,57.5,57.5,1353
IVV,20090715,116.06,116.21,115.5,115.75,3995
IXR,20090715,0.265,0.265,0.26,0.26,70387
IZZ,20090715,47.79,48.06,47.68,48.02,1404
JAL,20090715,0.405,0.41,0.38,0.38,79200
JBH,20090715,14.98,15,14.81,14.91,589742
JET,20090715,0.73,0.74,0.73,0.74,3200
JGL,20090715,0.11,0.115,0.105,0.11,4427391
JHX,20090715,3.86,3.94,3.83,3.91,3407287
JMB,20090715,0.38,0.38,0.38,0.38,202000
JML,20090715,0.255,0.265,0.255,0.26,1473433
JMS,20090715,0.225,0.225,0.22,0.22,172847
JPR,20090715,0.034,0.038,0.034,0.038,270000
JRL,20090715,0.395,0.4,0.39,0.39,26005
JRV,20090715,0.006,0.006,0.006,0.006,5056184
KAR,20090715,9.55,9.89,9.55,9.79,1056934
KAS,20090715,0.037,0.037,0.037,0.037,90988
KBC,20090715,0.082,0.082,0.074,0.074,329152
KCN,20090715,6.6,6.69,6.56,6.68,362809
KEN,20090715,0.165,0.165,0.15,0.16,159798
KEY,20090715,0.11,0.11,0.11,0.11,20000
KGL,20090715,0.048,0.048,0.048,0.048,265000
KIK,20090715,0.145,0.145,0.145,0.145,163536
KIL,20090715,0.51,0.52,0.51,0.51,313229
KIS,20090715,0.16,0.16,0.16,0.16,29000
KKT,20090715,0.065,0.065,0.065,0.065,5500
KLM,20090715,0.13,0.13,0.13,0.13,4000
KML,20090715,0.034,0.034,0.034,0.034,61475
KMN,20090715,0.089,0.089,0.089,0.089,20654
KOV,20090715,3.75,3.75,3.75,3.75,1900
KRB,20090715,0.34,0.34,0.34,0.34,2860
KRM,20090715,0.42,0.42,0.4,0.4,561000
KRS,20090715,0.145,0.15,0.145,0.15,121000
KSC,20090715,1.96,1.96,1.9,1.9,4986
KSX,20090715,0.039,0.042,0.039,0.04,439754
KTE,20090715,0.023,0.03,0.023,0.03,287735
KTL,20090715,0.01,0.01,0.01,0.01,39400
KYC,20090715,0.285,0.285,0.28,0.28,25375
KZL,20090715,0.675,0.725,0.67,0.725,4234909
LBL,20090715,0.11,0.11,0.094,0.094,69000
LBT,20090715,0.18,0.18,0.18,0.18,14435
LBY,20090715,0.07,0.07,0.07,0.07,79643
LCT,20090715,0.17,0.17,0.16,0.16,256000
LCY,20090715,0.094,0.094,0.094,0.094,5000
LEI,20090715,22.98,23.1,22.71,23,798181
LEP,20090715,2.35,2.4,2.27,2.27,87186
LGD,20090715,0.083,0.083,0.083,0.083,20000
LGL,20090715,2.88,2.9,2.85,2.89,11308058
LIC,20090715,0.05,0.05,0.05,0.05,5000
LKO,20090715,0.014,0.015,0.013,0.014,39166478
LLC,20090715,7.25,7.38,7.17,7.3,877398
LLP,20090715,0.092,0.1,0.092,0.095,805439
LMC,20090715,3.72,3.72,3.72,3.72,1070
LMP,20090715,0.1,0.105,0.1,0.105,195000
LNC,20090715,1.62,1.81,1.615,1.755,2157379
LNG,20090715,0.585,0.585,0.56,0.585,675879
LNN,20090715,11.65,11.71,11.65,11.66,1368634
LOD,20090715,0.13,0.13,0.11,0.125,547710
LOM,20090715,0.019,0.02,0.019,0.02,100000
LRF,20090715,0.51,0.52,0.51,0.52,106500
LRL,20090715,0.09,0.09,0.09,0.09,55000
LSA,20090715,0.009,0.009,0.008,0.008,1592223
LSR,20090715,0.038,0.038,0.038,0.038,3883
LST,20090715,1.33,1.33,1.31,1.31,33152
LTR,20090715,0.03,0.03,0.025,0.025,500000
LUM,20090715,0.004,0.004,0.004,0.004,225000
LYC,20090715,0.435,0.44,0.425,0.43,5577641
LYL,20090715,1.4,1.45,1.4,1.45,27876
MAE,20090715,0.225,0.235,0.225,0.23,233555
MAH,20090715,0.315,0.34,0.31,0.335,5641647
MAK,20090715,0.49,0.52,0.485,0.505,397533
MAN,20090715,0.008,0.008,0.008,0.008,900000
MAP,20090715,2.2,2.21,2.15,2.19,3367754
MAQ,20090715,2.45,2.45,2.45,2.45,2000
MAT,20090715,0.11,0.11,0.11,0.11,119054
MAU,20090715,0.09,0.09,0.09,0.09,12000
MBN,20090715,2.46,2.5,2.42,2.47,428751
MBP,20090715,0.027,0.027,0.027,0.027,23947
MBT,20090715,0.17,0.17,0.17,0.17,23000
MCC,20090715,6.85,7.08,6.8,7.05,1993864
MCK,20090715,0.42,0.42,0.405,0.42,120000
MCL,20090715,0.004,0.004,0.004,0.004,1000000
MCP,20090715,1.745,1.75,1.71,1.74,48222
MCR,20090715,1.56,1.57,1.525,1.55,703403
MCU,20090715,0.645,0.675,0.645,0.67,82141
MCW,20090715,0.49,0.515,0.49,0.505,5871231
MDA,20090715,0.056,0.07,0.056,0.07,1339967
MDL,20090715,0.6,0.62,0.58,0.6,1205672
MDS,20090715,0.024,0.024,0.024,0.024,17200
MDT,20090715,0.115,0.125,0.11,0.12,7288061
MDV,20090715,0.01,0.01,0.009,0.01,425000
MDX,20090715,0.48,0.49,0.48,0.49,276000
MEL,20090715,0.48,0.485,0.475,0.48,412229
MEO,20090715,0.23,0.245,0.225,0.24,7699810
MEP,20090715,0.235,0.235,0.235,0.235,1625
MEU,20090715,0.069,0.073,0.069,0.07,154400
MFC,20090715,0.115,0.115,0.11,0.115,211000
MFF,20090715,0.525,0.53,0.525,0.53,138147
MFG,20090715,0.62,0.62,0.62,0.62,48001
MFI,20090715,0.014,0.015,0.014,0.015,300000
MGK,20090715,0.037,0.037,0.036,0.036,184000
MGO,20090715,0.1,0.105,0.1,0.105,114804
MGR,20090715,1.145,1.185,1.145,1.18,16155167
MGX,20090715,0.91,0.915,0.885,0.915,4318116
MHL,20090715,0.002,0.002,0.002,0.002,2290000
MHM,20090715,0.079,0.08,0.079,0.08,50000
MIG,20090715,1.38,1.45,1.375,1.4,15707134
MII,20090715,0.068,0.07,0.068,0.07,99572
MIK,20090715,0.099,0.11,0.096,0.11,358000
MIN,20090715,3.96,4.04,3.85,4.01,48432
MIR,20090715,1.64,1.65,1.6,1.65,43644
MIX,20090715,0.078,0.078,0.074,0.074,454196
MKB,20090715,0.06,0.06,0.06,0.06,12386
MKY,20090715,0.013,0.013,0.012,0.012,1132700
MLB,20090715,1.685,1.685,1.655,1.67,70462
MLE,20090715,1.37,1.425,1.37,1.425,769630
MLI,20090715,0.037,0.038,0.036,0.037,880000
MLM,20090715,0.3,0.3,0.29,0.29,33249
MLS,20090715,0.026,0.026,0.026,0.026,277387
MLT,20090715,14.6,15.05,14.6,15.05,10752
MLX,20090715,0.105,0.11,0.105,0.11,202991
MMA,20090715,0.425,0.425,0.42,0.42,94397
MMB,20090715,0.485,0.5,0.485,0.5,20709
MMG,20090715,1.395,1.495,1.375,1.455,238319
MML,20090715,2.52,2.58,2.52,2.56,320025
MMR,20090715,0.12,0.12,0.11,0.115,220000
MMS,20090715,2.65,2.65,2.59,2.65,80992
MMX,20090715,1.35,1.46,1.35,1.45,1454764
MMZ,20090715,0.004,0.004,0.004,0.004,66700
MNC,20090715,0.17,0.17,0.17,0.17,15000
MND,20090715,10.86,11.22,10.6,11.16,302141
MNL,20090715,0.3,0.335,0.3,0.32,96780
MNM,20090715,0.034,0.034,0.03,0.031,214400
MOC,20090715,1.005,1.005,0.99,1,31033
MOF,20090715,0.205,0.21,0.205,0.21,26896902
MOL,20090715,0.475,0.5,0.475,0.5,183265
MOS,20090715,0.14,0.14,0.135,0.14,933515
MOX,20090715,0.063,0.069,0.063,0.069,62410
MOY,20090715,0.031,0.031,0.031,0.031,70000
MPF,20090715,0.061,0.063,0.06,0.06,50000
MPI,20090715,0.016,0.016,0.016,0.016,10000
MPJ,20090715,0.003,0.003,0.003,0.003,6418080
MPO,20090715,1.045,1.095,1.04,1.075,394848
MPS,20090715,0.115,0.115,0.11,0.11,424674
MQG,20090715,37.74,38.25,37.39,37.91,1890287
MRE,20090715,0.77,0.795,0.77,0.79,4949165
MRM,20090715,1.79,1.815,1.79,1.81,87329
MRO,20090715,0.075,0.083,0.075,0.083,772408
MRU,20090715,3.56,3.75,3.55,3.7,111920
MRZ,20090715,0.31,0.34,0.31,0.34,213589
MSB,20090715,0.82,0.82,0.8,0.805,113218
MSC,20090715,0.005,0.005,0.005,0.005,33104497
MSH,20090715,0.15,0.15,0.15,0.15,85000
MSL,20090715,1.29,1.335,1.285,1.31,56891
MST,20090715,0.028,0.028,0.028,0.028,100025
MTN,20090715,0.795,0.82,0.795,0.82,178050
MTS,20090715,4.32,4.32,4.25,4.27,4175817
MTU,20090715,0.8,0.85,0.79,0.83,288949
MTY,20090715,0.029,0.029,0.029,0.029,20000
MUE,20090715,0.13,0.13,0.125,0.125,73981
MUN,20090715,0.355,0.37,0.355,0.355,72862
MUT,20090715,0.005,0.005,0.005,0.005,200000
MWG,20090715,1.195,1.2,1.195,1.2,4979
MXI,20090715,0.225,0.23,0.22,0.23,25500
MXQ,20090715,0.026,0.026,0.026,0.026,1219228
MXR,20090715,0.026,0.028,0.025,0.028,254779
NAB,20090715,23,23.38,22.93,23.35,7161802
NAD,20090715,0.015,0.015,0.015,0.015,1699356
NAM,20090715,0.4,0.4,0.395,0.395,13039
NAN,20090715,0.455,0.455,0.45,0.45,12800
NAV,20090715,0.185,0.19,0.185,0.19,36000
NBL,20090715,0.85,0.86,0.845,0.85,57090
NCM,20090715,29.6,30.58,29.59,30.26,1798332
NCO,20090715,0.09,0.09,0.08,0.08,162500
NDO,20090715,0.15,0.15,0.145,0.145,2985024
NEC,20090715,0.34,0.365,0.34,0.35,12800
NEM,20090715,4.99,4.99,4.86,4.88,29021
NEU,20090715,0.031,0.033,0.031,0.032,406200
NFE,20090715,1.3,1.31,1.285,1.285,94038
NFK,20090715,0.585,0.62,0.58,0.62,376495
NGE,20090715,0.091,0.093,0.09,0.09,415000
NGF,20090715,0.2,0.21,0.2,0.2,830895
NGM,20090715,0.23,0.23,0.21,0.22,211551
NGX,20090715,0.66,0.66,0.66,0.66,1000
NHC,20090715,4.51,4.54,4.43,4.47,580842
NHF,20090715,0.88,0.9,0.87,0.9,236235
NHR,20090715,1.26,1.29,1.26,1.29,10450
NIO,20090715,0.018,0.018,0.015,0.016,236182
NKP,20090715,0.225,0.255,0.225,0.25,252404
NMG,20090715,0.15,0.15,0.15,0.15,18500
NMI,20090715,0.058,0.075,0.058,0.075,1856467
NMS,20090715,0.51,0.515,0.5,0.505,1699199
NOD,20090715,0.42,0.43,0.41,0.42,767735
NPX,20090715,1.245,1.26,1.245,1.255,37649
NQM,20090715,0.245,0.245,0.245,0.245,22000
NRT,20090715,0.76,0.76,0.66,0.665,47841
NSE,20090715,0.047,0.047,0.047,0.047,2773
NSL,20090715,0.023,0.027,0.022,0.026,20138462
NSP,20090715,0.25,0.25,0.25,0.25,30000
NTC,20090715,0.145,0.15,0.145,0.15,14800
NTU,20090715,0.21,0.21,0.21,0.21,30000
NUF,20090715,9.16,9.21,9.01,9.1,1445912
NUP,20090715,0.037,0.037,0.036,0.036,487817
NVT,20090715,2.69,2.76,2.68,2.71,46966
NWE,20090715,0.018,0.018,0.017,0.017,249000
NWH,20090715,0.88,0.91,0.88,0.91,211124
NWS,20090715,12.83,12.87,12.75,12.84,1998642
NWT,20090715,0.005,0.005,0.004,0.004,5337166
NXS,20090715,0.325,0.35,0.325,0.335,4145060
NZO,20090715,1.23,1.25,1.23,1.25,82459
OAK,20090715,0.445,0.445,0.43,0.44,139400
OBJ,20090715,0.006,0.006,0.005,0.005,2020000
OBL,20090715,0.013,0.013,0.013,0.013,640
OCP,20090715,1.96,2.05,1.96,2.05,137920
ODG,20090715,0.017,0.018,0.017,0.018,89180
ODY,20090715,0.075,0.075,0.075,0.075,50000
OEC,20090715,0.075,0.075,0.075,0.075,11000
OEL,20090715,0.07,0.072,0.069,0.071,4279313
OEX,20090715,0.145,0.15,0.145,0.15,355413
OFG,20090715,0.41,0.42,0.405,0.405,22509
OGC,20090715,1.07,1.1,1.065,1.08,79642
OHL,20090715,0.001,0.001,0.001,0.001,500
OIF,20090715,0.155,0.16,0.155,0.155,365000
OIL,20090715,0.041,0.041,0.04,0.04,109875
OIP,20090715,0.105,0.115,0.105,0.115,179179
OKJ,20090715,0.08,0.08,0.08,0.08,75000
OKN,20090715,2.08,2.14,2.04,2.09,222275
OLY,20090715,0.022,0.022,0.022,0.022,30500
OMH,20090715,1.34,1.355,1.32,1.355,635560
OMI,20090715,0.16,0.16,0.16,0.16,46827
ORD,20090715,0.03,0.031,0.028,0.03,2111061
ORE,20090715,0.55,0.56,0.485,0.56,90925
ORG,20090715,14.49,14.59,14.43,14.48,2452852
ORI,20090715,20.3,20.85,20.23,20.65,967486
ORL,20090715,3.2,3.2,3.15,3.15,10250
ORP,20090715,0.028,0.028,0.028,0.028,83000
OSH,20090715,5.28,5.33,5.23,5.28,4425962
OST,20090715,2.62,2.66,2.59,2.66,3874318
OZG,20090715,0.14,0.14,0.14,0.14,161500
OZL,20090715,0.93,0.945,0.925,0.94,12694471
PAB,20090715,0.12,0.12,0.11,0.12,674668
PAG,20090715,0.925,0.94,0.905,0.915,1620340
PAN,20090715,2.27,2.41,2.27,2.4,1099211
PBD,20090715,0.33,0.335,0.325,0.325,181280
PBG,20090715,0.995,1,0.895,0.94,7889772
PBP,20090715,2.05,2.08,2.05,2.08,18603
PCL,20090715,0.028,0.028,0.026,0.026,1100000
PDM,20090715,0.041,0.041,0.041,0.041,13678
PDN,20090715,4.53,4.63,4.5,4.59,2497752
PDY,20090715,0.032,0.036,0.032,0.035,23249056
PDZ,20090715,0.12,0.12,0.115,0.115,66250
PEA,20090715,0.31,0.33,0.31,0.325,74000
PEK,20090715,0.026,0.026,0.026,0.026,100000
PEN,20090715,0.029,0.031,0.029,0.03,7301764
PET,20090715,0.55,0.55,0.55,0.55,20000
PFG,20090715,0.12,0.12,0.12,0.12,45500
PFL,20090715,0.715,0.78,0.71,0.78,2408374
PGA,20090715,1.84,1.9,1.795,1.9,248841
PGL,20090715,0.75,0.75,0.75,0.75,102
PGS,20090715,0.098,0.098,0.091,0.091,283000
PHG,20090715,0.09,0.094,0.09,0.094,151000
PHK,20090715,0.13,0.13,0.12,0.12,70000
PLA,20090715,0.9,0.94,0.895,0.93,1598020
PLI,20090715,0.585,0.585,0.575,0.575,21762
PLT,20090715,0.07,0.075,0.07,0.075,253241
PLV,20090715,0.745,0.765,0.74,0.765,55622
PMC,20090715,1.445,1.49,1.445,1.475,16189
PMH,20090715,0.079,0.079,0.079,0.079,50000
PMP,20090715,0.36,0.4,0.36,0.4,361595
PMV,20090715,5.7,5.78,5.7,5.78,64407
PNA,20090715,0.325,0.335,0.325,0.33,26292371
PNN,20090715,0.31,0.325,0.31,0.325,18398
PNO,20090715,0.005,0.005,0.005,0.005,633334
POH,20090715,0.115,0.12,0.115,0.115,491026
POL,20090715,0.245,0.27,0.245,0.25,146636
POS,20090715,0.255,0.255,0.245,0.255,125165
POZ,20090715,0.265,0.265,0.265,0.265,30000
PPC,20090715,1.58,1.61,1.57,1.61,29827
PPI,20090715,0.17,0.17,0.17,0.17,300000
PPP,20090715,0.44,0.45,0.44,0.45,307229
PPS,20090715,0.12,0.12,0.115,0.115,139000
PPT,20090715,27.75,28.5,27.44,28.5,115097
PPX,20090715,0.39,0.4,0.385,0.4,1702152
PPY,20090715,0.45,0.45,0.45,0.45,7000
PRC,20090715,0.915,0.915,0.915,0.915,23200
PRE,20090715,0.011,0.012,0.011,0.011,8575048
PRG,20090715,2.73,2.74,2.72,2.74,133382
PRO,20090715,0.54,0.55,0.54,0.55,55228
PRR,20090715,0.068,0.072,0.064,0.07,17012198
PRT,20090715,0.515,0.515,0.5,0.5,15827
PRU,20090715,0.76,0.78,0.735,0.74,239107
PRV,20090715,0.76,0.76,0.755,0.755,58649
PRW,20090715,0.086,0.097,0.082,0.082,3764347
PRY,20090715,5.29,5.29,5.19,5.22,2613911
PSA,20090715,0.26,0.27,0.26,0.27,12000
PSH,20090715,0.925,0.925,0.92,0.92,18500
PSP,20090715,0.024,0.024,0.024,0.024,100000
PST,20090715,0.3,0.3,0.3,0.3,20000
PSY,20090715,0.275,0.28,0.27,0.27,55603
PTM,20090715,3.89,4.07,3.84,4.07,450838
PTN,20090715,0.083,0.087,0.083,0.087,71982
PTR,20090715,0.315,0.32,0.315,0.315,97045
PVA,20090715,1.95,1.95,1.95,1.95,20000
PVE,20090715,1.37,1.37,1.355,1.37,46635
PWK,20090715,4.32,4.35,4.32,4.35,12390
PXS,20090715,2.46,2.5,2.41,2.5,103390
QAN,20090715,1.955,1.985,1.95,1.97,11545346
QBE,20090715,19.85,19.87,19.57,19.8,3517710
QGM,20090715,0.023,0.023,0.023,0.023,200000
QHL,20090715,0.195,0.2,0.195,0.2,475820
QML,20090715,0.31,0.31,0.31,0.31,37591
QMN,20090715,0.07,0.07,0.07,0.07,68000
QNL,20090715,0.077,0.081,0.072,0.081,147001
QPN,20090715,0.008,0.008,0.008,0.008,200000
QRS,20090715,0.032,0.037,0.032,0.037,274236
QRX,20090715,0.46,0.47,0.46,0.46,35840
QTM,20090715,0.345,0.35,0.3,0.335,361670
QXQ,20090715,0.09,0.09,0.09,0.09,200
RAU,20090715,0.02,0.021,0.02,0.02,852147
RAW,20090715,0.07,0.07,0.07,0.07,69860
RBM,20090715,0.019,0.025,0.019,0.022,64859211
RBX,20090715,0.07,0.07,0.07,0.07,6111
RCG,20090715,0.375,0.38,0.375,0.38,456140
RCI,20090715,0.09,0.09,0.09,0.09,40000
RCR,20090715,0.575,0.585,0.57,0.58,19400
RCT,20090715,1.77,1.77,1.77,1.77,5572
RCU,20090715,0.165,0.165,0.16,0.16,16500
RCY,20090715,0.17,0.17,0.165,0.165,325905
RDF,20090715,2.23,2.25,2.21,2.25,30259
RDM,20090715,0.22,0.23,0.22,0.23,150500
RDR,20090715,0.22,0.23,0.21,0.23,116128
RDS,20090715,0.08,0.08,0.08,0.08,86250
REA,20090715,5.49,5.69,5.39,5.62,49718
RED,20090715,0.069,0.069,0.068,0.068,573000
REF,20090715,0.68,0.68,0.675,0.68,70037
REH,20090715,18.69,19.39,18.69,19.39,4167
RER,20090715,0.036,0.036,0.035,0.035,95000
RES,20090715,0.425,0.45,0.425,0.43,561897
REX,20090715,0.76,0.76,0.76,0.76,22392
REY,20090715,0.13,0.13,0.125,0.125,31266
RFE,20090715,1.17,1.19,1.13,1.15,276065
RFG,20090715,1.78,1.83,1.75,1.79,93185
RFL,20090715,0.07,0.07,0.07,0.07,62695
RGD,20090715,0.26,0.26,0.25,0.26,1606699
RHC,20090715,10.8,10.86,10.7,10.75,369524
RHG,20090715,0.515,0.52,0.51,0.52,326295
RHI,20090715,2.5,2.5,2.5,2.5,100
RHM,20090715,0.085,0.09,0.085,0.09,100000
RIA,20090715,0.11,0.11,0.11,0.11,7000
RIC,20090715,0.88,0.9,0.88,0.88,135606
RIM,20090715,0.02,0.02,0.018,0.018,115000
RIO,20090715,49.95,50.26,49.52,50.08,2720229
RIV,20090715,6.1,6.38,6.07,6.31,674566
RKN,20090715,1.125,1.15,1.1,1.13,691235
RMD,20090715,5.04,5.04,4.96,5,919684
RMG,20090715,0.01,0.01,0.01,0.01,33500
RMS,20090715,0.5,0.5,0.5,0.5,6000
RMT,20090715,0.033,0.034,0.033,0.034,108000
RNC,20090715,0.029,0.031,0.029,0.031,1015659
RNG,20090715,0.023,0.024,0.023,0.024,1265544
RNY,20090715,0.093,0.093,0.093,0.093,37000
ROB,20090715,0.02,0.022,0.02,0.02,630500
ROC,20090715,0.71,0.725,0.71,0.725,2808921
ROG,20090715,0.019,0.02,0.019,0.02,527072
ROL,20090715,0.595,0.6,0.58,0.6,85680
ROY,20090715,0.08,0.08,0.08,0.08,50000
RPX,20090715,0.575,0.58,0.575,0.58,135000
RRA,20090715,0.655,0.655,0.65,0.65,12000
RRL,20090715,0.545,0.55,0.545,0.55,241500
RRS,20090715,0.045,0.045,0.041,0.041,970000
RSG,20090715,0.62,0.685,0.62,0.67,1109285
RSN,20090715,0.003,0.004,0.003,0.004,982683
RUB,20090715,0.02,0.028,0.02,0.028,18950
RUL,20090715,0.7,0.7,0.7,0.7,29521
RUM,20090715,0.085,0.085,0.085,0.085,100000
RVR,20090715,0.068,0.068,0.068,0.068,50000
RXM,20090715,0.48,0.48,0.48,0.48,54861
SAE,20090715,0.09,0.092,0.09,0.092,244103
SAI,20090715,2.84,2.84,2.75,2.82,65104
SAR,20090715,0.18,0.185,0.18,0.18,119000
SAU,20090715,0.105,0.11,0.1,0.11,185739
SAV,20090715,0.12,0.12,0.105,0.105,438263
SAY,20090715,0.1,0.1,0.1,0.1,40000
SBI,20090715,0.1,0.1,0.1,0.1,30648
SBL,20090715,0.018,0.018,0.018,0.018,89000
SBM,20090715,0.185,0.195,0.18,0.19,19830079
SBR,20090715,0.095,0.095,0.095,0.095,14250
SBS,20090715,0.028,0.031,0.028,0.031,2217300
SDG,20090715,0.6,0.655,0.6,0.64,520386
SDL,20090715,0.145,0.15,0.14,0.145,8924231
SDM,20090715,0.91,0.92,0.91,0.92,532962
SEA,20090715,0.08,0.08,0.08,0.08,206000
SEK,20090715,4,4.09,3.96,4.05,1014794
SEN,20090715,0.04,0.04,0.039,0.039,587000
SEV,20090715,5.6,5.74,5.59,5.72,643934
SFH,20090715,0.58,0.58,0.565,0.58,183573
SFP,20090715,0.06,0.06,0.06,0.06,50000
SFR,20090715,1.55,1.56,1.435,1.45,718358
SFY,20090715,38,38.24,37.93,38.03,53134
SGH,20090715,1.625,1.7,1.6,1.695,18700
SGM,20090715,25.59,26.25,25.59,26.04,471933
SGN,20090715,0.6,0.61,0.59,0.61,579806
SGP,20090715,3.2,3.21,3.13,3.19,5439607
SGT,20090715,2.79,2.79,2.73,2.77,2701069
SGX,20090715,4.95,5.05,4.93,5,2022484
SGY,20090715,0.041,0.041,0.037,0.037,57674
SHE,20090715,0.025,0.025,0.025,0.025,152060
SHL,20090715,11.65,11.82,11.62,11.72,934709
SHV,20090715,3.01,3.05,3.01,3.03,38335
SHX,20090715,0.135,0.135,0.135,0.135,37500
SIE,20090715,0.185,0.25,0.185,0.25,372377
SIP,20090715,1.21,1.23,1.2,1.22,2780681
SKC,20090715,2.15,2.15,2.12,2.13,115557
SKE,20090715,1.26,1.28,1.24,1.25,105833
SKI,20090715,1.16,1.16,1.145,1.16,1578952
SLA,20090715,0.22,0.3,0.22,0.3,3596392
SLF,20090715,7,7.08,6.91,6.91,71987
SLM,20090715,3.55,3.55,3.52,3.52,1518
SLR,20090715,0.64,0.655,0.635,0.645,917303
SLT,20090715,0.006,0.006,0.005,0.005,500000
SLV,20090715,1.4,1.4,1.39,1.39,1594
SLX,20090715,6.1,6.15,6.08,6.11,138323
SMA,20090715,0.008,0.008,0.007,0.007,50000
SMC,20090715,0.038,0.038,0.038,0.038,1000
SML,20090715,0.02,0.022,0.02,0.022,790000
SMM,20090715,1.9,1.9,1.9,1.9,14000
SMN,20090715,0.006,0.006,0.006,0.006,366000
SMX,20090715,3.77,3.81,3.66,3.73,278773
SND,20090715,0.3,0.3,0.3,0.3,14000
SOE,20090715,0.08,0.08,0.079,0.079,395640
SOL,20090715,10.25,10.4,10.21,10.24,33266
SOT,20090715,0.41,0.435,0.405,0.415,429265
SPH,20090715,1.05,1.19,1.05,1.19,213291
SPI,20090715,0.105,0.11,0.1,0.1,315000
SPL,20090715,0.33,0.33,0.325,0.33,314276
SPN,20090715,0.765,0.765,0.75,0.76,7112131
SPP,20090715,0.008,0.008,0.008,0.008,63000
SPT,20090715,2.21,2.28,2.15,2.2,381198
SRH,20090715,0.48,0.49,0.48,0.49,18000
SRI,20090715,0.083,0.083,0.073,0.076,1447319
SRK,20090715,0.44,0.44,0.43,0.435,63472
SRL,20090715,2.03,2.08,2.02,2.05,730092
SRR,20090715,0.165,0.175,0.16,0.175,258106
SRV,20090715,2.94,2.94,2.9,2.9,19175
SRX,20090715,4.23,4.23,4.02,4.12,37758
SRZ,20090715,0.039,0.039,0.038,0.038,200000
SSL,20090715,3.35,3.35,3.35,3.35,11000
SSM,20090715,0.305,0.32,0.3,0.3,934777
SSN,20090715,0.03,0.03,0.028,0.028,304042
STI,20090715,0.017,0.019,0.017,0.018,27439878
STO,20090715,13.54,13.65,13.48,13.57,4410972
STS,20090715,0.795,0.8,0.795,0.8,15075
STU,20090715,0.585,0.585,0.585,0.585,6540
STW,20090715,36.55,36.76,36.41,36.67,457598
STX,20090715,0.18,0.185,0.175,0.18,367100
STZ,20090715,0.042,0.042,0.042,0.042,500000
SUL,20090715,3.68,3.69,3.47,3.5,165328
SUN,20090715,6.55,6.63,6.49,6.62,4113475
SUR,20090715,0.07,0.074,0.07,0.074,1013525
SVS,20090715,0.255,0.255,0.255,0.255,20000
SWG,20090715,0.005,0.005,0.004,0.004,2870000
SWK,20090715,0.39,0.395,0.385,0.395,74431
SWN,20090715,0.37,0.37,0.37,0.37,12276
SXM,20090715,0.12,0.13,0.12,0.13,164811
SXX,20090715,0.025,0.025,0.025,0.025,11050
SYG,20090715,0.004,0.004,0.004,0.004,50000
SYM,20090715,0.45,0.475,0.45,0.475,113091
SYS,20090715,0.035,0.036,0.035,0.036,110205
TAH,20090715,7.04,7.07,6.99,7.03,3711192
TAL,20090715,2.6,2.68,2.49,2.51,414790
TAM,20090715,0.036,0.037,0.035,0.035,3858628
TAN,20090715,0.255,0.255,0.255,0.255,20000
TAP,20090715,1.055,1.08,1.055,1.07,149065
TAS,20090715,0.034,0.034,0.034,0.034,200000
TBG,20090715,0.56,0.56,0.56,0.56,7300
TCL,20090715,4.22,4.36,4.15,4.34,3006256
TCN,20090715,0.09,0.09,0.081,0.081,15000
TCQ,20090715,0.175,0.175,0.165,0.17,128461
TDO,20090715,0.1,0.1,0.1,0.1,4000
TDX,20090715,0.026,0.026,0.026,0.026,138300
TEL,20090715,2.14,2.16,2.12,2.16,5755380
TEN,20090715,1.15,1.15,1.105,1.13,1022425
TEU,20090715,0.06,0.06,0.06,0.06,150000
TFC,20090715,1.195,1.195,1.15,1.15,67126
TGF,20090715,0.074,0.074,0.074,0.074,17000
TGG,20090715,0.745,0.75,0.745,0.75,214868
TGP,20090715,0.345,0.345,0.345,0.345,2000
TGR,20090715,1.88,1.89,1.86,1.865,469772
TGS,20090715,0.105,0.11,0.1,0.105,378134
TGX,20090715,0.054,0.054,0.054,0.054,11748
THG,20090715,0.225,0.225,0.22,0.22,278839
THO,20090715,0.58,0.58,0.58,0.58,1249
THX,20090715,0.165,0.165,0.155,0.16,188130
TIS,20090715,0.19,0.19,0.19,0.19,17790
TJN,20090715,0.57,0.57,0.57,0.57,10226
TLM,20090715,0.33,0.33,0.33,0.33,54500
TLS,20090715,3.41,3.45,3.4,3.42,39570121
TNC,20090715,0.005,0.005,0.005,0.005,1000000
TNE,20090715,0.875,0.875,0.87,0.875,16316
TNG,20090715,0.045,0.045,0.044,0.044,80454
TOE,20090715,0.18,0.185,0.18,0.185,955845
TOL,20090715,6.1,6.21,6.08,6.18,2932289
TOX,20090715,1.96,1.96,1.925,1.925,18257
TPX,20090715,2.9,2.9,2.9,2.9,650
TRF,20090715,0.23,0.24,0.22,0.22,67374
TRG,20090715,4.2,4.2,4.11,4.2,12439
TRH,20090715,0.175,0.175,0.175,0.175,33000
TRS,20090715,12.45,12.7,11.9,11.91,56840
TRU,20090715,5.1,5.15,5.1,5.15,12096
TRY,20090715,1.295,1.3,1.275,1.275,79599
TSE,20090715,2.28,2.34,2.26,2.28,1818216
TSF,20090715,0.023,0.023,0.022,0.022,45000
TSI,20090715,1,1,0.955,0.96,427563
TSM,20090715,0.5,0.5,0.5,0.5,187386
TSO,20090715,0.31,0.32,0.305,0.32,6446450
TSV,20090715,0.023,0.023,0.022,0.022,1123351
TTH,20090715,0.012,0.012,0.011,0.011,100000
TTI,20090715,0.026,0.026,0.026,0.026,2592
TTR,20090715,0.062,0.065,0.06,0.06,222500
TTS,20090715,2.46,2.52,2.45,2.52,6540089
TUC,20090715,0.095,0.1,0.095,0.1,47117
TWO,20090715,0.82,0.84,0.795,0.82,49238
TXN,20090715,0.22,0.22,0.22,0.22,15000
TZN,20090715,0.64,0.66,0.64,0.64,85399
UBI,20090715,0.95,0.95,0.95,0.95,22500
UCL,20090715,0.005,0.006,0.005,0.006,149275
UEQ,20090715,0.115,0.12,0.115,0.12,279400
UGL,20090715,10.53,10.8,10.5,10.8,596398
UMC,20090715,0.85,0.89,0.845,0.865,427337
UNI,20090715,0.355,0.355,0.345,0.35,343880
UNO,20090715,0.44,0.465,0.44,0.465,163759
UNX,20090715,0.445,0.45,0.43,0.44,92302
UOG,20090715,0.033,0.033,0.033,0.033,25000
UOS,20090715,0.165,0.165,0.165,0.165,50000
URA,20090715,0.036,0.044,0.036,0.038,852503
URL,20090715,0.016,0.019,0.016,0.019,11380550
URM,20090715,0.04,0.04,0.04,0.04,514175
USA,20090715,0.073,0.074,0.073,0.073,178000
UTO,20090715,0.12,0.12,0.12,0.12,20559
UXA,20090715,0.1,0.1,0.093,0.1,408213
UXC,20090715,0.48,0.48,0.47,0.475,432583
VAS,20090715,50.51,50.78,50.51,50.72,2107
VBA,20090715,0.31,0.315,0.285,0.295,29268985
VCN,20090715,0.097,0.097,0.097,0.097,25000
VGH,20090715,0.62,0.67,0.62,0.63,20946
VIR,20090715,0.27,0.275,0.27,0.27,159684
VLA,20090715,0.032,0.033,0.031,0.032,167126
VMG,20090715,0.22,0.22,0.205,0.215,95135
VML,20090715,0.057,0.057,0.057,0.057,3041
VMS,20090715,0.215,0.22,0.215,0.22,90666
VMT,20090715,0.071,0.071,0.069,0.07,156283
VPE,20090715,0.375,0.38,0.37,0.38,236030
VPG,20090715,0.082,0.085,0.082,0.085,25708440
VRL,20090715,0.93,0.99,0.92,0.92,31124
VSC,20090715,0.2,0.2,0.2,0.2,12769
VTP,20090715,0.775,0.78,0.775,0.78,13225
VWM,20090715,0.175,0.175,0.17,0.17,8500
VXR,20090715,0.055,0.055,0.054,0.054,71667
WAA,20090715,0.86,0.86,0.86,0.86,30500
WAM,20090715,1.025,1.03,1.02,1.02,19700
WAN,20090715,4.7,4.74,4.6,4.63,360524
WAS,20090715,0.014,0.015,0.014,0.015,250000
WBA,20090715,0.56,0.57,0.545,0.57,10003
WBB,20090715,6.96,7,6.9,6.9,37936
WBC,20090715,19.7,19.98,19.66,19.96,6874323
WCB,20090715,1.85,1.85,1.79,1.79,13318
WCL,20090715,0.47,0.48,0.465,0.465,84500
WCU,20090715,0.295,0.32,0.295,0.31,54667
WDC,20090715,11.37,11.46,11.13,11.19,8476623
WDS,20090715,1.47,1.47,1.4,1.47,90900
WEB,20090715,1.24,1.24,1.23,1.24,44600
WEC,20090715,1.98,2.06,1.97,2.02,218203
WES,20090715,23.28,23.5,22.82,22.98,3485531
WFL,20090715,0.52,0.525,0.52,0.52,13202
WFM,20090715,0.072,0.072,0.07,0.07,139780
WGO,20090715,0.14,0.14,0.14,0.14,10000
WGP,20090715,0.029,0.03,0.028,0.028,721550
WGR,20090715,0.25,0.25,0.245,0.245,29980
WHC,20090715,3.01,3.07,3,3.02,196251
WHE,20090715,0.285,0.31,0.285,0.3,166568
WHF,20090715,2.7,2.7,2.55,2.6,16754
WHG,20090715,0.85,0.85,0.83,0.83,334491
WHN,20090715,0.04,0.04,0.039,0.039,577354
WIG,20090715,1,1,1,1,5000
WIL,20090715,0.59,0.615,0.59,0.61,209690
WKR,20090715,0.022,0.022,0.022,0.022,100000
WME,20090715,0.22,0.22,0.215,0.22,202143
WOR,20090715,22.63,22.9,22.34,22.67,833698
WOW,20090715,26.83,27.1,26.65,26.83,3487963
WPG,20090715,0.28,0.28,0.28,0.28,5000
WPL,20090715,40.6,41.17,40.51,40.89,1588817
WRK,20090715,0.275,0.275,0.275,0.275,56600
WSA,20090715,5.56,5.73,5.56,5.62,1028649
WTF,20090715,4.45,4.45,4.31,4.35,343908
WTP,20090715,1.39,1.445,1.38,1.44,95266
WWA,20090715,2.19,2.2,2.19,2.2,33366
WYL,20090715,0.68,0.68,0.63,0.63,118378
XAF,20090715,3930.8,3930.8,3930.8,3930.8,0
XAO,20090715,3863.6,3921.8,3862.4,3917.5,0
XAT,20090715,392620,392620,392620,392620,0
XBW,20090715,401.88,401.88,401.88,401.88,0
XCD,20090715,0.04,0.04,0.04,0.04,27000
XDJ,20090715,1282,1303.5,1281.9,1299.5,0
XEJ,20090715,13901.1,14191.5,13901.1,14167,0
XEN,20090715,0.125,0.13,0.125,0.125,411000
XFJ,20090715,3683.5,3731.9,3679.7,3726.1,0
XFL,20090715,3896.1,3949.3,3894.4,3942.4,0
XGD,20090715,4890.4,4890.4,4890.4,4890.4,0
XHJ,20090715,7667.6,7748.9,7643.7,7690.8,0
XIJ,20090715,507.4,530.7,506,530.7,0
XJO,20090715,3871.9,3930.2,3870.6,3924.5,0
XKO,20090715,3866.4,3924.3,3865.1,3918.7,0
XMD,20090715,3470.4,3546.6,3470.4,3546.6,0
XMJ,20090715,9804.1,9982.8,9800.7,9982.8,0
XMM,20090715,3562.4,3562.4,3562.4,3562.4,0
XNJ,20090715,2892.1,2973.4,2892.1,2971.2,0
XPJ,20090715,745.8,760.8,745.7,752.2,0
XRF,20090715,0.11,0.11,0.11,0.11,130000
XSJ,20090715,6712.6,6826.2,6712.4,6755.5,0
XSO,20090715,2023.7,2067.5,2023.6,2064,0
XST,20090715,0.04,0.04,0.04,0.04,0
XTJ,20090715,1178.8,1191.2,1175.8,1183.1,0
XTL,20090715,2351.1,2380.5,2349.9,2375.3,0
XTO,20090715,3174.7,3220.8,3173.6,3216.1,0
XUJ,20090715,4049.1,4075.6,4031.8,4060.6,0
XXJ,20090715,4239,4290.9,4233.8,4290.4,0
YRR,20090715,0.052,0.052,0.052,0.052,86746
YTC,20090715,0.215,0.215,0.21,0.21,36300
ZGM,20090715,0.028,0.028,0.028,0.028,100000
ZNC,20090715,0.031,0.031,0.031,0.031,10096
ZYL,20090715,0.019,0.019,0.018,0.018,1264774
