1AD,20170403,0.22,0.23,0.22,0.23,20000
3DP,20170403,0.033,0.033,0.03,0.03,618543
3PL,20170403,0.985,0.985,0.96,0.98,748222
4CE,20170403,0.026,0.026,0.024,0.024,1093500
4DS,20170403,0.024,0.024,0.022,0.022,600000
4WD,20170403,0.85,0.85,0.835,0.835,12791
88E,20170403,0.041,0.042,0.041,0.041,6063398
8EC,20170403,1.01,1.01,1.005,1.01,125000
8IH,20170403,0.6,0.6,0.6,0.6,16980
9SP,20170403,0.165,0.165,0.165,0.165,20968
A2M,20170403,2.75,2.84,2.74,2.78,6128445
A3D,20170403,2.3,2.3,2.2,2.28,45015
AAA,20170403,50.09,50.09,50.08,50.08,83810
AAC,20170403,1.665,1.7,1.635,1.655,1596167
AAD,20170403,1.84,1.845,1.82,1.83,1969205
AAJ,20170403,0.01,0.01,0.01,0.01,700001
AAR,20170403,0.031,0.034,0.031,0.034,470427
AB1,20170403,0.036,0.039,0.036,0.039,374023
ABA,20170403,5.21,5.25,5.21,5.25,3936
ABC,20170403,5.69,5.69,5.63,5.65,884053
ABL,20170403,0.008,0.008,0.008,0.008,20650
ABP,20170403,3.25,3.28,3.23,3.27,766481
ABU,20170403,0.105,0.105,0.105,0.105,17400
ABX,20170403,0.125,0.125,0.125,0.125,2888
AC8,20170403,0.9,0.905,0.865,0.88,1262735
ACB,20170403,0.061,0.062,0.059,0.059,116035
ACG,20170403,0.058,0.058,0.058,0.058,330000
ACL,20170403,0.011,0.011,0.011,0.011,30000
ACQ,20170403,0.99,0.99,0.99,0.99,100
ACR,20170403,0.29,0.29,0.28,0.29,85007
ACU,20170403,0.015,0.015,0.015,0.015,200000
ACW,20170403,0.065,0.065,0.063,0.063,95500
ACX,20170403,3.9,3.93,3.825,3.84,258575
AD1,20170403,0.2,0.2,0.2,0.2,87000
ADA,20170403,2.42,2.46,2.42,2.42,67568
ADD,20170403,0.013,0.013,0.013,0.013,2417
ADH,20170403,1.14,1.145,1.12,1.14,82435
ADJ,20170403,0.065,0.066,0.065,0.066,518490
ADN,20170403,0.01,0.01,0.01,0.01,399398
ADO,20170403,0.032,0.033,0.032,0.033,450116
ADR,20170403,0.18,0.19,0.18,0.18,62080
ADV,20170403,0.02,0.021,0.019,0.019,6814299
ADX,20170403,0.014,0.014,0.014,0.014,330348
ADY,20170403,0.009,0.009,0.009,0.009,6000
AEB,20170403,0.052,0.055,0.052,0.053,312874
AEF,20170403,91,91,88,88,351
AEG,20170403,1.02,1.025,1.015,1.02,81788
AEV,20170403,0.091,0.094,0.09,0.09,28488
AFA,20170403,0.185,0.19,0.185,0.19,5305
AFG,20170403,1.35,1.355,1.335,1.34,262636
AFI,20170403,5.76,5.8,5.75,5.78,294316
AFP,20170403,2.44,2.44,2.44,2.44,210
AFY,20170403,2.15,2.15,2.08,2.13,114732
AGD,20170403,0.18,0.18,0.18,0.18,72000
AGE,20170403,0.013,0.013,0.013,0.013,923813
AGI,20170403,1.84,1.87,1.825,1.87,195154
AGL,20170403,26.32,26.33,26.03,26.14,2225872
AGO,20170403,0.029,0.029,0.028,0.029,32705149
AGR,20170403,0.1,0.1,0.097,0.097,2909003
AGS,20170403,0.095,0.1,0.095,0.099,1752231
AGY,20170403,0.041,0.045,0.041,0.045,3911081
AHF,20170403,0.15,0.15,0.145,0.145,237370
AHG,20170403,4.15,4.15,4.09,4.11,523422
AHL,20170403,0.041,0.041,0.041,0.041,276851
AHN,20170403,0.031,0.031,0.031,0.031,96007
AHQ,20170403,0.025,0.025,0.025,0.025,500000
AHY,20170403,1.745,1.745,1.67,1.685,1715645
AHZ,20170403,0.335,0.34,0.33,0.33,138352
AIA,20170403,6.2,6.28,6.2,6.25,17858
AIK,20170403,0.155,0.155,0.15,0.15,2215457
AIS,20170403,0.042,0.051,0.041,0.051,108778
AIZ,20170403,2.22,2.25,2.21,2.21,121537
AJA,20170403,6.43,6.6,6.41,6.41,51871
AJD,20170403,1.53,1.53,1.53,1.53,816
AJL,20170403,0.305,0.31,0.305,0.31,86289
AJM,20170403,0.155,0.155,0.15,0.15,739165
AJQ,20170403,0.095,0.095,0.095,0.095,184862
AJX,20170403,0.54,0.56,0.525,0.53,806779
AKK,20170403,0.005,0.005,0.004,0.004,355000
AKM,20170403,0.025,0.025,0.025,0.025,350000
AKP,20170403,15.49,15.49,14.9,14.9,3307
ALC,20170403,0.073,0.073,0.073,0.073,249506
ALF,20170403,1.29,1.29,1.265,1.265,274080
ALI,20170403,1.73,1.73,1.725,1.73,48484
ALK,20170403,0.285,0.29,0.28,0.285,178912
ALL,20170403,18.06,18.12,17.9,18.12,1622859
ALQ,20170403,6.12,6.19,6.04,6.09,1558970
ALR,20170403,1.16,1.16,1.15,1.15,82491
ALU,20170403,7.59,7.65,7.46,7.53,171899
AMA,20170403,1.04,1.055,1.035,1.04,98465
AMC,20170403,15.05,15.19,14.92,15.08,2236315
AMI,20170403,0.22,0.225,0.22,0.22,23303
AML,20170403,0.185,0.185,0.185,0.185,20000
AMN,20170403,0.58,0.58,0.58,0.58,10000
AMP,20170403,5.18,5.2,5.12,5.16,18206219
ANG,20170403,0.165,0.17,0.165,0.17,425000
ANL,20170403,0.026,0.027,0.026,0.026,268146
ANN,20170403,24,24.21,23.83,24.02,256336
ANO,20170403,0.027,0.027,0.027,0.027,560000
ANP,20170403,0.038,0.038,0.035,0.035,220168
ANQ,20170403,0.002,0.002,0.002,0.002,450000
ANR,20170403,1.15,1.175,1.15,1.175,12080
ANW,20170403,0.009,0.009,0.009,0.009,3251999
ANZ,20170403,31.72,32.02,31.51,31.97,3936289
AOD,20170403,0.7,0.7,0.69,0.69,14976
AOF,20170403,2.09,2.1,2.08,2.08,10986
AOG,20170403,3.2,3.21,3.17,3.18,2405709
AOH,20170403,0.155,0.155,0.15,0.15,438962
AOK,20170403,0.029,0.029,0.028,0.028,320000
AON,20170403,0.235,0.245,0.23,0.23,162998
AOP,20170403,0.086,0.086,0.08,0.08,698750
AOU,20170403,0.25,0.25,0.235,0.24,576270
APA,20170403,8.98,9,8.88,8.98,1476269
APC,20170403,0.13,0.145,0.13,0.145,1630753
APE,20170403,9.09,9.09,8.99,8.99,64160
APG,20170403,0.009,0.009,0.009,0.009,200000
API,20170403,2.05,2.07,2.01,2.02,1344626
APL,20170403,1.145,1.16,1.145,1.155,396987
APN,20170403,2.75,2.77,2.73,2.74,452674
APO,20170403,5.7,5.72,5.62,5.64,743167
APW,20170403,1.535,1.535,1.5,1.525,72013
APX,20170403,2.68,2.69,2.64,2.64,180015
APY,20170403,0.012,0.012,0.012,0.012,83000
APZ,20170403,1.015,1.015,1.015,1.015,98242
AQC,20170403,0.012,0.012,0.011,0.011,11860731
AQD,20170403,0.013,0.013,0.012,0.012,150000
AQF,20170403,1.95,1.95,1.95,1.95,932
AQG,20170403,2.6,2.68,2.6,2.68,284944
AQI,20170403,0.19,0.19,0.185,0.185,93000
AQQ,20170403,0.027,0.028,0.027,0.028,934309
AQX,20170403,0.042,0.043,0.041,0.043,128681
AQZ,20170403,0.71,0.71,0.685,0.71,105834
AR1,20170403,0.015,0.015,0.015,0.015,35000
ARA,20170403,0.75,0.75,0.74,0.75,112312
ARB,20170403,14.8,14.88,14.47,14.58,364180
ARD,20170403,0.042,0.043,0.041,0.041,490562
ARE,20170403,0.01,0.012,0.01,0.01,38229104
ARF,20170403,2.13,2.13,2.11,2.11,50223
ARG,20170403,7.55,7.56,7.52,7.53,121281
ARL,20170403,0.53,0.55,0.53,0.545,210165
ARO,20170403,0.002,0.002,0.002,0.002,1500000
ARU,20170403,0.075,0.076,0.075,0.075,352446
ARV,20170403,0.11,0.11,0.105,0.105,219624
ASB,20170403,1.73,1.74,1.695,1.71,221599
ASG,20170403,2.54,2.54,2.45,2.49,266140
ASH,20170403,0.063,0.063,0.063,0.063,100000
ASL,20170403,1.42,1.435,1.405,1.435,159028
ASN,20170403,0.048,0.048,0.045,0.045,2193966
ASP,20170403,0.008,0.008,0.008,0.008,1000000
AST,20170403,1.68,1.695,1.67,1.67,2956249
ASW,20170403,0.83,0.845,0.83,0.845,2800
ASX,20170403,50.35,50.46,49.92,50,406554
ATC,20170403,0.14,0.14,0.135,0.135,791247
ATL,20170403,1.43,1.43,1.415,1.43,1249
ATS,20170403,0.275,0.275,0.27,0.27,154466
AU1,20170403,0.031,0.031,0.029,0.029,1082000
AUB,20170403,11.66,11.7,11.35,11.44,71258
AUC,20170403,0.025,0.025,0.025,0.025,8000
AUF,20170403,1.27,1.27,1.27,1.27,22304
AUI,20170403,7.83,7.83,7.81,7.81,6036
AUQ,20170403,0.018,0.018,0.018,0.018,950896
AUST,20170403,15.9,15.9,15.86,15.88,5593
AUZ,20170403,0.021,0.022,0.019,0.019,16713877
AVB,20170403,0.12,0.12,0.117,0.12,122572
AVG,20170403,0.45,0.45,0.44,0.44,218243
AVH,20170403,0.105,0.105,0.097,0.097,108867
AVJ,20170403,0.62,0.62,0.615,0.615,21026
AVL,20170403,0.018,0.018,0.016,0.016,1506589
AVN,20170403,2.4,2.4,2.3,2.33,207939
AVQ,20170403,0.16,0.16,0.157,0.157,342985
AVZ,20170403,0.026,0.027,0.025,0.027,2702901
AWC,20170403,1.785,1.815,1.775,1.795,6772634
AWE,20170403,0.495,0.5,0.495,0.495,1619601
AWQ,20170403,0.95,0.95,0.94,0.95,111269
AWV,20170403,0.105,0.105,0.098,0.1,1713209
AWY,20170403,0.036,0.036,0.035,0.035,58741
AXE,20170403,0.069,0.069,0.069,0.069,50538
AXL,20170403,1.59,1.59,1.59,1.59,15000
AXP,20170403,0.865,0.915,0.86,0.88,81056
AXZ,20170403,0.445,0.445,0.445,0.445,2350
AYF,20170403,6.04,6.04,6.04,6.04,6400
AYM,20170403,0.004,0.004,0.004,0.004,250000
AYR,20170403,0.007,0.007,0.006,0.006,8594876
AYS,20170403,1.9,1.9,1.79,1.895,628705
AZJ,20170403,5.19,5.31,5.175,5.19,3640885
AZM,20170403,0.03,0.03,0.03,0.03,50000
AZS,20170403,0.016,0.016,0.016,0.016,795110
AZV,20170403,0.105,0.11,0.105,0.11,155555
AZY,20170403,0.018,0.019,0.017,0.019,625845
BAF,20170403,1.15,1.15,1.13,1.14,207809
BAL,20170403,4.21,4.25,4.15,4.21,752752
BAP,20170403,5.83,5.83,5.69,5.74,1193857
BAR,20170403,0.069,0.069,0.065,0.067,108584
BAS,20170403,0.002,0.002,0.002,0.002,490000
BAT,20170403,0.088,0.092,0.088,0.091,3418506
BAU,20170403,0.073,0.073,0.073,0.073,4684
BBG,20170403,1.235,1.28,1.235,1.28,27983
BBN,20170403,2.05,2.06,2,2.03,600300
BBOZ,20170403,16.91,17.1,16.85,16.86,43737
BBUS,20170403,7.54,7.54,7.5,7.5,6400
BCI,20170403,0.18,0.185,0.18,0.18,1114941
BCK,20170403,0.027,0.027,0.027,0.027,65
BCL,20170403,0.58,0.59,0.58,0.59,10960
BD1,20170403,0.037,0.038,0.036,0.037,2002779
BDA,20170403,0.31,0.35,0.28,0.31,22111143
BDR,20170403,0.29,0.3,0.29,0.29,4189933
BEAR,20170403,14.7,14.7,14.65,14.66,13525
BEL,20170403,0.14,0.14,0.135,0.135,15559
BEN,20170403,12.14,12.18,11.86,11.98,2271905
BFC,20170403,0.265,0.27,0.26,0.26,266214
BFG,20170403,0.645,0.65,0.64,0.65,108407
BGA,20170403,6.3,6.31,6.23,6.23,295359
BGG,20170403,0.035,0.035,0.033,0.033,785905
BGS,20170403,0.275,0.275,0.26,0.26,335635
BHP,20170403,23.85,24.03,23.65,24,5902712
BID,20170403,0.029,0.029,0.027,0.027,297365
BIG,20170403,0.405,0.41,0.38,0.4,639769
BIT,20170403,0.035,0.036,0.035,0.036,31278
BKI,20170403,1.605,1.61,1.595,1.61,228744
BKL,20170403,112.41,112.5,109.84,109.98,56093
BKN,20170403,3.25,3.26,3.24,3.26,34433
BKP,20170403,0.002,0.002,0.001,0.001,2475000
BKW,20170403,14.5,14.71,14.17,14.65,191608
BKY,20170403,0.78,0.782,0.755,0.775,420192
BLA,20170403,7.91,8,7.9,8,44907
BLD,20170403,5.82,5.85,5.77,5.8,4803571
BLG,20170403,0.275,0.285,0.275,0.275,26023
BLK,20170403,0.44,0.48,0.405,0.42,9583471
BLT,20170403,0.18,0.2,0.18,0.18,459361
BLX,20170403,1.75,1.8,1.75,1.79,863198
BLY,20170403,0.077,0.077,0.056,0.06,8810773
BLZ,20170403,0.031,0.031,0.031,0.031,225000
BMG,20170403,0.011,0.011,0.011,0.011,1281917
BMH,20170403,0.21,0.21,0.21,0.21,10000
BML,20170403,0.002,0.002,0.002,0.002,25000
BMN,20170403,0.055,0.055,0.052,0.052,656420
BMP,20170403,0.31,0.31,0.31,0.31,33860
BMT,20170403,0.21,0.21,0.205,0.205,98734
BMZ,20170403,0.043,0.045,0.043,0.045,54000
BNO,20170403,0.38,0.39,0.365,0.37,316114
BNR,20170403,0.031,0.031,0.031,0.031,102000
BOE,20170403,0.08,0.08,0.077,0.078,227147
BOL,20170403,0.115,0.115,0.115,0.115,176907
BOND,20170403,25.6,25.6,25.6,25.6,20
BOQ,20170403,12.17,12.285,12.07,12.22,2780571
BPA,20170403,7.58,7.58,7.58,7.58,177
BPF,20170403,0.195,0.195,0.195,0.195,20022
BPL,20170403,0.04,0.04,0.036,0.036,663389
BPS,20170403,0.9,0.945,0.9,0.945,2794
BPT,20170403,0.8,0.81,0.78,0.79,4942601
BRB,20170403,0.562,0.562,0.54,0.54,230500
BRC,20170403,0.09,0.09,0.09,0.09,91433
BRG,20170403,10.28,10.33,10.07,10.11,263490
BRK,20170403,0.013,0.013,0.013,0.013,443148
BRL,20170403,0.074,0.074,0.074,0.074,117600
BRN,20170403,0.27,0.275,0.27,0.27,343082
BRU,20170403,0.17,0.175,0.17,0.175,80599
BSA,20170403,0.355,0.355,0.355,0.355,435626
BSE,20170403,0.295,0.295,0.28,0.295,216365
BSL,20170403,12.31,12.32,11.72,11.93,3827289
BSM,20170403,0.013,0.013,0.013,0.013,3526151
BSP,20170403,0.002,0.002,0.002,0.002,300000
BSR,20170403,0.021,0.021,0.021,0.021,240000
BSX,20170403,0.185,0.185,0.185,0.185,7000
BTH,20170403,0.225,0.23,0.22,0.23,338773
BTI,20170403,0.985,0.985,0.97,0.975,175000
BTT,20170403,10,10.09,9.92,10.04,355965
BUB,20170403,0.19,0.19,0.175,0.18,2518385
BUD,20170403,0.064,0.065,0.064,0.064,71082
BUG,20170403,0.35,0.36,0.35,0.355,294023
BUL,20170403,0.054,0.054,0.05,0.05,1172694
BUX,20170403,0.24,0.24,0.235,0.24,99689
BUY,20170403,0.008,0.008,0.008,0.008,2000000
BVS,20170403,1.4,1.4,1.4,1.4,10526
BWF,20170403,0.97,0.97,0.92,0.97,86635
BWP,20170403,2.85,2.87,2.85,2.85,601138
BWR,20170403,1.15,1.15,1.15,1.15,5354
BWX,20170403,4.91,4.94,4.81,4.85,130091
BXB,20170403,9.38,9.46,9.33,9.4,3585554
BYE,20170403,0.11,0.11,0.11,0.11,699309
BYL,20170403,0.105,0.105,0.105,0.105,3507
CA8,20170403,0.2,0.225,0.2,0.225,20000
CAA,20170403,0.175,0.18,0.175,0.177,848292
CAB,20170403,3.03,3.06,2.95,2.96,394883
CAD,20170403,0.003,0.004,0.003,0.004,48095783
CAE,20170403,0.03,0.03,0.025,0.026,1616033
CAF,20170403,0.64,0.64,0.64,0.64,35000
CAJ,20170403,0.17,0.18,0.165,0.165,4308076
CAM,20170403,0.89,0.9,0.89,0.9,94647
CAP,20170403,0.067,0.068,0.065,0.067,30338
CAR,20170403,11.1,11.15,11.03,11.14,458454
CAS,20170403,0.11,0.11,0.102,0.105,64964
CAT,20170403,2.25,2.34,2.22,2.25,525165
CAV,20170403,0.01,0.01,0.01,0.01,119554
CAY,20170403,0.08,0.08,0.08,0.08,20141
CAZ,20170403,0.053,0.053,0.047,0.05,113931
CBA,20170403,85.43,86.44,85.26,86.39,1753298
CBC,20170403,0.9,0.9,0.9,0.9,2095
CBL,20170403,3.14,3.24,3.14,3.24,12893
CCA,20170403,0.8,0.8,0.77,0.77,22700
CCE,20170403,0.072,0.073,0.071,0.072,3673184
CCL,20170403,10.76,10.81,10.56,10.63,1761238
CCP,20170403,17.28,17.5,17.09,17.14,173450
CCV,20170403,0.315,0.32,0.315,0.315,216241
CDA,20170403,1.975,2.04,1.975,2.02,162486
CDD,20170403,1.32,1.345,1.3,1.34,399220
CDM,20170403,1.31,1.31,1.295,1.295,198027
CDP,20170403,8,8.08,8,8.05,11334
CDV,20170403,0.54,0.54,0.495,0.525,743488
CDY,20170403,0.038,0.04,0.037,0.038,14303577
CEL,20170403,0.029,0.057,0.029,0.046,37709719
CETF,20170403,51.81,51.81,51.81,51.81,0
CFE,20170403,0.037,0.037,0.035,0.035,815212
CFO,20170403,0.46,0.46,0.43,0.43,147395
CGA,20170403,1.29,1.29,1.25,1.26,39000
CGC,20170403,4.37,4.37,4.28,4.28,629300
CGF,20170403,12.55,12.55,12.35,12.49,1128787
CGL,20170403,4.58,4.58,4.54,4.54,2500
CGN,20170403,0.027,0.027,0.027,0.027,161060
CGR,20170403,0.265,0.265,0.265,0.265,1047280
CGS,20170403,1.02,1.02,0.98,0.98,6950
CHC,20170403,5.53,5.6,5.53,5.6,1394630
CHK,20170403,0.02,0.02,0.019,0.019,1225953
CHP,20170403,0.015,0.015,0.015,0.015,100000
CHR,20170403,3.1,3.1,3.1,3.1,40
CHZ,20170403,0.055,0.06,0.055,0.055,518976
CIA,20170403,1.005,1.02,0.99,0.99,35671
CIE,20170403,0.97,0.97,0.96,0.96,49553
CIM,20170403,35.72,36.19,35.67,36.01,238995
CIN,20170403,31.55,31.6,31.35,31.35,7202
CIO,20170403,0.028,0.028,0.027,0.027,538851
CIP,20170403,2.48,2.49,2.45,2.45,97223
CKA,20170403,0.027,0.027,0.026,0.026,93271
CKF,20170403,5.18,5.24,5.15,5.2,507273
CL1,20170403,2.91,2.96,2.88,2.96,93295
CL8,20170403,0.026,0.026,0.025,0.025,694881
CLA,20170403,0.043,0.044,0.042,0.043,7228717
CLH,20170403,1.43,1.47,1.43,1.45,241097
CLQ,20170403,0.98,0.98,0.94,0.94,485683
CLW,20170403,3.98,3.98,3.96,3.98,149187
CLY,20170403,0.003,0.003,0.003,0.003,400000
CLZ,20170403,0.015,0.016,0.015,0.016,472000
CM8,20170403,0.125,0.125,0.125,0.125,19172
CMM,20170403,0.125,0.13,0.125,0.125,457743
CMP,20170403,0.53,0.535,0.53,0.535,32477
CMW,20170403,0.96,0.965,0.955,0.96,2473617
CMY,20170403,0.01,0.01,0.009,0.009,5084741
CND,20170403,0.095,0.095,0.095,0.095,10993
CNI,20170403,1.145,1.145,1.125,1.14,110653
CNJ,20170403,0.05,0.052,0.049,0.049,471472
CNQ,20170403,0.015,0.016,0.015,0.016,462334
CNU,20170403,3.95,3.95,3.84,3.86,746710
CNW,20170403,0.022,0.022,0.022,0.022,1063500
COB,20170403,0.25,0.26,0.24,0.245,551317
COE,20170403,0.37,0.39,0.37,0.375,8657417
COH,20170403,136,136.75,135.12,136.06,87612
COI,20170403,0.12,0.135,0.115,0.135,730503
COM,20170403,0.016,0.016,0.016,0.016,27664
COO,20170403,0.05,0.05,0.05,0.05,22000
COY,20170403,0.022,0.022,0.022,0.022,50000
CPH,20170403,0.77,0.785,0.75,0.755,1185881
CPU,20170403,14,14.125,13.945,14.04,627639
CQR,20170403,4.32,4.4,4.32,4.37,992773
CR8,20170403,0.038,0.04,0.037,0.038,2141636
CRL,20170403,0.063,0.064,0.059,0.059,1787711
CSL,20170403,125,126.49,124.5,126.23,596624
CSR,20170403,4.5,4.535,4.46,4.51,2012081
CSS,20170403,0.033,0.033,0.031,0.031,488683
CSV,20170403,0.465,0.47,0.445,0.465,175939
CTD,20170403,19.98,20.06,19.75,20.01,173808
CTL,20170403,0.013,0.014,0.013,0.013,236000
CTM,20170403,0.008,0.009,0.008,0.009,5422460
CTN,20170403,1,1,0.985,0.985,75706
CTO,20170403,0.011,0.011,0.011,0.011,400000
CTP,20170403,0.2,0.205,0.2,0.2,1505527
CTX,20170403,29.4,29.67,29.335,29.52,820734
CUA,20170403,2.24,2.26,2.22,2.25,28706
CUE,20170403,0.066,0.066,0.064,0.066,226069
CUP,20170403,0.7,0.7,0.685,0.685,46161
CUV,20170403,6.95,7.07,6.9,7.06,7900
CUX,20170403,0.005,0.008,0.005,0.008,135700
CV1,20170403,0.105,0.105,0.1,0.1,33893
CVN,20170403,0.1,0.1,0.097,0.097,317600
CVO,20170403,1.95,1.95,1.945,1.945,12446012
CVT,20170403,0.042,0.043,0.041,0.042,705666
CVW,20170403,1.33,1.33,1.31,1.33,76042
CWN,20170403,11.8,11.84,11.75,11.83,802597
CWP,20170403,5.58,5.58,5.51,5.58,31771
CWY,20170403,1.19,1.21,1.19,1.195,1437372
CXM,20170403,0.07,0.07,0.065,0.065,12285
CXO,20170403,0.077,0.078,0.076,0.077,875823
CXU,20170403,0.052,0.052,0.052,0.052,63347
CXX,20170403,0.31,0.31,0.31,0.31,360000
CXZ,20170403,0.085,0.085,0.085,0.085,22175
CYB,20170403,4.51,4.63,4.5,4.61,2276925
CYG,20170403,0.67,0.7,0.66,0.66,173912
CYL,20170403,0.56,0.56,0.56,0.56,38552
CYP,20170403,0.49,0.49,0.455,0.455,298624
CYU,20170403,0.006,0.006,0.006,0.006,5164
CYY,20170403,0.019,0.019,0.018,0.018,378000
CZI,20170403,0.072,0.075,0.066,0.066,2206381
CZL,20170403,0.023,0.023,0.023,0.023,212639
CZN,20170403,0.027,0.027,0.024,0.024,5762675
CZZ,20170403,14.05,14.2,14,14.17,19226
D13,20170403,0.15,0.15,0.145,0.145,404053
D2O,20170403,1.05,1.05,1.05,1.05,5000
DAU,20170403,0.028,0.028,0.027,0.027,96980
DCC,20170403,0.039,0.039,0.038,0.039,507777
DCG,20170403,0.945,0.955,0.94,0.95,68559
DCN,20170403,1.99,2.01,1.96,1.995,190459
DDD,20170403,0.004,0.004,0.004,0.004,2750000
DDR,20170403,2.29,2.33,2.24,2.25,235530
DDT,20170403,0.011,0.011,0.011,0.011,359210
DEG,20170403,0.072,0.073,0.064,0.064,1054975
DFM,20170403,0.84,0.855,0.83,0.855,84042
DGH,20170403,1.03,1.04,1.03,1.04,2257
DGR,20170403,0.15,0.15,0.15,0.15,216058
DIV,20170403,20.59,20.59,20.59,20.59,43
DJRE,20170403,20.8,20.8,20.37,20.5,16137
DJW,20170403,3.7,3.71,3.69,3.71,88131
DKM,20170403,0.18,0.18,0.18,0.18,7136
DKO,20170403,0.055,0.055,0.053,0.054,903809
DLX,20170403,6.51,6.6,6.5,6.53,1143609
DM1,20170403,0.05,0.05,0.05,0.05,193000
DMC,20170403,0.12,0.12,0.11,0.11,420000
DMP,20170403,57.59,58.39,57.59,58.22,188428
DN8,20170403,0.225,0.23,0.215,0.215,12000
DNA,20170403,0.395,0.405,0.395,0.395,1319615
DNK,20170403,0.68,0.7,0.67,0.68,264186
DOW,20170403,5.77,5.78,5.61,5.63,5161542
DRA,20170403,0.28,0.29,0.28,0.285,289186
DRG,20170403,0.038,0.038,0.036,0.036,514212
DRM,20170403,0.35,0.36,0.327,0.33,2199076
DRO,20170403,0.375,0.375,0.35,0.35,3184
DRX,20170403,0.009,0.009,0.008,0.008,801640
DSE,20170403,0.076,0.076,0.074,0.074,120000
DTI,20170403,0.27,0.27,0.26,0.26,65392
DTL,20170403,1.66,1.665,1.63,1.635,124831
DTM,20170403,0.009,0.01,0.009,0.01,200000
DTR,20170403,0.039,0.039,0.038,0.038,280000
DTS,20170403,0.255,0.255,0.255,0.255,50000
DTX,20170403,0.26,0.28,0.25,0.28,73293
DTZ,20170403,0.28,0.28,0.265,0.275,230148
DUB,20170403,0.36,0.37,0.355,0.355,53900
DUE,20170403,2.79,2.82,2.78,2.78,4469158
DUI,20170403,3.64,3.65,3.64,3.64,39148
DVL,20170403,0.405,0.42,0.4,0.42,74691
DVN,20170403,0.42,0.42,0.42,0.42,17500
DW8,20170403,0.02,0.02,0.019,0.019,398970
DWS,20170403,1.595,1.6,1.55,1.6,112758
DXB,20170403,0.006,0.006,0.006,0.006,200000
DXS,20170403,9.78,9.86,9.75,9.85,1626224
DYE,20170403,0.24,0.24,0.23,0.23,87748
DYL,20170403,0.305,0.305,0.29,0.29,116456
EAI,20170403,0.88,0.89,0.87,0.875,287500
EAR,20170403,0.19,0.19,0.175,0.18,143768
EAX,20170403,0.79,0.79,0.79,0.79,9896
EBG,20170403,0.91,0.91,0.91,0.91,31140
ECX,20170403,3.89,3.94,3.88,3.91,944967
EDC,20170403,1.07,1.07,1.07,1.07,777
EDE,20170403,0.315,0.34,0.31,0.335,9432486
EER,20170403,0.007,0.007,0.007,0.007,10000
EGG,20170403,0.985,1,0.985,1,6520
EGH,20170403,0.41,0.41,0.405,0.405,60458
EGI,20170403,0.96,0.96,0.95,0.95,31785
EGO,20170403,0.215,0.215,0.21,0.21,10644
EGS,20170403,0.38,0.38,0.37,0.375,89130
EGY,20170403,0.006,0.006,0.006,0.006,2100
EHE,20170403,3.06,3.1,3.06,3.07,989883
EHL,20170403,0.083,0.083,0.079,0.083,1338969
ELD,20170403,4.54,4.55,4.48,4.51,700663
ELK,20170403,0.072,0.072,0.07,0.072,196829
ELT,20170403,0.007,0.007,0.007,0.007,403846
ELX,20170403,1.1,1.12,1.07,1.08,103146
EMC,20170403,0.845,0.895,0.84,0.86,322789
EME,20170403,0.11,0.11,0.11,0.11,20000
EMG,20170403,0.01,0.01,0.01,0.01,304097
EMH,20170403,1.3,1.39,1.3,1.39,119681
EML,20170403,1.55,1.59,1.55,1.58,1437968
EMR,20170403,0.047,0.048,0.046,0.046,868186
EMU,20170403,0.19,0.19,0.17,0.17,105094
EMX,20170403,0.045,0.045,0.045,0.045,319922
ENB,20170403,0.009,0.01,0.009,0.01,950000
ENN,20170403,2.12,2.12,2.1,2.12,13399
ENT,20170403,0.021,0.022,0.021,0.022,83611
ENZ,20170403,0.085,0.085,0.085,0.085,5000
EOR,20170403,0.01,0.01,0.01,0.01,248005
EOS,20170403,2.62,2.83,2.62,2.71,249508
EPD,20170403,0.445,0.45,0.445,0.445,151353
EPM,20170403,0.006,0.006,0.006,0.006,5217059
EPT,20170403,0.037,0.038,0.034,0.038,3595133
EPW,20170403,1.305,1.34,1.285,1.34,1110661
EQE,20170403,0.014,0.014,0.013,0.013,2672361
EQT,20170403,17.7,17.97,17.6,17.75,14298
EQU,20170403,0.155,0.16,0.15,0.15,1161789
EQX,20170403,0.52,0.54,0.52,0.53,40032
ERA,20170403,0.7,0.7,0.665,0.665,290464
ERF,20170403,1.305,1.305,1.305,1.305,16000
ERL,20170403,0.023,0.023,0.023,0.023,196440
ERM,20170403,0.097,0.097,0.095,0.095,325441
ESE,20170403,0.5,0.535,0.48,0.53,503897
ESH,20170403,0.023,0.024,0.023,0.023,354100
ESR,20170403,0.037,0.038,0.037,0.038,350000
ESV,20170403,0.105,0.105,0.105,0.105,34991
ETE,20170403,0.026,0.026,0.026,0.026,250000
ETF,20170403,20.2,20.2,20.1,20.12,1752
ETPMAG,20170403,22.9,23,22.87,22.94,9200
ETPMPD,20170403,101,101,101,101,0
ETPMPM,20170403,121.84,121.84,121.84,121.84,0
ETPMPT,20170403,120,120,120,120,49
EUR,20170403,0.054,0.055,0.051,0.055,658684
EVN,20170403,2.12,2.15,2.11,2.13,6763025
EVS,20170403,0.055,0.055,0.055,0.055,54080
EVT,20170403,12.92,13.27,12.9,13.05,24113
EWC,20170403,0.355,0.355,0.345,0.35,61731
EXU,20170403,0.089,0.091,0.082,0.084,2257232
EYM,20170403,0.01,0.01,0.009,0.009,2333333
EZL,20170403,1.24,1.245,1.24,1.245,48540
FAR,20170403,0.084,0.085,0.083,0.083,13268020
FBR,20170403,0.11,0.12,0.11,0.12,3497802
FBU,20170403,7.56,7.68,7.56,7.68,2258863
FCR,20170403,0.003,0.003,0.003,0.003,200000
FCT,20170403,0.5,0.5,0.48,0.48,8600
FDM,20170403,0.098,0.098,0.094,0.096,618800
FDV,20170403,0.49,0.49,0.49,0.49,10000
FEL,20170403,0.035,0.035,0.035,0.035,400000
FET,20170403,2.79,2.8,2.75,2.79,111062
FFG,20170403,0.034,0.034,0.034,0.034,600
FFT,20170403,0.16,0.16,0.155,0.155,15900
FGG,20170403,1.05,1.06,1.05,1.055,211791
FGR,20170403,0.1,0.1,0.098,0.1,366584
FGX,20170403,1.165,1.17,1.165,1.165,182481
FHS,20170403,0.135,0.135,0.135,0.135,82769
FID,20170403,4.2,4.2,4.2,4.2,1550
FIG,20170403,0.775,0.78,0.775,0.78,38212
FLK,20170403,1.055,1.055,1.055,1.055,119439
FLN,20170403,0.895,0.94,0.885,0.93,99208
FLT,20170403,29,29.31,28.89,29.14,199066
FMG,20170403,6.19,6.34,6.11,6.2,15174405
FML,20170403,0.435,0.435,0.43,0.43,14260
FMS,20170403,0.076,0.076,0.073,0.073,384943
FND,20170403,0.175,0.175,0.175,0.175,50000
FNP,20170403,4.41,4.5,4.35,4.35,35968
FNT,20170403,0.05,0.05,0.049,0.05,490571
FOD,20170403,0.07,0.07,0.07,0.07,3950
FOR,20170403,1.97,1.97,1.97,1.97,13193
FPC,20170403,1.165,1.165,1.16,1.16,7000
FPH,20170403,8.91,9.06,8.91,9.02,146013
FRI,20170403,0.87,0.87,0.86,0.87,69468
FRM,20170403,1.09,1.13,1.09,1.11,84054
FRN,20170403,0.024,0.024,0.023,0.023,2138699
FSA,20170403,1.36,1.36,1.355,1.36,2935
FSF,20170403,5.55,5.65,5.55,5.61,3474
FSI,20170403,1.6,1.6,1.6,1.6,6200
FTT,20170403,0.069,0.069,0.068,0.068,50187
FUN,20170403,0.007,0.007,0.007,0.007,534394
FWD,20170403,2.13,2.13,2.04,2.05,51307
FXJ,20170403,1.025,1.032,1.015,1.03,8736683
FXL,20170403,2.3,2.35,2.3,2.31,292949
FZO,20170403,0.26,0.265,0.26,0.265,311800
GAP,20170403,0.42,0.425,0.42,0.425,79408
GBG,20170403,0.025,0.025,0.025,0.025,164734
GBI,20170403,0.2,0.2,0.2,0.2,13720
GBR,20170403,0.21,0.22,0.205,0.205,761638
GBT,20170403,2.83,2.99,2.83,2.99,43875
GBX,20170403,0.012,0.013,0.012,0.013,5548184
GC1,20170403,0.94,0.95,0.94,0.95,12474
GCS,20170403,0.585,0.595,0.58,0.58,146704
GCY,20170403,0.5,0.51,0.5,0.51,230629
GDF,20170403,1.055,1.055,1.055,1.055,1877
GDI,20170403,1.05,1.06,1.045,1.05,165739
GDX,20170403,29.36,30.02,29.36,29.87,2401
GEAR,20170403,22.26,22.32,22.05,22.32,27451
GEG,20170403,1.06,1.06,1.06,1.06,5000
GEM,20170403,4.05,4.07,3.99,4,2483705
GFL,20170403,1.85,1.85,1.85,1.85,2139
GFY,20170403,0.82,0.82,0.82,0.82,39215
GGG,20170403,0.115,0.115,0.11,0.11,898437
GGL,20170403,0.021,0.021,0.021,0.021,100000
GGUS,20170403,12.3,12.31,12.23,12.31,1842
GHC,20170403,2.05,2.05,2.02,2.03,28235
GID,20170403,0.07,0.07,0.07,0.07,42000
GLF,20170403,0.009,0.009,0.009,0.009,300000
GLL,20170403,0.14,0.145,0.13,0.13,356200
GMA,20170403,3.13,3.2,3.12,3.15,1098437
GMD,20170403,0.023,0.023,0.022,0.022,1061000
GME,20170403,0.085,0.085,0.085,0.085,30500
GMG,20170403,7.74,7.82,7.735,7.81,2455619
GMN,20170403,0.084,0.09,0.084,0.09,326484
GMR,20170403,0.008,0.008,0.008,0.008,418500
GMY,20170403,1.02,1.02,1.02,1.02,500
GNC,20170403,9.05,9.08,8.98,8.99,362668
GNE,20170403,1.915,1.915,1.9,1.9,52282
GNG,20170403,1.56,1.59,1.56,1.565,141148
GNX,20170403,0.24,0.25,0.24,0.25,28525
GOLD,20170403,155.28,156.44,155.28,156.1,2748
GOO,20170403,0.18,0.18,0.17,0.17,110000
GOR,20170403,0.57,0.57,0.555,0.555,1113443
GOVT,20170403,25.73,25.73,25.73,25.73,72
GOW,20170403,3.53,3.6,3.53,3.6,15377
GOZ,20170403,3.17,3.2,3.16,3.16,295469
GPP,20170403,0.027,0.028,0.027,0.027,2849380
GPR,20170403,0.037,0.041,0.037,0.041,1636448
GPT,20170403,5.15,5.19,5.13,5.17,2810520
GPX,20170403,0.4,0.4,0.4,0.4,10000
GRA,20170403,0.8,0.8,0.8,0.8,2400
GRB,20170403,0.039,0.04,0.037,0.04,443354
GRR,20170403,0.2,0.205,0.19,0.195,667648
GSC,20170403,0.145,0.15,0.145,0.15,624063
GSS,20170403,0.44,0.44,0.44,0.44,47906
GSW,20170403,0.49,0.495,0.49,0.49,33500
GTE,20170403,0.014,0.014,0.014,0.014,10490
GTK,20170403,3.61,3.71,3.6,3.71,28673
GTY,20170403,2.08,2.12,2.08,2.09,590534
GUD,20170403,11.94,11.98,11.84,11.87,226464
GUL,20170403,0.016,0.018,0.016,0.018,188000
GVF,20170403,1.115,1.115,1.11,1.11,11500
GWA,20170403,2.88,2.91,2.82,2.83,437287
GWR,20170403,0.055,0.055,0.05,0.05,150000
GXL,20170403,7.18,7.26,7.16,7.18,443710
GXY,20170403,0.455,0.46,0.43,0.435,12983445
GZL,20170403,2.22,2.22,2.22,2.22,12760
HAO,20170403,0.14,0.14,0.14,0.14,3500
HAS,20170403,0.092,0.092,0.092,0.092,250000
HAV,20170403,0.695,0.7,0.695,0.695,33500
HCH,20170403,0.042,0.042,0.039,0.04,1216644
HCT,20170403,0.16,0.16,0.15,0.15,232750
HFA,20170403,2.21,2.21,2.15,2.15,43688
HFR,20170403,0.975,1.145,0.975,1.12,642542
HGG,20170403,3.83,3.93,3.83,3.92,5632007
HGO,20170403,0.084,0.089,0.083,0.087,417511
HHL,20170403,2.56,2.6,2.56,2.6,64732
HHV,20170403,1.195,1.22,1.18,1.18,193256
HHY,20170403,0.1,0.1,0.1,0.1,25000
HIG,20170403,0.066,0.066,0.066,0.066,37678
HIL,20170403,0.215,0.215,0.2,0.2,547858
HLO,20170403,4,4,3.97,3.97,192
HLX,20170403,0.053,0.053,0.047,0.048,3118395
HML,20170403,1.68,1.68,1.645,1.645,18557
HMO,20170403,0.155,0.16,0.15,0.16,19700
HNR,20170403,0.014,0.014,0.014,0.014,300000
HOR,20170403,0.03,0.03,0.03,0.03,365469
HPI,20170403,2.97,2.99,2.96,2.97,332899
HRR,20170403,0.1,0.1,0.1,0.1,511998
HSK,20170403,0.072,0.075,0.072,0.075,463855
HSN,20170403,3.44,3.45,3.38,3.42,234196
HSO,20170403,2.2,2.22,2.15,2.18,19436994
HTA,20170403,0.076,0.077,0.076,0.077,7099
HUB,20170403,4.7,4.73,4.55,4.65,84687
HUO,20170403,4.9,4.95,4.89,4.93,32188
HVN,20170403,4.54,4.56,4.5,4.53,3414369
HVST,20170403,20.31,20.33,20.21,20.33,50492
HWK,20170403,0.014,0.014,0.014,0.014,10000
HXG,20170403,0.215,0.23,0.21,0.21,207662
HZN,20170403,0.058,0.058,0.058,0.058,170463
HZR,20170403,0.65,0.67,0.64,0.65,85830
IAA,20170403,69,69.99,68.72,69.25,7180
IAB,20170403,1.06,1.06,1.05,1.05,35000
IAF,20170403,106.14,106.15,106,106.06,34181
IAG,20170403,5.99,6.02,5.92,5.98,4186723
IAM,20170403,0.051,0.051,0.05,0.05,1069783
IAU,20170403,1.1,1.1,1.1,1.1,779
IBC,20170403,0.49,0.49,0.49,0.49,993
IBG,20170403,0.079,0.081,0.079,0.081,155307
IBK,20170403,47.95,47.95,47.95,47.95,207
IBN,20170403,0.007,0.007,0.007,0.007,234000
ICG,20170403,0.026,0.026,0.025,0.025,3137819
ICN,20170403,0.029,0.031,0.029,0.031,85805
ICQ,20170403,0.255,0.255,0.25,0.255,134043
IDA,20170403,0.135,0.135,0.135,0.135,6000
IDR,20170403,2.14,2.16,2.12,2.14,630603
IDX,20170403,1.31,1.31,1.3,1.3,11049
IDZ,20170403,0.33,0.33,0.33,0.33,8000
IEC,20170403,0.011,0.011,0.009,0.009,500000
IEL,20170403,4.48,4.6,4.33,4.47,540923
IEM,20170403,52.61,52.61,51.51,51.84,10360
IEU,20170403,54.77,55.2,54.73,55.03,6256
IFL,20170403,8.5,8.55,8.45,8.5,488593
IFM,20170403,0.73,0.74,0.71,0.725,776827
IGB,20170403,103.13,103.13,103.13,103.13,90
IGL,20170403,2.35,2.39,2.32,2.38,189525
IGO,20170403,3.53,3.58,3.48,3.49,2453973
IHCB,20170403,105.96,106.02,105.96,106.02,943
IHD,20170403,14.56,14.56,14.48,14.48,21362
IHEB,20170403,106.98,106.98,106.36,106.36,101
IHHY,20170403,109.25,109.25,109.25,109.25,460
IHK,20170403,29.25,29.34,29.18,29.34,17214
IHOO,20170403,112.26,112.26,110.72,112,913
IHVV,20170403,303,303.75,302.5,302.9,1139
IIL,20170403,0.76,0.77,0.72,0.73,177327
IJH,20170403,224.64,225.62,224.64,225.62,2972
IJP,20170403,67.22,67.88,67.22,67.88,1393
IJR,20170403,90,91.22,90,91.22,2222
IKO,20170403,81.21,81.92,81.21,81.9,201
ILB,20170403,114.05,114.59,114.05,114.59,882
ILC,20170403,24.53,24.55,24.34,24.55,48204
ILU,20170403,7.55,7.61,7.5,7.53,1481393
IMA,20170403,0.09,0.09,0.09,0.09,145250
IMC,20170403,0.425,0.435,0.425,0.435,119107
IMD,20170403,0.65,0.65,0.64,0.65,1591319
IMF,20170403,1.83,1.83,1.78,1.795,259465
IMU,20170403,0.016,0.016,0.015,0.015,4586195
INA,20170403,2.73,2.78,2.71,2.71,61016
ING,20170403,3.22,3.25,3.17,3.23,206808
INK,20170403,0.105,0.105,0.105,0.105,378000
INM,20170403,46.41,46.96,46.41,46.71,89216
IOD,20170403,0.014,0.014,0.014,0.014,16000
IOF,20170403,4.71,4.82,4.71,4.79,908025
IOG,20170403,0.035,0.036,0.034,0.034,142330
IOO,20170403,107.06,108,107.02,107.56,11255
IOT,20170403,0.026,0.026,0.025,0.025,2982038
IOZ,20170403,24.27,24.31,24.19,24.31,219072
IP1,20170403,0.19,0.19,0.19,0.19,29324
IPD,20170403,0.72,0.752,0.715,0.745,690159
IPE,20170403,0.125,0.125,0.125,0.125,114914
IPH,20170403,4.9,4.93,4.81,4.83,365718
IPL,20170403,3.74,3.76,3.685,3.71,6651431
IPT,20170403,0.022,0.023,0.022,0.023,120000
IRC,20170403,0.105,0.11,0.105,0.11,143862
IRD,20170403,0.25,0.26,0.25,0.25,78381
IRE,20170403,11.7,11.72,11.41,11.59,434312
IRI,20170403,2.86,2.9,2.86,2.9,69635
IRU,20170403,180.45,181.8,180.45,181.8,235
IS3,20170403,0.2,0.2,0.2,0.2,30000
ISD,20170403,1.5,1.51,1.455,1.47,1239061
ISG,20170403,30,30,30,30,168
ISO,20170403,4.32,4.32,4.32,4.32,949
ISU,20170403,1.975,2,1.93,2,63251
ISX,20170403,0.165,0.17,0.16,0.165,713859
ITD,20170403,0.47,0.49,0.47,0.49,53431
ITW,20170403,43.33,43.96,43.33,43.96,5937
IVC,20170403,14.32,14.32,14.05,14.17,160304
IVE,20170403,81.5,82.19,81.46,82.19,9125
IVO,20170403,0.015,0.015,0.014,0.014,483402
IVR,20170403,0.037,0.038,0.036,0.036,583491
IVV,20170403,310.63,312.75,310.42,312.75,6144
IVX,20170403,0.002,0.003,0.002,0.003,735000
IXI,20170403,130.06,130.64,130.06,130.64,2404
IXJ,20170403,135,135.48,134.44,135.3,2177
IXP,20170403,78.24,78.24,78.21,78.21,108
IZZ,20170403,50.39,50.78,50.37,50.54,2919
JAL,20170403,0.08,0.08,0.08,0.08,106000
JAT,20170403,0.016,0.016,0.016,0.016,19000
JBH,20170403,24.64,24.71,24.18,24.38,524269
JCI,20170403,0.82,0.85,0.82,0.85,101935
JCS,20170403,0.015,0.015,0.015,0.015,118610
JHC,20170403,2,2.02,1.982,1.985,1130147
JHX,20170403,20.42,20.63,20.28,20.59,567422
JIN,20170403,1.96,2.03,1.935,1.98,54793
JKL,20170403,0.22,0.22,0.22,0.22,46965
JRV,20170403,0.057,0.058,0.057,0.058,56883
K2P,20170403,0.17,0.17,0.17,0.17,14445
KAI,20170403,0.039,0.039,0.037,0.037,141715
KAM,20170403,0.36,0.36,0.36,0.36,8000
KAR,20170403,1.605,1.655,1.56,1.615,664886
KAS,20170403,0.023,0.023,0.023,0.023,400000
KAT,20170403,0.76,0.76,0.75,0.75,26169
KBC,20170403,0.115,0.115,0.115,0.115,20261
KBU,20170403,0.014,0.016,0.014,0.016,716667
KCN,20170403,0.245,0.25,0.24,0.25,185148
KDR,20170403,0.455,0.47,0.445,0.445,1506829
KFE,20170403,0.027,0.027,0.027,0.027,653011
KGD,20170403,0.02,0.02,0.02,0.02,21692
KGL,20170403,0.435,0.435,0.41,0.415,73939
KGN,20170403,1.75,1.76,1.715,1.72,47188
KII,20170403,2.42,2.44,2.42,2.44,40245
KIN,20170403,0.185,0.2,0.185,0.2,107394
KKL,20170403,0.007,0.007,0.006,0.006,569900
KKT,20170403,0.5,0.5,0.5,0.5,36000
KLL,20170403,0.395,0.43,0.385,0.43,235644
KMD,20170403,1.8,1.8,1.775,1.795,48878
KNL,20170403,0.19,0.19,0.185,0.185,207457
KNM,20170403,0.014,0.015,0.014,0.015,139702
KNO,20170403,0.14,0.14,0.14,0.14,11979
KOV,20170403,2.53,2.53,2.53,2.53,83
KPL,20170403,0.11,0.11,0.11,0.11,18182
KPO,20170403,0.066,0.07,0.066,0.069,714687
KRC,20170403,0.005,0.005,0.005,0.005,3605000
KSC,20170403,1.705,1.705,1.705,1.705,8457
KSL,20170403,1,1,1,1,8132
KSN,20170403,0.021,0.021,0.02,0.02,1027935
KTA,20170403,0.063,0.063,0.055,0.056,750767
KTE,20170403,0.017,0.017,0.017,0.017,126180
KYK,20170403,0.175,0.175,0.17,0.17,65000
KZR,20170403,0.18,0.18,0.17,0.175,66676
LBT,20170403,0.325,0.335,0.315,0.335,187343
LCD,20170403,0.03,0.03,0.03,0.03,64032
LCK,20170403,0.195,0.195,0.19,0.19,702526
LCM,20170403,0.36,0.365,0.36,0.36,69189
LCT,20170403,0.13,0.135,0.13,0.135,1106359
LEG,20170403,0.011,0.011,0.011,0.011,469858
LEP,20170403,4.46,4.55,4.44,4.5,62067
LER,20170403,0.14,0.14,0.14,0.14,166161
LGD,20170403,0.2,0.2,0.2,0.2,5500
LHC,20170403,2.11,2.15,2.11,2.15,17926
LI3,20170403,0.15,0.16,0.15,0.155,84537
LIC,20170403,3.99,4,3.96,4,31891
LIO,20170403,0.05,0.05,0.05,0.05,421500
LIT,20170403,0.14,0.14,0.13,0.13,526390
LKE,20170403,0.051,0.055,0.05,0.053,1677242
LKO,20170403,0.002,0.002,0.001,0.002,4943999
LLC,20170403,15.54,15.76,15.38,15.5,1199324
LMG,20170403,0.023,0.024,0.023,0.024,299142
LML,20170403,0.038,0.039,0.038,0.039,165294
LMW,20170403,0.685,0.685,0.68,0.68,10386
LNG,20170403,0.655,0.665,0.64,0.655,870860
LNK,20170403,7.69,7.73,7.62,7.7,810047
LNU,20170403,0.054,0.054,0.052,0.053,329002
LNY,20170403,0.003,0.003,0.003,0.003,41
LOM,20170403,0.36,0.36,0.36,0.36,310445
LOV,20170403,3.57,3.58,3.42,3.52,141924
LPD,20170403,0.015,0.015,0.014,0.015,5271391
LPE,20170403,0.024,0.025,0.024,0.024,737647
LPI,20170403,0.38,0.38,0.37,0.375,66647
LRS,20170403,0.013,0.013,0.013,0.013,2647014
LSH,20170403,0.3,0.33,0.3,0.33,841444
LSX,20170403,0.38,0.39,0.38,0.39,66181
LTR,20170403,0.02,0.02,0.019,0.019,461251
LVH,20170403,0.495,0.53,0.49,0.525,726623
LVT,20170403,0.2,0.2,0.2,0.2,50000
LWP,20170403,0.001,0.001,0.001,0.001,13925354
LYC,20170403,0.092,0.093,0.091,0.092,2891637
LYL,20170403,3.23,3.23,3.23,3.23,1000
M7T,20170403,0.29,0.29,0.27,0.27,113933
MA1,20170403,0.815,0.83,0.815,0.815,51922
MAH,20170403,0.155,0.157,0.155,0.155,230360
MAI,20170403,0.48,0.48,0.48,0.48,10000
MAQ,20170403,13.08,13.08,13.07,13.08,1516
MAR,20170403,0.004,0.004,0.004,0.004,260544
MAY,20170403,0.024,0.024,0.024,0.024,735840
MBE,20170403,0.057,0.058,0.055,0.055,1206297
MBK,20170403,0.025,0.025,0.025,0.025,559402
MCA,20170403,0.058,0.058,0.058,0.058,13963
MCE,20170403,0.53,0.53,0.53,0.53,528000
MCP,20170403,1.4,1.4,1.39,1.4,246185
MCR,20170403,0.22,0.22,0.21,0.215,84377
MCT,20170403,0.051,0.055,0.051,0.055,238121
MCX,20170403,0.07,0.07,0.07,0.07,409
MCY,20170403,2.79,2.79,2.78,2.78,2000
MDC,20170403,0.93,0.945,0.9,0.93,173633
MDI,20170403,0.019,0.019,0.019,0.019,854041
MDL,20170403,0.46,0.475,0.445,0.455,93339
MDR,20170403,0.033,0.033,0.032,0.032,647544
MDX,20170403,0.013,0.014,0.013,0.013,54662
MEA,20170403,0.675,0.68,0.66,0.68,96530
MEB,20170403,0.365,0.38,0.36,0.38,123913
MED,20170403,0.015,0.017,0.014,0.014,19256035
MEL,20170403,0.041,0.043,0.041,0.041,269399
MEP,20170403,0.071,0.073,0.071,0.073,403822
MEU,20170403,0.018,0.018,0.018,0.018,300000
MEY,20170403,0.15,0.15,0.15,0.15,120
MEZ,20170403,2.59,2.59,2.58,2.58,36205
MFF,20170403,1.835,1.85,1.835,1.84,282983
MFG,20170403,23.9,24.04,23.39,23.57,275633
MGC,20170403,1.015,1.015,0.987,0.995,148867
MGE,20170403,2.69,2.72,2.69,2.7,648620
MGL,20170403,0.037,0.037,0.037,0.037,1160
MGR,20170403,2.19,2.22,2.18,2.21,9743227
MGT,20170403,0.045,0.045,0.045,0.045,103196
MGV,20170403,0.083,0.088,0.083,0.086,706720
MGX,20170403,0.42,0.425,0.41,0.41,1119143
MHG,20170403,2.7,2.7,2.68,2.68,6882
MHI,20170403,0.185,0.185,0.185,0.185,20000
MHJ,20170403,1.35,1.415,1.35,1.405,32719
MIL,20170403,1.67,1.67,1.67,1.67,162201
MIN,20170403,10.6,10.78,10.55,10.61,950279
MIR,20170403,2.7,2.73,2.6,2.6,181496
MJC,20170403,0.02,0.02,0.02,0.02,350000
MJP,20170403,0.1,0.105,0.098,0.105,153846
MLB,20170403,2.27,2.275,2.25,2.26,194258
MLD,20170403,1.54,1.61,1.54,1.585,852557
MLM,20170403,0.052,0.052,0.052,0.052,150000
MLS,20170403,0.007,0.007,0.007,0.007,730000
MLT,20170403,4.41,4.44,4.4,4.42,228151
MLX,20170403,0.76,0.77,0.745,0.745,562368
MMI,20170403,0.14,0.145,0.14,0.145,192290
MMJ,20170403,0.75,0.77,0.74,0.74,2528753
MML,20170403,0.37,0.375,0.365,0.365,165995
MMS,20170403,13.18,13.25,12.96,13.09,193217
MNB,20170403,0.006,0.006,0.006,0.006,100000
MNC,20170403,0.081,0.082,0.081,0.081,20492
MND,20170403,12.1,12.47,12.1,12.29,374725
MNF,20170403,4.76,4.78,4.74,4.77,41665
MNM,20170403,0.007,0.008,0.007,0.007,9405999
MNS,20170403,0.585,0.585,0.565,0.57,220588
MNW,20170403,0.066,0.066,0.066,0.066,95625
MNY,20170403,1.42,1.44,1.415,1.425,956570
MOAT,20170403,49.3,49.66,49.3,49.64,4330
MOC,20170403,2.34,2.34,2.29,2.31,59738
MOD,20170403,0.07,0.074,0.067,0.069,14318008
MOT,20170403,0.043,0.043,0.042,0.042,27000
MOX,20170403,0.01,0.01,0.01,0.01,956664
MOY,20170403,0.26,0.265,0.255,0.26,1237249
MP1,20170403,2.08,2.08,2,2,52726
MPE,20170403,0.001,0.001,0.001,0.001,4649880
MPL,20170403,2.81,2.84,2.8,2.82,5039202
MPO,20170403,0.165,0.17,0.165,0.17,666431
MPX,20170403,0.3,0.3,0.29,0.29,62450
MQA,20170403,5.15,5.18,5.04,5.05,1888625
MQG,20170403,89.92,90.6,89.44,89.6,631582
MQR,20170403,0.215,0.22,0.215,0.22,345457
MRC,20170403,0.11,0.11,0.105,0.105,50000
MRD,20170403,0.009,0.009,0.009,0.009,591111
MRG,20170403,1.17,1.18,1.17,1.17,87350
MRM,20170403,0.22,0.225,0.215,0.215,922935
MRN,20170403,0.975,0.975,0.975,0.975,10000
MRP,20170403,0.26,0.27,0.26,0.27,113638
MRV,20170403,0.006,0.007,0.006,0.007,3113341
MSB,20170403,2.28,2.38,2.28,2.33,432738
MSM,20170403,0.265,0.27,0.26,0.26,262958
MSP,20170403,0.021,0.021,0.02,0.02,358086
MSR,20170403,0.006,0.006,0.005,0.005,7150000
MSV,20170403,0.032,0.032,0.032,0.032,100000
MTB,20170403,0.011,0.012,0.011,0.012,53000
MTC,20170403,0.315,0.32,0.285,0.3,990489
MTO,20170403,4.28,4.3,4.23,4.3,4354
MTR,20170403,2.93,2.995,2.89,2.93,1710015
MTS,20170403,2.5,2.52,2.43,2.46,1836292
MUA,20170403,0.96,0.98,0.95,0.95,160377
MUS,20170403,0.085,0.096,0.084,0.094,23811606
MVA,20170403,20.45,20.45,20.45,20.45,250
MVB,20170403,29.53,29.53,29.4,29.44,1134
MVE,20170403,24.65,24.65,24.65,24.65,80
MVF,20170403,1.895,1.9,1.865,1.865,72856
MVP,20170403,5.01,5.13,4.99,4.99,67564
MVR,20170403,20.33,20.33,20.3,20.3,1034
MVS,20170403,18.4,18.43,18.32,18.32,7273
MVT,20170403,0.155,0.155,0.155,0.155,32677
MVW,20170403,25.85,25.85,25.73,25.76,17920
MWR,20170403,0.455,0.455,0.455,0.455,1000
MWY,20170403,2.37,2.37,2.37,2.37,7650
MX1,20170403,0.49,0.49,0.465,0.465,54400
MXC,20170403,0.079,0.083,0.079,0.082,23266070
MXI,20170403,0.75,0.78,0.75,0.76,300095
MXR,20170403,0.002,0.002,0.002,0.002,4950000
MYO,20170403,3.53,3.57,3.51,3.55,910664
MYR,20170403,1.21,1.24,1.21,1.24,3426704
MYS,20170403,4.61,4.635,4.56,4.56,42887
MYX,20170403,1.425,1.44,1.4,1.415,6495858
MZI,20170403,0.22,0.22,0.215,0.215,111540
MZM,20170403,0.16,0.16,0.16,0.16,73123
MZN,20170403,0.013,0.013,0.013,0.013,725605
MZZ,20170403,0.22,0.24,0.22,0.24,34104
N1H,20170403,0.15,0.15,0.15,0.15,50000
NAB,20170403,33.17,33.5,33.08,33.45,3020947
NAC,20170403,1.115,1.13,1.115,1.13,74600
NAE,20170403,0.016,0.016,0.016,0.016,886457
NAM,20170403,0.42,0.42,0.395,0.395,33030
NAN,20170403,3.11,3.16,3.09,3.12,879070
NBL,20170403,1.535,1.535,1.535,1.535,4454
NCC,20170403,1.425,1.425,1.39,1.405,37136
NCK,20170403,7.15,7.23,7.14,7.23,55238
NCM,20170403,22.5,22.69,22.45,22.66,2039327
NDQ,20170403,12.4,12.43,12.36,12.43,9323
NEA,20170403,0.565,0.58,0.55,0.56,741075
NEC,20170403,1.26,1.262,1.235,1.25,3411031
NEU,20170403,0.069,0.069,0.068,0.069,351852
NGY,20170403,0.045,0.045,0.045,0.045,250000
NHC,20170403,1.78,1.797,1.777,1.78,182889
NHF,20170403,5.85,5.9,5.75,5.78,702717
NHL,20170403,0.038,0.038,0.036,0.036,1423764
NIU,20170403,0.004,0.004,0.003,0.003,4018375
NMI,20170403,0.015,0.016,0.015,0.016,530381
NML,20170403,0.047,0.047,0.047,0.047,88261
NMS,20170403,0.9,0.95,0.9,0.95,3234
NMT,20170403,0.31,0.315,0.305,0.31,230868
NNW,20170403,0.098,0.098,0.097,0.097,280771
NOX,20170403,0.42,0.425,0.4,0.4,579081
NRT,20170403,0.068,0.068,0.067,0.067,40000
NSE,20170403,0.006,0.006,0.006,0.006,313196
NSL,20170403,0.037,0.037,0.035,0.035,2439767
NSR,20170403,1.43,1.45,1.43,1.435,920168
NST,20170403,4.08,4.14,4.05,4.06,2766552
NTC,20170403,1.53,1.6,1.53,1.57,205902
NTI,20170403,0.27,0.27,0.255,0.27,136000
NTL,20170403,0.004,0.004,0.004,0.004,92112
NTM,20170403,0.067,0.067,0.067,0.067,34338
NTU,20170403,0.115,0.12,0.115,0.115,233819
NUF,20170403,9.7,9.71,9.545,9.58,662189
NUH,20170403,0.084,0.084,0.08,0.082,1489868
NVL,20170403,2.47,2.47,2.4,2.46,21458
NVT,20170403,4.41,4.43,4.35,4.36,853533
NWE,20170403,0.004,0.004,0.004,0.004,10000
NWF,20170403,0.38,0.38,0.38,0.38,3942
NWH,20170403,0.66,0.67,0.652,0.66,778925
NWS,20170403,17.79,17.81,17.59,17.76,39377
NXM,20170403,0.081,0.081,0.08,0.08,112407
NXT,20170403,4.12,4.16,3.91,3.93,1284066
NZC,20170403,0.265,0.27,0.265,0.27,58818
NZK,20170403,1.25,1.26,1.25,1.26,14000
NZM,20170403,0.85,0.89,0.84,0.84,2388477
OBJ,20170403,0.069,0.069,0.067,0.069,672785
OBL,20170403,0.004,0.004,0.004,0.004,940948
OCC,20170403,0.39,0.39,0.385,0.385,38640
OCL,20170403,2.2,2.26,2.2,2.2,19016
ODY,20170403,0.066,0.066,0.066,0.066,700000
OEL,20170403,0.033,0.033,0.031,0.032,709197
OEX,20170403,0.005,0.005,0.005,0.005,2070000
OFX,20170403,1.48,1.527,1.455,1.52,1003104
OGC,20170403,3.86,3.88,3.81,3.85,213210
OGX,20170403,0.065,0.065,0.064,0.064,10604
OHE,20170403,1.67,1.67,1.55,1.59,2019132
OIL,20170403,0.07,0.076,0.069,0.076,1993295
OKU,20170403,0.27,0.275,0.265,0.27,330866
OLV,20170403,0.042,0.042,0.04,0.04,656870
OMH,20170403,0.11,0.11,0.105,0.105,65600
OML,20170403,4.62,4.65,4.59,4.65,505045
ONE,20170403,5.5,5.5,5.47,5.47,2791
ONT,20170403,7.05,7.05,7.01,7.05,1799
OOK,20170403,0.022,0.022,0.021,0.021,568882
OOO,20170403,14.7,14.71,14.68,14.68,10588
OPG,20170403,0.5,0.52,0.5,0.52,36040
OPN,20170403,0.17,0.17,0.17,0.17,10000
ORA,20170403,2.95,2.97,2.91,2.92,2739510
ORE,20170403,2.77,2.85,2.76,2.8,2749975
ORG,20170403,7.01,7.05,6.93,7.04,3137113
ORI,20170403,17.5,17.69,17.5,17.65,577540
ORL,20170403,1.595,1.6,1.54,1.6,32535
ORN,20170403,0.026,0.027,0.026,0.027,341527
ORR,20170403,0.505,0.53,0.49,0.53,679549
OSH,20170403,7.23,7.29,7.21,7.29,2480046
OSL,20170403,0.095,0.095,0.093,0.094,544929
OTW,20170403,2.3,2.4,2.3,2.4,16861
OVH,20170403,0.515,0.525,0.51,0.525,94469
OVL,20170403,0.021,0.021,0.02,0.02,1706979
OVN,20170403,0.62,0.62,0.6,0.6,27957
OVR,20170403,0.011,0.011,0.011,0.011,1228000
OXX,20170403,0.045,0.045,0.045,0.045,50000
OZF,20170403,21.95,21.95,21.95,21.95,91
OZG,20170403,0.17,0.17,0.165,0.165,80000
OZL,20170403,7.78,7.8,7.67,7.78,2390575
OZR,20170403,8.42,8.42,8.38,8.4,14090
PAA,20170403,0.051,0.054,0.05,0.054,261000
PAB,20170403,0.006,0.006,0.006,0.006,75000
PAC,20170403,4.49,4.5,4.33,4.4,46052
PAF,20170403,1.015,1.015,0.995,0.995,89285
PAI,20170403,1.01,1.02,1.01,1.02,264203
PAK,20170403,0.08,0.08,0.077,0.079,290011
PAN,20170403,0.28,0.3,0.28,0.3,365073
PAR,20170403,0.48,0.55,0.48,0.55,137414
PBP,20170403,0.46,0.46,0.46,0.46,38480
PBT,20170403,0.065,0.068,0.062,0.062,431349
PCH,20170403,0.012,0.012,0.012,0.012,4925000
PCL,20170403,0.003,0.003,0.002,0.003,6335000
PDI,20170403,0.012,0.012,0.012,0.012,859078
PDZ,20170403,0.535,0.56,0.535,0.555,3566
PEA,20170403,0.71,0.71,0.685,0.685,669060
PEK,20170403,0.097,0.097,0.097,0.097,5000
PEN,20170403,0.5,0.505,0.495,0.495,269785
PEP,20170403,2.67,2.67,2.6,2.63,96056
PFG,20170403,0.12,0.12,0.11,0.11,547310
PGC,20170403,0.785,0.79,0.78,0.785,90366
PGF,20170403,0.995,0.995,0.99,0.995,256774
PGH,20170403,6.92,6.98,6.89,6.96,380841
PGI,20170403,0.063,0.063,0.063,0.063,84218
PGM,20170403,0.125,0.13,0.125,0.13,421538
PGO,20170403,0.066,0.067,0.066,0.067,594653
PGR,20170403,0.67,0.67,0.66,0.66,158632
PGS,20170403,0.009,0.009,0.008,0.009,2078325
PGY,20170403,0.002,0.002,0.001,0.001,1550000
PHG,20170403,0.46,0.462,0.46,0.462,84297
PHK,20170403,0.097,0.097,0.095,0.095,72665
PIC,20170403,1.02,1.02,1.005,1.02,201582
PIL,20170403,0.012,0.012,0.011,0.011,197009
PIO,20170403,0.021,0.021,0.02,0.021,1515173
PIQ,20170403,0.19,0.19,0.19,0.19,2504
PLG,20170403,0.8,0.8,0.785,0.785,1864083
PLH,20170403,0.27,0.27,0.265,0.265,18060
PLS,20170403,0.43,0.43,0.4,0.405,7175606
PMC,20170403,1.495,1.515,1.49,1.515,310399
PME,20170403,5.82,5.96,5.82,5.96,73063
PMP,20170403,0.685,0.69,0.68,0.685,669675
PMV,20170403,14.32,14.44,14.19,14.33,200369
PNC,20170403,2.1,2.18,2.08,2.11,40607
PNI,20170403,2.35,2.45,2.34,2.45,17346
PNL,20170403,0.635,0.675,0.63,0.65,175450
PNN,20170403,0.028,0.028,0.024,0.026,2166089
PNR,20170403,0.175,0.18,0.17,0.17,1394365
PNV,20170403,0.27,0.27,0.265,0.27,39500
PNW,20170403,0.245,0.245,0.245,0.245,2000
PNX,20170403,0.019,0.019,0.018,0.018,2774768
POH,20170403,0.015,0.015,0.014,0.015,516129
POP,20170403,0.014,0.014,0.014,0.014,1400000
POS,20170403,0.038,0.038,0.038,0.038,509706
POU,20170403,16.19,16.33,16.19,16.33,16407
POW,20170403,0.002,0.003,0.002,0.002,2716666
POZ,20170403,0.02,0.02,0.02,0.02,22000
PPC,20170403,1.165,1.165,1.135,1.165,584621
PPG,20170403,0.385,0.385,0.385,0.385,102000
PPH,20170403,1.67,1.67,1.65,1.66,28198
PPL,20170403,0.4,0.4,0.385,0.385,141760
PPP,20170403,0.022,0.022,0.022,0.022,100000
PPS,20170403,0.385,0.4,0.38,0.385,404091
PPT,20170403,51.48,52.58,51.48,52.05,112233
PPY,20170403,0.005,0.005,0.005,0.005,54900
PRG,20170403,1.855,1.86,1.81,1.81,262625
PRL,20170403,0.026,0.035,0.026,0.034,12385879
PRO,20170403,0.525,0.54,0.52,0.52,59407
PRR,20170403,0.031,0.031,0.031,0.031,257875
PRT,20170403,0.305,0.305,0.295,0.3,521268
PRU,20170403,0.32,0.325,0.315,0.32,4547202
PRY,20170403,3.56,3.58,3.51,3.53,1340605
PSA,20170403,0.165,0.165,0.165,0.165,30303
PSI,20170403,1.93,1.93,1.92,1.92,18617
PSQ,20170403,2,2,2,2,800
PSY,20170403,0.042,0.042,0.04,0.04,287335
PSZ,20170403,0.295,0.3,0.29,0.295,14120
PTB,20170403,0.53,0.53,0.52,0.52,20110
PTL,20170403,0.61,0.61,0.61,0.61,2515
PTM,20170403,5.15,5.195,5.09,5.12,650882
PTX,20170403,0.1,0.1,0.1,0.1,130000
PUN,20170403,0.07,0.07,0.07,0.07,3330
PVA,20170403,2.55,2.55,2.38,2.38,4568
PVD,20170403,0.048,0.048,0.048,0.048,188970
PWH,20170403,1.975,2.01,1.975,2.01,46037
PWN,20170403,0.017,0.018,0.015,0.015,376068
PXS,20170403,0.285,0.285,0.27,0.28,137111
PYC,20170403,0.031,0.034,0.031,0.033,1520500
QAG,20170403,7.23,7.23,7.23,7.23,145
QAN,20170403,3.89,3.93,3.86,3.9,8358542
QAU,20170403,13.05,13.07,13.05,13.07,4380
QBE,20170403,12.89,13.04,12.84,12.91,4589963
QBL,20170403,0.024,0.025,0.024,0.024,5720710
QCB,20170403,9.35,9.35,9.35,9.35,108
QFN,20170403,12.19,12.19,12.19,12.19,3281
QFY,20170403,0.077,0.082,0.077,0.082,283915
QHL,20170403,0.11,0.12,0.11,0.12,907371
QIN,20170403,1.05,1.087,1.045,1.08,4973709
QIP,20170403,2,2,1.84,1.92,10128
QMIX,20170403,16.32,16.32,16.32,16.32,0
QMN,20170403,0.005,0.005,0.005,0.005,97932
QMS,20170403,1.08,1.09,1.08,1.09,133687
QNL,20170403,0.027,0.027,0.027,0.027,145200
QOZ,20170403,13.34,13.38,13.27,13.38,8007
QRE,20170403,4.61,4.63,4.61,4.62,38136
QSS,20170403,0.024,0.024,0.024,0.024,5000
QST,20170403,0.27,0.27,0.27,0.27,5000
QUAL,20170403,20.35,20.35,20.15,20.28,13339
QUB,20170403,2.56,2.58,2.53,2.56,1535795
QUS,20170403,30.46,30.57,30.46,30.57,1137
QVE,20170403,1.24,1.245,1.235,1.235,183100
RAC,20170403,0.22,0.22,0.22,0.22,15963
RAN,20170403,1.1,1.17,1.09,1.17,76670
RAP,20170403,0.37,0.39,0.362,0.365,2409105
RARI,20170403,25.41,25.41,25.41,25.41,53
RAW,20170403,0.044,0.044,0.044,0.044,50000
RBL,20170403,0.67,0.68,0.665,0.68,18533
RCB,20170403,20.33,20.36,20.24,20.36,9876
RCE,20170403,0.22,0.22,0.22,0.22,79501
RCG,20170403,1.1,1.1,1.06,1.06,1524932
RCO,20170403,0.23,0.23,0.23,0.23,3000
RCP,20170403,0.003,0.003,0.003,0.003,510000
RCR,20170403,3.16,3.19,3.12,3.19,102225
RCT,20170403,3.45,3.5,3.36,3.5,8851
RDG,20170403,0.018,0.018,0.018,0.018,295625
RDH,20170403,1.15,1.15,1.15,1.15,9599
RDM,20170403,0.145,0.145,0.14,0.145,460127
RDV,20170403,31.06,31.06,30.78,30.84,4943
REA,20170403,59.32,59.8,59,59.8,157092
RED,20170403,0.055,0.055,0.055,0.055,263422
REF,20170403,0.098,0.098,0.098,0.098,9250
REG,20170403,4.4,4.51,4.37,4.45,783840
REH,20170403,40.95,41.08,40.55,41,4414
REV,20170403,0.035,0.035,0.035,0.035,100000
REX,20170403,0.905,0.92,0.905,0.92,8594
RFF,20170403,1.87,1.88,1.85,1.865,339931
RFG,20170403,5.33,5.35,5.22,5.23,1209264
RFL,20170403,0.16,0.16,0.16,0.16,6273
RFT,20170403,0.018,0.018,0.018,0.018,7037
RFX,20170403,0.23,0.23,0.225,0.225,164544
RGB,20170403,20.96,20.96,20.96,20.96,2572
RGI,20170403,0.41,0.41,0.375,0.4,863544
RGS,20170403,0.15,0.15,0.14,0.14,118200
RHC,20170403,69.9,70,68.8,69.43,400229
RHL,20170403,2.83,2.83,2.79,2.81,31387
RHP,20170403,0.44,0.44,0.44,0.44,24543
RHT,20170403,0.023,0.023,0.023,0.023,98000
RIC,20170403,1.35,1.415,1.35,1.4,1355165
RIM,20170403,0.028,0.029,0.028,0.029,181098
RIO,20170403,60.1,60.44,59.69,60.01,1309428
RIR,20170403,0.022,0.022,0.021,0.021,1368947
RKN,20170403,1.7,1.71,1.67,1.71,88339
RLC,20170403,0.023,0.028,0.023,0.028,3978531
RMD,20170403,9.39,9.44,9.39,9.41,1987625
RMG,20170403,0.018,0.02,0.018,0.02,561452
RMI,20170403,0.009,0.011,0.009,0.011,200000
RMR,20170403,0.05,0.05,0.05,0.05,79819
RMS,20170403,0.51,0.53,0.51,0.525,963634
RMX,20170403,0.031,0.032,0.031,0.032,1270707
RND,20170403,2.03,2.03,2.03,2.03,400
RNI,20170403,0.067,0.067,0.065,0.066,437412
RNL,20170403,0.006,0.006,0.006,0.006,275500
RNO,20170403,0.018,0.019,0.018,0.018,825925
RNT,20170403,0.078,0.078,0.076,0.076,178804
RNU,20170403,0.023,0.023,0.022,0.022,2220816
RNY,20170403,0.04,0.04,0.034,0.034,416385
ROG,20170403,0.009,0.01,0.009,0.01,116400
RRL,20170403,3.3,3.35,3.3,3.31,2135811
RSG,20170403,1.305,1.325,1.292,1.295,7745681
RSH,20170403,0.04,0.041,0.04,0.04,183394
RSM,20170403,20.52,20.52,20.52,20.52,1551
RTG,20170403,0.17,0.17,0.165,0.165,334800
RTR,20170403,0.024,0.025,0.024,0.025,318430
RUL,20170403,0.59,0.6,0.59,0.6,33390
RVA,20170403,0.91,0.91,0.91,0.91,1220
RVR,20170403,0.245,0.245,0.235,0.24,473777
RVY,20170403,0.025,0.025,0.024,0.024,1264660
RWC,20170403,2.84,2.9,2.84,2.88,917616
RWD,20170403,0.41,0.41,0.4,0.4,9500
RWH,20170403,1.275,1.295,1.275,1.295,25098
RXH,20170403,0.027,0.027,0.027,0.027,12500
RXL,20170403,0.018,0.018,0.018,0.018,28058
RXM,20170403,0.07,0.074,0.07,0.074,52738
RXP,20170403,0.815,0.815,0.8,0.81,206752
S2R,20170403,0.215,0.215,0.19,0.2,276765
S32,20170403,2.74,2.8,2.71,2.79,19421770
SAR,20170403,0.99,1.02,0.99,1.005,4817446
SAS,20170403,0.26,0.26,0.245,0.255,3304618
SAU,20170403,0.28,0.29,0.28,0.29,49947
SBB,20170403,0.013,0.013,0.013,0.013,66900
SBM,20170403,2.4,2.43,2.37,2.4,2478292
SBR,20170403,0.017,0.017,0.017,0.017,56738
SCG,20170403,4.31,4.36,4.29,4.36,8267869
SCO,20170403,2.75,2.77,2.71,2.74,161790
SCP,20170403,2.25,2.27,2.24,2.26,1203758
SCU,20170403,0.2,0.2,0.19,0.19,593108
SDA,20170403,3.5,3.5,3.45,3.45,279137
SDF,20170403,2.55,2.57,2.52,2.53,1189629
SDG,20170403,1.745,1.745,1.715,1.715,15472
SDI,20170403,0.605,0.605,0.6,0.6,106491
SDL,20170403,0.005,0.005,0.005,0.005,1202000
SDV,20170403,0.015,0.015,0.014,0.014,1346622
SEA,20170403,0.125,0.125,0.117,0.12,2472757
SEG,20170403,0.002,0.002,0.001,0.001,1782997
SEH,20170403,0.098,0.099,0.094,0.096,2304548
SEK,20170403,15.83,16.035,15.81,15.96,868002
SEN,20170403,0.092,0.093,0.092,0.092,430092
SEQ,20170403,0.31,0.31,0.31,0.31,2
SER,20170403,0.013,0.013,0.013,0.013,36650
SFC,20170403,6.66,6.66,6.66,6.66,1018
SFG,20170403,0.08,0.086,0.08,0.086,451763
SFI,20170403,0.087,0.087,0.085,0.086,559822
SFL,20170403,0.24,0.245,0.24,0.24,40000
SFR,20170403,6.37,6.42,6.33,6.39,530625
SFX,20170403,0.49,0.49,0.48,0.485,74048
SFY,20170403,55.5,55.56,55.4,55.56,8265
SGC,20170403,0.07,0.071,0.07,0.071,180000
SGF,20170403,3.45,3.48,3.38,3.48,138227
SGH,20170403,0.13,0.13,0.125,0.125,1901971
SGM,20170403,12.35,12.35,12.03,12.19,1122320
SGP,20170403,4.65,4.68,4.62,4.68,5300086
SGQ,20170403,0.18,0.18,0.172,0.18,1306965
SGR,20170403,5.5,5.59,5.46,5.47,3262717
SGU,20170403,0.055,0.055,0.055,0.055,28000
SHJ,20170403,0.55,0.55,0.535,0.535,106243
SHK,20170403,0.005,0.005,0.005,0.005,171108
SHL,20170403,22.1,22.19,21.79,22.07,797607
SHM,20170403,1.29,1.325,1.255,1.27,135352
SHO,20170403,0.04,0.04,0.04,0.04,140000
SHV,20170403,5.95,5.98,5.71,5.71,456667
SIH,20170403,0.014,0.014,0.014,0.014,92000
SIO,20170403,0.35,0.355,0.34,0.34,82755
SIP,20170403,1.29,1.305,1.285,1.285,1259288
SIQ,20170403,6.6,6.68,6.41,6.6,400250
SIV,20170403,7.33,7.38,7.3,7.31,90892
SKB,20170403,0.62,0.62,0.6,0.6,58460
SKC,20170403,3.72,3.84,3.72,3.84,734217
SKI,20170403,2.37,2.4,2.36,2.37,5579388
SKN,20170403,0.135,0.135,0.135,0.135,26000
SKT,20170403,3.54,3.6,3.53,3.56,153591
SLF,20170403,12.85,12.88,12.82,12.88,33804
SLK,20170403,4.36,4.4,4.35,4.39,32708
SLR,20170403,0.59,0.61,0.59,0.6,1705796
SLX,20170403,0.535,0.54,0.48,0.49,491761
SM8,20170403,0.095,0.095,0.095,0.095,2682
SMA,20170403,0.013,0.013,0.012,0.012,6591800
SMD,20170403,0.021,0.021,0.019,0.021,2247063
SMI,20170403,0.037,0.038,0.037,0.038,109280
SMM,20170403,0.38,0.39,0.38,0.39,5260
SMN,20170403,1.52,1.53,1.475,1.48,28768
SMP,20170403,0.18,0.18,0.18,0.18,165000
SMX,20170403,1.655,1.655,1.64,1.655,125473
SNC,20170403,1.07,1.07,1.07,1.07,45942
SND,20170403,0.53,0.53,0.515,0.515,72312
SO4,20170403,0.495,0.505,0.49,0.5,110437
SOL,20170403,18,18.28,18,18.17,128012
SOM,20170403,3.35,3.38,3.3,3.35,10822
SOR,20170403,0.089,0.089,0.086,0.087,114452
SP1,20170403,0.017,0.017,0.015,0.015,905802
SPI,20170403,0.079,0.079,0.075,0.075,92949
SPK,20170403,3.21,3.32,3.21,3.29,2149785
SPL,20170403,0.67,0.68,0.665,0.67,101618
SPO,20170403,1.09,1.09,1.08,1.08,4595423
SPX,20170403,0.007,0.007,0.007,0.007,1560136
SPZ,20170403,0.28,0.28,0.27,0.27,112150
SRF,20170403,0.145,0.145,0.145,0.145,17380
SRG,20170403,1.545,1.545,1.525,1.525,85638
SRI,20170403,0.017,0.017,0.016,0.016,1485295
SRK,20170403,0.07,0.07,0.07,0.07,44000
SRO,20170403,0.006,0.007,0.006,0.007,451800
SRS,20170403,0.028,0.028,0.025,0.025,1100000
SRV,20170403,6.2,6.2,6.15,6.18,24378
SRX,20170403,18.23,18.5,18.11,18.2,799325
SRY,20170403,0.043,0.043,0.043,0.043,200000
SRZ,20170403,0.034,0.035,0.032,0.035,3442905
SSG,20170403,0.55,0.55,0.545,0.55,246950
SSM,20170403,1.155,1.175,1.15,1.175,799959
SSO,20170403,12.88,12.88,12.88,12.88,17827
STA,20170403,0.007,0.007,0.007,0.007,814000
STL,20170403,0.031,0.031,0.031,0.031,118487
STO,20170403,3.79,3.81,3.73,3.74,5708704
STW,20170403,55.01,55.13,54.83,55.1,259221
STX,20170403,0.084,0.086,0.082,0.085,771276
SUD,20170403,0.022,0.023,0.021,0.023,4715712
SUH,20170403,0.135,0.135,0.12,0.12,106567
SUL,20170403,10.25,10.26,9.98,10.09,605555
SUM,20170403,0.026,0.026,0.026,0.026,74861
SUN,20170403,13.1,13.18,12.88,12.98,3732548
SUR,20170403,0.007,0.007,0.007,0.007,656977
SVA,20170403,0.054,0.054,0.054,0.054,8982
SVL,20170403,0.175,0.18,0.175,0.175,496967
SVM,20170403,0.085,0.091,0.085,0.091,103414
SVT,20170403,0.19,0.195,0.185,0.195,196915
SVW,20170403,10.69,10.69,10.36,10.53,215621
SVY,20170403,0.12,0.12,0.12,0.12,8000
SWJ,20170403,0.023,0.024,0.023,0.023,1035715
SWK,20170403,0.28,0.28,0.28,0.28,66592
SWL,20170403,1.27,1.295,1.27,1.275,43643
SWM,20170403,0.785,0.79,0.775,0.785,2409950
SXE,20170403,0.54,0.54,0.54,0.54,20000
SXL,20170403,1.38,1.407,1.365,1.395,1785993
SXX,20170403,0.007,0.007,0.007,0.007,1740167
SXY,20170403,0.355,0.355,0.33,0.34,1717831
SYA,20170403,0.024,0.024,0.024,0.024,215000
SYD,20170403,6.72,6.75,6.67,6.72,3543409
SYI,20170403,29.85,29.85,29.67,29.77,7077
SYR,20170403,2.81,2.88,2.78,2.79,939825
SYS,20170403,0.002,0.002,0.002,0.002,2092999
SYT,20170403,0.036,0.038,0.035,0.038,11257618
T3D,20170403,0.013,0.013,0.013,0.013,27583
TAH,20170403,4.77,4.77,4.7,4.72,3644500
TAM,20170403,0.059,0.06,0.058,0.06,75414
TAP,20170403,0.08,0.08,0.078,0.078,188960
TAS,20170403,0.24,0.24,0.225,0.24,2075384
TAW,20170403,0.24,0.255,0.235,0.235,5012595
TB8,20170403,0.14,0.145,0.13,0.13,582700
TBH,20170403,0.096,0.096,0.095,0.095,7000
TBR,20170403,6.35,6.49,6.35,6.49,4311
TCH,20170403,1.28,1.29,1.28,1.285,126880
TCL,20170403,11.7,11.84,11.645,11.73,3759866
TCN,20170403,0.057,0.057,0.055,0.055,590219
TEG,20170403,0.045,0.047,0.045,0.046,578012
TEK,20170403,0.235,0.24,0.235,0.24,167740
TEN,20170403,0.58,0.59,0.57,0.57,1004005
TER,20170403,0.033,0.033,0.032,0.032,966672
TFG,20170403,0.19,0.19,0.18,0.185,103519
TFL,20170403,0.155,0.155,0.155,0.155,499
TGA,20170403,1.32,1.365,1.315,1.36,723721
TGG,20170403,1.295,1.3,1.29,1.29,189086
TGH,20170403,1.045,1.045,1.04,1.04,258504
TGP,20170403,0.89,0.895,0.89,0.89,56757
TGR,20170403,4.52,4.52,4.38,4.41,759192
TGZ,20170403,0.8,0.815,0.79,0.815,86508
THD,20170403,0.025,0.027,0.024,0.025,14962756
THR,20170403,0.021,0.021,0.021,0.021,9084
THX,20170403,0.055,0.057,0.052,0.057,323760
TIA,20170403,0.785,0.8,0.78,0.8,39523
TIG,20170403,0.045,0.045,0.045,0.045,503416
TKF,20170403,0.043,0.044,0.04,0.04,940020
TKL,20170403,0.02,0.02,0.02,0.02,448521
TKM,20170403,0.044,0.044,0.044,0.044,11363
TLG,20170403,0.51,0.55,0.5,0.55,518367
TLM,20170403,0.38,0.39,0.38,0.39,128844
TLS,20170403,4.66,4.7,4.63,4.7,22053650
TME,20170403,4.67,4.7,4.64,4.64,551808
TMP,20170403,0.37,0.37,0.355,0.36,84814
TMX,20170403,0.013,0.013,0.012,0.013,890500
TND,20170403,0.049,0.05,0.046,0.049,523733
TNE,20170403,5.15,5.18,5.14,5.18,534348
TNG,20170403,0.145,0.15,0.145,0.145,112005
TNK,20170403,2.26,2.29,2.26,2.29,4352
TOE,20170403,0.042,0.043,0.041,0.041,1147150
TOM,20170403,0.033,0.033,0.033,0.033,31163
TON,20170403,0.072,0.076,0.072,0.076,2116530
TOP,20170403,0.68,0.7,0.68,0.68,101487
TOT,20170403,1.17,1.17,1.17,1.17,32000
TOU,20170403,0.105,0.105,0.105,0.105,40000
TOX,20170403,2.35,2.36,2.25,2.26,632255
TPC,20170403,0.9,0.9,0.9,0.9,2000
TPE,20170403,2.25,2.31,2.25,2.31,23998
TPM,20170403,6.99,6.99,6.79,6.89,2187721
TPP,20170403,0.205,0.205,0.195,0.195,33045
TPS,20170403,0.025,0.025,0.025,0.025,1647
TPW,20170403,0.16,0.16,0.16,0.16,157964
TRL,20170403,0.034,0.035,0.034,0.035,378509
TRS,20170403,8.29,8.3,8.1,8.2,25817
TRY,20170403,0.155,0.155,0.145,0.145,367929
TSN,20170403,0.017,0.017,0.017,0.017,1885697
TSV,20170403,0.01,0.011,0.01,0.011,710000
TTC,20170403,0.435,0.435,0.42,0.42,90000
TTI,20170403,0.035,0.035,0.035,0.035,34099
TTS,20170403,4.41,4.425,4.37,4.4,2365533
TTW,20170403,0.038,0.039,0.038,0.039,42979
TV2,20170403,0.01,0.013,0.01,0.012,17501156
TWD,20170403,3.91,3.92,3.91,3.92,11276
TWE,20170403,12.24,12.3,12.095,12.15,1298294
TWR,20170403,1.155,1.21,1.155,1.21,33000
TYK,20170403,0.007,0.007,0.007,0.007,242314
TYX,20170403,0.029,0.03,0.028,0.028,2590060
TZL,20170403,0.037,0.037,0.037,0.037,143966
TZN,20170403,0.195,0.195,0.19,0.19,125451
UBA,20170403,19.97,19.97,19.93,19.93,925
UBI,20170403,0.415,0.415,0.415,0.415,5000
UBN,20170403,0.1,0.1,0.1,0.1,250000
UBU,20170403,22.7,23.15,22.7,23.15,440
UBW,20170403,21.98,22.01,21.98,22.01,199
UMAX,20170403,17.41,17.5,17.23,17.45,11658
UNS,20170403,0.037,0.038,0.036,0.036,905000
UOS,20170403,0.64,0.66,0.64,0.66,4172
UPD,20170403,0.68,0.68,0.67,0.68,320264
URF,20170403,1.93,1.93,1.93,1.93,13259
USA,20170403,0.009,0.009,0.009,0.009,60000
USD,20170403,12.75,12.81,12.75,12.81,54407
USR,20170403,0.45,0.45,0.45,0.45,24000
UTR,20170403,0.029,0.029,0.029,0.029,200000
VAE,20170403,56.68,56.8,56.68,56.78,192
VAF,20170403,48.77,48.77,48.53,48.53,42794
VAH,20170403,0.195,0.195,0.19,0.195,737618
VAL,20170403,0.012,0.012,0.012,0.012,1119489
VAN,20170403,0.059,0.063,0.059,0.059,628631
VAP,20170403,80.08,80.36,79.95,80.36,33745
VAR,20170403,0.019,0.019,0.019,0.019,567007
VAS,20170403,74.41,74.56,74.09,74.5,33030
VBS,20170403,1.55,1.55,1.55,1.55,1100
VCF,20170403,49.57,49.6,49.5,49.6,7282
VCX,20170403,2.84,2.86,2.825,2.86,5503707
VEE,20170403,0.635,0.635,0.635,0.635,84940
VEQ,20170403,48.64,48.9,48.64,48.9,5098
VEU,20170403,62.83,63.11,62.7,63.08,26062
VGAD,20170403,60.45,60.45,60.2,60.21,2717
VGB,20170403,48.99,48.99,48.87,48.88,33281
VGE,20170403,58.59,58.88,58.45,58.87,3606
VGS,20170403,59.81,60.11,59.7,60.07,21333
VHT,20170403,0.425,0.45,0.41,0.45,51266
VHY,20170403,62.7,62.7,62.15,62.47,17931
VIC,20170403,0.016,0.016,0.015,0.015,112910
VIF,20170403,49.21,49.21,48.97,48.97,17887
VIP,20170403,0.08,0.08,0.08,0.08,1000
VIV,20170403,0.055,0.055,0.055,0.055,293344
VLA,20170403,1.2,1.335,1.2,1.27,646578
VLC,20170403,62.76,62.76,62.53,62.63,442
VLW,20170403,2.35,2.36,2.32,2.35,85055
VMC,20170403,0.14,0.14,0.125,0.125,64350
VML,20170403,0.016,0.016,0.015,0.015,1097000
VMT,20170403,0.069,0.069,0.069,0.069,20000
VMX,20170403,0.12,0.145,0.12,0.145,340125
VOC,20170403,4.28,4.29,4.23,4.23,1830465
VPC,20170403,0.024,0.024,0.023,0.023,430268
VRC,20170403,0.031,0.031,0.03,0.031,476164
VRI,20170403,0.044,0.046,0.043,0.046,188782
VRL,20170403,4.2,4.2,4.09,4.12,167692
VRM,20170403,0.043,0.043,0.041,0.041,221850
VRS,20170403,0.15,0.15,0.15,0.15,256654
VRT,20170403,5.76,5.84,5.58,5.65,475984
VSC,20170403,1.105,1.105,1.105,1.105,5280
VSO,20170403,50.05,50.05,49.77,49.77,660
VTG,20170403,3.27,3.27,3.22,3.22,353292
VTI,20170403,0.435,0.435,0.42,0.42,443790
VTS,20170403,159.1,159.97,158.9,159.94,21579
VVR,20170403,2.4,2.4,2.38,2.39,348602
WAF,20170403,0.28,0.28,0.27,0.27,1006946
WAM,20170403,2.56,2.57,2.55,2.56,381649
WAX,20170403,1.58,1.61,1.58,1.59,385869
WBA,20170403,1.445,1.46,1.425,1.45,238004
WBC,20170403,35,35.28,34.85,35.21,3529220
WBT,20170403,0.027,0.028,0.026,0.026,2561450
WCN,20170403,0.008,0.008,0.008,0.008,25729828
WCP,20170403,0.11,0.11,0.09,0.1,485174
WDE,20170403,0.78,0.78,0.775,0.775,296960
WDIV,20170403,17.87,18.12,17.87,18.1,12905
WEB,20170403,11.5,11.6,11.38,11.58,344895
WEC,20170403,0.042,0.042,0.042,0.042,77873
WEMG,20170403,18.28,18.28,18.27,18.27,1109
WES,20170403,45,45.24,44.79,45.1,1282372
WFD,20170403,8.88,8.96,8.87,8.96,4663704
WFE,20170403,0.004,0.004,0.004,0.004,1137225
WGF,20170403,1.02,1.02,1.015,1.015,119050
WGL,20170403,0.025,0.026,0.022,0.022,1937433
WGX,20170403,2.29,2.33,2.27,2.31,1183271
WHA,20170403,0.35,0.35,0.34,0.345,519616
WHC,20170403,2.97,3.14,2.93,3.1,10926603
WHF,20170403,4.47,4.49,4.47,4.49,4001
WIC,20170403,0.99,1,0.99,1,16497
WKT,20170403,0.09,0.09,0.09,0.09,25191
WLC,20170403,0.009,0.009,0.009,0.009,7445
WLD,20170403,0.24,0.24,0.205,0.22,3791826
WLE,20170403,1.14,1.14,1.135,1.135,420667
WLL,20170403,4.9,4.9,4.9,4.9,3000
WMK,20170403,1.055,1.06,1.055,1.06,30330
WMN,20170403,0.044,0.045,0.043,0.045,754306
WOF,20170403,0.036,0.036,0.036,0.036,250000
WOR,20170403,10.87,10.94,10.47,10.57,1308467
WOW,20170403,26.55,26.69,26.4,26.67,1471270
WPG,20170403,0.055,0.057,0.055,0.057,1598130
WPL,20170403,31.85,32.18,31.85,32.13,1705218
WPP,20170403,1.15,1.15,1.13,1.14,137090
WQW,20170403,0.495,0.495,0.49,0.49,8075
WRG,20170403,0.004,0.004,0.004,0.004,3973000
WRLD,20170403,10.4,10.58,10.4,10.58,4868
WRM,20170403,0.015,0.015,0.015,0.015,227928
WRR,20170403,0.185,0.185,0.185,0.185,30000
WSA,20170403,2.33,2.33,2.25,2.26,1274176
WSI,20170403,0.028,0.028,0.025,0.025,194230
WTC,20170403,5.68,5.68,5.54,5.54,56706
WTP,20170403,0.775,0.78,0.775,0.775,1379
WWI,20170403,0.03,0.03,0.03,0.03,150000
WXHG,20170403,20.34,20.34,20.27,20.27,3802
WXOZ,20170403,25.28,25.61,25.28,25.61,1051
XAM,20170403,0.23,0.23,0.225,0.225,59163
XF1,20170403,0.5,0.5,0.5,0.5,9984
XIP,20170403,2.15,2.19,2.13,2.13,40850
XPD,20170403,0.048,0.048,0.042,0.044,801020
XPE,20170403,0.026,0.026,0.024,0.024,9824280
XRO,20170403,18.1,18.17,18,18.11,19717
XST,20170403,0.013,0.013,0.012,0.012,2543321
XTD,20170403,0.135,0.135,0.135,0.135,8000
XTE,20170403,0.35,0.355,0.35,0.355,43912
YAL,20170403,0.355,0.355,0.35,0.35,11206
YBR,20170403,0.145,0.145,0.145,0.145,84379
YMAX,20170403,9.4,9.41,9.34,9.41,93394
YNB,20170403,0.068,0.069,0.068,0.069,214300
YOW,20170403,0.5,0.5,0.46,0.46,338459
YPB,20170403,0.135,0.135,0.125,0.135,81889
ZEL,20170403,6.75,6.75,6.39,6.5,710
ZEU,20170403,0.017,0.017,0.017,0.017,398104
ZGL,20170403,0.15,0.15,0.145,0.145,26007
ZGOL,20170403,16.18,16.18,16.18,16.18,0
ZIM,20170403,5.5,5.5,5.5,5.5,10015
ZLD,20170403,0.091,0.105,0.091,0.105,17560318
ZMI,20170403,0.011,0.011,0.011,0.011,38500
ZML,20170403,0.755,0.76,0.74,0.76,154736
ZNC,20170403,0.125,0.125,0.12,0.12,221975
ZNT,20170403,1.09,1.1,1.075,1.075,178307
ZOZI,20170403,10.98,10.98,10.86,10.89,78914
ZTA,20170403,0.071,0.071,0.071,0.071,22958
ZUSD,20170403,9.98,9.98,9.98,9.98,0
ZYB,20170403,0.012,0.012,0.011,0.011,13431654
ZYUS,20170403,13,13,12.78,12.78,34753
XAF,20170403,5818.6,5833.4,5792.1,5833.4,0
XAO,20170403,5903.8,5910.8,5881.4,5909.7,0
XAT,20170403,5808,5815.6,5783.3,5814.3,0
XDJ,20170403,2171.3,2176.2,2160.4,2169,0
XEC,20170403,1283.6,1288,1278,1278.9,0
XEJ,20170403,9234,9249.7,9167.6,9229.9,0
XFJ,20170403,6876.9,6897.3,6841.1,6891.5,0
XFL,20170403,5872.6,5887.7,5845.8,5887.7,0
XGD,20170403,4405.9,4470.2,4405.9,4456.3,0
XHJ,20170403,22539.1,22648.1,22439.3,22595.1,0
XIJ,20170403,834.5,835.4,825.7,830.2,0
XJO,20170403,5864.9,5873.4,5840.9,5872.7,0
XJR,20170403,3374.5,3374.5,3345.9,3370.9,0
XKO,20170403,5809.7,5818,5786.5,5816.9,0
XMD,20170403,6028.6,6032.6,5991,6003.4,0
XMJ,20170403,9785.2,9785.2,9701.4,9770,0
XMM,20170403,2940.1,2945.8,2911.9,2936.3,0
XNJ,20170403,5284.5,5304.8,5257.3,5273.2,0
XPJ,20170403,1379.6,1393.3,1379.4,1393.3,0
XSJ,20170403,9649.4,9683.1,9598.8,9647.3,0
XSO,20170403,2391.8,2398.9,2381.1,2384,0
XTJ,20170403,1649.3,1660.6,1637.8,1660.6,0
XTL,20170403,3409.3,3420,3392.1,3420,0
XTO,20170403,4871.6,4880,4850.6,4880,0
XUJ,20170403,8646.8,8660,8588.7,8609.3,0
XXJ,20170403,7670,7692.8,7630.1,7686.4,0
