1AD,20180216,0.32,0.325,0.32,0.32,80636
3DP,20180216,0.099,0.11,0.096,0.097,1922926
3PL,20180216,1.74,1.76,1.59,1.62,1039383
4CE,20180216,0.078,0.08,0.077,0.079,1629764
4DS,20180216,0.087,0.093,0.087,0.089,13126796
5GN,20180216,0.65,0.65,0.625,0.625,13963
88E,20180216,0.031,0.031,0.03,0.03,6685637
8CO,20180216,0.043,0.055,0.043,0.045,2858775
8EC,20180216,0.975,0.98,0.975,0.98,20000
9SP,20180216,0.049,0.05,0.047,0.049,873973
A2M,20180216,8.56,8.65,8.44,8.59,2133190
A3D,20180216,1.035,1.05,1.005,1.02,52800
AAA,20180216,50.12,50.12,50.11,50.11,50856
AAC,20180216,1.14,1.145,1.122,1.125,859921
AAD,20180216,1.845,1.85,1.825,1.84,649811
AAJ,20180216,0.028,0.029,0.025,0.026,6347108
AAR,20180216,0.085,0.087,0.085,0.086,436679
AB1,20180216,0.084,0.084,0.078,0.079,29192170
ABA,20180216,5.25,5.34,5.23,5.23,11704
ABC,20180216,6.58,6.63,6.58,6.61,833579
ABP,20180216,3.34,3.41,3.335,3.4,1295500
ABR,20180216,0.325,0.325,0.32,0.32,7800
ABT,20180216,0.445,0.445,0.44,0.44,57900
ABU,20180216,0.079,0.084,0.079,0.084,322803
ABV,20180216,0.006,0.006,0.006,0.006,1200000
ABX,20180216,0.12,0.12,0.12,0.12,16666
AC8,20180216,1.57,1.585,1.53,1.55,444053
ACB,20180216,0.035,0.035,0.035,0.035,22000
ACG,20180216,0.032,0.032,0.032,0.032,75000
ACK,20180216,1.59,1.59,1.54,1.575,199786
ACL,20180216,0.01,0.01,0.01,0.01,951900
ACQ,20180216,1.09,1.12,1.08,1.12,163000
ACR,20180216,0.16,0.165,0.16,0.16,178574
ACW,20180216,0.053,0.053,0.047,0.048,1324882
ACX,20180216,7.73,7.73,7.72,7.72,1895119
AD1,20180216,0.11,0.115,0.11,0.11,201111
AD8,20180216,2.7,2.73,2.7,2.73,179394
ADA,20180216,2.25,2.34,2.22,2.31,77499
ADH,20180216,2,2.05,1.995,2.02,150302
ADJ,20180216,0.023,0.024,0.022,0.023,376618
ADO,20180216,0.015,0.016,0.015,0.016,656706
ADR,20180216,0.085,0.09,0.08,0.09,508564
ADV,20180216,0.019,0.019,0.018,0.019,7434754
ADX,20180216,0.012,0.012,0.012,0.012,108697
ADY,20180216,0.007,0.008,0.006,0.008,211080
AEB,20180216,0.034,0.034,0.03,0.033,3605546
AEE,20180216,0.022,0.022,0.022,0.022,32670
AEF,20180216,149.9,154,149.9,151.5,348
AEG,20180216,1.075,1.08,1.065,1.07,88118
AEI,20180216,0.26,0.26,0.24,0.24,183709
AFG,20180216,1.615,1.67,1.615,1.66,22649
AFI,20180216,6.11,6.13,6.1,6.1,213524
AFP,20180216,2.28,2.28,2.27,2.27,2200
AFR,20180216,0.029,0.029,0.028,0.028,108212
AGE,20180216,0.01,0.01,0.01,0.01,25000
AGG,20180216,2.85,2.85,2.85,2.85,1508
AGI,20180216,1.975,2.08,1.97,2.07,62025
AGL,20180216,22.22,22.33,22,22.3,2390551
AGO,20180216,0.027,0.027,0.026,0.026,23094338
AGR,20180216,0.275,0.28,0.275,0.28,62228
AGS,20180216,0.125,0.125,0.125,0.125,11140
AGY,20180216,0.35,0.36,0.34,0.34,2143881
AHF,20180216,0.115,0.115,0.11,0.115,697199
AHG,20180216,3.46,3.52,3.4,3.42,652898
AHQ,20180216,0.078,0.078,0.07,0.07,119704
AHX,20180216,0.84,0.84,0.835,0.835,3556
AHY,20180216,1.5,1.515,1.485,1.495,933935
AHZ,20180216,0.255,0.26,0.245,0.25,31657
AIA,20180216,5.99,6.04,5.97,6,112406
AIZ,20180216,2.78,2.78,2.72,2.75,70967
AJD,20180216,2.06,2.06,2.06,2.06,2
AJL,20180216,0.39,0.39,0.36,0.37,91854
AJM,20180216,0.375,0.38,0.365,0.37,4274651
AJQ,20180216,0.084,0.085,0.081,0.081,161097
AJX,20180216,0.32,0.33,0.315,0.325,326662
AKF,20180216,0.025,0.025,0.025,0.025,17918
AKG,20180216,0.435,0.44,0.43,0.43,32000
AKM,20180216,0.011,0.011,0.01,0.01,2578236
AKN,20180216,0.005,0.005,0.005,0.005,400000
AKP,20180216,17.01,17.01,16.8,16.94,6252
AL8,20180216,1.16,1.2,1.13,1.17,78511
ALC,20180216,0.043,0.044,0.042,0.044,487630
ALF,20180216,1.01,1.015,1.01,1.015,694613
ALI,20180216,1.72,1.72,1.7,1.7,73116
ALK,20180216,0.29,0.29,0.285,0.29,256852
ALL,20180216,24.18,24.32,23.68,23.68,1686161
ALQ,20180216,6.79,6.905,6.75,6.84,1874810
ALR,20180216,1.24,1.24,1.24,1.24,12000
ALU,20180216,15,15.08,14.81,14.86,333577
ALY,20180216,0.023,0.023,0.023,0.023,200000
AMA,20180216,1.115,1.115,1.1,1.105,309774
AMC,20180216,14.02,14.08,13.82,13.85,23284328
AMD,20180216,0.039,0.04,0.039,0.039,140000
AME,20180216,0.083,0.085,0.083,0.085,450000
AMG,20180216,0.067,0.067,0.067,0.067,135393
AMH,20180216,0.9,0.9,0.895,0.9,120050
AMI,20180216,0.395,0.4,0.38,0.395,1317202
AML,20180216,0.245,0.25,0.24,0.245,146530
AMP,20180216,5.37,5.38,5.32,5.33,7727723
ANG,20180216,0.255,0.255,0.25,0.255,57623
ANL,20180216,0.02,0.021,0.018,0.021,3443463
ANN,20180216,24.04,24.23,23.37,23.47,645311
ANR,20180216,1.705,1.71,1.705,1.71,4313
ANW,20180216,0.035,0.037,0.033,0.034,43584641
ANZ,20180216,28.24,28.28,27.83,27.85,3664624
AOA,20180216,0.006,0.006,0.006,0.006,500000
AOD,20180216,0.62,0.625,0.62,0.625,70000
AOF,20180216,2.22,2.22,2.21,2.21,322697
AOG,20180216,2.68,2.7,2.645,2.65,1420049
AOH,20180216,0.14,0.14,0.13,0.14,317356
AON,20180216,0.22,0.22,0.22,0.22,14400
AOP,20180216,0.2,0.21,0.195,0.21,109482
AOW,20180216,0.028,0.03,0.028,0.03,14426
APA,20180216,7.9,8.045,7.87,8,1544006
APC,20180216,0.1,0.1,0.098,0.098,1101339
APD,20180216,0.432,0.432,0.43,0.43,73213
APE,20180216,8.3,8.36,8.3,8.36,20755
API,20180216,1.485,1.49,1.47,1.47,1502036
APL,20180216,1.275,1.28,1.26,1.27,395533
APO,20180216,4.35,4.355,4.31,4.33,322594
APT,20180216,6.75,6.87,6.73,6.75,913813
APX,20180216,8.6,8.6,8.4,8.4,295206
AQC,20180216,1.145,1.15,1.145,1.15,11211
AQG,20180216,2.27,2.32,2.27,2.3,322251
AQI,20180216,0.17,0.175,0.125,0.125,1550179
AQX,20180216,0.046,0.046,0.046,0.046,533
AQZ,20180216,1.735,1.75,1.73,1.74,119616
ARA,20180216,0.75,0.75,0.75,0.75,5350
ARB,20180216,18.4,18.63,18.21,18.27,95808
ARD,20180216,0.025,0.025,0.025,0.025,92641
ARF,20180216,2.23,2.29,2.19,2.19,297417
ARG,20180216,8.17,8.2,8.15,8.17,224065
ARL,20180216,1.365,1.425,1.35,1.35,306001
ARS,20180216,0.054,0.054,0.054,0.054,100000
ARU,20180216,0.105,0.11,0.105,0.11,861723
ARV,20180216,0.19,0.195,0.18,0.185,2886253
ASB,20180216,1.76,1.77,1.725,1.735,47252
ASG,20180216,2.02,2.02,2.01,2.01,19105
ASL,20180216,2.55,2.63,2.53,2.59,308929
ASN,20180216,0.19,0.2,0.185,0.19,2312861
AST,20180216,1.595,1.655,1.595,1.64,4593432
ASX,20180216,56.36,56.895,56.11,56.11,535549
ATC,20180216,0.165,0.165,0.16,0.16,258640
ATL,20180216,1.87,1.925,1.865,1.9,74178
ATP,20180216,0.033,0.033,0.026,0.027,643427
ATS,20180216,0.35,0.35,0.32,0.325,153754
ATU,20180216,0.14,0.14,0.14,0.14,10000
AU1,20180216,0.02,0.022,0.02,0.02,3947924
AU8,20180216,0.415,0.42,0.405,0.41,996704
AUB,20180216,12.61,12.83,12.5,12.75,36063
AUC,20180216,0.053,0.053,0.049,0.05,2136477
AUF,20180216,1.38,1.38,1.35,1.35,23281
AUI,20180216,8.83,8.88,8.83,8.83,10868
AUL,20180216,0.008,0.009,0.008,0.009,20245243
AUP,20180216,4.15,4.15,4.15,4.15,2000
AUQ,20180216,0.027,0.028,0.023,0.024,613486
AUR,20180216,0.041,0.041,0.041,0.041,2950
AUST,20180216,15.65,15.65,15.63,15.63,6725
AVB,20180216,0.086,0.087,0.081,0.082,3511582
AVG,20180216,0.535,0.54,0.535,0.535,94400
AVH,20180216,0.064,0.065,0.061,0.064,368625
AVJ,20180216,0.745,0.745,0.72,0.72,32910
AVL,20180216,0.04,0.042,0.039,0.039,6191463
AVN,20180216,2.15,2.15,2.09,2.1,241673
AVQ,20180216,0.14,0.14,0.135,0.135,127645
AVZ,20180216,0.28,0.285,0.275,0.285,3372073
AWC,20180216,2.33,2.35,2.27,2.31,11018345
AWE,20180216,0.97,0.98,0.97,0.97,2384527
AWN,20180216,0.37,0.39,0.37,0.39,32203
AWV,20180216,0.07,0.07,0.07,0.07,50
AWY,20180216,0.031,0.031,0.031,0.031,113000
AX1,20180216,0.895,0.9,0.89,0.9,549107
AX8,20180216,0.19,0.19,0.185,0.185,109075
AXE,20180216,0.12,0.12,0.105,0.105,408287
AXI,20180216,0.052,0.057,0.052,0.052,51573
AXL,20180216,1.98,2,1.96,2,87906
AXP,20180216,0.565,0.565,0.52,0.535,131793
AYM,20180216,0.003,0.003,0.003,0.003,555000
AYR,20180216,0.007,0.007,0.007,0.007,11063055
AYS,20180216,1.565,1.565,1.505,1.51,1784081
AZJ,20180216,4.6,4.69,4.58,4.58,8674441
AZM,20180216,0.032,0.032,0.032,0.032,141501
AZS,20180216,0.31,0.33,0.305,0.305,58180
AZY,20180216,0.019,0.022,0.019,0.022,2730179
BAF,20180216,1.2,1.21,1.185,1.2,105448
BAL,20180216,14.88,14.97,14.65,14.9,355740
BAP,20180216,5.7,5.775,5.68,5.69,939015
BAR,20180216,0.045,0.046,0.045,0.046,68208
BAS,20180216,0.004,0.005,0.004,0.005,16142815
BAT,20180216,0.085,0.086,0.084,0.084,1477829
BAU,20180216,0.06,0.061,0.06,0.06,1298669
BBG,20180216,0.98,0.985,0.98,0.985,267465
BBL,20180216,0.495,0.495,0.49,0.495,5307
BBN,20180216,1.48,1.645,1.48,1.56,1254377
BBOZ,20180216,15.77,15.96,15.75,15.96,49949
BBUS,20180216,5,5.01,4.99,5.01,279500
BBX,20180216,0.23,0.23,0.225,0.23,18347
BC8,20180216,0.335,0.335,0.33,0.33,50000
BCB,20180216,0.019,0.019,0.017,0.017,8081695
BCI,20180216,0.155,0.16,0.15,0.15,1136331
BCN,20180216,0.017,0.017,0.016,0.016,469117
BCT,20180216,0.054,0.054,0.054,0.054,160031
BD1,20180216,0.011,0.011,0.011,0.011,2211563
BDA,20180216,0.49,0.5,0.45,0.46,113275
BDI,20180216,0.001,0.001,0.001,0.001,14447000
BDR,20180216,0.13,0.132,0.125,0.13,3500866
BEAR,20180216,14.3,14.34,14.3,14.33,16948
BEE,20180216,0.2,0.2,0.195,0.195,22000
BEM,20180216,0.215,0.215,0.195,0.195,257452
BEN,20180216,11.06,11.11,11,11.03,1081525
BFC,20180216,0.26,0.26,0.235,0.24,606011
BFG,20180216,0.742,0.742,0.73,0.74,124582
BGA,20180216,7.1,7.29,7.1,7.17,586629
BGH,20180216,0.036,0.036,0.036,0.036,100000
BGS,20180216,0.48,0.49,0.45,0.465,1480260
BGT,20180216,0.205,0.205,0.205,0.205,170
BHD,20180216,0.975,0.98,0.97,0.98,8606
BHP,20180216,31.54,31.6,31.27,31.52,5948146
BIG,20180216,2.36,2.45,2.15,2.22,2700853
BIN,20180216,2.44,2.57,2.44,2.46,241968
BIQ,20180216,0.07,0.07,0.068,0.07,49400
BIS,20180216,0.96,0.965,0.96,0.965,58396
BIT,20180216,0.027,0.027,0.027,0.027,100450
BKI,20180216,1.685,1.685,1.67,1.675,225502
BKL,20180216,154.11,157.66,154.11,157.17,22242
BKT,20180216,0.054,0.054,0.052,0.052,759119
BKW,20180216,14.09,14.09,13.97,14.01,135572
BLA,20180216,13,13.29,12.8,13.16,612426
BLD,20180216,7.52,7.53,7.44,7.44,4569756
BLG,20180216,0.34,0.34,0.33,0.335,145120
BLK,20180216,0.051,0.053,0.05,0.051,8804449
BLT,20180216,0.22,0.22,0.21,0.22,68576
BLX,20180216,1.547,1.615,1.54,1.54,35101
BLY,20180216,0.014,0.014,0.013,0.013,3441122
BLZ,20180216,0.072,0.072,0.069,0.069,665823
BMN,20180216,0.043,0.045,0.042,0.043,316450
BMT,20180216,0.175,0.175,0.165,0.165,156822
BNO,20180216,0.38,0.385,0.365,0.365,388643
BNR,20180216,0.041,0.045,0.041,0.045,272335
BOA,20180216,0.2,0.205,0.18,0.2,78500
BOC,20180216,0.19,0.205,0.19,0.205,74000
BOE,20180216,0.045,0.045,0.044,0.044,284306
BOL,20180216,0.24,0.25,0.24,0.24,49783
BOND,20180216,25.53,25.53,25.53,25.53,3
BOQ,20180216,12.2,12.2,12.04,12.07,814309
BOT,20180216,0.12,0.12,0.115,0.115,3940741
BPF,20180216,0.15,0.15,0.147,0.147,6543757
BPP,20180216,0.02,0.02,0.019,0.019,50025
BPS,20180216,0.5,0.5,0.48,0.48,107140
BPT,20180216,1.3,1.3,1.26,1.265,5405532
BRB,20180216,0.545,0.545,0.53,0.53,290521
BRC,20180216,0.05,0.055,0.048,0.055,145047
BRG,20180216,13.5,14.175,13.39,13.4,363421
BRI,20180216,2.12,2.26,2.12,2.26,30458
BRK,20180216,0.015,0.015,0.015,0.015,1996035
BRL,20180216,0.14,0.155,0.135,0.15,1464454
BRN,20180216,0.2,0.2,0.19,0.19,758516
BRU,20180216,0.32,0.32,0.305,0.31,80523
BSA,20180216,0.36,0.375,0.35,0.375,137363
BSE,20180216,0.27,0.27,0.265,0.27,115747
BSL,20180216,15.2,15.37,15.005,15.17,1469837
BSM,20180216,0.021,0.021,0.02,0.021,3460584
BSR,20180216,0.013,0.014,0.013,0.014,134285
BSX,20180216,0.395,0.395,0.38,0.38,45250
BTH,20180216,0.455,0.455,0.42,0.425,288209
BTI,20180216,0.83,0.83,0.83,0.83,63025
BTT,20180216,10.55,10.57,10.3,10.3,565678
BUB,20180216,0.68,0.68,0.67,0.675,549969
BUL,20180216,0.12,0.12,0.115,0.115,1201348
BUX,20180216,0.12,0.12,0.12,0.12,11000
BVS,20180216,1.94,1.99,1.935,1.99,164273
BWF,20180216,0.935,0.935,0.93,0.93,7290
BWP,20180216,2.9,2.9,2.87,2.87,514040
BWR,20180216,1.32,1.34,1.3,1.34,18768
BWX,20180216,7.15,7.5,7.15,7.4,274246
BXB,20180216,9.63,9.75,9.62,9.63,4345181
BXN,20180216,0.07,0.071,0.07,0.07,215086
BYE,20180216,0.285,0.295,0.285,0.295,570153
CAA,20180216,0.157,0.157,0.155,0.155,253804
CAB,20180216,1.84,1.895,1.84,1.855,34045
CAE,20180216,0.048,0.048,0.048,0.048,73691
CAF,20180216,0.525,0.55,0.525,0.55,18200
CAI,20180216,0.04,0.041,0.039,0.041,2232020
CAJ,20180216,0.255,0.267,0.255,0.265,2415221
CAM,20180216,0.89,0.89,0.87,0.88,80112
CAN,20180216,3.3,3.32,3.2,3.25,144089
CAQ,20180216,0.038,0.038,0.036,0.036,5800
CAR,20180216,13.88,14.1,13.86,14.05,950107
CAS,20180216,0.062,0.062,0.062,0.062,150000
CAT,20180216,1.79,1.79,1.735,1.77,50123
CAV,20180216,0.016,0.017,0.016,0.017,1174718
CAY,20180216,0.14,0.14,0.13,0.13,380536
CAZ,20180216,0.041,0.043,0.04,0.04,657222
CBA,20180216,74,74.89,74,74.02,2222914
CCA,20180216,1.13,1.13,1.07,1.07,135369
CCE,20180216,0.042,0.042,0.041,0.041,608099
CCG,20180216,0.245,0.245,0.245,0.245,122000
CCL,20180216,8.42,8.54,8.42,8.48,1558387
CCP,20180216,20.02,20.24,19.97,20.16,172418
CCV,20180216,0.37,0.375,0.365,0.375,201813
CCZ,20180216,0.062,0.063,0.061,0.063,805955
CDA,20180216,2.12,2.14,2.12,2.12,163843
CDD,20180216,1.285,1.292,1.235,1.235,62124
CDM,20180216,1.335,1.345,1.32,1.32,471097
CDP,20180216,7.4,7.41,7.38,7.39,33990
CDT,20180216,0.021,0.022,0.021,0.022,456991
CDU,20180216,0.215,0.22,0.21,0.22,16203
CDV,20180216,0.54,0.55,0.535,0.545,333355
CDY,20180216,0.52,0.545,0.52,0.54,129176
CE1,20180216,0.053,0.054,0.053,0.054,192671
CEL,20180216,0.016,0.016,0.016,0.016,509062
CEN,20180216,4.86,4.89,4.86,4.89,2000
CETF,20180216,63.48,63.48,63.09,63.09,835
CFE,20180216,0.054,0.055,0.051,0.051,2257600
CFO,20180216,0.22,0.24,0.215,0.22,402756
CG1,20180216,0.575,0.575,0.57,0.57,175000
CGA,20180216,0.4,0.4,0.4,0.4,7371
CGC,20180216,5.76,5.82,5.74,5.77,1043669
CGF,20180216,12.58,12.58,12.31,12.32,1229031
CGL,20180216,7.19,7.25,7.12,7.16,56917
CGN,20180216,0.019,0.019,0.019,0.019,10000
CGR,20180216,0.44,0.45,0.43,0.445,442908
CGS,20180216,0.94,0.95,0.9,0.945,81178
CHC,20180216,5.66,5.755,5.66,5.75,1683356
CHN,20180216,0.18,0.18,0.175,0.18,443051
CHP,20180216,0.014,0.014,0.013,0.013,5771159
CHZ,20180216,0.065,0.068,0.064,0.068,173454
CIA,20180216,1.3,1.3,1.28,1.28,59184
CIE,20180216,0.97,0.97,0.96,0.96,75205
CII,20180216,1.78,1.78,1.78,1.78,5000
CIM,20180216,45.2,45.43,44.77,45.21,186827
CIN,20180216,33,33.35,33,33.35,2080
CIO,20180216,0.028,0.028,0.027,0.027,2122001
CIP,20180216,2.42,2.45,2.4,2.42,106675
CIW,20180216,0.505,0.51,0.49,0.51,40500
CKA,20180216,0.046,0.046,0.045,0.045,556606
CKF,20180216,5.24,5.26,5.19,5.22,251441
CL1,20180216,2.83,2.89,2.79,2.79,233074
CL8,20180216,0.027,0.028,0.027,0.028,1975818
CLA,20180216,0.12,0.12,0.11,0.11,2557106
CLH,20180216,1.26,1.27,1.255,1.27,63921
CLL,20180216,0.13,0.13,0.125,0.125,1372337
CLQ,20180216,1.25,1.28,1.21,1.23,2519420
CLW,20180216,3.77,3.77,3.7,3.71,409643
CLX,20180216,1.13,1.13,1.12,1.12,20600
CLY,20180216,0.004,0.004,0.003,0.003,1250000
CLZ,20180216,0.006,0.006,0.005,0.006,9785439
CM8,20180216,0.085,0.085,0.082,0.082,106113
CMA,20180216,2.31,2.33,2.3,2.33,73592
CMC,20180216,0.027,0.027,0.027,0.027,19162
CMD,20180216,0.077,0.077,0.075,0.075,106883
CMI,20180216,1.33,1.33,1.33,1.33,21669
CMM,20180216,0.079,0.08,0.079,0.08,677606
CMP,20180216,0.37,0.375,0.37,0.375,2116
CMW,20180216,0.955,0.955,0.95,0.95,3583502
CNI,20180216,1.3,1.35,1.3,1.31,14578
CNU,20180216,3.61,3.64,3.585,3.59,175745
COB,20180216,0.69,0.69,0.67,0.67,171594
COE,20180216,0.33,0.33,0.322,0.325,1048282
COG,20180216,0.099,0.1,0.099,0.1,742158
COH,20180216,174.3,175.75,173.03,173.17,119557
COI,20180216,0.23,0.235,0.23,0.235,48159
CP1,20180216,0.28,0.28,0.265,0.275,255487
CPH,20180216,0.97,0.99,0.93,0.94,461132
CPU,20180216,17.55,17.65,17.47,17.56,2613299
CQG,20180216,0.99,0.995,0.99,0.995,126568
CQR,20180216,3.67,3.69,3.67,3.68,1031480
CRB,20180216,0.08,0.08,0.08,0.08,48954
CRD,20180216,1,1,1,1,55500
CRR,20180216,2.68,2.68,2.67,2.67,8463
CSL,20180216,152.79,154.13,152.5,153.39,892911
CSR,20180216,4.85,4.87,4.76,4.84,1459011
CSS,20180216,0.06,0.06,0.059,0.059,751649
CSV,20180216,0.29,0.295,0.28,0.29,787784
CT1,20180216,0.024,0.025,0.023,0.023,1359179
CTD,20180216,21.1,21.2,20.94,21.02,252358
CTM,20180216,0.012,0.012,0.012,0.012,1800495
CTO,20180216,0.007,0.007,0.006,0.007,337000
CTP,20180216,0.087,0.089,0.087,0.087,627241
CTX,20180216,33.48,33.53,33.03,33.13,624428
CUL,20180216,0.002,0.002,0.002,0.002,940000
CUP,20180216,0.58,0.58,0.58,0.58,14000
CUV,20180216,8.65,8.8,8.56,8.8,8950
CVC,20180216,2.64,2.64,2.64,2.64,4
CVF,20180216,1.165,1.165,1.16,1.16,51725
CVN,20180216,0.14,0.145,0.14,0.14,1304951
CVS,20180216,0.009,0.009,0.009,0.009,20000
CVT,20180216,0.03,0.031,0.029,0.031,274798
CVV,20180216,0.053,0.053,0.053,0.053,11364
CVW,20180216,1.505,1.54,1.505,1.525,116115
CWL,20180216,0.06,0.06,0.058,0.06,50000
CWN,20180216,12.89,12.9,12.57,12.58,4496459
CWP,20180216,5.85,5.89,5.82,5.82,443106
CWX,20180216,0.24,0.24,0.235,0.235,35910
CWY,20180216,1.355,1.382,1.355,1.375,4875883
CXM,20180216,0.14,0.14,0.13,0.135,419470
CXO,20180216,0.068,0.068,0.065,0.066,659435
CY5,20180216,0.28,0.28,0.255,0.26,163041
CYA,20180216,0.94,0.945,0.94,0.945,309907
CYB,20180216,5.41,5.44,5.38,5.39,3538965
CYC,20180216,0.945,0.945,0.93,0.93,28755
CYG,20180216,1.2,1.2,1.18,1.185,9182
CYL,20180216,1.245,1.245,1.245,1.245,25
CYP,20180216,0.88,0.88,0.88,0.88,59239
CYQ,20180216,0.017,0.017,0.017,0.017,294117
CZI,20180216,0.07,0.07,0.069,0.069,178970
CZL,20180216,0.012,0.012,0.011,0.011,177500
CZN,20180216,0.017,0.018,0.017,0.018,6458584
CZR,20180216,0.022,0.023,0.022,0.023,122000
CZZ,20180216,17,17,16.9,17,12070
D13,20180216,0.095,0.099,0.094,0.096,1069642
D2O,20180216,1.105,1.105,1.08,1.08,46685
DAU,20180216,0.026,0.026,0.026,0.026,12840
DBF,20180216,1.54,1.54,1.54,1.54,400
DCC,20180216,0.285,0.29,0.275,0.28,5535774
DCG,20180216,1.08,1.15,1.055,1.145,47231
DCL,20180216,0.1,0.1,0.099,0.099,20000
DCN,20180216,2.91,2.91,2.82,2.86,231465
DDD,20180216,0.006,0.006,0.006,0.006,100600
DDR,20180216,2.97,2.99,2.96,2.96,59335
DDT,20180216,0.007,0.009,0.007,0.008,17003556
DEG,20180216,0.135,0.135,0.13,0.13,316952
DEV,20180216,0.008,0.008,0.008,0.008,500000
DFM,20180216,0.845,0.885,0.845,0.885,49204
DGH,20180216,1.15,1.15,1.145,1.15,9244
DGO,20180216,0.73,0.75,0.72,0.75,8039
DGR,20180216,0.094,0.094,0.094,0.094,35000
DHG,20180216,2.95,2.95,2.85,2.87,705716
DHR,20180216,0.023,0.025,0.023,0.024,8043746
DIV,20180216,20.1,20.1,20.1,20.1,3500
DJRE,20180216,18.89,18.96,18.89,18.93,19889
DJW,20180216,3.4,3.45,3.4,3.43,47016
DKM,20180216,0.25,0.26,0.245,0.26,180375
DLX,20180216,7.13,7.31,7.11,7.31,1343832
DM1,20180216,0.042,0.045,0.042,0.044,496260
DME,20180216,0.2,0.21,0.2,0.21,372348
DMG,20180216,0.015,0.015,0.015,0.015,34050
DMI,20180216,0.145,0.145,0.135,0.135,1384300
DMP,20180216,42.99,43.1,42.09,42.5,1043464
DN8,20180216,0.16,0.16,0.16,0.16,66940
DNA,20180216,0.245,0.245,0.23,0.23,519290
DNK,20180216,0.72,0.72,0.715,0.72,43527
DOR,20180216,0.13,0.13,0.125,0.125,273759
DOW,20180216,6.39,6.45,6.38,6.41,1261494
DRG,20180216,0.19,0.195,0.185,0.195,931349
DRK,20180216,0.019,0.02,0.019,0.02,1375376
DRM,20180216,0.305,0.31,0.3,0.31,1142866
DRO,20180216,0.25,0.265,0.25,0.255,2759575
DSE,20180216,0.052,0.052,0.052,0.052,121000
DTI,20180216,0.125,0.125,0.12,0.12,160000
DTL,20180216,1.6,1.65,1.6,1.63,87065
DTS,20180216,0.28,0.28,0.27,0.28,399162
DTZ,20180216,0.14,0.145,0.13,0.14,1157428
DUB,20180216,0.475,0.49,0.47,0.49,269493
DUI,20180216,4.07,4.12,4.07,4.11,48881
DVL,20180216,0.22,0.225,0.22,0.22,47194
DVN,20180216,0.42,0.42,0.41,0.41,16015
DW8,20180216,0.01,0.01,0.009,0.009,925000
DWS,20180216,1.485,1.485,1.465,1.465,117703
DXB,20180216,0.135,0.135,0.13,0.135,170215
DXS,20180216,9.37,9.39,9.26,9.32,1696573
DYL,20180216,0.275,0.285,0.27,0.28,146011
E2E,20180216,0.01,0.01,0.01,0.01,183217
EAI,20180216,1.12,1.12,1.115,1.115,17700
EAR,20180216,0.34,0.35,0.335,0.335,240054
EAS,20180216,1.17,1.17,1.15,1.15,5263
EAX,20180216,0.86,0.86,0.79,0.79,75342
EBG,20180216,1,1,1,1,1000
EBO,20180216,16.38,16.38,16.15,16.15,1140
ECX,20180216,3.67,3.72,3.66,3.7,1076431
EDC,20180216,1.05,1.055,1.05,1.05,14209
EDE,20180216,0.125,0.125,0.125,0.125,1186969
EEG,20180216,0.022,0.023,0.022,0.023,1017233
EFE,20180216,0.01,0.01,0.01,0.01,30449
EGA,20180216,0.28,0.285,0.265,0.28,19206
EGD,20180216,1.92,1.95,1.89,1.95,36243
EGG,20180216,1.055,1.055,1.05,1.05,2284
EGI,20180216,1.12,1.12,1.115,1.115,41000
EHE,20180216,3.13,3.15,3.12,3.15,382862
EHH,20180216,0.3,0.3,0.3,0.3,5000
EHL,20180216,0.275,0.285,0.265,0.27,6480670
EHX,20180216,0.083,0.083,0.08,0.081,297778
ELD,20180216,6.8,6.8,6.64,6.74,194954
ELK,20180216,0.105,0.105,0.095,0.1,1454155
ELO,20180216,4.79,4.96,4.79,4.93,43286
ELS,20180216,0.81,0.81,0.74,0.78,184285
ELX,20180216,0.84,0.87,0.835,0.85,154900
EMG,20180216,0.014,0.014,0.014,0.014,268635
EMH,20180216,0.48,0.48,0.48,0.48,2000
EML,20180216,1.78,1.86,1.765,1.815,210604
EMR,20180216,0.04,0.04,0.039,0.039,829376
EN1,20180216,0.175,0.175,0.17,0.17,31869
ENB,20180216,0.013,0.014,0.013,0.013,856263
ENN,20180216,1.92,1.98,1.875,1.94,670801
EOR,20180216,0.009,0.009,0.009,0.009,500000
EOS,20180216,2.94,2.98,2.94,2.95,166305
EPD,20180216,0.455,0.47,0.455,0.455,89656
EPM,20180216,0.013,0.013,0.012,0.012,1625654
EPW,20180216,1.425,1.445,1.42,1.44,71122
EQE,20180216,0.032,0.032,0.031,0.031,407041
EQT,20180216,19.15,19.7,19.15,19.31,3041
EQX,20180216,0.38,0.385,0.38,0.385,135727
ERA,20180216,0.71,0.725,0.705,0.72,65001
ERF,20180216,1.3,1.3,1.3,1.3,34998
ERL,20180216,0.017,0.017,0.017,0.017,732809
ERM,20180216,0.072,0.075,0.072,0.073,140302
ESE,20180216,0.17,0.17,0.165,0.17,208167
ESH,20180216,0.014,0.014,0.014,0.014,659830
ESR,20180216,0.02,0.02,0.02,0.02,972854
ESV,20180216,0.175,0.175,0.175,0.175,100000
ETE,20180216,0.022,0.022,0.022,0.022,100000
ETPMAG,20180216,21,21,20.27,20.3,841
ETPMPD,20180216,119.66,119.66,119.66,119.66,0
ETPMPM,20180216,125,125,125,125,0
ETPMPT,20180216,117.13,117.13,117.13,117.13,0
EUC,20180216,0.105,0.105,0.1,0.1,667775
EUR,20180216,0.23,0.23,0.22,0.23,445071
EVE,20180216,0.013,0.013,0.013,0.013,416423
EVN,20180216,2.82,2.83,2.76,2.81,11637441
EVS,20180216,0.069,0.069,0.069,0.069,325000
EVT,20180216,13.15,13.55,13.15,13.3,64391
EWC,20180216,0.29,0.31,0.29,0.31,756161
EXG,20180216,0.046,0.049,0.046,0.049,1857122
EXL,20180216,1.39,1.39,1.33,1.33,109364
EXO,20180216,0.003,0.003,0.003,0.003,929459
EXP,20180216,0.75,0.78,0.745,0.76,211450
EXU,20180216,0.125,0.125,0.12,0.12,989920
FAR,20180216,0.078,0.08,0.077,0.079,8593683
FBR,20180216,0.16,0.165,0.16,0.16,578550
FBU,20180216,6.45,6.56,6.37,6.54,1486885
FCC,20180216,1.045,1.1,1.045,1.08,90391
FCR,20180216,0.002,0.002,0.002,0.002,35000
FCT,20180216,0.345,0.385,0.34,0.38,721705
FDM,20180216,0.325,0.33,0.32,0.33,565949
FDV,20180216,0.68,0.68,0.68,0.68,25000
FDX,20180216,0.15,0.16,0.15,0.16,27500
FEI,20180216,0.135,0.135,0.13,0.13,918
FEL,20180216,0.048,0.05,0.047,0.049,4131546
FET,20180216,2.6,2.65,2.59,2.63,548152
FFG,20180216,0.072,0.074,0.069,0.073,7447662
FFI,20180216,3.96,3.96,3.96,3.96,375
FFT,20180216,0.125,0.125,0.125,0.125,55780
FGF,20180216,0.025,0.028,0.025,0.025,35402503
FGG,20180216,1.23,1.23,1.205,1.205,131877
FGO,20180216,0.052,0.055,0.052,0.054,1786905
FGR,20180216,0.13,0.13,0.12,0.125,410188
FGX,20180216,1.18,1.185,1.17,1.18,128370
FHS,20180216,0.085,0.087,0.085,0.085,547478
FID,20180216,4.43,4.66,4.43,4.5,484524
FIG,20180216,0.475,0.48,0.465,0.47,105831
FLC,20180216,0.5,0.51,0.49,0.51,519885
FLK,20180216,1.125,1.15,1.1,1.105,20444
FLN,20180216,0.345,0.38,0.335,0.37,197689
FLT,20180216,49.2,49.375,48.425,48.58,263508
FMG,20180216,5.46,5.46,5.28,5.35,12656921
FML,20180216,0.33,0.33,0.33,0.33,2326
FMS,20180216,0.091,0.091,0.091,0.091,33700
FND,20180216,0.24,0.25,0.24,0.25,762914
FNP,20180216,5.07,5.14,5.02,5.1,24307
FOD,20180216,0.051,0.051,0.05,0.05,255226
FOR,20180216,2.04,2.07,2.04,2.07,27415
FPH,20180216,11.93,12.18,11.93,12.04,347963
FPL,20180216,0.009,0.009,0.009,0.009,2326128
FPP,20180216,1.115,1.12,1.115,1.12,2992
FRI,20180216,1.02,1.035,1.02,1.035,6923
FRM,20180216,0.925,0.925,0.915,0.925,10124
FSA,20180216,1.545,1.545,1.545,1.545,8000
FSF,20180216,5.55,5.69,5.55,5.61,14230
FSG,20180216,0.027,0.027,0.027,0.027,98080
FSI,20180216,1.69,1.69,1.655,1.655,22226
FTZ,20180216,0.078,0.078,0.078,0.078,15817
FUN,20180216,0.18,0.18,0.165,0.165,881
FWD,20180216,2.8,2.88,2.79,2.87,8531
FXJ,20180216,0.645,0.645,0.605,0.61,10950086
FXL,20180216,1.565,1.62,1.56,1.6,459691
FYA,20180216,0.02,0.02,0.02,0.02,2500
FYI,20180216,0.1,0.13,0.1,0.125,2005234
FZO,20180216,0.6,0.615,0.6,0.6,378586
FZR,20180216,0.28,0.28,0.28,0.28,19230
G1A,20180216,1.1,1.18,1.06,1.125,109826
G88,20180216,0.595,0.595,0.58,0.58,89597
GAP,20180216,0.365,0.365,0.36,0.36,818789
GBE,20180216,0.017,0.017,0.017,0.017,10000
GBG,20180216,0.025,0.026,0.025,0.026,315262
GBM,20180216,0.007,0.007,0.007,0.007,125000
GBP,20180216,0.036,0.036,0.034,0.034,211917
GBR,20180216,0.275,0.275,0.26,0.26,85208
GBT,20180216,2.42,2.52,2.4,2.41,3374635
GBZ,20180216,0.009,0.009,0.009,0.009,999338
GC1,20180216,0.98,0.99,0.97,0.97,40579
GCR,20180216,0.019,0.019,0.019,0.019,3750
GCS,20180216,0.835,0.865,0.835,0.84,31871
GCY,20180216,0.475,0.49,0.47,0.475,1232093
GDF,20180216,1.155,1.155,1.135,1.15,34303
GDI,20180216,1.24,1.252,1.23,1.25,431714
GDX,20180216,29.14,29.14,28.87,29.05,3245
GEAR,20180216,22.09,22.14,21.85,21.85,20439
GEM,20180216,3.2,3.26,3.2,3.26,1395465
GES,20180216,0.009,0.009,0.009,0.009,30000
GEV,20180216,0.355,0.36,0.345,0.355,317893
GFL,20180216,2.15,2.15,2.15,2.15,554
GFY,20180216,0.32,0.32,0.32,0.32,31748
GGE,20180216,0.004,0.004,0.004,0.004,332778
GGG,20180216,0.086,0.09,0.086,0.09,187958
GGUS,20180216,16.38,16.4,16.37,16.38,19827
GLA,20180216,0.005,0.005,0.004,0.004,2900000
GMA,20180216,2.6,2.61,2.55,2.58,3759460
GMC,20180216,0.013,0.013,0.012,0.012,3814089
GMD,20180216,0.05,0.05,0.047,0.047,1772707
GME,20180216,0.145,0.145,0.145,0.145,31849
GMG,20180216,8.24,8.24,8.08,8.09,3422576
GMN,20180216,0.1,0.1,0.1,0.1,34037
GMR,20180216,0.045,0.045,0.045,0.045,62027
GMV,20180216,0.35,0.35,0.335,0.35,551483
GNC,20180216,7.57,7.59,7.36,7.56,2045299
GNE,20180216,2.2,2.2,2.19,2.19,9175
GNG,20180216,1.355,1.4,1.3,1.365,125689
GNX,20180216,0.29,0.29,0.285,0.285,171606
GO2,20180216,0.14,0.145,0.135,0.14,725085
GOLD,20180216,160.9,161.4,160.88,161.4,2662
GOR,20180216,0.81,0.82,0.785,0.81,1958035
GOVT,20180216,25.39,25.39,25.39,25.39,250
GOW,20180216,3.15,3.17,3.15,3.17,7000
GOZ,20180216,3.12,3.14,3.11,3.12,210085
GPP,20180216,0.014,0.014,0.013,0.014,3414236
GPR,20180216,0.031,0.032,0.03,0.03,897290
GPT,20180216,4.7,4.75,4.69,4.73,5001173
GPX,20180216,0.31,0.335,0.31,0.325,429994
GRB,20180216,0.089,0.09,0.089,0.089,399011
GRR,20180216,0.205,0.21,0.2,0.21,1680379
GSC,20180216,0.4,0.435,0.39,0.425,6646828
GSL,20180216,0.18,0.18,0.17,0.17,25699
GSS,20180216,0.285,0.285,0.285,0.285,18000
GTE,20180216,0.016,0.016,0.015,0.015,320132
GTG,20180216,0.014,0.015,0.014,0.014,27472412
GTK,20180216,5.71,5.85,5.66,5.85,11681
GTN,20180216,2.46,2.46,2.45,2.45,1167354
GTY,20180216,1.95,1.955,1.935,1.95,231742
GUD,20180216,11.53,11.69,11.275,11.65,415784
GVF,20180216,1.145,1.145,1.12,1.12,127349
GWA,20180216,2.71,2.73,2.67,2.72,391186
GXL,20180216,6.05,6.08,5.96,5.96,178777
GXY,20180216,3.53,3.54,3.41,3.44,2058628
HAS,20180216,0.3,0.305,0.3,0.305,208592
HAV,20180216,0.25,0.25,0.25,0.25,75180
HAW,20180216,0.072,0.072,0.069,0.069,49987
HCH,20180216,0.03,0.03,0.03,0.03,52187
HCT,20180216,0.095,0.097,0.09,0.09,249039
HDY,20180216,0.008,0.008,0.007,0.007,2212500
HE8,20180216,0.048,0.051,0.048,0.048,626770
HEG,20180216,0.14,0.14,0.135,0.135,508083
HFR,20180216,0.97,1.03,0.96,0.96,96201
HGO,20180216,0.095,0.095,0.092,0.094,21987
HIG,20180216,0.08,0.08,0.079,0.08,278249
HIL,20180216,0.255,0.255,0.245,0.245,36821
HIT,20180216,0.895,0.895,0.86,0.87,59561
HLO,20180216,4.6,4.65,4.6,4.61,6539
HLX,20180216,0.037,0.038,0.036,0.036,1212083
HMO,20180216,0.135,0.135,0.125,0.125,8200
HMX,20180216,0.052,0.055,0.052,0.055,310295
HNG,20180216,0.445,0.45,0.445,0.45,88551
HNR,20180216,0.022,0.022,0.021,0.021,975070
HOM,20180216,0.595,0.6,0.595,0.6,919847
HPI,20180216,2.93,2.98,2.91,2.92,76274
HPR,20180216,0.042,0.042,0.04,0.04,549070
HRL,20180216,0.155,0.155,0.155,0.155,14112
HRR,20180216,0.76,0.78,0.76,0.77,138002
HSN,20180216,3.86,3.89,3.81,3.84,113544
HSO,20180216,1.795,1.905,1.792,1.895,8953084
HT1,20180216,1.77,1.83,1.7,1.73,918228
HUB,20180216,10.49,10.6,10.42,10.58,106732
HUO,20180216,4.7,4.98,4.7,4.78,15953
HVN,20180216,4.36,4.38,4.3,4.33,1219252
HVST,20180216,15.98,16.09,15.98,16.02,109947
HWK,20180216,0.024,0.024,0.024,0.024,138207
HXG,20180216,0.2,0.2,0.2,0.2,12500
HZN,20180216,0.105,0.11,0.105,0.11,86386
HZR,20180216,0.46,0.46,0.46,0.46,6380
IAA,20180216,87.52,88.99,87.52,88.39,9804
IAB,20180216,0.46,0.46,0.46,0.46,7500
IAF,20180216,105.78,105.78,105.37,105.42,6522
IAG,20180216,7.78,7.85,7.69,7.7,4273173
IAM,20180216,0.026,0.026,0.024,0.025,9604713
IAU,20180216,1.18,1.185,1.145,1.18,64148
IBG,20180216,0.064,0.064,0.062,0.063,535857
IBK,20180216,60.5,60.61,60.18,60.18,1768
IBN,20180216,0.007,0.007,0.007,0.007,1279103
IBX,20180216,0.07,0.07,0.065,0.065,386445
ICG,20180216,0.005,0.005,0.005,0.005,700000
ICN,20180216,0.023,0.024,0.023,0.024,30938
ICQ,20180216,0.245,0.25,0.24,0.25,134544
ICT,20180216,0.057,0.06,0.053,0.06,216806
ICU,20180216,0.046,0.046,0.045,0.045,100241
IDR,20180216,2.46,2.47,2.45,2.46,82890
IDT,20180216,0.078,0.081,0.076,0.081,640420
IDX,20180216,2.22,2.26,2.22,2.26,109091
IEC,20180216,0.015,0.015,0.015,0.015,7000
IEL,20180216,7,7,6.92,6.95,87204
IEM,20180216,63,63.43,62.56,62.56,41100
IEU,20180216,60.37,60.7,60.29,60.6,32588
IFL,20180216,10.56,10.56,10.02,10.27,2084383
IFM,20180216,0.83,0.84,0.815,0.83,80347
IFN,20180216,0.585,0.61,0.575,0.605,774193
IGB,20180216,101.54,101.74,101.54,101.74,397
IGE,20180216,0.17,0.17,0.17,0.17,33001
IGL,20180216,2.15,2.16,2.14,2.14,349655
IGO,20180216,5.01,5.07,4.96,5,1805282
IHCB,20180216,104.92,105.1,104.82,104.82,4607
IHD,20180216,13.71,13.71,13.66,13.66,11868
IHEB,20180216,106.37,106.46,106.34,106.34,1340
IHHY,20180216,106.1,106.77,106,106.77,710
IHK,20180216,32.01,32.01,31.98,31.98,1575
IHL,20180216,0.027,0.027,0.027,0.027,100000
IHOO,20180216,113.08,113.08,112,112.93,164
IHR,20180216,0.36,0.38,0.36,0.375,33400
IHVV,20180216,348.91,348.94,347.94,347.95,1526
IIL,20180216,0.03,0.03,0.03,0.03,91834
IJH,20180216,240.98,240.99,238.49,240.99,7892
IJP,20180216,76.37,77.29,76.35,77.13,42283
IJR,20180216,97.39,97.73,97.39,97.5,907
IKO,20180216,95.99,95.99,94.91,95.73,3043
ILB,20180216,115.26,115.27,114.83,115.25,1916
ILC,20180216,23.47,23.5,23.37,23.37,9869
ILU,20180216,9.8,9.83,9.555,9.63,1193242
IMA,20180216,0.098,0.1,0.094,0.094,232655
IMC,20180216,0.26,0.265,0.25,0.255,195014
IMD,20180216,1.03,1.07,1.005,1.025,173365
IMF,20180216,3.2,3.22,3.16,3.16,352200
IMM,20180216,0.022,0.023,0.022,0.022,95590
IMS,20180216,0.033,0.035,0.032,0.032,889003
IMU,20180216,0.023,0.023,0.02,0.021,22690835
INA,20180216,2.64,2.64,2.6,2.62,160818
ING,20180216,3.39,3.42,3.39,3.39,69994
INK,20180216,0.1,0.1,0.1,0.1,20000
INM,20180216,42.54,42.65,42.06,42.13,15386
IOF,20180216,4.21,4.25,4.19,4.25,777383
IOO,20180216,118.51,118.82,118.38,118.51,8694
IOT,20180216,0.008,0.008,0.007,0.007,165833
IOZ,20180216,24.45,24.45,24.29,24.32,137617
IP1,20180216,0.065,0.065,0.063,0.063,25000
IPB,20180216,0.01,0.01,0.01,0.01,127100
IPD,20180216,0.7,0.71,0.695,0.71,68088
IPE,20180216,0.12,0.12,0.12,0.12,330768
IPH,20180216,4.1,4.1,3.8,3.85,13832429
IPL,20180216,3.63,3.63,3.57,3.6,1922581
IPT,20180216,0.017,0.017,0.017,0.017,94000
IRC,20180216,0.19,0.195,0.185,0.19,235314
IRD,20180216,0.18,0.18,0.18,0.18,19
IRE,20180216,11.55,11.63,11.46,11.49,242074
IRI,20180216,3.76,3.78,3.68,3.7,185835
IRU,20180216,193.34,193.51,192.82,192.82,450
ISD,20180216,1.195,1.22,1.18,1.215,158738
ISO,20180216,4.84,4.84,4.82,4.82,1716
ISU,20180216,1.29,1.355,1.29,1.325,767710
ISX,20180216,0.15,0.15,0.145,0.145,1027995
ITW,20180216,47.46,47.46,47.42,47.42,2300
IVC,20180216,15.59,15.76,15.29,15.46,251456
IVE,20180216,89.58,89.99,89.58,89.77,8867
IVO,20180216,0.011,0.011,0.011,0.011,430783
IVR,20180216,0.018,0.018,0.018,0.018,763225
IVV,20180216,346.58,347.46,345.61,345.74,10394
IVX,20180216,0.02,0.02,0.016,0.018,10266311
IXI,20180216,129.15,129.73,129.15,129.63,770
IXJ,20180216,144,144.49,143.92,144,4834
IXP,20180216,73.93,73.93,73.54,73.89,1085
IXU,20180216,0.34,0.34,0.325,0.34,61500
IZZ,20180216,62.45,62.46,62.2,62.44,3788
JAN,20180216,0.4,0.4,0.38,0.4,323296
JAY,20180216,0.37,0.37,0.37,0.37,16105
JBH,20180216,27.04,27.08,26.72,26.78,480162
JCS,20180216,0.042,0.042,0.042,0.042,103786
JDR,20180216,0.021,0.022,0.021,0.022,2968250
JHC,20180216,1.935,1.95,1.915,1.935,156301
JHG,20180216,45,45.12,44.15,44.45,405203
JHX,20180216,22.55,23,22.43,22.73,1340486
JIN,20180216,3.68,3.78,3.66,3.69,140719
JKA,20180216,0.004,0.004,0.004,0.004,100000
JKL,20180216,0.07,0.07,0.067,0.067,250000
JLG,20180216,1.37,1.37,1.36,1.365,115571
JPR,20180216,0.099,0.099,0.099,0.099,434
JRV,20180216,0.51,0.535,0.51,0.52,159141
JVG,20180216,0.002,0.002,0.002,0.002,2590024
JYC,20180216,1.565,1.57,1.56,1.56,17490
K2F,20180216,0.295,0.295,0.27,0.27,342457
KAI,20180216,0.041,0.041,0.039,0.04,2020220
KAM,20180216,0.23,0.23,0.22,0.22,35946
KAR,20180216,1.195,1.22,1.18,1.185,345227
KAS,20180216,0.015,0.015,0.015,0.015,80000
KCN,20180216,0.43,0.435,0.43,0.435,442080
KDR,20180216,1.92,1.92,1.85,1.86,861629
KEY,20180216,0.007,0.007,0.007,0.007,41059
KFE,20180216,0.115,0.12,0.11,0.11,243499
KGL,20180216,0.395,0.395,0.39,0.39,177277
KGN,20180216,6.93,7.06,6.91,6.95,242118
KII,20180216,2.71,2.71,2.71,2.71,26800
KIN,20180216,0.24,0.24,0.22,0.225,858303
KKT,20180216,0.455,0.455,0.41,0.41,899408
KLA,20180216,21,21,21,21,1000
KLH,20180216,0.009,0.01,0.009,0.01,401953
KLL,20180216,0.38,0.38,0.38,0.38,11927
KMD,20180216,2.19,2.2,2.16,2.18,30559
KME,20180216,0.57,0.57,0.57,0.57,14035
KMT,20180216,0.034,0.036,0.034,0.036,1713751
KNL,20180216,0.14,0.14,0.14,0.14,10000
KNM,20180216,0.097,0.098,0.095,0.097,176114
KNO,20180216,0.13,0.135,0.099,0.1,1951586
KOR,20180216,0.027,0.028,0.027,0.028,358843
KP2,20180216,0.105,0.11,0.105,0.11,161000
KPC,20180216,0.022,0.022,0.022,0.022,4950
KPG,20180216,1.62,1.62,1.62,1.62,2000
KPL,20180216,0.085,0.085,0.085,0.085,89032
KPT,20180216,2.22,2.22,2.22,2.22,1707
KRC,20180216,0.042,0.043,0.041,0.042,3039151
KRL,20180216,0.02,0.02,0.02,0.02,55000
KRM,20180216,0.077,0.08,0.077,0.08,53361
KSN,20180216,0.023,0.023,0.023,0.023,251493
KYK,20180216,0.27,0.275,0.26,0.275,103412
KZA,20180216,0.57,0.57,0.55,0.57,82502
KZR,20180216,0.09,0.092,0.09,0.091,19739
LAA,20180216,0.11,0.125,0.11,0.125,273308
LAU,20180216,0.43,0.43,0.425,0.425,58167
LBT,20180216,0.18,0.18,0.18,0.18,58500
LCA,20180216,0.645,0.65,0.645,0.65,49152
LCD,20180216,0.025,0.025,0.025,0.025,756671
LCK,20180216,0.09,0.091,0.09,0.09,78358
LCM,20180216,0.28,0.29,0.28,0.28,152950
LCT,20180216,0.027,0.027,0.025,0.027,1213327
LEG,20180216,0.024,0.024,0.023,0.023,232710
LEP,20180216,4.84,4.87,4.8,4.85,44105
LER,20180216,0.095,0.095,0.095,0.095,708
LEX,20180216,0.145,0.15,0.14,0.145,184208
LFR,20180216,0.09,0.094,0.088,0.089,228681
LGD,20180216,0.23,0.23,0.23,0.23,13514
LHB,20180216,0.072,0.072,0.072,0.072,500
LHC,20180216,3.63,3.64,3.62,3.64,48301
LI3,20180216,0.11,0.11,0.11,0.11,53741
LIC,20180216,5.08,5.15,5.06,5.13,1047067
LIN,20180216,0.02,0.02,0.02,0.02,72937
LIT,20180216,0.18,0.18,0.175,0.175,284284
LKE,20180216,0.13,0.13,0.125,0.125,123090
LKO,20180216,0.002,0.002,0.001,0.001,25724309
LLC,20180216,15.85,15.85,15.51,15.57,1338544
LMG,20180216,0.015,0.015,0.014,0.014,152874
LML,20180216,0.032,0.034,0.032,0.034,18047
LMW,20180216,0.605,0.605,0.6,0.6,42500
LNG,20180216,0.525,0.535,0.49,0.49,1182831
LNK,20180216,8.59,8.59,8.52,8.56,1829158
LNU,20180216,0.12,0.125,0.115,0.12,767606
LOM,20180216,0.245,0.25,0.245,0.245,261821
LON,20180216,0.037,0.039,0.036,0.039,12672393
LOV,20180216,7.3,7.4,7.2,7.36,39146
LPD,20180216,0.054,0.055,0.053,0.053,3436654
LPE,20180216,0.022,0.023,0.022,0.022,244157
LPI,20180216,0.46,0.46,0.435,0.44,151051
LRS,20180216,0.012,0.012,0.012,0.012,14990085
LSR,20180216,0.025,0.025,0.025,0.025,50000
LTR,20180216,0.042,0.042,0.038,0.039,1283627
LVH,20180216,1.035,1.08,1.035,1.075,446911
LVT,20180216,0.475,0.48,0.455,0.455,1231973
LYC,20180216,1.93,1.975,1.93,1.965,4289522
LYL,20180216,4.94,4.95,4.94,4.95,1035
M7T,20180216,0.33,0.33,0.315,0.33,39000
MA1,20180216,0.86,0.86,0.86,0.86,5700
MAH,20180216,0.24,0.24,0.23,0.235,3368123
MAI,20180216,0.55,0.55,0.55,0.55,47395
MAQ,20180216,15.44,15.44,15.38,15.38,379
MAR,20180216,0.006,0.006,0.006,0.006,100000
MAT,20180216,0.175,0.175,0.175,0.175,43459
MAY,20180216,0.015,0.016,0.015,0.016,700120
MBK,20180216,0.019,0.019,0.019,0.019,1624935
MBM,20180216,0.295,0.3,0.295,0.3,37357
MCA,20180216,0.066,0.066,0.065,0.065,39291
MCE,20180216,0.65,0.65,0.63,0.63,135576
MCM,20180216,0.68,0.68,0.675,0.675,1980
MCP,20180216,1.27,1.28,1.25,1.255,56925
MCR,20180216,0.37,0.38,0.37,0.38,344986
MCT,20180216,0.034,0.035,0.034,0.035,1352912
MCY,20180216,3.1,3.13,3.1,3.1,6830
MDC,20180216,0.845,0.845,0.815,0.83,154914
MDI,20180216,0.021,0.021,0.021,0.021,100000
MDL,20180216,1.155,1.155,1.115,1.14,65155
MDR,20180216,0.052,0.054,0.052,0.054,25856
MEA,20180216,0.395,0.435,0.395,0.41,135177
MEB,20180216,0.24,0.24,0.2,0.21,1047994
MEC,20180216,1.025,1.025,1.025,1.025,25173
MED,20180216,0.005,0.005,0.005,0.005,17158169
MEI,20180216,0.042,0.043,0.042,0.042,1318934
MEP,20180216,0.073,0.073,0.073,0.073,11000
MEU,20180216,0.017,0.018,0.017,0.018,573997
MEY,20180216,0.135,0.135,0.135,0.135,20000
MEZ,20180216,2.65,2.7,2.64,2.65,27227
MFD,20180216,1.13,1.15,1.13,1.15,31587
MFF,20180216,2.33,2.35,2.31,2.34,284530
MFG,20180216,25.4,25.47,24.97,24.99,374805
MGC,20180216,0.83,0.83,0.825,0.825,171067
MGE,20180216,3.03,3.03,3.01,3.03,257132
MGG,20180216,1.525,1.54,1.505,1.525,1004662
MGL,20180216,0.034,0.034,0.034,0.034,60183
MGP,20180216,0.255,0.255,0.255,0.255,50000
MGR,20180216,2.12,2.12,2.07,2.07,10169881
MGV,20180216,0.078,0.078,0.076,0.076,182305
MGX,20180216,0.435,0.44,0.435,0.435,785570
MGZ,20180216,0.02,0.02,0.02,0.02,15934
MHG,20180216,3.1,3.1,3.1,3.1,11712
MHJ,20180216,1.09,1.09,1.07,1.07,379598
MIL,20180216,1.39,1.39,1.39,1.39,1000
MIN,20180216,20.2,20.2,19.47,19.78,1444146
MIR,20180216,2.63,2.66,2.63,2.63,58883
MJC,20180216,0.019,0.023,0.019,0.022,6817438
MJP,20180216,0.036,0.036,0.036,0.036,829
MLB,20180216,3.21,3.39,3.21,3.34,123484
MLD,20180216,1.62,1.625,1.57,1.59,125648
MLM,20180216,0.05,0.051,0.049,0.051,120327
MLS,20180216,0.005,0.005,0.005,0.005,72768959
MLT,20180216,4.6,4.6,4.58,4.59,239607
MLX,20180216,0.92,0.925,0.875,0.915,3376158
MMI,20180216,0.285,0.295,0.285,0.29,605230
MMJ,20180216,0.475,0.49,0.47,0.485,620236
MML,20180216,0.44,0.47,0.435,0.45,152379
MMS,20180216,16.56,16.605,16.5,16.55,63889
MNC,20180216,0.04,0.04,0.039,0.039,220591
MND,20180216,17.55,17.87,17.5,17.55,313849
MNF,20180216,5.16,5.47,5.16,5.47,605502
MNS,20180216,0.4,0.4,0.39,0.395,356485
MNY,20180216,1.67,1.715,1.655,1.7,156071
MOAT,20180216,54.91,54.91,54.75,54.75,327
MOC,20180216,2.29,2.43,2.29,2.42,116820
MOD,20180216,0.055,0.055,0.053,0.053,241330
MOE,20180216,5.64,5.78,5.64,5.72,48825
MOX,20180216,0.006,0.006,0.006,0.006,318177
MOY,20180216,0.235,0.245,0.235,0.24,2372543
MP1,20180216,3.76,3.8,3.71,3.77,82089
MPL,20180216,3.13,3.185,3.03,3.15,16306122
MPW,20180216,0.215,0.215,0.215,0.215,73424
MQA,20180216,5.3,5.35,5.3,5.32,2162949
MQG,20180216,103.8,104.24,103.05,103.05,440557
MRD,20180216,0.009,0.009,0.008,0.008,2457307
MRG,20180216,0.39,0.41,0.39,0.405,170819
MRL,20180216,0.875,0.88,0.875,0.88,28511
MRM,20180216,0.25,0.265,0.25,0.25,98960
MRN,20180216,1.3,1.33,1.3,1.33,13547
MRP,20180216,0.115,0.125,0.115,0.125,451383
MRR,20180216,0.09,0.09,0.09,0.09,3000
MRV,20180216,0.01,0.011,0.01,0.011,676976
MSB,20180216,1.29,1.305,1.245,1.25,911024
MSE,20180216,0.026,0.026,0.026,0.026,40000
MSG,20180216,0.023,0.023,0.023,0.023,371032
MSR,20180216,0.005,0.005,0.005,0.005,4857913
MSV,20180216,0.04,0.04,0.039,0.039,1328770
MTC,20180216,0.15,0.15,0.145,0.15,189109
MTH,20180216,0.049,0.051,0.049,0.051,6504506
MTM,20180216,0.265,0.265,0.265,0.265,6592
MTO,20180216,4.14,4.14,3.98,4,25009
MTR,20180216,3.85,3.87,3.85,3.85,12876795
MTS,20180216,3.29,3.3,3.225,3.23,1251846
MUA,20180216,0.44,0.442,0.4,0.41,669381
MUS,20180216,0.031,0.031,0.03,0.03,1315739
MVA,20180216,18.91,18.91,18.91,18.91,295
MVB,20180216,27,27.08,27,27.07,4786
MVE,20180216,26.45,26.51,26.45,26.48,1890
MVF,20180216,1.315,1.317,1.29,1.305,531588
MVP,20180216,7.6,7.6,7.1,7.48,291558
MVR,20180216,24.27,24.32,24.27,24.32,910
MVS,20180216,18.96,18.96,18.96,18.96,1871
MVT,20180216,0.17,0.17,0.17,0.17,42684
MVW,20180216,27.17,27.18,27,27.09,34776
MWR,20180216,1.15,1.15,0.925,1.06,355428
MWY,20180216,2.45,2.45,2.44,2.44,10760
MX1,20180216,0.395,0.395,0.39,0.395,43076
MXC,20180216,0.11,0.115,0.11,0.11,1278301
MXI,20180216,0.74,0.755,0.73,0.735,38962
MXT,20180216,2.08,2.09,2.06,2.06,288278
MYE,20180216,0.835,0.85,0.835,0.85,17527
MYL,20180216,0.067,0.069,0.066,0.067,1135939
MYO,20180216,3.21,3.25,3.2,3.22,1717014
MYQ,20180216,1.04,1.04,0.92,0.98,205743
MYR,20180216,0.56,0.565,0.545,0.55,2861612
MYS,20180216,5.04,5.05,5.02,5.02,18442
MYX,20180216,0.685,0.685,0.66,0.67,4746736
MZI,20180216,0.125,0.125,0.125,0.125,29765
MZM,20180216,0.24,0.24,0.24,0.24,6104
MZN,20180216,0.011,0.011,0.011,0.011,860000
N27,20180216,0.44,0.46,0.44,0.46,96362
NAB,20180216,29.46,29.57,29.17,29.22,3369334
NAC,20180216,1.015,1.02,1.015,1.015,65185
NAE,20180216,0.009,0.009,0.009,0.009,1206689
NAG,20180216,0.094,0.094,0.094,0.094,44702
NAM,20180216,0.525,0.525,0.48,0.5,149658
NAN,20180216,2.81,2.85,2.77,2.81,452304
NBL,20180216,2.15,2.15,2.15,2.15,20000
NC6,20180216,0.145,0.145,0.13,0.135,405555
NCC,20180216,1.44,1.445,1.44,1.445,15838
NCK,20180216,6.86,7,6.86,6.97,37399
NCM,20180216,22.89,22.92,22.15,22.32,3813315
NCZ,20180216,1.2,1.33,1.2,1.32,1860449
NDQ,20180216,14.86,14.92,14.86,14.86,84715
NEA,20180216,0.825,0.83,0.815,0.82,622509
NEC,20180216,1.635,1.635,1.605,1.62,3045283
NES,20180216,0.2,0.2,0.2,0.2,130000
NET,20180216,0.025,0.025,0.024,0.024,50000
NEU,20180216,2.95,3.09,2.92,3.09,108000
NEW,20180216,1.45,1.45,1.44,1.44,19299
NGE,20180216,0.465,0.465,0.465,0.465,4748
NGI,20180216,3.6,3.64,3.57,3.6,40363
NHC,20180216,2.14,2.3,2.11,2.24,323561
NHF,20180216,6.47,6.47,6.39,6.43,701656
NHL,20180216,0.043,0.044,0.043,0.044,122176
NIU,20180216,0.002,0.002,0.002,0.002,500000
NKP,20180216,0.033,0.033,0.033,0.033,10000
NLI,20180216,0.053,0.053,0.052,0.052,447604
NML,20180216,0.085,0.086,0.085,0.086,124140
NMT,20180216,0.395,0.415,0.395,0.4,1510616
NOR,20180216,0.017,0.018,0.017,0.018,1709212
NOV,20180216,0.34,0.34,0.32,0.32,53396
NOX,20180216,1.14,1.145,1.14,1.14,21382
NSC,20180216,0.91,0.92,0.9,0.92,114760
NSE,20180216,0.006,0.006,0.006,0.006,1050000
NSL,20180216,0.024,0.025,0.023,0.023,4469175
NSR,20180216,1.495,1.5,1.49,1.49,790854
NST,20180216,6.1,6.11,5.98,6.11,2345641
NTC,20180216,1.195,1.195,1.13,1.13,415058
NTD,20180216,1.25,1.25,1.245,1.25,167252
NTI,20180216,0.165,0.17,0.165,0.17,35000
NTM,20180216,0.051,0.051,0.05,0.05,460491
NTU,20180216,0.082,0.082,0.081,0.081,4100017
NUF,20180216,7.97,8.08,7.89,8.05,1369393
NUH,20180216,0.061,0.066,0.061,0.066,6468150
NVA,20180216,0.039,0.042,0.037,0.037,6896807
NVL,20180216,2.9,2.9,2.87,2.89,21157
NVO,20180216,0.023,0.023,0.023,0.023,20000
NVT,20180216,4.87,4.95,4.865,4.92,407114
NVX,20180216,0.73,0.73,0.705,0.72,64394
NWH,20180216,1.45,1.525,1.45,1.515,1401526
NWL,20180216,6.08,6.34,6.03,6.19,174725
NWS,20180216,21.03,21.17,20.8,20.84,31130
NXT,20180216,6.02,6.09,5.96,6.01,1495566
NZC,20180216,0.295,0.3,0.29,0.29,145868
NZM,20180216,0.74,0.745,0.73,0.735,36158
OBJ,20180216,0.035,0.036,0.035,0.035,289579
OCC,20180216,0.32,0.32,0.32,0.32,13513
OCL,20180216,3,3.01,3,3,7285
ODM,20180216,0.28,0.28,0.28,0.28,5000
OEC,20180216,0.37,0.37,0.345,0.35,91485
OEL,20180216,0.058,0.058,0.057,0.058,2028923
OEQ,20180216,0.17,0.17,0.17,0.17,17550
OFX,20180216,1.455,1.48,1.452,1.475,641420
OGA,20180216,0.185,0.195,0.185,0.195,90774
OGC,20180216,3.25,3.26,3.19,3.25,277852
OGX,20180216,0.079,0.084,0.079,0.081,12151834
OIL,20180216,0.081,0.086,0.081,0.082,353380
OKR,20180216,0.41,0.415,0.41,0.415,20745
OKU,20180216,0.4,0.405,0.4,0.4,272138
OLI,20180216,0.25,0.25,0.24,0.24,71954
OMH,20180216,1.25,1.3,1.24,1.265,573867
OML,20180216,4.39,4.49,4.39,4.42,124058
ONE,20180216,2,2,1.98,1.98,5550
ONT,20180216,6.56,6.6,6.56,6.56,301
OOK,20180216,0.071,0.075,0.067,0.067,5084045
OOO,20180216,17.4,17.4,17.05,17.09,763
OPN,20180216,0.092,0.092,0.092,0.092,8000
OPT,20180216,0.57,0.58,0.57,0.58,15561
ORA,20180216,3.35,3.35,3.285,3.3,3430269
ORE,20180216,6.8,6.84,6.65,6.72,1609754
ORG,20180216,9.05,9.09,8.89,8.95,5556957
ORI,20180216,18.4,18.65,18.34,18.57,1711059
ORN,20180216,0.045,0.045,0.043,0.045,1212595
ORR,20180216,0.23,0.23,0.23,0.23,44381
OSH,20180216,7.59,7.6,7.41,7.44,2721326
OSL,20180216,0.13,0.14,0.13,0.13,456601
OSP,20180216,0.305,0.32,0.305,0.305,64785
OTW,20180216,2.81,2.81,2.81,2.81,2000
OVH,20180216,0.7,0.74,0.7,0.735,494209
OVN,20180216,0.465,0.487,0.46,0.487,156782
OZG,20180216,0.175,0.175,0.175,0.175,130638
OZL,20180216,9.2,9.31,9.13,9.27,1968901
OZR,20180216,10.33,10.33,10.17,10.18,20211
PAA,20180216,0.055,0.055,0.052,0.052,323528
PAB,20180216,0.023,0.024,0.022,0.023,7049024
PAC,20180216,7.06,7.14,7.06,7.07,7354
PAF,20180216,1.32,1.32,1.3,1.31,121202
PAI,20180216,1.315,1.335,1.31,1.32,315858
PAN,20180216,0.465,0.465,0.445,0.45,546155
PAR,20180216,0.29,0.29,0.29,0.29,31755
PBP,20180216,0.9,0.95,0.9,0.95,174917
PBT,20180216,0.058,0.06,0.057,0.058,386397
PBX,20180216,0.055,0.055,0.052,0.055,340049
PCG,20180216,3.68,3.7,3.65,3.65,4281
PCK,20180216,0.059,0.059,0.053,0.053,897332
PCL,20180216,0.007,0.007,0.006,0.006,2533412
PDI,20180216,0.036,0.036,0.035,0.035,290947
PDN,20180216,0.15,0.26,0.15,0.195,7844333
PDZ,20180216,0.65,0.67,0.645,0.67,363183
PEA,20180216,0.525,0.525,0.52,0.525,32736
PEK,20180216,0.045,0.045,0.044,0.044,83967
PEN,20180216,0.345,0.345,0.33,0.33,185364
PEX,20180216,0.655,0.675,0.655,0.665,4950
PFG,20180216,0.16,0.16,0.16,0.16,98193
PFP,20180216,3.22,3.22,3.14,3.19,103267
PG1,20180216,0.25,0.335,0.25,0.27,2735567
PGC,20180216,0.735,0.74,0.725,0.725,343963
PGF,20180216,1.215,1.22,1.205,1.22,323998
PGH,20180216,4.97,4.97,4.88,4.88,447402
PGM,20180216,0.125,0.14,0.125,0.14,317010
PGO,20180216,0.039,0.039,0.039,0.039,41215
PGY,20180216,0.036,0.039,0.036,0.039,33745
PHI,20180216,12.5,13.34,12.5,13.34,1436
PHK,20180216,0.255,0.265,0.25,0.265,646593
PIA,20180216,1.17,1.18,1.17,1.18,148010
PIC,20180216,1.1,1.115,1.095,1.105,384261
PIL,20180216,0.023,0.023,0.023,0.023,199900
PIO,20180216,0.03,0.03,0.028,0.028,1351936
PIQ,20180216,0.28,0.3,0.28,0.29,164358
PKD,20180216,0.24,0.24,0.24,0.24,33708
PL8,20180216,1.05,1.065,1.045,1.045,176278
PLG,20180216,0.955,0.955,0.95,0.95,118640
PLH,20180216,0.145,0.16,0.145,0.155,3712106
PLL,20180216,0.17,0.17,0.165,0.165,212894
PLS,20180216,0.86,0.862,0.83,0.83,7798975
PLX,20180216,1.36,1.37,1.32,1.32,5370
PM1,20180216,0.017,0.017,0.017,0.017,221080
PMC,20180216,2.04,2.07,2,2.05,217074
PME,20180216,7.56,7.645,7.2,7.45,431806
PMP,20180216,0.36,0.36,0.345,0.345,170936
PMV,20180216,13.91,14.12,13.91,14.07,268066
PMY,20180216,0.008,0.008,0.007,0.007,1987385
PNC,20180216,2.92,2.98,2.86,2.86,31232
PNI,20180216,4.63,4.64,4.58,4.61,39499
PNL,20180216,0.38,0.38,0.365,0.37,108283
PNN,20180216,0.037,0.038,0.036,0.036,1178494
PNR,20180216,0.28,0.285,0.28,0.285,1326148
PNV,20180216,0.52,0.53,0.52,0.52,1023451
PNW,20180216,0.425,0.425,0.425,0.425,1170
PNX,20180216,0.013,0.013,0.013,0.013,2750818
POH,20180216,0.016,0.017,0.016,0.016,201399
POS,20180216,0.046,0.046,0.044,0.044,578954
POU,20180216,17.49,17.5,17.49,17.5,325
POW,20180216,0.043,0.044,0.042,0.043,5026769
POZ,20180216,0.1,0.1,0.096,0.1,320921
PPC,20180216,1.35,1.4,1.35,1.4,10723
PPE,20180216,1.4,1.41,1.4,1.4,88313
PPG,20180216,0.445,0.45,0.445,0.445,737398
PPH,20180216,3.7,3.73,3.67,3.67,39433
PPK,20180216,0.215,0.215,0.21,0.215,2713
PPL,20180216,0.09,0.09,0.089,0.089,69564
PPS,20180216,0.685,0.715,0.685,0.705,1506506
PPT,20180216,52.3,52.31,51.12,51.35,107651
PRL,20180216,0.007,0.007,0.007,0.007,8308880
PRO,20180216,0.61,0.64,0.6,0.6,36055
PRT,20180216,0.295,0.3,0.255,0.275,8465371
PRU,20180216,0.435,0.44,0.42,0.435,4153346
PRY,20180216,3.61,3.74,3.61,3.65,8389974
PSC,20180216,0.047,0.048,0.046,0.047,1374360
PSI,20180216,2.96,2.97,2.96,2.96,8321
PSM,20180216,0.013,0.013,0.013,0.013,76920
PSQ,20180216,1.605,1.62,1.605,1.605,10531
PSY,20180216,0.11,0.115,0.105,0.105,233595
PSZ,20180216,0.185,0.19,0.185,0.185,172904
PTB,20180216,0.71,0.71,0.71,0.71,26000
PTL,20180216,0.44,0.44,0.43,0.44,3039
PTM,20180216,7.74,7.8,7.6,7.6,644457
PTX,20180216,0.058,0.068,0.058,0.068,33685
PVL,20180216,0.215,0.215,0.21,0.21,39833
PWH,20180216,2.39,2.4,2.37,2.37,24647
PXS,20180216,0.272,0.275,0.267,0.275,208204
PXX,20180216,0.12,0.12,0.12,0.12,133214
QAG,20180216,6.72,6.72,6.72,6.72,3000
QAN,20180216,5.19,5.24,5.15,5.22,4705347
QAU,20180216,14.06,14.43,14,14.06,10702
QBE,20180216,10.48,10.58,10.45,10.46,3824919
QBL,20180216,0.059,0.059,0.054,0.055,6616984
QCB,20180216,9.91,9.95,9.91,9.95,6197
QFN,20180216,11.26,11.26,11.26,11.26,7000
QFY,20180216,0.05,0.05,0.049,0.049,175000
QHL,20180216,0.08,0.08,0.08,0.08,28506
QIP,20180216,1.17,1.17,1.09,1.1,1096939
QMIX,20180216,17.45,17.45,17.45,17.45,0
QMS,20180216,1.07,1.095,1.05,1.07,1207675
QOZ,20180216,13.3,13.33,13.26,13.26,26003
QRE,20180216,5.67,5.67,5.67,5.67,6072
QSS,20180216,0.02,0.02,0.02,0.02,33598
QTG,20180216,0.029,0.029,0.029,0.029,10320
QTM,20180216,0.029,0.03,0.029,0.03,56988
QUAL,20180216,22.26,22.36,22.25,22.25,23845
QUB,20180216,2.47,2.49,2.46,2.46,1296201
QUS,20180216,32.23,32.23,32.18,32.18,1812
QVE,20180216,1.205,1.255,1.205,1.255,218918
RAC,20180216,0.44,0.44,0.44,0.44,1188
RAN,20180216,0.063,0.063,0.057,0.057,108982
RAP,20180216,0.085,0.091,0.085,0.09,2532185
RARI,20180216,24.3,24.3,24.26,24.26,1275
RBL,20180216,1.8,1.805,1.79,1.8,363873
RBO,20180216,0.042,0.042,0.038,0.038,1585371
RBR,20180216,0.011,0.013,0.01,0.013,2482585
RCB,20180216,20.18,20.18,20.07,20.07,8774
RCE,20180216,0.175,0.175,0.17,0.17,42959
RCL,20180216,0.4,0.4,0.37,0.37,213080
RCP,20180216,0.041,0.042,0.041,0.042,10688
RCR,20180216,3.7,3.74,3.64,3.7,154994
RCW,20180216,0.53,0.53,0.515,0.53,67200
RDF,20180216,0.57,0.57,0.57,0.57,18692
RDH,20180216,2.39,2.39,2.3,2.36,4222
RDM,20180216,0.13,0.14,0.13,0.14,102503
RDV,20180216,29.77,29.86,29.71,29.71,11158
REA,20180216,78.14,78.17,76.98,77.46,192591
RED,20180216,0.073,0.073,0.071,0.072,650210
REF,20180216,0.073,0.073,0.073,0.073,3220
REG,20180216,3.81,3.85,3.7,3.77,701821
REH,20180216,9.68,9.7,9.61,9.61,29186
REX,20180216,1.54,1.57,1.535,1.57,10575
RFF,20180216,2.07,2.08,2.04,2.04,262769
RFG,20180216,1.97,2.03,1.97,2.03,1102799
RFN,20180216,0.027,0.031,0.027,0.029,9908229
RFT,20180216,0.026,0.028,0.026,0.026,2871682
RFX,20180216,0.17,0.175,0.16,0.16,575063
RGI,20180216,0.495,0.495,0.49,0.49,8001
RGP,20180216,0.073,0.077,0.073,0.077,16134
RGS,20180216,0.125,0.125,0.12,0.12,102853
RHC,20180216,65.88,67.8,65.78,66.63,366432
RHI,20180216,0.6,0.6,0.6,0.6,35000
RHL,20180216,3.1,3.12,3.08,3.1,498198
RHP,20180216,0.975,0.985,0.975,0.985,32850
RHS,20180216,0.13,0.13,0.13,0.13,30000
RHY,20180216,0.19,0.19,0.175,0.175,126342
RIC,20180216,1.325,1.385,1.325,1.38,21377
RIE,20180216,0.082,0.083,0.081,0.081,486200
RIM,20180216,0.028,0.028,0.027,0.027,257833
RIO,20180216,82.26,82.65,81.79,82.48,1616104
RIR,20180216,0.008,0.009,0.008,0.008,13203325
RKN,20180216,1.505,1.52,1.505,1.51,620485
RLC,20180216,0.044,0.044,0.042,0.043,127442
RLE,20180216,0.074,0.075,0.073,0.075,168846
RMD,20180216,11.87,11.97,11.8,11.8,1985798
RMS,20180216,0.47,0.47,0.455,0.47,2446034
RMX,20180216,0.011,0.012,0.011,0.011,5635678
RND,20180216,2.75,2.75,2.75,2.75,500
RNE,20180216,0.017,0.017,0.017,0.017,1044060
RNO,20180216,0.105,0.105,0.105,0.105,10000
RNU,20180216,0.036,0.036,0.035,0.035,2531693
ROO,20180216,0.48,0.545,0.475,0.53,1199537
RRL,20180216,4.19,4.19,4.09,4.12,1929533
RSG,20180216,1.145,1.15,1.12,1.145,3857968
RSH,20180216,0.071,0.071,0.065,0.068,479438
RTR,20180216,0.049,0.051,0.049,0.051,337919
RUL,20180216,0.655,0.67,0.645,0.665,232670
RVA,20180216,0.45,0.475,0.45,0.475,8000
RVR,20180216,0.37,0.38,0.365,0.37,818868
RVY,20180216,0.023,0.023,0.023,0.023,15430
RWC,20180216,4.11,4.13,4.08,4.11,821241
RWD,20180216,0.215,0.225,0.215,0.225,3591
RXH,20180216,0.017,0.017,0.017,0.017,40000
RXL,20180216,0.015,0.015,0.015,0.015,856153
RXM,20180216,0.22,0.22,0.21,0.21,553423
RXP,20180216,0.66,0.66,0.64,0.66,96994
S2R,20180216,0.18,0.195,0.18,0.19,489590
S32,20180216,3.24,3.385,3.15,3.32,43498928
S3R,20180216,0.01,0.01,0.009,0.009,15393802
SAR,20180216,1.58,1.585,1.535,1.575,5843103
SAS,20180216,0.16,0.17,0.16,0.16,625212
SAU,20180216,0.27,0.27,0.27,0.27,20627
SBM,20180216,3.91,3.91,3.78,3.87,2013264
SBR,20180216,0.018,0.018,0.018,0.018,199900
SCG,20180216,3.75,3.79,3.75,3.77,8459733
SCI,20180216,0.043,0.043,0.041,0.042,1333005
SCL,20180216,0.024,0.024,0.024,0.024,285800
SCO,20180216,2.92,2.99,2.92,2.97,51398
SCP,20180216,2.19,2.2,2.16,2.17,1984750
SCT,20180216,0.18,0.2,0.175,0.2,203000
SCU,20180216,0.039,0.041,0.039,0.04,928500
SDA,20180216,5.49,5.5,5.41,5.45,259964
SDF,20180216,2.7,2.705,2.64,2.64,1001134
SDG,20180216,1.78,1.79,1.745,1.76,22482
SDI,20180216,0.59,0.59,0.575,0.585,84137
SDL,20180216,0.009,0.009,0.007,0.008,7756654
SDV,20180216,0.01,0.01,0.01,0.01,770397
SDX,20180216,0.1,0.105,0.1,0.105,20541
SE1,20180216,0.25,0.26,0.24,0.26,1027616
SEA,20180216,0.075,0.075,0.072,0.073,2643967
SEC,20180216,2,2.04,2,2.03,29615
SEH,20180216,0.17,0.185,0.17,0.185,7348189
SEI,20180216,0.027,0.027,0.027,0.027,150000
SEK,20180216,20.13,20.34,20.06,20.11,774019
SEN,20180216,0.125,0.125,0.115,0.12,653719
SEQ,20180216,0.31,0.315,0.31,0.315,32174
SER,20180216,0.006,0.006,0.006,0.006,15625
SES,20180216,0.145,0.145,0.145,0.145,14000
SFC,20180216,11.01,11.25,11,11.25,2697
SFG,20180216,0.065,0.065,0.064,0.064,218557
SFH,20180216,0.28,0.29,0.275,0.275,89284
SFI,20180216,0.067,0.067,0.065,0.066,7335102
SFL,20180216,0.091,0.091,0.09,0.09,25000
SFM,20180216,0.125,0.13,0.125,0.125,125716
SFR,20180216,7.32,7.42,7.26,7.29,923292
SFX,20180216,0.645,0.65,0.645,0.65,16016
SFY,20180216,54.5,54.66,54.4,54.4,3187
SGC,20180216,0.077,0.077,0.073,0.073,458485
SGF,20180216,3.9,3.96,3.87,3.9,279831
SGH,20180216,2.61,2.62,2.61,2.61,2496
SGM,20180216,17.42,17.465,16.64,17.01,2077736
SGP,20180216,3.95,3.975,3.93,3.95,7385432
SGQ,20180216,0.2,0.2,0.195,0.2,262216
SGR,20180216,5.6,5.93,5.6,5.67,12345436
SHJ,20180216,0.67,0.695,0.65,0.65,7252
SHL,20180216,23.7,24.175,23.63,23.86,1158650
SHM,20180216,1.5,1.56,1.495,1.52,86958
SHO,20180216,0.18,0.2,0.175,0.2,900818
SHV,20180216,4.83,4.895,4.74,4.75,81841
SI6,20180216,0.014,0.014,0.013,0.013,116667
SIG,20180216,0.85,0.86,0.825,0.825,2062965
SIO,20180216,0.33,0.34,0.33,0.34,23767
SIQ,20180216,10.5,10.72,10.48,10.5,220085
SIT,20180216,0.042,0.042,0.042,0.042,2950
SIV,20180216,6.97,7,6.91,6.91,31687
SKC,20180216,3.71,3.79,3.71,3.78,820415
SKF,20180216,0.175,0.175,0.175,0.175,4902
SKI,20180216,2.26,2.3,2.26,2.3,2484523
SKN,20180216,0.13,0.13,0.13,0.13,3300
SKT,20180216,2.58,2.61,2.58,2.6,373024
SL1,20180216,0.057,0.062,0.056,0.06,4463985
SLC,20180216,2.11,2.17,2.11,2.15,214919
SLF,20180216,12.13,12.13,12.1,12.1,34653
SLK,20180216,4.04,4.06,4.02,4.02,14530
SLM,20180216,0.545,0.545,0.545,0.545,2000
SLR,20180216,0.4,0.405,0.39,0.395,1749524
SLX,20180216,0.37,0.37,0.37,0.37,1262
SM1,20180216,6.2,6.43,6.18,6.25,41394
SMD,20180216,0.009,0.009,0.008,0.008,1608929
SMI,20180216,0.017,0.017,0.017,0.017,400676
SMN,20180216,0.99,1.015,0.97,0.97,222855
SMR,20180216,0.66,0.69,0.66,0.69,276431
SNC,20180216,1.015,1.025,1.01,1.01,52785
SND,20180216,0.615,0.615,0.6,0.6,55000
SNL,20180216,3.37,3.37,3.37,3.37,2500
SNS,20180216,0.225,0.225,0.215,0.215,407357
SNZ,20180216,5.02,5.02,5.02,5.02,140
SO4,20180216,0.445,0.467,0.445,0.467,25356
SOL,20180216,17.05,17.23,16.79,16.84,204797
SOM,20180216,3.05,3.09,3,3.03,31315
SOR,20180216,0.064,0.066,0.064,0.065,560792
SP3,20180216,0.34,0.34,0.325,0.325,66501
SPI,20180216,0.12,0.12,0.115,0.115,330476
SPK,20180216,3.18,3.22,3.18,3.22,692100
SPL,20180216,1.365,1.41,1.365,1.395,171713
SPO,20180216,1.155,1.16,1.145,1.16,41208
SPQ,20180216,0.012,0.013,0.012,0.012,1078477
SPX,20180216,0.011,0.011,0.011,0.011,375000
SPY,20180216,343,343,343,343,4
SPZ,20180216,0.235,0.235,0.235,0.235,50000
SRG,20180216,1.795,1.795,1.75,1.75,95250
SRI,20180216,0.01,0.01,0.01,0.01,685000
SRO,20180216,0.005,0.005,0.005,0.005,117240
SRS,20180216,0.033,0.033,0.032,0.032,3356738
SRV,20180216,5.41,5.41,5.26,5.38,34393
SRX,20180216,27.6,27.78,27.4,27.4,315368
SRZ,20180216,0.017,0.017,0.017,0.017,100000
SSG,20180216,0.485,0.49,0.465,0.465,163884
SSM,20180216,1.455,1.56,1.45,1.54,2810301
SSN,20180216,0.001,0.001,0.001,0.001,1000000
SSO,20180216,14.35,14.35,14.35,14.35,1470
SST,20180216,17.25,17.8,17.25,17.8,30
ST1,20180216,0.215,0.22,0.21,0.215,2291087
STA,20180216,0.16,0.16,0.15,0.15,258118
STM,20180216,0.028,0.029,0.028,0.029,522322
STO,20180216,5.1,5.11,5.01,5.04,4986302
STW,20180216,55.54,55.59,55.25,55.25,124257
STX,20180216,0.07,0.073,0.069,0.069,1073453
SUD,20180216,0.015,0.016,0.015,0.016,1486410
SUL,20180216,8.22,8.26,8.09,8.13,613590
SUN,20180216,13.15,13.43,13.15,13.25,3945499
SVA,20180216,0.037,0.037,0.037,0.037,15000
SVH,20180216,0.091,0.091,0.09,0.09,121117
SVL,20180216,0.077,0.078,0.07,0.073,3953854
SVT,20180216,0.019,0.019,0.018,0.018,461250
SVW,20180216,16.17,16.3,15.93,16.05,511712
SVY,20180216,0.37,0.415,0.33,0.345,1919654
SW1,20180216,0.45,0.47,0.45,0.47,96440
SWF,20180216,0.18,0.185,0.18,0.18,407073
SWJ,20180216,0.015,0.015,0.014,0.015,2563775
SWK,20180216,0.225,0.225,0.225,0.225,185353
SWM,20180216,0.485,0.5,0.482,0.49,1505283
SXE,20180216,0.73,0.75,0.73,0.75,88235
SXL,20180216,1.085,1.105,1.085,1.085,2486457
SXY,20180216,0.37,0.37,0.362,0.365,1335757
SYA,20180216,0.069,0.07,0.064,0.065,12733385
SYD,20180216,6.45,6.605,6.43,6.58,4150877
SYI,20180216,28.89,28.89,28.71,28.71,520
SYR,20180216,3.38,3.45,3.32,3.42,2351516
SYT,20180216,0.016,0.018,0.016,0.016,28113755
TAH,20180216,4.44,4.55,4.44,4.52,11060575
TAM,20180216,0.038,0.04,0.038,0.039,286806
TAP,20180216,0.057,0.057,0.056,0.056,11762
TAR,20180216,0.093,0.093,0.09,0.093,368970
TAS,20180216,0.087,0.091,0.087,0.09,216602
TAW,20180216,0.48,0.49,0.475,0.48,1892044
TB8,20180216,0.125,0.13,0.115,0.13,119316
TBH,20180216,0.295,0.3,0.285,0.285,204990
TCL,20180216,11.47,11.685,11.44,11.63,5226518
TCN,20180216,0.044,0.045,0.044,0.045,60000
TDL,20180216,0.073,0.073,0.072,0.072,2741
TDO,20180216,0.041,0.041,0.041,0.041,35000
TEG,20180216,0.098,0.099,0.097,0.099,250884
TEK,20180216,0.29,0.29,0.285,0.29,399108
TER,20180216,0.215,0.22,0.215,0.22,162164
TFL,20180216,0.17,0.17,0.17,0.17,3523
TGA,20180216,0.83,0.83,0.79,0.79,208639
TGG,20180216,1.39,1.39,1.375,1.38,226280
TGN,20180216,0.2,0.2,0.2,0.2,35275
TGP,20180216,1.03,1.04,0.995,1,67977
TGR,20180216,3.53,3.55,3.49,3.49,347046
THC,20180216,0.85,0.87,0.84,0.87,870111
THD,20180216,0.01,0.01,0.009,0.009,4365794
THR,20180216,0.063,0.065,0.06,0.065,54610
THX,20180216,0.024,0.024,0.023,0.023,34740
TIA,20180216,0.79,0.79,0.79,0.79,2029
TIE,20180216,0.19,0.19,0.19,0.19,2636
TIL,20180216,2.6,2.62,2.6,2.62,19839
TIN,20180216,0.25,0.25,0.25,0.25,10000
TKF,20180216,0.013,0.013,0.013,0.013,1000
TKL,20180216,0.065,0.066,0.065,0.065,552158
TKM,20180216,0.026,0.027,0.026,0.027,431562
TLG,20180216,0.7,0.71,0.685,0.7,83125
TLM,20180216,0.235,0.245,0.235,0.245,53524
TLS,20180216,3.47,3.485,3.43,3.43,26312414
TLT,20180216,2,2,2,2,1000
TLX,20180216,0.5,0.5,0.465,0.49,70020
TME,20180216,4.19,4.2,4.13,4.19,382118
TMK,20180216,0.003,0.003,0.003,0.003,169000
TMP,20180216,0.16,0.16,0.16,0.16,1903
TMT,20180216,0.28,0.29,0.28,0.29,32821
TMX,20180216,0.008,0.008,0.008,0.008,352115
TNE,20180216,4.81,4.915,4.81,4.83,1260155
TNG,20180216,0.145,0.145,0.14,0.145,383562
TNK,20180216,2.01,2.2,2.01,2.2,54570
TNO,20180216,0.31,0.37,0.31,0.365,763242
TNR,20180216,0.092,0.092,0.087,0.091,507743
TOE,20180216,0.031,0.031,0.03,0.03,33000
TON,20180216,0.093,0.095,0.092,0.093,590216
TOP,20180216,0.705,0.71,0.705,0.705,96276
TOT,20180216,1.2,1.2,1.2,1.2,4000
TOU,20180216,0.165,0.17,0.14,0.17,1628308
TOX,20180216,3.42,3.44,3.42,3.42,1081489
TPD,20180216,0.005,0.005,0.005,0.005,15192
TPE,20180216,2.02,2.09,2,2.09,57000
TPM,20180216,6.03,6.055,5.98,6,2561975
TPP,20180216,0.215,0.215,0.21,0.21,22569
TRL,20180216,0.014,0.014,0.013,0.013,204405
TRS,20180216,6.15,6.2,6.11,6.14,21831
TRT,20180216,0.135,0.135,0.135,0.135,15309
TRY,20180216,0.1,0.1,0.095,0.096,473407
TSN,20180216,0.011,0.011,0.011,0.011,1350986
TTC,20180216,0.095,0.098,0.094,0.098,249797
TTI,20180216,0.033,0.033,0.033,0.033,96535
TTL,20180216,0.035,0.035,0.034,0.034,894330
TTM,20180216,0.03,0.03,0.03,0.03,154091
TTT,20180216,1.42,1.47,1.4,1.42,238182
TTW,20180216,0.029,0.029,0.029,0.029,60000
TV2,20180216,0.012,0.013,0.012,0.013,1223490
TWE,20180216,17.94,18.06,17.73,17.74,2065248
TWR,20180216,0.6,0.615,0.6,0.615,15379
TYK,20180216,0.006,0.006,0.006,0.006,233500
TZL,20180216,0.195,0.2,0.195,0.2,23634
TZN,20180216,0.15,0.15,0.15,0.15,10000
UBA,20180216,19.9,19.9,19.9,19.9,245
UBE,20180216,21.57,21.59,21.52,21.52,2115
UBJ,20180216,23.56,23.56,23.56,23.56,424
UBN,20180216,0.039,0.039,0.039,0.039,46136
UBP,20180216,26.52,26.52,26.4,26.4,478
UBU,20180216,25.51,25.51,25.51,25.51,11
UBW,20180216,24.23,24.23,24.21,24.22,313
UCM,20180216,0.235,0.25,0.23,0.25,593275
UCW,20180216,0.17,0.17,0.17,0.17,120000
UIL,20180216,0.049,0.049,0.049,0.049,2775
UMAX,20180216,17.85,17.88,17.8,17.82,7204
UNV,20180216,0.21,0.215,0.21,0.215,68867
UOS,20180216,0.65,0.65,0.645,0.645,23415
UPD,20180216,0.97,1.05,0.97,1.005,580762
URB,20180216,1.015,1.02,1,1,123526
USD,20180216,12.27,12.27,12.22,12.23,117268
USR,20180216,0.335,0.335,0.33,0.33,22800
UTR,20180216,0.032,0.033,0.03,0.03,3235126
UUV,20180216,0.064,0.064,0.063,0.063,233881
VAE,20180216,67.09,67.09,66.89,66.9,3426
VAF,20180216,48.33,48.33,48.23,48.24,14758
VAH,20180216,0.24,0.245,0.235,0.245,150289
VAL,20180216,0.017,0.017,0.017,0.017,422445
VAN,20180216,0.053,0.053,0.053,0.053,10000
VAP,20180216,77.06,78.99,77.06,78.99,22964
VAS,20180216,75.86,75.89,75.38,75.4,50157
VCF,20180216,47.51,47.75,47.51,47.75,2632
VCX,20180216,2.54,2.56,2.525,2.53,7686093
VEC,20180216,0.025,0.025,0.024,0.024,3311106
VEQ,20180216,54.5,54.5,54.4,54.43,4400
VEU,20180216,70.32,70.5,70.31,70.46,11829
VG1,20180216,2.09,2.1,2.07,2.09,329810
VGAD,20180216,64.84,65,64.84,64.94,20929
VGB,20180216,48.55,48.55,48.51,48.55,821
VGE,20180216,68.35,68.55,68.23,68.32,8277
VGS,20180216,65.69,65.87,65.66,65.71,48970
VHT,20180216,0.79,0.79,0.755,0.76,97812
VHY,20180216,59.01,59.2,58.83,58.83,30317
VIC,20180216,0.02,0.021,0.02,0.021,13175883
VIF,20180216,47.42,47.65,47.42,47.65,5337
VIV,20180216,0.054,0.054,0.054,0.054,207048
VKA,20180216,0.04,0.04,0.04,0.04,207160
VLA,20180216,0.66,0.66,0.63,0.63,251842
VLC,20180216,61.03,61.03,60.9,60.9,1079
VLS,20180216,0.82,0.82,0.79,0.79,50000
VLT,20180216,0.02,0.02,0.02,0.02,3625000
VLW,20180216,2.57,2.59,2.54,2.54,186839
VMC,20180216,0.115,0.115,0.115,0.115,25750
VMG,20180216,0.001,0.001,0.001,0.001,699900
VML,20180216,0.009,0.009,0.008,0.009,5928125
VMS,20180216,0.033,0.035,0.033,0.035,270913
VMT,20180216,0.055,0.055,0.055,0.055,8000
VMX,20180216,0.365,0.365,0.34,0.36,145200
VMY,20180216,0.14,0.14,0.14,0.14,63222
VOC,20180216,2.8,2.86,2.78,2.79,1425374
VPC,20180216,0.008,0.008,0.008,0.008,9426934
VPR,20180216,0.003,0.003,0.003,0.003,2550000
VRC,20180216,0.032,0.035,0.032,0.034,3754405
VRL,20180216,3.1,3.38,3.1,3.26,300479
VRM,20180216,0.029,0.029,0.029,0.029,58660
VRS,20180216,0.17,0.17,0.16,0.16,359252
VRT,20180216,5.15,5.18,5.14,5.15,116286
VSO,20180216,53.99,53.99,53.5,53.5,1627
VTG,20180216,1.715,1.75,1.69,1.72,716032
VTI,20180216,0.48,0.48,0.48,0.48,2598
VTS,20180216,176.47,176.76,176.04,176.16,7297
VVR,20180216,1.96,1.97,1.96,1.96,921021
VXR,20180216,0.016,0.016,0.016,0.016,5487306
WAA,20180216,1.14,1.14,1.125,1.125,15200
WAF,20180216,0.405,0.405,0.395,0.395,113818
WAM,20180216,2.47,2.48,2.46,2.47,322691
WAX,20180216,1.57,1.595,1.57,1.575,164105
WBA,20180216,1.39,1.39,1.375,1.38,163233
WBC,20180216,30.55,30.63,30.19,30.22,3391181
WBE,20180216,0.009,0.009,0.009,0.009,595194
WBT,20180216,0.062,0.065,0.062,0.063,2056928
WCN,20180216,0.004,0.004,0.004,0.004,4145695
WDE,20180216,0.89,0.895,0.88,0.895,103052
WDIV,20180216,18.6,18.67,18.6,18.65,15293
WEB,20180216,9.75,9.88,9.48,9.58,635731
WEC,20180216,0.07,0.07,0.07,0.07,603
WEL,20180216,0.06,0.06,0.059,0.06,74877
WEMG,20180216,22.3,22.32,22.3,22.32,10676
WES,20180216,40.98,41.09,40.57,40.67,1227200
WFD,20180216,8.55,8.59,8.485,8.52,6858583
WFE,20180216,0.006,0.006,0.005,0.006,16237655
WGF,20180216,0.87,0.87,0.87,0.87,20000
WGL,20180216,0.012,0.012,0.011,0.011,456118
WGN,20180216,3.9,3.93,3.88,3.9,353554
WGX,20180216,1.53,1.545,1.515,1.54,1107935
WHA,20180216,2.5,2.52,2.39,2.39,553550
WHC,20180216,4.69,4.69,4.37,4.45,10053743
WHF,20180216,4.64,4.7,4.64,4.7,27745
WHK,20180216,0.15,0.155,0.15,0.15,203107
WKT,20180216,0.095,0.095,0.095,0.095,495795
WLC,20180216,0.012,0.012,0.011,0.011,940760
WLD,20180216,0.155,0.16,0.155,0.155,94207
WLE,20180216,1.14,1.15,1.14,1.15,1633886
WLL,20180216,4.56,4.56,4.56,4.56,1
WMC,20180216,0.12,0.12,0.12,0.12,45683
WMI,20180216,1.47,1.495,1.47,1.495,154606
WMK,20180216,0.825,0.835,0.825,0.825,127233
WND,20180216,1.49,1.52,1.49,1.52,1556282
WNR,20180216,0.26,0.28,0.26,0.28,148108
WOR,20180216,13.81,13.89,13.67,13.74,481489
WOW,20180216,27.1,27.22,26.96,27.05,1792829
WPG,20180216,0.028,0.029,0.025,0.028,5329295
WPP,20180216,0.94,0.955,0.935,0.935,44167
WRLD,20180216,11.5,11.53,11.5,11.5,11674
WRM,20180216,0.014,0.014,0.012,0.012,1699900
WSA,20180216,3.36,3.405,3.29,3.29,3628885
WTC,20180216,14.22,14.37,13.82,13.84,358839
WTP,20180216,0.665,0.68,0.665,0.67,39536
WWI,20180216,0.02,0.02,0.019,0.02,297037
WXHG,20180216,22.45,22.47,22.38,22.38,3270
WXOZ,20180216,28.23,28.28,28.23,28.25,4084
XAM,20180216,0.215,0.24,0.215,0.24,138330
XF1,20180216,0.645,0.65,0.645,0.65,18653
XIP,20180216,1.21,1.23,1.16,1.185,69950
XPE,20180216,0.005,0.006,0.005,0.005,3541202
XRO,20180216,32,32.95,31.85,32.1,370531
XST,20180216,0.011,0.011,0.011,0.011,1341796
XTD,20180216,0.041,0.041,0.041,0.041,101392
XTE,20180216,0.65,0.66,0.65,0.655,28902
YAL,20180216,0.155,0.155,0.15,0.15,801720
YBR,20180216,0.145,0.145,0.14,0.145,711364
YMAX,20180216,8.88,8.89,8.85,8.87,28802
YNB,20180216,0.045,0.045,0.045,0.045,5000
YOJ,20180216,0.225,0.23,0.22,0.225,2704064
YOW,20180216,0.1,0.107,0.1,0.1,11980658
Z1P,20180216,1.08,1.09,1.055,1.08,608862
ZEL,20180216,6.53,6.56,6.5,6.54,78673
ZEN,20180216,0.76,0.76,0.755,0.755,20000
ZER,20180216,0.35,0.35,0.35,0.35,4616
ZGOL,20180216,16.83,16.88,16.76,16.76,1564
ZIP,20180216,0.024,0.028,0.024,0.024,1046264
ZLD,20180216,0.15,0.16,0.135,0.135,11832995
ZMI,20180216,0.006,0.006,0.006,0.006,8349001
ZNO,20180216,0.3,0.31,0.285,0.29,249705
ZNT,20180216,1.175,1.175,1.15,1.15,97040
ZOZI,20180216,10.41,10.41,10.41,10.41,0
ZUSD,20180216,9.65,9.65,9.65,9.65,615
ZYUS,20180216,11.9,11.9,11.9,11.9,22
XAF,20180216,5730,5761.1,5724.6,5725.9,0
XAO,20180216,6008.7,6037.5,6004.3,6004.8,0
XAT,20180216,5846.5,5875.3,5839.7,5841.4,0
XDJ,20180216,2252.9,2259.5,2235.3,2236.1,0
XEC,20180216,1497.3,1505.8,1497.3,1500.9,0
XEJ,20180216,10399.5,10454.1,10346.1,10361.9,0
XFJ,20180216,6314.3,6367.8,6296.9,6297.8,0
XFL,20180216,5789.9,5821,5784.5,5785.9,0
XGD,20180216,4996.9,4996.9,4859.4,4906.8,0
XHJ,20180216,25519.2,25907.7,25511.8,25738.9,0
XIJ,20180216,1022.8,1030.9,1022.8,1025.5,0
XJO,20180216,5909,5938.1,5902.3,5904,0
XJR,20180216,4143.5,4154.9,4107.8,4124.9,0
XKO,20180216,5869.2,5898.1,5863.8,5865.2,0
XMD,20180216,6579.6,6598.1,6566.1,6569,0
XMJ,20180216,11797.4,11820.3,11686,11745.1,0
XMM,20180216,3719,3728.7,3680.5,3701.5,0
XNJ,20180216,5551.3,5623.9,5551.3,5603.7,0
XPJ,20180216,1282.1,1291,1282.1,1284.6,0
XSJ,20180216,9984.7,10054.7,9966.8,9981.8,0
XSO,20180216,2670.3,2685,2670.3,2671.7,0
XTJ,20180216,1241.3,1253.7,1235.3,1235.3,0
XTL,20180216,3295.6,3319,3295.6,3296.7,0
XTO,20180216,4867,4891.3,4861.7,4863,0
XUJ,20180216,7562.6,7650.1,7526.1,7638.5,0
XXJ,20180216,7042.6,7102.3,7023.1,7024.2,0
