14D,20181024,0.3,0.3,0.285,0.3,195682
1AG,20181024,0.045,0.045,0.043,0.043,213158
1ST,20181024,0.033,0.033,0.033,0.033,185715
3DP,20181024,0.03,0.03,0.029,0.03,516100
3PL,20181024,1.135,1.17,1.135,1.17,125429
4CE,20181024,0.026,0.026,0.025,0.025,337030
4DS,20181024,0.055,0.057,0.054,0.056,1258647
5GN,20181024,0.48,0.48,0.48,0.48,12000
88E,20181024,0.019,0.019,0.018,0.018,2114173
8EC,20181024,0.805,0.805,0.805,0.805,10000
8IH,20181024,0.11,0.11,0.11,0.11,30000
9SP,20181024,0.018,0.018,0.018,0.018,24000
A2M,20181024,9.35,9.47,9.23,9.3,4198207
A3D,20181024,0.885,0.935,0.785,0.795,442868
AAA,20181024,50.13,50.15,50.13,50.14,69451
AAC,20181024,1.24,1.26,1.23,1.26,522741
AAD,20181024,1.585,1.595,1.58,1.595,470239
AAR,20181024,0.077,0.079,0.077,0.077,190596
AB1,20181024,0.077,0.077,0.072,0.074,664062
ABA,20181024,5.65,5.65,5.52,5.52,11438
ABC,20181024,5.61,5.675,5.57,5.59,920773
ABP,20181024,3.25,3.32,3.23,3.28,766011
ABR,20181024,0.15,0.15,0.14,0.14,367562
ABT,20181024,0.2,0.2,0.2,0.2,30451
ABV,20181024,0.003,0.003,0.003,0.003,670005
AC8,20181024,0.795,0.795,0.71,0.75,1496852
ACF,20181024,0.51,0.515,0.5,0.51,469846
ACL,20181024,0.013,0.018,0.012,0.012,36735632
ACQ,20181024,1.21,1.22,1.2,1.2,66133
ACR,20181024,0.225,0.23,0.225,0.23,39975
ACW,20181024,0.047,0.047,0.047,0.047,1035828
AD8,20181024,3.5,3.5,3.35,3.41,39803
ADA,20181024,1.6,1.6,1.52,1.52,126447
ADH,20181024,2,2.01,1.94,2.01,2159036
ADJ,20181024,0.048,0.048,0.044,0.047,812563
ADN,20181024,0.007,0.007,0.007,0.007,11272681
ADO,20181024,0.016,0.022,0.015,0.016,48071279
ADT,20181024,0.46,0.47,0.43,0.47,963342
ADV,20181024,0.007,0.007,0.006,0.007,3770210
ADX,20181024,0.012,0.012,0.012,0.012,897132
AEB,20181024,0.017,0.018,0.015,0.015,8030931
AEE,20181024,0.019,0.02,0.018,0.019,1201902
AEF,20181024,156.5,156.5,155.69,156,175
AEG,20181024,1.14,1.15,1.125,1.125,107297
AEI,20181024,0.165,0.17,0.155,0.155,58000
AER,20181024,0.065,0.065,0.065,0.065,20000
AEV,20181024,0.021,0.021,0.021,0.021,431500
AFG,20181024,1.51,1.51,1.475,1.5,67436
AFI,20181024,6.04,6.05,6.01,6.01,385840
AGE,20181024,0.003,0.003,0.003,0.003,167000
AGG,20181024,2.78,2.8,2.78,2.8,23693
AGH,20181024,0.45,0.47,0.43,0.445,727493
AGI,20181024,1.09,1.11,1.09,1.1,134062
AGL,20181024,18.74,18.84,18.43,18.48,1981776
AGM,20181024,1.7,1.7,1.7,1.7,1002
AGO,20181024,0.045,0.046,0.045,0.045,1014739
AGR,20181024,0.145,0.165,0.145,0.16,413843
AGS,20181024,0.14,0.14,0.13,0.14,78785
AGY,20181024,0.21,0.21,0.195,0.2,3783102
AHF,20181024,0.135,0.135,0.13,0.135,12817
AHG,20181024,1.885,1.9,1.855,1.875,517271
AHL,20181024,0.014,0.014,0.014,0.014,200000
AHX,20181024,0.56,0.56,0.545,0.545,18862
AHY,20181024,0.72,0.73,0.71,0.72,615037
AIA,20181024,6.37,6.44,6.36,6.38,230876
AIS,20181024,0.185,0.185,0.185,0.185,132593
AIY,20181024,0.025,0.025,0.025,0.025,122500
AIZ,20181024,2.53,2.53,2.47,2.47,147763
AJC,20181024,0.001,0.001,0.001,0.001,10000000
AJD,20181024,2,2.01,2,2,192463
AJL,20181024,0.38,0.38,0.35,0.365,431205
AJM,20181024,0.22,0.22,0.21,0.21,3666725
AJQ,20181024,0.094,0.094,0.094,0.094,133240
AJX,20181024,0.12,0.12,0.115,0.12,443474
AKM,20181024,0.02,0.02,0.02,0.02,1202068
AKP,20181024,12.57,14,12.57,14,12319
AL8,20181024,0.23,0.24,0.225,0.24,96260
ALC,20181024,0.044,0.044,0.043,0.043,314000
ALF,20181024,1.02,1.02,1,1.02,438883
ALI,20181024,1.89,1.91,1.89,1.91,122427
ALK,20181024,0.21,0.215,0.205,0.205,1289438
ALL,20181024,28.32,28.32,27.95,28.05,2342497
ALQ,20181024,8.25,8.315,8.14,8.25,1431332
ALT,20181024,0.005,0.008,0.005,0.007,24265146
ALU,20181024,22,22,21.24,21.29,446436
ALX,20181024,6.8,6.84,6.71,6.77,1635078
AMA,20181024,0.96,0.97,0.93,0.96,634511
AMC,20181024,12.9,12.95,12.81,12.85,4838774
AMD,20181024,0.017,0.018,0.017,0.018,130290
AME,20181024,0.044,0.044,0.044,0.044,20387
AMG,20181024,0.054,0.054,0.052,0.052,222900
AMH,20181024,0.88,0.88,0.88,0.88,17500
AMI,20181024,0.745,0.755,0.725,0.755,4322059
AML,20181024,0.285,0.295,0.28,0.295,337769
AMN,20181024,0.74,0.74,0.68,0.68,5000
AMP,20181024,3.29,3.35,3.24,3.31,18844271
ANG,20181024,0.23,0.23,0.225,0.23,1174816
ANL,20181024,0.005,0.005,0.005,0.005,406131
ANN,20181024,23.03,23.3,22.84,23.05,1275300
ANP,20181024,0.048,0.05,0.038,0.038,11904696
ANR,20181024,0.38,0.38,0.38,0.38,13650
ANW,20181024,0.019,0.02,0.018,0.018,3633752
ANZ,20181024,25.25,25.67,25.23,25.45,4335550
AOA,20181024,0.007,0.007,0.005,0.005,2008566
AOF,20181024,2.86,2.87,2.82,2.86,881898
AOG,20181024,2.05,2.05,1.935,1.94,2943047
AON,20181024,0.2,0.2,0.19,0.19,8800
AOP,20181024,0.22,0.22,0.2,0.2,185146
AOW,20181024,0.028,0.028,0.026,0.026,4643668
APA,20181024,9.66,9.74,9.62,9.67,2354002
APC,20181024,0.072,0.072,0.071,0.072,341675
APD,20181024,0.46,0.46,0.45,0.45,158340
APE,20181024,7.73,7.79,7.6,7.74,54372
APG,20181024,0.001,0.001,0.001,0.001,10121500
API,20181024,1.57,1.605,1.57,1.585,2567938
APL,20181024,1.08,1.08,1.07,1.07,1210402
APT,20181024,13,13.19,12.21,12.26,1244982
APW,20181024,1.75,1.75,1.75,1.75,1124
APX,20181024,11.08,11.11,10.71,10.75,438836
APZ,20181024,0.96,0.98,0.96,0.98,15631
AQC,20181024,0.9,0.9,0.87,0.87,5068
AQD,20181024,0.027,0.027,0.025,0.026,313004
AQG,20181024,2.41,2.48,2.41,2.45,170145
AQX,20181024,0.015,0.015,0.015,0.015,527750
AQZ,20181024,2.35,2.39,2.35,2.39,77310
AR9,20181024,0.175,0.175,0.175,0.175,5000
ARA,20181024,0.64,0.65,0.635,0.65,60000
ARB,20181024,17.34,17.52,17.105,17.48,392343
ARD,20181024,0.017,0.017,0.016,0.016,600000
ARE,20181024,0.019,0.019,0.017,0.018,5986198
ARF,20181024,2.35,2.35,2.29,2.29,218821
ARG,20181024,7.78,7.78,7.69,7.69,200533
ARL,20181024,0.61,0.61,0.58,0.585,73379
ARM,20181024,0.022,0.022,0.022,0.022,20617
ARQ,20181024,2.31,2.36,2.29,2.3,96085
ARU,20181024,0.066,0.067,0.066,0.066,444295
ARV,20181024,0.15,0.16,0.145,0.145,2003830
ARX,20181024,0.175,0.175,0.175,0.175,4000
AS1,20181024,0.15,0.15,0.15,0.15,2173
ASB,20181024,1.805,1.81,1.76,1.78,189094
ASG,20181024,1.2,1.2,1.15,1.15,225824
ASH,20181024,0.27,0.27,0.27,0.27,5500
ASL,20181024,1.615,1.685,1.59,1.68,3545986
ASN,20181024,0.073,0.079,0.072,0.074,3411805
AST,20181024,1.66,1.687,1.65,1.67,7875704
ASX,20181024,59.26,59.98,58.8,58.91,296779
ATC,20181024,0.12,0.12,0.115,0.12,153051
ATL,20181024,1.46,1.48,1.375,1.48,80927
ATS,20181024,0.425,0.43,0.42,0.425,244819
ATU,20181024,0.095,0.095,0.092,0.095,46341
AU1,20181024,0.013,0.013,0.011,0.011,2505796
AU8,20181024,0.265,0.265,0.26,0.26,323848
AUB,20181024,12.9,12.95,12.52,12.77,1223701
AUC,20181024,0.03,0.03,0.028,0.028,465178
AUH,20181024,0.004,0.004,0.004,0.004,1700000
AUI,20181024,8.54,8.54,8.39,8.39,5482
AUL,20181024,0.004,0.004,0.004,0.004,11718262
AUR,20181024,0.041,0.041,0.041,0.041,141893
AUST,20181024,15.61,15.61,15.6,15.6,2877
AUZ,20181024,0.035,0.036,0.033,0.034,9427835
AVA,20181024,0.21,0.21,0.21,0.21,33561
AVG,20181024,0.555,0.57,0.555,0.57,10107
AVH,20181024,0.096,0.097,0.091,0.093,2450380
AVJ,20181024,0.62,0.62,0.61,0.61,57489
AVL,20181024,0.042,0.042,0.04,0.04,4760247
AVN,20181024,2.1,2.11,2.08,2.08,260448
AVQ,20181024,0.096,0.096,0.093,0.095,1077816
AVZ,20181024,0.079,0.08,0.072,0.075,11989210
AWC,20181024,2.58,2.595,2.52,2.59,12054435
AWV,20181024,0.019,0.019,0.019,0.019,28000
AWY,20181024,0.044,0.045,0.044,0.045,299610
AX1,20181024,1.355,1.445,1.355,1.385,851901
AX8,20181024,0.094,0.094,0.094,0.094,49587
AXE,20181024,0.073,0.078,0.073,0.075,120209
AXP,20181024,0.072,0.078,0.067,0.067,515269
AYK,20181024,20,20,20,20,100
AYR,20181024,0.004,0.004,0.004,0.004,400206
AYS,20181024,1.155,1.175,1.15,1.16,299835
AZI,20181024,0.005,0.005,0.005,0.005,276000
AZJ,20181024,4.2,4.26,4.19,4.23,10933364
AZM,20181024,0.019,0.019,0.018,0.018,588969
AZS,20181024,0.195,0.2,0.19,0.2,149269
AZY,20181024,0.014,0.015,0.013,0.015,1163803
B2Y,20181024,0.265,0.265,0.26,0.26,621172
BAF,20181024,0.875,0.88,0.86,0.88,519032
BAL,20181024,7.94,8.05,7.66,7.98,3604293
BAP,20181024,6.62,6.85,6.61,6.64,1647033
BAT,20181024,0.028,0.029,0.028,0.028,3964285
BAU,20181024,0.056,0.056,0.056,0.056,190000
BBL,20181024,0.48,0.48,0.48,0.48,82
BBN,20181024,2.42,2.45,2.35,2.37,63588
BBOZ,20181024,15.4,15.52,15.33,15.47,66415
BBUS,20181024,4.91,4.91,4.86,4.88,1155277
BBX,20181024,0.185,0.185,0.185,0.185,20000
BC8,20181024,0.19,0.19,0.19,0.19,12225
BCB,20181024,0.015,0.015,0.015,0.015,72440
BCI,20181024,0.14,0.14,0.137,0.14,305905
BCK,20181024,0.03,0.03,0.03,0.03,54984
BCN,20181024,0.02,0.02,0.02,0.02,816988
BCT,20181024,0.06,0.061,0.06,0.06,201909
BD1,20181024,0.059,0.075,0.039,0.039,614766205
BDA,20181024,0.59,0.59,0.56,0.575,111719
BDG,20181024,0.14,0.14,0.14,0.14,200000
BDI,20181024,0.001,0.001,0.001,0.001,4500000
BDR,20181024,0.062,0.063,0.06,0.061,2793205
BEAR,20181024,14.24,14.26,14.2,14.26,21406
BEE,20181024,0.085,0.085,0.085,0.085,61000
BEL,20181024,0.098,0.098,0.098,0.098,34274
BEM,20181024,0.12,0.13,0.11,0.11,133400
BEN,20181024,10.08,10.22,10.05,10.11,956954
BFC,20181024,0.175,0.175,0.175,0.175,39571
BFG,20181024,0.975,1.04,0.975,1.035,328539
BGA,20181024,6.15,6.195,6.12,6.14,295884
BGL,20181024,0.38,0.402,0.36,0.36,6332984
BGS,20181024,0.225,0.225,0.22,0.225,63188
BGT,20181024,0.175,0.175,0.165,0.17,127150
BHP,20181024,32.7,32.71,31.82,32.07,8904500
BID,20181024,0.12,0.12,0.11,0.11,1203399
BIN,20181024,2.64,2.67,2.61,2.61,2911295
BIS,20181024,0.92,0.935,0.91,0.935,33992
BIT,20181024,0.19,0.21,0.16,0.16,46957206
BKI,20181024,1.5,1.505,1.5,1.5,297124
BKL,20181024,127.05,127.95,125.29,126.32,87918
BKP,20181024,0.005,0.005,0.004,0.004,1504543
BKT,20181024,0.034,0.034,0.033,0.033,3790205
BKW,20181024,17.04,17.29,17.01,17.15,123888
BKY,20181024,0.295,0.295,0.29,0.29,169352
BLA,20181024,1.215,1.245,1.16,1.195,134610
BLD,20181024,5.91,5.91,5.76,5.77,4164447
BLG,20181024,0.295,0.295,0.29,0.29,31894
BLK,20181024,0.044,0.046,0.044,0.046,8662632
BLT,20181024,0.205,0.205,0.175,0.18,590514
BLX,20181024,1.5,1.5,1.48,1.48,53039
BLY,20181024,0.004,0.004,0.004,0.004,1035983
BLZ,20181024,0.03,0.03,0.029,0.03,335160
BMG,20181024,0.011,0.012,0.011,0.012,3882630
BMN,20181024,0.047,0.047,0.045,0.045,1047866
BNL,20181024,0.011,0.011,0.011,0.011,200000
BNO,20181024,0.165,0.17,0.165,0.17,312874
BNR,20181024,0.033,0.033,0.033,0.033,17465
BOA,20181024,0.083,0.083,0.082,0.082,16000
BOC,20181024,0.145,0.145,0.145,0.145,6771
BOE,20181024,0.062,0.063,0.056,0.061,5569610
BOL,20181024,0.18,0.18,0.175,0.175,594398
BOND,20181024,25.71,25.71,25.71,25.71,773
BOQ,20181024,10.1,10.18,9.95,9.96,2900312
BOT,20181024,0.089,0.089,0.085,0.085,1813604
BPL,20181024,0.055,0.055,0.05,0.05,50500
BPP,20181024,0.019,0.019,0.019,0.019,100000
BPT,20181024,1.62,1.625,1.572,1.6,13217109
BRB,20181024,0.38,0.39,0.35,0.35,777795
BRC,20181024,0.038,0.04,0.038,0.04,780579
BRG,20181024,13,13,11.97,12,214330
BRK,20181024,0.016,0.016,0.016,0.016,500000
BRL,20181024,0.11,0.115,0.11,0.11,242494
BRN,20181024,0.125,0.125,0.12,0.12,472808
BRU,20181024,0.25,0.25,0.25,0.25,230135
BSA,20181024,0.275,0.28,0.275,0.28,103564
BSE,20181024,0.255,0.257,0.255,0.255,731775
BSL,20181024,15.11,15.2,14.63,14.77,2913656
BSM,20181024,0.023,0.023,0.022,0.022,824408
BSR,20181024,0.02,0.02,0.02,0.02,817456
BST,20181024,0.94,0.94,0.93,0.93,40000
BTH,20181024,0.365,0.365,0.35,0.365,111089
BTI,20181024,0.84,0.84,0.835,0.84,842
BUB,20181024,0.49,0.49,0.465,0.475,934310
BUD,20181024,0.11,0.115,0.11,0.115,1131511
BUL,20181024,0.065,0.065,0.063,0.063,1164941
BUX,20181024,0.155,0.155,0.155,0.155,23500
BVS,20181024,4.31,4.41,4.31,4.33,708433
BWP,20181024,3.38,3.42,3.37,3.4,1185984
BWX,20181024,3.51,3.59,3.41,3.47,300803
BXB,20181024,10.8,10.91,10.54,10.74,6270538
BXN,20181024,0.039,0.039,0.038,0.038,30218
BYE,20181024,0.27,0.27,0.255,0.255,324909
BYH,20181024,0.099,0.1,0.099,0.1,100000
BYI,20181024,0.895,0.895,0.895,0.895,1054
C6C,20181024,1.165,1.17,1.16,1.17,38860
CAB,20181024,2.16,2.16,2.11,2.15,18372
CAE,20181024,0.032,0.038,0.03,0.038,210555
CAF,20181024,0.14,0.14,0.14,0.14,5970
CAI,20181024,0.026,0.028,0.026,0.028,4382655
CAJ,20181024,0.26,0.265,0.255,0.26,6452810
CAM,20181024,0.89,0.89,0.88,0.88,96460
CAN,20181024,2.68,2.68,2.52,2.52,168559
CAR,20181024,12.92,12.98,12.69,12.84,1044835
CAT,20181024,1.07,1.19,1.07,1.15,856954
CAY,20181024,0.215,0.22,0.21,0.22,877814
CAZ,20181024,0.026,0.027,0.025,0.027,696673
CBA,20181024,66.48,67.25,66.41,66.86,2234525
CBC,20181024,1,1,1,1,500
CCA,20181024,0.095,0.095,0.09,0.09,283458
CCE,20181024,0.008,0.009,0.008,0.009,3537958
CCG,20181024,0.1,0.1,0.1,0.1,2000
CCL,20181024,9.94,9.96,9.79,9.81,1710283
CCP,20181024,19.75,19.78,19.24,19.29,270760
CCV,20181024,0.275,0.28,0.275,0.28,101086
CCZ,20181024,0.031,0.033,0.03,0.033,288816
CD2,20181024,2.19,2.19,2.19,2.19,13700
CD3,20181024,1.6,1.6,1.6,1.6,12500
CDA,20181024,2.88,2.95,2.87,2.94,185800
CDD,20181024,1.065,1.08,1.055,1.075,313531
CDM,20181024,1.115,1.115,1.085,1.085,334515
CDP,20181024,7.75,7.8,7.71,7.79,13578
CDV,20181024,0.445,0.45,0.44,0.45,26841
CDX,20181024,0.039,0.04,0.039,0.04,1077236
CE1,20181024,0.055,0.055,0.053,0.053,1542565
CETF,20181024,51.22,51.62,50.78,51.62,810
CFE,20181024,0.021,0.021,0.02,0.02,208085
CFO,20181024,0.16,0.16,0.155,0.155,17000
CGA,20181024,0.585,0.585,0.56,0.565,15695
CGC,20181024,6.22,6.22,6.07,6.09,1335976
CGF,20181024,11.08,11.3,11.06,11.15,1456718
CGL,20181024,8.62,8.72,8.52,8.7,60220
CGM,20181024,0.003,0.003,0.003,0.003,1090000
CGN,20181024,0.022,0.023,0.022,0.023,345681
CGR,20181024,0.53,0.535,0.53,0.535,36811
CGS,20181024,0.575,0.61,0.575,0.6,76874
CHC,20181024,7,7.11,7,7.04,846748
CHK,20181024,0.006,0.006,0.005,0.006,3892569
CHN,20181024,0.145,0.15,0.145,0.15,400518
CHZ,20181024,0.054,0.054,0.054,0.054,188915
CI1,20181024,0.019,0.02,0.019,0.019,740000
CIA,20181024,1.29,1.29,1.25,1.25,31633
CIE,20181024,0.925,0.925,0.925,0.925,3630
CIM,20181024,47.81,48.48,46.86,47.71,492968
CIN,20181024,31.99,31.99,31.99,31.99,1250
CIP,20181024,2.75,2.755,2.72,2.74,114327
CIW,20181024,0.48,0.48,0.48,0.48,47267
CKF,20181024,6.39,6.4,6.31,6.31,483129
CL1,20181024,2.1,2.16,2.09,2.16,145374
CL8,20181024,0.017,0.017,0.017,0.017,220058
CLA,20181024,0.11,0.115,0.11,0.115,1085434
CLF,20181024,1.2,1.2,1.2,1.2,6640
CLH,20181024,1.3,1.4,1.3,1.375,158463
CLI,20181024,0.026,0.026,0.025,0.025,191718
CLL,20181024,0.125,0.13,0.125,0.13,167213
CLQ,20181024,0.455,0.46,0.42,0.425,1681563
CLV,20181024,1.45,1.5,1.45,1.495,430229
CLW,20181024,4.08,4.135,4.065,4.13,597153
CLY,20181024,0.002,0.002,0.002,0.002,600000
CM1,20181024,0.12,0.12,0.12,0.12,20000
CM8,20181024,0.039,0.039,0.039,0.039,10
CMA,20181024,2.41,2.42,2.39,2.39,1230008
CMD,20181024,0.027,0.027,0.027,0.027,24217
CMI,20181024,1.47,1.47,1.47,1.47,2003
CMM,20181024,0.074,0.074,0.074,0.074,226653
CMP,20181024,0.39,0.39,0.39,0.39,13578
CMW,20181024,1.02,1.045,1.02,1.04,5092841
CND,20181024,0.048,0.05,0.048,0.049,171021
CNI,20181024,1.31,1.31,1.29,1.3,64338
CNJ,20181024,0.024,0.024,0.024,0.024,100000
CNU,20181024,4.37,4.37,4.31,4.33,164637
CNW,20181024,0.017,0.017,0.017,0.017,200000
CNX,20181024,0.076,0.076,0.076,0.076,70000
COB,20181024,0.305,0.315,0.3,0.3,97982
COE,20181024,0.47,0.47,0.45,0.45,2851354
COG,20181024,0.11,0.112,0.11,0.112,1454046
COH,20181024,174.57,179.9,174.57,178.44,283218
COI,20181024,0.345,0.345,0.345,0.345,32827
CP1,20181024,0.155,0.155,0.15,0.15,10200
CPH,20181024,0.5,0.5,0.455,0.47,469814
CPU,20181024,19.6,19.83,19.54,19.58,1944003
CPV,20181024,0.38,0.385,0.355,0.355,244486
CQR,20181024,4.17,4.23,4.17,4.2,488590
CR1,20181024,0.24,0.265,0.24,0.265,268092
CRB,20181024,0.027,0.027,0.027,0.027,123000
CRL,20181024,0.03,0.032,0.03,0.032,600000
CRN,20181024,3.64,3.73,3.485,3.63,4054815
CRO,20181024,0.017,0.017,0.017,0.017,117
CRR,20181024,2.77,2.8,2.76,2.8,66620
CSE,20181024,0.1,0.105,0.1,0.1,27500
CSL,20181024,179.6,183.75,179.59,182.1,904976
CSR,20181024,3.44,3.54,3.43,3.48,3228819
CSS,20181024,0.057,0.058,0.056,0.058,1035474
CSV,20181024,0.195,0.195,0.195,0.195,36848
CT1,20181024,0.017,0.017,0.016,0.016,785985
CTD,20181024,28.5,29.15,28.5,28.8,366483
CTM,20181024,0.007,0.007,0.006,0.007,5119594
CTP,20181024,0.145,0.145,0.14,0.145,429592
CTX,20181024,28.75,28.8,28.21,28.31,988172
CUE,20181024,0.07,0.07,0.068,0.068,500000
CUL,20181024,0.001,0.001,0.001,0.001,609524
CUP,20181024,0.6,0.6,0.6,0.6,7000
CUV,20181024,18.77,18.8,17.5,17.81,48091
CV1,20181024,0.07,0.07,0.07,0.07,99521
CVF,20181024,1.095,1.1,1.095,1.1,37000
CVL,20181024,0.58,0.58,0.58,0.58,20000
CVN,20181024,0.385,0.385,0.375,0.375,2339101
CVS,20181024,0.008,0.008,0.008,0.008,120000
CVT,20181024,0.019,0.022,0.019,0.022,155542
CVW,20181024,0.89,0.89,0.86,0.885,3218
CWL,20181024,0.053,0.059,0.053,0.059,150000
CWN,20181024,12.9,12.91,12.655,12.71,1431959
CWP,20181024,5.38,5.46,5.305,5.4,35022
CWX,20181024,0.195,0.2,0.195,0.2,36723
CWY,20181024,1.71,1.72,1.68,1.685,6842761
CXL,20181024,0.75,0.79,0.75,0.76,145726
CXM,20181024,0.12,0.12,0.115,0.115,145405
CXO,20181024,0.052,0.052,0.05,0.051,1043926
CXU,20181024,0.035,0.035,0.034,0.034,15650
CXX,20181024,0.081,0.081,0.08,0.08,74307
CYA,20181024,0.94,0.945,0.94,0.94,13708
CYB,20181024,4.77,4.77,4.7,4.74,6833402
CYG,20181024,1.17,1.18,1.17,1.18,10409
CYL,20181024,1.56,1.575,1.56,1.575,49529
CYP,20181024,1.16,1.17,1.125,1.155,50001
CYQ,20181024,0.008,0.008,0.008,0.008,266039
CZI,20181024,0.069,0.07,0.069,0.07,51666
CZL,20181024,0.022,0.022,0.019,0.02,2316859
CZN,20181024,0.007,0.007,0.006,0.006,864128
CZR,20181024,0.013,0.013,0.013,0.013,231214
CZZ,20181024,20.2,20.35,19.9,20.11,28566
D13,20181024,0.049,0.05,0.049,0.05,26000
D2O,20181024,1.345,1.345,1.325,1.325,44787
DAV,20181024,0.07,0.07,0.07,0.07,457
DBF,20181024,1.45,1.45,1.415,1.415,4290
DCC,20181024,0.073,0.073,0.07,0.072,1342242
DCG,20181024,0.745,0.755,0.74,0.74,289123
DCL,20181024,0.08,0.08,0.08,0.08,10000
DCN,20181024,2.45,2.5,2.39,2.4,604714
DDD,20181024,0.004,0.004,0.004,0.004,51808
DDR,20181024,2.95,2.97,2.92,2.92,52490
DEG,20181024,0.145,0.15,0.135,0.14,1010469
DEM,20181024,0.175,0.175,0.17,0.17,125756
DFM,20181024,1.06,1.06,0.99,1.02,28950
DGO,20181024,0.63,0.65,0.63,0.64,2444
DGR,20181024,0.15,0.155,0.145,0.15,516954
DHG,20181024,2.68,2.69,2.59,2.61,2838879
DHR,20181024,0.006,0.007,0.006,0.006,5460950
DIV,20181024,19.31,19.31,19.31,19.31,75
DJRE,20181024,21.04,21.04,20.99,21,19046
DJW,20181024,3.23,3.26,3.23,3.24,97369
DLC,20181024,0.009,0.009,0.008,0.008,319688
DLX,20181024,7.37,7.4,7.28,7.32,1236740
DMP,20181024,55.5,56.46,53.87,54.87,557164
DN8,20181024,0.12,0.12,0.12,0.12,765598
DNA,20181024,0.17,0.17,0.165,0.165,207819
DNK,20181024,0.765,0.785,0.75,0.75,59644
DOR,20181024,0.12,0.12,0.12,0.12,32635
DOW,20181024,7.01,7.055,6.87,6.89,1283993
DRK,20181024,0.012,0.012,0.012,0.012,110000
DRM,20181024,0.41,0.42,0.395,0.4,857111
DRO,20181024,0.155,0.17,0.15,0.17,574306
DRX,20181024,0.02,0.023,0.019,0.022,4081550
DSE,20181024,0.115,0.115,0.1,0.1,1890431
DTI,20181024,0.062,0.062,0.062,0.062,30000
DTL,20181024,1.505,1.53,1.502,1.51,122181
DTM,20181024,0.007,0.007,0.007,0.007,2070000
DTR,20181024,0.012,0.012,0.011,0.011,91500
DTS,20181024,0.19,0.2,0.185,0.2,349947
DTZ,20181024,0.087,0.088,0.087,0.088,240000
DUB,20181024,0.435,0.48,0.435,0.475,767702
DUI,20181024,4.08,4.1,4.06,4.06,11260
DW8,20181024,0.006,0.006,0.006,0.006,27794
DWS,20181024,1.22,1.23,1.215,1.23,33834
DXB,20181024,0.135,0.15,0.12,0.12,5934415
DXN,20181024,0.165,0.17,0.16,0.17,46000
DXS,20181024,10.18,10.315,10.15,10.29,2339742
DYL,20181024,0.47,0.47,0.43,0.435,226497
E25,20181024,0.19,0.19,0.19,0.19,25000
E2E,20181024,0.006,0.006,0.006,0.006,50000
EAI,20181024,1,1,0.995,0.995,87764
EAR,20181024,0.12,0.125,0.12,0.12,1065895
EBO,20181024,19.8,19.8,19.6,19.68,4502
ECT,20181024,0.01,0.011,0.01,0.01,3400750
ECX,20181024,2.55,2.57,2.49,2.54,1020591
ED1,20181024,1.9,1.9,1.9,1.9,80592
EDC,20181024,0.985,0.985,0.975,0.975,25356
EDE,20181024,0.089,0.092,0.083,0.086,5862588
EEG,20181024,0.02,0.02,0.019,0.019,519414
EFE,20181024,0.006,0.006,0.006,0.006,100000
EGA,20181024,0.2,0.2,0.2,0.2,20000
EGD,20181024,2.1,2.11,2.1,2.1,55000
EGF,20181024,1.53,1.53,1.51,1.51,16342
EGG,20181024,1.24,1.25,1.24,1.25,9572
EGH,20181024,0.295,0.3,0.295,0.3,39555
EGI,20181024,1.045,1.045,1.03,1.03,66900
EGL,20181024,0.05,0.05,0.05,0.05,21
EGN,20181024,0.505,0.505,0.505,0.505,57920
EHE,20181024,2.11,2.2,2.11,2.18,1148388
EHH,20181024,0.245,0.245,0.24,0.24,11196
EHL,20181024,0.34,0.34,0.325,0.33,6682012
EHX,20181024,0.033,0.033,0.033,0.033,56835
ELD,20181024,7.35,7.4,7.12,7.33,368172
ELK,20181024,0.064,0.064,0.063,0.063,42291
ELO,20181024,6.49,6.8,6.46,6.62,79046
ELS,20181024,0.59,0.61,0.565,0.61,121847
ELT,20181024,0.007,0.007,0.006,0.006,11686195
ELX,20181024,0.635,0.66,0.63,0.63,65798
EM1,20181024,0.009,0.009,0.009,0.009,300000
EMH,20181024,0.42,0.42,0.42,0.42,1700
EML,20181024,1.54,1.58,1.525,1.57,297646
EMN,20181024,0.2,0.2,0.19,0.19,404396
EMP,20181024,0.002,0.003,0.002,0.003,5166666
EMR,20181024,0.033,0.035,0.033,0.035,758417
EN1,20181024,0.06,0.061,0.06,0.06,126498
ENA,20181024,0.032,0.032,0.032,0.032,2234
ENE,20181024,0.3,0.3,0.3,0.3,71850
ENN,20181024,1.88,1.88,1.88,1.88,474
ENR,20181024,0.043,0.043,0.042,0.042,61043
ENT,20181024,0.014,0.014,0.014,0.014,30000
ENX,20181024,0.018,0.018,0.018,0.018,13333
EOS,20181024,2.83,2.9,2.83,2.88,13254
EPW,20181024,1.69,1.7,1.655,1.685,886649
EQT,20181024,23,23,22.2,23,8406
ERA,20181024,0.34,0.345,0.34,0.345,151045
ERF,20181024,1.27,1.27,1.27,1.27,2794
ERM,20181024,0.07,0.07,0.07,0.07,53897
ERX,20181024,0.045,0.046,0.045,0.046,2091524
ESE,20181024,0.073,0.073,0.061,0.063,1081030
ESH,20181024,0.023,0.025,0.023,0.023,1262025
ESR,20181024,0.021,0.021,0.021,0.021,314866
ETE,20181024,0.014,0.014,0.014,0.014,12500
ETPMAG,20181024,19.94,19.94,19.9,19.9,6773
ETPMPD,20181024,126.8,126.8,126.8,126.8,0
ETPMPM,20181024,130.25,130.25,130.25,130.25,0
ETPMPT,20181024,111.56,111.56,111.56,111.56,0
EUC,20181024,0.047,0.049,0.047,0.049,461155
EUZ,20181024,0.002,0.002,0.002,0.002,546278
EVE,20181024,0.006,0.007,0.006,0.006,2531900
EVN,20181024,3.15,3.2,3.12,3.17,8257372
EVO,20181024,0.455,0.455,0.45,0.45,72990
EVS,20181024,0.079,0.079,0.077,0.077,750216
EVT,20181024,13.55,13.97,13.3,13.8,205640
EVZ,20181024,0.031,0.031,0.031,0.031,77500
EWC,20181024,0.165,0.165,0.15,0.15,1568338
EXL,20181024,1.745,1.775,1.7,1.745,127425
EXP,20181024,0.32,0.34,0.32,0.325,127921
EXR,20181024,0.049,0.05,0.049,0.05,547421
EXU,20181024,0.115,0.12,0.115,0.115,1260808
EZL,20181024,1.23,1.23,1.22,1.22,7879
FAR,20181024,0.125,0.125,0.12,0.125,6192390
FAU,20181024,0.024,0.024,0.023,0.023,538898
FBR,20181024,0.17,0.17,0.165,0.165,514012
FBU,20181024,5.41,5.47,5.28,5.3,1076986
FCC,20181024,0.26,0.27,0.26,0.26,64159
FDM,20181024,0.17,0.175,0.165,0.175,140837
FDV,20181024,0.53,0.56,0.51,0.56,79292
FDX,20181024,0.041,0.045,0.04,0.045,551467
FE8,20181024,0.036,0.036,0.036,0.036,45000
FEI,20181024,0.075,0.076,0.075,0.076,13219
FEL,20181024,0.013,0.015,0.013,0.015,200000
FET,20181024,2.78,2.8,2.76,2.8,246472
FFC,20181024,0.12,0.12,0.12,0.12,35000
FFG,20181024,0.018,0.018,0.018,0.018,532611
FGF,20181024,0.014,0.015,0.012,0.014,5321902
FGG,20181024,1.385,1.385,1.365,1.385,85379
FGO,20181024,0.023,0.023,0.022,0.022,243282
FGR,20181024,0.13,0.13,0.115,0.125,560388
FGX,20181024,1.28,1.28,1.265,1.27,113838
FID,20181024,4.38,4.38,4.35,4.35,11900
FIG,20181024,0.087,0.087,0.08,0.08,437677
FLC,20181024,0.48,0.51,0.48,0.49,566669
FLN,20181024,0.58,0.58,0.57,0.58,465153
FLT,20181024,47.61,47.8,46.42,46.98,507521
FMG,20181024,3.93,3.93,3.81,3.86,17247455
FML,20181024,0.185,0.185,0.18,0.18,2861
FMS,20181024,0.081,0.082,0.081,0.082,42554
FND,20181024,0.225,0.225,0.225,0.225,42000
FNP,20181024,5.74,5.74,5.38,5.4,86790
FOD,20181024,0.135,0.135,0.13,0.13,1859625
FOR,20181024,1.52,1.52,1.5,1.5,41201
FPC,20181024,0.89,0.89,0.885,0.885,9340
FPH,20181024,12.46,12.57,12.39,12.46,251051
FPL,20181024,0.006,0.006,0.005,0.005,8970115
FRI,20181024,0.82,0.83,0.82,0.825,84324
FRM,20181024,0.86,0.87,0.85,0.865,50247
FSA,20181024,1.26,1.26,1.23,1.23,40516
FSG,20181024,0.024,0.024,0.024,0.024,583556
FSI,20181024,1.79,1.79,1.79,1.79,2793
FTT,20181024,0.075,0.075,0.067,0.068,2455914
FTZ,20181024,0.205,0.205,0.2,0.2,172857
FWD,20181024,2.22,2.33,2.22,2.33,25419
FXJ,20181024,0.67,0.675,0.662,0.67,15622164
FXL,20181024,1.645,1.665,1.555,1.565,501631
FYI,20181024,0.08,0.08,0.078,0.078,34260
FZO,20181024,0.375,0.375,0.35,0.35,364262
G1A,20181024,0.19,0.195,0.19,0.195,96966
G88,20181024,0.165,0.165,0.155,0.16,22252
GAL,20181024,0.18,0.18,0.18,0.18,162584
GAP,20181024,0.34,0.34,0.34,0.34,51013
GAS,20181024,0.18,0.205,0.18,0.205,30898
GBG,20181024,0.016,0.017,0.016,0.017,263600
GBR,20181024,0.2,0.2,0.18,0.19,133205
GBT,20181024,1.765,1.765,1.745,1.755,11892
GC1,20181024,0.97,0.99,0.97,0.99,21075
GCI,20181024,1.995,1.995,1.975,1.99,85207
GCS,20181024,0.7,0.71,0.7,0.71,1184050
GCY,20181024,0.265,0.267,0.265,0.265,350205
GDF,20181024,1.25,1.25,1.24,1.24,64251
GDG,20181024,0.975,0.975,0.95,0.95,6810
GDI,20181024,1.325,1.34,1.31,1.335,329473
GDX,20181024,28.39,28.46,28.39,28.4,11050
GEAR,20181024,20.9,21.03,20.7,20.81,28581
GED,20181024,0.051,0.055,0.05,0.055,1127854
GEM,20181024,2.11,2.17,2.11,2.16,2408980
GES,20181024,0.009,0.009,0.009,0.009,65000
GEV,20181024,0.18,0.185,0.18,0.185,547545
GFL,20181024,2.1,2.1,2.1,2.1,2000
GGG,20181024,0.092,0.092,0.086,0.09,410094
GGUS,20181024,15.83,15.95,15.83,15.92,35894
GGX,20181024,0.004,0.004,0.004,0.004,237000
GID,20181024,0.019,0.019,0.018,0.019,102400
GLA,20181024,0.002,0.002,0.002,0.002,1000000
GLL,20181024,0.62,0.67,0.615,0.63,2723880
GLN,20181024,0.305,0.31,0.3,0.31,118515
GMA,20181024,2.25,2.31,2.22,2.3,997205
GMD,20181024,0.04,0.04,0.039,0.039,1203143
GME,20181024,0.094,0.094,0.094,0.094,68109
GMG,20181024,10.41,10.555,10.36,10.44,3323345
GML,20181024,0.017,0.017,0.015,0.015,460000
GMN,20181024,0.085,0.085,0.085,0.085,5892647
GMR,20181024,0.017,0.017,0.017,0.017,832927
GMV,20181024,0.36,0.36,0.35,0.35,79857
GMY,20181024,0.915,0.945,0.915,0.915,36745
GNC,20181024,8.11,8.13,8,8.04,635732
GNE,20181024,2.22,2.22,2.19,2.19,25287
GNG,20181024,1.295,1.295,1.295,1.295,1026
GNX,20181024,0.28,0.28,0.275,0.275,141540
GOLD,20181024,164.08,165,163.53,163.78,5475
GOO,20181024,0.071,0.071,0.07,0.07,345582
GOR,20181024,0.7,0.715,0.69,0.7,456471
GOVT,20181024,25.73,25.73,25.73,25.73,4
GOW,20181024,2.7,2.7,2.7,2.7,36360
GOZ,20181024,3.58,3.67,3.58,3.66,294790
GPP,20181024,0.003,0.004,0.003,0.004,561484
GPR,20181024,0.026,0.026,0.026,0.026,227426
GPT,20181024,5.14,5.19,5.115,5.17,8316904
GPX,20181024,0.27,0.27,0.27,0.27,5000
GRB,20181024,0.11,0.11,0.105,0.105,849241
GRR,20181024,0.195,0.195,0.19,0.19,1094310
GSC,20181024,0.25,0.255,0.235,0.25,2060155
GSN,20181024,0.037,0.037,0.037,0.037,20261
GSS,20181024,0.585,0.615,0.585,0.615,11150
GSW,20181024,0.585,0.62,0.56,0.6,140902
GTE,20181024,0.006,0.006,0.006,0.006,95362
GTG,20181024,0.016,0.017,0.011,0.011,158036764
GTK,20181024,6.3,6.36,6.27,6.36,1724
GTN,20181024,2.16,2.16,2.02,2.12,233947
GTR,20181024,0.018,0.018,0.018,0.018,10000
GUD,20181024,12.73,12.85,12.6,12.84,383761
GVF,20181024,1.045,1.055,1.045,1.055,48378
GWA,20181024,2.7,2.7,2.645,2.67,389191
GWR,20181024,0.105,0.105,0.1,0.1,86476
GXL,20181024,4.65,4.68,4.52,4.54,1652613
GXY,20181024,2.27,2.285,2.22,2.26,1670931
GZL,20181024,4.4,4.42,4.39,4.42,10486
HACK,20181024,6.69,6.7,6.67,6.69,61853
HAS,20181024,0.18,0.18,0.18,0.18,8000
HAW,20181024,0.044,0.044,0.044,0.044,253
HCH,20181024,0.019,0.019,0.019,0.019,24991
HCT,20181024,0.076,0.076,0.076,0.076,5888
HE8,20181024,0.135,0.135,0.135,0.135,317320
HEG,20181024,0.056,0.06,0.055,0.055,84978
HFR,20181024,0.55,0.56,0.55,0.55,3285
HGO,20181024,0.094,0.094,0.093,0.093,9024
HIG,20181024,0.11,0.11,0.105,0.105,957920
HIL,20181024,0.18,0.18,0.175,0.18,144059
HIP,20181024,0.019,0.019,0.018,0.018,269828
HIT,20181024,0.955,0.955,0.95,0.95,14700
HLA,20181024,1.165,1.19,1.165,1.17,120832
HLO,20181024,5.55,5.63,5.55,5.62,82791
HLX,20181024,0.034,0.035,0.034,0.035,2128540
HNG,20181024,0.405,0.405,0.405,0.405,407
HNR,20181024,0.012,0.012,0.012,0.012,412272
HOM,20181024,0.59,0.59,0.59,0.59,292
HOT,20181024,0.2,0.205,0.2,0.205,274500
HPI,20181024,3.1,3.1,3.09,3.09,41391
HRL,20181024,0.175,0.175,0.17,0.175,13466769
HRR,20181024,0.625,0.625,0.62,0.62,160000
HSN,20181024,3.5,3.57,3.5,3.52,165410
HSO,20181024,2.12,2.16,2.11,2.15,13543667
HT1,20181024,2.08,2.08,2.03,2.04,344188
HT8,20181024,0.016,0.016,0.016,0.016,31022
HTA,20181024,0.11,0.11,0.105,0.105,173333
HUB,20181024,11.8,12.02,11.475,11.54,154284
HUO,20181024,4.6,4.68,4.6,4.62,360866
HVN,20181024,3.41,3.42,3.31,3.33,4881134
HVST,20181024,14.67,14.69,14.64,14.67,64687
HWK,20181024,0.027,0.027,0.027,0.027,252000
HXG,20181024,0.14,0.14,0.14,0.14,40335
HZN,20181024,0.14,0.14,0.135,0.135,1779121
HZR,20181024,0.35,0.35,0.33,0.33,87924
IAA,20181024,79.9,80.19,78.9,79.32,4601
IAB,20181024,0.71,0.71,0.71,0.71,2900
IAF,20181024,106.41,106.58,106.41,106.53,7952
IAG,20181024,7.03,7.05,6.97,6.98,11139457
IAM,20181024,0.012,0.012,0.011,0.011,1652653
IAU,20181024,1.13,1.13,1.13,1.13,1059
IBC,20181024,0.5,0.5,0.5,0.5,15000
IBG,20181024,0.04,0.04,0.039,0.039,863356
IBN,20181024,0.002,0.002,0.002,0.002,137018
ICG,20181024,0.004,0.004,0.003,0.003,1060011
ICN,20181024,0.019,0.021,0.019,0.021,100000
ICQ,20181024,0.2,0.21,0.2,0.2,15454
ICS,20181024,1.1,1.1,1.1,1.1,878
ID8,20181024,0.8,0.805,0.78,0.805,145987
IDA,20181024,0.058,0.058,0.058,0.058,3804
IDR,20181024,2.66,2.66,2.61,2.65,74813
IDT,20181024,0.17,0.175,0.165,0.165,751865
IDX,20181024,2.78,2.81,2.75,2.78,88859
IEL,20181024,9.61,9.79,9.52,9.53,441546
IEM,20181024,56.7,56.7,55.52,55.86,120912
IEU,20181024,59.18,59.18,58.75,58.84,33743
IFL,20181024,7.8,7.86,7.75,7.84,963916
IFM,20181024,1.19,1.205,1.035,1.14,1191205
IFN,20181024,0.515,0.52,0.5,0.51,1587651
IGB,20181024,103.28,103.3,103.17,103.3,267
IGE,20181024,0.375,0.38,0.37,0.38,68278
IGL,20181024,2.09,2.12,2.08,2.12,209717
IGO,20181024,4.22,4.275,4.14,4.2,1851364
IHCB,20181024,101.22,101.73,101.22,101.73,2495
IHD,20181024,12.83,12.83,12.78,12.81,12116
IHEB,20181024,98.14,98.14,98.14,98.14,0
IHHY,20181024,102.95,102.95,102.63,102.63,586
IHL,20181024,0.016,0.037,0.016,0.022,66921925
IHOO,20181024,107.91,108.1,107.91,108.07,2154
IHR,20181024,0.135,0.135,0.13,0.13,16667
IHVV,20181024,342.49,342.89,341.75,342.78,1458
IJH,20181024,260.6,260.6,259.3,259.6,1101
IJP,20181024,78.81,78.83,77.53,78.11,103214
IJR,20181024,110.7,111.42,110.45,111.42,6374
IKO,20181024,86.04,86.37,84.85,85.22,14934
IKW,20181024,0.003,0.003,0.003,0.003,51666
ILB,20181024,116.96,117.25,116.9,117.25,3924
ILC,20181024,22.63,22.71,22.6,22.63,9412
ILU,20181024,8.46,8.65,8.45,8.5,3835478
IMA,20181024,0.125,0.127,0.125,0.127,401818
IMC,20181024,0.29,0.3,0.29,0.3,30000
IMD,20181024,1.18,1.205,1.165,1.2,645724
IME,20181024,0.035,0.038,0.031,0.032,6533551
IMF,20181024,2.92,2.96,2.83,2.96,830321
IMM,20181024,0.043,0.044,0.042,0.042,3050823
IMU,20181024,0.023,0.023,0.023,0.023,3436996
INA,20181024,2.96,3.04,2.96,3,190195
INF,20181024,0.062,0.065,0.062,0.062,490071
ING,20181024,3.88,3.89,3.85,3.88,571525
INK,20181024,0.055,0.055,0.051,0.051,119109
INP,20181024,0.125,0.125,0.105,0.105,155000
INV,20181024,0.17,0.17,0.17,0.17,4900
IOF,20181024,5.57,5.58,5.56,5.57,659225
IOO,20181024,65.56,66.24,65.24,65.4,13040
IOR,20181024,0.077,0.078,0.076,0.076,182131
IOT,20181024,0.001,0.001,0.001,0.001,3000000
IOZ,20181024,23.99,24.05,23.9,23.93,113334
IPB,20181024,0.032,0.032,0.03,0.03,1551166
IPD,20181024,0.425,0.445,0.425,0.445,81691
IPH,20181024,5.42,5.57,5.35,5.48,714674
IPL,20181024,3.86,3.86,3.79,3.82,4083034
IRC,20181024,0.155,0.155,0.15,0.15,53300
IRD,20181024,0.066,0.066,0.066,0.066,2948
IRE,20181024,11.02,11.1,10.89,10.92,282249
IRI,20181024,2.35,2.36,2.23,2.29,778726
ISD,20181024,0.28,0.285,0.275,0.285,269887
ISO,20181024,4.83,4.85,4.83,4.83,18461
ISU,20181024,0.66,0.69,0.66,0.69,818801
ISX,20181024,0.115,0.12,0.115,0.12,2878392
ITD,20181024,0.16,0.16,0.16,0.16,102090
ITW,20181024,46.5,46.6,46.5,46.6,9108
IVC,20181024,12.4,12.92,12.37,12.84,932484
IVE,20181024,89.6,89.6,88.58,88.66,84516
IVO,20181024,0.007,0.007,0.006,0.007,7231358
IVR,20181024,0.012,0.013,0.012,0.013,387237
IVV,20181024,388.72,389.99,388.17,388.88,11586
IVX,20181024,0.027,0.03,0.025,0.025,5209508
IVZ,20181024,0.041,0.041,0.039,0.04,3600613
IXI,20181024,70.02,70.02,70.02,70.02,100
IXJ,20181024,84.85,85.11,84.3,84.48,6798
IXU,20181024,0.14,0.15,0.135,0.15,50163
IZZ,20181024,56.38,56.62,55.63,56.53,3988
JAN,20181024,0.4,0.4,0.395,0.395,63268
JAT,20181024,0.064,0.068,0.06,0.062,13630829
JAY,20181024,0.39,0.4,0.39,0.4,64993
JBH,20181024,24.68,25.13,23.3,23.57,1082291
JCI,20181024,0.59,0.59,0.59,0.59,110500
JCS,20181024,0.044,0.044,0.044,0.044,80000
JDR,20181024,0.011,0.011,0.011,0.011,500000
JHC,20181024,1.135,1.15,1.115,1.12,909537
JHG,20181024,33.04,33.52,33.04,33.26,209040
JHL,20181024,0.021,0.023,0.021,0.023,6422
JHX,20181024,18.95,19.09,18.75,19,1318880
JIN,20181024,7.2,7.26,6.99,7.05,169380
JLG,20181024,0.875,0.875,0.872,0.875,31265
JMS,20181024,0.315,0.32,0.31,0.315,647222
JRV,20181024,0.22,0.22,0.2,0.22,140768
K2F,20181024,0.26,0.295,0.25,0.295,106329
KAI,20181024,0.03,0.03,0.03,0.03,628479
KAR,20181024,1.11,1.115,1.07,1.075,358404
KAS,20181024,0.008,0.008,0.008,0.008,966661
KAT,20181024,0.77,0.78,0.755,0.755,36800
KBC,20181024,0.076,0.076,0.076,0.076,17256
KCN,20181024,0.185,0.19,0.185,0.185,69339
KDR,20181024,1.025,1.115,0.98,1.105,4539072
KEY,20181024,0.007,0.007,0.007,0.007,93007
KFE,20181024,0.145,0.145,0.14,0.14,523229
KGL,20181024,0.305,0.305,0.305,0.305,103220
KGN,20181024,5.08,5.08,4.85,4.88,418417
KIN,20181024,0.079,0.08,0.079,0.08,334139
KIS,20181024,0.098,0.098,0.098,0.098,141583
KKT,20181024,0.265,0.285,0.265,0.285,19316
KLA,20181024,30.5,30.5,30.5,30.5,75
KLL,20181024,0.415,0.415,0.39,0.39,14058
KMD,20181024,2.4,2.55,2.39,2.43,179968
KME,20181024,0.76,0.76,0.76,0.76,650
KNL,20181024,0.195,0.195,0.18,0.18,41561
KNM,20181024,0.016,0.016,0.016,0.016,383489
KOR,20181024,0.028,0.028,0.028,0.028,3550
KOV,20181024,2.6,2.6,2.6,2.6,49260
KP2,20181024,0.065,0.065,0.065,0.065,50000
KPC,20181024,0.006,0.006,0.006,0.006,2860
KPG,20181024,1.26,1.26,1.22,1.22,16000
KPO,20181024,0.024,0.025,0.022,0.025,134049
KPT,20181024,1.95,1.95,1.93,1.93,4970
KRC,20181024,0.058,0.058,0.053,0.053,4001559
KRL,20181024,0.135,0.135,0.13,0.135,2036018
KRM,20181024,0.045,0.046,0.043,0.043,2313698
KRX,20181024,0.215,0.235,0.215,0.22,207261
KSC,20181024,1.42,1.42,1.42,1.42,20
KSL,20181024,1.05,1.075,1.05,1.05,179061
KSM,20181024,2.39,2.39,2.39,2.39,13390
KSN,20181024,0.021,0.021,0.021,0.021,673770
KSS,20181024,0.11,0.12,0.11,0.12,380000
KTA,20181024,0.03,0.03,0.03,0.03,29850
KTD,20181024,0.46,0.47,0.425,0.43,1080197
KTE,20181024,0.009,0.009,0.009,0.009,352268
KYK,20181024,0.1,0.1,0.1,0.1,30000
KZA,20181024,0.385,0.385,0.36,0.36,23149
KZR,20181024,0.095,0.095,0.095,0.095,74892
LAA,20181024,0.175,0.185,0.175,0.18,281865
LAU,20181024,0.37,0.37,0.365,0.365,171928
LBL,20181024,0.225,0.25,0.225,0.24,111890
LBT,20181024,0.125,0.135,0.11,0.115,1030257
LCA,20181024,0.895,0.99,0.895,0.99,147748
LCD,20181024,0.024,0.024,0.024,0.024,50000
LCK,20181024,0.185,0.19,0.17,0.17,605883
LCM,20181024,0.17,0.175,0.165,0.17,58800
LCT,20181024,0.054,0.056,0.048,0.048,4042552
LEG,20181024,0.035,0.035,0.035,0.035,665430
LEP,20181024,5.18,5.29,5.07,5.21,38992
LER,20181024,0.07,0.07,0.065,0.065,443834
LEX,20181024,0.18,0.18,0.18,0.18,4936
LGD,20181024,0.355,0.36,0.35,0.355,55174
LI3,20181024,0.08,0.08,0.08,0.08,10000
LIC,20181024,6,6,5.9,5.93,28609
LIN,20181024,0.018,0.021,0.018,0.021,1398699
LIT,20181024,0.096,0.096,0.093,0.094,943668
LKE,20181024,0.088,0.088,0.081,0.081,237229
LKO,20181024,0.001,0.002,0.001,0.001,7193667
LLC,20181024,17.99,18.09,17.69,17.7,1775786
LMW,20181024,0.54,0.54,0.54,0.54,3000
LNG,20181024,0.57,0.57,0.55,0.56,910397
LNK,20181024,7.76,7.855,7.7,7.7,2080858
LNU,20181024,0.059,0.065,0.057,0.057,1700803
LOM,20181024,0.235,0.24,0.23,0.23,1368954
LON,20181024,0.365,0.37,0.365,0.37,1538093
LOV,20181024,8.93,9.03,8.8,8.95,185855
LPD,20181024,0.017,0.018,0.016,0.017,6644442
LPI,20181024,0.3,0.31,0.3,0.3,143906
LRS,20181024,0.005,0.005,0.004,0.004,3122499
LSA,20181024,0.01,0.01,0.01,0.01,566136
LSF,20181024,1.645,1.665,1.62,1.63,436836
LSR,20181024,0.021,0.022,0.02,0.02,1149486
LTR,20181024,0.023,0.025,0.023,0.025,1066304
LVH,20181024,0.44,0.455,0.43,0.455,172398
LVT,20181024,0.41,0.41,0.385,0.39,1615275
LYC,20181024,1.59,1.627,1.575,1.585,4251621
LYL,20181024,4.4,4.4,4.3,4.35,75000
M7T,20181024,0.18,0.18,0.18,0.18,50812
MA1,20181024,0.85,0.85,0.82,0.85,6330
MAG,20181024,0.029,0.03,0.029,0.03,109709
MAH,20181024,0.245,0.25,0.23,0.24,1342582
MAI,20181024,0.63,0.65,0.63,0.65,10940
MAQ,20181024,22.29,22.89,20.99,22.89,4312
MAY,20181024,0.016,0.017,0.016,0.017,850000
MBK,20181024,0.012,0.012,0.012,0.012,408565
MBM,20181024,0.125,0.135,0.125,0.135,10671
MCA,20181024,0.185,0.185,0.175,0.18,653836
MCP,20181024,1.465,1.485,1.45,1.45,36595
MCR,20181024,0.37,0.37,0.365,0.37,109606
MCT,20181024,0.016,0.016,0.016,0.016,413157
MCY,20181024,3.09,3.09,3.06,3.06,4633
MDC,20181024,0.365,0.365,0.35,0.35,370623
MDI,20181024,0.01,0.01,0.01,0.01,143422
MDR,20181024,0.039,0.04,0.039,0.039,1040000
MEA,20181024,0.315,0.32,0.315,0.32,19116
MEB,20181024,0.069,0.069,0.057,0.057,1581613
MEI,20181024,0.016,0.016,0.016,0.016,1199093
MEL,20181024,0.056,0.056,0.056,0.056,37000
MEM,20181024,0.051,0.051,0.037,0.037,16705890
MEU,20181024,0.017,0.017,0.016,0.016,348050
MEZ,20181024,2.86,2.88,2.83,2.83,76436
MFF,20181024,2.65,2.67,2.645,2.66,162142
MFG,20181024,26.13,26.32,25.93,26.03,378578
MGC,20181024,0.325,0.325,0.32,0.32,54406
MGE,20181024,3.36,3.36,3.34,3.35,975136
MGG,20181024,1.68,1.69,1.65,1.67,813269
MGR,20181024,2.27,2.31,2.225,2.24,12649534
MGU,20181024,0.05,0.051,0.05,0.051,182642
MGV,20181024,0.062,0.062,0.062,0.062,600000
MGX,20181024,0.475,0.485,0.47,0.48,571570
MHG,20181024,3.09,3.09,3.09,3.09,12976
MHJ,20181024,0.665,0.68,0.65,0.65,734188
MIL,20181024,0.54,0.54,0.535,0.535,3724
MIN,20181024,15.3,15.44,14.77,14.96,591664
MIR,20181024,2.7,2.76,2.7,2.75,39269
MLD,20181024,1.195,1.2,1.172,1.185,871458
MLM,20181024,0.03,0.03,0.029,0.029,267442
MLS,20181024,0.003,0.003,0.003,0.003,200000
MLT,20181024,4.5,4.5,4.4,4.42,326170
MLX,20181024,0.46,0.47,0.45,0.45,529032
MMI,20181024,0.16,0.175,0.16,0.175,364602
MML,20181024,0.335,0.34,0.335,0.34,99009
MMM,20181024,1,1,1,1,6977
MMR,20181024,0.014,0.014,0.013,0.013,402102
MMS,20181024,15.89,16.35,15.89,16.3,280764
MNB,20181024,0.001,0.001,0.001,0.001,700000
MNC,20181024,0.003,0.003,0.003,0.003,202640
MND,20181024,15.01,15.01,14.49,14.58,370702
MNF,20181024,4.2,4.3,4.2,4.21,238695
MNS,20181024,0.3,0.31,0.29,0.3,309023
MNW,20181024,0.03,0.03,0.03,0.03,108748
MNY,20181024,1.71,1.712,1.67,1.7,389471
MOAT,20181024,63.39,63.48,63.33,63.33,1826
MOB,20181024,0.085,0.085,0.08,0.08,420000
MOC,20181024,1.28,1.3,1.27,1.27,71269
MOD,20181024,0.365,0.365,0.36,0.365,107288
MOE,20181024,5.34,5.47,5.3,5.33,23774
MOQ,20181024,0.22,0.23,0.22,0.23,37874
MOY,20181024,0.23,0.235,0.23,0.23,373542
MP1,20181024,3.55,3.57,3.46,3.5,195064
MPL,20181024,2.76,2.79,2.75,2.78,4609766
MPW,20181024,0.205,0.205,0.205,0.205,54999
MQG,20181024,113.64,114.74,113.31,113.73,746159
MQR,20181024,0.135,0.135,0.135,0.135,1900
MRC,20181024,0.185,0.185,0.185,0.185,58000
MRD,20181024,0.002,0.002,0.002,0.002,61254
MRL,20181024,0.695,0.695,0.69,0.69,29463
MRM,20181024,0.245,0.25,0.235,0.25,384355
MRP,20181024,0.074,0.074,0.071,0.073,157774
MRQ,20181024,0.004,0.005,0.004,0.005,1600000
MRV,20181024,0.008,0.008,0.007,0.007,438258
MSB,20181024,1.86,1.975,1.86,1.885,1203733
MSE,20181024,0.008,0.008,0.008,0.008,2500000
MSG,20181024,0.017,0.018,0.017,0.018,265900
MSV,20181024,0.049,0.05,0.046,0.046,1475259
MTB,20181024,0.005,0.005,0.005,0.005,164285
MTC,20181024,0.061,0.061,0.057,0.057,254609
MTH,20181024,0.008,0.008,0.008,0.008,897464
MTM,20181024,0.2,0.2,0.2,0.2,20000
MTO,20181024,2.32,2.4,2.32,2.35,21772
MTS,20181024,2.92,2.95,2.9,2.93,2275469
MUA,20181024,0.625,0.645,0.615,0.64,258403
MVA,20181024,21.01,21.01,21.01,21.01,7383
MVB,20181024,25.01,25.01,24.95,24.95,460
MVE,20181024,27.69,27.69,27.18,27.22,3055
MVF,20181024,0.93,0.94,0.925,0.94,243626
MVP,20181024,4.9,4.9,4.68,4.68,67520
MVR,20181024,25.67,25.67,25.5,25.5,64064
MVS,20181024,19.17,19.19,19.17,19.18,2892
MVW,20181024,27.91,27.91,27.78,27.84,49872
MWR,20181024,2.69,2.81,2.64,2.79,18635
MWY,20181024,3.02,3.03,2.87,2.87,35927
MX1,20181024,0.4,0.4,0.36,0.36,106075
MXC,20181024,0.059,0.059,0.053,0.055,7765335
MXI,20181024,0.52,0.52,0.5,0.5,61062
MXT,20181024,2.08,2.08,2.07,2.07,285766
MYE,20181024,1.295,1.35,1.295,1.3,84639
MYL,20181024,0.058,0.058,0.056,0.056,786182
MYO,20181024,3.52,3.56,3.52,3.54,963462
MYQ,20181024,0.4,0.4,0.4,0.4,4437
MYR,20181024,0.51,0.52,0.487,0.49,1815650
MYS,20181024,4.6,4.6,4.55,4.6,20899
MYX,20181024,1.215,1.235,1.19,1.195,6618435
MZI,20181024,0.1,0.1,0.1,0.1,161238
N27,20181024,0.105,0.115,0.105,0.115,89500
NAB,20181024,25.1,25.4,25.02,25.16,5067999
NAC,20181024,0.965,0.965,0.96,0.96,31637
NAE,20181024,0.007,0.007,0.007,0.007,397736
NAG,20181024,0.067,0.067,0.066,0.066,112975
NAM,20181024,0.41,0.41,0.41,0.41,25000
NAN,20181024,3.04,3.05,2.975,2.99,1692705
NBI,20181024,2.05,2.05,2.04,2.04,314737
NBL,20181024,3.17,3.2,3.16,3.16,18754
NC6,20181024,0.095,0.095,0.095,0.095,150000
NCC,20181024,1.24,1.24,1.23,1.23,17212
NCK,20181024,5.57,5.57,5.26,5.43,676284
NCM,20181024,20.95,21.33,20.9,21.3,3733303
NCR,20181024,0.015,0.015,0.014,0.014,550000
NCZ,20181024,0.71,0.715,0.64,0.685,2736458
NDQ,20181024,17.39,17.45,17.33,17.38,34958
NEA,20181024,1.35,1.39,1.32,1.32,2230236
NEC,20181024,1.785,1.82,1.78,1.815,4620461
NES,20181024,0.13,0.13,0.13,0.13,11841
NEU,20181024,1.135,1.17,1.12,1.12,39544
NEW,20181024,1.445,1.445,1.44,1.44,66182
NGI,20181024,4.6,4.6,4.37,4.41,516379
NGY,20181024,0.033,0.037,0.033,0.037,69250
NHC,20181024,3.5,3.52,3.36,3.38,1095219
NHF,20181024,5.31,5.37,5.29,5.34,618608
NIC,20181024,0.28,0.28,0.265,0.27,1066450
NKP,20181024,0.085,0.089,0.085,0.085,292664
NML,20181024,0.053,0.053,0.049,0.049,283400
NMS,20181024,0.44,0.44,0.44,0.44,31
NMT,20181024,0.23,0.23,0.22,0.22,496428
NNW,20181024,0.089,0.089,0.089,0.089,35500
NOR,20181024,0.005,0.005,0.004,0.004,603740
NOV,20181024,0.2,0.2,0.175,0.19,112355
NOX,20181024,0.66,0.67,0.64,0.66,77931
NSB,20181024,0.165,0.165,0.165,0.165,19380
NSC,20181024,0.75,0.76,0.745,0.755,281611
NSR,20181024,1.695,1.725,1.687,1.715,2699103
NST,20181024,9.28,9.49,9.25,9.43,2905655
NTC,20181024,0.71,0.725,0.71,0.71,185916
NTD,20181024,1.05,1.05,1.02,1.04,13389
NTI,20181024,0.089,0.089,0.085,0.086,111385
NTM,20181024,0.04,0.04,0.039,0.039,132631
NTU,20181024,0.077,0.077,0.076,0.076,958052
NUF,20181024,5.6,5.62,5.4,5.48,4013376
NUH,20181024,0.078,0.078,0.074,0.075,1132264
NUS,20181024,0.22,0.22,0.2,0.21,172500
NVA,20181024,0.021,0.021,0.02,0.02,1788518
NVL,20181024,2.14,2.2,2.13,2.14,5328
NVO,20181024,0.007,0.007,0.006,0.006,900596
NVT,20181024,5.13,5.16,5.1,5.13,644164
NVX,20181024,0.52,0.52,0.49,0.49,87734
NWC,20181024,0.041,0.041,0.041,0.041,2500
NWE,20181024,0.002,0.002,0.002,0.002,2400000
NWH,20181024,1.92,1.965,1.92,1.96,1600268
NWL,20181024,7.25,7.42,7.12,7.15,280795
NWS,20181024,18.65,18.8,18.59,18.66,201878
NXE,20181024,0.098,0.098,0.081,0.085,509786
NXT,20181024,6.37,6.38,6.11,6.18,1200991
NZC,20181024,0.24,0.24,0.24,0.24,15600
NZK,20181024,2.37,2.37,2.3,2.3,3031
NZM,20181024,0.58,0.58,0.55,0.56,13692
OBJ,20181024,0.02,0.02,0.019,0.02,3771918
OCA,20181024,1.085,1.1,1.085,1.1,9940
OCC,20181024,0.235,0.24,0.235,0.24,61127
OCL,20181024,2.8,2.8,2.8,2.8,400
OEC,20181024,0.57,0.57,0.55,0.55,58671
OEL,20181024,0.056,0.056,0.053,0.053,4600798
OFX,20181024,2,2.12,2,2.11,305062
OGA,20181024,0.145,0.15,0.145,0.15,20000
OGC,20181024,4.3,4.39,4.3,4.34,163426
OGX,20181024,0.025,0.025,0.022,0.022,1206121
OIL,20181024,0.068,0.078,0.068,0.071,515184
OKR,20181024,0.18,0.18,0.18,0.18,2200
OKU,20181024,0.26,0.26,0.26,0.26,21428
OLV,20181024,0.033,0.033,0.03,0.03,1208010
OMH,20181024,1.65,1.665,1.55,1.565,498709
OML,20181024,5.01,5.04,4.97,4.98,602653
OMN,20181024,0.87,0.905,0.87,0.88,81016
ONT,20181024,6.18,6.18,6.15,6.15,7218
ONX,20181024,0.225,0.225,0.21,0.21,440900
OOK,20181024,0.015,0.015,0.015,0.015,138461
OOO,20181024,19.25,19.25,18.86,18.96,8585
OPN,20181024,0.036,0.036,0.036,0.036,104600
OPT,20181024,0.59,0.59,0.575,0.585,109901
ORA,20181024,3.27,3.285,3.25,3.27,1880488
ORE,20181024,3.61,3.75,3.58,3.68,926176
ORG,20181024,7.37,7.37,7.19,7.3,10557129
ORI,20181024,16.77,17,16.76,16.88,2268148
ORN,20181024,0.03,0.03,0.03,0.03,2413126
OSH,20181024,8,8.065,7.71,7.98,8656000
OSL,20181024,0.175,0.18,0.175,0.175,1302163
OSP,20181024,0.21,0.21,0.2,0.2,68946
OTW,20181024,5.18,5.18,5,5.05,16325
OVH,20181024,0.58,0.595,0.57,0.59,416772
OVL,20181024,0.004,0.004,0.004,0.004,81672
OVN,20181024,0.325,0.325,0.325,0.325,3030
OXX,20181024,0.008,0.008,0.006,0.006,301600
OZF,20181024,18.67,18.67,18.56,18.61,6546
OZG,20181024,0.17,0.17,0.17,0.17,139530
OZL,20181024,9.2,9.215,8.965,9.05,1076158
OZR,20181024,10.44,10.44,10.44,10.44,90
PAA,20181024,0.045,0.048,0.037,0.038,4626583
PAB,20181024,0.036,0.038,0.035,0.035,1756014
PAC,20181024,6.3,6.3,6.18,6.24,147509
PAF,20181024,1.055,1.055,1.055,1.055,10000
PAI,20181024,1.1,1.1,1.09,1.09,620479
PAK,20181024,0.042,0.042,0.041,0.041,36136
PAN,20181024,0.51,0.535,0.51,0.51,47693
PBP,20181024,1.35,1.385,1.335,1.35,153539
PBT,20181024,0.053,0.053,0.05,0.05,52463
PBX,20181024,0.015,0.015,0.015,0.015,339210
PCH,20181024,0.001,0.001,0.001,0.001,3000000
PCK,20181024,0.051,0.053,0.051,0.053,400000
PCL,20181024,0.003,0.003,0.002,0.002,1137818
PDI,20181024,0.015,0.016,0.015,0.015,84049
PDL,20181024,8.1,8.5,8.1,8.37,1201882
PDN,20181024,0.185,0.195,0.185,0.19,14658409
PEA,20181024,0.515,0.517,0.515,0.515,138686
PEK,20181024,0.034,0.034,0.034,0.034,200169
PEN,20181024,0.235,0.235,0.23,0.23,143141
PET,20181024,0.465,0.47,0.45,0.455,508831
PEX,20181024,0.33,0.33,0.315,0.32,302167
PFG,20181024,0.1,0.1,0.1,0.1,10000
PFP,20181024,2.68,2.7,2.65,2.65,54675
PG1,20181024,0.195,0.195,0.195,0.195,17480
PGC,20181024,0.695,0.7,0.685,0.695,1653607
PGF,20181024,1.19,1.19,1.155,1.175,419791
PGH,20181024,3.47,3.47,3.41,3.44,588654
PGM,20181024,0.064,0.065,0.064,0.065,110000
PGR,20181024,0.295,0.295,0.29,0.29,44506
PGS,20181024,0.004,0.004,0.004,0.004,808306
PGX,20181024,0.375,0.375,0.365,0.37,59931
PHI,20181024,14.1,14.1,13.5,13.5,5047
PIA,20181024,1.11,1.12,1.11,1.115,73465
PIC,20181024,1.1,1.1,1.095,1.1,282964
PIL,20181024,0.018,0.018,0.018,0.018,34708
PIN,20181024,0.44,0.48,0.38,0.39,414869
PIO,20181024,0.018,0.019,0.018,0.018,488522
PIQ,20181024,0.26,0.285,0.26,0.27,412271
PL8,20181024,1.02,1.04,1.01,1.035,329068
PLG,20181024,1.175,1.175,1.165,1.175,7052855
PLL,20181024,0.14,0.14,0.135,0.14,359108
PLS,20181024,0.79,0.795,0.78,0.79,3878975
PLX,20181024,0.855,0.855,0.845,0.845,3367
PM1,20181024,0.015,0.015,0.014,0.014,1504933
PM8,20181024,0.014,0.014,0.012,0.013,664217
PMC,20181024,1.75,1.78,1.75,1.76,92998
PME,20181024,9.89,10.01,9.81,9.83,61946
PMP,20181024,0.19,0.19,0.19,0.19,216600
PMV,20181024,17.47,17.55,17.14,17.16,389832
PMY,20181024,0.005,0.006,0.005,0.006,272636
PNC,20181024,2.89,3.07,2.83,3,136803
PNI,20181024,6,6.07,5.85,5.86,293850
PNL,20181024,0.217,0.222,0.217,0.22,84500
PNN,20181024,0.006,0.006,0.006,0.006,700554
PNR,20181024,0.17,0.175,0.16,0.17,1430973
PNV,20181024,0.595,0.595,0.575,0.585,227353
PNX,20181024,0.009,0.009,0.008,0.008,3185721
PO3,20181024,0.46,0.46,0.45,0.45,7604
POH,20181024,0.023,0.027,0.023,0.027,6055888
POS,20181024,0.048,0.048,0.047,0.047,3090727
POW,20181024,0.028,0.028,0.024,0.024,1531968
POZ,20181024,0.058,0.058,0.058,0.058,9000
PPC,20181024,1.13,1.14,1.11,1.13,51737
PPE,20181024,2.2,2.22,2.18,2.2,243744
PPG,20181024,0.225,0.235,0.22,0.225,52408
PPH,20181024,3.45,3.45,3.27,3.27,57045
PPL,20181024,0.098,0.105,0.096,0.105,130000
PPS,20181024,0.86,0.875,0.79,0.82,1691121
PPT,20181024,34.43,35.26,34.15,35.14,251638
PRL,20181024,0.002,0.002,0.002,0.002,2374120
PRO,20181024,0.345,0.345,0.34,0.34,12990
PRT,20181024,0.235,0.235,0.23,0.235,157445
PRU,20181024,0.38,0.4,0.38,0.395,2939816
PRX,20181024,0.075,0.075,0.075,0.075,5500
PRY,20181024,2.9,2.93,2.87,2.9,5475581
PRZ,20181024,0.11,0.11,0.105,0.105,52930
PSA,20181024,0.12,0.13,0.12,0.125,1039639
PSC,20181024,0.027,0.027,0.026,0.027,1978653
PSI,20181024,2.95,2.95,2.82,2.82,15955
PSM,20181024,0.005,0.005,0.005,0.005,2500000
PSQ,20181024,1.315,1.315,1.2,1.205,43602
PSY,20181024,0.042,0.042,0.038,0.039,3976488
PTB,20181024,0.57,0.57,0.56,0.56,16000
PTL,20181024,0.305,0.305,0.305,0.305,2602
PTM,20181024,4.99,5.01,4.91,4.91,993431
PTR,20181024,0.04,0.04,0.038,0.038,150000
PTX,20181024,0.096,0.105,0.092,0.098,1203283
PUN,20181024,0.019,0.019,0.019,0.019,30000
PUR,20181024,0.046,0.046,0.042,0.045,905000
PVD,20181024,0.026,0.026,0.025,0.025,264207
PVL,20181024,0.115,0.115,0.115,0.115,10000
PVS,20181024,2.61,2.65,2.61,2.62,866601
PWH,20181024,3.85,3.85,3.66,3.66,100137
PWN,20181024,0.007,0.007,0.006,0.006,1050000
PXS,20181024,0.28,0.285,0.28,0.285,111616
PXX,20181024,0.065,0.066,0.06,0.06,504958
PYC,20181024,0.032,0.032,0.031,0.031,2185746
QAG,20181024,6.05,6.05,6.02,6.04,5401
QAN,20181024,5.59,5.65,5.53,5.62,6303464
QAU,20181024,12.59,12.68,12.59,12.66,12844
QBE,20181024,11.64,11.65,11.35,11.43,7319255
QEM,20181024,0.17,0.17,0.16,0.16,155017
QFY,20181024,0.012,0.012,0.012,0.012,200000
QHL,20181024,0.075,0.075,0.075,0.075,15205
QIP,20181024,1.275,1.3,1.27,1.295,22609
QMIX,20181024,19.15,19.15,19.1,19.1,1747
QMS,20181024,0.97,0.975,0.95,0.96,1250081
QOZ,20181024,12.8,12.81,12.75,12.76,6476
QRE,20181024,5.89,5.89,5.8,5.84,95868
QUAL,20181024,24.35,24.37,24.29,24.3,21761
QUB,20181024,2.42,2.435,2.39,2.41,1830881
QUS,20181024,34.88,34.88,34.88,34.88,383
QVE,20181024,1.115,1.14,1.115,1.115,253213
RAC,20181024,0.125,0.13,0.105,0.105,1261742
RAN,20181024,0.044,0.047,0.044,0.047,178009
RARI,20181024,23.86,23.86,23.75,23.75,2551
RAW,20181024,0.029,0.029,0.028,0.028,132692
RBO,20181024,0.02,0.02,0.02,0.02,258918
RBR,20181024,0.009,0.009,0.009,0.009,1501027
RCB,20181024,20.17,20.17,20.08,20.1,14798
RCE,20181024,0.18,0.18,0.175,0.175,67000
RCL,20181024,0.325,0.325,0.31,0.31,116853
RCR,20181024,0.9,0.9,0.87,0.885,419863
RCT,20181024,3,3.05,2.97,3.05,3893
RCW,20181024,0.335,0.335,0.335,0.335,3570
RDF,20181024,0.45,0.46,0.45,0.46,31697
RDG,20181024,0.019,0.019,0.019,0.019,60000
RDH,20181024,3.43,3.43,3.36,3.38,16780
RDM,20181024,0.1,0.1,0.1,0.1,22500
RDN,20181024,0.011,0.012,0.01,0.012,210000
RDV,20181024,27.42,27.43,27.26,27.26,5805
REA,20181024,72.54,73.83,70.55,70.78,373554
RED,20181024,0.058,0.06,0.058,0.058,119381
REF,20181024,0.03,0.03,0.029,0.03,173811
REG,20181024,2.6,2.6,2.51,2.52,258995
REH,20181024,10.23,10.49,10.195,10.3,167771
RES,20181024,0.073,0.073,0.058,0.058,295670
REX,20181024,1.57,1.57,1.5,1.515,96361
RFF,20181024,2.14,2.15,2.11,2.14,117874
RFG,20181024,0.425,0.43,0.42,0.42,196962
RFN,20181024,0.008,0.008,0.008,0.008,541000
RFT,20181024,0.03,0.03,0.029,0.029,275000
RFX,20181024,0.08,0.083,0.08,0.08,413759
RGB,20181024,21.03,21.03,21.03,21.03,6567
RGP,20181024,0.044,0.048,0.044,0.048,1000000
RGS,20181024,0.185,0.185,0.18,0.18,49705
RHC,20181024,54.95,56.535,54.85,55.74,633658
RHL,20181024,2.9,2.92,2.9,2.92,57354
RHP,20181024,1.09,1.11,1.055,1.1,121623
RHT,20181024,0.035,0.042,0.027,0.027,9678312
RHY,20181024,0.215,0.23,0.18,0.2,2470505
RIC,20181024,1.45,1.465,1.44,1.455,221584
RIM,20181024,0.008,0.008,0.007,0.007,925690
RIO,20181024,77.08,77.46,76.24,77,1580718
RKN,20181024,0.735,0.735,0.68,0.71,517071
RLC,20181024,0.01,0.01,0.01,0.01,44356
RLE,20181024,0.091,0.092,0.087,0.087,964009
RMD,20181024,14.17,14.19,14.08,14.1,1863631
RMP,20181024,0.047,0.047,0.047,0.047,52149
RMS,20181024,0.46,0.46,0.44,0.45,2067023
RMX,20181024,0.005,0.005,0.005,0.005,2529051
RMY,20181024,0.23,0.23,0.225,0.23,396000
RND,20181024,2.25,2.32,2.25,2.3,9797
RNE,20181024,0.008,0.008,0.007,0.008,1420564
RNO,20181024,0.245,0.25,0.245,0.25,49724
RNU,20181024,0.017,0.017,0.017,0.017,776783
RNX,20181024,0.004,0.004,0.004,0.004,8403327
ROBO,20181024,54,54.08,53.2,53.35,8778
ROG,20181024,0.002,0.002,0.002,0.002,1170000
ROO,20181024,0.265,0.265,0.265,0.265,12939
RRL,20181024,4.24,4.41,4.225,4.39,5420495
RRS,20181024,0.001,0.001,0.001,0.001,60000
RSG,20181024,1.05,1.055,1.02,1.025,10085664
RSH,20181024,0.096,0.098,0.093,0.097,684533
RSM,20181024,20.5,20.535,20.5,20.535,5575
RTR,20181024,0.051,0.051,0.051,0.051,200000
RUL,20181024,0.635,0.645,0.635,0.645,5399
RVA,20181024,0.235,0.235,0.22,0.22,12641
RVR,20181024,0.19,0.2,0.185,0.19,2195039
RWC,20181024,4.65,4.7,4.59,4.6,7202772
RWD,20181024,0.14,0.14,0.14,0.14,106836
RXL,20181024,0.01,0.01,0.009,0.009,3548000
RXM,20181024,0.09,0.09,0.085,0.087,193152
RXP,20181024,0.47,0.47,0.46,0.46,48046
RYD,20181024,1.2,1.2,1.19,1.2,259028
RZI,20181024,0.6,0.655,0.6,0.62,29784
S2R,20181024,0.12,0.12,0.12,0.12,4000
S32,20181024,3.68,3.69,3.615,3.65,13816473
S3R,20181024,0.004,0.004,0.004,0.004,950000
S66,20181024,0.685,0.685,0.68,0.68,7400
SAR,20181024,2.44,2.56,2.43,2.52,7664299
SAS,20181024,0.06,0.062,0.058,0.058,3268865
SBB,20181024,0.014,0.014,0.013,0.014,100000
SBM,20181024,4.2,4.26,4.16,4.21,3175360
SBR,20181024,0.01,0.01,0.01,0.01,5000
SCG,20181024,3.91,3.94,3.89,3.94,8647033
SCI,20181024,0.018,0.018,0.017,0.017,274204
SCL,20181024,0.014,0.014,0.014,0.014,83850
SCO,20181024,4.32,4.32,4.3,4.31,3663137
SCP,20181024,2.54,2.57,2.535,2.57,5825985
SCT,20181024,0.23,0.23,0.22,0.22,94642
SCU,20181024,0.027,0.027,0.023,0.023,6514282
SDA,20181024,3.85,3.86,3.77,3.82,2121334
SDF,20181024,2.97,2.995,2.96,2.97,1257706
SDG,20181024,1.55,1.56,1.55,1.56,19023
SDI,20181024,0.575,0.58,0.57,0.58,13163
SDV,20181024,0.01,0.01,0.01,0.01,1000000
SDX,20181024,0.082,0.082,0.082,0.082,47745
SE1,20181024,0.11,0.11,0.11,0.11,1166544
SEA,20181024,0.085,0.086,0.083,0.085,22915165
SEC,20181024,1.76,1.785,1.76,1.76,64175
SEI,20181024,0.014,0.014,0.014,0.014,366130
SEK,20181024,18.54,18.86,18.54,18.6,953245
SEN,20181024,0.095,0.096,0.095,0.095,41655
SEQ,20181024,0.325,0.325,0.325,0.325,30770
SES,20181024,0.065,0.073,0.065,0.073,591032
SFC,20181024,15.26,15.27,15.2,15.25,3060
SFG,20181024,0.135,0.14,0.125,0.125,1223098
SFH,20181024,1.21,1.227,1.13,1.165,138406
SFI,20181024,0.088,0.089,0.088,0.088,1264849
SFR,20181024,7,7.05,6.78,6.84,806936
SFX,20181024,0.96,0.96,0.91,0.95,246066
SFY,20181024,53.12,53.25,53,53.12,23067
SGC,20181024,0.03,0.03,0.027,0.029,766258
SGF,20181024,3.64,3.68,3.62,3.66,86583
SGH,20181024,2.7,2.7,2.7,2.7,2562
SGM,20181024,11.8,11.8,11.49,11.55,749346
SGO,20181024,0.015,0.015,0.015,0.015,19832
SGP,20181024,3.89,3.91,3.8,3.8,11018450
SGR,20181024,4.85,4.85,4.77,4.79,3604432
SHH,20181024,0.007,0.007,0.007,0.007,75000
SHJ,20181024,0.885,0.885,0.845,0.845,5314
SHL,20181024,23.3,23.79,23.25,23.6,822610
SHM,20181024,0.935,0.975,0.93,0.935,185153
SHV,20181024,5.2,5.27,5.18,5.25,103247
SI6,20181024,0.005,0.007,0.005,0.006,12957121
SIG,20181024,0.55,0.58,0.55,0.565,3629988
SIH,20181024,0.014,0.014,0.014,0.014,32000
SIL,20181024,0.9,0.905,0.9,0.905,273154
SIQ,20181024,10.57,10.67,10.3,10.39,597507
SIS,20181024,0.11,0.11,0.11,0.11,4545
SIV,20181024,1.86,1.87,1.77,1.785,113784
SKC,20181024,3.47,3.52,3.47,3.5,268031
SKF,20181024,0.18,0.18,0.18,0.18,77955
SKI,20181024,2.19,2.19,2.16,2.18,3294240
SKN,20181024,0.05,0.05,0.049,0.05,27400
SKO,20181024,3.15,3.15,3.05,3.07,4405
SKT,20181024,2.11,2.17,2.09,2.1,78213
SL1,20181024,0.024,0.024,0.022,0.022,1539184
SLC,20181024,1.87,1.87,1.82,1.82,2439327
SLF,20181024,12.4,12.62,12.39,12.62,32010
SLK,20181024,4.2,4.24,4.19,4.21,25925
SLM,20181024,0.565,0.565,0.565,0.565,1769
SLR,20181024,0.595,0.6,0.575,0.6,1358933
SLX,20181024,0.21,0.21,0.205,0.205,21111
SLZ,20181024,0.16,0.16,0.16,0.16,7000
SM1,20181024,8.4,8.4,7.88,8.16,70861
SM8,20181024,0.027,0.027,0.027,0.027,50000
SMD,20181024,0.005,0.005,0.005,0.005,1000000
SMN,20181024,1.085,1.085,1.08,1.08,8320
SMP,20181024,0.18,0.18,0.18,0.18,12000
SMR,20181024,0.93,0.93,0.9,0.9,364504
SMX,20181024,0.42,0.59,0.41,0.59,1702167
SNC,20181024,0.93,0.93,0.915,0.915,22000
SNL,20181024,4.81,4.81,4.8,4.8,8314
SNZ,20181024,6.11,6.11,6,6,1745
SO4,20181024,0.57,0.57,0.535,0.54,163454
SOL,20181024,28.4,28.82,28.11,28.3,563248
SOR,20181024,0.06,0.06,0.055,0.059,627185
SP3,20181024,0.22,0.23,0.215,0.23,45504
SPI,20181024,0.072,0.073,0.072,0.073,35853
SPK,20181024,3.58,3.585,3.56,3.58,387240
SPL,20181024,1.445,1.46,1.435,1.45,84931
SPO,20181024,1.5,1.5,1.5,1.5,13203
SPQ,20181024,0.007,0.007,0.007,0.007,275970
SPY,20181024,386.39,386.46,386.39,386.46,516
SPZ,20181024,0.185,0.19,0.185,0.19,218044
SRH,20181024,0.255,0.3,0.25,0.3,133461
SRN,20181024,0.008,0.012,0.008,0.011,15060055
SRO,20181024,0.004,0.004,0.004,0.004,812046
SRS,20181024,0.052,0.052,0.052,0.052,88000
SRV,20181024,3.85,3.85,3.66,3.66,23333
SRZ,20181024,0.016,0.016,0.014,0.015,1248800
SSG,20181024,0.415,0.42,0.415,0.42,37572
SSL,20181024,6.85,7.2,6.85,7.2,1750
SSM,20181024,1.7,1.7,1.615,1.63,663599
SSO,20181024,14.19,14.19,14.19,14.19,1207
STA,20181024,0.13,0.13,0.12,0.125,165847
STG,20181024,1.9,1.91,1.81,1.85,79590
STM,20181024,0.034,0.035,0.033,0.033,757122
STN,20181024,0.265,0.265,0.255,0.255,62400
STO,20181024,6.79,6.79,6.69,6.76,9327682
STW,20181024,54.56,54.88,54.36,54.38,63056
STX,20181024,0.12,0.125,0.115,0.12,8538413
SUD,20181024,0.009,0.009,0.007,0.008,43526957
SUL,20181024,9.37,9.44,8.06,8.33,4763022
SUN,20181024,13.93,13.99,13.86,13.88,1940994
SUP,20181024,0.043,0.044,0.043,0.044,1620640
SVL,20181024,0.045,0.048,0.044,0.046,6586152
SVT,20181024,0.011,0.011,0.01,0.01,666703
SVW,20181024,17.93,18.1,17.67,18.1,848011
SVY,20181024,0.32,0.32,0.3,0.3,111000
SW1,20181024,0.29,0.29,0.285,0.285,12500
SWF,20181024,0.091,0.098,0.091,0.098,90000
SWJ,20181024,0.01,0.01,0.01,0.01,250000
SWK,20181024,0.25,0.25,0.25,0.25,1212025
SWM,20181024,0.83,0.877,0.83,0.85,6088151
SXA,20181024,0.069,0.069,0.068,0.068,100000
SXE,20181024,0.68,0.68,0.675,0.675,42100
SXL,20181024,1.2,1.21,1.195,1.2,955143
SXY,20181024,0.455,0.457,0.415,0.43,7058049
SYA,20181024,0.028,0.029,0.027,0.027,3818663
SYD,20181024,6.49,6.53,6.47,6.47,4245833
SYI,20181024,26.79,26.83,26.68,26.68,3116
SYR,20181024,1.57,1.57,1.52,1.525,2670778
SYT,20181024,0.01,0.01,0.008,0.008,3974226
TAH,20181024,4.8,4.82,4.72,4.74,5098805
TAM,20181024,0.031,0.032,0.03,0.032,194830
TAO,20181024,0.125,0.125,0.125,0.125,1003
TAP,20181024,0.09,0.09,0.09,0.09,19088
TAR,20181024,0.056,0.056,0.053,0.054,309604
TAS,20181024,0.076,0.08,0.07,0.07,659448
TAU,20181024,0.205,0.205,0.2,0.2,75000
TAW,20181024,0.25,0.25,0.235,0.235,862492
TBL,20181024,0.011,0.011,0.011,0.011,1000000
TBR,20181024,5.22,5.24,5,5,1696
TCL,20181024,11.2,11.28,11.14,11.22,5234303
TDO,20181024,0.105,0.105,0.105,0.105,234001
TEG,20181024,0.082,0.082,0.082,0.082,49999
TEK,20181024,0.215,0.22,0.21,0.215,230550
TER,20181024,0.58,0.635,0.54,0.62,1106903
TFG,20181024,0.052,0.052,0.052,0.052,190000
TFL,20181024,0.15,0.15,0.15,0.15,9360
TGA,20181024,0.56,0.59,0.55,0.585,139438
TGF,20181024,2.5,2.53,2.5,2.52,117365
TGG,20181024,1.33,1.34,1.32,1.32,83330
TGN,20181024,0.345,0.345,0.33,0.33,101828
TGO,20181024,1.025,1.025,1.02,1.02,156435
TGP,20181024,0.965,0.975,0.965,0.975,23838
TGR,20181024,4,4.1,3.98,4.1,625700
THC,20181024,0.55,0.55,0.52,0.525,135574
THX,20181024,0.014,0.016,0.014,0.016,640000
TIG,20181024,0.043,0.043,0.042,0.042,150000
TLG,20181024,0.53,0.55,0.51,0.51,133176
TLM,20181024,0.29,0.29,0.285,0.285,176500
TLS,20181024,3.12,3.15,3.11,3.14,15123590
TLX,20181024,0.94,0.96,0.92,0.93,522310
TME,20181024,4.3,4.39,4.3,4.36,2488419
TMP,20181024,0.051,0.056,0.051,0.056,159845
TMR,20181024,0.23,0.23,0.22,0.22,12301
TMT,20181024,0.515,0.56,0.515,0.56,499176
TMX,20181024,0.005,0.005,0.005,0.005,70000
TNE,20181024,5.39,5.42,5.34,5.35,1089725
TNG,20181024,0.11,0.115,0.11,0.11,81059
TNK,20181024,1.21,1.22,1.21,1.22,3400
TNO,20181024,0.11,0.11,0.11,0.11,65500
TNP,20181024,0.019,0.019,0.019,0.019,4500
TNR,20181024,0.028,0.029,0.028,0.029,56870
TNY,20181024,0.38,0.42,0.38,0.42,17100
TOE,20181024,0.028,0.028,0.028,0.028,6924
TON,20181024,0.045,0.046,0.044,0.046,157435
TOP,20181024,0.67,0.67,0.665,0.665,43917
TOT,20181024,1.23,1.23,1.23,1.23,400
TOU,20181024,0.11,0.11,0.11,0.11,32000
TPE,20181024,1.465,1.475,1.445,1.475,43799
TPM,20181024,7.73,7.975,7.73,7.76,1250140
TPP,20181024,0.19,0.19,0.19,0.19,2650
TPS,20181024,0.175,0.175,0.175,0.175,15809
TRS,20181024,2.5,2.53,2.43,2.46,408236
TRT,20181024,0.086,0.086,0.086,0.086,1201
TRY,20181024,0.105,0.105,0.1,0.105,73141
TSC,20181024,0.006,0.006,0.006,0.006,170000
TSN,20181024,0.006,0.006,0.006,0.006,450000
TTL,20181024,0.022,0.023,0.021,0.023,862000
TTM,20181024,0.024,0.026,0.024,0.026,677657
TTT,20181024,1.625,1.625,1.56,1.6,210595
TTW,20181024,0.039,0.039,0.035,0.035,76381
TV2,20181024,0.007,0.007,0.006,0.006,230000
TWD,20181024,4.06,4.06,4.05,4.05,500
TWE,20181024,16.04,16.07,15.27,15.54,4661918
TWR,20181024,0.69,0.715,0.69,0.715,4159
TYK,20181024,0.004,0.004,0.004,0.004,142010
TYX,20181024,0.013,0.013,0.013,0.013,935000
TZN,20181024,0.115,0.13,0.115,0.13,106076
UBA,20181024,19.94,19.94,19.86,19.88,1068
UBI,20181024,0.24,0.24,0.23,0.24,47439
UBJ,20181024,23.85,23.85,23.85,23.85,389
UBN,20181024,0.028,0.028,0.028,0.028,143000
UBP,20181024,23.25,23.25,23.2,23.2,475
UBU,20181024,28.29,28.29,28.29,28.29,46
UBW,20181024,25.76,25.76,25.7,25.7,1261
UCM,20181024,0.15,0.15,0.15,0.15,2500
UIL,20181024,0.052,0.055,0.052,0.055,500000
UMAX,20181024,19.56,19.59,19.56,19.59,4105
UNL,20181024,0.02,0.02,0.02,0.02,15000
UOS,20181024,0.68,0.68,0.68,0.68,30000
URB,20181024,0.98,0.98,0.96,0.96,37150
URF,20181024,1.5,1.5,1.455,1.5,10161
URW,20181024,12.9,13.03,12.81,12.84,898208
USD,20181024,13.75,13.75,13.7,13.7,11509
USR,20181024,0.285,0.3,0.285,0.3,52822
UTR,20181024,0.012,0.014,0.012,0.013,2094221
VAE,20181024,59.4,59.4,58.88,58.88,10417
VAF,20181024,48.65,48.67,48.63,48.66,19653
VAH,20181024,0.21,0.212,0.205,0.205,258176
VAL,20181024,0.005,0.005,0.004,0.005,11938238
VAN,20181024,0.19,0.19,0.19,0.19,24192
VAP,20181024,78.51,79.37,78.51,78.79,30649
VAR,20181024,0.002,0.002,0.002,0.002,19381
VAS,20181024,74.15,74.34,73.89,73.96,102517
VCF,20181024,46.35,46.47,46.33,46.47,5612
VCX,20181024,2.64,2.68,2.64,2.65,7662965
VEA,20181024,2.03,2.11,2.02,2.1,3455188
VEC,20181024,0.019,0.02,0.018,0.02,9242104
VEE,20181024,0.56,0.56,0.56,0.56,67542
VEQ,20181024,52.65,52.87,52.45,52.56,22886
VEU,20181024,68.1,68.2,67.62,67.8,68920
VG1,20181024,2.4,2.4,2.38,2.38,154478
VGAD,20181024,64.21,64.35,64.06,64.34,17398
VGB,20181024,49.01,49.07,48.99,48.99,9305
VGE,20181024,60.33,60.33,59.73,60.16,36202
VGL,20181024,3.65,3.65,3.53,3.54,6890
VGS,20181024,70.03,70.1,69.79,70.03,44668
VHT,20181024,1.295,1.345,1.285,1.295,525446
VHY,20181024,54.86,55,54.7,54.75,15411
VIF,20181024,47.5,47.55,47.32,47.45,16825
VIV,20181024,0.04,0.04,0.037,0.037,380658
VLC,20181024,59,59,59,59,848
VLT,20181024,0.028,0.028,0.028,0.028,2220040
VLW,20181024,2.04,2.04,1.985,1.99,621652
VMC,20181024,0.195,0.2,0.19,0.2,74849
VML,20181024,0.007,0.007,0.007,0.007,7464977
VMS,20181024,0.022,0.022,0.022,0.022,72212
VMT,20181024,0.051,0.051,0.051,0.051,11300
VMX,20181024,0.272,0.272,0.272,0.272,15532
VMY,20181024,0.079,0.08,0.077,0.077,564480
VN8,20181024,0.115,0.135,0.115,0.12,133763
VOC,20181024,3.31,3.43,3.22,3.42,5708061
VPR,20181024,0.002,0.002,0.002,0.002,200000
VRC,20181024,0.02,0.02,0.018,0.018,3301713
VRL,20181024,2.32,2.32,2.225,2.26,31341
VRM,20181024,0.02,0.02,0.019,0.019,346314
VRS,20181024,0.16,0.16,0.155,0.16,10742527
VRT,20181024,5.15,5.15,5.02,5.07,113790
VRX,20181024,0.14,0.145,0.135,0.135,488092
VSO,20181024,54.61,54.61,54.2,54.35,5582
VTG,20181024,0.87,0.905,0.85,0.9,556590
VTH,20181024,0.935,0.955,0.935,0.945,47254
VTI,20181024,0.18,0.19,0.175,0.18,235127
VTS,20181024,197.9,197.9,197.1,197.34,6760
VVR,20181024,2.15,2.17,2.13,2.13,978869
VXR,20181024,0.225,0.245,0.225,0.245,859643
WAA,20181024,1.11,1.11,1.09,1.09,82458
WAF,20181024,0.28,0.28,0.275,0.275,196409
WAM,20181024,2.47,2.49,2.45,2.45,220499
WAX,20181024,1.585,1.585,1.555,1.58,82877
WBA,20181024,1.66,1.67,1.62,1.62,33467
WBC,20181024,26.45,26.67,26.345,26.5,4631427
WBT,20181024,0.033,0.033,0.032,0.033,4853833
WCN,20181024,0.017,0.017,0.017,0.017,14500
WDE,20181024,0.93,0.93,0.93,0.93,100747
WDIV,20181024,18.69,18.7,18.66,18.68,7695
WEB,20181024,13.48,13.645,13.46,13.5,498366
WEL,20181024,0.029,0.029,0.029,0.029,49500
WEMG,20181024,19.65,19.7,19.65,19.7,3572
WES,20181024,47.21,47.69,47.14,47.21,2310227
WGB,20181024,2.11,2.12,2.1,2.1,152733
WGF,20181024,0.89,0.89,0.87,0.885,139750
WGL,20181024,0.003,0.003,0.002,0.002,466683
WGN,20181024,4.37,4.38,4.27,4.27,460201
WGX,20181024,1.08,1.08,1.025,1.035,755803
WHA,20181024,0.995,1,0.94,0.95,546195
WHC,20181024,5.2,5.24,5.14,5.22,6725105
WHF,20181024,4.58,4.58,4.56,4.56,19966
WHK,20181024,0.043,0.043,0.043,0.043,36200
WIC,20181024,1.1,1.1,1.095,1.1,64681
WKT,20181024,0.11,0.115,0.11,0.115,280960
WLD,20181024,0.053,0.054,0.051,0.054,207337
WLE,20181024,1.125,1.125,1.115,1.12,487854
WLL,20181024,5.1,5.1,5.05,5.05,5027
WMI,20181024,1.435,1.435,1.42,1.425,61548
WMK,20181024,0.82,0.82,0.82,0.82,56340
WML,20181024,0.091,0.091,0.09,0.09,65251
WND,20181024,1.45,1.45,1.365,1.365,4890
WNR,20181024,0.29,0.29,0.29,0.29,35000
WOR,20181024,15.88,16.06,15.66,15.81,13376429
WOW,20181024,27.91,28.07,27.69,27.81,3160416
WPL,20181024,34.38,34.48,33.94,34.3,2217971
WPP,20181024,0.52,0.565,0.5,0.51,3863131
WQG,20181024,1.07,1.085,1.055,1.055,140440
WRLD,20181024,12.24,12.25,12.24,12.25,238110
WRM,20181024,0.007,0.007,0.007,0.007,1300000
WRR,20181024,0.16,0.18,0.16,0.18,70787
WSA,20181024,2.36,2.36,2.32,2.34,1386542
WTC,20181024,16.3,16.64,15.86,16.03,470787
WTP,20181024,0.66,0.675,0.655,0.675,125242
WWI,20181024,0.013,0.013,0.012,0.012,885000
WXHG,20181024,21.8,21.84,21.71,21.8,1800
WXOZ,20181024,29.85,29.85,29.71,29.74,18606
WZR,20181024,0.051,0.054,0.051,0.054,323339
XAM,20181024,0.11,0.11,0.1,0.105,935352
XF1,20181024,0.555,0.56,0.515,0.55,171731
XIP,20181024,1.25,1.29,1.24,1.275,32419
XPD,20181024,0.028,0.028,0.028,0.028,282548
XPE,20181024,0.003,0.003,0.003,0.003,600000
XRO,20181024,41.99,42.03,40.79,40.81,382608
XTE,20181024,0.465,0.465,0.46,0.46,9600
YAL,20181024,4.12,4.13,3.72,4,24236
YBR,20181024,0.11,0.11,0.105,0.105,637103
YMAX,20181024,8.18,8.19,8.12,8.19,354328
YOJ,20181024,0.079,0.079,0.074,0.074,204922
YOW,20181024,0.098,0.11,0.098,0.1,90748
YPB,20181024,0.017,0.019,0.017,0.017,6103944
Z1P,20181024,0.94,0.96,0.93,0.95,299792
ZEL,20181024,5.42,5.48,5.42,5.42,4944
ZEN,20181024,0.75,0.752,0.74,0.745,89218
ZER,20181024,0.445,0.445,0.42,0.42,202500
ZEU,20181024,0.012,0.013,0.012,0.013,100000
ZGL,20181024,0.072,0.072,0.072,0.072,6000
ZLD,20181024,0.07,0.07,0.067,0.067,294696
ZMI,20181024,0.005,0.005,0.005,0.005,1200000
ZNC,20181024,0.084,0.084,0.083,0.083,78567
ZNO,20181024,0.093,0.096,0.093,0.096,14825
ZNT,20181024,1.415,1.42,1.415,1.415,131195
ZOZI,20181024,10.55,10.55,10.55,10.55,0
ZUSD,20181024,10.85,10.85,10.85,10.85,12482
ZYB,20181024,0.01,0.01,0.009,0.009,8278071
ZYUS,20181024,12.91,12.91,12.91,12.91,4423
XAF,20181024,5649,5669,5631.2,5642.4,0
XAO,20181024,5944.9,5955.7,5917.7,5926.5,0
XAT,20181024,5782.2,5796.9,5759.3,5769.1,0
XDJ,20181024,2386.3,2386.3,2352.1,2355.4,0
XEC,20181024,1324,1326,1316,1318.2,0
XEJ,20181024,11343,11343,11021.8,11108.6,0
XFJ,20181024,5698.7,5743.9,5683.6,5706.8,0
XFL,20181024,5695.1,5715.5,5677.7,5689.1,0
XGD,20181024,5073.2,5233.6,5072.8,5210.2,0
XHJ,20181024,28456,28876.2,28301.6,28646.8,0
XIJ,20181024,1122.4,1129.3,1107.9,1108.4,0
XJO,20181024,5843.1,5857.1,5819.4,5829,0
XJR,20181024,4214,4214,4130.2,4156.7,0
XKO,20181024,5800.9,5813.9,5776.6,5785.8,0
XMD,20181024,6651.6,6651.6,6596.1,6601.5,0
XMJ,20181024,11443.6,11443.6,11260.5,11334.7,0
XMM,20181024,3657.8,3657.8,3590.1,3619.2,0
XNJ,20181024,5748.8,5810.5,5748.8,5784.9,0
XPJ,20181024,1386,1404,1386,1393.1,0
XSJ,20181024,10597.4,10615.9,10532.2,10536.8,0
XSO,20181024,2660.8,2662.7,2637,2640.8,0
XTJ,20181024,1143.4,1149,1140.3,1146.1,0
XTL,20181024,3209.7,3220.8,3198.3,3206,0
XTO,20181024,4805.9,4819.8,4788.6,4796.4,0
XUJ,20181024,7465.5,7508,7438.1,7452.5,0
XXJ,20181024,6355.9,6406.3,6339.1,6365,0
