1ST,20180212,0.049,0.049,0.048,0.048,199286
3DP,20180212,0.089,0.089,0.084,0.086,385012
3PL,20180212,1.395,1.415,1.39,1.415,20096
4CE,20180212,0.076,0.08,0.076,0.076,2580770
4DS,20180212,0.077,0.082,0.077,0.079,4889726
5GN,20180212,0.625,0.625,0.6,0.61,61854
88E,20180212,0.028,0.029,0.028,0.029,5801861
8IH,20180212,0.245,0.245,0.24,0.24,31300
9SP,20180212,0.05,0.052,0.048,0.049,418743
A1C,20180212,0.22,0.22,0.22,0.22,104545
A2M,20180212,8.16,8.27,8.11,8.23,2703609
A3D,20180212,0.89,1.04,0.89,1.02,354066
AAA,20180212,50.1,50.11,50.1,50.11,55275
AAC,20180212,1.18,1.182,1.15,1.15,2184729
AAD,20180212,1.9,1.92,1.87,1.9,930064
AAJ,20180212,0.022,0.022,0.019,0.019,890267
AAR,20180212,0.087,0.087,0.087,0.087,151103
AB1,20180212,0.074,0.091,0.073,0.089,81821346
ABA,20180212,5.25,5.28,5.23,5.28,36014
ABC,20180212,6.33,6.36,6.3,6.35,1572616
ABP,20180212,3.39,3.41,3.35,3.39,1011227
ABR,20180212,0.33,0.33,0.3,0.31,215731
ABT,20180212,0.42,0.45,0.42,0.45,28452
ABU,20180212,0.07,0.07,0.07,0.07,98439
ABW,20180212,0.525,0.525,0.51,0.51,8906
ABX,20180212,0.11,0.115,0.11,0.11,377503
AC8,20180212,1.52,1.55,1.415,1.415,1956143
ACB,20180212,0.038,0.038,0.035,0.035,1357656
ACG,20180212,0.029,0.029,0.029,0.029,69617
ACL,20180212,0.011,0.011,0.01,0.01,1803504
ACQ,20180212,1.095,1.095,1.08,1.08,60438
ACR,20180212,0.17,0.175,0.165,0.175,137941
ACW,20180212,0.054,0.059,0.054,0.055,6022486
ACX,20180212,7.73,7.74,7.72,7.72,2899228
AD1,20180212,0.097,0.11,0.092,0.105,360481
AD8,20180212,2.77,2.83,2.76,2.8,30123
ADA,20180212,2.16,2.18,2.11,2.11,92446
ADD,20180212,0.013,0.013,0.013,0.013,51035
ADH,20180212,1.99,2.05,1.99,2.03,65249
ADJ,20180212,0.025,0.025,0.023,0.023,454686
ADO,20180212,0.016,0.016,0.015,0.015,116269
ADR,20180212,0.087,0.087,0.086,0.086,197759
ADV,20180212,0.021,0.021,0.02,0.02,17307377
AEB,20180212,0.033,0.037,0.033,0.034,12382122
AEE,20180212,0.021,0.023,0.021,0.023,739223
AEF,20180212,148.39,150,144.75,145,151
AEG,20180212,1.08,1.08,1.05,1.055,44893
AEI,20180212,0.265,0.265,0.265,0.265,12000
AEV,20180212,0.039,0.042,0.038,0.038,229298
AFG,20180212,1.62,1.64,1.6,1.605,90426
AFI,20180212,6.1,6.12,6.05,6.05,480472
AFT,20180212,0.001,0.001,0.001,0.001,1435340
AGG,20180212,2.61,2.61,2.57,2.6,4300
AGI,20180212,1.94,1.985,1.94,1.96,50074
AGL,20180212,21.41,21.44,20.84,20.97,2916119
AGO,20180212,0.026,0.026,0.025,0.026,12627132
AGR,20180212,0.255,0.255,0.25,0.25,76753
AGS,20180212,0.14,0.14,0.135,0.14,15289
AGY,20180212,0.35,0.36,0.34,0.34,5802585
AHF,20180212,0.117,0.117,0.11,0.11,1937534
AHG,20180212,3.39,3.42,3.33,3.36,713688
AHL,20180212,0.032,0.032,0.03,0.032,350709
AHQ,20180212,0.064,0.07,0.064,0.065,341190
AHX,20180212,0.88,0.88,0.84,0.84,31153
AHY,20180212,1.475,1.485,1.455,1.48,1292337
AHZ,20180212,0.255,0.26,0.25,0.255,51227
AIA,20180212,5.85,5.87,5.75,5.75,140569
AIY,20180212,0.044,0.044,0.044,0.044,320600
AIZ,20180212,2.8,2.8,2.7,2.75,156907
AJC,20180212,0.002,0.002,0.002,0.002,250000
AJD,20180212,2.01,2.07,2.01,2.01,92
AJL,20180212,0.37,0.375,0.34,0.34,106388
AJM,20180212,0.34,0.347,0.33,0.335,5061666
AJQ,20180212,0.083,0.09,0.083,0.089,402662
AJX,20180212,0.31,0.315,0.295,0.31,193915
AKM,20180212,0.01,0.011,0.01,0.01,8350650
AKN,20180212,0.005,0.005,0.005,0.005,35000
AKP,20180212,14.75,15.79,14.75,15.26,5222
AL8,20180212,1.12,1.19,1.12,1.16,22915
ALC,20180212,0.045,0.045,0.045,0.045,197624
ALF,20180212,1.015,1.015,1.005,1.01,287480
ALI,20180212,1.695,1.7,1.69,1.69,78104
ALK,20180212,0.29,0.295,0.28,0.295,241259
ALL,20180212,23.22,23.55,23.13,23.41,1326081
ALQ,20180212,6.5,6.5,6.31,6.46,2488150
ALR,20180212,1.24,1.24,1.225,1.225,13532
ALT,20180212,0.006,0.006,0.006,0.006,649841
ALU,20180212,14.1,14.53,14.1,14.39,492223
ALY,20180212,0.023,0.025,0.023,0.024,861043
AMA,20180212,1.115,1.13,1.105,1.125,407684
AMC,20180212,13.99,14.62,13.71,14.38,4612319
AMD,20180212,0.033,0.033,0.031,0.032,1680000
AMG,20180212,0.07,0.07,0.07,0.07,200
AMH,20180212,0.89,0.9,0.89,0.9,64485
AMI,20180212,0.4,0.402,0.38,0.395,2417060
AML,20180212,0.25,0.25,0.23,0.24,520092
AMP,20180212,5.2,5.22,5.15,5.16,10580381
ANG,20180212,0.24,0.24,0.235,0.24,466946
ANL,20180212,0.016,0.017,0.015,0.017,208048
ANN,20180212,25.03,25.51,23.705,23.86,1490362
ANP,20180212,0.035,0.035,0.035,0.035,37500
ANW,20180212,0.025,0.028,0.024,0.026,20667361
ANZ,20180212,27.76,27.84,27.52,27.7,4631478
AOF,20180212,2.27,2.27,2.23,2.23,947
AOG,20180212,2.56,2.6,2.52,2.57,1736312
AOK,20180212,0.017,0.017,0.017,0.017,310000
AON,20180212,0.21,0.22,0.21,0.21,346103
AOP,20180212,0.22,0.225,0.22,0.225,20000
AOU,20180212,0.1,0.1,0.1,0.1,129573
AOW,20180212,0.033,0.033,0.033,0.033,115931
APA,20180212,7.95,8.08,7.79,7.79,2032579
APC,20180212,0.099,0.1,0.099,0.099,187396
APD,20180212,0.415,0.43,0.415,0.43,48689
APE,20180212,8.21,8.38,8.2,8.25,15105
APG,20180212,0.006,0.006,0.006,0.006,9360651
API,20180212,1.425,1.435,1.4,1.42,1893132
APL,20180212,1.28,1.28,1.26,1.27,363867
APO,20180212,4.28,4.29,4.17,4.23,751378
APT,20180212,6.6,6.79,6.26,6.33,1376471
APX,20180212,8.4,8.5,8.22,8.32,364889
APZ,20180212,1.01,1.05,1.01,1.01,20667
AQC,20180212,1.075,1.075,1.07,1.07,5000
AQD,20180212,0.018,0.018,0.017,0.017,395276
AQF,20180212,1.94,1.94,1.935,1.94,4316
AQG,20180212,2.22,2.22,2.18,2.21,111348
AQI,20180212,0.14,0.15,0.14,0.14,316861
AQX,20180212,0.05,0.05,0.05,0.05,44357
AQZ,20180212,1.7,1.75,1.7,1.7,333626
ARA,20180212,0.74,0.74,0.74,0.74,35000
ARB,20180212,17.45,17.74,17.4,17.55,120101
ARD,20180212,0.024,0.024,0.024,0.024,44916
ARE,20180212,0.023,0.023,0.023,0.023,441374
ARF,20180212,2.29,2.29,2.22,2.22,399295
ARG,20180212,8.29,8.33,8.24,8.24,214981
ARL,20180212,1.26,1.295,1.23,1.235,241422
ARM,20180212,0.034,0.035,0.034,0.035,34120
ARO,20180212,0.002,0.002,0.002,0.002,75000
ARS,20180212,0.055,0.055,0.052,0.052,449041
ARU,20180212,0.1,0.105,0.1,0.1,170523
ARV,20180212,0.175,0.185,0.17,0.17,1840843
ASB,20180212,1.765,1.8,1.76,1.795,99009
ASG,20180212,2,2,2,2,3629
ASH,20180212,0.17,0.17,0.17,0.17,104399
ASL,20180212,2.39,2.53,2.37,2.53,507180
ASN,20180212,0.21,0.21,0.195,0.2,3800952
AST,20180212,1.605,1.612,1.57,1.585,4815578
ASX,20180212,54.41,54.63,54.01,54.1,270665
ATC,20180212,0.16,0.17,0.16,0.16,673422
ATL,20180212,1.8,1.85,1.755,1.77,114468
ATP,20180212,0.029,0.031,0.028,0.031,837263
ATS,20180212,0.34,0.345,0.33,0.33,269159
ATU,20180212,0.135,0.135,0.135,0.135,76956
AU1,20180212,0.024,0.024,0.018,0.021,3584551
AU8,20180212,0.395,0.41,0.38,0.385,1682224
AUB,20180212,12.78,12.78,12.63,12.66,28689
AUC,20180212,0.039,0.039,0.039,0.039,22988
AUF,20180212,1.39,1.39,1.39,1.39,5396
AUH,20180212,0.005,0.005,0.005,0.005,3282213
AUI,20180212,8.64,8.69,8.64,8.69,14790
AUL,20180212,0.007,0.007,0.007,0.007,1214000
AUST,20180212,15.46,15.46,15.39,15.46,1982
AVB,20180212,0.08,0.084,0.079,0.08,1033886
AVD,20180212,0.017,0.018,0.017,0.018,2353776
AVG,20180212,0.58,0.58,0.525,0.53,367916
AVH,20180212,0.058,0.062,0.057,0.057,1222638
AVJ,20180212,0.72,0.73,0.715,0.715,58053
AVL,20180212,0.039,0.041,0.039,0.04,7428532
AVN,20180212,2.09,2.14,2.09,2.14,1077296
AVQ,20180212,0.145,0.145,0.137,0.14,328047
AVZ,20180212,0.26,0.285,0.26,0.265,9272194
AWC,20180212,2.24,2.28,2.23,2.24,12223575
AWE,20180212,0.97,0.97,0.96,0.965,4953508
AWN,20180212,0.37,0.37,0.37,0.37,1500
AWV,20180212,0.062,0.062,0.06,0.061,304474
AX1,20180212,0.9,0.9,0.875,0.885,327173
AXE,20180212,0.105,0.115,0.1,0.11,946886
AXL,20180212,1.85,1.98,1.85,1.94,205590
AXP,20180212,0.58,0.58,0.565,0.575,14569
AYF,20180212,6.09,6.09,6.09,6.09,12000
AYR,20180212,0.006,0.006,0.006,0.006,3197833
AYS,20180212,1.7,1.73,1.58,1.585,2609899
AZI,20180212,0.009,0.01,0.009,0.01,280000
AZJ,20180212,4.83,4.85,4.68,4.69,11901038
AZM,20180212,0.032,0.032,0.03,0.03,475712
AZS,20180212,0.33,0.33,0.33,0.33,1087
AZV,20180212,0.058,0.059,0.058,0.059,11000
AZY,20180212,0.019,0.019,0.019,0.019,2275706
BAF,20180212,1.195,1.2,1.19,1.195,85288
BAL,20180212,13.68,14.04,13.62,13.88,320834
BAP,20180212,5.61,5.68,5.6,5.64,666875
BAR,20180212,0.045,0.047,0.045,0.046,390733
BAS,20180212,0.004,0.004,0.004,0.004,2062510
BAT,20180212,0.087,0.089,0.083,0.085,4942401
BAU,20180212,0.064,0.064,0.06,0.06,117644
BBG,20180212,0.97,0.99,0.97,0.97,702041
BBN,20180212,1.5,1.51,1.47,1.5,233794
BBOZ,20180212,16.55,16.75,16.47,16.56,130120
BBUS,20180212,5.47,5.48,5.43,5.43,561583
BBX,20180212,0.24,0.24,0.24,0.24,4150
BC8,20180212,0.345,0.345,0.345,0.345,10000
BCB,20180212,0.018,0.018,0.017,0.017,1403400
BCI,20180212,0.155,0.16,0.155,0.155,118004
BCK,20180212,0.016,0.018,0.016,0.018,249161
BCN,20180212,0.016,0.016,0.015,0.015,923340
BCT,20180212,0.054,0.055,0.05,0.05,279863
BD1,20180212,0.01,0.01,0.01,0.01,1381333
BDA,20180212,0.435,0.47,0.435,0.445,34626
BDI,20180212,0.001,0.001,0.001,0.001,400000
BDR,20180212,0.13,0.135,0.125,0.13,6532157
BEAR,20180212,14.61,14.66,14.58,14.61,44818
BEE,20180212,0.195,0.195,0.195,0.195,14090
BEL,20180212,0.115,0.115,0.115,0.115,36092
BEM,20180212,0.2,0.2,0.185,0.19,232599
BEN,20180212,11.25,11.29,10.83,11,3432953
BFC,20180212,0.22,0.22,0.215,0.215,220552
BFG,20180212,0.755,0.755,0.735,0.745,47735
BGA,20180212,6.95,6.95,6.85,6.9,437231
BGS,20180212,0.48,0.5,0.475,0.475,837048
BGT,20180212,0.19,0.19,0.185,0.185,105348
BHD,20180212,0.98,0.98,0.965,0.965,5289
BHP,20180212,29.32,29.83,29.16,29.56,6648757
BIG,20180212,1.82,2.07,1.755,1.8,7385173
BIN,20180212,2.4,2.43,2.38,2.39,293725
BIQ,20180212,0.07,0.071,0.062,0.065,1561746
BIS,20180212,0.86,0.99,0.86,0.99,77725
BIT,20180212,0.027,0.027,0.025,0.026,608046
BKI,20180212,1.7,1.7,1.67,1.68,268881
BKL,20180212,154.09,155.72,153.5,154.33,53692
BKT,20180212,0.056,0.056,0.054,0.054,742154
BKW,20180212,14.19,14.29,14.1,14.17,145636
BKY,20180212,0.825,0.845,0.81,0.82,101551
BLA,20180212,12.9,12.95,12.7,12.9,58510
BLD,20180212,7.43,7.46,7.375,7.43,5187572
BLG,20180212,0.34,0.345,0.34,0.345,87196
BLK,20180212,0.061,0.062,0.059,0.059,2966183
BLT,20180212,0.225,0.23,0.22,0.22,46701
BLX,20180212,1.53,1.565,1.51,1.55,19483
BLY,20180212,0.013,0.013,0.012,0.012,2525783
BLZ,20180212,0.063,0.072,0.063,0.069,1381276
BMH,20180212,0.225,0.225,0.225,0.225,17000
BMN,20180212,0.044,0.046,0.041,0.042,655995
BMP,20180212,0.195,0.195,0.195,0.195,1234
BMT,20180212,0.16,0.19,0.16,0.18,551534
BNO,20180212,0.365,0.365,0.35,0.35,148028
BNR,20180212,0.035,0.037,0.035,0.037,455000
BOC,20180212,0.185,0.21,0.185,0.2,18020
BOE,20180212,0.042,0.043,0.041,0.041,447803
BOL,20180212,0.23,0.24,0.22,0.23,331146
BOND,20180212,25.5,25.55,25.5,25.55,1572
BOQ,20180212,11.91,11.93,11.74,11.84,1099950
BOT,20180212,0.115,0.115,0.105,0.11,7940877
BPF,20180212,0.13,0.135,0.13,0.135,52490
BPL,20180212,0.063,0.063,0.063,0.063,12542
BPS,20180212,0.46,0.49,0.46,0.49,24426
BPT,20180212,1.185,1.21,1.15,1.18,18705173
BRB,20180212,0.515,0.515,0.5,0.505,342200
BRC,20180212,0.052,0.052,0.05,0.051,157470
BRG,20180212,11.75,12.04,11.75,11.99,130490
BRK,20180212,0.013,0.014,0.013,0.014,1071291
BRL,20180212,0.15,0.155,0.15,0.155,2407537
BRN,20180212,0.2,0.2,0.19,0.19,644126
BRU,20180212,0.32,0.32,0.29,0.305,692618
BSA,20180212,0.34,0.36,0.33,0.335,33847
BSE,20180212,0.27,0.275,0.265,0.265,1618739
BSL,20180212,14.14,14.74,14.14,14.63,2517959
BSM,20180212,0.022,0.022,0.02,0.02,7389756
BSX,20180212,0.36,0.39,0.36,0.39,45075
BTC,20180212,0.21,0.21,0.21,0.21,20000
BTH,20180212,0.425,0.43,0.402,0.41,379183
BTI,20180212,0.83,0.83,0.825,0.83,118063
BTT,20180212,10.43,10.43,10.21,10.27,787108
BUB,20180212,0.68,0.695,0.665,0.675,1517070
BUG,20180212,0.335,0.34,0.335,0.34,59500
BUL,20180212,0.125,0.125,0.115,0.115,2405021
BUX,20180212,0.12,0.12,0.12,0.12,8608
BUY,20180212,0.006,0.006,0.006,0.006,156950
BVS,20180212,1.905,1.95,1.882,1.905,117213
BWF,20180212,0.955,0.955,0.955,0.955,5434
BWP,20180212,2.94,2.945,2.9,2.9,1264948
BWR,20180212,1.31,1.31,1.29,1.29,1435
BWX,20180212,7.15,7.28,7.08,7.12,118792
BXB,20180212,9.8,9.83,9.64,9.7,2845097
BXN,20180212,0.072,0.075,0.072,0.075,21000
BYE,20180212,0.29,0.3,0.28,0.28,325346
BYH,20180212,0.145,0.145,0.145,0.145,20000
BYI,20180212,0.685,0.685,0.685,0.685,1362
CAA,20180212,0.16,0.16,0.15,0.155,440867
CAB,20180212,1.87,1.875,1.815,1.815,140528
CAE,20180212,0.028,0.031,0.027,0.031,574548
CAG,20180212,0.25,0.25,0.25,0.25,90000
CAI,20180212,0.037,0.038,0.036,0.038,761265
CAJ,20180212,0.275,0.275,0.26,0.27,1103932
CAM,20180212,0.865,0.865,0.865,0.865,1257
CAN,20180212,2.92,2.95,2.85,2.92,354963
CAP,20180212,0.093,0.093,0.093,0.093,7500
CAR,20180212,13.93,14.06,13.67,13.9,1707024
CAS,20180212,0.061,0.061,0.061,0.061,15388
CAT,20180212,1.81,1.81,1.785,1.79,42518
CAV,20180212,0.017,0.017,0.016,0.016,3705032
CAY,20180212,0.12,0.125,0.12,0.12,218273
CAZ,20180212,0.039,0.039,0.038,0.038,600840
CBA,20180212,76.39,76.5,75.56,75.88,3411170
CCA,20180212,1.16,1.16,1.1,1.15,129057
CCE,20180212,0.04,0.04,0.039,0.039,3850412
CCL,20180212,8.36,8.4,8.305,8.37,1349915
CCP,20180212,19.9,20.04,19.82,19.9,145862
CCV,20180212,0.355,0.355,0.34,0.34,278264
CCZ,20180212,0.066,0.066,0.062,0.062,4188741
CDA,20180212,2.2,2.27,2.15,2.15,46376
CDD,20180212,1.23,1.245,1.23,1.24,367583
CDM,20180212,1.32,1.325,1.3,1.325,258508
CDP,20180212,7.41,7.41,7.25,7.35,13366
CDT,20180212,0.021,0.021,0.02,0.02,177565
CDU,20180212,0.205,0.21,0.205,0.205,205660
CDV,20180212,0.53,0.545,0.52,0.535,1496421
CDY,20180212,0.5,0.51,0.5,0.51,4153
CE1,20180212,0.058,0.058,0.055,0.055,563683
CEN,20180212,4.95,5.03,4.95,4.95,2061
CETF,20180212,59.59,60.98,59.59,60.98,4734
CFE,20180212,0.051,0.052,0.05,0.051,1817898
CFO,20180212,0.24,0.27,0.23,0.23,522418
CG1,20180212,0.58,0.6,0.58,0.6,38284
CGA,20180212,0.405,0.405,0.405,0.405,834
CGC,20180212,5.7,5.78,5.69,5.75,1119516
CGF,20180212,12.84,12.91,12.65,12.84,1710784
CGL,20180212,7.19,7.27,7.12,7.19,25645
CGM,20180212,0.008,0.009,0.008,0.009,4654589
CGN,20180212,0.019,0.019,0.018,0.018,70274
CGR,20180212,0.445,0.45,0.445,0.45,333263
CGS,20180212,0.87,0.885,0.86,0.885,69318
CHC,20180212,5.56,5.575,5.48,5.5,1312636
CHK,20180212,0.01,0.01,0.01,0.01,1045420
CHN,20180212,0.175,0.175,0.165,0.165,271832
CHP,20180212,0.018,0.018,0.015,0.015,24231155
CHR,20180212,3.85,3.85,3.85,3.85,3000
CHZ,20180212,0.065,0.067,0.065,0.067,213978
CIA,20180212,1.345,1.37,1.33,1.37,81215
CIE,20180212,0.955,0.965,0.95,0.955,82543
CII,20180212,1.73,1.735,1.73,1.735,5332
CIM,20180212,45.21,45.4,44.56,45.3,394777
CIN,20180212,33.19,33.19,32.9,33.17,4406
CIO,20180212,0.031,0.031,0.028,0.029,7488898
CIP,20180212,2.46,2.46,2.4,2.4,142762
CKA,20180212,0.047,0.047,0.043,0.044,210765
CKF,20180212,5.27,5.33,5.27,5.29,223002
CL1,20180212,2.77,2.84,2.74,2.78,230980
CL8,20180212,0.028,0.029,0.028,0.029,256296
CLA,20180212,0.105,0.11,0.102,0.11,1873615
CLH,20180212,1.265,1.272,1.24,1.24,139148
CLI,20180212,0.086,0.086,0.086,0.086,6977
CLL,20180212,0.11,0.11,0.11,0.11,26957
CLQ,20180212,1.235,1.245,1.2,1.2,1397725
CLV,20180212,0.66,0.69,0.64,0.65,84429
CLW,20180212,3.75,3.77,3.72,3.75,308097
CLX,20180212,1.12,1.13,1.12,1.13,7182
CLY,20180212,0.004,0.004,0.003,0.003,5499000
CLZ,20180212,0.006,0.007,0.006,0.006,74078399
CM8,20180212,0.087,0.087,0.082,0.082,681463
CMA,20180212,2.32,2.35,2.3,2.31,140731
CMC,20180212,0.025,0.025,0.025,0.025,75000
CMD,20180212,0.08,0.08,0.08,0.08,6250
CMM,20180212,0.079,0.079,0.078,0.079,1724664
CMP,20180212,0.38,0.38,0.38,0.38,4700
CMW,20180212,0.96,0.965,0.95,0.95,2639982
CNI,20180212,1.3,1.32,1.285,1.32,83991
CNJ,20180212,0.039,0.04,0.034,0.034,611230
CNU,20180212,3.55,3.57,3.47,3.47,854669
CNW,20180212,0.017,0.017,0.017,0.017,57941
CNX,20180212,0.14,0.15,0.14,0.15,5883
COB,20180212,0.61,0.645,0.6,0.62,521851
COE,20180212,0.325,0.325,0.315,0.315,17407803
COG,20180212,0.1,0.1,0.1,0.1,761847
COH,20180212,168.98,172.9,168.98,171.79,181967
COI,20180212,0.24,0.24,0.235,0.24,152837
COY,20180212,0.013,0.013,0.011,0.011,115500
CP1,20180212,0.275,0.28,0.26,0.275,1440465
CPU,20180212,16.03,16.27,15.97,16.19,1135731
CQG,20180212,0.975,0.975,0.97,0.97,50000
CQR,20180212,3.74,3.755,3.71,3.73,566332
CRB,20180212,0.08,0.08,0.08,0.08,30000
CRD,20180212,0.98,0.98,0.96,0.97,58910
CRL,20180212,0.105,0.105,0.095,0.097,23823
CRO,20180212,0.07,0.07,0.07,0.07,1873
CRR,20180212,2.7,2.73,2.68,2.73,23441
CSK,20180212,0.155,0.155,0.155,0.155,442
CSL,20180212,140.03,141.6,139.46,140.26,566136
CSR,20180212,4.8,4.93,4.76,4.93,2812240
CSS,20180212,0.059,0.059,0.057,0.058,1335506
CSV,20180212,0.295,0.295,0.275,0.29,1461182
CT1,20180212,0.025,0.026,0.025,0.025,364403
CTD,20180212,20.19,20.47,20.02,20.37,320702
CTL,20180212,0.008,0.008,0.008,0.008,4382490
CTM,20180212,0.013,0.014,0.012,0.013,13989405
CTO,20180212,0.007,0.007,0.006,0.007,1395343
CTP,20180212,0.088,0.088,0.085,0.085,632851
CTX,20180212,33.41,33.98,33.41,33.64,746838
CUL,20180212,0.001,0.002,0.001,0.002,6250000
CUP,20180212,0.595,0.595,0.59,0.595,93021
CUV,20180212,8.07,8.3,8.04,8.1,19642
CV1,20180212,0.071,0.071,0.071,0.071,26955
CVF,20180212,1.16,1.165,1.16,1.165,46393
CVN,20180212,0.125,0.13,0.125,0.125,644433
CVS,20180212,0.008,0.008,0.008,0.008,67712
CVT,20180212,0.028,0.028,0.028,0.028,58564
CVW,20180212,1.5,1.51,1.46,1.475,92328
CWL,20180212,0.055,0.055,0.055,0.055,150000
CWN,20180212,13.14,13.18,12.965,13.03,982488
CWP,20180212,6.12,6.12,5.95,5.95,19987
CWX,20180212,0.235,0.24,0.22,0.23,456028
CWY,20180212,1.4,1.41,1.365,1.37,3327380
CXM,20180212,0.11,0.115,0.11,0.115,69988
CXO,20180212,0.065,0.067,0.065,0.065,452829
CXU,20180212,0.041,0.041,0.039,0.039,37736
CXZ,20180212,0.007,0.007,0.007,0.007,614842
CY5,20180212,0.28,0.28,0.28,0.28,37000
CYA,20180212,0.93,0.935,0.915,0.92,189375
CYB,20180212,5.47,5.49,5.405,5.47,1338974
CYG,20180212,1.25,1.25,1.25,1.25,201
CYL,20180212,1.29,1.29,1.285,1.285,8400
CYP,20180212,0.8,0.84,0.8,0.825,167806
CZI,20180212,0.07,0.076,0.07,0.076,160334
CZL,20180212,0.012,0.012,0.011,0.011,521486
CZN,20180212,0.016,0.017,0.016,0.017,16063801
CZR,20180212,0.02,0.02,0.019,0.019,173359
CZZ,20180212,16.91,16.91,16.41,16.59,14865
D13,20180212,0.088,0.089,0.087,0.089,228134
D2O,20180212,1.045,1.045,1.04,1.04,10000
DAF,20180212,0.024,0.024,0.021,0.021,235974
DAU,20180212,0.03,0.03,0.03,0.03,400000
DBF,20180212,1.54,1.56,1.53,1.54,25015
DCC,20180212,0.235,0.245,0.23,0.235,3647907
DCG,20180212,1.05,1.09,1.05,1.06,97095
DCN,20180212,2.66,2.7,2.645,2.65,192082
DDD,20180212,0.006,0.006,0.006,0.006,2067609
DDR,20180212,2.92,2.95,2.85,2.94,80789
DDT,20180212,0.005,0.005,0.005,0.005,525000
DEG,20180212,0.125,0.125,0.115,0.115,704371
DEM,20180212,0.22,0.22,0.22,0.22,8703
DEV,20180212,0.007,0.007,0.007,0.007,96208
DFM,20180212,0.84,0.86,0.83,0.86,59386
DGO,20180212,0.655,0.7,0.655,0.68,4484
DGR,20180212,0.088,0.088,0.085,0.085,263457
DHG,20180212,2.98,3,2.95,2.95,755452
DHR,20180212,0.021,0.021,0.019,0.019,3615085
DIV,20180212,19.96,19.96,19.96,19.96,1250
DJRE,20180212,18.94,19.03,18.92,18.97,23246
DJW,20180212,3.42,3.46,3.38,3.38,106453
DLX,20180212,7.1,7.22,7.03,7.14,1390371
DMI,20180212,0.15,0.155,0.125,0.13,1056211
DMP,20180212,48.8,49.33,47.81,48.96,482086
DNA,20180212,0.295,0.295,0.28,0.29,377250
DNK,20180212,0.69,0.695,0.65,0.67,247503
DOW,20180212,6.35,6.41,6.35,6.38,1709930
DRG,20180212,0.195,0.195,0.18,0.18,472880
DRK,20180212,0.018,0.02,0.018,0.018,1147610
DRM,20180212,0.27,0.285,0.265,0.28,1972856
DRO,20180212,0.205,0.215,0.205,0.215,110092
DRX,20180212,0.023,0.024,0.023,0.024,200000
DSE,20180212,0.055,0.055,0.055,0.055,77250
DSX,20180212,0.027,0.027,0.027,0.027,132100
DTI,20180212,0.12,0.13,0.12,0.13,79834
DTL,20180212,1.625,1.635,1.61,1.625,140170
DTM,20180212,0.009,0.01,0.009,0.009,1892389
DTZ,20180212,0.145,0.15,0.145,0.145,80611
DUB,20180212,0.48,0.5,0.47,0.49,277702
DUI,20180212,4.02,4.09,4,4.03,67050
DVL,20180212,0.25,0.255,0.245,0.245,44911
DW8,20180212,0.01,0.01,0.01,0.01,750000
DWS,20180212,1.62,1.62,1.45,1.455,514091
DXB,20180212,0.12,0.12,0.12,0.12,54389
DXS,20180212,9.12,9.13,8.99,9.13,2311413
DYL,20180212,0.255,0.255,0.25,0.25,102703
EAI,20180212,1.095,1.12,1.095,1.11,109796
EAR,20180212,0.33,0.335,0.32,0.33,531440
EAS,20180212,1.2,1.2,1.2,1.2,14894
EAX,20180212,0.88,0.88,0.88,0.88,664
ECG,20180212,0.135,0.135,0.135,0.135,2570
ECX,20180212,3.6,3.62,3.56,3.6,1431646
EDE,20180212,0.12,0.145,0.11,0.125,3096370
EEG,20180212,0.02,0.02,0.02,0.02,79692
EER,20180212,0.004,0.004,0.004,0.004,52800
EFE,20180212,0.011,0.011,0.01,0.01,1188850
EGA,20180212,0.295,0.295,0.285,0.29,275012
EGD,20180212,1.84,1.85,1.81,1.81,80000
EGG,20180212,0.935,1.02,0.93,1.02,15630
EGH,20180212,0.32,0.32,0.3,0.32,134815
EGI,20180212,1.125,1.125,1.12,1.12,60500
EGL,20180212,0.07,0.07,0.07,0.07,72
EGN,20180212,0.455,0.475,0.445,0.475,27515
EGY,20180212,0.006,0.006,0.006,0.006,60000
EHE,20180212,3.22,3.28,3.16,3.16,1176695
EHL,20180212,0.255,0.265,0.252,0.26,2153692
EHX,20180212,0.092,0.092,0.088,0.088,35000
ELD,20180212,7,7,6.8,6.85,340322
ELK,20180212,0.09,0.092,0.086,0.089,905990
ELO,20180212,5.12,5.12,5,5,12933
ELS,20180212,0.86,0.86,0.8,0.825,73508
ELT,20180212,0.008,0.008,0.008,0.008,120000
ELX,20180212,0.91,0.91,0.86,0.86,134151
EME,20180212,0.095,0.095,0.095,0.095,900
EMG,20180212,0.015,0.015,0.014,0.014,2543055
EMH,20180212,0.48,0.48,0.44,0.44,131400
EML,20180212,1.83,1.88,1.8,1.83,213226
EMR,20180212,0.04,0.041,0.038,0.039,906833
EMU,20180212,0.13,0.13,0.13,0.13,20000
EN1,20180212,0.17,0.17,0.16,0.16,115847
ENN,20180212,1.955,1.965,1.93,1.965,96930
ENR,20180212,0.071,0.071,0.07,0.07,62000
EOS,20180212,2.93,2.93,2.89,2.9,70731
EPD,20180212,0.435,0.46,0.435,0.46,7842
EPM,20180212,0.01,0.01,0.009,0.009,3712102
EPW,20180212,1.4,1.43,1.4,1.43,133134
EQE,20180212,0.033,0.033,0.033,0.033,51864
EQT,20180212,19.2,19.2,19.01,19.2,28176
EQX,20180212,0.385,0.385,0.38,0.38,9160
ERA,20180212,0.71,0.745,0.7,0.745,96587
ERL,20180212,0.017,0.017,0.016,0.016,1231541
ERM,20180212,0.073,0.073,0.069,0.07,1193621
ESE,20180212,0.2,0.2,0.18,0.18,525891
ESH,20180212,0.015,0.016,0.015,0.016,130372
ESI,20180212,0.008,0.008,0.008,0.008,660544
ESR,20180212,0.02,0.021,0.02,0.021,400000
ETE,20180212,0.022,0.024,0.022,0.023,362369
ETPMAG,20180212,20.34,20.34,20.08,20.08,4160
ETPMPD,20180212,122.8,122.8,122.8,122.8,5
ETPMPM,20180212,125,125,125,125,25
ETPMPT,20180212,117.14,117.14,117.13,117.13,29
EUC,20180212,0.093,0.098,0.093,0.095,1761186
EUR,20180212,0.2,0.2,0.19,0.2,876307
EVE,20180212,0.012,0.013,0.012,0.013,7277855
EVN,20180212,2.78,2.79,2.685,2.73,8144256
EVO,20180212,0.7,0.7,0.7,0.7,2000
EVS,20180212,0.06,0.06,0.06,0.06,927
EVT,20180212,12.75,12.9,12.66,12.73,14230
EVZ,20180212,0.024,0.024,0.024,0.024,90000
EWC,20180212,0.3,0.3,0.285,0.29,1147678
EXG,20180212,0.047,0.047,0.047,0.047,66481
EXL,20180212,1.35,1.35,1.3,1.3,72931
EXP,20180212,0.75,0.77,0.74,0.755,261633
EXR,20180212,0.094,0.098,0.094,0.095,340420
EXU,20180212,0.12,0.12,0.12,0.12,155761
EZL,20180212,1.1,1.14,1.095,1.095,111282
FAR,20180212,0.08,0.08,0.077,0.077,2881945
FBR,20180212,0.165,0.165,0.157,0.16,1518576
FCC,20180212,1.025,1.04,1.02,1.025,124905
FCT,20180212,0.315,0.315,0.3,0.315,274142
FDM,20180212,0.305,0.31,0.3,0.305,262701
FDV,20180212,0.68,0.68,0.675,0.675,105000
FDX,20180212,0.165,0.165,0.15,0.15,53300
FEL,20180212,0.051,0.051,0.048,0.048,901008
FET,20180212,2.58,2.62,2.58,2.61,181460
FFG,20180212,0.055,0.059,0.055,0.056,2910333
FFT,20180212,0.115,0.12,0.115,0.12,472045
FGF,20180212,0.023,0.023,0.021,0.021,12714465
FGG,20180212,1.17,1.18,1.165,1.17,188722
FGO,20180212,0.056,0.057,0.054,0.057,21517565
FGR,20180212,0.12,0.12,0.115,0.115,527934
FGX,20180212,1.14,1.155,1.14,1.15,113200
FHS,20180212,0.065,0.067,0.065,0.067,348617
FID,20180212,4.81,4.81,4.6,4.6,73826
FIG,20180212,0.48,0.48,0.455,0.46,268402
FLC,20180212,0.48,0.48,0.465,0.48,68350
FLK,20180212,1.115,1.12,1.1,1.1,120761
FLN,20180212,0.4,0.4,0.36,0.36,149504
FLT,20180212,49.51,49.92,49.19,49.52,253948
FMG,20180212,5.04,5.16,4.96,5.15,18137478
FML,20180212,0.33,0.33,0.32,0.32,30586
FMS,20180212,0.083,0.088,0.083,0.088,580322
FND,20180212,0.225,0.225,0.215,0.22,1151484
FNP,20180212,5.22,5.22,5.06,5.09,59430
FOR,20180212,2.05,2.05,2.02,2.05,18010
FPH,20180212,11.86,11.86,11.41,11.43,541822
FPL,20180212,0.01,0.01,0.01,0.01,111111
FPP,20180212,1.125,1.13,1.12,1.13,7296
FRI,20180212,1.01,1.015,1.01,1.01,11381
FRM,20180212,0.92,0.925,0.9,0.9,32565
FRN,20180212,0.019,0.019,0.019,0.019,34967
FRX,20180212,0.095,0.1,0.095,0.095,74790
FSA,20180212,1.55,1.56,1.53,1.53,15527
FSG,20180212,0.027,0.027,0.027,0.027,50000
FSI,20180212,1.665,1.665,1.665,1.665,890
FTT,20180212,0.038,0.038,0.036,0.036,522842
FWD,20180212,2.83,2.85,2.77,2.77,29961
FXJ,20180212,0.66,0.67,0.655,0.665,4496549
FXL,20180212,1.555,1.56,1.53,1.53,890231
FZO,20180212,0.59,0.59,0.57,0.585,75321
G1A,20180212,1.15,1.155,1.15,1.155,18000
G88,20180212,0.555,0.585,0.555,0.58,51700
GAP,20180212,0.355,0.36,0.355,0.36,10530
GBG,20180212,0.024,0.024,0.023,0.023,289367
GBI,20180212,0.16,0.17,0.16,0.17,19463
GBM,20180212,0.007,0.007,0.007,0.007,942840
GBR,20180212,0.29,0.29,0.26,0.26,14245
GBT,20180212,2.18,2.19,2.15,2.18,9459
GC1,20180212,0.945,0.945,0.945,0.945,19774
GCS,20180212,0.78,0.79,0.78,0.79,222619
GCY,20180212,0.45,0.455,0.445,0.445,247456
GDF,20180212,1.145,1.145,1.145,1.145,17687
GDI,20180212,1.21,1.23,1.21,1.21,419708
GDX,20180212,27.88,28.08,27.5,27.88,11111
GEAR,20180212,21.05,21.2,20.85,21.1,58729
GEM,20180212,3.24,3.25,3.195,3.22,1778257
GEV,20180212,0.385,0.39,0.38,0.38,64035
GFL,20180212,2.16,2.16,2.16,2.16,4600
GFY,20180212,0.31,0.31,0.31,0.31,34414
GGG,20180212,0.09,0.09,0.088,0.088,1121126
GGL,20180212,0.012,0.012,0.012,0.012,50000
GGUS,20180212,14.8,14.96,14.75,14.96,27197
GID,20180212,0.029,0.032,0.029,0.032,864954
GLH,20180212,0.265,0.265,0.265,0.265,2000
GLL,20180212,0.135,0.14,0.13,0.14,780565
GMA,20180212,2.67,2.67,2.61,2.66,6076599
GMC,20180212,0.014,0.014,0.013,0.013,4665318
GMD,20180212,0.044,0.044,0.042,0.042,903912
GME,20180212,0.15,0.15,0.15,0.15,2000
GMG,20180212,7.69,7.71,7.57,7.68,3647059
GMR,20180212,0.043,0.046,0.043,0.044,1029644
GMV,20180212,0.295,0.295,0.28,0.28,295327
GNC,20180212,7.29,7.31,7.215,7.24,1404794
GNE,20180212,2.2,2.2,2.2,2.2,5066
GNG,20180212,1.41,1.42,1.4,1.41,9604
GNX,20180212,0.29,0.3,0.285,0.285,314673
GO2,20180212,0.15,0.17,0.15,0.17,13950
GOLD,20180212,158.88,160.08,158.88,159.53,5308
GOO,20180212,0.078,0.078,0.076,0.076,170507
GOR,20180212,0.795,0.795,0.77,0.775,1255834
GOVT,20180212,25.41,25.41,25.37,25.37,7143
GOZ,20180212,3.12,3.15,3.08,3.08,631592
GPP,20180212,0.013,0.014,0.013,0.013,1675630
GPR,20180212,0.03,0.03,0.028,0.028,862467
GPT,20180212,4.81,4.86,4.75,4.85,8186824
GPX,20180212,0.3,0.32,0.3,0.31,301958
GRB,20180212,0.092,0.092,0.091,0.091,273890
GRR,20180212,0.19,0.195,0.185,0.19,1303093
GSC,20180212,0.32,0.34,0.315,0.335,1897858
GSL,20180212,0.175,0.18,0.17,0.17,85516
GSS,20180212,0.275,0.315,0.27,0.315,71300
GTK,20180212,5.4,5.49,5.39,5.45,42386
GTN,20180212,2.51,2.62,2.51,2.62,212
GTY,20180212,1.91,1.93,1.91,1.92,473250
GUD,20180212,12.05,12.18,11.93,11.98,330360
GVF,20180212,1.14,1.145,1.125,1.125,105903
GWA,20180212,2.66,2.72,2.65,2.67,637596
GWR,20180212,0.074,0.074,0.073,0.073,9937
GXL,20180212,6.11,6.14,6.06,6.09,231051
GXY,20180212,3.13,3.25,3.04,3.21,4719812
HAS,20180212,0.3,0.3,0.295,0.295,385250
HAV,20180212,0.275,0.275,0.255,0.255,6352
HCH,20180212,0.033,0.033,0.033,0.033,300000
HCT,20180212,0.079,0.081,0.079,0.081,9866
HDY,20180212,0.009,0.009,0.008,0.009,7667734
HE8,20180212,0.041,0.041,0.039,0.039,312991
HEG,20180212,0.165,0.165,0.15,0.15,1530274
HFR,20180212,0.95,0.95,0.925,0.93,125157
HGO,20180212,0.098,0.098,0.096,0.096,31176
HIG,20180212,0.079,0.082,0.079,0.08,563645
HIL,20180212,0.24,0.24,0.225,0.23,96172
HLO,20180212,4.55,4.55,4.51,4.51,4576
HLX,20180212,0.033,0.034,0.031,0.034,888687
HMO,20180212,0.135,0.135,0.135,0.135,41417
HMX,20180212,0.05,0.05,0.049,0.05,191999
HNR,20180212,0.023,0.023,0.021,0.021,4751431
HOM,20180212,0.525,0.565,0.525,0.56,81329
HOT,20180212,0.225,0.225,0.21,0.21,109590
HPI,20180212,3.01,3.02,2.74,2.92,446207
HRN,20180212,0.22,0.22,0.22,0.22,1000
HRR,20180212,0.74,0.74,0.705,0.715,78915
HSN,20180212,3.86,3.9,3.8,3.87,202499
HSO,20180212,1.875,1.882,1.835,1.845,3871564
HT1,20180212,1.585,1.595,1.525,1.545,1477924
HTA,20180212,0.058,0.06,0.057,0.057,198062
HUB,20180212,10.13,10.13,9.955,9.98,162251
HUO,20180212,4.69,4.72,4.63,4.69,14267
HVN,20180212,4.36,4.4,4.205,4.25,4234543
HVST,20180212,15.81,15.85,15.78,15.84,21415
HWK,20180212,0.025,0.025,0.025,0.025,42422
HXG,20180212,0.2,0.2,0.19,0.19,296023
HZN,20180212,0.099,0.105,0.094,0.105,1333341
HZR,20180212,0.445,0.45,0.445,0.45,56146
IAA,20180212,82.9,84.02,82.56,83.83,10375
IAB,20180212,0.48,0.49,0.48,0.49,7940
IAF,20180212,105.57,105.58,105.4,105.41,9273
IAG,20180212,7.19,7.22,7.14,7.18,3144016
IAM,20180212,0.018,0.019,0.017,0.018,8414938
IAU,20180212,1.16,1.165,1.16,1.165,19684
IBC,20180212,0.515,0.515,0.515,0.515,10000
IBG,20180212,0.063,0.064,0.061,0.062,1786167
IBK,20180212,58.7,58.7,57.46,57.46,108
IBN,20180212,0.007,0.007,0.006,0.007,940404
IBX,20180212,0.075,0.075,0.075,0.075,23328
ICG,20180212,0.006,0.006,0.005,0.005,19604947
ICQ,20180212,0.235,0.25,0.235,0.25,58989
ICU,20180212,0.045,0.045,0.045,0.045,25059
IDR,20180212,2.5,2.5,2.47,2.47,211801
IDT,20180212,0.075,0.075,0.075,0.075,122642
IDX,20180212,2.205,2.24,2.2,2.24,86219
IEC,20180212,0.012,0.013,0.012,0.013,653255
IEL,20180212,7,7.1,6.78,6.9,396558
IEM,20180212,59.58,59.94,59.42,59.82,11497
IEU,20180212,59.47,60.21,59.27,59.39,47563
IFL,20180212,10.22,10.3,10.06,10.17,1324876
IFM,20180212,0.83,0.83,0.81,0.82,107327
IFN,20180212,0.61,0.61,0.585,0.595,2381216
IGB,20180212,101.89,101.89,101.89,101.89,4
IGE,20180212,0.19,0.19,0.185,0.185,26671
IGL,20180212,2.18,2.18,2.16,2.18,89432
IGO,20180212,4.5,4.6,4.48,4.54,2244064
IHCB,20180212,105.5,105.5,104.87,104.87,1266
IHD,20180212,13.51,13.51,13.39,13.47,28334
IHEB,20180212,106.02,106.02,105.2,106.02,165
IHHY,20180212,105.76,105.76,104.85,105.51,11796
IHK,20180212,31.2,31.32,31.2,31.26,1812
IHL,20180212,0.028,0.028,0.027,0.027,183132
IHOO,20180212,108.82,109.2,108.6,109,1929
IHS,20180212,0.028,0.028,0.028,0.028,200000
IHVV,20180212,334.57,335.46,333.89,335.46,748
IIL,20180212,0.03,0.03,0.03,0.03,37448
IJH,20180212,235.6,235.6,233.02,233.41,1013
IJP,20180212,75.41,76.02,75.41,75.9,4330
IJR,20180212,95.08,95.31,95.04,95.19,5372
IKO,20180212,92.18,92.18,90.5,90.9,393
IKW,20180212,0.004,0.004,0.004,0.004,621924
ILB,20180212,114.69,114.69,114.29,114.55,742
ILC,20180212,22.82,22.91,22.8,22.88,22796
ILU,20180212,9.5,9.61,9.35,9.56,859854
IMA,20180212,0.099,0.1,0.095,0.1,179741
IMC,20180212,0.255,0.255,0.25,0.255,121583
IMD,20180212,0.96,0.98,0.95,0.955,383476
IMF,20180212,3.03,3.16,3.02,3.08,416469
IMM,20180212,0.022,0.023,0.022,0.022,774456
IMS,20180212,0.033,0.034,0.033,0.034,548391
IMU,20180212,0.02,0.025,0.02,0.023,155013712
INA,20180212,2.63,2.66,2.63,2.63,91581
ING,20180212,3.37,3.43,3.35,3.37,334971
INK,20180212,0.094,0.096,0.094,0.096,14828
INM,20180212,42,43.26,41.84,43.26,41510
INV,20180212,0.265,0.265,0.26,0.26,60000
IOF,20180212,4.23,4.24,4.19,4.21,1060351
IOO,20180212,115.79,116,115.55,115.69,14727
IOT,20180212,0.007,0.008,0.007,0.007,4375855
IOZ,20180212,23.91,23.97,23.78,23.9,64252
IP1,20180212,0.063,0.065,0.063,0.065,51499
IPB,20180212,0.009,0.009,0.008,0.008,1109739
IPD,20180212,0.655,0.675,0.655,0.675,262658
IPE,20180212,0.12,0.12,0.115,0.115,246484
IPH,20180212,5.19,5.19,5.05,5.06,1502642
IPL,20180212,3.55,3.59,3.515,3.57,3331522
IPT,20180212,0.017,0.017,0.016,0.016,1934518
IRC,20180212,0.18,0.185,0.18,0.185,225850
IRE,20180212,11.58,11.64,11.46,11.47,308412
IRI,20180212,3.62,3.74,3.62,3.74,101454
IRU,20180212,188.45,188.72,188.02,188.16,191
IS3,20180212,0.145,0.15,0.145,0.15,71150
ISD,20180212,1.18,1.19,1.165,1.17,520788
ISH,20180212,0.044,0.044,0.044,0.044,5735
ISO,20180212,4.72,4.73,4.72,4.72,7076
ISU,20180212,1.23,1.26,1.22,1.235,126009
ISX,20180212,0.15,0.15,0.145,0.145,1000048
ITD,20180212,0.37,0.37,0.365,0.365,23373
ITW,20180212,48.79,48.79,48.79,48.79,17
IVC,20180212,15.27,15.38,15.16,15.3,168877
IVE,20180212,88.4,88.49,88.1,88.41,4030
IVO,20180212,0.011,0.011,0.01,0.01,892660
IVQ,20180212,0.096,0.1,0.096,0.1,1939
IVR,20180212,0.019,0.019,0.018,0.018,1016194
IVV,20180212,338.21,339.45,338.16,338.73,8064
IVX,20180212,0.028,0.029,0.024,0.024,17879694
IXI,20180212,129.3,129.3,128.51,128.51,628
IXJ,20180212,142,143.99,140.89,142.4,5146
IXP,20180212,74,75.5,73.59,73.59,1292
IXU,20180212,0.32,0.33,0.315,0.32,244721
IZZ,20180212,59.24,59.4,58.81,59.27,25365
JAL,20180212,0.13,0.13,0.11,0.125,113111
JAN,20180212,0.4,0.41,0.39,0.41,473453
JAY,20180212,0.385,0.4,0.37,0.4,63150
JBH,20180212,26.76,27,25.6,25.86,2925679
JDR,20180212,0.02,0.02,0.017,0.018,1599391
JHC,20180212,1.965,1.98,1.92,1.92,309924
JHG,20180212,43.7,43.78,43.14,43.21,710858
JHL,20180212,0.019,0.023,0.018,0.023,141457
JHX,20180212,22.64,22.89,22.47,22.82,743713
JIN,20180212,3.56,3.56,3.49,3.55,54660
JIP,20180212,0.09,0.09,0.09,0.09,20000
JKA,20180212,0.004,0.004,0.003,0.004,986378
JKL,20180212,0.072,0.072,0.07,0.07,1251778
JLG,20180212,1.305,1.34,1.3,1.31,50000
JPR,20180212,0.098,0.098,0.098,0.098,3100
JRV,20180212,0.495,0.5,0.485,0.49,35017
JYC,20180212,1.505,1.58,1.5,1.58,51606
K2F,20180212,0.265,0.27,0.25,0.26,402000
KAI,20180212,0.035,0.036,0.034,0.034,1969926
KAM,20180212,0.265,0.28,0.265,0.28,18800
KAR,20180212,1.18,1.18,1.14,1.16,460327
KAS,20180212,0.017,0.017,0.016,0.016,438475
KAT,20180212,0.765,0.765,0.76,0.76,10000
KCN,20180212,0.42,0.42,0.39,0.405,694282
KDR,20180212,1.89,1.89,1.77,1.8,2207705
KFE,20180212,0.12,0.125,0.12,0.125,341315
KGL,20180212,0.385,0.385,0.38,0.38,53300
KGN,20180212,7.13,7.13,6.85,6.92,184380
KII,20180212,2.71,2.71,2.71,2.71,1845
KIN,20180212,0.25,0.25,0.245,0.25,849372
KIS,20180212,0.047,0.048,0.047,0.048,100000
KKT,20180212,0.46,0.46,0.46,0.46,10000
KLA,20180212,21.25,21.25,21,21,1100
KLH,20180212,0.009,0.009,0.009,0.009,363123
KLL,20180212,0.395,0.4,0.385,0.385,62516
KMD,20180212,2.1,2.16,2.1,2.11,142869
KMT,20180212,0.034,0.034,0.034,0.034,494237
KNL,20180212,0.13,0.13,0.125,0.125,276000
KNM,20180212,0.085,0.09,0.085,0.09,2108435
KNO,20180212,0.145,0.15,0.145,0.145,88691
KOR,20180212,0.027,0.027,0.027,0.027,170570
KOV,20180212,2.32,2.32,2.32,2.32,1000
KPO,20180212,0.05,0.05,0.05,0.05,420000
KPT,20180212,2.24,2.24,2.17,2.17,349
KRC,20180212,0.042,0.042,0.036,0.037,9317822
KRL,20180212,0.02,0.02,0.019,0.019,236060
KRM,20180212,0.074,0.075,0.074,0.075,180000
KSM,20180212,2.63,2.63,2.63,2.63,386
KSN,20180212,0.023,0.023,0.022,0.022,696161
KYK,20180212,0.285,0.29,0.27,0.27,41200
KZA,20180212,0.56,0.565,0.53,0.53,22323
KZR,20180212,0.087,0.087,0.087,0.087,2000
LAA,20180212,0.105,0.105,0.105,0.105,59000
LAU,20180212,0.43,0.43,0.425,0.425,26772
LBT,20180212,0.19,0.19,0.185,0.19,280780
LCK,20180212,0.1,0.1,0.094,0.097,294876
LCT,20180212,0.029,0.029,0.026,0.027,1234049
LCY,20180212,0.006,0.006,0.006,0.006,129000
LEG,20180212,0.022,0.023,0.022,0.022,965181
LEP,20180212,4.75,4.8,4.75,4.78,173564
LER,20180212,0.095,0.096,0.095,0.096,83517
LFR,20180212,0.092,0.095,0.083,0.095,320040
LHC,20180212,3.63,3.635,3.61,3.61,1611088
LI3,20180212,0.13,0.13,0.13,0.13,1
LIC,20180212,4.72,4.79,4.5,4.63,135139
LIN,20180212,0.021,0.021,0.019,0.021,746538
LIT,20180212,0.175,0.18,0.17,0.17,499339
LKE,20180212,0.15,0.15,0.13,0.13,759719
LKO,20180212,0.002,0.002,0.001,0.002,2075023
LLC,20180212,15.45,15.63,15.39,15.54,1040697
LMG,20180212,0.015,0.015,0.015,0.015,6500
LML,20180212,0.034,0.034,0.032,0.032,166108
LMW,20180212,0.605,0.62,0.6,0.62,41833
LNG,20180212,0.505,0.53,0.5,0.53,1499565
LNK,20180212,8.4,8.54,8.4,8.46,642044
LNU,20180212,0.125,0.125,0.12,0.12,1261203
LNY,20180212,0.003,0.003,0.003,0.003,100000
LOM,20180212,0.24,0.25,0.235,0.245,350615
LON,20180212,0.039,0.039,0.037,0.037,6403038
LOV,20180212,7.01,7.15,7.01,7.1,125618
LPD,20180212,0.054,0.055,0.053,0.054,5745113
LPE,20180212,0.021,0.022,0.021,0.022,171704
LPI,20180212,0.42,0.422,0.405,0.415,459437
LRM,20180212,0.185,0.185,0.155,0.155,26750
LRS,20180212,0.011,0.012,0.011,0.011,1515661
LSR,20180212,0.025,0.026,0.023,0.023,1399768
LSX,20180212,0.365,0.365,0.36,0.36,10891
LTR,20180212,0.036,0.037,0.035,0.036,540000
LVE,20180212,0.105,0.105,0.095,0.095,22000
LVH,20180212,0.955,0.955,0.9,0.945,308994
LVT,20180212,0.52,0.545,0.49,0.49,938018
LYC,20180212,1.825,1.835,1.79,1.815,3533142
LYL,20180212,4.88,4.89,4.88,4.89,15414
M7T,20180212,0.315,0.315,0.315,0.315,69428
MA1,20180212,0.83,0.83,0.815,0.82,44000
MAG,20180212,0.12,0.12,0.12,0.12,10000
MAH,20180212,0.23,0.232,0.22,0.23,1933486
MAI,20180212,0.57,0.57,0.57,0.57,17445
MAQ,20180212,15.14,15.19,15.14,15.19,2535
MAR,20180212,0.006,0.006,0.006,0.006,1649290
MAT,20180212,0.165,0.165,0.16,0.16,126670
MAY,20180212,0.015,0.015,0.015,0.015,168000
MBK,20180212,0.019,0.019,0.018,0.019,1044000
MBM,20180212,0.295,0.295,0.29,0.29,5000
MCA,20180212,0.069,0.069,0.066,0.068,204081
MCE,20180212,0.695,0.695,0.66,0.66,44580
MCP,20180212,1.28,1.28,1.225,1.235,44885
MCR,20180212,0.34,0.34,0.33,0.33,384806
MCT,20180212,0.039,0.039,0.037,0.039,575518
MCY,20180212,3.05,3.15,3.05,3.15,3916
MDC,20180212,0.8,0.82,0.79,0.79,393790
MDL,20180212,1.12,1.15,1.12,1.15,211763
MDR,20180212,0.054,0.054,0.053,0.053,619900
MEA,20180212,0.44,0.445,0.415,0.42,226969
MEB,20180212,0.245,0.26,0.24,0.24,115264
MEC,20180212,1.025,1.035,1.025,1.025,42627
MED,20180212,0.006,0.006,0.006,0.006,200000
MEI,20180212,0.043,0.044,0.042,0.042,1951963
MEL,20180212,0.065,0.065,0.065,0.065,46384
MEP,20180212,0.07,0.07,0.069,0.07,162830
MEU,20180212,0.018,0.018,0.017,0.018,108674
MEY,20180212,0.14,0.14,0.14,0.14,450
MEZ,20180212,2.59,2.62,2.55,2.57,48510
MFD,20180212,1.13,1.13,1.12,1.12,96713
MFF,20180212,2.22,2.26,2.22,2.26,302164
MFG,20180212,25.51,25.58,24.89,25.24,729731
MGC,20180212,0.825,0.832,0.825,0.825,358862
MGE,20180212,2.96,2.98,2.95,2.95,591367
MGG,20180212,1.51,1.515,1.48,1.51,761033
MGP,20180212,0.255,0.26,0.24,0.25,392986
MGR,20180212,2.08,2.09,2.055,2.06,21182319
MGT,20180212,0.034,0.034,0.034,0.034,14800
MGV,20180212,0.08,0.081,0.075,0.076,617846
MGX,20180212,0.395,0.41,0.395,0.41,751986
MHG,20180212,3,3,3,3,187712
MHJ,20180212,1.095,1.14,1.085,1.1,136482
MIL,20180212,1.45,1.45,1.42,1.445,60222
MIN,20180212,19.3,19.46,18.95,19.08,1377437
MIR,20180212,2.62,2.64,2.61,2.64,35897
MJP,20180212,0.033,0.033,0.033,0.033,1500
MLB,20180212,3.2,3.25,3.16,3.21,986004
MLD,20180212,1.6,1.605,1.565,1.6,504709
MLM,20180212,0.052,0.052,0.052,0.052,11000
MLT,20180212,4.7,4.71,4.65,4.66,294091
MLX,20180212,0.85,0.85,0.825,0.825,1380721
MMI,20180212,0.275,0.28,0.27,0.275,418153
MMJ,20180212,0.46,0.48,0.46,0.47,571167
MML,20180212,0.41,0.415,0.405,0.41,79700
MMR,20180212,0.021,0.023,0.02,0.023,424047
MMS,20180212,16.17,16.36,16.17,16.28,119066
MNB,20180212,0.003,0.003,0.003,0.003,500000
MNC,20180212,0.04,0.04,0.04,0.04,5737
MND,20180212,16.76,16.94,16.63,16.69,274947
MNF,20180212,6,6.08,5.96,5.99,80784
MNS,20180212,0.415,0.415,0.39,0.395,408408
MNW,20180212,0.047,0.047,0.043,0.043,216115
MNY,20180212,1.65,1.68,1.64,1.67,188341
MOAT,20180212,53.86,53.89,53.86,53.89,463
MOC,20180212,2.29,2.3,2.27,2.28,80164
MOD,20180212,0.054,0.054,0.053,0.053,544837
MOE,20180212,5.59,5.8,5.49,5.8,187074
MOQ,20180212,0.24,0.245,0.24,0.245,494
MOX,20180212,0.006,0.006,0.006,0.006,2120000
MOY,20180212,0.205,0.21,0.202,0.21,304317
MP1,20180212,3.6,3.8,3.6,3.65,60064
MPL,20180212,3,3.01,2.96,3,8477685
MPW,20180212,0.2,0.205,0.2,0.205,76604
MQA,20180212,5.37,5.42,5.3,5.31,2613923
MQG,20180212,99.9,101.58,99.26,101.25,784675
MQR,20180212,0.37,0.405,0.36,0.38,82000
MRC,20180212,0.14,0.14,0.14,0.14,92000
MRG,20180212,0.4,0.4,0.39,0.395,534718
MRL,20180212,0.88,0.885,0.82,0.88,20885
MRM,20180212,0.245,0.255,0.245,0.25,412759
MRP,20180212,0.115,0.115,0.115,0.115,27428
MRQ,20180212,0.007,0.007,0.007,0.007,195219
MRR,20180212,0.09,0.09,0.088,0.088,109385
MRV,20180212,0.011,0.011,0.011,0.011,25043
MSB,20180212,1.3,1.31,1.235,1.24,1287081
MSE,20180212,0.027,0.027,0.026,0.026,325500
MSP,20180212,0.017,0.017,0.016,0.017,351553
MSR,20180212,0.005,0.005,0.005,0.005,12837741
MSV,20180212,0.041,0.043,0.04,0.041,7614727
MTC,20180212,0.16,0.16,0.145,0.15,307240
MTH,20180212,0.041,0.045,0.041,0.044,271743
MTO,20180212,4.09,4.09,4.02,4.08,292478
MTR,20180212,3.88,3.89,3.88,3.88,591598
MTS,20180212,3.07,3.14,3.05,3.11,2599939
MUA,20180212,0.53,0.53,0.43,0.48,1840379
MUS,20180212,0.023,0.024,0.023,0.024,1504472
MVA,20180212,18.88,18.88,18.82,18.88,5113
MVB,20180212,26.54,26.59,26.52,26.59,3329
MVE,20180212,26.16,26.19,26.16,26.19,269
MVF,20180212,1.28,1.3,1.28,1.28,421457
MVP,20180212,7.5,7.89,7.38,7.72,63227
MVR,20180212,23.8,23.85,23.56,23.85,7255
MVS,20180212,18.6,18.7,18.6,18.7,800
MVT,20180212,0.17,0.17,0.17,0.17,10000
MVW,20180212,26.6,26.69,26.5,26.65,25042
MWR,20180212,0.725,0.91,0.725,0.91,173610
MWY,20180212,2.47,2.51,2.45,2.45,75218
MX1,20180212,0.39,0.39,0.39,0.39,54000
MXC,20180212,0.1,0.11,0.1,0.105,5109093
MXI,20180212,0.735,0.765,0.735,0.735,91177
MXR,20180212,0.001,0.001,0.001,0.001,281890
MXT,20180212,2.08,2.11,2.06,2.06,555097
MYE,20180212,0.77,0.825,0.77,0.77,83868
MYL,20180212,0.062,0.065,0.06,0.06,1696053
MYO,20180212,3.16,3.175,3.12,3.13,1256838
MYQ,20180212,1.05,1.05,1,1.03,62309
MYR,20180212,0.57,0.572,0.54,0.55,9140267
MYS,20180212,5.03,5.03,4.98,4.98,35490
MYX,20180212,0.635,0.665,0.63,0.655,5658915
MZN,20180212,0.011,0.011,0.01,0.011,2584116
N27,20180212,0.42,0.425,0.41,0.425,211177
NAB,20180212,28.93,29,28.62,28.68,5265435
NAC,20180212,1.015,1.015,1,1,13964
NAE,20180212,0.009,0.009,0.008,0.009,576686
NAG,20180212,0.088,0.088,0.088,0.088,123636
NAM,20180212,0.52,0.52,0.52,0.52,20000
NAN,20180212,2.67,2.7,2.66,2.67,526101
NC6,20180212,0.14,0.165,0.14,0.165,355228
NCC,20180212,1.445,1.445,1.4,1.4,12242
NCK,20180212,7.09,7.1,6.95,6.95,30157
NCM,20180212,22,22.06,21.63,21.94,1735006
NCZ,20180212,1.19,1.19,1.115,1.13,1540831
NDQ,20180212,14.25,14.29,14.24,14.26,140232
NEA,20180212,0.75,0.795,0.75,0.79,2417279
NEC,20180212,1.59,1.607,1.57,1.585,2528135
NES,20180212,0.19,0.195,0.19,0.195,125201
NET,20180212,0.025,0.025,0.024,0.024,865093
NEU,20180212,3,3,2.92,2.97,75257
NEW,20180212,1.46,1.46,1.44,1.44,45770
NGI,20180212,3.6,3.63,3.45,3.47,171089
NHC,20180212,2.39,2.43,2.38,2.4,179793
NHF,20180212,6.09,6.17,6.06,6.15,856915
NHL,20180212,0.044,0.044,0.042,0.042,500000
NIU,20180212,0.002,0.002,0.002,0.002,13748587
NKP,20180212,0.038,0.038,0.033,0.033,635516
NLI,20180212,0.053,0.053,0.05,0.051,485737
NML,20180212,0.091,0.091,0.086,0.086,798173
NMS,20180212,0.72,0.72,0.72,0.72,734
NMT,20180212,0.385,0.385,0.37,0.375,723196
NNW,20180212,0.105,0.105,0.1,0.1,51195
NOR,20180212,0.016,0.017,0.016,0.017,958911
NOV,20180212,0.35,0.355,0.32,0.32,53152
NOX,20180212,1.09,1.145,1.09,1.12,135142
NSC,20180212,0.9,0.905,0.9,0.9,118886
NSE,20180212,0.006,0.006,0.006,0.006,3136946
NSL,20180212,0.019,0.02,0.019,0.02,12656711
NSR,20180212,1.465,1.48,1.462,1.465,1916659
NST,20180212,5.76,5.83,5.68,5.78,3059468
NTC,20180212,1.085,1.1,1.08,1.08,93792
NTD,20180212,1.29,1.32,1.28,1.32,66299
NTI,20180212,0.16,0.16,0.16,0.16,319500
NTM,20180212,0.054,0.054,0.05,0.05,1626224
NTU,20180212,0.089,0.091,0.088,0.088,2323368
NUF,20180212,7.85,7.94,7.74,7.86,789987
NUH,20180212,0.059,0.06,0.057,0.057,2909015
NVA,20180212,0.04,0.04,0.035,0.035,1664710
NVL,20180212,2.85,2.88,2.85,2.88,55999
NVO,20180212,0.023,0.023,0.022,0.022,241385
NVT,20180212,4.79,4.84,4.73,4.78,610759
NVX,20180212,0.79,0.827,0.78,0.78,57364
NWE,20180212,0.004,0.004,0.003,0.003,1073989
NWH,20180212,1.355,1.37,1.35,1.35,957663
NWL,20180212,5.88,5.94,5.81,5.9,124799
NWS,20180212,20.67,21.55,20.55,20.72,367850
NXT,20180212,5.85,6.05,5.82,6,2145724
NZC,20180212,0.305,0.305,0.28,0.3,504573
NZM,20180212,0.73,0.74,0.73,0.73,40562
OBJ,20180212,0.035,0.035,0.032,0.033,702467
OCC,20180212,0.35,0.35,0.335,0.34,131264
OCL,20180212,3,3,3,3,2925
OCP,20180212,2.35,2.35,2.35,2.35,9
ODM,20180212,0.29,0.29,0.25,0.265,79662
OEC,20180212,0.38,0.38,0.38,0.38,5907
OEL,20180212,0.057,0.057,0.054,0.055,2338583
OEX,20180212,0.004,0.004,0.004,0.004,50000
OFX,20180212,1.415,1.45,1.405,1.45,719828
OGA,20180212,0.19,0.19,0.185,0.185,48045
OGC,20180212,3.14,3.14,3.09,3.11,575670
OGX,20180212,0.082,0.082,0.076,0.081,9020657
OIL,20180212,0.089,0.089,0.085,0.085,176036
OKR,20180212,0.415,0.425,0.415,0.415,72561
OKU,20180212,0.4,0.4,0.4,0.4,18000
OLI,20180212,0.22,0.22,0.215,0.22,239286
OMH,20180212,1.11,1.15,1.06,1.14,372419
OML,20180212,4.3,4.34,4.235,4.31,330348
ONE,20180212,1.985,2,1.985,2,7638
ONT,20180212,6.6,6.6,6.52,6.52,3021
OOK,20180212,0.059,0.06,0.055,0.055,2640228
OOO,20180212,16.41,16.6,16.41,16.54,9995
OPG,20180212,0.455,0.455,0.45,0.45,10404
OPN,20180212,0.09,0.091,0.086,0.09,51613
OPT,20180212,0.55,0.55,0.53,0.53,8753
ORA,20180212,3.2,3.24,3.19,3.21,4006336
ORE,20180212,6.37,6.54,6.35,6.36,2129323
ORG,20180212,8.28,8.48,8.27,8.43,3976010
ORI,20180212,18.28,18.39,18.16,18.31,644406
ORN,20180212,0.046,0.046,0.045,0.045,1721823
ORR,20180212,0.22,0.22,0.21,0.21,322986
OSH,20180212,7.27,7.415,7.21,7.38,3264571
OSL,20180212,0.135,0.14,0.125,0.13,1626851
OSP,20180212,0.3,0.3,0.285,0.285,221751
OVH,20180212,0.715,0.75,0.7,0.7,615519
OVL,20180212,0.009,0.009,0.008,0.009,751111
OZF,20180212,19.87,19.87,19.87,19.87,542
OZG,20180212,0.17,0.17,0.17,0.17,94144
OZL,20180212,8.7,8.74,8.53,8.61,2156596
OZR,20180212,9.78,9.88,9.78,9.88,2397
P2P,20180212,1.35,1.35,1.35,1.35,10740
PAA,20180212,0.056,0.057,0.056,0.057,209914
PAB,20180212,0.024,0.024,0.024,0.024,472158
PAC,20180212,6.94,7.04,6.78,6.84,52824
PAF,20180212,1.28,1.29,1.24,1.245,177491
PAI,20180212,1.275,1.29,1.242,1.255,329907
PAK,20180212,0.029,0.03,0.028,0.029,287100
PAN,20180212,0.415,0.415,0.39,0.395,338377
PAR,20180212,0.29,0.29,0.285,0.285,7000
PBP,20180212,0.87,0.87,0.86,0.86,67000
PBT,20180212,0.055,0.057,0.054,0.054,76148
PBX,20180212,0.056,0.057,0.054,0.054,569063
PCG,20180212,3.71,3.72,3.6,3.61,18981
PCK,20180212,0.051,0.051,0.05,0.05,422709
PCL,20180212,0.007,0.007,0.006,0.006,4894318
PDI,20180212,0.035,0.035,0.035,0.035,250850
PDZ,20180212,0.59,0.6,0.58,0.59,32889
PEA,20180212,0.53,0.53,0.52,0.52,51140
PEK,20180212,0.044,0.048,0.043,0.048,671740
PEN,20180212,0.357,0.357,0.34,0.34,164751
PFG,20180212,0.15,0.15,0.15,0.15,183300
PFP,20180212,3.18,3.29,3.17,3.29,49864
PGC,20180212,0.705,0.73,0.69,0.725,1751354
PGF,20180212,1.205,1.205,1.18,1.18,606460
PGH,20180212,4.93,4.96,4.905,4.94,758371
PGM,20180212,0.125,0.125,0.115,0.115,259636
PGO,20180212,0.04,0.042,0.038,0.038,1124209
PHK,20180212,0.25,0.25,0.235,0.245,915692
PIA,20180212,1.175,1.185,1.155,1.17,388235
PIC,20180212,1.09,1.095,1.08,1.09,542794
PIL,20180212,0.023,0.025,0.023,0.023,712720
PIO,20180212,0.028,0.028,0.027,0.027,375916
PIQ,20180212,0.265,0.27,0.265,0.27,58000
PKD,20180212,0.23,0.23,0.22,0.225,121582
PL8,20180212,1.095,1.1,1.075,1.09,104176
PLG,20180212,0.93,0.94,0.927,0.93,309210
PLH,20180212,0.125,0.13,0.125,0.13,123784
PLL,20180212,0.165,0.17,0.165,0.165,180992
PLS,20180212,0.835,0.835,0.79,0.795,19154305
PLX,20180212,1.165,1.2,1.16,1.2,10861
PM1,20180212,0.017,0.018,0.016,0.017,333813
PMC,20180212,2.03,2.07,2.03,2.07,247806
PME,20180212,8.01,8.02,7.76,7.96,57931
PMP,20180212,0.46,0.465,0.45,0.45,55479
PMV,20180212,13.63,13.7,13.52,13.6,251313
PMY,20180212,0.007,0.007,0.006,0.006,4770985
PNC,20180212,2.92,2.92,2.83,2.83,79207
PNI,20180212,4.3,4.39,4.3,4.33,133819
PNL,20180212,0.38,0.39,0.375,0.38,91497
PNN,20180212,0.037,0.038,0.036,0.036,946365
PNR,20180212,0.26,0.28,0.26,0.28,2118427
PNV,20180212,0.52,0.535,0.515,0.515,596923
PNW,20180212,0.425,0.425,0.425,0.425,1250
PNX,20180212,0.014,0.014,0.013,0.013,1083534
POH,20180212,0.017,0.018,0.016,0.018,1671210
POS,20180212,0.042,0.043,0.041,0.041,4687386
POU,20180212,17.5,17.5,17.44,17.44,3000
POW,20180212,0.033,0.044,0.033,0.04,35473100
POZ,20180212,0.073,0.08,0.073,0.079,631435
PPC,20180212,1.305,1.33,1.295,1.315,208630
PPE,20180212,1.38,1.4,1.36,1.36,47634
PPG,20180212,0.42,0.42,0.42,0.42,50000
PPH,20180212,3.61,3.64,3.55,3.63,58988
PPL,20180212,0.11,0.12,0.11,0.11,696848
PPS,20180212,0.695,0.725,0.615,0.645,3731384
PPT,20180212,50.01,50.65,49.75,50.31,184367
PRL,20180212,0.006,0.007,0.006,0.006,5061957
PRO,20180212,0.66,0.66,0.63,0.63,65108
PRT,20180212,0.32,0.32,0.31,0.31,111983
PRU,20180212,0.405,0.415,0.395,0.4,4927581
PRY,20180212,3.57,3.59,3.49,3.52,1339213
PSA,20180212,0.105,0.105,0.105,0.105,7429
PSC,20180212,0.05,0.05,0.044,0.049,15618308
PSI,20180212,2.86,2.86,2.85,2.86,4745
PSQ,20180212,1.6,1.6,1.6,1.6,1500
PSY,20180212,0.11,0.115,0.11,0.11,126448
PSZ,20180212,0.18,0.18,0.17,0.17,50118
PTB,20180212,0.67,0.705,0.67,0.705,24934
PTL,20180212,0.47,0.47,0.46,0.46,94791
PTM,20180212,7.55,7.56,7.4,7.45,1135266
PTX,20180212,0.06,0.06,0.06,0.06,15316
PVA,20180212,1.325,1.325,1.3,1.3,9559
PVE,20180212,0.039,0.039,0.039,0.039,8200
PVL,20180212,0.23,0.23,0.225,0.23,45804
PWH,20180212,2.37,2.37,2.32,2.34,83730
PWN,20180212,0.01,0.01,0.01,0.01,921257
PXS,20180212,0.265,0.265,0.26,0.26,60852
PXX,20180212,0.12,0.12,0.12,0.12,20481
PYC,20180212,0.032,0.032,0.032,0.032,556314
QAG,20180212,6.55,6.57,6.55,6.57,5371
QAN,20180212,5.08,5.145,5,5.13,6859936
QAU,20180212,13.68,13.78,13.6,13.72,4096
QBE,20180212,10.37,10.4,10.28,10.33,2957365
QBL,20180212,0.049,0.05,0.048,0.049,4830292
QCB,20180212,8.95,8.95,8.95,8.95,1430
QFY,20180212,0.045,0.049,0.045,0.049,220114
QHL,20180212,0.078,0.078,0.078,0.078,108320
QIP,20180212,1.435,1.455,1.43,1.435,22569
QMIX,20180212,17.45,17.45,17.45,17.45,540
QMS,20180212,1.02,1.06,1.015,1.04,923494
QOZ,20180212,13,13.06,12.99,13.06,22919
QRE,20180212,5.41,5.47,5.41,5.47,7002
QUAL,20180212,21.76,21.82,21.74,21.77,23174
QUB,20180212,2.46,2.48,2.43,2.45,2191078
QUE,20180212,0.074,0.074,0.072,0.072,1676068
QUS,20180212,31.57,31.57,31.5,31.5,37
QVE,20180212,1.205,1.235,1.175,1.235,150053
RAC,20180212,0.44,0.44,0.44,0.44,750
RAN,20180212,0.062,0.062,0.062,0.062,16129
RAP,20180212,0.079,0.08,0.078,0.079,651987
RARI,20180212,23.74,23.83,23.74,23.83,2654
RBL,20180212,1.755,1.78,1.75,1.765,687468
RBO,20180212,0.038,0.038,0.036,0.036,152806
RCB,20180212,20.2,20.2,20.09,20.09,13890
RCE,20180212,0.17,0.17,0.17,0.17,57326
RCL,20180212,0.315,0.345,0.315,0.345,433363
RCR,20180212,3.62,3.64,3.55,3.6,535782
RCT,20180212,3.03,3.03,3.03,3.03,2725
RCW,20180212,0.405,0.41,0.395,0.41,289077
RD1,20180212,0.105,0.105,0.105,0.105,150000
RDF,20180212,0.57,0.58,0.57,0.58,74918
RDG,20180212,0.02,0.02,0.019,0.019,57028
RDH,20180212,2.4,2.4,2.38,2.38,5393
RDM,20180212,0.14,0.14,0.135,0.135,56839
RDS,20180212,0.012,0.012,0.012,0.012,1150317
RDV,20180212,29.41,29.41,29.19,29.26,7295
REA,20180212,74.42,75.98,73.52,74.92,365685
RED,20180212,0.074,0.074,0.066,0.068,2238415
REG,20180212,3.8,3.82,3.74,3.75,227664
REH,20180212,9.65,9.7,9.65,9.7,32178
RES,20180212,0.058,0.058,0.056,0.057,291700
REX,20180212,1.55,1.56,1.55,1.56,17833
REZ,20180212,0.1,0.1,0.1,0.1,24923
RFF,20180212,2.06,2.06,2.03,2.05,165495
RFG,20180212,1.88,1.9,1.845,1.865,515356
RFN,20180212,0.025,0.025,0.023,0.023,3482803
RFT,20180212,0.023,0.025,0.023,0.023,807341
RFX,20180212,0.16,0.17,0.16,0.165,379484
RGB,20180212,20.62,20.62,20.62,20.62,30
RGI,20180212,0.5,0.5,0.48,0.48,36970
RGS,20180212,0.115,0.125,0.115,0.125,141401
RHC,20180212,66.01,66.67,65.69,65.79,390484
RHL,20180212,3.08,3.12,3.08,3.08,34679
RHP,20180212,0.91,0.92,0.89,0.89,1279094
RHS,20180212,0.13,0.13,0.13,0.13,80000
RHT,20180212,0.023,0.023,0.023,0.023,54693
RHY,20180212,0.2,0.2,0.18,0.19,113723
RIC,20180212,1.36,1.37,1.335,1.34,54322
RIE,20180212,0.079,0.08,0.079,0.08,86361
RIM,20180212,0.026,0.028,0.026,0.028,836932
RIO,20180212,77.3,78.8,76.75,78,1872387
RIR,20180212,0.006,0.007,0.006,0.007,108805
RKN,20180212,1.47,1.495,1.47,1.49,105352
RLC,20180212,0.042,0.044,0.042,0.042,932495
RLE,20180212,0.075,0.075,0.075,0.075,41244
RMD,20180212,11.6,11.67,11.53,11.61,1587291
RMI,20180212,0.021,0.021,0.021,0.021,819
RMS,20180212,0.435,0.44,0.43,0.43,1174654
RMX,20180212,0.011,0.011,0.01,0.011,5570852
RNE,20180212,0.016,0.017,0.016,0.016,793321
RNO,20180212,0.12,0.12,0.115,0.115,131146
RNT,20180212,0.065,0.065,0.065,0.065,9073
RNU,20180212,0.036,0.036,0.034,0.034,1624912
ROO,20180212,0.38,0.38,0.345,0.345,210146
RRL,20180212,3.99,4,3.81,3.89,4779609
RSG,20180212,1.09,1.095,1.065,1.08,3638294
RSH,20180212,0.071,0.073,0.07,0.072,1106568
RTG,20180212,0.16,0.16,0.15,0.15,223482
RTR,20180212,0.048,0.049,0.048,0.049,105332
RUL,20180212,0.685,0.692,0.67,0.67,34328
RVA,20180212,0.48,0.48,0.48,0.48,10000
RVL,20180212,28.98,28.98,28.98,28.98,347
RVR,20180212,0.365,0.365,0.35,0.36,1881052
RVY,20180212,0.021,0.022,0.021,0.022,190312
RWC,20180212,4.06,4.08,3.995,4.02,1337060
RWD,20180212,0.21,0.21,0.2,0.2,100000
RXL,20180212,0.015,0.015,0.015,0.015,1576425
RXM,20180212,0.215,0.22,0.21,0.21,564941
RXP,20180212,0.63,0.63,0.62,0.625,264171
S2R,20180212,0.16,0.17,0.16,0.17,51364
S32,20180212,3.64,3.81,3.64,3.76,18022123
S3R,20180212,0.009,0.009,0.008,0.009,3277816
SAN,20180212,0.006,0.006,0.006,0.006,56666
SAR,20180212,1.415,1.425,1.385,1.405,3318929
SAS,20180212,0.155,0.16,0.15,0.16,557418
SAU,20180212,0.255,0.255,0.235,0.245,182392
SBM,20180212,3.63,3.71,3.58,3.66,4262737
SBR,20180212,0.018,0.018,0.018,0.018,200000
SCG,20180212,3.92,3.93,3.89,3.91,9064249
SCI,20180212,0.05,0.05,0.046,0.046,1465782
SCL,20180212,0.027,0.027,0.027,0.027,47070
SCO,20180212,2.94,2.94,2.85,2.85,261136
SCP,20180212,2.21,2.23,2.2,2.22,2238967
SCT,20180212,0.2,0.21,0.2,0.2,175000
SCU,20180212,0.039,0.039,0.037,0.037,1223524
SDA,20180212,5.39,5.39,5.285,5.31,679783
SDF,20180212,2.6,2.6,2.56,2.58,1042145
SDG,20180212,1.74,1.75,1.74,1.74,13068
SDI,20180212,0.585,0.585,0.57,0.57,76435
SDL,20180212,0.008,0.008,0.007,0.007,27029238
SE1,20180212,0.26,0.26,0.26,0.26,146546
SEA,20180212,0.077,0.078,0.068,0.074,10539422
SEC,20180212,2.03,2.03,2.03,2.03,138334
SEH,20180212,0.17,0.175,0.16,0.17,1999060
SEI,20180212,0.026,0.029,0.026,0.026,590000
SEK,20180212,19.56,19.69,19.33,19.54,789799
SEN,20180212,0.115,0.12,0.115,0.115,535266
SEQ,20180212,0.305,0.315,0.305,0.315,14053
SER,20180212,0.006,0.006,0.006,0.006,163249
SFC,20180212,11.05,11.29,11.05,11.29,1420
SFG,20180212,0.064,0.065,0.064,0.065,237011
SFH,20180212,0.29,0.32,0.27,0.28,538099
SFI,20180212,0.066,0.068,0.065,0.065,648071
SFM,20180212,0.125,0.125,0.12,0.12,90684
SFR,20180212,6.85,6.93,6.76,6.85,595680
SFX,20180212,0.66,0.685,0.655,0.675,147929
SFY,20180212,53.56,53.58,53.21,53.43,12137
SGC,20180212,0.08,0.082,0.08,0.08,162708
SGF,20180212,4.12,4.29,4.12,4.25,77193
SGH,20180212,2.7,2.7,2.66,2.66,3232
SGM,20180212,16.28,16.68,16.07,16.45,898081
SGP,20180212,3.97,3.98,3.93,3.95,5874530
SGQ,20180212,0.22,0.22,0.21,0.21,308243
SGR,20180212,6.1,6.155,6.07,6.13,1830963
SHJ,20180212,0.64,0.66,0.62,0.66,115341
SHL,20180212,24.2,24.48,24.17,24.36,968326
SHM,20180212,1.495,1.51,1.485,1.49,165006
SHO,20180212,0.175,0.185,0.16,0.17,690207
SHV,20180212,4.72,4.86,4.67,4.83,95114
SI6,20180212,0.012,0.013,0.012,0.012,774615
SIG,20180212,0.845,0.855,0.827,0.84,1560848
SIO,20180212,0.33,0.33,0.33,0.33,122366
SIQ,20180212,10.08,10.21,10.05,10.2,203726
SIT,20180212,0.044,0.044,0.044,0.044,30000
SIV,20180212,6.85,7,6.85,6.85,19951
SKC,20180212,3.77,3.8,3.745,3.76,1066144
SKF,20180212,0.18,0.18,0.165,0.18,145627
SKI,20180212,2.25,2.26,2.19,2.2,4800072
SKN,20180212,0.12,0.125,0.12,0.125,7000
SKT,20180212,2.64,2.65,2.59,2.65,8426
SL1,20180212,0.051,0.051,0.051,0.051,624891
SLC,20180212,2.23,2.26,2.17,2.19,241603
SLF,20180212,12.05,12.09,12.02,12.06,18840
SLK,20180212,3.97,4.06,3.93,3.98,13306
SLM,20180212,0.54,0.55,0.54,0.55,1214
SLR,20180212,0.38,0.38,0.37,0.38,1031316
SLX,20180212,0.37,0.37,0.35,0.35,55861
SM1,20180212,6.08,6.19,6.06,6.09,70989
SM8,20180212,0.042,0.045,0.041,0.045,113570
SMA,20180212,0.004,0.004,0.004,0.004,142500
SMI,20180212,0.018,0.018,0.018,0.018,22587
SMN,20180212,1.055,1.085,1.05,1.07,110009
SMP,20180212,0.15,0.15,0.15,0.15,26470
SMR,20180212,0.65,0.66,0.64,0.64,117939
SNC,20180212,0.985,0.985,0.985,0.985,75000
SND,20180212,0.605,0.605,0.605,0.605,20802
SNL,20180212,3.31,3.31,3.31,3.31,4511
SNS,20180212,0.215,0.215,0.205,0.21,204459
SNZ,20180212,4.96,4.97,4.96,4.97,153
SO4,20180212,0.43,0.44,0.425,0.44,78797
SOL,20180212,16.72,16.75,16.38,16.59,197511
SOM,20180212,3.01,3.08,3,3,16354
SOR,20180212,0.061,0.061,0.061,0.061,58724
SP3,20180212,0.33,0.34,0.325,0.34,87000
SPI,20180212,0.11,0.11,0.11,0.11,260885
SPK,20180212,3.2,3.21,3.17,3.19,839293
SPL,20180212,1.385,1.39,1.325,1.34,758346
SPO,20180212,1.135,1.16,1.135,1.16,47376
SPQ,20180212,0.01,0.011,0.01,0.011,1692929
SPX,20180212,0.011,0.011,0.011,0.011,325225
SPY,20180212,336,336.03,336,336.03,255
SPZ,20180212,0.24,0.245,0.22,0.23,354096
SRG,20180212,1.77,1.795,1.745,1.785,32906
SRK,20180212,0.07,0.07,0.07,0.07,85000
SRO,20180212,0.005,0.005,0.005,0.005,1076200
SRS,20180212,0.035,0.035,0.033,0.033,205160
SRV,20180212,5.45,5.49,5.41,5.41,14761
SRX,20180212,27.4,27.68,27.35,27.41,533091
SRZ,20180212,0.018,0.018,0.018,0.018,10400
SSG,20180212,0.49,0.49,0.48,0.48,134823
SSM,20180212,1.275,1.28,1.19,1.21,427661
ST1,20180212,0.215,0.215,0.205,0.205,354747
STA,20180212,0.14,0.14,0.14,0.14,164442
STM,20180212,0.029,0.029,0.028,0.028,306186
STO,20180212,4.8,4.86,4.735,4.82,5688706
STW,20180212,54.31,54.48,54.07,54.33,153994
STX,20180212,0.073,0.075,0.07,0.07,1103586
SUD,20180212,0.014,0.014,0.013,0.014,192190
SUL,20180212,8.26,8.27,8.12,8.22,631049
SUM,20180212,0.019,0.019,0.018,0.019,220000
SUN,20180212,13.14,13.17,13.02,13.12,2018390
SUR,20180212,0.005,0.006,0.005,0.006,293719
SVA,20180212,0.019,0.02,0.019,0.02,107857
SVH,20180212,0.1,0.105,0.096,0.096,291219
SVL,20180212,0.078,0.08,0.074,0.075,2295791
SVM,20180212,0.13,0.13,0.115,0.12,626835
SVT,20180212,0.016,0.016,0.014,0.016,1110550
SVW,20180212,15.64,15.79,15.54,15.72,286188
SVY,20180212,0.37,0.37,0.355,0.355,574536
SW1,20180212,0.44,0.44,0.425,0.425,75212
SWF,20180212,0.165,0.17,0.165,0.17,178363
SWJ,20180212,0.015,0.015,0.014,0.014,2855668
SWK,20180212,0.23,0.23,0.225,0.23,149139
SWM,20180212,0.52,0.525,0.49,0.495,2535483
SXA,20180212,0.029,0.029,0.026,0.028,500000
SXE,20180212,0.74,0.74,0.73,0.73,123226
SXL,20180212,1.1,1.1,1.085,1.09,1479530
SXY,20180212,0.37,0.37,0.355,0.36,10327921
SYA,20180212,0.066,0.067,0.064,0.064,25656698
SYD,20180212,6.5,6.51,6.42,6.42,4266937
SYI,20180212,28.26,28.31,28.19,28.31,4595
SYR,20180212,3.21,3.255,3.13,3.15,7910852
SYS,20180212,0.002,0.002,0.002,0.002,1099999
SYT,20180212,0.014,0.014,0.013,0.014,2694094
T3D,20180212,0.005,0.005,0.005,0.005,100000
TAH,20180212,4.54,4.58,4.44,4.52,17240827
TAP,20180212,0.056,0.057,0.055,0.055,481138
TAR,20180212,0.09,0.09,0.084,0.09,717568
TAS,20180212,0.095,0.1,0.092,0.094,1026175
TAW,20180212,0.44,0.445,0.42,0.425,1516265
TB8,20180212,0.125,0.13,0.12,0.12,139598
TBH,20180212,0.305,0.305,0.295,0.295,182087
TCL,20180212,11.43,11.44,11.29,11.35,4306006
TCN,20180212,0.041,0.041,0.038,0.038,198924
TEG,20180212,0.097,0.097,0.092,0.097,288820
TEK,20180212,0.28,0.285,0.28,0.285,34064
TER,20180212,0.2,0.2,0.19,0.19,151901
TFL,20180212,0.17,0.17,0.17,0.17,15152
TGA,20180212,0.85,0.855,0.82,0.83,269054
TGG,20180212,1.41,1.42,1.41,1.41,132507
TGH,20180212,0.98,0.98,0.97,0.97,110431
TGN,20180212,0.2,0.2,0.19,0.19,145800
TGP,20180212,0.985,0.985,0.985,0.985,25252
TGR,20180212,3.5,3.505,3.46,3.49,629528
THC,20180212,0.74,0.74,0.705,0.71,498513
THD,20180212,0.009,0.009,0.009,0.009,1042160
THR,20180212,0.07,0.07,0.068,0.068,131635
THX,20180212,0.024,0.024,0.023,0.023,1185711
TIE,20180212,0.2,0.2,0.2,0.2,19991
TIG,20180212,0.044,0.044,0.044,0.044,173351
TIL,20180212,2.57,2.57,2.57,2.57,500
TKF,20180212,0.015,0.015,0.015,0.015,92750
TKL,20180212,0.059,0.061,0.058,0.06,376880
TKM,20180212,0.028,0.028,0.027,0.028,409762
TLG,20180212,0.705,0.715,0.69,0.695,362881
TLM,20180212,0.225,0.23,0.225,0.23,161216
TLS,20180212,3.5,3.5,3.43,3.45,33147578
TLX,20180212,0.53,0.53,0.5,0.5,84000
TME,20180212,4.07,4.11,4.06,4.1,1729609
TMP,20180212,0.175,0.175,0.165,0.17,95636
TMT,20180212,0.26,0.265,0.255,0.265,155134
TNE,20180212,4.73,4.785,4.7,4.76,864680
TNG,20180212,0.145,0.145,0.145,0.145,57691
TNK,20180212,2.02,2.02,2,2,85394
TNO,20180212,0.28,0.28,0.28,0.28,112717
TNR,20180212,0.092,0.092,0.087,0.089,729569
TNT,20180212,0.07,0.074,0.07,0.074,44254
TOE,20180212,0.032,0.033,0.032,0.032,1187130
TOM,20180212,0.018,0.018,0.016,0.016,307000
TON,20180212,0.087,0.088,0.085,0.085,2051028
TOP,20180212,0.695,0.7,0.67,0.7,197610
TOT,20180212,1.18,1.18,1.18,1.18,16695
TOU,20180212,0.25,0.26,0.25,0.255,177795
TOX,20180212,3.4,3.42,3.4,3.4,454548
TPE,20180212,2.05,2.05,2.04,2.04,10354
TPM,20180212,6.03,6.16,5.96,5.97,2076378
TPP,20180212,0.215,0.215,0.215,0.215,34394
TPS,20180212,0.16,0.16,0.16,0.16,3242
TPW,20180212,0.455,0.455,0.45,0.45,33000
TRL,20180212,0.012,0.014,0.012,0.013,1065008
TRS,20180212,6.11,6.34,6.05,6.15,80840
TRT,20180212,0.145,0.145,0.13,0.13,34744
TRY,20180212,0.105,0.105,0.1,0.105,114152
TSN,20180212,0.012,0.012,0.012,0.012,100000
TTC,20180212,0.093,0.098,0.093,0.098,54000
TTL,20180212,0.035,0.035,0.03,0.03,2096808
TTM,20180212,0.031,0.031,0.031,0.031,291429
TTT,20180212,1.48,1.56,1.4,1.43,403675
TTW,20180212,0.026,0.026,0.026,0.026,105000
TV2,20180212,0.012,0.013,0.011,0.012,31053517
TWD,20180212,4.02,4.05,4.02,4.05,9910
TWE,20180212,17.21,17.45,17.07,17.42,2605811
TWR,20180212,0.6,0.61,0.6,0.6,6076
TYX,20180212,0.021,0.021,0.02,0.02,681161
TZL,20180212,0.18,0.18,0.18,0.18,1700
TZN,20180212,0.145,0.15,0.145,0.15,24666
UBA,20180212,19.49,19.49,19.49,19.49,26
UBE,20180212,21.17,21.17,21.17,21.17,41
UBI,20180212,0.295,0.295,0.28,0.28,112000
UBJ,20180212,23.13,23.2,23.13,23.2,80
UBP,20180212,24.89,24.93,24.89,24.93,546
UBW,20180212,23.69,23.7,23.65,23.65,899
UCM,20180212,0.25,0.275,0.25,0.27,874836
UMAX,20180212,17.44,17.48,17.4,17.4,11455
UNV,20180212,0.21,0.21,0.21,0.21,14531
UPD,20180212,0.935,0.955,0.92,0.92,535593
URB,20180212,0.995,1.01,0.995,1.01,25126
URF,20180212,1.7,1.7,1.68,1.68,17417
USA,20180212,0.009,0.009,0.009,0.009,305555
USD,20180212,12.46,12.46,12.42,12.43,101834
UTR,20180212,0.035,0.035,0.033,0.033,3558659
UUV,20180212,0.069,0.07,0.06,0.06,100000
VAE,20180212,64.42,65.16,64.02,64.51,10537
VAF,20180212,48.36,48.36,48.25,48.27,24439
VAH,20180212,0.245,0.245,0.24,0.24,414732
VAL,20180212,0.017,0.017,0.017,0.017,280517
VAN,20180212,0.052,0.052,0.052,0.052,12250
VAP,20180212,77,77,76.5,77,18939
VAS,20180212,74.2,74.36,73.75,74.16,55883
VBS,20180212,1.1,1.1,1.1,1.1,10000
VCF,20180212,47.94,47.94,47.6,47.75,4037
VCX,20180212,2.59,2.6,2.56,2.57,9867744
VEC,20180212,0.026,0.028,0.026,0.027,5265415
VEQ,20180212,54.32,54.32,53.43,53.43,10707
VEU,20180212,68.73,68.91,68.7,68.9,30328
VG1,20180212,2.08,2.1,2.08,2.08,223935
VGAD,20180212,62.85,63.14,62.81,63.06,12597
VGB,20180212,48.68,48.68,48.53,48.6,1983
VGE,20180212,65.5,65.99,65.5,65.79,6392
VGL,20180212,2.51,2.52,2.51,2.51,808
VGS,20180212,64.37,64.56,64.27,64.38,49930
VHT,20180212,0.79,0.79,0.775,0.775,6549
VHY,20180212,58.5,58.58,58.08,58.29,49386
VIC,20180212,0.017,0.019,0.016,0.019,27081571
VIF,20180212,47.51,47.67,47.51,47.66,10059
VIV,20180212,0.059,0.062,0.057,0.057,849648
VKA,20180212,0.038,0.04,0.038,0.039,1372474
VLA,20180212,0.67,0.67,0.64,0.66,309709
VLC,20180212,59.5,59.5,59.5,59.5,100
VLW,20180212,2.58,2.6,2.58,2.59,210285
VMC,20180212,0.105,0.105,0.105,0.105,119000
VMG,20180212,0.001,0.001,0.001,0.001,1000000
VML,20180212,0.009,0.009,0.008,0.009,1977227
VMS,20180212,0.033,0.033,0.032,0.032,490508
VMT,20180212,0.055,0.055,0.055,0.055,100000
VMX,20180212,0.29,0.3,0.287,0.3,390836
VMY,20180212,0.145,0.15,0.145,0.145,74650
VOC,20180212,2.99,3.01,2.91,2.91,2103334
VPC,20180212,0.008,0.008,0.007,0.008,15259493
VRC,20180212,0.032,0.032,0.03,0.031,801737
VRL,20180212,3.18,3.2,3.11,3.11,38968
VRM,20180212,0.03,0.031,0.028,0.028,608500
VRS,20180212,0.17,0.17,0.165,0.165,79887
VRT,20180212,5.15,5.15,5.11,5.12,82219
VSO,20180212,52.72,53,52.38,52.38,15261
VTG,20180212,1.745,1.752,1.7,1.715,335550
VTS,20180212,172.3,172.95,172.05,172.39,20858
VVR,20180212,1.965,1.97,1.95,1.965,1070076
VXR,20180212,0.015,0.015,0.014,0.015,3490745
WAA,20180212,1.12,1.15,1.12,1.12,22434
WAF,20180212,0.42,0.42,0.41,0.41,77493
WAM,20180212,2.38,2.42,2.38,2.42,1004680
WAX,20180212,1.47,1.475,1.455,1.475,79510
WBA,20180212,1.37,1.42,1.362,1.42,601789
WBC,20180212,30.21,30.3,29.99,30.14,4453579
WBT,20180212,0.067,0.067,0.062,0.064,3464333
WCN,20180212,0.004,0.004,0.004,0.004,525000
WDE,20180212,0.89,0.905,0.885,0.885,65194
WDIV,20180212,18.49,18.55,18.46,18.48,9114
WEB,20180212,9.7,9.735,9.42,9.46,684291
WEL,20180212,0.064,0.064,0.062,0.062,113190
WEMG,20180212,21.38,21.38,21.37,21.37,4233
WES,20180212,40.6,40.76,40.31,40.61,1384627
WFD,20180212,8.71,8.8,8.7,8.74,3677057
WFE,20180212,0.006,0.006,0.006,0.006,1540490
WGF,20180212,0.875,0.88,0.875,0.875,65162
WGL,20180212,0.011,0.011,0.011,0.011,1006651
WGN,20180212,3.87,3.95,3.87,3.9,579245
WGX,20180212,1.58,1.58,1.5,1.525,785441
WHA,20180212,2.36,2.39,2.24,2.24,715611
WHC,20180212,4.41,4.465,4.33,4.42,5453214
WHF,20180212,4.6,4.6,4.55,4.58,23151
WHK,20180212,0.17,0.17,0.16,0.165,144443
WIC,20180212,1.13,1.13,1.12,1.12,37049
WKT,20180212,0.099,0.105,0.096,0.096,817687
WLC,20180212,0.015,0.015,0.015,0.015,66850
WLD,20180212,0.145,0.145,0.145,0.145,73853
WLE,20180212,1.11,1.115,1.105,1.115,799629
WLF,20180212,0.058,0.058,0.052,0.052,26787
WLL,20180212,4.59,4.63,4.59,4.62,3531
WMI,20180212,1.45,1.45,1.42,1.42,164525
WMK,20180212,0.835,0.84,0.835,0.84,55000
WND,20180212,1.53,1.53,1.5,1.5,15670
WOR,20180212,13.8,13.87,13.53,13.73,999322
WOW,20180212,26.75,26.87,26.63,26.81,2084737
WPG,20180212,0.025,0.026,0.025,0.026,2815046
WPL,20180212,31.18,31.445,30.865,31.3,1902925
WPP,20180212,0.922,0.93,0.92,0.925,155623
WRG,20180212,0.625,0.625,0.6,0.6,1526
WRLD,20180212,11.38,11.41,11.38,11.41,451
WRM,20180212,0.012,0.012,0.011,0.012,672205
WSA,20180212,3.02,3.13,3,3.06,1880011
WSI,20180212,0.024,0.024,0.024,0.024,241447
WTC,20180212,13.1,13.345,13.03,13.25,514659
WWI,20180212,0.02,0.022,0.02,0.022,969308
WXHG,20180212,21.68,21.78,21.68,21.75,7374
WXOZ,20180212,27.6,27.6,27.6,27.6,1847
XAM,20180212,0.24,0.24,0.225,0.225,343626
XIP,20180212,1.37,1.37,1.35,1.35,87565
XPE,20180212,0.006,0.006,0.006,0.006,9906414
XRF,20180212,0.21,0.21,0.21,0.21,7000
XRO,20180212,31.76,31.99,31,31.08,536912
XST,20180212,0.012,0.012,0.012,0.012,207087
XTD,20180212,0.038,0.039,0.038,0.038,115998
XTE,20180212,0.67,0.67,0.67,0.67,13470
YAL,20180212,0.14,0.15,0.14,0.145,808240
YBR,20180212,0.145,0.145,0.145,0.145,17000
YMAX,20180212,8.69,8.71,8.65,8.68,132767
YOJ,20180212,0.22,0.225,0.22,0.22,1070338
YOW,20180212,0.14,0.14,0.135,0.135,258421
Z1P,20180212,1.12,1.13,1.07,1.09,455505
ZEN,20180212,0.76,0.81,0.75,0.75,372850
ZEU,20180212,0.013,0.013,0.013,0.013,5750
ZGL,20180212,0.14,0.145,0.125,0.125,58240
ZGOL,20180212,16.69,16.74,16.69,16.74,501
ZIM,20180212,7.1,7.1,7.1,7.1,158
ZIP,20180212,0.025,0.025,0.022,0.022,393710
ZLD,20180212,0.135,0.155,0.135,0.14,11253219
ZMI,20180212,0.006,0.006,0.006,0.006,330000
ZNC,20180212,0.17,0.17,0.17,0.17,25000
ZNO,20180212,0.29,0.3,0.29,0.29,60474
ZNT,20180212,1.16,1.19,1.16,1.17,101970
ZOZI,20180212,10.34,10.34,10.34,10.34,1930
ZUSD,20180212,9.8,9.8,9.79,9.79,2536
ZYB,20180212,0.023,0.024,0.02,0.02,3708421
ZYUS,20180212,11.82,11.84,11.82,11.83,24726
XAF,20180212,5655.4,5664.8,5615,5644.3,0
XAO,20180212,5937.5,5939.1,5893.1,5919.7,0
XAT,20180212,5775.8,5778.3,5729.4,5758.6,0
XDJ,20180212,2266.9,2266.9,2233,2247.1,0
XEC,20180212,1461,1465.1,1452.4,1454.3,0
XEJ,20180212,10241.4,10245.3,10058.6,10197,0
XFJ,20180212,6306.3,6306.5,6243.5,6269.7,0
XFL,20180212,5715.2,5724.1,5673.8,5703.2,0
XGD,20180212,4790.6,4790.8,4684.3,4740.8,0
XHJ,20180212,24472.7,24579.2,24295.5,24396.1,0
XIJ,20180212,985.2,993.4,982.9,990.8,0
XJO,20180212,5838,5840.5,5791.3,5820.7,0
XJR,20180212,3962.7,4018.2,3945.9,3990.4,0
XKO,20180212,5799.5,5801.3,5753.5,5781.5,0
XMD,20180212,6555.4,6557.7,6476.7,6513.6,0
XMJ,20180212,11307.4,11481.1,11271.2,11407.4,0
XMM,20180212,3521.8,3586.7,3514.1,3559.1,0
XNJ,20180212,5580.8,5604.8,5527.7,5539.7,0
XPJ,20180212,1298.5,1298.6,1284.6,1291.4,0
XSJ,20180212,9883.3,9893.3,9807.1,9878.3,0
XSO,20180212,2632.7,2633.7,2610.1,2615.2,0
XTJ,20180212,1257.5,1260.5,1237.1,1241.8,0
XTL,20180212,3252.1,3255.5,3228.3,3243.3,0
XTO,20180212,4810.5,4814.1,4772.4,4797.5,0
XUJ,20180212,7462.3,7479.3,7290.4,7296.7,0
XXJ,20180212,7033.6,7033.8,6963.6,6992.8,0
