14D,20181203,0.255,0.26,0.255,0.255,88120
1AD,20181203,0.255,0.26,0.255,0.26,20000
1AG,20181203,0.047,0.047,0.047,0.047,10000
1ST,20181203,0.026,0.026,0.026,0.026,82985
3DP,20181203,0.045,0.045,0.042,0.044,1654126
4CE,20181203,0.02,0.02,0.019,0.019,894277
4DS,20181203,0.047,0.049,0.046,0.046,3984157
5GN,20181203,0.42,0.43,0.42,0.42,38981
88E,20181203,0.016,0.017,0.016,0.016,3270548
8EC,20181203,0.84,0.84,0.84,0.84,574
8IH,20181203,0.1,0.1,0.1,0.1,8125
A2B,20181203,2.19,2.28,2.14,2.17,71291
A2M,20181203,10.1,10.33,10,10.33,4177019
A3D,20181203,0.59,0.625,0.565,0.61,290746
AAA,20181203,50.07,50.08,50.07,50.08,352592
AAC,20181203,1.205,1.205,1.175,1.185,570869
AAR,20181203,0.085,0.085,0.082,0.084,226932
AB1,20181203,0.099,0.105,0.098,0.1,5948465
ABA,20181203,5.34,5.4,5.34,5.35,4084
ABC,20181203,5.17,5.4,5.17,5.39,1068532
ABL,20181203,0.004,0.004,0.004,0.004,30000
ABP,20181203,3.23,3.26,3.21,3.23,547647
ABR,20181203,0.12,0.15,0.12,0.15,139500
ABT,20181203,0.24,0.24,0.24,0.24,2922
ABV,20181203,0.002,0.002,0.002,0.002,2000000
AC8,20181203,0.705,0.72,0.69,0.705,234159
ACB,20181203,0.04,0.04,0.04,0.04,7386
ACF,20181203,0.49,0.49,0.47,0.47,241962
ACQ,20181203,1.13,1.135,1.13,1.135,23109
ACR,20181203,0.19,0.19,0.185,0.185,62155
ACW,20181203,0.044,0.047,0.044,0.046,7172767
AD1,20181203,0.025,0.025,0.024,0.024,79191
AD8,20181203,3.66,3.66,3.6,3.66,55373
ADA,20181203,0.625,0.65,0.625,0.64,303338
ADH,20181203,1.81,1.955,1.805,1.945,498800
ADJ,20181203,0.048,0.05,0.047,0.048,538419
ADN,20181203,0.007,0.007,0.007,0.007,1200000
ADO,20181203,0.017,0.017,0.016,0.016,5203103
ADR,20181203,0.047,0.047,0.045,0.045,76264
ADT,20181203,0.725,0.74,0.7,0.725,181277
ADV,20181203,0.006,0.006,0.006,0.006,4834666
ADX,20181203,0.012,0.013,0.012,0.012,742004
AEB,20181203,0.016,0.017,0.015,0.015,1522959
AEE,20181203,0.02,0.02,0.019,0.019,787636
AEF,20181203,173,174,173,173.99,498
AEG,20181203,1.095,1.095,1.09,1.095,83893
AEI,20181203,0.19,0.2,0.19,0.19,63284
AEV,20181203,0.017,0.017,0.017,0.017,15000
AFG,20181203,1.355,1.4,1.355,1.36,66684
AFI,20181203,6.02,6.04,6.01,6.01,429368
AGD,20181203,0.07,0.07,0.07,0.07,465
AGE,20181203,0.004,0.004,0.004,0.004,1236930
AGG,20181203,2.71,2.76,2.71,2.76,4611
AGH,20181203,0.335,0.34,0.32,0.325,386768
AGI,20181203,0.765,0.765,0.72,0.74,645103
AGJ,20181203,0.042,0.042,0.042,0.042,12501
AGL,20181203,18.83,19.18,18.79,19.08,1907377
AGR,20181203,0.135,0.135,0.13,0.13,36319
AGS,20181203,0.12,0.12,0.115,0.115,8750
AGY,20181203,0.18,0.19,0.18,0.19,1667796
AHF,20181203,0.13,0.13,0.12,0.125,128861
AHG,20181203,1.635,1.705,1.59,1.68,1705876
AHL,20181203,0.012,0.012,0.012,0.012,106000
AHN,20181203,0.02,0.02,0.02,0.02,408000
AHX,20181203,0.5,0.5,0.495,0.495,46291
AHY,20181203,0.68,0.69,0.65,0.665,766629
AHZ,20181203,0.05,0.057,0.048,0.052,4567203
AIA,20181203,6.73,6.76,6.65,6.71,211973
AIB,20181203,0.165,0.165,0.165,0.165,7752
AIS,20181203,0.19,0.215,0.19,0.2,1279183
AIZ,20181203,2.89,2.91,2.86,2.91,22813
AJL,20181203,0.29,0.29,0.29,0.29,168311
AJM,20181203,0.2,0.205,0.195,0.2,3914076
AJQ,20181203,0.093,0.093,0.09,0.09,425744
AJX,20181203,0.115,0.12,0.115,0.12,123752
AKM,20181203,0.019,0.019,0.018,0.018,612102
AKP,20181203,17.5,17.895,17.5,17.89,2876
AL8,20181203,0.17,0.17,0.16,0.16,27893
ALC,20181203,0.048,0.049,0.048,0.049,52004
ALF,20181203,0.98,0.98,0.97,0.975,456702
ALG,20181203,1.54,1.635,1.51,1.62,440242
ALI,20181203,1.87,1.895,1.87,1.88,94258
ALK,20181203,0.21,0.22,0.205,0.215,978461
ALL,20181203,23.75,24.31,23.72,24.19,4965742
ALQ,20181203,7.5,7.57,7.29,7.52,2018069
ALU,20181203,23.3,23.99,23.1,23.86,548467
ALX,20181203,6.71,6.815,6.6,6.65,1903695
ALY,20181203,0.016,0.016,0.016,0.016,65000
AMA,20181203,1.01,1.035,1,1.035,195327
AMB,20181203,0.115,0.115,0.115,0.115,2110
AMC,20181203,13.48,13.54,13.22,13.3,6065765
AMD,20181203,0.014,0.016,0.013,0.013,595885
AME,20181203,0.045,0.045,0.039,0.039,110500
AMG,20181203,0.07,0.074,0.069,0.069,183138
AMH,20181203,0.855,0.865,0.855,0.86,174162
AMI,20181203,0.72,0.765,0.7,0.765,2417614
AML,20181203,0.26,0.28,0.24,0.275,17991493
AMN,20181203,0.74,0.74,0.715,0.715,8157
AMP,20181203,2.45,2.5,2.41,2.49,9795570
ANL,20181203,0.005,0.005,0.005,0.005,387500
ANN,20181203,23,23.69,22.94,23.51,706241
ANO,20181203,0.89,0.89,0.89,0.89,10562
ANP,20181203,0.032,0.033,0.032,0.032,943342
ANW,20181203,0.018,0.018,0.017,0.018,760000
ANZ,20181203,26.94,27.1,26.7,26.72,5112860
AOA,20181203,0.005,0.005,0.005,0.005,300000
AOF,20181203,2.7,2.7,2.7,2.7,1800
AOG,20181203,1.71,1.77,1.705,1.76,2872419
AOP,20181203,0.22,0.25,0.22,0.25,287099
AOU,20181203,0.08,0.08,0.08,0.08,150000
AOW,20181203,0.024,0.027,0.024,0.025,2194582
APA,20181203,8.91,9.05,8.79,8.91,1699599
APC,20181203,0.067,0.067,0.065,0.065,347629
APD,20181203,0.445,0.445,0.445,0.445,51285
APE,20181203,6.85,6.92,6.8,6.87,44250
APG,20181203,0.001,0.001,0.001,0.001,1000000
API,20181203,1.475,1.51,1.475,1.505,1195545
APL,20181203,1.085,1.1,1.085,1.085,593504
APT,20181203,14.85,14.97,14.06,14.06,2197942
APW,20181203,1.845,1.845,1.8,1.8,9550
APX,20181203,14.06,14.36,14.03,14.26,652131
AQC,20181203,0.675,0.675,0.66,0.66,24500
AQD,20181203,0.025,0.026,0.025,0.026,785820
AQG,20181203,2.12,2.19,2.12,2.17,460558
AQI,20181203,0.037,0.037,0.037,0.037,42910
AQS,20181203,0.029,0.03,0.029,0.029,239366
AQX,20181203,0.012,0.015,0.012,0.015,2805421
AQZ,20181203,2.45,2.48,2.44,2.46,185801
AR9,20181203,0.14,0.14,0.14,0.14,6004
ARB,20181203,17.38,17.38,17.07,17.34,172065
ARE,20181203,0.027,0.029,0.025,0.025,17775826
ARF,20181203,2.43,2.43,2.39,2.41,104377
ARG,20181203,7.71,7.77,7.68,7.69,231491
ARL,20181203,0.6,0.61,0.59,0.61,121550
ARQ,20181203,2.19,2.2,2.13,2.16,61213
ARS,20181203,0.027,0.027,0.027,0.027,141000
ARU,20181203,0.06,0.063,0.06,0.062,378023
ARV,20181203,0.15,0.155,0.145,0.15,483420
AS1,20181203,0.145,0.15,0.145,0.15,94750
ASB,20181203,1.89,1.925,1.84,1.885,603365
ASL,20181203,1.435,1.445,1.39,1.405,4035143
ASN,20181203,0.077,0.08,0.077,0.077,963583
AST,20181203,1.565,1.575,1.545,1.56,5611199
ASX,20181203,61.3,61.85,61.21,61.59,322745
ATC,20181203,0.089,0.096,0.089,0.095,389192
ATL,20181203,1.25,1.255,1.24,1.25,150841
ATP,20181203,0.016,0.016,0.016,0.016,50000
ATS,20181203,0.3,0.345,0.3,0.345,933546
ATU,20181203,0.09,0.09,0.09,0.09,509300
ATX,20181203,0.245,0.245,0.245,0.245,1950
AU8,20181203,0.28,0.285,0.275,0.28,221876
AUB,20181203,12.35,12.43,12,12.2,1229303
AUC,20181203,0.026,0.026,0.026,0.026,23000
AUH,20181203,0.003,0.003,0.003,0.003,6340
AUI,20181203,8.23,8.23,8.2,8.23,13411
AUL,20181203,0.003,0.004,0.003,0.004,5321167
AUP,20181203,2,2,2,2,1596
AUQ,20181203,0.021,0.021,0.021,0.021,980000
AUST,20181203,15.5,15.5,15.5,15.5,3365
AUT,20181203,0.003,0.003,0.003,0.003,55738509
AUZ,20181203,0.041,0.042,0.04,0.042,9721074
AVA,20181203,0.195,0.205,0.195,0.2,547932
AVG,20181203,0.51,0.52,0.507,0.52,289518
AVJ,20181203,0.565,0.565,0.545,0.565,41752
AVL,20181203,0.034,0.038,0.034,0.038,9112224
AVN,20181203,2.09,2.1,2.05,2.09,224002
AVQ,20181203,0.095,0.095,0.093,0.093,535427
AVZ,20181203,0.08,0.082,0.08,0.081,4213812
AWC,20181203,2.29,2.35,2.28,2.34,19885368
AWN,20181203,0.23,0.23,0.23,0.23,333
AWY,20181203,0.043,0.043,0.041,0.041,65000
AX1,20181203,1.3,1.35,1.295,1.34,1185151
AXE,20181203,0.075,0.075,0.071,0.071,166692
AXI,20181203,0.043,0.043,0.043,0.043,63515
AXP,20181203,0.035,0.035,0.034,0.034,324714
AYF,20181203,5.89,5.9,5.89,5.9,3000
AYR,20181203,0.005,0.005,0.005,0.005,150000
AYS,20181203,1.11,1.125,1.065,1.11,289102
AZI,20181203,0.006,0.006,0.006,0.006,100000
AZJ,20181203,4.3,4.32,4.27,4.29,12055621
AZM,20181203,0.021,0.021,0.021,0.021,937660
AZS,20181203,0.185,0.185,0.17,0.18,111750
AZV,20181203,0.068,0.068,0.068,0.068,25000
AZY,20181203,0.031,0.033,0.028,0.03,30171731
B2Y,20181203,0.195,0.195,0.165,0.165,533405
BAF,20181203,0.935,0.945,0.935,0.945,249659
BAL,20181203,7.54,8.25,7.5,8.2,3871387
BAP,20181203,6.35,6.45,6.28,6.41,1044342
BAR,20181203,0.035,0.035,0.035,0.035,14314
BAS,20181203,0.003,0.003,0.003,0.003,1143000
BAT,20181203,0.024,0.024,0.024,0.024,167277
BAU,20181203,0.056,0.056,0.056,0.056,4600
BBN,20181203,2.33,2.4,2.3,2.33,551016
BBOZ,20181203,15.86,15.86,15.6,15.6,59153
BBUS,20181203,4.63,4.63,4.55,4.57,358876
BBX,20181203,0.17,0.175,0.17,0.175,170186
BC8,20181203,0.155,0.155,0.155,0.155,9000
BCI,20181203,0.135,0.137,0.135,0.135,197430
BCN,20181203,0.018,0.018,0.018,0.018,150321
BCT,20181203,0.056,0.057,0.055,0.057,1375121
BD1,20181203,0.022,0.022,0.021,0.021,6790612
BDA,20181203,0.535,0.535,0.5,0.505,247963
BDC,20181203,0.063,0.065,0.063,0.064,154869
BDR,20181203,0.045,0.046,0.044,0.044,4989957
BEAR,20181203,14.48,14.48,14.35,14.35,8185
BEE,20181203,0.055,0.055,0.05,0.05,230000
BEL,20181203,0.097,0.097,0.097,0.097,7389
BEM,20181203,0.087,0.087,0.087,0.087,12000
BEN,20181203,10.75,10.8,10.64,10.75,1364507
BFC,20181203,0.17,0.17,0.165,0.165,92327
BFG,20181203,0.945,0.96,0.94,0.96,282921
BGA,20181203,6,6.125,6,6.09,490844
BGL,20181203,0.455,0.455,0.43,0.43,281645
BGT,20181203,0.14,0.14,0.135,0.135,167000
BHP,20181203,31.37,32.03,31.04,31.82,11583303
BIN,20181203,2.23,2.35,2.21,2.23,2443433
BIQ,20181203,0.044,0.044,0.044,0.044,3805
BIR,20181203,0.19,0.19,0.19,0.19,709
BIS,20181203,0.9,0.91,0.9,0.905,3604
BIT,20181203,0.17,0.175,0.145,0.15,13616610
BKI,20181203,1.475,1.485,1.475,1.485,389058
BKL,20181203,126.21,128.23,125.1,127.95,32486
BKP,20181203,0.004,0.005,0.004,0.005,1671809
BKT,20181203,0.041,0.042,0.041,0.042,100000
BKW,20181203,16.37,16.98,16.36,16.93,280442
BKY,20181203,0.205,0.205,0.175,0.175,500097
BLA,20181203,1.035,1.1,1.03,1.06,207229
BLD,20181203,5.15,5.3,5.15,5.28,5494851
BLG,20181203,0.34,0.34,0.335,0.34,146500
BLK,20181203,0.044,0.044,0.043,0.043,356485
BLT,20181203,0.145,0.145,0.145,0.145,45515
BLX,20181203,1.285,1.285,1.285,1.285,5500
BLY,20181203,0.004,0.004,0.003,0.004,1176926
BMN,20181203,0.046,0.047,0.045,0.047,425782
BMT,20181203,0.08,0.08,0.079,0.079,106379
BNL,20181203,0.009,0.009,0.009,0.009,200000
BNO,20181203,0.13,0.135,0.13,0.13,621825
BOE,20181203,0.061,0.061,0.059,0.059,468900
BOL,20181203,0.16,0.16,0.155,0.16,1081902
BOND,20181203,25.83,25.84,25.82,25.84,832
BOQ,20181203,10,10.075,9.935,10.05,1337231
BOT,20181203,0.078,0.081,0.078,0.081,333465
BPH,20181203,0.002,0.002,0.001,0.001,1992525
BPL,20181203,0.035,0.035,0.034,0.034,166548
BPP,20181203,0.018,0.018,0.018,0.018,28000
BPT,20181203,1.565,1.65,1.565,1.645,12680064
BRB,20181203,0.385,0.39,0.365,0.38,163641
BRG,20181203,10.9,11.18,10.9,11.16,198501
BRK,20181203,0.014,0.014,0.014,0.014,694465
BRL,20181203,0.125,0.125,0.125,0.125,200000
BRN,20181203,0.13,0.135,0.125,0.125,715384
BRU,20181203,0.25,0.25,0.235,0.24,540392
BSA,20181203,0.25,0.25,0.25,0.25,10000
BSE,20181203,0.24,0.245,0.24,0.245,104276
BSL,20181203,11.64,12.55,11.51,12.55,6321775
BSM,20181203,0.016,0.016,0.015,0.015,2455120
BSR,20181203,0.019,0.02,0.019,0.02,921505
BST,20181203,0.9,0.91,0.9,0.91,46973
BSX,20181203,0.12,0.12,0.12,0.12,7000
BTH,20181203,0.3,0.3,0.3,0.3,10879
BTI,20181203,0.75,0.775,0.75,0.775,160309
BUB,20181203,0.47,0.485,0.47,0.47,460944
BUD,20181203,0.11,0.11,0.105,0.11,933838
BUL,20181203,0.051,0.053,0.05,0.053,106591
BVS,20181203,3.8,3.92,3.79,3.9,824712
BWF,20181203,0.935,0.94,0.935,0.94,3000
BWP,20181203,3.5,3.57,3.5,3.54,969687
BWR,20181203,1.465,1.465,1.425,1.425,2012
BWX,20181203,3.25,3.5,3.24,3.43,407150
BXB,20181203,10.44,10.44,10.19,10.26,3529874
BYE,20181203,0.215,0.23,0.21,0.22,523840
BYI,20181203,1.09,1.09,1.03,1.03,10191
C6C,20181203,0.88,0.89,0.88,0.89,5852
CAA,20181203,0.13,0.13,0.12,0.13,227715
CAF,20181203,0.13,0.13,0.13,0.13,46461
CAG,20181203,1.8,1.9,1.75,1.795,62112
CAI,20181203,0.031,0.031,0.031,0.031,362241
CAJ,20181203,0.28,0.285,0.28,0.28,28950
CAM,20181203,0.87,0.875,0.865,0.865,52613
CAN,20181203,2.45,2.48,2.43,2.45,70908
CAR,20181203,12,12.15,11.97,12.08,579125
CAT,20181203,1.015,1.05,1.005,1.005,41210
CAY,20181203,0.215,0.22,0.21,0.22,1408354
CBA,20181203,72.06,72.27,71.26,71.55,2476218
CCA,20181203,0.079,0.079,0.077,0.077,72176
CCE,20181203,0.007,0.007,0.007,0.007,8704526
CCG,20181203,0.07,0.07,0.064,0.064,80000
CCL,20181203,8.67,8.85,8.67,8.75,4008734
CCP,20181203,19.35,19.89,19.31,19.81,110175
CCV,20181203,0.255,0.26,0.255,0.26,626701
CCX,20181203,1.12,1.185,1.12,1.185,53667
CD1,20181203,1.645,1.645,1.62,1.62,3750
CDA,20181203,2.99,3.05,2.96,3.01,27505
CDD,20181203,1.035,1.075,1.015,1.05,514914
CDM,20181203,0.995,1.025,0.98,1,448934
CDP,20181203,7.75,7.75,7.62,7.62,1550
CDV,20181203,0.395,0.4,0.38,0.395,37638
CDX,20181203,0.03,0.033,0.03,0.033,392030
CDY,20181203,0.3,0.31,0.3,0.31,4701
CE1,20181203,0.051,0.052,0.051,0.051,423358
CEN,20181203,5.56,5.56,5.56,5.56,495
CETF,20181203,50.6,50.81,50.35,50.62,2691
CFE,20181203,0.019,0.019,0.019,0.019,355596
CG1,20181203,0.37,0.37,0.37,0.37,10000
CGA,20181203,0.42,0.435,0.42,0.435,8740
CGC,20181203,7.79,7.79,7.56,7.6,5026554
CGF,20181203,9.6,10.07,9.6,10.04,3821939
CGL,20181203,7.72,8.45,7.72,8.21,292913
CGM,20181203,0.003,0.003,0.003,0.003,76000
CGR,20181203,0.45,0.47,0.45,0.46,570483
CHC,20181203,7.01,7.11,7,7.09,1230916
CHK,20181203,0.023,0.024,0.018,0.018,65241560
CHN,20181203,0.125,0.125,0.115,0.115,167398
CI1,20181203,0.013,0.015,0.013,0.015,688753
CIA,20181203,1.245,1.255,1.24,1.255,50449
CIE,20181203,0.81,0.82,0.8,0.8,242878
CIM,20181203,41.41,42.65,40.51,42.25,434226
CIN,20181203,31.21,31.29,31.21,31.29,4528
CIP,20181203,2.84,2.92,2.82,2.86,108296
CIW,20181203,0.475,0.475,0.475,0.475,1000
CKA,20181203,0.039,0.041,0.039,0.039,1187503
CKF,20181203,7.34,7.34,7.18,7.25,376219
CL1,20181203,1.81,1.84,1.8,1.82,71148
CL8,20181203,0.014,0.014,0.014,0.014,174221
CLA,20181203,0.053,0.057,0.049,0.051,4019492
CLF,20181203,1.2,1.2,1.2,1.2,5111
CLH,20181203,1.36,1.365,1.335,1.34,84580
CLI,20181203,0.017,0.02,0.016,0.019,2187740
CLL,20181203,0.115,0.115,0.11,0.11,354877
CLQ,20181203,0.415,0.44,0.415,0.425,1274191
CLV,20181203,1.445,1.5,1.437,1.48,140031
CLW,20181203,4.15,4.2,4.13,4.19,162702
CLX,20181203,0.87,0.87,0.87,0.87,230
CM8,20181203,0.039,0.042,0.039,0.04,1390037
CMA,20181203,2.4,2.4,2.38,2.4,294149
CMC,20181203,0.03,0.03,0.028,0.03,2109122
CMM,20181203,0.055,0.056,0.055,0.056,229528
CMW,20181203,1,1.01,0.995,1.01,5250845
CNI,20181203,1.32,1.33,1.305,1.32,155065
CNJ,20181203,0.02,0.02,0.02,0.02,406
CNU,20181203,4.47,4.53,4.45,4.49,519983
CNW,20181203,0.017,0.017,0.017,0.017,165575
COB,20181203,0.22,0.225,0.215,0.215,69454
COE,20181203,0.415,0.442,0.415,0.44,3305458
COH,20181203,176.4,176.4,171.38,173,167691
COI,20181203,0.355,0.355,0.33,0.34,300197
COL,20181203,11.53,11.64,11.26,11.62,7041600
COO,20181203,0.031,0.031,0.031,0.031,20000
CP1,20181203,0.13,0.13,0.12,0.12,10311
CPH,20181203,0.425,0.435,0.42,0.425,126538
CPU,20181203,18.33,18.55,18.33,18.5,1463585
CPV,20181203,0.31,0.34,0.3,0.325,550438
CQE,20181203,2.92,2.95,2.9,2.95,151613
CQR,20181203,4.51,4.56,4.5,4.55,1455181
CR1,20181203,0.24,0.24,0.24,0.24,33984
CRB,20181203,0.03,0.03,0.03,0.03,50000
CRD,20181203,0.83,0.83,0.83,0.83,1060
CRL,20181203,0.031,0.035,0.031,0.035,1479939
CRN,20181203,3.13,3.18,3.07,3.13,5108379
CRR,20181203,2.79,2.8,2.78,2.79,20897
CSL,20181203,182.5,184.24,181.23,183.49,885103
CSR,20181203,3.04,3.11,3,3.05,5485778
CSV,20181203,0.16,0.175,0.16,0.17,113998
CT1,20181203,0.016,0.016,0.015,0.015,168117
CTD,20181203,23.25,24.68,23.22,24.62,683653
CTM,20181203,0.007,0.008,0.007,0.007,4364821
CTO,20181203,0.006,0.006,0.006,0.006,4000000
CTP,20181203,0.15,0.15,0.145,0.15,605033
CTX,20181203,27.85,28.06,27.665,27.96,823774
CUE,20181203,0.067,0.07,0.067,0.07,1072971
CUL,20181203,0.022,0.022,0.021,0.021,55000
CUP,20181203,0.56,0.56,0.56,0.56,891
CUV,20181203,17.35,18.16,17.1,17.6,6807
CUX,20181203,0.005,0.005,0.004,0.005,605823
CV1,20181203,0.054,0.054,0.054,0.054,119130
CVC,20181203,2.66,2.66,2.65,2.66,11000
CVL,20181203,0.505,0.505,0.505,0.505,597
CVN,20181203,0.335,0.355,0.335,0.345,2408140
CVT,20181203,0.018,0.018,0.018,0.018,394333
CVW,20181203,0.88,0.88,0.86,0.88,92724
CWL,20181203,0.056,0.056,0.056,0.056,3500
CWN,20181203,11.8,11.92,11.78,11.92,647944
CWP,20181203,5.13,5.25,5.1,5.14,21465
CWX,20181203,0.22,0.22,0.205,0.205,17759
CWY,20181203,1.73,1.77,1.715,1.73,3829914
CXL,20181203,0.77,0.77,0.77,0.77,16787
CXM,20181203,0.115,0.115,0.115,0.115,15000
CXO,20181203,0.06,0.061,0.06,0.06,609888
CYA,20181203,0.935,0.94,0.93,0.935,181958
CYB,20181203,3.63,3.63,3.52,3.57,4623035
CYC,20181203,1.135,1.15,1.135,1.15,85000
CYG,20181203,1.01,1.03,1,1,10312
CYL,20181203,1.88,1.905,1.88,1.89,54500
CYP,20181203,1.05,1.05,1.01,1.02,32160
CYQ,20181203,0.006,0.006,0.006,0.006,100375
CZI,20181203,0.091,0.096,0.09,0.09,574619
CZL,20181203,0.018,0.019,0.018,0.018,968373
CZN,20181203,0.006,0.006,0.006,0.006,521097
CZR,20181203,0.013,0.013,0.011,0.011,500070
D2O,20181203,1.3,1.305,1.275,1.285,129379
DAV,20181203,0.1,0.1,0.095,0.095,19970
DCC,20181203,0.061,0.062,0.06,0.06,786070
DCG,20181203,0.71,0.735,0.71,0.725,258389
DCL,20181203,0.076,0.076,0.075,0.075,45000
DCN,20181203,2.07,2.07,2,2,327236
DDD,20181203,0.003,0.003,0.003,0.003,2042246
DDR,20181203,2.88,2.88,2.78,2.83,190525
DDT,20181203,0.003,0.003,0.003,0.003,325000
DEG,20181203,0.13,0.135,0.125,0.125,544607
DEM,20181203,0.15,0.15,0.15,0.15,22000
DFM,20181203,0.91,0.94,0.9,0.94,24120
DHG,20181203,2.41,2.49,2.41,2.48,901889
DIV,20181203,18.89,18.91,18.88,18.88,5001
DJRE,20181203,21.1,21.3,21.1,21.2,25573
DJW,20181203,3.23,3.26,3.22,3.22,66271
DKM,20181203,0.15,0.15,0.135,0.135,43207
DLX,20181203,6.97,6.98,6.85,6.91,1046623
DMP,20181203,46.5,47.51,46.3,47.37,278391
DNA,20181203,0.082,0.087,0.07,0.07,2902136
DNK,20181203,0.765,0.77,0.755,0.755,28418
DOW,20181203,6.3,6.43,6.3,6.39,1443578
DRM,20181203,0.305,0.32,0.305,0.32,319399
DRO,20181203,0.13,0.13,0.125,0.13,45562
DRX,20181203,0.019,0.019,0.017,0.018,1786262
DSE,20181203,0.032,0.032,0.03,0.03,332585
DSX,20181203,0.013,0.013,0.013,0.013,6265130
DTI,20181203,0.049,0.049,0.042,0.042,220000
DTL,20181203,1.535,1.545,1.535,1.54,16338
DTR,20181203,0.004,0.004,0.004,0.004,1089600
DTS,20181203,0.23,0.24,0.23,0.23,157045
DTZ,20181203,0.079,0.08,0.078,0.08,298000
DUB,20181203,0.47,0.47,0.45,0.47,391416
DUI,20181203,4.01,4.03,4,4.03,38928
DWS,20181203,1.175,1.175,1.15,1.15,19669
DXB,20181203,0.093,0.093,0.092,0.092,201549
DXN,20181203,0.205,0.225,0.2,0.22,295853
DXS,20181203,10.57,10.66,10.53,10.63,2102000
DYL,20181203,0.455,0.455,0.445,0.45,27781
E25,20181203,0.19,0.2,0.18,0.19,301750
E2E,20181203,0.013,0.014,0.012,0.013,11203895
EAI,20181203,0.995,1.01,0.995,1,172533
EAR,20181203,0.115,0.12,0.115,0.117,508041
EAS,20181203,0.86,0.86,0.86,0.86,1200
EAX,20181203,1.07,1.07,1.065,1.065,10376
EBO,20181203,20.29,20.4,20.29,20.4,63
ECT,20181203,0.012,0.012,0.012,0.012,4193836
ECX,20181203,2.5,2.56,2.5,2.55,1016956
EDE,20181203,0.077,0.077,0.075,0.075,1319232
EEG,20181203,0.015,0.015,0.014,0.014,358886
EEU,20181203,14.81,14.81,14.81,14.81,1500
EGA,20181203,0.2,0.2,0.2,0.2,19500
EGD,20181203,1.87,1.88,1.83,1.83,20000
EGH,20181203,0.28,0.285,0.28,0.285,8391
EGI,20181203,1,1.01,0.99,1,196393
EGN,20181203,0.48,0.48,0.475,0.475,17000
EHE,20181203,2.21,2.27,2.18,2.27,810044
EHH,20181203,0.16,0.16,0.16,0.16,12863
EHL,20181203,2.6,2.71,2.54,2.6,1925784
ELD,20181203,6.83,7,6.81,6.84,855486
ELK,20181203,0.053,0.055,0.051,0.055,375193
ELO,20181203,5.48,5.48,5.03,5.08,90664
ELS,20181203,0.525,0.555,0.525,0.555,34500
ELX,20181203,0.7,0.715,0.7,0.71,27106
EM1,20181203,0.007,0.008,0.007,0.007,5463600
EM2,20181203,0.265,0.27,0.25,0.25,69660
EME,20181203,0.1,0.1,0.1,0.1,5000
EML,20181203,1.55,1.565,1.505,1.535,106317
EMN,20181203,0.26,0.26,0.26,0.26,8449
EMP,20181203,0.004,0.004,0.004,0.004,144488
EMR,20181203,0.03,0.03,0.028,0.028,2584482
EN1,20181203,0.044,0.044,0.044,0.044,5831
ENN,20181203,1.855,1.855,1.815,1.835,30103
ENR,20181203,0.06,0.065,0.06,0.065,444000
ENT,20181203,0.013,0.013,0.013,0.013,100000
EOS,20181203,2.73,2.73,2.65,2.65,13156
EPD,20181203,0.465,0.465,0.46,0.46,23562
EPW,20181203,1.695,1.695,1.64,1.665,76100
EQT,20181203,22.49,22.6,22.11,22.3,9412
ERA,20181203,0.29,0.3,0.285,0.29,264589
ERF,20181203,1.27,1.28,1.27,1.28,2182
ERM,20181203,0.069,0.071,0.069,0.071,192350
ERX,20181203,0.053,0.053,0.052,0.053,557138
ESE,20181203,0.038,0.042,0.038,0.041,215143
ESH,20181203,0.022,0.022,0.02,0.02,3879125
ESR,20181203,0.02,0.02,0.02,0.02,297736
ETE,20181203,0.013,0.016,0.012,0.012,20637232
ETPMAG,20181203,18.7,18.7,18.42,18.58,5078
ETPMPD,20181203,151.78,151.78,151.78,151.78,0
ETPMPM,20181203,128.21,128.21,128.21,128.21,0
ETPMPT,20181203,109.73,109.73,109.73,109.73,0
EUC,20181203,0.043,0.045,0.043,0.045,769836
EUR,20181203,0.12,0.12,0.12,0.12,63714
EVE,20181203,0.007,0.007,0.006,0.006,2633333
EVN,20181203,3.15,3.18,3.12,3.17,6073082
EVO,20181203,0.325,0.325,0.325,0.325,473012
EVS,20181203,0.069,0.069,0.069,0.069,129900
EVT,20181203,13.73,14.1,13.09,13.26,6011
EWC,20181203,0.145,0.15,0.145,0.145,230583
EXL,20181203,2.22,2.26,2.15,2.15,249962
EXP,20181203,0.35,0.352,0.335,0.35,322015
EXR,20181203,0.04,0.042,0.038,0.042,3596057
EXU,20181203,0.088,0.088,0.085,0.085,877602
EZL,20181203,1.195,1.195,1.18,1.19,34271
FAR,20181203,0.07,0.072,0.07,0.071,7575700
FAU,20181203,0.026,0.026,0.025,0.025,1084790
FBR,20181203,0.16,0.17,0.16,0.165,3000159
FBU,20181203,4.51,4.58,4.49,4.55,1123497
FCC,20181203,0.25,0.26,0.23,0.255,29738
FCT,20181203,0.165,0.18,0.155,0.18,212882
FDM,20181203,0.14,0.145,0.14,0.145,60000
FDV,20181203,0.53,0.53,0.5,0.5,65400
FEX,20181203,0.035,0.035,0.03,0.03,1180000
FGF,20181203,0.01,0.01,0.01,0.01,320316
FGG,20181203,1.29,1.345,1.285,1.34,476118
FGO,20181203,0.016,0.016,0.014,0.015,1447714
FGR,20181203,0.185,0.19,0.185,0.185,1330664
FGX,20181203,1.19,1.22,1.19,1.2,313227
FHS,20181203,0.021,0.025,0.021,0.025,68237
FID,20181203,4.26,4.3,4.26,4.3,12338
FIG,20181203,0.062,0.062,0.062,0.062,30800
FLC,20181203,0.38,0.385,0.38,0.385,103120
FLN,20181203,0.91,0.92,0.905,0.915,1697322
FLT,20181203,49.6,50.11,48.93,49.72,270783
FMG,20181203,4.15,4.23,4.12,4.17,19706918
FML,20181203,0.19,0.2,0.19,0.19,421863
FNP,20181203,5.33,5.45,5.3,5.45,164587
FNT,20181203,0.011,0.011,0.011,0.011,14886
FOD,20181203,0.19,0.205,0.19,0.205,9659873
FOR,20181203,1.445,1.47,1.445,1.47,7174
FPC,20181203,0.86,0.875,0.86,0.875,97262
FPH,20181203,12.58,12.6,12.45,12.46,329485
FPL,20181203,0.006,0.006,0.006,0.006,140000
FPP,20181203,0.935,0.935,0.93,0.93,2000
FRI,20181203,0.825,0.825,0.825,0.825,9229
FRM,20181203,0.8,0.8,0.79,0.79,7998
FRN,20181203,0.017,0.017,0.017,0.017,1695
FRX,20181203,0.049,0.049,0.049,0.049,200000
FSA,20181203,1.06,1.06,1.06,1.06,1720
FSF,20181203,4.4,4.4,4.4,4.4,11227
FTC,20181203,0.051,0.051,0.05,0.051,170800
FTT,20181203,0.003,0.003,0.002,0.003,1253858
FWD,20181203,2.05,2.11,2.05,2.07,13538
FXL,20181203,1.495,1.595,1.49,1.595,426396
FYI,20181203,0.07,0.07,0.07,0.07,56250
FZO,20181203,0.28,0.28,0.28,0.28,41250
G1A,20181203,0.19,0.19,0.19,0.19,268735
G88,20181203,0.105,0.11,0.1,0.1,396353
GAL,20181203,0.16,0.16,0.135,0.15,172050
GAP,20181203,0.36,0.37,0.36,0.36,225178
GBG,20181203,0.018,0.018,0.018,0.018,527549
GBR,20181203,0.15,0.15,0.14,0.145,174353
GBT,20181203,1.64,1.75,1.64,1.705,22016
GC1,20181203,0.93,0.93,0.93,0.93,1233
GCI,20181203,1.99,1.99,1.98,1.985,88696
GCY,20181203,0.092,0.13,0.092,0.125,12295813
GDF,20181203,1.29,1.32,1.29,1.32,102331
GDI,20181203,1.265,1.285,1.265,1.275,258210
GDX,20181203,26.6,26.6,26.03,26.12,2271
GEAR,20181203,20.11,20.41,20.1,20.39,73365
GED,20181203,0.039,0.042,0.039,0.042,95100
GEM,20181203,2.81,2.95,2.81,2.93,5785400
GEV,20181203,0.2,0.22,0.195,0.205,542371
GGE,20181203,0.005,0.005,0.005,0.005,1630000
GGG,20181203,0.079,0.08,0.078,0.08,382889
GGUS,20181203,16.32,17,16.32,16.49,39376
GIB,20181203,0.054,0.054,0.054,0.054,15000
GID,20181203,0.018,0.018,0.018,0.018,2000
GLA,20181203,0.003,0.003,0.002,0.002,23246677
GLB,20181203,2.38,2.38,2.38,2.38,300
GLN,20181203,0.265,0.27,0.26,0.27,89051
GMA,20181203,2.24,2.28,2.2,2.27,368881
GMG,20181203,10.44,10.51,10.32,10.43,3246424
GML,20181203,0.014,0.014,0.014,0.014,25000
GMN,20181203,0.088,0.09,0.084,0.09,107912
GMR,20181203,0.017,0.017,0.016,0.017,5222671
GMV,20181203,0.29,0.3,0.29,0.3,23356
GMY,20181203,0.81,0.81,0.81,0.81,18518
GNC,20181203,9.8,9.8,9.16,9.25,5384108
GNE,20181203,2.38,2.38,2.3,2.36,748174
GNG,20181203,1.235,1.29,1.235,1.245,36209
GNX,20181203,0.245,0.245,0.24,0.24,141363
GOLD,20181203,156.94,157.94,156.01,156.84,17721
GOO,20181203,0.071,0.071,0.066,0.066,32919
GOR,20181203,0.61,0.625,0.605,0.605,827626
GOVT,20181203,25.84,25.85,25.83,25.83,1405
GOW,20181203,2.63,2.63,2.63,2.63,992
GOZ,20181203,3.69,3.69,3.645,3.66,329149
GPP,20181203,0.004,0.004,0.004,0.004,494855
GPR,20181203,0.019,0.019,0.019,0.019,500000
GPT,20181203,5.38,5.38,5.3,5.37,4137110
GPX,20181203,0.22,0.22,0.2,0.2,209500
GRB,20181203,0.1,0.1,0.1,0.1,369740
GRR,20181203,0.19,0.2,0.19,0.195,962521
GSM,20181203,0.165,0.165,0.165,0.165,16000
GSS,20181203,0.68,0.725,0.68,0.725,40874
GSW,20181203,0.405,0.405,0.395,0.4,95628
GTE,20181203,0.007,0.007,0.006,0.006,405407
GTG,20181203,0.01,0.01,0.009,0.01,3215663
GTK,20181203,5.5,5.53,5.33,5.41,47094
GTN,20181203,1.91,1.91,1.89,1.89,40751
GUD,20181203,12.35,12.7,12.29,12.47,275402
GVF,20181203,1.06,1.075,1.06,1.075,32694
GWA,20181203,2.67,2.7,2.63,2.67,426078
GWR,20181203,0.11,0.11,0.105,0.105,70000
GXL,20181203,5.4,5.5,5.38,5.5,1513724
GXY,20181203,2.73,2.82,2.72,2.78,5626456
HACK,20181203,6.55,6.56,6.53,6.55,57069
HAS,20181203,0.155,0.17,0.15,0.17,60010
HAV,20181203,0.175,0.18,0.175,0.18,102407
HCH,20181203,0.014,0.014,0.012,0.013,762365
HCT,20181203,0.06,0.06,0.056,0.056,396517
HE8,20181203,0.14,0.15,0.14,0.15,686263
HFR,20181203,0.66,0.685,0.65,0.655,123542
HGM,20181203,0.013,0.013,0.013,0.013,200000
HGO,20181203,0.084,0.085,0.084,0.085,620298
HHM,20181203,0.026,0.026,0.026,0.026,64733
HIL,20181203,0.18,0.18,0.18,0.18,41219
HIT,20181203,0.855,0.855,0.855,0.855,6900
HLA,20181203,1.125,1.125,1.125,1.125,177
HLO,20181203,6,6.04,5.99,6.02,20299
HLX,20181203,0.033,0.033,0.03,0.033,328281
HM1,20181203,2.59,2.63,2.58,2.63,296387
HMX,20181203,0.022,0.022,0.022,0.022,30000
HNR,20181203,0.012,0.013,0.011,0.013,169300
HOM,20181203,0.54,0.54,0.52,0.52,42628
HPI,20181203,3.18,3.19,3.15,3.17,61676
HPR,20181203,0.07,0.07,0.07,0.07,75981
HRL,20181203,0.12,0.125,0.115,0.125,745730
HRN,20181203,0.22,0.22,0.22,0.22,5000
HRR,20181203,0.6,0.6,0.6,0.6,6538
HSC,20181203,0.042,0.045,0.042,0.044,384556
HSN,20181203,3.58,3.75,3.58,3.67,321222
HSO,20181203,2.27,2.3,2.25,2.29,9912687
HT1,20181203,1.745,1.845,1.74,1.835,212627
HTA,20181203,0.125,0.135,0.125,0.13,170203
HUB,20181203,14.01,15.18,14.01,14.9,293880
HUO,20181203,4.5,4.63,4.5,4.63,4236433
HVN,20181203,3.19,3.19,3.14,3.18,2151444
HVST,20181203,14.57,14.57,14.48,14.5,6658
HWK,20181203,0.021,0.021,0.021,0.021,180000
HXG,20181203,0.14,0.145,0.135,0.145,164740
HYD,20181203,0.032,0.032,0.032,0.032,691667
HZN,20181203,0.1,0.11,0.1,0.11,1900953
HZR,20181203,0.305,0.305,0.29,0.29,66612
IAA,20181203,79.52,80.81,79.52,80.72,29486
IAB,20181203,0.97,0.97,0.97,0.97,12648
IAF,20181203,107,107.45,106.83,106.86,4400
IAG,20181203,7.34,7.42,7.23,7.26,3436807
IAM,20181203,0.011,0.012,0.01,0.01,6918214
IBC,20181203,0.515,0.515,0.515,0.515,9000
IBG,20181203,0.031,0.031,0.029,0.029,1391373
ICG,20181203,0.004,0.004,0.003,0.003,92092560
ICI,20181203,0.065,0.066,0.064,0.066,220000
ICN,20181203,0.021,0.021,0.021,0.021,26500
ICQ,20181203,0.135,0.14,0.13,0.14,368170
ICT,20181203,0.061,0.061,0.061,0.061,17333
ID8,20181203,0.68,0.74,0.68,0.72,90850
IDR,20181203,2.71,2.71,2.68,2.68,28433
IDT,20181203,0.15,0.155,0.15,0.155,101931
IDX,20181203,2.8,2.8,2.75,2.75,11036
IDZ,20181203,0.054,0.054,0.053,0.053,275974
IEL,20181203,9.29,9.44,9.15,9.26,352612
IEM,20181203,56.38,57.6,56.27,56.92,38689
IEU,20181203,57.17,57.28,56.88,57.18,26745
IFL,20181203,6.98,7.215,6.97,7.18,1529981
IFM,20181203,1.19,1.215,1.18,1.2,479792
IFN,20181203,0.47,0.485,0.455,0.475,5213524
IFT,20181203,3.35,3.39,3.35,3.39,17200
IGB,20181203,103.69,103.88,103.63,103.88,12517
IGE,20181203,0.365,0.365,0.34,0.34,8405
IGL,20181203,2.1,2.13,2.09,2.13,570566
IGO,20181203,3.91,4.11,3.91,4.1,2854385
IHCB,20181203,101.23,101.23,100.69,100.69,884
IHD,20181203,12.28,12.34,12.27,12.34,18154
IHEB,20181203,97,97,97,97,24
IHHY,20181203,101.92,101.92,101.92,101.92,0
IHL,20181203,0.021,0.023,0.021,0.023,6214079
IHOO,20181203,109.15,109.61,109.15,109.57,430
IHR,20181203,0.097,0.11,0.097,0.11,50035
IHVV,20181203,350.74,350.85,348.85,350.38,2058
IJH,20181203,258,259.79,258,259.24,1036
IJP,20181203,76,76.52,76,76.32,27495
IJR,20181203,110.22,110.41,109.4,110.18,2671
IKO,20181203,83.19,85.12,83.19,84.25,458
ILB,20181203,116.69,117.05,116.65,117.01,11788
ILC,20181203,22.75,22.91,22.75,22.86,8082
ILU,20181203,8.28,8.38,8.06,8.19,1843968
IMA,20181203,0.12,0.12,0.12,0.12,853392
IMC,20181203,0.25,0.265,0.25,0.265,31418
IMD,20181203,1.175,1.227,1.175,1.21,405552
IME,20181203,0.032,0.034,0.028,0.03,4466824
IMF,20181203,2.91,3.04,2.91,3.01,1125301
IMM,20181203,0.036,0.038,0.036,0.038,1222500
IMS,20181203,0.013,0.013,0.013,0.013,1427191
IMU,20181203,0.023,0.023,0.023,0.023,3329272
INA,20181203,3.06,3.08,3.05,3.05,247393
INF,20181203,0.083,0.083,0.076,0.076,15999
ING,20181203,4.37,4.46,4.37,4.44,1577398
INK,20181203,0.05,0.05,0.049,0.049,77817
INP,20181203,0.085,0.085,0.081,0.081,212500
INR,20181203,0.23,0.24,0.215,0.24,5047499
INV,20181203,0.165,0.165,0.16,0.16,110000
IOD,20181203,0.015,0.015,0.015,0.015,349867
IOF,20181203,5.58,5.59,5.58,5.58,381575
IOO,20181203,64.19,64.48,63.65,63.96,17274
IOR,20181203,0.072,0.072,0.072,0.072,1667
IOT,20181203,0.001,0.001,0.001,0.001,3632914
IOZ,20181203,23.75,23.83,23.68,23.83,375883
IP1,20181203,0.019,0.019,0.019,0.019,194720
IPB,20181203,0.024,0.027,0.024,0.027,154600
IPD,20181203,0.28,0.28,0.255,0.26,306834
IPH,20181203,5.62,5.79,5.45,5.7,487593
IPL,20181203,3.82,3.83,3.75,3.79,4801610
IPT,20181203,0.012,0.012,0.011,0.011,1179403
IRC,20181203,0.15,0.15,0.145,0.145,262084
IRD,20181203,0.056,0.056,0.056,0.056,10000
IRE,20181203,11.4,11.59,11.39,11.56,219671
IRI,20181203,1.82,1.9,1.82,1.86,897893
ISD,20181203,0.335,0.34,0.325,0.335,193304
ISO,20181203,4.77,4.82,4.77,4.82,2579
ISU,20181203,0.695,0.74,0.695,0.725,235278
ISX,20181203,0.155,0.16,0.155,0.16,1001590
ITD,20181203,0.115,0.115,0.11,0.11,24686
IVC,20181203,11.76,12.125,11.76,11.95,415048
IVE,20181203,86.3,87.51,86.27,86.27,9048
IVO,20181203,0.006,0.006,0.006,0.006,3000000
IVV,20181203,382.38,385.08,382.38,383.81,12292
IVX,20181203,0.017,0.019,0.017,0.018,370085
IVZ,20181203,0.04,0.041,0.04,0.041,1343724
IXI,20181203,68.98,69.34,68.98,69.27,1307
IXJ,20181203,85.49,86.89,85.49,86.5,6074
IXU,20181203,0.15,0.155,0.15,0.15,96762
IZZ,20181203,58.58,59.3,58,58.3,7906
JAN,20181203,0.395,0.42,0.385,0.42,80003
JAT,20181203,0.069,0.07,0.068,0.068,1698076
JAY,20181203,0.48,0.48,0.48,0.48,12545
JBH,20181203,23.5,23.6,23.19,23.4,566140
JCI,20181203,0.575,0.585,0.57,0.585,309421
JDR,20181203,0.012,0.013,0.012,0.013,422357
JHC,20181203,1.17,1.18,1.137,1.17,643640
JHG,20181203,31.79,32.3,31.79,32.15,872180
JHX,20181203,16.11,16.27,15.91,16.15,1357062
JIN,20181203,8.2,8.48,8.2,8.38,116089
JJF,20181203,0.135,0.135,0.13,0.13,21490
JLG,20181203,0.82,0.85,0.815,0.815,69689
JMS,20181203,0.285,0.29,0.28,0.285,975588
JPR,20181203,0.052,0.052,0.052,0.052,87
JRL,20181203,0.275,0.275,0.275,0.275,9328
JRV,20181203,0.195,0.23,0.195,0.23,770271
K2F,20181203,0.175,0.175,0.165,0.165,65000
KAI,20181203,0.025,0.026,0.025,0.025,686384
KAM,20181203,0.091,0.091,0.091,0.091,40000
KAR,20181203,0.965,1.01,0.965,1,712369
KAS,20181203,0.009,0.009,0.009,0.009,461116
KCN,20181203,0.17,0.17,0.165,0.165,45100
KDR,20181203,1.39,1.425,1.34,1.35,3214766
KFE,20181203,0.105,0.105,0.098,0.098,388738
KGL,20181203,0.33,0.33,0.31,0.31,6593
KGN,20181203,3.29,3.49,3.25,3.44,1197961
KII,20181203,2.44,2.44,2.44,2.44,27800
KIN,20181203,0.079,0.08,0.079,0.08,69318
KKT,20181203,0.25,0.25,0.25,0.25,740
KLA,20181203,28.02,28.52,28.02,28.25,1499
KLL,20181203,0.36,0.36,0.36,0.36,10
KMD,20181203,2.53,2.66,2.53,2.65,82482
KME,20181203,0.74,0.75,0.74,0.75,29299
KMT,20181203,0.018,0.019,0.018,0.018,2674089
KNL,20181203,0.13,0.13,0.13,0.13,51263
KNM,20181203,0.029,0.031,0.029,0.031,214000
KOR,20181203,0.026,0.028,0.026,0.028,798450
KOV,20181203,2.55,2.55,2.51,2.51,7374
KP2,20181203,0.14,0.14,0.14,0.14,8500
KPG,20181203,1.13,1.13,1.13,1.13,232
KRC,20181203,0.036,0.036,0.034,0.036,1413851
KRL,20181203,0.145,0.15,0.145,0.15,1860060
KRM,20181203,0.057,0.06,0.057,0.06,75922
KRX,20181203,0.16,0.16,0.16,0.16,25000
KSL,20181203,0.975,0.975,0.97,0.97,18879
KSM,20181203,2.24,2.24,2.24,2.24,2233
KSN,20181203,0.02,0.02,0.019,0.019,1032514
KSS,20181203,0.097,0.098,0.09,0.095,259885
KTD,20181203,0.455,0.46,0.435,0.435,521455
KTE,20181203,0.006,0.006,0.006,0.006,350000
KWR,20181203,0.175,0.175,0.155,0.155,75617
KZA,20181203,0.405,0.405,0.4,0.405,71440
KZR,20181203,0.105,0.105,0.1,0.1,700000
LAU,20181203,0.37,0.37,0.37,0.37,3500
LBL,20181203,0.22,0.22,0.22,0.22,10000
LBT,20181203,0.095,0.095,0.093,0.093,110000
LCA,20181203,0.89,0.9,0.89,0.9,130000
LCD,20181203,0.018,0.018,0.018,0.018,100000
LCK,20181203,0.14,0.14,0.125,0.135,402366
LCM,20181203,0.13,0.13,0.13,0.13,26140
LCT,20181203,0.041,0.041,0.04,0.04,598007
LEG,20181203,0.034,0.034,0.033,0.033,209085
LEP,20181203,5.08,5.15,4.9,4.91,84081
LER,20181203,0.05,0.05,0.05,0.05,72010
LEX,20181203,0.185,0.185,0.185,0.185,9000
LGD,20181203,0.3,0.3,0.285,0.285,55300
LI3,20181203,0.071,0.071,0.06,0.06,97806
LIC,20181203,5.49,5.595,5.44,5.51,18083
LIT,20181203,0.1,0.105,0.1,0.1,535127
LKE,20181203,0.115,0.115,0.11,0.115,279727
LLC,20181203,12.79,13.18,12.75,13.14,1527333
LLO,20181203,0.37,0.42,0.37,0.42,30526
LML,20181203,0.006,0.006,0.006,0.006,155813
LMW,20181203,0.46,0.46,0.43,0.44,102301
LNG,20181203,0.475,0.535,0.475,0.53,2227207
LNK,20181203,7.13,7.2,7.02,7.07,1922013
LNU,20181203,0.06,0.062,0.06,0.061,1061728
LNY,20181203,0.004,0.004,0.004,0.004,19444686
LOM,20181203,0.205,0.205,0.2,0.205,176792
LON,20181203,0.33,0.37,0.33,0.35,181668
LOV,20181203,7.95,8.08,7.82,7.92,215460
LPD,20181203,0.017,0.018,0.017,0.017,1471635
LPI,20181203,0.265,0.265,0.265,0.265,156898
LRM,20181203,0.125,0.13,0.125,0.13,277199
LRS,20181203,0.004,0.004,0.003,0.003,4242524
LSF,20181203,1.42,1.45,1.41,1.435,2044311
LSH,20181203,0.076,0.076,0.076,0.076,15964
LSX,20181203,0.345,0.355,0.345,0.35,58641
LTR,20181203,0.025,0.026,0.025,0.026,494258
LVH,20181203,0.515,0.52,0.495,0.505,87688
LVT,20181203,0.39,0.39,0.37,0.38,529809
LYC,20181203,2.14,2.28,2.14,2.25,4431068
LYL,20181203,5,5.02,4.99,5,39705
M7T,20181203,0.21,0.225,0.21,0.225,66005
MA1,20181203,0.8,0.8,0.795,0.795,52533
MAH,20181203,0.24,0.24,0.235,0.235,472187
MAI,20181203,0.63,0.65,0.63,0.65,34942
MAQ,20181203,21.4,22.7,21.4,21.9,43494
MAU,20181203,0.135,0.135,0.12,0.12,57445
MAY,20181203,0.016,0.016,0.015,0.015,806105
MBK,20181203,0.013,0.013,0.012,0.012,1084893
MCA,20181203,0.2,0.21,0.2,0.21,702928
MCE,20181203,0.42,0.425,0.42,0.425,27600
MCP,20181203,1.31,1.35,1.3,1.35,90525
MCR,20181203,0.35,0.355,0.345,0.355,240373
MCT,20181203,0.019,0.019,0.019,0.019,147195
MCY,20181203,3.28,3.32,3.25,3.32,8166
MDC,20181203,0.4,0.4,0.38,0.38,26750
MDI,20181203,0.005,0.005,0.005,0.005,305750
MDR,20181203,0.038,0.04,0.038,0.039,1718821
MDX,20181203,0.011,0.011,0.011,0.011,236505
MEB,20181203,0.042,0.044,0.042,0.042,130145
MEC,20181203,0.98,0.98,0.935,0.96,50691
MEI,20181203,0.015,0.015,0.015,0.015,100000
MEM,20181203,0.033,0.033,0.032,0.032,261622
MEY,20181203,0.085,0.085,0.085,0.085,50000
MEZ,20181203,3.08,3.13,3.08,3.13,79953
MFD,20181203,0.845,0.845,0.845,0.845,2050
MFF,20181203,2.7,2.74,2.68,2.72,246503
MFG,20181203,26.44,27.62,26.44,27.45,596316
MGC,20181203,0.31,0.31,0.305,0.305,177123
MGE,20181203,3.25,3.26,3.23,3.26,3533306
MGG,20181203,1.67,1.695,1.67,1.69,523305
MGP,20181203,0.18,0.19,0.17,0.17,259872
MGR,20181203,2.2,2.23,2.2,2.23,4647212
MGV,20181203,0.11,0.115,0.097,0.097,6249252
MGX,20181203,0.52,0.547,0.52,0.535,861840
MHC,20181203,0.007,0.007,0.006,0.006,9721869
MHG,20181203,3.1,3.1,3.1,3.1,68742
MHJ,20181203,0.615,0.635,0.6,0.6,5951
MIL,20181203,0.23,0.24,0.23,0.24,86080
MIN,20181203,15.59,15.77,15.35,15.64,1680324
MIR,20181203,2.57,2.62,2.57,2.57,33184
MJC,20181203,0.028,0.028,0.028,0.028,25000
MKG,20181203,0.125,0.125,0.125,0.125,32124
MLD,20181203,0.91,0.975,0.905,0.97,661308
MLM,20181203,0.035,0.035,0.035,0.035,17500
MLS,20181203,0.003,0.003,0.003,0.003,499000
MLT,20181203,4.39,4.45,4.38,4.45,206921
MLX,20181203,0.43,0.435,0.415,0.43,1324181
MMI,20181203,0.16,0.165,0.16,0.16,226378
MMJ,20181203,0.26,0.285,0.255,0.28,596031
MML,20181203,0.32,0.32,0.305,0.305,45363
MMM,20181203,0.49,0.495,0.48,0.487,24019
MMR,20181203,0.013,0.013,0.013,0.013,13418
MMS,20181203,14.42,14.58,14.14,14.31,170428
MND,20181203,14.2,14.575,13.95,14.57,217095
MNF,20181203,4.02,4.03,3.92,3.93,49934
MNS,20181203,0.32,0.325,0.315,0.315,109818
MNW,20181203,0.03,0.03,0.028,0.028,763934
MNY,20181203,1.69,1.735,1.685,1.73,161847
MOAT,20181203,63.71,63.8,63.55,63.61,17014
MOB,20181203,0.099,0.099,0.099,0.099,20000
MOC,20181203,1.25,1.25,1.235,1.25,48934
MOD,20181203,0.36,0.375,0.36,0.375,118551
MOE,20181203,4.96,4.96,4.8,4.85,3444
MOH,20181203,0.12,0.12,0.12,0.12,75000
MOY,20181203,0.19,0.19,0.19,0.19,70507
MP1,20181203,3.99,4.07,3.81,3.88,197747
MPL,20181203,2.41,2.47,2.41,2.44,8024187
MPW,20181203,0.17,0.17,0.165,0.165,23045
MPX,20181203,0.29,0.29,0.29,0.29,82000
MQG,20181203,116.35,118.06,116,117.61,714498
MRG,20181203,0.094,0.094,0.09,0.091,1101930
MRM,20181203,0.18,0.2,0.17,0.2,882221
MRN,20181203,1.83,1.83,1.83,1.83,666
MRP,20181203,0.08,0.08,0.08,0.08,371
MRQ,20181203,0.005,0.005,0.005,0.005,747300
MRV,20181203,0.008,0.008,0.007,0.008,3797954
MSB,20181203,1.325,1.385,1.315,1.33,1266474
MSE,20181203,0.008,0.008,0.008,0.008,552924
MSR,20181203,0.004,0.004,0.004,0.004,3441374
MSV,20181203,0.039,0.039,0.039,0.039,2000000
MTC,20181203,0.035,0.035,0.035,0.035,13000
MTO,20181203,1.92,1.92,1.92,1.92,12
MTS,20181203,2.74,2.75,2.55,2.63,7114429
MUA,20181203,0.77,0.775,0.765,0.775,873127
MVA,20181203,21.16,21.18,21.13,21.13,4370
MVB,20181203,26.08,26.25,26.08,26.18,3891
MVE,20181203,26.04,26.21,26.04,26.21,422
MVF,20181203,0.96,0.99,0.95,0.99,191424
MVP,20181203,4.3,4.4,4.13,4.29,39237
MVR,20181203,24.24,24.53,24.24,24.53,2809
MVS,20181203,19.19,19.19,19.14,19.14,1088
MVW,20181203,26.83,27.08,26.83,27.08,33132
MWR,20181203,4.2,4.33,3.85,4.23,170294
MWY,20181203,3.17,3.17,3.11,3.15,27432
MX1,20181203,0.37,0.37,0.37,0.37,10695
MXC,20181203,0.044,0.045,0.043,0.043,2666650
MXI,20181203,0.54,0.55,0.54,0.55,68422
MXT,20181203,2.08,2.09,2.08,2.08,398157
MYE,20181203,1.16,1.2,1.16,1.16,43755
MYL,20181203,0.063,0.066,0.062,0.062,2035806
MYO,20181203,3.49,3.515,3.47,3.51,1630408
MYQ,20181203,0.31,0.31,0.3,0.3,28950
MYR,20181203,0.465,0.465,0.44,0.445,1213535
MYS,20181203,4.41,4.46,4.41,4.43,22652
MYX,20181203,0.98,1.005,0.98,0.99,4558494
MZN,20181203,0.006,0.006,0.006,0.006,352900
MZZ,20181203,0.25,0.25,0.25,0.25,110000
N27,20181203,0.075,0.075,0.068,0.07,343954
NAB,20181203,24.96,24.96,24.54,24.61,4853857
NAE,20181203,0.007,0.007,0.007,0.007,253570
NAG,20181203,0.066,0.066,0.066,0.066,7100
NAN,20181203,3.15,3.24,3.15,3.16,909854
NBI,20181203,2.01,2.01,2,2,431706
NBL,20181203,2.9,2.9,2.86,2.9,29997
NC6,20181203,0.078,0.078,0.07,0.07,230056
NCC,20181203,1.165,1.165,1.15,1.155,16500
NCK,20181203,5.34,5.45,5.33,5.41,36210
NCL,20181203,0.009,0.009,0.009,0.009,500000
NCM,20181203,20.75,20.81,20.37,20.46,2221126
NCZ,20181203,0.84,0.89,0.825,0.855,1196389
NDQ,20181203,16.61,16.77,16.61,16.71,117684
NEA,20181203,1.645,1.75,1.645,1.73,1443759
NEC,20181203,1.75,1.775,1.73,1.77,8253982
NES,20181203,0.17,0.17,0.17,0.17,3690
NET,20181203,0.025,0.026,0.025,0.026,275408
NEU,20181203,1.4,1.43,1.355,1.37,147011
NEW,20181203,1.41,1.42,1.4,1.41,99579
NGE,20181203,0.61,0.61,0.61,0.61,4000
NGI,20181203,4.65,4.79,4.57,4.63,357319
NHC,20181203,3.39,3.53,3.38,3.48,1380707
NHF,20181203,5.03,5.07,4.98,5.03,943856
NHL,20181203,0.029,0.029,0.029,0.029,255000
NIC,20181203,0.265,0.265,0.26,0.26,254961
NKP,20181203,0.071,0.071,0.071,0.071,45000
NME,20181203,0.01,0.01,0.01,0.01,201684
NML,20181203,0.057,0.057,0.055,0.055,173144
NMS,20181203,0.23,0.25,0.23,0.25,5778
NMT,20181203,0.25,0.25,0.225,0.23,1105510
NNW,20181203,0.069,0.072,0.068,0.068,115393
NOR,20181203,0.005,0.005,0.004,0.004,2073114
NOX,20181203,0.53,0.54,0.525,0.525,47703
NSC,20181203,0.74,0.75,0.74,0.75,101765
NSR,20181203,1.745,1.755,1.735,1.745,1420141
NST,20181203,7.91,8.02,7.79,7.84,2931789
NTC,20181203,0.73,0.745,0.72,0.72,81855
NTD,20181203,0.57,0.57,0.53,0.57,197191
NTI,20181203,0.054,0.054,0.054,0.054,62422
NTL,20181203,0.014,0.014,0.014,0.014,177857
NTM,20181203,0.037,0.038,0.035,0.035,39000
NTU,20181203,0.075,0.08,0.07,0.072,6429751
NUF,20181203,6.2,6.385,6.09,6.28,1778381
NUS,20181203,0.17,0.17,0.17,0.17,6437
NVA,20181203,0.022,0.024,0.022,0.022,1377412
NVL,20181203,2.04,2.04,2.02,2.02,27565
NVT,20181203,5.08,5.18,5.045,5.14,1616142
NVU,20181203,0.12,0.12,0.094,0.1,4688671
NVX,20181203,0.365,0.37,0.365,0.37,20710
NWC,20181203,0.025,0.025,0.025,0.025,50000
NWF,20181203,0.155,0.165,0.155,0.165,205048
NWH,20181203,1.88,2.02,1.88,1.965,2735831
NWL,20181203,8.51,8.7,8.49,8.56,204874
NWM,20181203,0.18,0.18,0.15,0.17,105000
NWS,20181203,18.39,18.61,18.39,18.59,80320
NXE,20181203,0.05,0.05,0.05,0.05,26000
NXM,20181203,0.05,0.05,0.05,0.05,25000
NXT,20181203,6.51,6.68,6.5,6.65,2665809
NZC,20181203,0.27,0.285,0.27,0.27,48853
NZK,20181203,2.31,2.31,2.2,2.23,10363
NZM,20181203,0.47,0.48,0.47,0.475,41227
OBJ,20181203,0.019,0.019,0.019,0.019,576073
OCC,20181203,0.21,0.21,0.19,0.19,37255
OCL,20181203,2.56,2.57,2.56,2.57,8067
ODA,20181203,0.21,0.22,0.2,0.2,29032
ODM,20181203,0.125,0.125,0.125,0.125,2121
OEC,20181203,0.51,0.51,0.505,0.505,31923
OEL,20181203,0.045,0.047,0.045,0.047,2159937
OEX,20181203,0.006,0.006,0.006,0.006,100000
OFX,20181203,1.73,1.837,1.73,1.8,221287
OGA,20181203,0.155,0.17,0.155,0.16,205000
OGC,20181203,4.01,4.01,3.92,3.94,70778
OGX,20181203,0.009,0.009,0.008,0.008,2034221
OKU,20181203,0.26,0.285,0.26,0.285,50000
OLI,20181203,0.11,0.11,0.11,0.11,10000
OLV,20181203,0.029,0.029,0.029,0.029,14177
OMH,20181203,1.39,1.42,1.365,1.4,188211
OML,20181203,4.42,4.47,4.38,4.4,786837
OMN,20181203,0.82,0.82,0.775,0.79,226787
ONT,20181203,6.14,6.14,6.14,6.14,2000
ONX,20181203,0.265,0.265,0.255,0.255,75025
OOK,20181203,0.013,0.013,0.013,0.013,608437
OOO,20181203,15,15.41,15,15.41,75021
OPN,20181203,0.032,0.032,0.028,0.028,200000
OPT,20181203,0.56,0.57,0.56,0.56,89317
ORA,20181203,3.34,3.37,3.3,3.37,3794413
ORE,20181203,4.48,4.66,4.43,4.56,1187026
ORG,20181203,6.68,6.91,6.63,6.87,9656023
ORI,20181203,17.63,18.12,17.57,17.98,2516256
ORN,20181203,0.029,0.029,0.029,0.029,188333
OSH,20181203,7.46,7.7,7.42,7.68,6211811
OSL,20181203,0.185,0.185,0.18,0.18,105641
OSP,20181203,0.13,0.13,0.12,0.12,765338
OTW,20181203,4.89,5.09,4.85,5.05,33519
OVH,20181203,0.6,0.615,0.595,0.595,315276
OVL,20181203,0.005,0.005,0.004,0.004,2130000
OVN,20181203,0.28,0.28,0.255,0.255,48553
OZF,20181203,19.19,19.2,19.16,19.17,12440
OZL,20181203,9.07,9.28,8.98,9.23,2257415
OZR,20181203,9.88,10.09,9.85,10.09,74357
P2P,20181203,0.72,0.72,0.7,0.7,15238
PAA,20181203,0.039,0.039,0.039,0.039,46921
PAB,20181203,0.027,0.027,0.027,0.027,425000
PAC,20181203,5.77,5.83,5.58,5.72,98380
PAF,20181203,1.1,1.105,1.1,1.105,10000
PAI,20181203,1.145,1.165,1.14,1.15,251283
PAK,20181203,0.041,0.041,0.04,0.04,416438
PAN,20181203,0.37,0.4,0.36,0.39,963457
PAR,20181203,1.175,1.2,1.15,1.17,886115
PBP,20181203,1.49,1.495,1.48,1.49,46224
PBT,20181203,0.038,0.039,0.038,0.039,135380
PBX,20181203,0.018,0.019,0.016,0.016,1596424
PCG,20181203,2.44,2.5,2.44,2.5,2582
PCK,20181203,0.044,0.044,0.043,0.043,907492
PCL,20181203,0.003,0.003,0.002,0.002,3258000
PDI,20181203,0.013,0.013,0.013,0.013,36500
PDL,20181203,8.58,8.86,8.56,8.86,4606134
PDN,20181203,0.2,0.205,0.195,0.195,667491
PDZ,20181203,0.425,0.425,0.425,0.425,2000
PEA,20181203,0.625,0.63,0.62,0.63,161608
PEK,20181203,0.029,0.029,0.028,0.028,385710
PEN,20181203,0.21,0.21,0.195,0.205,124528
PET,20181203,0.375,0.38,0.355,0.37,624243
PEX,20181203,0.55,0.56,0.54,0.55,349172
PFP,20181203,2.67,2.675,2.63,2.67,35199
PG1,20181203,0.165,0.18,0.165,0.18,55001
PGC,20181203,0.645,0.645,0.615,0.615,719636
PGF,20181203,1.195,1.215,1.195,1.215,202626
PGH,20181203,3.5,3.65,3.47,3.62,942718
PGI,20181203,0.022,0.022,0.022,0.022,1799
PGM,20181203,0.058,0.063,0.058,0.063,62079
PGR,20181203,0.26,0.265,0.245,0.245,11925
PGX,20181203,0.355,0.395,0.355,0.395,78951
PIA,20181203,1.075,1.09,1.075,1.09,132828
PIC,20181203,1.065,1.08,1.06,1.075,123973
PIN,20181203,0.25,0.25,0.25,0.25,348
PIO,20181203,0.016,0.016,0.015,0.016,322585
PIQ,20181203,0.46,0.48,0.46,0.47,104330
PL8,20181203,1.005,1.03,1.005,1.015,308434
PLG,20181203,1.185,1.185,1.175,1.175,2894953
PLL,20181203,0.12,0.13,0.11,0.12,3055655
PLS,20181203,0.85,0.875,0.84,0.84,10695801
PLX,20181203,0.77,0.77,0.77,0.77,1948
PM1,20181203,0.014,0.014,0.014,0.014,133386
PM8,20181203,0.018,0.018,0.017,0.018,1455953
PMC,20181203,1.795,1.8,1.76,1.76,168904
PME,20181203,10.12,10.59,10.12,10.49,136686
PMP,20181203,0.215,0.215,0.2,0.2,89491
PMV,20181203,16.97,17.1,16.77,16.86,135082
PMY,20181203,0.005,0.005,0.005,0.005,449312
PNC,20181203,2.99,3.04,2.98,2.98,35575
PNI,20181203,5.85,6.06,5.73,5.98,620831
PNL,20181203,0.18,0.18,0.18,0.18,10
PNR,20181203,0.2,0.215,0.2,0.215,811360
PNV,20181203,0.595,0.61,0.59,0.6,1279176
PNX,20181203,0.009,0.009,0.009,0.009,56000
PO3,20181203,4.79,5.1,4.08,4.2,109656
POH,20181203,0.003,0.003,0.002,0.002,3383640
POS,20181203,0.042,0.043,0.042,0.043,2200071
POU,20181203,17.07,17.07,17.02,17.02,16300
POW,20181203,0.021,0.021,0.019,0.02,616521
PPC,20181203,1.05,1.05,1.035,1.04,55421
PPE,20181203,2.12,2.12,2.05,2.12,58933
PPG,20181203,0.21,0.22,0.21,0.22,139835
PPH,20181203,3.14,3.15,3.12,3.12,69093
PPK,20181203,0.825,0.83,0.745,0.75,243992
PPL,20181203,0.09,0.09,0.09,0.09,58001
PPS,20181203,0.71,0.78,0.71,0.78,1740198
PPT,20181203,35.3,36.63,35.3,36.46,147621
PPY,20181203,0.01,0.01,0.009,0.009,312520
PRL,20181203,0.003,0.003,0.002,0.002,2390000
PRO,20181203,0.33,0.33,0.33,0.33,5750
PRT,20181203,0.225,0.225,0.225,0.225,26374
PRU,20181203,0.345,0.36,0.34,0.36,2213685
PRX,20181203,0.078,0.078,0.076,0.077,228090
PRY,20181203,2.71,2.72,2.64,2.65,1780995
PRZ,20181203,0.14,0.14,0.14,0.14,4100
PSA,20181203,0.115,0.115,0.115,0.115,56295
PSC,20181203,0.025,0.026,0.025,0.025,186000
PSI,20181203,2.565,2.59,2.52,2.59,28661
PSQ,20181203,1.365,1.38,1.365,1.38,8314
PSZ,20181203,0.125,0.13,0.125,0.13,114100
PTB,20181203,0.6,0.6,0.6,0.6,1000
PTL,20181203,0.285,0.285,0.285,0.285,65000
PTM,20181203,5.47,5.65,5.47,5.61,2138535
PTX,20181203,0.08,0.08,0.079,0.08,108792
PUA,20181203,0.048,0.048,0.045,0.046,701000
PUN,20181203,0.018,0.019,0.018,0.018,315692
PUR,20181203,0.03,0.03,0.029,0.029,1094595
PVD,20181203,0.022,0.022,0.022,0.022,169298
PVS,20181203,1.785,1.8,1.78,1.8,25000
PWH,20181203,3.71,3.72,3.61,3.67,40348
PYC,20181203,0.029,0.029,0.029,0.029,491250
QAG,20181203,6.05,6.17,6.05,6.08,1120
QAN,20181203,6.06,6.14,5.95,5.99,8257536
QAU,20181203,12.55,12.6,12.52,12.6,9020
QBE,20181203,11.42,11.59,11.36,11.55,2787276
QCB,20181203,8.5,8.5,8.5,8.5,117
QFN,20181203,10.73,10.74,10.72,10.74,8122
QGL,20181203,0.002,0.002,0.002,0.002,220000
QHL,20181203,0.074,0.075,0.074,0.075,94625
QIP,20181203,1.51,1.512,1.5,1.51,279636
QMIX,20181203,18.76,18.76,18.76,18.76,531
QMS,20181203,0.92,0.945,0.92,0.93,86443
QOZ,20181203,12.66,12.69,12.66,12.69,35323
QRE,20181203,5.5,5.62,5.5,5.62,28831
QRI,20181203,1.69,1.69,1.65,1.65,82191
QTM,20181203,0.024,0.024,0.024,0.024,2892
QUAL,20181203,23.76,24.34,23.7,23.77,40662
QUB,20181203,2.67,2.71,2.665,2.69,3328246
QUS,20181203,34.23,34.23,34.23,34.23,100
QVE,20181203,1.09,1.105,1.09,1.1,158879
RAC,20181203,0.105,0.105,0.099,0.099,303091
RAN,20181203,0.027,0.027,0.027,0.027,5184
RAP,20181203,0.105,0.115,0.105,0.11,325963
RARI,20181203,23.57,23.57,23.57,23.57,4680
RBL,20181203,1.17,1.25,1.17,1.22,403442
RBO,20181203,0.013,0.013,0.013,0.013,189999
RBR,20181203,0.013,0.013,0.013,0.013,1110408
RCB,20181203,20.09,20.16,20.08,20.08,14782
RCE,20181203,0.185,0.185,0.18,0.18,52548
RCL,20181203,0.36,0.36,0.36,0.36,79391
RCP,20181203,0.04,0.04,0.04,0.04,50
RDC,20181203,1.04,1.05,1.03,1.04,870192
RDF,20181203,0.425,0.43,0.425,0.43,8
RDG,20181203,0.024,0.024,0.024,0.024,41666
RDH,20181203,2.33,2.39,2.33,2.35,40351
RDM,20181203,0.12,0.12,0.115,0.115,55631
RDN,20181203,0.009,0.009,0.008,0.009,1900888
RDV,20181203,27.11,27.2,27.08,27.2,4136
REA,20181203,76.93,77.49,76.67,77.36,174236
RED,20181203,0.07,0.07,0.07,0.07,199796
REF,20181203,0.031,0.031,0.031,0.031,450188
REG,20181203,2.75,2.77,2.7,2.7,433598
REH,20181203,10.41,10.41,10.18,10.19,92586
RES,20181203,0.068,0.069,0.068,0.069,52986
REV,20181203,0.016,0.016,0.016,0.016,35000
REX,20181203,1.485,1.515,1.485,1.5,4724
RFF,20181203,2.18,2.25,2.18,2.25,384178
RFG,20181203,0.375,0.405,0.375,0.4,672145
RFN,20181203,0.007,0.007,0.007,0.007,300000
RFR,20181203,0.1,0.1,0.1,0.1,10000
RFT,20181203,0.034,0.034,0.034,0.034,55000
RFX,20181203,0.094,0.096,0.092,0.096,589328
RGB,20181203,21.14,21.14,21.14,21.14,3057
RGI,20181203,0.38,0.41,0.38,0.4,306852
RGL,20181203,0.084,0.086,0.084,0.085,101215
RGP,20181203,0.052,0.054,0.052,0.054,470000
RGS,20181203,0.21,0.21,0.19,0.195,328834
RHC,20181203,55.2,55.37,54.51,54.76,237593
RHL,20181203,3.01,3.14,3.01,3.09,190095
RHP,20181203,1.25,1.26,1.21,1.235,232735
RHT,20181203,0.035,0.062,0.035,0.052,110094372
RHY,20181203,0.165,0.165,0.145,0.145,113325
RIC,20181203,1.39,1.415,1.385,1.4,1434665
RIO,20181203,74.5,75.385,74.4,74.99,2976859
RKN,20181203,0.71,0.712,0.71,0.71,1146
RLE,20181203,0.083,0.087,0.083,0.087,348180
RMD,20181203,15.2,15.35,15.2,15.32,2009402
RMI,20181203,0.009,0.009,0.009,0.009,5044
RMP,20181203,0.053,0.053,0.05,0.053,295843
RMS,20181203,0.395,0.405,0.385,0.395,501728
RMX,20181203,0.007,0.007,0.006,0.007,6587198
RMY,20181203,0.225,0.23,0.225,0.225,30217
RND,20181203,1.94,1.94,1.94,1.94,1500
RNO,20181203,0.215,0.215,0.205,0.21,115440
RNU,20181203,0.018,0.018,0.018,0.018,513157
RNX,20181203,0.003,0.003,0.003,0.003,191487
ROBO,20181203,54.5,54.5,52.8,53.2,3689
ROG,20181203,0.002,0.002,0.002,0.002,5151030
ROO,20181203,0.15,0.15,0.13,0.135,222273
RRL,20181203,4.28,4.29,4.19,4.23,1498698
RRS,20181203,0.001,0.001,0.001,0.001,500000
RSG,20181203,0.955,0.98,0.945,0.98,3897409
RSH,20181203,0.087,0.089,0.086,0.089,348256
RSM,20181203,20.6,20.6,20.55,20.55,5343
RTE,20181203,0.38,0.38,0.365,0.365,13636
RTG,20181203,0.155,0.155,0.15,0.15,559559
RTR,20181203,0.05,0.05,0.05,0.05,341189
RVA,20181203,0.2,0.2,0.2,0.2,8860
RVR,20181203,0.185,0.19,0.18,0.19,1433585
RWC,20181203,4.91,4.94,4.84,4.88,2991605
RWD,20181203,0.125,0.125,0.125,0.125,29434
RXM,20181203,0.08,0.08,0.079,0.08,421821
RXP,20181203,0.47,0.49,0.47,0.485,150357
RYD,20181203,1.17,1.17,1.165,1.165,66500
RZI,20181203,0.57,0.575,0.57,0.57,3920
S2R,20181203,0.09,0.09,0.086,0.09,249066
S32,20181203,3.23,3.33,3.21,3.32,47812395
SAR,20181203,2.49,2.55,2.46,2.54,4442223
SAS,20181203,0.061,0.063,0.057,0.059,6264613
SAU,20181203,0.17,0.17,0.17,0.17,513
SBB,20181203,0.015,0.016,0.015,0.016,205399
SBM,20181203,4.47,4.47,4.03,4.09,5266905
SBR,20181203,0.007,0.007,0.007,0.007,55365
SBW,20181203,0.31,0.34,0.31,0.34,46284
SCG,20181203,3.94,4,3.92,4,8858280
SCI,20181203,0.014,0.014,0.014,0.014,419469
SCL,20181203,0.014,0.014,0.014,0.014,100000
SCO,20181203,4.39,4.39,4.38,4.39,11844250
SCP,20181203,2.66,2.68,2.64,2.67,2072030
SCT,20181203,0.215,0.215,0.215,0.215,19330
SCU,20181203,0.025,0.025,0.023,0.023,2458605
SDA,20181203,3.37,3.52,3.36,3.51,1301552
SDF,20181203,2.71,2.785,2.705,2.78,1405724
SDG,20181203,1.395,1.43,1.395,1.395,14051
SDI,20181203,0.595,0.605,0.595,0.605,14233
SDX,20181203,0.08,0.08,0.079,0.079,39597
SE1,20181203,0.14,0.145,0.14,0.145,529799
SEA,20181203,0.053,0.057,0.052,0.054,66417246
SEC,20181203,1.8,1.81,1.8,1.81,21493
SEK,20181203,18.45,18.97,18.4,18.91,1076792
SEN,20181203,0.095,0.097,0.093,0.096,1471357
SEQ,20181203,0.3,0.3,0.3,0.3,3600
SER,20181203,0.007,0.007,0.006,0.006,25021526
SES,20181203,0.061,0.061,0.056,0.061,182000
SFC,20181203,14.8,14.9,14.8,14.8,522
SFG,20181203,0.105,0.125,0.105,0.12,1783569
SFR,20181203,6.72,6.87,6.57,6.81,1234007
SFX,20181203,0.78,0.78,0.765,0.77,18280
SFY,20181203,52.82,53.06,52.82,52.98,3173
SGC,20181203,0.031,0.033,0.031,0.031,598000
SGF,20181203,2.92,2.92,2.73,2.81,44669
SGH,20181203,2.41,2.45,2.4,2.4,6603
SGI,20181203,0.15,0.155,0.145,0.155,55000
SGM,20181203,10.8,11.41,10.8,11.24,1499735
SGP,20181203,3.65,3.75,3.64,3.75,5632685
SGQ,20181203,0.17,0.17,0.165,0.165,61615
SGR,20181203,4.47,4.495,4.41,4.49,2991445
SHJ,20181203,0.715,0.73,0.715,0.73,1070
SHL,20181203,23.09,23.09,22.54,22.64,1144769
SHM,20181203,0.605,0.61,0.605,0.61,4359
SHV,20181203,5.81,6.24,5.8,6.22,197811
SI6,20181203,0.006,0.006,0.006,0.006,500000
SIG,20181203,0.5,0.51,0.495,0.495,1618979
SIH,20181203,0.017,0.017,0.017,0.017,361484
SIL,20181203,0.4,0.4,0.385,0.385,155140
SIO,20181203,0.31,0.32,0.31,0.32,32500
SIQ,20181203,10.17,10.63,10.17,10.56,387480
SIT,20181203,0.026,0.026,0.025,0.025,878993
SIV,20181203,1.515,1.57,1.515,1.545,16215
SKC,20181203,3.37,3.43,3.33,3.43,311756
SKF,20181203,0.15,0.15,0.15,0.15,4500
SKI,20181203,2.36,2.38,2.34,2.34,17924194
SKN,20181203,0.021,0.021,0.021,0.021,350000
SKO,20181203,3,3,2.79,2.8,5450
SKT,20181203,2.2,2.2,2.15,2.18,29279
SL1,20181203,0.021,0.021,0.021,0.021,75000
SLC,20181203,1.7,1.705,1.65,1.675,238362
SLF,20181203,12.3,12.45,12.3,12.4,27563
SLK,20181203,4.21,4.225,4.15,4.15,11075
SLM,20181203,0.62,0.64,0.62,0.64,59451
SLR,20181203,0.475,0.49,0.47,0.475,521128
SLX,20181203,0.175,0.18,0.175,0.175,87100
SLZ,20181203,0.14,0.14,0.14,0.14,40000
SM1,20181203,8.7,9.02,8.67,8.81,99291
SMD,20181203,0.006,0.006,0.006,0.006,30000
SMN,20181203,0.89,0.945,0.89,0.92,104496
SMP,20181203,0.175,0.18,0.175,0.18,436448
SMR,20181203,1.005,1.02,0.99,1,163820
SMX,20181203,0.31,0.32,0.31,0.32,57565
SNC,20181203,0.88,0.88,0.88,0.88,37635
SNL,20181203,3.85,3.86,3.85,3.85,436
SNS,20181203,0.11,0.11,0.11,0.11,24000
SO4,20181203,0.45,0.45,0.44,0.45,70188
SOL,20181203,26.4,26.91,25.75,26.23,2728967
SOM,20181203,1.93,1.96,1.92,1.92,1525
SOP,20181203,0.046,0.046,0.046,0.046,1000
SOR,20181203,0.05,0.05,0.049,0.049,60000
SP3,20181203,0.185,0.185,0.185,0.185,5000
SPK,20181203,4,4.02,4,4.01,1201839
SPL,20181203,1.57,1.585,1.55,1.565,365571
SPO,20181203,1.75,1.76,1.75,1.76,4775
SPQ,20181203,0.007,0.007,0.006,0.006,388565
SPX,20181203,0.005,0.005,0.005,0.005,1800000
SPY,20181203,379.38,382,379.38,381.1,1291
SPZ,20181203,0.135,0.14,0.135,0.14,63940
SRG,20181203,0.51,0.525,0.51,0.525,376643
SRI,20181203,0.011,0.011,0.01,0.011,1086968
SRK,20181203,0.055,0.057,0.055,0.057,54566
SRN,20181203,0.007,0.008,0.007,0.008,475000
SRO,20181203,0.002,0.003,0.002,0.003,2250500
SRS,20181203,0.055,0.058,0.055,0.056,2811632
SRV,20181203,3,3,2.94,2.97,55524
SRZ,20181203,0.014,0.014,0.014,0.014,105301
SSG,20181203,0.37,0.375,0.37,0.375,69386
SSM,20181203,1.81,1.885,1.79,1.815,1220280
ST1,20181203,0.17,0.17,0.16,0.16,37123
STA,20181203,0.105,0.105,0.105,0.105,90767
STG,20181203,1.45,1.45,1.45,1.45,20600
STM,20181203,0.03,0.03,0.029,0.029,452153
STO,20181203,5.65,6.01,5.64,6,10762494
STW,20181203,53.84,54.18,53.84,54.18,97563
STX,20181203,0.098,0.1,0.098,0.1,377184
SUD,20181203,0.006,0.006,0.006,0.006,988000
SUL,20181203,7.5,7.65,7.4,7.61,782995
SUN,20181203,13.5,13.56,13.4,13.55,1702731
SUP,20181203,0.038,0.038,0.038,0.038,100000
SVD,20181203,0.021,0.021,0.021,0.021,80000
SVL,20181203,0.039,0.039,0.038,0.038,183974
SVM,20181203,0.073,0.074,0.073,0.074,35000
SVW,20181203,16.31,16.8,16.31,16.79,2605372
SVY,20181203,0.29,0.29,0.29,0.29,10000
SW1,20181203,0.245,0.245,0.245,0.245,10000
SWF,20181203,0.08,0.08,0.08,0.08,79000
SWJ,20181203,0.008,0.008,0.008,0.008,308864
SWM,20181203,0.68,0.705,0.68,0.695,1450003
SXA,20181203,0.051,0.051,0.05,0.051,129403
SXE,20181203,0.63,0.635,0.63,0.635,524588
SXL,20181203,1.08,1.095,1.077,1.09,933362
SXY,20181203,0.385,0.395,0.385,0.39,4888883
SYA,20181203,0.023,0.024,0.023,0.024,853800
SYD,20181203,6.86,6.905,6.8,6.84,3027594
SYI,20181203,26.81,26.87,26.81,26.81,6589
SYR,20181203,1.725,1.835,1.705,1.805,3875927
SYT,20181203,0.009,0.009,0.009,0.009,319083
TAH,20181203,4.35,4.39,4.32,4.34,5030277
TAO,20181203,0.125,0.125,0.125,0.125,17550
TAP,20181203,0.09,0.09,0.09,0.09,100000
TAS,20181203,0.072,0.073,0.071,0.071,786000
TAU,20181203,0.205,0.205,0.205,0.205,400000
TAW,20181203,0.305,0.315,0.305,0.315,1303179
TBH,20181203,0.061,0.067,0.061,0.065,588527
TCL,20181203,11.57,11.575,11.37,11.41,3057686
TCN,20181203,0.039,0.039,0.039,0.039,354784
TDO,20181203,0.094,0.094,0.092,0.092,28478
TEG,20181203,0.076,0.076,0.07,0.073,844424
TEK,20181203,0.22,0.23,0.22,0.23,37346
TER,20181203,0.59,0.61,0.58,0.61,537837
TFL,20181203,0.14,0.14,0.14,0.14,79
TGA,20181203,0.53,0.545,0.53,0.54,211874
TGF,20181203,2.56,2.59,2.56,2.57,71422
TGG,20181203,1.305,1.31,1.295,1.31,91386
TGN,20181203,0.29,0.3,0.29,0.3,17229
TGP,20181203,0.98,0.985,0.975,0.985,76160
TGR,20181203,4.22,4.34,4.16,4.33,393355
THC,20181203,0.52,0.52,0.505,0.505,39437
THD,20181203,0.002,0.002,0.002,0.002,228999
THR,20181203,0.026,0.026,0.025,0.025,66488
THX,20181203,0.014,0.014,0.014,0.014,6175
TIE,20181203,0.074,0.074,0.072,0.072,76973
TIG,20181203,0.04,0.04,0.039,0.04,86931
TKF,20181203,0.001,0.001,0.001,0.001,30000
TLG,20181203,0.455,0.465,0.435,0.435,118605
TLM,20181203,0.3,0.31,0.3,0.305,1416848
TLS,20181203,2.95,2.98,2.915,2.98,19663893
TLX,20181203,0.685,0.71,0.675,0.68,105750
TME,20181203,5.7,5.75,5.665,5.73,619137
TMP,20181203,0.087,0.093,0.087,0.093,273722
TMR,20181203,0.24,0.265,0.24,0.24,118610
TMT,20181203,0.42,0.43,0.42,0.425,147536
TNE,20181203,6.3,6.47,6.28,6.45,1765408
TNG,20181203,0.105,0.11,0.105,0.11,875158
TNK,20181203,1.48,1.55,1.45,1.55,17481
TNT,20181203,0.06,0.06,0.06,0.06,5000
TNY,20181203,0.31,0.31,0.31,0.31,2500
TOE,20181203,0.034,0.034,0.033,0.033,260705
TOM,20181203,0.01,0.01,0.01,0.01,1455
TON,20181203,0.043,0.043,0.042,0.042,148393
TOP,20181203,0.64,0.65,0.64,0.65,261997
TOU,20181203,0.092,0.092,0.092,0.092,10752
TPD,20181203,0.003,0.003,0.003,0.003,100000
TPE,20181203,1.235,1.265,1.185,1.2,74389
TPM,20181203,7.27,7.55,7.26,7.55,1190431
TPP,20181203,0.155,0.16,0.155,0.155,755362
TPW,20181203,1.12,1.12,1.02,1.05,43622
TRL,20181203,0.004,0.004,0.004,0.004,110000
TRS,20181203,2.88,2.93,2.78,2.81,164904
TRT,20181203,0.087,0.087,0.082,0.085,254772
TRY,20181203,0.12,0.12,0.12,0.12,209924
TSN,20181203,0.007,0.008,0.007,0.008,1523131
TTB,20181203,0.035,0.035,0.035,0.035,114285
TTI,20181203,0.032,0.034,0.032,0.033,1154092
TTL,20181203,0.016,0.018,0.016,0.017,383960
TTM,20181203,0.024,0.024,0.024,0.024,334998
TTT,20181203,2.24,2.24,2.17,2.18,132065
TTW,20181203,0.035,0.035,0.035,0.035,150000
TV2,20181203,0.004,0.006,0.004,0.006,26961600
TWD,20181203,3.7,3.8,3.7,3.8,4729
TWE,20181203,14.6,14.73,14.41,14.66,2247669
TWR,20181203,0.705,0.71,0.705,0.71,3162
TYX,20181203,0.014,0.014,0.014,0.014,75717
TZL,20181203,0.13,0.13,0.13,0.13,6
TZN,20181203,0.115,0.115,0.115,0.115,18991
UBA,20181203,19.76,19.79,19.76,19.79,6466
UBI,20181203,0.245,0.245,0.245,0.245,67000
UBN,20181203,0.046,0.046,0.046,0.046,302880
UBP,20181203,23.7,23.74,23.7,23.74,942
UBW,20181203,25.27,25.27,25.25,25.25,1050
UCM,20181203,0.15,0.15,0.135,0.15,180327
UMAX,20181203,19.33,19.33,19.32,19.32,1231
UNV,20181203,0.325,0.33,0.32,0.325,100058
URB,20181203,0.92,0.935,0.92,0.935,15713
URF,20181203,1.36,1.36,1.3,1.35,43275
URW,20181203,11.79,11.9,11.73,11.76,668650
USD,20181203,13.25,13.59,13.23,13.23,125554
UTR,20181203,0.009,0.009,0.008,0.008,5408778
VAE,20181203,60.46,61.38,60.39,60.85,9756
VAF,20181203,48.86,48.89,48.81,48.86,21919
VAH,20181203,0.195,0.2,0.19,0.19,786742
VAN,20181203,0.17,0.17,0.15,0.15,112283
VAP,20181203,78.32,79.58,78.2,79.58,12510
VAS,20181203,73.17,73.63,73.11,73.6,138546
VCF,20181203,46.3,46.3,46.18,46.29,2145
VCX,20181203,2.69,2.71,2.68,2.71,6748551
VEA,20181203,1.99,2.002,1.952,2,2261326
VEC,20181203,0.019,0.02,0.018,0.019,3910510
VEE,20181203,0.57,0.57,0.57,0.57,50000
VEN,20181203,0.185,0.185,0.18,0.185,28000
VEQ,20181203,50.83,51.005,50.8,50.85,8573
VEU,20181203,66.52,67.17,66.5,66.9,21936
VG1,20181203,2.38,2.41,2.34,2.39,224408
VGAD,20181203,66.28,66.28,65.44,65.62,19471
VGB,20181203,49.2,49.31,49.2,49.25,6209
VGE,20181203,61.74,62.5,61.49,61.49,14293
VGL,20181203,3.4,3.44,3.4,3.44,2231
VGS,20181203,68.25,68.85,68.25,68.58,30254
VHT,20181203,1.25,1.302,1.24,1.265,557643
VHY,20181203,54,54.25,53.85,54.04,32521
VIF,20181203,47.94,47.94,47.75,47.76,6385
VIV,20181203,0.031,0.033,0.031,0.033,100000
VLC,20181203,59.26,59.36,59.23,59.36,4236
VLS,20181203,0.955,0.965,0.93,0.96,9816
VLW,20181203,1.93,1.995,1.92,1.99,137786
VMC,20181203,0.17,0.17,0.17,0.17,3500
VMG,20181203,0.002,0.002,0.002,0.002,9500000
VML,20181203,0.007,0.007,0.007,0.007,1550000
VMS,20181203,0.023,0.023,0.023,0.023,161017
VMT,20181203,0.048,0.05,0.048,0.05,67516
VMX,20181203,0.25,0.26,0.25,0.26,68600
VMY,20181203,0.062,0.063,0.062,0.062,1394848
VN8,20181203,0.105,0.105,0.105,0.105,58226
VOC,20181203,3.39,3.535,3.37,3.49,2953390
VP7,20181203,0.035,0.035,0.035,0.035,30000
VRC,20181203,0.021,0.021,0.02,0.02,385396
VRL,20181203,2.47,2.565,2.47,2.51,151673
VRM,20181203,0.016,0.019,0.016,0.019,1837500
VRS,20181203,0.115,0.115,0.115,0.115,115000
VRT,20181203,4.94,4.99,4.7,4.99,255588
VRX,20181203,0.15,0.155,0.15,0.15,246249
VSO,20181203,53.27,53.88,53.27,53.84,8874
VTG,20181203,1.1,1.135,1.095,1.135,220596
VTH,20181203,0.99,1,0.96,1,112691
VTI,20181203,0.17,0.17,0.17,0.17,2729
VTS,20181203,194.27,196.03,194.27,195.1,15509
VVR,20181203,2.09,2.11,2.08,2.11,1247823
VXR,20181203,0.175,0.175,0.17,0.175,223748
WAA,20181203,1.05,1.05,1.05,1.05,10000
WAF,20181203,0.295,0.295,0.29,0.295,222127
WAM,20181203,2.23,2.25,2.22,2.22,625005
WAT,20181203,2.31,2.4,2.31,2.4,2958
WAX,20181203,1.4,1.41,1.39,1.39,188208
WBA,20181203,1.685,1.72,1.68,1.7,18234
WBC,20181203,26.23,26.33,26.03,26.25,5081483
WBE,20181203,0.004,0.004,0.004,0.004,1185000
WBT,20181203,0.029,0.03,0.028,0.029,2699548
WCN,20181203,0.013,0.014,0.013,0.013,710000
WDIV,20181203,18.6,18.8,18.47,18.49,6701
WEB,20181203,12.07,12.52,12,12.52,680542
WEC,20181203,0.069,0.069,0.069,0.069,10092
WEL,20181203,0.032,0.032,0.032,0.032,20000
WEMG,20181203,20.22,20.33,20.15,20.15,6100
WES,20181203,32.01,32.21,31.55,31.71,3405519
WGB,20181203,2.09,2.1,2.08,2.09,180703
WGF,20181203,0.895,0.895,0.88,0.88,14348
WGN,20181203,3.2,3.32,3.14,3.16,153034
WGX,20181203,0.98,1.03,0.96,1.01,342882
WHA,20181203,0.935,0.945,0.93,0.94,78678
WHC,20181203,4.32,4.48,4.295,4.45,5568606
WHF,20181203,4.36,4.37,4.33,4.37,19616
WHK,20181203,0.054,0.054,0.048,0.05,3338119
WIC,20181203,1.05,1.07,1.05,1.06,21550
WKT,20181203,0.093,0.093,0.09,0.091,637101
WLC,20181203,0.008,0.008,0.008,0.008,86638
WLD,20181203,0.053,0.053,0.052,0.053,167901
WLE,20181203,1.095,1.115,1.09,1.105,473640
WLL,20181203,5.03,5.1,5.03,5.1,21237
WMI,20181203,1.31,1.36,1.31,1.35,116054
WMK,20181203,0.815,0.83,0.815,0.83,86941
WML,20181203,0.082,0.082,0.082,0.082,2000
WND,20181203,0.965,0.965,0.96,0.96,1000
WOA,20181203,0.115,0.115,0.115,0.115,5210
WOR,20181203,13.6,14.01,13.45,14.01,4009400
WOW,20181203,29.16,29.32,28.89,29.15,3025148
WPL,20181203,31.3,32.21,31.29,32.16,2699484
WPP,20181203,0.61,0.625,0.58,0.6,114522
WQG,20181203,1.05,1.05,1.045,1.045,8193
WRLD,20181203,12.08,12.08,12.08,12.08,3305
WRM,20181203,0.005,0.006,0.005,0.006,930000
WSA,20181203,2.24,2.365,2.23,2.36,2239624
WSI,20181203,0.015,0.015,0.013,0.013,2580279
WTC,20181203,19.5,19.9,19.14,19.88,695160
WTP,20181203,0.92,0.92,0.92,0.92,8036186
WWG,20181203,0.41,0.43,0.41,0.43,145800
WWI,20181203,0.012,0.012,0.012,0.012,83333
WXHG,20181203,22.17,22.29,22.17,22.22,2596
WXOZ,20181203,29.17,29.17,29.17,29.17,22
WZR,20181203,0.048,0.048,0.046,0.046,200000
XF1,20181203,0.49,0.49,0.475,0.49,1105631
XIP,20181203,1.445,1.445,1.41,1.44,54241
XPD,20181203,0.027,0.027,0.027,0.027,125092
XPE,20181203,0.002,0.003,0.002,0.003,296500
XRO,20181203,40.41,41.6,40.35,40.92,570113
XST,20181203,0.004,0.004,0.004,0.004,2153030
XTE,20181203,0.415,0.43,0.415,0.43,62394
YBR,20181203,0.092,0.092,0.091,0.091,72500
YMAX,20181203,8.2,8.27,8.08,8.08,50245
YOJ,20181203,0.074,0.077,0.074,0.077,1114042
YOW,20181203,0.095,0.098,0.095,0.098,12500
YPB,20181203,0.014,0.016,0.014,0.015,1916427
Z1P,20181203,1.1,1.12,1.08,1.12,11313133
ZEL,20181203,5.45,5.45,5.32,5.4,4784
ZEN,20181203,0.69,0.72,0.69,0.715,109120
ZER,20181203,0.305,0.315,0.3,0.315,22929
ZIP,20181203,0.014,0.014,0.014,0.014,249165
ZLD,20181203,0.052,0.053,0.05,0.051,183171
ZMI,20181203,0.004,0.004,0.004,0.004,1500000
ZNC,20181203,0.075,0.075,0.075,0.075,5500
ZNO,20181203,0.085,0.085,0.083,0.083,46840
ZUSD,20181203,10.48,10.48,10.47,10.47,10978
ZYUS,20181203,12.99,13.02,12.99,13.02,1421
XAF,20181203,5508.1,5599.4,5508.1,5598,0
XAO,20181203,5749.3,5856.3,5749.3,5856.3,0
XAT,20181203,5610.7,5715.1,5610.7,5715.1,0
XDJ,20181203,2145.4,2188.6,2145.4,2179.6,0
XEC,20181203,1244.6,1267.5,1244.6,1267.5,0
XEJ,20181203,9928.7,10393.6,9928.7,10387.1,0
XFJ,20181203,5742.3,5807.4,5742.3,5790.7,0
XFL,20181203,5554.7,5646.4,5554.7,5644.5,0
XGD,20181203,4956.7,4962.5,4884.5,4907.2,0
XHJ,20181203,27954.3,28768.8,27954.3,28687.9,0
XIJ,20181203,1111.2,1142.3,1111.2,1138.1,0
XJO,20181203,5667.2,5771.2,5667.2,5771.2,0
XJR,20181203,3864.3,4012.1,3864.3,4008.1,0
XKO,20181203,5623.7,5727.4,5623.7,5727.4,0
XMD,20181203,6229.1,6386.1,6229.1,6386.1,0
XMJ,20181203,10751.5,11085.2,10751.5,11068.9,0
XMM,20181203,3417.2,3539.3,3417.2,3531,0
XNJ,20181203,5738.7,5842,5738.7,5797.8,0
XPJ,20181203,1376.8,1400,1376.8,1400,0
XSJ,20181203,10200,10381.1,10200,10381.1,0
XSO,20181203,2573.8,2641.5,2573.8,2641.5,0
XTJ,20181203,1082.8,1103.8,1082.8,1103.8,0
XTL,20181203,3164.4,3217.4,3164.4,3212.7,0
XTO,20181203,4660.4,4741.6,4660.4,4741.6,0
XUJ,20181203,7261.9,7365,7261.9,7341.3,0
XXJ,20181203,6404.6,6477.2,6404.6,6458.5,0
