14D,20190620,0.285,0.29,0.285,0.285,133202
1AD,20190620,0.13,0.145,0.13,0.145,163332
1AG,20190620,0.048,0.05,0.048,0.05,289380
1ST,20190620,0.054,0.062,0.053,0.061,2566065
2BE,20190620,0.3,0.3,0.28,0.29,79355
3DP,20190620,0.04,0.041,0.04,0.041,821200
3PL,20190620,1.01,1.02,1.005,1.01,62209
4CE,20190620,0.01,0.011,0.01,0.01,1321428
4DS,20190620,0.061,0.074,0.06,0.068,8551852
5GN,20190620,1.595,1.675,1.57,1.65,754852
88E,20190620,0.016,0.016,0.015,0.016,11197038
8CO,20190620,0.15,0.16,0.15,0.16,175480
8EC,20190620,0.775,0.79,0.76,0.76,265523
8IH,20190620,0.06,0.06,0.06,0.06,20000
9SP,20190620,0.016,0.017,0.016,0.016,1623440
A1G,20190620,0.16,0.16,0.15,0.15,200000
A1M,20190620,0.315,0.325,0.315,0.325,50121
A2B,20190620,1.76,1.77,1.75,1.755,23195
A2M,20190620,13.5,13.65,13.46,13.54,4276044
A3D,20190620,0.35,0.35,0.33,0.33,239002
A40,20190620,0.155,0.16,0.155,0.16,561703
A4N,20190620,0.12,0.125,0.12,0.125,58167
AAA,20190620,50.11,50.12,50.11,50.12,156461
AAC,20190620,1.065,1.065,1.005,1.025,738812
AAR,20190620,0.062,0.062,0.062,0.062,5500
AAU,20190620,0.007,0.007,0.006,0.006,22252
AB1,20190620,0.15,0.155,0.145,0.145,4063511
ABA,20190620,5.21,5.21,5.16,5.2,40660
ABC,20190620,4.19,4.25,4.13,4.22,2094871
ABL,20190620,0.004,0.004,0.004,0.004,8000
ABP,20190620,4.34,4.35,4.29,4.33,1177218
ABT,20190620,0.085,0.085,0.079,0.079,201102
ABV,20190620,0.021,0.021,0.016,0.016,531421
ABX,20190620,0.12,0.12,0.11,0.11,138910
AC8,20190620,0.36,0.365,0.36,0.36,353155
ACB,20190620,0.028,0.03,0.028,0.028,215546
ACF,20190620,0.32,0.32,0.315,0.32,49602
ACQ,20190620,1.03,1.03,1.015,1.015,23784
ACR,20190620,0.17,0.175,0.165,0.165,287345
ACW,20190620,0.009,0.009,0.009,0.009,2880422
AD1,20190620,0.011,0.011,0.011,0.011,96710
AD8,20190620,8.24,8.66,8.2,8.54,153752
ADA,20190620,0.56,0.68,0.56,0.68,435672
ADD,20190620,0.01,0.01,0.01,0.01,27223
ADH,20190620,1.82,1.84,1.81,1.82,568193
ADI,20190620,2.94,2.95,2.89,2.9,754019
ADJ,20190620,0.033,0.033,0.03,0.03,2404195
ADN,20190620,0.012,0.012,0.011,0.011,3847538
ADO,20190620,0.014,0.014,0.013,0.013,401464
ADR,20190620,0.026,0.026,0.026,0.026,70111
ADT,20190620,0.93,0.94,0.91,0.915,178594
ADV,20190620,0.003,0.003,0.003,0.003,1706166
ADX,20190620,0.006,0.006,0.006,0.006,36000
ADY,20190620,0.011,0.011,0.011,0.011,118379
AEE,20190620,0.011,0.011,0.01,0.01,1970472
AEF,20190620,1.79,1.79,1.73,1.79,96008
AEG,20190620,0.84,0.84,0.8,0.82,343123
AEI,20190620,0.35,0.35,0.32,0.32,6658
AER,20190620,0.125,0.125,0.125,0.125,8000
AEV,20190620,0.006,0.006,0.006,0.006,2345652
AFG,20190620,1.55,1.6,1.53,1.6,413153
AFI,20190620,6.28,6.32,6.25,6.28,472637
AFL,20190620,0.2,0.2,0.2,0.2,41554
AFP,20190620,2.92,2.92,2.92,2.92,9
AFR,20190620,0.016,0.021,0.016,0.02,406500
AGD,20190620,0.064,0.064,0.064,0.064,16000
AGE,20190620,0.002,0.002,0.002,0.002,499000
AGG,20190620,4.47,4.91,4.47,4.87,18113
AGH,20190620,0.855,0.87,0.835,0.85,644717
AGI,20190620,0.695,0.71,0.69,0.7,37821
AGL,20190620,20.07,20.5,20.04,20.45,3048850
AGM,20190620,1.945,1.945,1.945,1.945,49027
AGR,20190620,0.125,0.125,0.12,0.12,93672
AGS,20190620,0.093,0.094,0.092,0.093,86852
AGY,20190620,0.076,0.076,0.072,0.075,1653557
AHG,20190620,2.76,2.85,2.76,2.79,399126
AHK,20190620,0.013,0.013,0.013,0.013,67293
AHL,20190620,0.007,0.007,0.007,0.007,3221740
AHN,20190620,0.024,0.024,0.024,0.024,250000
AHQ,20190620,0.076,0.076,0.075,0.075,295762
AHX,20190620,0.445,0.45,0.44,0.44,163169
AHY,20190620,0.875,0.91,0.872,0.91,1295587
AIA,20190620,8.62,8.75,8.61,8.74,133266
AIS,20190620,0.076,0.076,0.072,0.072,1180005
AIY,20190620,0.054,0.054,0.054,0.054,5719
AIZ,20190620,2.57,2.59,2.54,2.58,163477
AJL,20190620,0.081,0.081,0.077,0.077,196746
AJM,20190620,0.097,0.115,0.096,0.11,11815602
AJQ,20190620,0.072,0.072,0.072,0.072,66181
AJX,20190620,0.14,0.15,0.14,0.14,338030
AKG,20190620,0.445,0.445,0.445,0.445,4444
AKM,20190620,0.014,0.014,0.014,0.014,847857
AKN,20190620,0.002,0.002,0.001,0.001,384084
AKP,20190620,16.81,16.81,16.6,16.6,2228
AL8,20190620,0.054,0.054,0.051,0.051,24672
ALC,20190620,0.12,0.13,0.12,0.125,2298099
ALF,20190620,0.895,0.895,0.885,0.89,435995
ALG,20190620,1.12,1.145,1.115,1.14,2041775
ALI,20190620,2.25,2.28,2.23,2.24,150354
ALK,20190620,0.38,0.407,0.37,0.4,1855991
ALL,20190620,31.71,31.77,31.06,31.31,2321439
ALQ,20190620,7.19,7.235,7.14,7.18,2191132
ALT,20190620,0.004,0.004,0.004,0.004,121357
ALU,20190620,33.53,35.24,33.53,35.13,741118
ALX,20190620,8.02,8.19,7.93,8.19,2988159
AMA,20190620,1.435,1.44,1.422,1.43,1195054
AMB,20190620,0.085,0.085,0.085,0.085,6112
AMC,20190620,15.31,15.61,15.31,15.51,17271557
AMD,20190620,0.009,0.009,0.009,0.009,1121103
AMG,20190620,0.115,0.12,0.115,0.115,672496
AMH,20190620,0.885,0.885,0.875,0.875,125799
AMI,20190620,0.47,0.54,0.465,0.535,8162219
AML,20190620,0.195,0.195,0.19,0.195,42137
AMN,20190620,0.46,0.46,0.44,0.45,3050265
AMP,20190620,2.1,2.1,2.05,2.07,20796870
AMS,20190620,1.145,1.145,1.07,1.1,66768
ANG,20190620,0.175,0.175,0.17,0.175,400156
ANL,20190620,0.003,0.003,0.002,0.002,699000
ANN,20190620,26.72,27.22,26.59,27.09,728845
ANO,20190620,6.99,7.07,6.66,7.01,79090
ANP,20190620,0.048,0.05,0.048,0.05,339393
ANR,20190620,0.25,0.26,0.245,0.255,31100
ANW,20190620,0.01,0.01,0.009,0.009,3537000
ANZ,20190620,28.87,28.95,28.61,28.88,7971328
AO1,20190620,0.008,0.008,0.008,0.008,226029
AOF,20190620,2.93,2.93,2.93,2.93,14459
AOG,20190620,2.07,2.08,2.04,2.05,1953281
AON,20190620,0.074,0.074,0.073,0.073,92459
AOP,20190620,0.205,0.205,0.205,0.205,10056
APA,20190620,11.55,11.74,11.55,11.7,4559935
APC,20190620,0.093,0.095,0.093,0.095,131999
APD,20190620,0.465,0.505,0.465,0.505,192400
APE,20190620,9.8,9.83,9.7,9.72,53732
API,20190620,1.39,1.39,1.35,1.35,2651272
APL,20190620,0.91,0.93,0.905,0.92,2139996
APT,20190620,22.35,23.49,22.3,23.49,2321569
APW,20190620,1.425,1.425,1.425,1.425,4187
APX,20190620,27.31,28.3,27.13,28.18,728560
APZ,20190620,1.02,1.025,1.015,1.025,94983
AQC,20190620,0.49,0.49,0.49,0.49,445
AQD,20190620,0.013,0.016,0.013,0.016,1150142
AQG,20190620,4.62,4.77,4.62,4.76,859577
AQI,20190620,0.044,0.044,0.043,0.044,142576
AQR,20190620,3.15,3.24,3.14,3.14,48500
AQS,20190620,0.027,0.027,0.027,0.027,25650
AQX,20190620,0.011,0.013,0.011,0.013,757677
AQZ,20190620,2.48,2.7,2.48,2.65,234012
AR9,20190620,0.1,0.1,0.1,0.1,95557
ARA,20190620,0.64,0.64,0.64,0.64,13500
ARB,20190620,19,19.2,18.65,19.06,263644
ARD,20190620,0.008,0.009,0.008,0.009,430444
ARE,20190620,0.006,0.006,0.005,0.005,1023520
ARF,20190620,2.83,2.88,2.83,2.87,239522
ARG,20190620,8.13,8.2,8.13,8.14,261239
ARL,20190620,0.38,0.38,0.37,0.375,118055
ARQ,20190620,1.43,1.432,1.41,1.41,288446
ARS,20190620,0.018,0.018,0.017,0.017,1481891
ARU,20190620,0.11,0.11,0.095,0.1,27777034
ARV,20190620,0.031,0.032,0.03,0.032,1641513
AS1,20190620,0.19,0.19,0.19,0.19,76372
ASB,20190620,3.25,3.25,3.155,3.2,3247351
ASG,20190620,1.28,1.28,1.28,1.28,15196
ASL,20190620,1.55,1.58,1.495,1.55,2999812
ASN,20190620,0.057,0.058,0.052,0.054,1843129
AST,20190620,1.985,1.995,1.965,1.975,9833225
ASX,20190620,82.8,83.55,82.51,83.33,616607
ATC,20190620,0.105,0.105,0.099,0.1,2048197
ATH,20190620,0.031,0.031,0.03,0.031,815906
ATL,20190620,0.4,0.4,0.39,0.39,60047
ATS,20190620,0.26,0.26,0.25,0.26,2717487
ATU,20190620,0.35,0.35,0.315,0.315,172665
AU1,20190620,0.084,0.09,0.083,0.09,241218
AU8,20190620,0.14,0.145,0.14,0.14,378362
AUB,20190620,10.82,11.3,10.82,11.3,494420
AUC,20190620,0.015,0.015,0.015,0.015,100000
AUI,20190620,9.03,9.05,9.02,9.03,50203
AUL,20190620,0.004,0.004,0.003,0.003,760952
AUP,20190620,1.8,1.8,1.8,1.8,2282
AUQ,20190620,0.026,0.026,0.026,0.026,309
AUR,20190620,0.018,0.019,0.018,0.018,141901
AUT,20190620,0.005,0.005,0.005,0.005,43000
AUZ,20190620,0.024,0.024,0.023,0.023,3321083
AV1,20190620,0.12,0.12,0.12,0.12,81645
AVA,20190620,0.145,0.145,0.14,0.145,261019
AVC,20190620,0.315,0.315,0.315,0.315,519
AVE,20190620,0.004,0.004,0.003,0.003,3025000
AVG,20190620,0.485,0.485,0.48,0.485,41175
AVH,20190620,0.39,0.4,0.38,0.39,5263296
AVJ,20190620,0.54,0.58,0.54,0.58,232222
AVL,20190620,0.015,0.015,0.013,0.014,2576538
AVN,20190620,2.35,2.35,2.31,2.32,322068
AVZ,20190620,0.055,0.057,0.054,0.057,7746542
AWC,20190620,2.45,2.47,2.43,2.44,13373447
AWN,20190620,0.17,0.17,0.17,0.17,75
AWV,20190620,0.009,0.009,0.009,0.009,536250
AWY,20190620,0.042,0.042,0.042,0.042,199632
AX1,20190620,1.325,1.365,1.305,1.33,2264245
AX8,20190620,0.029,0.029,0.028,0.029,247908
AXE,20190620,0.09,0.09,0.086,0.086,143432
AXI,20190620,0.036,0.036,0.036,0.036,80000
AYS,20190620,0.73,0.745,0.73,0.73,132440
AZI,20190620,0.004,0.004,0.004,0.004,1173000
AZJ,20190620,5.34,5.43,5.31,5.4,71904646
AZM,20190620,0.015,0.017,0.015,0.017,1703582
AZS,20190620,0.091,0.095,0.091,0.095,109746
AZY,20190620,0.015,0.015,0.015,0.015,10714139
B2Y,20190620,0.075,0.075,0.075,0.075,8107
BAF,20190620,0.73,0.73,0.72,0.72,257858
BAL,20190620,8.02,8.05,7.875,8,593100
BAP,20190620,5.72,5.77,5.67,5.7,1394686
BAR,20190620,0.021,0.022,0.02,0.02,458098
BAS,20190620,0.002,0.002,0.002,0.002,1940000
BAT,20190620,0.017,0.017,0.016,0.016,5481414
BBC,20190620,0.63,0.63,0.61,0.61,83330
BBN,20190620,2.28,2.32,2.25,2.29,593578
BBX,20190620,0.25,0.25,0.25,0.25,9594
BC8,20190620,0.27,0.275,0.265,0.275,371862
BCB,20190620,0.04,0.045,0.04,0.043,4789057
BCC,20190620,0.28,0.295,0.28,0.295,91000
BCI,20190620,0.19,0.195,0.19,0.19,209003
BCN,20190620,0.023,0.025,0.023,0.025,5879488
BCT,20190620,0.081,0.082,0.08,0.082,488965
BD1,20190620,0.023,0.024,0.022,0.023,9454517
BDA,20190620,0.26,0.26,0.255,0.255,78255
BDC,20190620,0.053,0.055,0.051,0.051,2956139
BDG,20190620,0.075,0.08,0.074,0.08,671942
BEE,20190620,0.022,0.022,0.021,0.021,795240
BEL,20190620,0.077,0.08,0.076,0.076,65921
BEM,20190620,0.068,0.068,0.068,0.068,52758
BEN,20190620,11.69,11.74,11.58,11.65,1973192
BFC,20190620,0.11,0.11,0.1,0.1,102900
BFG,20190620,0.88,0.89,0.86,0.88,279874
BGA,20190620,5.13,5.18,4.985,5,1040245
BGH,20190620,0.13,0.13,0.13,0.13,7500
BGL,20190620,0.635,0.7,0.635,0.695,2741553
BGS,20190620,0.13,0.13,0.13,0.13,110677
BGT,20190620,0.09,0.09,0.087,0.087,79015
BHP,20190620,40.47,40.85,40.27,40.85,8689969
BID,20190620,0.73,0.735,0.7,0.7,224407
BIN,20190620,2.27,2.31,2.21,2.31,4876218
BIQ,20190620,0.049,0.049,0.049,0.049,10826
BIR,20190620,0.11,0.11,0.11,0.11,10000
BIS,20190620,0.945,0.945,0.945,0.945,11383
BIT,20190620,0.068,0.069,0.067,0.068,457203
BKI,20190620,1.57,1.575,1.56,1.56,427559
BKL,20190620,92.51,92.8,91.25,92.3,47981
BKT,20190620,0.096,0.097,0.096,0.097,179586
BKW,20190620,16.69,16.8,16.53,16.56,240236
BKY,20190620,0.37,0.39,0.37,0.385,66172
BLD,20190620,5.36,5.37,5.25,5.28,5758176
BLG,20190620,0.145,0.145,0.14,0.145,364420
BLK,20190620,0.009,0.01,0.009,0.009,29120919
BLT,20190620,0.058,0.06,0.058,0.059,266090
BLU,20190620,0.044,0.044,0.043,0.044,716896
BLX,20190620,1.205,1.205,1.175,1.19,19154
BLY,20190620,0.005,0.006,0.005,0.005,1499967
BLZ,20190620,0.021,0.021,0.02,0.02,600000
BMG,20190620,0.012,0.012,0.012,0.012,603488
BMN,20190620,0.045,0.045,0.043,0.044,1752874
BNL,20190620,0.008,0.008,0.007,0.007,507111
BNO,20190620,0.058,0.059,0.056,0.057,501591
BOC,20190620,0.105,0.12,0.105,0.12,27100
BOE,20190620,0.045,0.045,0.043,0.045,1539052
BOL,20190620,0.155,0.155,0.155,0.155,99537
BOQ,20190620,9.65,9.65,9.54,9.58,1797721
BOT,20190620,0.17,0.205,0.155,0.205,47457288
BPL,20190620,0.019,0.019,0.019,0.019,69727
BPT,20190620,1.86,1.885,1.83,1.87,12506728
BRB,20190620,0.31,0.317,0.31,0.31,249890
BRG,20190620,16.7,16.89,16.66,16.82,450046
BRI,20190620,1.07,1.07,1.07,1.07,15309
BRK,20190620,0.01,0.01,0.01,0.01,500000
BRL,20190620,0.125,0.125,0.125,0.125,1778015
BRN,20190620,0.076,0.08,0.076,0.079,7794670
BRU,20190620,0.275,0.275,0.265,0.275,36397
BSA,20190620,0.3,0.3,0.295,0.295,16404
BSE,20190620,0.24,0.24,0.24,0.24,279770
BSL,20190620,11.75,12.105,11.59,12.06,5640875
BSM,20190620,0.009,0.009,0.009,0.009,1133229
BSR,20190620,0.017,0.017,0.017,0.017,4750
BSX,20190620,0.08,0.08,0.079,0.079,2676404
BTC,20190620,0.09,0.09,0.09,0.09,50000
BTH,20190620,0.52,0.52,0.495,0.5,308183
BTI,20190620,0.96,0.985,0.96,0.98,157479
BUB,20190620,1.065,1.065,1.035,1.035,2349374
BUD,20190620,0.048,0.048,0.046,0.046,2418074
BUG,20190620,0.185,0.185,0.18,0.18,55750
BUX,20190620,0.115,0.115,0.11,0.11,236737
BUY,20190620,0.003,0.003,0.002,0.002,3079287
BVS,20190620,5.48,5.5,5.33,5.5,1315285
BWF,20190620,0.86,0.87,0.86,0.87,12517
BWP,20190620,3.93,3.94,3.89,3.91,1848583
BWR,20190620,1.34,1.34,1.31,1.31,74600
BWX,20190620,2.14,2.18,2.14,2.14,237342
BXB,20190620,13.04,13.155,12.99,13.02,5285830
BYE,20190620,0.28,0.28,0.265,0.265,130799
BYH,20190620,0.069,0.069,0.068,0.068,50000
BYI,20190620,0.8,0.8,0.8,0.8,621
C6C,20190620,0.865,0.865,0.825,0.845,10024
CAA,20190620,0.115,0.115,0.11,0.11,555545
CAD,20190620,0.001,0.001,0.001,0.001,352251
CAE,20190620,0.01,0.01,0.009,0.009,372391
CAF,20190620,0.092,0.092,0.09,0.091,377000
CAG,20190620,0.935,0.935,0.905,0.92,28000
CAI,20190620,0.035,0.035,0.029,0.032,11372035
CAJ,20190620,0.22,0.22,0.21,0.215,21951284
CAM,20190620,0.9,0.9,0.89,0.9,75586
CAN,20190620,2,2,1.92,1.92,441121
CAP,20190620,0.06,0.06,0.058,0.06,184587
CAR,20190620,14.02,14.12,13.83,13.92,1293971
CAT,20190620,1.285,1.285,1.205,1.205,212002
CAV,20190620,0.003,0.003,0.003,0.003,1430278
CAY,20190620,0.205,0.205,0.2,0.205,183419
CAZ,20190620,0.024,0.024,0.023,0.024,342360
CBA,20190620,82.78,83,81.97,82.89,4528129
CBC,20190620,0.98,0.98,0.98,0.98,3120
CBY,20190620,0.27,0.29,0.255,0.29,14052
CCA,20190620,0.038,0.045,0.037,0.045,1132783
CCG,20190620,0.047,0.047,0.046,0.046,400000
CCL,20190620,10.4,10.45,10.27,10.43,3039884
CCP,20190620,26.6,27.13,26.09,27,312783
CCV,20190620,0.17,0.17,0.165,0.165,2250506
CCX,20190620,1.89,1.9,1.85,1.86,123403
CD2,20190620,2.1,2.11,2.1,2.11,18262
CD3,20190620,1.38,1.4,1.38,1.4,28157
CDA,20190620,3.31,3.4,3.29,3.38,59905
CDD,20190620,0.895,0.935,0.895,0.9,39632
CDM,20190620,0.8,0.81,0.795,0.795,613883
CDP,20190620,6.7,6.75,6.67,6.74,17412
CDV,20190620,0.335,0.34,0.32,0.33,434144
CDX,20190620,0.028,0.03,0.028,0.029,1441037
CDY,20190620,0.17,0.17,0.17,0.17,59615
CE1,20190620,0.022,0.023,0.022,0.023,3229677
CEN,20190620,7.23,7.54,7.14,7.54,88783
CFE,20190620,0.009,0.01,0.009,0.009,877375
CFO,20190620,0.175,0.18,0.175,0.175,23385
CG1,20190620,0.345,0.345,0.345,0.345,58231
CGA,20190620,0.35,0.35,0.35,0.35,20956
CGC,20190620,3.96,3.98,3.86,3.96,4083186
CGF,20190620,6.45,6.52,6.42,6.46,4492153
CGL,20190620,4.6,4.68,4.58,4.62,497695
CGN,20190620,0.012,0.014,0.012,0.014,53719
CGO,20190620,0.2,0.2,0.2,0.2,10000
CGR,20190620,0.435,0.435,0.43,0.43,102640
CGS,20190620,0.23,0.23,0.205,0.205,34694
CHC,20190620,11.18,11.28,11.08,11.2,2343358
CHK,20190620,0.013,0.013,0.012,0.013,4371612
CHN,20190620,0.125,0.13,0.12,0.13,401989
CHZ,20190620,0.039,0.041,0.039,0.04,872534
CI1,20190620,0.014,0.014,0.014,0.014,350000
CIA,20190620,3.24,3.27,3.2,3.25,243278
CIE,20190620,0.76,0.765,0.76,0.76,327945
CII,20190620,1.4,1.5,1.4,1.5,25410
CIM,20190620,45.74,45.75,45.2,45.41,449831
CIN,20190620,31.5,31.5,31.5,31.5,500
CIO,20190620,0.003,0.003,0.003,0.003,1476981
CIP,20190620,3.08,3.13,3.08,3.1,1158109
CIW,20190620,0.47,0.475,0.47,0.475,35000
CKA,20190620,0.05,0.051,0.05,0.05,1760886
CKF,20190620,8.34,8.44,8.05,8.1,355163
CL1,20190620,1.47,1.485,1.45,1.485,128288
CL8,20190620,0.009,0.009,0.009,0.009,307575
CLA,20190620,0.041,0.044,0.036,0.038,42134317
CLB,20190620,0.095,0.095,0.094,0.095,118763
CLF,20190620,1.325,1.325,1.275,1.275,49804
CLH,20190620,1.25,1.255,1.245,1.255,132179
CLI,20190620,0.043,0.045,0.04,0.044,6412715
CLQ,20190620,0.315,0.327,0.31,0.315,530052
CLT,20190620,0.21,0.215,0.2,0.2,64152
CLV,20190620,1.96,1.995,1.875,1.98,195460
CLW,20190620,5.15,5.2,5.14,5.19,1158530
CLX,20190620,0.8,0.8,0.795,0.795,2970
CLZ,20190620,0.001,0.001,0.001,0.001,6531455
CM8,20190620,0.021,0.021,0.02,0.02,134874
CMA,20190620,2.83,2.84,2.8,2.83,336878
CMD,20190620,0.024,0.024,0.019,0.019,411081
CML,20190620,0.025,0.025,0.025,0.025,404690
CMM,20190620,0.081,0.085,0.081,0.084,1158605
CMP,20190620,0.6,0.66,0.6,0.66,122921
CMW,20190620,1.23,1.242,1.23,1.235,14098378
CNB,20190620,0.125,0.135,0.125,0.13,125495
CNI,20190620,1.725,1.79,1.715,1.755,592505
CNL,20190620,0.061,0.065,0.061,0.065,206100
CNU,20190620,5.56,5.6,5.53,5.58,1667670
CNW,20190620,0.04,0.042,0.04,0.042,2864793
COB,20190620,0.145,0.145,0.13,0.13,1417518
COE,20190620,0.545,0.56,0.542,0.555,4848061
COG,20190620,0.098,0.098,0.096,0.096,166409
COH,20190620,209.99,210,206.4,208.86,207193
COI,20190620,0.27,0.27,0.265,0.27,233304
COL,20190620,13.95,14.04,13.81,13.83,5487305
CP1,20190620,0.14,0.15,0.14,0.15,71440
CPH,20190620,0.5,0.515,0.5,0.51,393148
CPU,20190620,16.81,16.93,16.71,16.85,1970023
CPV,20190620,0.25,0.255,0.25,0.255,164900
CQE,20190620,3.94,3.94,3.845,3.88,214721
CQR,20190620,4.78,4.78,4.66,4.68,1562419
CR1,20190620,0.245,0.27,0.245,0.27,8717
CRD,20190620,1.79,1.84,1.77,1.78,156888
CRL,20190620,0.032,0.032,0.031,0.031,217342
CRN,20190620,3.36,3.4,3.32,3.36,1719450
CRO,20190620,0.01,0.012,0.01,0.012,2509299
CSL,20190620,217.55,220.6,217.55,219.46,1214560
CSR,20190620,3.97,4.01,3.92,3.98,3070903
CSS,20190620,0.92,0.92,0.91,0.92,113898
CSV,20190620,0.14,0.17,0.14,0.165,1235815
CT1,20190620,0.016,0.017,0.016,0.017,332473
CTD,20190620,22.71,23.27,22.61,23.19,407421
CTM,20190620,0.007,0.007,0.007,0.007,1018578
CTO,20190620,0.005,0.005,0.005,0.005,11104100
CTP,20190620,0.135,0.135,0.135,0.135,276328
CTX,20190620,21,23.65,20.52,23.4,7456520
CUP,20190620,0.765,0.765,0.73,0.755,189454
CUV,20190620,37.79,38.71,37.68,38.45,264442
CUX,20190620,0.006,0.006,0.006,0.006,750766
CV1,20190620,0.165,0.17,0.165,0.17,279971
CVC,20190620,2.6,2.6,2.6,2.6,7692
CVL,20190620,0.4,0.4,0.395,0.395,6800
CVN,20190620,0.555,0.56,0.54,0.55,2051681
CVV,20190620,0.046,0.046,0.046,0.046,24624
CVW,20190620,0.65,0.65,0.65,0.65,10940
CWL,20190620,0.058,0.058,0.058,0.058,17241
CWN,20190620,11.98,12.05,11.94,12.02,3042381
CWP,20190620,5.87,5.99,5.87,5.97,37763
CWX,20190620,0.11,0.11,0.098,0.098,10514
CWY,20190620,2.41,2.455,2.37,2.39,12120297
CWZ,20190620,0.25,0.25,0.25,0.25,5200
CXL,20190620,0.65,0.65,0.65,0.65,96192
CXM,20190620,0.12,0.12,0.12,0.12,10000
CXO,20190620,0.043,0.043,0.042,0.042,605525
CXX,20190620,0.081,0.081,0.081,0.081,280
CY5,20190620,0.035,0.036,0.035,0.035,90000
CYB,20190620,3.52,3.62,3.52,3.61,8929630
CYG,20190620,0.8,0.85,0.8,0.85,309692
CYL,20190620,2.03,2.05,2.01,2.04,12232
CYP,20190620,1.245,1.245,1.21,1.24,21389
CZI,20190620,0.097,0.097,0.097,0.097,95609
CZN,20190620,0.003,0.003,0.003,0.003,366527
CZR,20190620,0.009,0.011,0.009,0.011,106673
D2O,20190620,1.45,1.46,1.42,1.42,34007
DBF,20190620,1.2,1.2,1.18,1.18,85920
DCC,20190620,0.06,0.063,0.059,0.059,6280502
DCG,20190620,0.875,0.875,0.86,0.87,34948
DCL,20190620,0.11,0.11,0.1,0.1,65038
DCN,20190620,0.62,0.65,0.59,0.59,6477380
DDR,20190620,5.45,5.45,5.3,5.35,112735
DDT,20190620,0.007,0.007,0.007,0.007,160000
DEG,20190620,0.087,0.088,0.083,0.084,697594
DEM,20190620,0.13,0.13,0.13,0.13,10052
DGO,20190620,0.6,0.6,0.59,0.59,12251
DGR,20190620,0.105,0.105,0.105,0.105,20000
DHG,20190620,3.33,3.38,3.31,3.33,1058215
DHR,20190620,0.004,0.004,0.004,0.004,470000
DJW,20190620,3.42,3.45,3.41,3.45,187603
DKM,20190620,0.12,0.125,0.12,0.125,46807
DLC,20190620,0.004,0.005,0.004,0.005,213872
DLX,20190620,9.75,9.76,9.75,9.76,1824567
DMP,20190620,39.23,39.41,38.33,38.36,416886
DN8,20190620,0.135,0.135,0.135,0.135,152748
DNA,20190620,0.1,0.11,0.1,0.1,1507008
DNK,20190620,0.715,0.715,0.69,0.695,335079
DOR,20190620,0.048,0.048,0.047,0.047,40102
DOW,20190620,6.98,7.06,6.935,7.03,3819039
DRO,20190620,0.14,0.15,0.14,0.14,400568
DRX,20190620,0.01,0.01,0.01,0.01,4851952
DSE,20190620,0.029,0.029,0.029,0.029,112284
DTL,20190620,2.11,2.17,2.11,2.17,75668
DTM,20190620,0.005,0.005,0.005,0.005,5927612
DTR,20190620,0.002,0.002,0.002,0.002,26400000
DTS,20190620,0.17,0.17,0.17,0.17,256402
DTZ,20190620,0.075,0.075,0.075,0.075,108249
DUB,20190620,1.54,1.54,1.455,1.5,718747
DUI,20190620,4.43,4.46,4.4,4.4,54609
DVL,20190620,0.056,0.056,0.055,0.055,94000
DVN,20190620,0.145,0.145,0.135,0.135,81985
DW8,20190620,0.007,0.007,0.007,0.007,83428
DWS,20190620,1.135,1.15,1.12,1.13,73459
DXB,20190620,0.074,0.078,0.074,0.075,157022
DXN,20190620,0.05,0.05,0.049,0.05,285100
DXS,20190620,13.67,13.68,13.42,13.59,3829849
DYL,20190620,0.33,0.33,0.32,0.33,54711
E25,20190620,0.19,0.225,0.19,0.225,104174
E2M,20190620,0.18,0.19,0.18,0.19,16094
EAF,20190620,1.24,1.24,1.24,1.24,94649
EAI,20190620,0.93,0.93,0.92,0.92,272407
EAR,20190620,0.14,0.155,0.14,0.15,8927505
EAS,20190620,0.94,0.94,0.94,0.94,2800
EAX,20190620,0.36,0.36,0.35,0.35,48000
EBG,20190620,0.97,0.97,0.97,0.97,3567
ECG,20190620,0.056,0.06,0.056,0.06,21121
ECX,20190620,1.305,1.31,1.265,1.27,2446851
ED1,20190620,0.815,0.825,0.76,0.77,274787
EDE,20190620,0.029,0.029,0.027,0.027,1466172
EFF,20190620,1.7,1.7,1.7,1.7,2900
EGA,20190620,0.23,0.245,0.23,0.245,188888
EGD,20190620,2.14,2.15,2.14,2.14,113327
EGF,20190620,1.7,1.705,1.7,1.7,115343
EGG,20190620,1.47,1.47,1.47,1.47,1079
EGH,20190620,0.26,0.26,0.255,0.26,156367
EGI,20190620,0.93,0.945,0.905,0.93,133835
EGN,20190620,0.45,0.455,0.44,0.455,25640
EHE,20190620,2.72,2.78,2.72,2.74,1058273
EHH,20190620,0.22,0.26,0.22,0.245,785012
EHL,20190620,2.14,2.23,2.13,2.21,2260974
EHX,20190620,0.036,0.036,0.036,0.036,50000
ELD,20190620,6.29,6.35,6.11,6.31,1417791
ELO,20190620,7.21,7.74,7.21,7.69,11986
ELS,20190620,0.345,0.375,0.345,0.36,226410
ELT,20190620,0.005,0.005,0.005,0.005,1250000
ELX,20190620,0.54,0.54,0.54,0.54,10000
EM1,20190620,0.022,0.022,0.022,0.022,2243806
EM2,20190620,0.135,0.135,0.125,0.125,232151
EMH,20190620,0.375,0.375,0.375,0.375,85
EML,20190620,3.06,3.09,2.98,3.06,806239
EMN,20190620,0.2,0.2,0.2,0.2,10000
EMR,20190620,0.04,0.04,0.039,0.039,691395
EN1,20190620,0.035,0.037,0.035,0.035,4893885
ENA,20190620,0.018,0.019,0.018,0.019,613729
ENN,20190620,1.83,1.83,1.785,1.81,458327
ENR,20190620,0.066,0.066,0.065,0.065,176070
ENT,20190620,0.007,0.007,0.007,0.007,59900
EOF,20190620,2,2.15,2,2.15,528009
EOL,20190620,1.64,1.64,1.64,1.64,407
EOS,20190620,3.84,3.85,3.76,3.81,1231751
EPD,20190620,0.27,0.3,0.27,0.295,215758
EPM,20190620,0.002,0.002,0.002,0.002,25000
EPW,20190620,1.905,1.92,1.9,1.915,274669
EQE,20190620,0.011,0.011,0.011,0.011,490669
EQT,20190620,29,29.59,28.5,28.5,14399
EQX,20190620,0.28,0.28,0.28,0.28,2833
ERA,20190620,0.2,0.205,0.195,0.195,297018
ERF,20190620,1.23,1.235,1.21,1.21,11000
ERL,20190620,0.007,0.007,0.007,0.007,721367
ERM,20190620,0.081,0.083,0.081,0.083,282173
ERX,20190620,0.068,0.068,0.066,0.066,1148601
ESE,20190620,0.018,0.018,0.018,0.018,6680
ESH,20190620,0.013,0.013,0.012,0.013,11858659
ESK,20190620,0.21,0.22,0.21,0.22,82500
ESR,20190620,0.011,0.011,0.011,0.011,400000
ESV,20190620,0.1,0.1,0.099,0.099,111917
ETE,20190620,0.006,0.006,0.006,0.006,2538435
EUC,20190620,0.022,0.024,0.022,0.022,1094448
EUR,20190620,0.094,0.094,0.09,0.09,59440
EVE,20190620,0.005,0.006,0.005,0.006,27948958
EVN,20190620,4.13,4.44,4.12,4.39,18630358
EVO,20190620,0.13,0.13,0.13,0.13,4241494
EVS,20190620,0.13,0.135,0.13,0.135,231107
EVT,20190620,12.42,12.53,12.27,12.3,80982
EVZ,20190620,0.195,0.195,0.195,0.195,17020
EWC,20190620,0.082,0.087,0.082,0.084,1115456
EXL,20190620,3.93,3.95,3.85,3.9,380172
EXO,20190620,0.002,0.002,0.002,0.002,1027515
EXP,20190620,0.245,0.245,0.24,0.24,374488
EXR,20190620,0.034,0.035,0.033,0.035,191191
EZL,20190620,1.3,1.3,1.25,1.3,358780
FAR,20190620,0.063,0.064,0.058,0.06,6162758
FAU,20190620,0.015,0.016,0.015,0.016,433872
FBR,20190620,0.073,0.073,0.072,0.072,1240253
FBU,20190620,5.15,5.165,5.07,5.14,1551919
FCT,20190620,0.24,0.24,0.215,0.24,455762
FDM,20190620,0.03,0.031,0.028,0.028,1106828
FDV,20190620,0.695,0.7,0.68,0.68,210357
FEL,20190620,0.017,0.017,0.015,0.015,379520
FEX,20190620,0.1,0.107,0.097,0.105,2404494
FFG,20190620,0.013,0.013,0.012,0.012,1850000
FGG,20190620,1.34,1.345,1.34,1.345,210274
FGO,20190620,0.007,0.007,0.007,0.007,3644848
FGR,20190620,0.27,0.285,0.27,0.28,837063
FGX,20190620,1.17,1.175,1.165,1.165,204715
FHS,20190620,0.013,0.014,0.013,0.014,821157
FID,20190620,5.16,5.2,5.15,5.16,20565
FIJ,20190620,0.087,0.087,0.085,0.085,29400
FIN,20190620,0.013,0.013,0.013,0.013,47500
FLC,20190620,0.415,0.415,0.395,0.395,386610
FLN,20190620,0.81,0.815,0.81,0.81,44811
FLT,20190620,42,42.02,41.41,41.52,504217
FMG,20190620,8.72,8.74,8.49,8.72,17767448
FML,20190620,0.245,0.245,0.24,0.245,44680
FMS,20190620,0.061,0.061,0.058,0.058,247662
FNP,20190620,5.34,5.48,5.2,5.3,334175
FNT,20190620,0.011,0.012,0.011,0.012,450008
FOD,20190620,0.081,0.081,0.08,0.08,243229
FOR,20190620,1.15,1.16,1.14,1.14,167436
FPC,20190620,0.795,0.81,0.795,0.81,51553
FPH,20190620,14.7,14.81,14.44,14.62,651083
FPL,20190620,0.01,0.01,0.01,0.01,25000
FPP,20190620,1.025,1.025,1.025,1.025,3252
FRI,20190620,0.85,0.85,0.85,0.85,17317
FRM,20190620,0.225,0.23,0.225,0.23,24869
FSA,20190620,1.06,1.06,1.05,1.05,18513
FSF,20190620,3.695,3.7,3.69,3.69,15547
FSI,20190620,1.755,1.755,1.755,1.755,1000
FTC,20190620,0.155,0.155,0.15,0.15,422189
FTT,20190620,0.004,0.004,0.004,0.004,737964
FTZ,20190620,0.14,0.145,0.14,0.145,30596
FUN,20190620,0.025,0.025,0.025,0.025,110585
FWD,20190620,1.84,1.85,1.835,1.85,35317
FXL,20190620,1.74,1.74,1.68,1.7,1176874
FZO,20190620,0.145,0.16,0.142,0.15,2567895
G1A,20190620,0.36,0.375,0.36,0.375,336919
G88,20190620,0.049,0.055,0.049,0.055,248494
GAL,20190620,0.155,0.155,0.155,0.155,33840
GAP,20190620,0.315,0.32,0.305,0.315,311607
GBE,20190620,0.015,0.015,0.015,0.015,800422
GBG,20190620,0.028,0.028,0.027,0.027,593351
GBR,20190620,0.055,0.055,0.05,0.052,313651
GBT,20190620,2.65,2.65,2.63,2.65,1974080
GC1,20190620,0.825,0.83,0.815,0.815,59775
GCI,20190620,2.05,2.05,2.03,2.03,137873
GDF,20190620,1.415,1.415,1.395,1.4,180423
GDG,20190620,0.51,0.545,0.51,0.545,3440
GDI,20190620,1.435,1.46,1.425,1.43,1540771
GDX,20190620,34.9,36.1,34.9,36,22996
GED,20190620,0.035,0.035,0.032,0.032,294319
GEM,20190620,2.96,3.03,2.93,2.98,3054984
GEV,20190620,0.185,0.19,0.185,0.19,166809
GFL,20190620,1.85,1.9,1.85,1.9,9699
GGE,20190620,0.003,0.003,0.003,0.003,2000000
GGG,20190620,0.135,0.135,0.125,0.125,1949311
GIB,20190620,0.033,0.033,0.033,0.033,37149
GLB,20190620,1.635,1.635,1.635,1.635,950
GLL,20190620,0.715,0.715,0.69,0.7,200445
GLN,20190620,0.23,0.24,0.185,0.2,1241869
GLV,20190620,0.001,0.001,0.001,0.001,783200
GMA,20190620,2.87,2.89,2.85,2.87,795287
GMC,20190620,0.007,0.007,0.006,0.006,28393072
GMD,20190620,0.023,0.026,0.023,0.026,674168
GME,20190620,0.05,0.05,0.043,0.043,86437
GMG,20190620,14.87,15.02,14.83,15.01,5974499
GML,20190620,0.01,0.01,0.01,0.01,2416807
GMN,20190620,0.047,0.051,0.047,0.051,241240
GMR,20190620,0.01,0.01,0.01,0.01,510804
GMV,20190620,0.21,0.22,0.205,0.215,721868
GNC,20190620,8.1,8.15,8.05,8.1,1788879
GNE,20190620,3.1,3.11,3.02,3.08,62605
GNG,20190620,0.84,0.84,0.8,0.8,59403
GNX,20190620,0.28,0.28,0.27,0.28,186456
GOR,20190620,0.9,1,0.9,0.97,7318551
GOW,20190620,2.42,2.42,2.42,2.42,8339
GOZ,20190620,4.36,4.39,4.335,4.34,1239693
GPP,20190620,0.002,0.002,0.001,0.002,2760000
GPR,20190620,0.015,0.015,0.014,0.015,6841062
GPT,20190620,6.15,6.265,6.13,6.23,13717182
GPX,20190620,0.25,0.25,0.25,0.25,25000
GRB,20190620,0.092,0.093,0.092,0.092,161600
GRR,20190620,0.27,0.275,0.265,0.27,922299
GSN,20190620,0.033,0.033,0.033,0.033,61302
GSS,20190620,1.04,1.09,1.025,1.07,56630
GSW,20190620,0.165,0.165,0.165,0.165,76499
GTE,20190620,0.005,0.005,0.005,0.005,1174007
GTG,20190620,0.006,0.007,0.006,0.007,2111417
GTK,20190620,5.44,5.44,5.29,5.37,14163
GTN,20190620,1.005,1.06,1,1.06,143270
GUD,20190620,10.24,10.41,10.24,10.38,326681
GUL,20190620,0.024,0.024,0.024,0.024,20000
GVF,20190620,0.97,1,0.97,0.995,181325
GWA,20190620,3.73,3.76,3.66,3.67,1104145
GXY,20190620,1.325,1.33,1.287,1.295,9106248
HAS,20190620,0.155,0.16,0.15,0.15,112167
HAV,20190620,0.135,0.135,0.135,0.135,74452
HAW,20190620,0.055,0.055,0.055,0.055,250000
HCH,20190620,0.034,0.035,0.031,0.035,17026984
HCO,20190620,0.013,0.013,0.013,0.013,10715
HE8,20190620,0.17,0.17,0.155,0.17,2505181
HFR,20190620,0.9,0.92,0.9,0.9,151988
HGM,20190620,0.006,0.006,0.006,0.006,8100
HGO,20190620,0.077,0.077,0.075,0.077,40231
HHM,20190620,0.015,0.015,0.014,0.014,892998
HIL,20190620,0.19,0.19,0.18,0.185,38384
HIP,20190620,0.012,0.012,0.01,0.01,606367
HLA,20190620,0.805,0.81,0.8,0.81,36167
HLO,20190620,4.64,4.64,4.58,4.6,43485
HLS,20190620,3.29,3.315,3.24,3.26,2672766
HLX,20190620,0.018,0.018,0.017,0.018,366837
HM1,20190620,2.93,2.97,2.91,2.97,112614
HMD,20190620,0.22,0.22,0.205,0.21,60099
HNG,20190620,0.355,0.385,0.355,0.355,16561
HOT,20190620,0.175,0.175,0.175,0.175,23186
HPI,20190620,3.48,3.52,3.4,3.4,85820
HPR,20190620,0.065,0.065,0.065,0.065,11011
HRL,20190620,0.096,0.1,0.095,0.095,371557
HRR,20190620,0.57,0.57,0.56,0.56,24972
HSC,20190620,0.019,0.02,0.018,0.02,750000
HSN,20190620,3.82,3.86,3.76,3.81,288184
HT1,20190620,1.97,1.99,1.935,1.955,1024886
HTA,20190620,0.12,0.12,0.115,0.115,73871
HUB,20190620,13.28,13.74,13.25,13.61,486887
HUO,20190620,4.69,4.69,4.58,4.65,4321
HVN,20190620,4.21,4.21,4.09,4.11,3382889
HWK,20190620,0.022,0.022,0.022,0.022,1860000
HXG,20190620,0.105,0.11,0.105,0.11,159230
HYD,20190620,0.023,0.025,0.023,0.024,727766
HZN,20190620,0.105,0.11,0.105,0.105,168483
HZR,20190620,0.29,0.29,0.275,0.28,127910
IAA,20190620,87.75,88.61,86.77,88,12631
IAF,20190620,114.16,114.5,114.16,114.48,23253
IAG,20190620,8.09,8.2,8.05,8.18,6438973
IAM,20190620,0.002,0.002,0.001,0.002,854203
IAP,20190620,1.44,1.48,1.44,1.44,907811
IBC,20190620,0.48,0.48,0.475,0.475,43736
IBG,20190620,0.021,0.021,0.021,0.021,1435285
IBN,20190620,0.021,0.021,0.02,0.021,47795
IBX,20190620,0.018,0.02,0.018,0.02,154500
ICG,20190620,0.004,0.004,0.003,0.003,2816667
ICI,20190620,0.046,0.046,0.045,0.045,204650
ICN,20190620,0.015,0.016,0.015,0.015,1735355
ICQ,20190620,0.2,0.2,0.19,0.2,291913
ICS,20190620,1.01,1.01,1.01,1.01,308
ICT,20190620,0.06,0.06,0.06,0.06,46030
ID8,20190620,0.41,0.41,0.41,0.41,2731
IDA,20190620,0.03,0.03,0.03,0.03,57390
IDT,20190620,0.16,0.17,0.16,0.17,324330
IDX,20190620,3.04,3.04,2.9,3.01,46327
IDZ,20190620,0.011,0.011,0.01,0.011,216454
IEC,20190620,0.013,0.013,0.013,0.013,1000000
IEL,20190620,18.57,18.9,18.37,18.44,1034794
IEM,20190620,61.38,62.22,61.38,62.06,11893
IEU,20190620,64.48,65,64.48,65,16530
IFL,20190620,5.2,5.3,5.17,5.27,3007418
IFM,20190620,1.825,1.825,1.722,1.73,462857
IFN,20190620,0.465,0.47,0.457,0.465,1322858
IFT,20190620,4.3,4.3,4.3,4.3,3
IGB,20190620,113.47,113.47,112.6,112.95,8055
IGE,20190620,0.195,0.2,0.17,0.17,251209
IGL,20190620,2.09,2.09,2.06,2.09,616361
IGN,20190620,0.055,0.055,0.055,0.055,32075
IGO,20190620,4.75,4.835,4.67,4.8,2889436
IHD,20190620,14.46,14.49,14.42,14.49,23751
IHL,20190620,0.036,0.04,0.036,0.037,13892071
IHR,20190620,0.081,0.088,0.081,0.088,81238
IJH,20190620,281.15,281.57,280.28,281,2517
IJP,20190620,79.67,80.29,79.67,80.07,3240
IJR,20190620,112.59,112.72,112.09,112.72,9578
IKE,20190620,0.525,0.525,0.51,0.51,31000
IKO,20190620,86.1,87.21,86.1,87.21,254
ILB,20190620,126.82,127.27,126.57,127.1,1383
ILC,20190620,26.4,26.56,26.4,26.56,22027
ILU,20190620,10.61,10.73,10.47,10.68,1905893
IMA,20190620,0.24,0.24,0.235,0.24,2298329
IMC,20190620,0.105,0.125,0.105,0.11,748623
IMD,20190620,1.09,1.09,1.06,1.08,287988
IME,20190620,0.042,0.047,0.041,0.047,1624147
IMF,20190620,2.83,2.92,2.81,2.84,114260
IMM,20190620,0.027,0.027,0.026,0.026,1127446
IMS,20190620,0.008,0.008,0.007,0.007,279211
IMU,20190620,0.015,0.015,0.014,0.015,1259159
INA,20190620,3.25,3.25,3.18,3.18,187191
INF,20190620,0.083,0.083,0.083,0.083,100
ING,20190620,4.2,4.26,4.18,4.25,2668610
INP,20190620,0.046,0.05,0.046,0.047,529418
INR,20190620,0.145,0.145,0.14,0.14,1320116
IOO,20190620,71.39,71.87,71.39,71.86,20182
IOZ,20190620,27.5,27.56,27.39,27.56,79775
IP1,20190620,0.017,0.017,0.017,0.017,922564
IPB,20190620,0.04,0.04,0.04,0.04,320674
IPC,20190620,1.1,1.1,1.1,1.1,3512
IPD,20190620,0.12,0.12,0.105,0.115,2637529
IPH,20190620,7.45,7.53,7.45,7.52,629985
IPL,20190620,3.44,3.45,3.38,3.42,9747001
IPT,20190620,0.005,0.005,0.005,0.005,210873
IRC,20190620,0.099,0.1,0.098,0.099,160500
IRE,20190620,14,14.31,13.9,14.28,773840
IRI,20190620,3.24,3.24,3.175,3.22,197761
ISD,20190620,0.235,0.245,0.235,0.24,541629
ISO,20190620,5.21,5.25,5.21,5.25,4112
ISU,20190620,0.625,0.63,0.62,0.625,64076
ISX,20190620,0.63,0.66,0.63,0.65,2292182
IVC,20190620,16.32,16.47,16.16,16.3,444397
IVE,20190620,96.6,96.9,95.92,96.7,1825
IVO,20190620,0.005,0.005,0.004,0.004,636209
IVR,20190620,0.01,0.011,0.01,0.011,1405644
IVV,20190620,429.55,430.27,428.54,429.48,14507
IVX,20190620,0.017,0.017,0.016,0.016,6761012
IVZ,20190620,0.041,0.043,0.041,0.043,1199426
IXI,20190620,77.3,77.6,77.3,77.55,2432
IXJ,20190620,90.34,90.83,90.31,90.61,10162
IXU,20190620,0.062,0.062,0.061,0.061,45786
IZZ,20190620,61.34,62.14,61.34,62.14,15539
JAT,20190620,0.05,0.051,0.05,0.051,1499117
JAY,20190620,0.26,0.26,0.25,0.25,30050
JBH,20190620,27.12,27.17,26.64,26.64,920030
JCS,20190620,0.034,0.035,0.034,0.035,118614
JDR,20190620,0.008,0.008,0.008,0.008,100000
JHC,20190620,1.28,1.307,1.275,1.295,428672
JHG,20190620,31.25,31.3,30.92,31.06,380224
JHL,20190620,0.047,0.047,0.047,0.047,38146
JHX,20190620,18.78,18.79,18.48,18.67,1882215
JIN,20190620,19.49,20.01,19.39,19.8,464210
JLG,20190620,1.43,1.43,1.385,1.41,1777570
JMS,20190620,0.365,0.37,0.362,0.365,4275664
JPR,20190620,0.011,0.011,0.011,0.011,54001
JRL,20190620,0.41,0.41,0.395,0.4,97386
JRV,20190620,0.23,0.23,0.19,0.215,194366
JXT,20190620,0.265,0.265,0.26,0.26,184808
JYC,20190620,1.535,1.535,1.53,1.53,3857
K2F,20190620,0.17,0.17,0.16,0.165,126990
KAI,20190620,0.014,0.014,0.014,0.014,300000
KAR,20190620,0.875,0.93,0.875,0.91,659166
KAS,20190620,0.049,0.049,0.047,0.047,40000
KAT,20190620,0.745,0.745,0.745,0.745,3094
KBC,20190620,0.063,0.063,0.063,0.063,155536
KCN,20190620,0.255,0.255,0.25,0.25,247650
KDR,20190620,1.88,1.885,1.88,1.88,3406229
KEY,20190620,0.003,0.004,0.003,0.004,4155000
KFE,20190620,0.069,0.069,0.065,0.065,155485
KGD,20190620,0.023,0.023,0.023,0.023,689
KGN,20190620,5.02,5.3,4.93,5.21,899578
KIN,20190620,0.06,0.06,0.059,0.06,163899
KIS,20190620,0.076,0.076,0.074,0.074,51670
KLA,20190620,56.7,60.97,56.7,60.7,3005
KLL,20190620,0.6,0.635,0.59,0.635,104233
KMD,20190620,2.1,2.12,2.07,2.11,431069
KME,20190620,0.93,0.935,0.93,0.935,10856
KMT,20190620,0.009,0.009,0.009,0.009,2239489
KNL,20190620,0.13,0.13,0.13,0.13,344027
KNO,20190620,0.083,0.083,0.082,0.083,83378
KOR,20190620,0.027,0.027,0.027,0.027,10350
KP2,20190620,0.031,0.031,0.031,0.031,14913
KPE,20190620,1.41,1.41,1.41,1.41,1496
KPG,20190620,0.85,0.85,0.85,0.85,7000
KPO,20190620,0.028,0.028,0.022,0.022,5879537
KPT,20190620,2.2,2.2,2.2,2.2,2500
KRM,20190620,0.036,0.037,0.035,0.036,1031404
KRR,20190620,0.029,0.029,0.026,0.026,1613167
KSL,20190620,1.385,1.39,1.36,1.38,146282
KSN,20190620,0.015,0.015,0.014,0.014,442500
KSS,20190620,0.3,0.305,0.29,0.305,487041
KTA,20190620,0.026,0.028,0.025,0.025,215000
KTD,20190620,0.49,0.51,0.485,0.5,493137
KTE,20190620,0.007,0.007,0.007,0.007,200000
KWR,20190620,0.14,0.14,0.13,0.13,58578
KYK,20190620,0.04,0.041,0.04,0.04,189952
KZA,20190620,0.335,0.34,0.32,0.32,60832
KZR,20190620,0.13,0.13,0.115,0.13,33932
LAA,20190620,0.049,0.049,0.044,0.045,2712656
LAU,20190620,0.335,0.335,0.33,0.33,65579
LAW,20190620,0.065,0.065,0.065,0.065,350000
LBL,20190620,0.385,0.39,0.385,0.385,36295
LBT,20190620,0.15,0.155,0.14,0.14,2101608
LCK,20190620,0.245,0.25,0.24,0.24,388451
LCM,20190620,0.19,0.2,0.185,0.2,51254
LCT,20190620,0.026,0.028,0.025,0.025,268891
LCY,20190620,0.002,0.004,0.002,0.004,10912200
LEG,20190620,0.024,0.024,0.023,0.024,1523878
LEP,20190620,4.74,4.84,4.7,4.8,66543
LER,20190620,0.024,0.026,0.023,0.026,294540
LEX,20190620,0.215,0.215,0.205,0.21,96999
LGD,20190620,0.375,0.375,0.375,0.375,528120
LIC,20190620,6.48,6.55,6.42,6.47,20193
LIN,20190620,0.014,0.015,0.013,0.014,608991
LIT,20190620,0.062,0.062,0.06,0.06,2490912
LKE,20190620,0.07,0.07,0.065,0.065,1903415
LLC,20190620,13.07,13.43,13.02,13.43,3894866
LLO,20190620,0.745,0.745,0.745,0.745,571
LML,20190620,0.006,0.006,0.006,0.006,20000
LNG,20190620,0.28,0.28,0.265,0.265,1636334
LNK,20190620,5.34,5.475,5.32,5.32,10393250
LNU,20190620,0.043,0.043,0.038,0.038,4310319
LNY,20190620,0.009,0.01,0.009,0.01,2714500
LOM,20190620,0.17,0.17,0.165,0.165,179119
LON,20190620,0.21,0.215,0.185,0.19,243642
LOV,20190620,11.5,11.56,11.19,11.48,497568
LPD,20190620,0.027,0.027,0.026,0.026,2282067
LPI,20190620,0.26,0.26,0.25,0.25,46941
LRM,20190620,0.058,0.058,0.058,0.058,23729
LRS,20190620,0.001,0.001,0.001,0.001,27777
LSF,20190620,1.375,1.4,1.375,1.39,2752054
LSR,20190620,0.007,0.009,0.007,0.008,522342
LSX,20190620,0.325,0.34,0.32,0.34,222034
LTR,20190620,0.105,0.11,0.105,0.11,4152267
LVH,20190620,0.36,0.37,0.36,0.36,166463
LVT,20190620,0.46,0.48,0.455,0.465,2483576
LYC,20190620,2.6,2.68,2.6,2.64,4678031
LYL,20190620,4.81,4.9,4.81,4.9,14328
M7T,20190620,0.425,0.51,0.425,0.49,929453
MA1,20190620,0.825,0.825,0.815,0.82,94219
MAG,20190620,0.021,0.022,0.021,0.022,730689
MAH,20190620,0.21,0.21,0.2,0.205,688955
MAI,20190620,0.5,0.5,0.5,0.5,51576
MAM,20190620,0.29,0.29,0.285,0.29,65732
MAQ,20190620,19.92,20,19.72,19.74,9726
MAT,20190620,0.135,0.14,0.135,0.14,163191
MAU,20190620,0.38,0.39,0.38,0.39,10000
MAY,20190620,0.011,0.012,0.011,0.011,5216211
MBK,20190620,0.007,0.007,0.006,0.007,2706800
MCA,20190620,0.195,0.2,0.195,0.2,276900
MCE,20190620,0.275,0.285,0.275,0.275,57688
MCP,20190620,1.285,1.285,1.245,1.252,131655
MCR,20190620,0.435,0.435,0.42,0.43,544825
MCT,20190620,0.007,0.007,0.007,0.007,249220
MCY,20190620,3.95,3.95,3.9,3.91,10912
MDC,20190620,0.36,0.36,0.35,0.355,75089
MDR,20190620,0.051,0.053,0.05,0.053,803897
MEA,20190620,0.25,0.25,0.245,0.25,204850
MEB,20190620,0.008,0.009,0.008,0.008,1578754
MEC,20190620,0.89,0.89,0.89,0.89,6340
MEI,20190620,0.018,0.019,0.018,0.019,3194615
MEL,20190620,0.05,0.05,0.05,0.05,46351
MEM,20190620,0.026,0.026,0.026,0.026,143816
MEU,20190620,0.016,0.016,0.015,0.016,434394
MEY,20190620,0.09,0.09,0.09,0.09,65547
MEZ,20190620,4.42,4.51,4.3,4.41,38652
MFD,20190620,0.93,0.94,0.925,0.94,51465
MFF,20190620,2.93,2.96,2.92,2.93,459207
MFG,20190620,51.16,52.38,51,52.32,778659
MGC,20190620,0.295,0.3,0.295,0.3,198604
MGE,20190620,3.82,3.82,3.8,3.81,723264
MGG,20190620,1.775,1.8,1.765,1.8,984158
MGL,20190620,0.024,0.024,0.024,0.024,2712
MGR,20190620,3.15,3.17,3.125,3.16,20567397
MGT,20190620,0.004,0.004,0.004,0.004,6987952
MGU,20190620,0.087,0.087,0.085,0.085,190047
MGV,20190620,0.052,0.052,0.051,0.052,564521
MGX,20190620,1.06,1.1,1.052,1.09,3621553
MHG,20190620,3.4,3.4,3.39,3.4,234293
MHJ,20190620,0.53,0.545,0.53,0.54,23320
MIL,20190620,0.165,0.165,0.165,0.165,23002
MIN,20190620,14.9,15,14.45,14.9,1599691
MIR,20190620,2.43,2.43,2.39,2.39,182949
MKG,20190620,0.084,0.084,0.082,0.082,118705
MLD,20190620,0.98,0.98,0.95,0.95,446631
MLM,20190620,0.017,0.017,0.017,0.017,772985
MLS,20190620,0.002,0.002,0.002,0.002,500000
MLT,20190620,4.74,4.76,4.72,4.74,164181
MLX,20190620,0.245,0.255,0.235,0.25,2921017
MMI,20190620,0.105,0.105,0.09,0.1,22155960
MMJ,20190620,0.25,0.25,0.245,0.245,241346
MML,20190620,0.495,0.54,0.495,0.54,1107434
MMM,20190620,0.74,0.77,0.725,0.75,130743
MMS,20190620,12.94,12.94,12.57,12.65,928187
MNC,20190620,0.002,0.002,0.002,0.002,251440
MND,20190620,19.15,19.15,18.6,18.6,666141
MNF,20190620,3.72,3.72,3.6,3.63,39810
MNS,20190620,0.19,0.195,0.187,0.19,309595
MNW,20190620,0.027,0.027,0.025,0.025,39758
MNY,20190620,2.14,2.14,2.11,2.12,75405
MOB,20190620,0.086,0.086,0.086,0.086,142408
MOC,20190620,1.095,1.125,1.087,1.125,144151
MOD,20190620,0.31,0.315,0.305,0.31,641146
MOE,20190620,3.54,3.55,3.51,3.55,120136
MOH,20190620,0.055,0.056,0.055,0.055,112259
MOQ,20190620,0.19,0.19,0.19,0.19,226200
MOT,20190620,2.05,2.06,2.05,2.06,72917
MOY,20190620,0.058,0.067,0.057,0.066,5801793
MP1,20190620,6.2,6.27,6.12,6.2,847445
MPH,20190620,0.31,0.33,0.31,0.33,28922
MPL,20190620,3.45,3.49,3.43,3.49,11552022
MPW,20190620,0.115,0.135,0.115,0.13,548633
MQG,20190620,126.9,127.45,126,127.33,1479327
MQR,20190620,0.1,0.1,0.098,0.099,525719
MRC,20190620,0.2,0.2,0.2,0.2,5000
MRD,20190620,0.001,0.001,0.001,0.001,1071240
MRG,20190620,0.079,0.079,0.078,0.078,228898
MRM,20190620,0.17,0.18,0.167,0.18,264915
MRR,20190620,0.011,0.013,0.011,0.013,181900
MRV,20190620,0.006,0.006,0.006,0.006,471502
MRZ,20190620,0.235,0.235,0.22,0.22,210711
MSB,20190620,1.37,1.38,1.35,1.35,522108
MSE,20190620,0.006,0.007,0.006,0.007,934667
MSG,20190620,0.016,0.016,0.015,0.015,225155
MSV,20190620,0.06,0.06,0.059,0.059,189112
MTC,20190620,0.018,0.018,0.018,0.018,35919
MTH,20190620,0.005,0.005,0.005,0.005,30000
MTO,20190620,1.285,1.29,1.25,1.25,64767
MTS,20190620,3.16,3.16,3.115,3.15,3680608
MVA,20190620,25.73,25.75,25.6,25.66,30214
MVB,20190620,28.58,28.59,28.47,28.52,9792
MVE,20190620,28.72,28.74,28.69,28.69,375
MVF,20190620,1.44,1.45,1.4,1.44,2909493
MVP,20190620,5.31,5.59,5.3,5.56,199311
MVR,20190620,28.93,29.31,28.93,29.31,1811
MVS,20190620,21.23,21.23,21.22,21.22,491
MVT,20190620,0.155,0.155,0.155,0.155,8000
MVW,20190620,30.78,31.06,30.74,31.06,40158
MWR,20190620,3.45,3.49,3.36,3.44,25509
MWY,20190620,3.47,3.51,3.42,3.43,42067
MX1,20190620,0.205,0.21,0.2,0.205,332101
MXC,20190620,0.053,0.053,0.05,0.052,1608284
MXI,20190620,0.285,0.29,0.285,0.285,125820
MXR,20190620,0.061,0.066,0.061,0.066,27028
MXT,20190620,2.03,2.04,2.02,2.03,1099816
MYE,20190620,0.85,0.895,0.845,0.86,95308
MYL,20190620,0.057,0.06,0.055,0.06,2976088
MYQ,20190620,0.18,0.185,0.18,0.18,175000
MYR,20190620,0.55,0.575,0.535,0.565,2136081
MYS,20190620,4.49,4.505,4.47,4.47,549091
MYX,20190620,0.525,0.525,0.505,0.51,7204587
MZN,20190620,0.002,0.002,0.002,0.002,510882
MZZ,20190620,0.26,0.27,0.255,0.27,573064
N27,20190620,0.04,0.04,0.039,0.04,105433
NAB,20190620,26.98,27,26.77,26.96,8072623
NAC,20190620,0.815,0.82,0.795,0.815,88200
NAM,20190620,0.36,0.36,0.36,0.36,300000
NAN,20190620,5.64,6.085,5.6,5.74,4410088
NBI,20190620,2.03,2.04,2.02,2.02,428964
NBL,20190620,2.92,2.92,2.8,2.87,21351
NC6,20190620,0.048,0.048,0.048,0.048,200000
NCC,20190620,0.98,1.01,0.94,0.98,119528
NCK,20190620,7.1,7.2,7.07,7.18,146513
NCM,20190620,30.7,31.78,30.39,31.78,6023989
NCR,20190620,0.02,0.02,0.02,0.02,8083
NCZ,20190620,0.58,0.595,0.57,0.58,6984072
NDQ,20190620,19.38,19.47,19.36,19.43,56048
NEA,20190620,4.2,4.29,4.16,4.23,3800152
NEC,20190620,2.05,2.06,2.02,2.05,9280949
NES,20190620,0.046,0.05,0.044,0.05,274034
NET,20190620,0.12,0.135,0.115,0.12,6772604
NEU,20190620,1.14,1.14,1.11,1.11,33916
NEW,20190620,1.28,1.3,1.27,1.3,291907
NGE,20190620,0.6,0.6,0.6,0.6,24391
NGI,20190620,4.13,4.2,4.06,4.16,322679
NHC,20190620,2.59,2.6,2.535,2.55,3320306
NHF,20190620,7.81,7.86,7.63,7.68,1940421
NHL,20190620,0.013,0.013,0.013,0.013,777490
NIC,20190620,0.4,0.41,0.392,0.405,600850
NME,20190620,0.015,0.015,0.011,0.011,136406
NML,20190620,0.067,0.07,0.067,0.07,260353
NMS,20190620,0.2,0.2,0.17,0.17,1288
NMT,20190620,0.22,0.22,0.215,0.215,341022
NNW,20190620,0.07,0.07,0.07,0.07,108378
NOR,20190620,0.004,0.004,0.004,0.004,12101618
NOV,20190620,0.16,0.16,0.155,0.16,209354
NOX,20190620,0.5,0.5,0.475,0.5,54319
NSC,20190620,0.57,0.57,0.555,0.555,620035
NSR,20190620,1.86,1.865,1.845,1.855,1902065
NST,20190620,11.03,11.69,10.92,11.69,7110929
NTC,20190620,1.095,1.095,1.095,1.095,467039
NTD,20190620,0.39,0.39,0.37,0.385,98655
NTI,20190620,0.021,0.022,0.02,0.021,898593
NTL,20190620,0.006,0.006,0.006,0.006,100000
NTU,20190620,0.077,0.077,0.072,0.072,2212634
NUF,20190620,4.1,4.165,4.04,4.13,3121097
NUH,20190620,0.073,0.073,0.071,0.072,1201903
NUS,20190620,0.175,0.18,0.175,0.18,111000
NVA,20190620,0.022,0.022,0.022,0.022,120960
NVL,20190620,2.04,2.05,2.04,2.05,22788
NVO,20190620,0.013,0.014,0.013,0.014,483595
NVT,20190620,5.82,5.82,5.81,5.81,6665081
NVU,20190620,0.061,0.061,0.05,0.05,200000
NVX,20190620,0.4,0.4,0.4,0.4,14957
NWC,20190620,0.012,0.012,0.012,0.012,1061328
NWE,20190620,0.002,0.002,0.002,0.002,2087500
NWH,20190620,2.5,2.545,2.415,2.5,2420752
NWL,20190620,9.33,9.59,9.22,9.46,170155
NWM,20190620,0.21,0.21,0.205,0.205,37276
NWS,20190620,19.93,20.11,19.84,19.94,336418
NXE,20190620,0.017,0.017,0.017,0.017,70844
NXM,20190620,0.045,0.045,0.045,0.045,8000
NXS,20190620,4.64,4.64,4.25,4.37,1195096
NXT,20190620,6.8,6.85,6.665,6.7,1774713
NZC,20190620,0.345,0.345,0.34,0.34,199394
NZK,20190620,2.01,2.01,2.01,2.01,1000
NZM,20190620,0.47,0.51,0.47,0.48,544095
OAR,20190620,0.013,0.013,0.013,0.013,50000
OAU,20190620,0.01,0.01,0.009,0.009,632183
OBJ,20190620,0.018,0.018,0.015,0.015,8201617
OCC,20190620,0.48,0.5,0.455,0.465,4995976
OCL,20190620,2.95,2.95,2.85,2.9,33536
ODA,20190620,0.095,0.096,0.095,0.096,26907
OEC,20190620,0.3,0.32,0.295,0.295,71028
OEX,20190620,0.003,0.003,0.003,0.003,2311843
OFX,20190620,1.52,1.52,1.455,1.48,209064
OGA,20190620,0.145,0.145,0.145,0.145,37321
OGC,20190620,4.33,4.57,4.33,4.56,704484
OIL,20190620,0.044,0.045,0.044,0.045,244878
OKR,20190620,0.115,0.13,0.115,0.13,29980
OKU,20190620,0.16,0.16,0.155,0.155,371066
OLI,20190620,0.045,0.046,0.044,0.046,894950
OLV,20190620,0.009,0.009,0.007,0.007,395829
OMH,20190620,0.91,0.92,0.88,0.92,136258
OML,20190620,4.38,4.38,4.255,4.28,1063190
OMN,20190620,0.8,0.845,0.795,0.81,290280
ONE,20190620,0.195,0.205,0.195,0.205,191184
ONX,20190620,0.165,0.17,0.165,0.17,110117
OOO,20190620,15.02,15.1,15.02,15.06,12604
OPH,20190620,2.49,2.49,2.45,2.47,108585
OPN,20190620,0.049,0.049,0.048,0.048,110035
OPT,20190620,0.595,0.61,0.58,0.61,80571
ORA,20190620,3.24,3.26,3.21,3.21,5199882
ORE,20190620,3.04,3.13,2.97,3.11,2647182
ORG,20190620,7.11,7.28,7.05,7.26,9006518
ORI,20190620,20.12,20.61,20.12,20.54,1897991
ORM,20190620,0.02,0.02,0.02,0.02,5577
ORN,20190620,0.029,0.03,0.029,0.03,272672
ORR,20190620,0.205,0.22,0.205,0.22,849432
OSH,20190620,7.2,7.21,7.1,7.19,5744496
OSL,20190620,0.053,0.055,0.05,0.055,2498716
OSP,20190620,0.086,0.088,0.085,0.085,345958
OTW,20190620,4.75,4.77,4.66,4.66,19301
OVH,20190620,0.43,0.44,0.425,0.44,229687
OVT,20190620,0.063,0.066,0.063,0.066,570511
OXX,20190620,0.006,0.006,0.006,0.006,222000
OZF,20190620,20.87,20.89,20.87,20.89,399
OZG,20190620,0.155,0.155,0.15,0.15,395000
OZL,20190620,10,10.12,9.8,10.05,2057028
OZR,20190620,12.23,12.4,12.21,12.4,84996
PAA,20190620,0.042,0.045,0.04,0.04,1529899
PAB,20190620,0.026,0.027,0.026,0.026,463238
PAC,20190620,4.55,4.6,4.35,4.4,126799
PAF,20190620,0.925,0.93,0.92,0.92,41110
PAI,20190620,1.04,1.05,1.025,1.035,336011
PAL,20190620,1.08,1.08,1.03,1.07,63022
PAN,20190620,0.28,0.295,0.28,0.285,416115
PAR,20190620,1.415,1.425,1.39,1.41,389187
PBH,20190620,2.62,2.62,2.5,2.5,268867
PBP,20190620,1.55,1.57,1.545,1.55,9681
PCG,20190620,1.6,1.675,1.59,1.59,25575
PCI,20190620,1.115,1.115,1.11,1.115,613360
PCK,20190620,0.195,0.2,0.18,0.185,4475299
PCL,20190620,0.001,0.001,0.001,0.001,4671999
PDI,20190620,0.017,0.017,0.016,0.016,639473
PDL,20190620,7.21,7.3,7.17,7.24,1181922
PDN,20190620,0.12,0.125,0.115,0.117,1429916
PDZ,20190620,0.25,0.26,0.25,0.26,127441
PE1,20190620,1.28,1.28,1.27,1.27,30869
PEA,20190620,0.62,0.635,0.615,0.62,1667156
PEK,20190620,0.052,0.053,0.051,0.051,1359436
PEN,20190620,0.255,0.26,0.25,0.26,93814
PET,20190620,0.875,0.885,0.85,0.885,1608278
PEX,20190620,0.33,0.34,0.32,0.335,86170
PFP,20190620,3.22,3.28,3.22,3.28,67527
PG1,20190620,0.14,0.14,0.14,0.14,5036
PGC,20190620,0.43,0.43,0.415,0.42,333800
PGF,20190620,1.11,1.11,1.1,1.105,423563
PGH,20190620,2.38,2.38,2.32,2.35,1519593
PGI,20190620,0.016,0.016,0.014,0.014,74000
PGL,20190620,3.75,3.75,3.66,3.66,478245
PGM,20190620,0.042,0.043,0.042,0.043,79604
PGR,20190620,0.125,0.125,0.12,0.12,459020
PGX,20190620,0.39,0.39,0.39,0.39,13000
PGY,20190620,0.01,0.01,0.01,0.01,369947
PIA,20190620,1.035,1.04,1.03,1.04,154703
PIC,20190620,1.01,1.02,1.005,1.015,543121
PIO,20190620,0.011,0.011,0.011,0.011,827780
PIQ,20190620,0.385,0.385,0.37,0.37,167822
PKD,20190620,0.081,0.081,0.08,0.08,114525
PKS,20190620,0.185,0.19,0.185,0.19,546740
PL8,20190620,1.12,1.13,1.12,1.13,1029078
PLL,20190620,0.17,0.17,0.165,0.17,364083
PLS,20190620,0.555,0.582,0.535,0.565,21675021
PLX,20190620,0.91,0.91,0.9,0.9,4055
PM1,20190620,0.019,0.02,0.018,0.018,5472021
PM8,20190620,0.027,0.028,0.027,0.027,3394439
PMC,20190620,1.56,1.58,1.555,1.555,227544
PME,20190620,25.45,26.69,25.45,26.5,438146
PMV,20190620,16.08,16.28,15.91,15.94,402557
PMY,20190620,0.007,0.007,0.006,0.006,16877692
PNC,20190620,2.81,2.81,2.74,2.74,99677
PNI,20190620,5.2,5.29,5.08,5.11,789027
PNL,20190620,0.105,0.105,0.095,0.1,2711289
PNN,20190620,0.002,0.002,0.002,0.002,665000
PNR,20190620,0.17,0.2,0.165,0.2,8666174
PNV,20190620,1.4,1.445,1.37,1.42,3411994
POD,20190620,0.096,0.097,0.092,0.092,19040
POS,20190620,0.037,0.037,0.036,0.036,397251
POU,20190620,18.08,18.08,18.07,18.07,10559
POW,20190620,0.01,0.01,0.01,0.01,251816
PPC,20190620,1.17,1.18,1.16,1.175,272700
PPE,20190620,3.14,3.35,3.14,3.27,529827
PPG,20190620,0.12,0.125,0.115,0.12,238866
PPH,20190620,3.72,3.81,3.7,3.75,225343
PPK,20190620,2.79,2.9,2.75,2.9,170548
PPL,20190620,0.013,0.013,0.013,0.013,50000
PPS,20190620,0.375,0.38,0.37,0.37,833579
PPT,20190620,43.04,43.09,42.52,42.7,290186
PPY,20190620,0.005,0.005,0.005,0.005,150000
PRO,20190620,0.28,0.28,0.265,0.265,46556
PRT,20190620,0.225,0.23,0.22,0.23,775296
PRU,20190620,0.53,0.607,0.525,0.605,11469507
PRX,20190620,0.091,0.092,0.09,0.092,574934
PRZ,20190620,0.098,0.098,0.098,0.098,57362
PSA,20190620,0.065,0.065,0.065,0.065,13611
PSI,20190620,2.53,2.57,2.53,2.57,14857
PSQ,20190620,1.24,1.245,1.235,1.235,75754
PSZ,20190620,0.05,0.05,0.048,0.048,46764
PTB,20190620,0.665,0.685,0.655,0.67,253531
PTM,20190620,4.83,4.9,4.805,4.9,1671768
PTR,20190620,0.034,0.034,0.034,0.034,1213
PTX,20190620,0.04,0.04,0.039,0.039,1869599
PUA,20190620,0.038,0.038,0.038,0.038,15824
PUR,20190620,0.018,0.018,0.017,0.017,1184031
PVD,20190620,0.018,0.018,0.018,0.018,6000
PVS,20190620,1.4,1.4,1.4,1.4,16601
PWH,20190620,4.35,4.4,4.34,4.35,77861
PWL,20190620,0.285,0.3,0.28,0.295,602815
PXS,20190620,0.255,0.26,0.245,0.245,610737
PXX,20190620,0.098,0.098,0.091,0.093,501528
PYC,20190620,0.026,0.026,0.026,0.026,580007
PYG,20190620,0.665,0.665,0.65,0.65,47913
QAN,20190620,5.45,5.48,5.33,5.43,21347536
QAU,20190620,13.8,14.1,13.8,14.04,49281
QBE,20190620,12.1,12.195,12.085,12.15,5913784
QCB,20190620,8.04,8.04,8.04,8.04,23931
QEM,20190620,0.099,0.099,0.099,0.099,2200
QFN,20190620,11.7,11.75,11.7,11.73,94853
QHL,20190620,0.076,0.077,0.076,0.077,348517
QIP,20190620,1.28,1.28,1.245,1.27,190314
QMS,20190620,0.79,0.81,0.785,0.81,225281
QOZ,20190620,14.25,14.26,14.19,14.24,60574
QRE,20190620,6.73,6.82,6.73,6.82,27878
QRI,20190620,1.665,1.665,1.64,1.65,255777
QTM,20190620,0.026,0.028,0.026,0.028,21843
QUB,20190620,3.1,3.13,3.1,3.11,5785716
QUS,20190620,37.1,37.19,37.1,37.18,5780
QVE,20190620,1.04,1.05,1.03,1.035,665104
RAN,20190620,0.023,0.025,0.023,0.025,93633
RAP,20190620,0.195,0.195,0.185,0.19,836285
RBL,20190620,0.98,0.98,0.937,0.98,76932
RBR,20190620,0.019,0.019,0.016,0.018,5975330
RCB,20190620,20.96,21.03,20.96,21.03,27175
RCE,20190620,0.2,0.21,0.2,0.21,130957
RCP,20190620,0.014,0.014,0.014,0.014,164063
RCT,20190620,2.7,2.7,2.7,2.7,186
RCW,20190620,0.255,0.255,0.255,0.255,15317
RD1,20190620,0.024,0.024,0.024,0.024,1357
RDC,20190620,1.105,1.11,1.08,1.08,616039
RDF,20190620,0.425,0.43,0.425,0.43,27112
RDH,20190620,2.2,2.2,2.2,2.2,7274
RDM,20190620,0.092,0.092,0.09,0.091,421272
RDV,20190620,30.74,30.8,30.74,30.8,8830
RDY,20190620,1.61,1.61,1.575,1.605,27000
REA,20190620,96.7,97.37,96.11,96.64,214646
RED,20190620,0.165,0.18,0.165,0.175,5802778
REG,20190620,2.72,2.79,2.64,2.78,468717
REH,20190620,9.88,10.09,9.82,10.08,358437
RES,20190620,0.17,0.22,0.17,0.2,1796796
REX,20190620,1.385,1.385,1.38,1.385,9586
REY,20190620,0.325,0.325,0.315,0.32,63664
RF1,20190620,2.49,2.5,2.47,2.47,89994
RFF,20190620,2.35,2.35,2.29,2.31,370331
RFG,20190620,0.15,0.155,0.15,0.15,218162
RFN,20190620,0.004,0.004,0.004,0.004,16700
RFR,20190620,0.12,0.125,0.12,0.125,689983
RFT,20190620,0.052,0.053,0.048,0.048,3061644
RFX,20190620,0.04,0.041,0.038,0.04,1890243
RGB,20190620,23.07,23.17,23.07,23.17,1079
RGI,20190620,0.16,0.16,0.145,0.145,643999
RGL,20190620,0.022,0.022,0.021,0.021,91559
RGS,20190620,0.081,0.083,0.073,0.073,734590
RHC,20190620,73.17,73.3,72.61,72.76,749182
RHI,20190620,0.15,0.15,0.15,0.15,2000
RHL,20190620,4.17,4.2,4.15,4.18,532230
RHP,20190620,2.82,2.95,2.81,2.88,954298
RHT,20190620,0.093,0.097,0.093,0.094,101003
RIC,20190620,1.225,1.24,1.215,1.215,1440491
RIE,20190620,0.008,0.009,0.008,0.009,191435
RIM,20190620,0.004,0.004,0.004,0.004,617000
RIO,20190620,101.4,101.93,100.16,101.47,2963398
RKN,20190620,0.535,0.56,0.535,0.56,51778
RLC,20190620,0.005,0.005,0.005,0.005,100000
RLE,20190620,0.059,0.061,0.059,0.061,183871
RLT,20190620,0.88,0.88,0.88,0.88,1000
RMC,20190620,0.64,0.65,0.64,0.65,94430
RMD,20190620,17.59,17.66,17.53,17.58,892218
RMG,20190620,0.009,0.015,0.009,0.015,50606
RMI,20190620,0.008,0.008,0.008,0.008,114203
RMP,20190620,0.011,0.011,0.011,0.011,520270
RMS,20190620,0.685,0.77,0.67,0.765,8313251
RMX,20190620,0.004,0.004,0.004,0.004,218750
RMY,20190620,0.2,0.2,0.195,0.195,3357
RND,20190620,3,3,3,3,250
RNE,20190620,0.062,0.065,0.062,0.065,24351
RNO,20190620,0.25,0.25,0.24,0.24,43741
RNT,20190620,0.03,0.032,0.03,0.032,228854
RNU,20190620,0.023,0.023,0.022,0.022,3726399
ROG,20190620,0.003,0.003,0.003,0.003,1410000
ROO,20190620,0.05,0.051,0.05,0.05,90318
RRL,20190620,4.72,5.01,4.67,4.93,5277394
RSG,20190620,1.11,1.197,1.08,1.19,15246642
RSH,20190620,0.095,0.095,0.086,0.09,1992470
RSM,20190620,21.41,21.41,21.41,21.41,372
RTG,20190620,0.075,0.08,0.075,0.08,82295
RTR,20190620,0.047,0.047,0.046,0.046,275295
RUL,20190620,0.6,0.6,0.595,0.595,132146
RVR,20190620,0.165,0.165,0.16,0.165,1269238
RVS,20190620,1.3,1.3,1.28,1.285,13934
RWC,20190620,3.55,3.57,3.52,3.54,4548649
RWD,20190620,0.092,0.092,0.092,0.092,600000
RXL,20190620,0.012,0.014,0.012,0.013,27382002
RXM,20190620,0.055,0.055,0.052,0.053,499995
RXP,20190620,0.46,0.46,0.45,0.45,132256
RZI,20190620,0.465,0.465,0.45,0.455,329847
S32,20190620,3.17,3.21,3.13,3.19,44174118
SAR,20190620,3.59,3.76,3.59,3.72,8596965
SBM,20190620,2.74,2.94,2.72,2.94,10915698
SBR,20190620,0.005,0.005,0.004,0.004,2651477
SBW,20190620,0.145,0.145,0.145,0.145,7980
SCG,20190620,3.87,3.87,3.77,3.82,24068431
SCI,20190620,0.008,0.01,0.008,0.01,148896
SCL,20190620,0.008,0.008,0.008,0.008,598751
SCP,20190620,2.6,2.61,2.58,2.59,2937416
SCT,20190620,0.07,0.07,0.07,0.07,28369
SCU,20190620,0.015,0.015,0.015,0.015,125116
SDA,20190620,3.51,3.65,3.5,3.63,1766294
SDF,20190620,3.4,3.42,3.36,3.37,2624332
SDG,20190620,1.78,1.8,1.76,1.8,146095
SDI,20190620,0.93,0.93,0.895,0.92,5204
SDV,20190620,0.074,0.074,0.074,0.074,4010065
SDX,20190620,0.053,0.053,0.052,0.052,343982
SE1,20190620,0.11,0.115,0.11,0.11,826698
SEA,20190620,0.255,0.255,0.24,0.25,5353681
SEC,20190620,1.79,1.83,1.78,1.78,161714
SEI,20190620,0.027,0.027,0.027,0.027,132333
SEK,20190620,21.84,21.98,21.73,21.87,1024198
SEN,20190620,0.06,0.062,0.059,0.06,632480
SEQ,20190620,0.19,0.19,0.16,0.19,117801
SES,20190620,0.043,0.043,0.043,0.043,20000
SFC,20190620,13.41,13.41,13.41,13.41,1640
SFG,20190620,0.088,0.088,0.087,0.087,585533
SFR,20190620,6.79,6.89,6.68,6.85,1241639
SFX,20190620,0.33,0.335,0.32,0.325,220747
SFY,20190620,62.02,62.16,61.98,62.16,10130
SGC,20190620,0.017,0.017,0.016,0.017,2796364
SGF,20190620,3.01,3.03,2.83,2.85,126710
SGH,20190620,1.68,1.72,1.68,1.68,6601
SGI,20190620,0.091,0.092,0.09,0.09,395206
SGM,20190620,10.29,10.52,10.25,10.37,1213014
SGO,20190620,0.014,0.014,0.014,0.014,85122
SGP,20190620,4.35,4.39,4.35,4.36,12032024
SGQ,20190620,0.115,0.115,0.105,0.115,695217
SGR,20190620,4.04,4.15,4.03,4.08,6608643
SHH,20190620,0.007,0.007,0.006,0.007,2976429
SHJ,20190620,0.645,0.65,0.63,0.64,56344
SHL,20190620,27.5,27.85,27.41,27.85,1954695
SHM,20190620,0.6,0.6,0.57,0.59,61247
SHO,20190620,0.065,0.068,0.064,0.067,78989
SHV,20190620,6.9,7.08,6.88,7,116073
SI6,20190620,0.005,0.005,0.005,0.005,200000
SIG,20190620,0.525,0.54,0.52,0.54,3015143
SIH,20190620,0.014,0.014,0.014,0.014,600000
SIL,20190620,0.125,0.125,0.12,0.125,46500
SIQ,20190620,8.84,8.9,8.77,8.78,498739
SIS,20190620,0.049,0.05,0.049,0.05,408500
SIT,20190620,0.03,0.03,0.029,0.029,363344
SIV,20190620,0.395,0.41,0.35,0.355,79597
SKC,20190620,3.61,3.625,3.59,3.59,742827
SKF,20190620,0.155,0.16,0.155,0.155,38900
SKI,20190620,2.54,2.555,2.52,2.54,7417876
SKN,20190620,0.026,0.026,0.026,0.026,115627
SKO,20190620,4.05,4.05,3.98,4,50061
SKT,20190620,1.135,1.135,1.12,1.13,75540
SLC,20190620,1.65,1.75,1.645,1.74,491646
SLF,20190620,14.86,14.87,14.7,14.76,70058
SLK,20190620,3.68,3.73,3.68,3.69,143379
SLM,20190620,0.505,0.51,0.505,0.51,136895
SLR,20190620,1.05,1.13,1.042,1.13,8288727
SLX,20190620,0.455,0.46,0.445,0.445,111086
SLZ,20190620,0.048,0.05,0.047,0.05,623298
SM1,20190620,9.48,9.48,9.19,9.2,37580
SM8,20190620,0.023,0.023,0.023,0.023,32099
SMC,20190620,0.405,0.405,0.405,0.405,1600
SMI,20190620,0.003,0.003,0.003,0.003,57429
SMN,20190620,0.74,0.745,0.72,0.735,39197
SMP,20190620,0.185,0.185,0.185,0.185,40000
SMR,20190620,1.39,1.39,1.345,1.35,190994
SMX,20190620,0.36,0.36,0.35,0.36,72570
SNC,20190620,0.82,0.83,0.815,0.83,43559
SND,20190620,0.35,0.35,0.35,0.35,30000
SNL,20190620,3.49,3.55,3.49,3.55,4873
SNS,20190620,0.09,0.09,0.09,0.09,103733
SNZ,20190620,5.15,5.17,5.15,5.17,8
SO4,20190620,0.765,0.8,0.765,0.8,211952
SOL,20190620,22.81,23.25,22.58,22.81,568296
SOM,20190620,1.695,1.7,1.69,1.69,137748
SOP,20190620,0.042,0.042,0.042,0.042,50000
SOR,20190620,0.034,0.036,0.034,0.035,249902
SP3,20190620,0.155,0.155,0.145,0.145,133313
SPK,20190620,3.78,3.81,3.76,3.8,1763509
SPL,20190620,1.285,1.32,1.285,1.31,364900
SPO,20190620,1.765,1.765,1.765,1.765,277
SPQ,20190620,0.007,0.007,0.007,0.007,2982923
SPT,20190620,0.66,0.695,0.625,0.695,3805285
SPX,20190620,0.021,0.025,0.021,0.025,17352949
SPY,20190620,426.94,427.22,426.91,427.22,90
SPZ,20190620,0.11,0.11,0.11,0.11,62595
SRG,20190620,0.44,0.44,0.435,0.44,252543
SRI,20190620,0.007,0.007,0.007,0.007,3988206
SRK,20190620,0.05,0.05,0.047,0.047,67816
SRO,20190620,0.001,0.001,0.001,0.001,4960000
SRS,20190620,0.069,0.069,0.069,0.069,203292
SRV,20190620,3.68,3.7,3.65,3.68,49286
SRZ,20190620,0.014,0.014,0.014,0.014,400000
SSG,20190620,0.43,0.435,0.43,0.43,29189
SSM,20190620,2.68,2.73,2.65,2.68,2491950
SSO,20190620,15.51,15.54,15.51,15.54,1476
ST1,20190620,0.225,0.24,0.225,0.235,1336377
STA,20190620,0.13,0.13,0.13,0.13,36634
STG,20190620,1.53,1.535,1.49,1.5,63076
STM,20190620,0.033,0.035,0.033,0.035,1159430
STN,20190620,0.295,0.34,0.295,0.325,286534
STO,20190620,6.95,7.1,6.91,7.1,6834889
STW,20190620,62.48,62.64,62.2,62.64,183665
STX,20190620,0.062,0.062,0.058,0.06,3731634
SUD,20190620,0.005,0.005,0.004,0.004,3550000
SUH,20190620,0.031,0.031,0.031,0.031,38439
SUL,20190620,9.11,9.2,9.02,9.04,1847243
SUN,20190620,13.6,13.715,13.48,13.65,4413559
SUP,20190620,0.024,0.032,0.024,0.029,602377
SUR,20190620,0.001,0.001,0.001,0.001,34096
SVD,20190620,0.008,0.008,0.008,0.008,810816
SVL,20190620,0.044,0.048,0.044,0.046,3568428
SVM,20190620,0.125,0.125,0.12,0.12,1079752
SVT,20190620,0.016,0.016,0.016,0.016,58665
SVW,20190620,18.2,18.33,18.01,18.29,964742
SVY,20190620,0.23,0.235,0.225,0.225,275089
SW1,20190620,0.16,0.165,0.155,0.16,306202
SWF,20190620,0.12,0.125,0.12,0.125,364290
SWK,20190620,0.205,0.205,0.205,0.205,25000
SWM,20190620,0.475,0.475,0.465,0.47,5736521
SXA,20190620,0.053,0.053,0.053,0.053,1333
SXE,20190620,0.48,0.485,0.48,0.485,187960
SXL,20190620,1.27,1.32,1.265,1.295,4614384
SXY,20190620,0.31,0.32,0.305,0.32,26194825
SYA,20190620,0.011,0.011,0.01,0.01,230000
SYD,20190620,8.02,8.27,8.01,8.27,8902707
SYI,20190620,30.55,30.65,30.53,30.65,5095
SYT,20190620,0.002,0.003,0.002,0.002,4909395
T3D,20190620,0.001,0.001,0.001,0.001,25000
TAH,20190620,4.62,4.65,4.61,4.61,8664196
TAM,20190620,0.041,0.042,0.04,0.042,811732
TAP,20190620,0.105,0.105,0.097,0.105,302829
TAR,20190620,0.031,0.031,0.031,0.031,7150
TAS,20190620,0.03,0.03,0.029,0.029,346372
TBL,20190620,0.5,0.5,0.5,0.5,6100
TBR,20190620,4.81,5.01,4.81,5.01,35576
TCL,20190620,15.24,15.35,15.1,15.34,9292458
TDL,20190620,0.035,0.035,0.035,0.035,3174
TDO,20190620,0.12,0.12,0.12,0.12,10000
TEG,20190620,0.08,0.086,0.078,0.086,96631
TEK,20190620,0.23,0.23,0.23,0.23,367530
TER,20190620,0.515,0.53,0.515,0.53,18002
TFL,20190620,0.16,0.165,0.155,0.16,254649
TGA,20190620,0.295,0.305,0.28,0.3,484867
TGF,20190620,2,2.01,1.99,2,214224
TGG,20190620,1.23,1.235,1.23,1.235,205496
TGM,20190620,0.165,0.17,0.165,0.17,74588
TGN,20190620,0.23,0.24,0.225,0.24,108590
TGO,20190620,0.52,0.53,0.515,0.515,21406
TGP,20190620,0.99,0.99,0.985,0.985,4656
TGR,20190620,5.06,5.06,5.01,5.05,694605
THC,20190620,0.445,0.45,0.44,0.445,191356
THD,20190620,0.001,0.001,0.001,0.001,328000
THR,20190620,0.015,0.015,0.015,0.015,375000
TIA,20190620,0.42,0.42,0.42,0.42,3288
TIE,20190620,0.125,0.13,0.12,0.125,2412956
TIG,20190620,0.056,0.059,0.056,0.059,133252
TIP,20190620,0.78,0.795,0.78,0.79,106032
TKM,20190620,0.005,0.006,0.005,0.006,245000
TLG,20190620,0.46,0.465,0.445,0.46,269711
TLM,20190620,0.077,0.078,0.077,0.077,205747
TLS,20190620,3.83,3.86,3.81,3.86,34913930
TLX,20190620,1.175,1.3,1.135,1.255,828540
TMR,20190620,0.185,0.185,0.185,0.185,90733
TMT,20190620,0.215,0.215,0.215,0.215,87274
TMX,20190620,0.003,0.003,0.003,0.003,17666
TNE,20190620,7.97,8.33,7.94,8.26,1535289
TNG,20190620,0.105,0.11,0.105,0.105,344142
TNK,20190620,1.685,1.685,1.655,1.655,64228
TNO,20190620,0.072,0.073,0.071,0.071,269246
TNR,20190620,0.01,0.01,0.01,0.01,300000
TNY,20190620,1.26,1.335,1.26,1.33,53141
TOE,20190620,0.021,0.021,0.021,0.021,347115
TON,20190620,0.051,0.051,0.051,0.051,55833
TOP,20190620,0.655,0.655,0.65,0.65,8932
TOT,20190620,1.165,1.17,1.165,1.17,39897
TOU,20190620,0.115,0.115,0.115,0.115,62851
TPD,20190620,0.002,0.002,0.002,0.002,340000
TPM,20190620,6.67,6.81,6.585,6.8,1277990
TPP,20190620,0.044,0.07,0.043,0.061,488509
TPW,20190620,1.355,1.38,1.35,1.35,293788
TRS,20190620,2.03,2.04,2,2.02,59359
TRT,20190620,0.041,0.042,0.041,0.041,469194
TRY,20190620,0.085,0.088,0.084,0.087,2156655
TSC,20190620,0.002,0.002,0.002,0.002,500000
TSL,20190620,0.016,0.016,0.016,0.016,5187
TSN,20190620,0.008,0.008,0.008,0.008,100000
TTB,20190620,0.025,0.026,0.025,0.026,351100
TTI,20190620,0.023,0.023,0.023,0.023,34771
TTT,20190620,1.735,1.88,1.735,1.805,268442
TV2,20190620,0.011,0.011,0.01,0.011,12375323
TWD,20190620,3.63,3.63,3.6,3.6,2500
TWE,20190620,15.45,15.45,15.19,15.23,2770264
TWR,20190620,0.735,0.745,0.725,0.73,39360
TYM,20190620,0.155,0.165,0.155,0.165,83000
TYX,20190620,0.005,0.005,0.005,0.005,59895
TZL,20190620,0.11,0.12,0.11,0.12,19298
TZN,20190620,0.083,0.084,0.083,0.084,219945
UBA,20190620,22.79,22.8,22.79,22.8,5003
UBI,20190620,0.19,0.19,0.185,0.185,77558
UBN,20190620,0.03,0.03,0.03,0.03,5000
UBP,20190620,26.15,26.15,26.15,26.15,46
UBU,20190620,31.65,31.65,31.65,31.65,1579
UBW,20190620,28.66,28.66,28.66,28.66,71
UNV,20190620,0.32,0.32,0.315,0.32,150367
UOS,20190620,0.745,0.76,0.745,0.75,75396
URB,20190620,0.99,0.99,0.99,0.99,5000
URF,20190620,0.795,0.86,0.795,0.83,189975
URW,20190620,11.13,11.14,11.05,11.11,4054256
USD,20190620,14.28,14.31,14.28,14.3,17442
UTR,20190620,0.002,0.002,0.002,0.002,400000
UUV,20190620,0.006,0.007,0.006,0.007,120000
UWL,20190620,1.485,1.73,1.485,1.695,1061995
VAE,20190620,66.81,67.23,66.7,67.15,7757
VAF,20190620,52,52.14,52,52.05,49781
VAH,20190620,0.17,0.175,0.17,0.17,317336
VAL,20190620,0.005,0.005,0.005,0.005,1199703
VAN,20190620,0.17,0.17,0.165,0.165,62057
VAP,20190620,93.42,93.97,92.58,93.12,105815
VAS,20190620,84.89,85.21,84.65,85.21,82243
VCF,20190620,49.42,49.65,49.42,49.65,4256
VCX,20190620,2.6,2.6,2.56,2.58,14359554
VEA,20190620,2.1,2.1,1.96,2.06,22116191
VEN,20190620,0.11,0.11,0.11,0.11,444381
VEQ,20190620,57.54,57.7,57.35,57.61,4930
VEU,20190620,73.07,73.9,73.07,73.8,50115
VG1,20190620,2.42,2.44,2.4,2.41,327121
VGB,20190620,52.96,53.11,52.96,53.02,36760
VGE,20190620,68.5,68.8,68.29,68.65,11759
VGL,20190620,5.83,5.88,5.82,5.82,1803
VGS,20190620,76.77,76.92,76.6,76.86,39248
VHT,20190620,1.675,1.69,1.655,1.66,518774
VHY,20190620,62.54,63,62.54,62.93,37991
VIF,20190620,50.13,50.16,50.01,50.15,16846
VIG,20190620,0.03,0.03,0.03,0.03,3683
VLC,20190620,69.3,69.3,69.29,69.29,698
VLT,20190620,0.17,0.17,0.17,0.17,6076
VLW,20190620,2.28,2.29,2.16,2.17,466612
VMC,20190620,0.115,0.115,0.11,0.11,214362
VMG,20190620,0.001,0.002,0.001,0.002,2106063
VMS,20190620,0.019,0.02,0.019,0.02,473211
VMT,20190620,0.105,0.105,0.1,0.1,271904
VMX,20190620,0.21,0.21,0.21,0.21,66487
VMY,20190620,0.054,0.056,0.054,0.056,378636
VN8,20190620,0.125,0.125,0.12,0.125,147446
VOC,20190620,3.3,3.36,3.295,3.33,5023531
VOL,20190620,2.3,2.34,2.3,2.33,34889
VRC,20190620,0.021,0.021,0.02,0.02,798396
VRL,20190620,2.88,2.92,2.85,2.92,94760
VRS,20190620,0.053,0.053,0.052,0.053,981259
VRT,20190620,4.49,4.73,4.46,4.65,254003
VRX,20190620,0.105,0.105,0.091,0.093,1224109
VSO,20190620,59.5,59.97,59.39,59.9,12773
VTG,20190620,1.26,1.28,1.257,1.27,629742
VTH,20190620,0.945,0.955,0.942,0.945,158030
VTI,20190620,0.046,0.046,0.045,0.045,1680687
VTS,20190620,217.5,217.65,216.8,217.33,8960
VVA,20190620,0.97,0.97,0.945,0.945,54114
VVR,20190620,2.76,2.76,2.69,2.72,2480284
VXR,20190620,0.195,0.195,0.19,0.195,333626
WAA,20190620,0.99,1,0.99,1,46801
WAF,20190620,0.295,0.33,0.29,0.325,4518149
WAM,20190620,2.03,2.04,2.02,2.02,914181
WAT,20190620,1.61,1.61,1.61,1.61,1000
WAX,20190620,1.385,1.385,1.355,1.355,329389
WBA,20190620,1.385,1.425,1.385,1.42,48854
WBC,20190620,28.42,28.46,28.15,28.4,7853818
WBE,20190620,0.005,0.005,0.005,0.005,7425837
WBT,20190620,0.48,0.505,0.475,0.505,77244
WCN,20190620,0.005,0.005,0.004,0.004,4240842
WEB,20190620,15,15.29,14.55,14.69,1155498
WEC,20190620,0.092,0.095,0.088,0.095,90178
WES,20190620,36.35,36.7,36.33,36.65,2977747
WGB,20190620,1.98,1.98,1.97,1.98,195821
WGN,20190620,1.99,2,1.91,1.91,257063
WGO,20190620,0.092,0.094,0.089,0.089,1423168
WGX,20190620,1.62,1.795,1.62,1.78,1219326
WHA,20190620,0.54,0.545,0.53,0.53,337016
WHC,20190620,3.72,3.76,3.66,3.71,6730244
WHF,20190620,4.72,4.77,4.72,4.75,51648
WHK,20190620,0.105,0.105,0.1,0.105,2412972
WIC,20190620,1.03,1.03,1.025,1.025,20899
WKT,20190620,0.36,0.365,0.355,0.365,357270
WLD,20190620,0.027,0.027,0.026,0.027,398228
WLE,20190620,1.115,1.12,1.11,1.115,932248
WLL,20190620,5.45,5.46,5.45,5.46,18367
WMI,20190620,1.25,1.25,1.22,1.225,231903
WML,20190620,0.025,0.025,0.023,0.023,10038
WNB,20190620,0.013,0.014,0.013,0.013,3814408
WND,20190620,0.875,0.875,0.85,0.87,164906
WOA,20190620,0.11,0.11,0.11,0.11,10000
WOR,20190620,14.19,14.47,13.97,14.35,2214671
WOW,20190620,32.94,33.19,32.845,33.12,3423339
WPL,20190620,35.9,36.35,35.53,36.25,3233649
WPP,20190620,0.475,0.475,0.45,0.45,12766277
WQG,20190620,1.115,1.125,1.115,1.125,393020
WRM,20190620,0.006,0.006,0.005,0.005,2404948
WSA,20190620,2.02,2.14,1.985,2.09,2506748
WSI,20190620,0.023,0.023,0.023,0.023,500
WSP,20190620,1.585,1.585,1.43,1.53,982609
WTC,20190620,28.8,29.59,28.695,29.47,868642
WWG,20190620,0.225,0.225,0.22,0.22,43000
WWI,20190620,0.006,0.006,0.006,0.006,1042729
WZR,20190620,0.135,0.14,0.135,0.135,1432001
XAM,20190620,0.048,0.05,0.047,0.048,5138751
XF1,20190620,0.565,0.605,0.565,0.57,223156
XIP,20190620,2.2,2.24,2.2,2.24,654883
XPE,20190620,0.001,0.001,0.001,0.001,1280606
XPL,20190620,0.105,0.105,0.105,0.105,108313
XRF,20190620,0.18,0.18,0.18,0.18,40010
XRO,20190620,60.5,62.77,60.5,62.6,752095
XTE,20190620,0.435,0.435,0.42,0.42,104652
YAL,20190620,3.2,3.2,3.12,3.12,16898
YBR,20190620,0.066,0.07,0.066,0.07,150000
YOJ,20190620,0.086,0.086,0.085,0.085,992131
YOW,20190620,0.067,0.067,0.066,0.066,149525
YPB,20190620,0.007,0.007,0.007,0.007,90000
YRL,20190620,0.22,0.22,0.22,0.22,6637
Z1P,20190620,3.05,3.27,3.01,3.27,2608290
ZEL,20190620,5.86,5.86,5.81,5.85,14559
ZEN,20190620,0.505,0.52,0.505,0.52,135631
ZGL,20190620,0.105,0.105,0.105,0.105,20000
ZIP,20190620,0.014,0.014,0.013,0.013,110000
ZLD,20190620,0.044,0.045,0.043,0.043,330888
ZNC,20190620,0.073,0.075,0.073,0.075,183665
ZNO,20190620,0.115,0.115,0.11,0.11,100120
XAF,20190620,6557.1,6589.8,6539.1,6589.8,0
XAO,20190620,6728.5,6767.9,6720.8,6767.9,0
XAT,20190620,6599.9,6639,6589.8,6639,0
XDJ,20190620,2485,2498.9,2478.3,2489.6,0
XEC,20190620,1384.9,1400.9,1384.9,1400.9,0
XEJ,20190620,10890.1,10894.2,10630.3,10873.5,0
XFJ,20190620,6356.4,6405.7,6353.3,6405.7,0
XFL,20190620,6612.7,6645.7,6594.6,6645.7,0
XGD,20190620,6581,6976.4,6580.3,6976.4,0
XHJ,20190620,34063,34370.8,34051.5,34278.2,0
XIJ,20190620,1342.8,1373.9,1342.8,1372.8,0
XJO,20190620,6648.1,6687.4,6638.8,6687.4,0
XJR,20190620,4935.6,4943.5,4852,4943.5,0
XKO,20190620,6596.7,6636.2,6588.5,6636.2,0
XMD,20190620,6966.1,7041.6,6966.1,7036.3,0
XMJ,20190620,13931.6,13945.2,13728.9,13945.2,0
XMM,20190620,4583.5,4601.7,4512.2,4601.7,0
XNJ,20190620,6818.1,6908.1,6810.6,6908.1,0
XPJ,20190620,1642.9,1646.7,1635.5,1643.5,0
XSJ,20190620,11489.2,11571.2,11477.8,11543.9,0
XSO,20190620,2873,2899.5,2873,2897.3,0
XTJ,20190620,1334.5,1344.3,1330.9,1344.1,0
XTL,20190620,3733.5,3749.5,3722.9,3749.5,0
XTO,20190620,5500.1,5531.3,5490.4,5531.3,0
XUJ,20190620,8463.2,8622.8,8463.2,8622.8,0
XXJ,20190620,7089.5,7144.5,7086,7144.5,0
