360,20191227,2.95,2.95,2.95,2.95,800
14D,20191227,0.205,0.205,0.205,0.205,3220
1AD,20191227,0.115,0.115,0.112,0.115,88152
1ST,20191227,0.075,0.08,0.075,0.08,336315
3DA,20191227,0.355,0.355,0.34,0.35,185522
3DP,20191227,0.056,0.056,0.053,0.053,158169
3PL,20191227,0.855,0.875,0.85,0.85,57357
4DS,20191227,0.057,0.057,0.056,0.056,36300
5GN,20191227,0.74,0.755,0.73,0.755,88039
88E,20191227,0.02,0.021,0.019,0.021,7655647
8EC,20191227,0.072,0.073,0.072,0.073,40515
9SP,20191227,0.017,0.017,0.016,0.017,230038
A1M,20191227,0.295,0.3,0.29,0.29,12886
A2B,20191227,1.505,1.505,1.495,1.5,19580
A2M,20191227,14.56,14.73,14.56,14.65,1067037
A4N,20191227,0.2,0.2,0.19,0.19,282832
AAA,20191227,50.11,50.12,50.11,50.11,49186
AAC,20191227,1.1,1.115,1.095,1.115,205367
AAR,20191227,0.097,0.097,0.093,0.093,987862
ABA,20191227,5.85,5.85,5.8,5.84,12185
ABC,20191227,3.5,3.52,3.47,3.51,643665
ABL,20191227,0.003,0.003,0.003,0.003,3000
ABP,20191227,3.67,3.7,3.66,3.7,315639
ABR,20191227,0.315,0.34,0.315,0.335,44531
ABV,20191227,0.027,0.027,0.026,0.027,263333
ABX,20191227,0.125,0.125,0.125,0.125,3000
AC8,20191227,0.225,0.24,0.225,0.235,335254
ACF,20191227,0.33,0.34,0.33,0.34,74149
ACP,20191227,0.006,0.006,0.006,0.006,7259
ACQ,20191227,1.2,1.225,1.2,1.225,56091
ACR,20191227,0.195,0.2,0.19,0.19,316814
ACW,20191227,0.034,0.034,0.034,0.034,1757509
AD8,20191227,7.8,7.91,7.77,7.88,182781
ADA,20191227,0.61,0.61,0.6,0.6,12700
ADH,20191227,2.29,2.34,2.28,2.32,171459
ADI,20191227,2.93,2.96,2.93,2.95,86997
ADJ,20191227,0.03,0.031,0.03,0.031,77694
ADN,20191227,0.046,0.048,0.045,0.046,2715758
ADO,20191227,0.019,0.02,0.019,0.02,2254128
ADT,20191227,1.485,1.57,1.485,1.56,183989
ADV,20191227,0.004,0.004,0.004,0.004,990346
AEE,20191227,0.005,0.005,0.005,0.005,2000000
AEF,20191227,3.72,3.72,3.46,3.6,121085
AEG,20191227,1.09,1.095,1.07,1.07,41663
AEI,20191227,0.3,0.3,0.3,0.3,20000
AFG,20191227,2.7,2.81,2.7,2.77,22852
AFI,20191227,7.08,7.1,7.05,7.05,132738
AFL,20191227,0.15,0.16,0.15,0.16,128125
AFR,20191227,0.024,0.027,0.024,0.026,780837
AGD,20191227,0.08,0.08,0.071,0.071,68440
AGG,20191227,6.2,6.41,6.2,6.41,18483
AGH,20191227,0.34,0.35,0.34,0.342,141787
AGI,20191227,0.785,0.8,0.775,0.8,13551
AGL,20191227,20.99,21.005,20.83,20.95,974869
AGR,20191227,0.12,0.12,0.12,0.12,5000
AGY,20191227,0.076,0.076,0.075,0.076,106923
AHF,20191227,0.105,0.105,0.105,0.105,15521
AHQ,20191227,0.16,0.16,0.155,0.155,86383
AHX,20191227,0.435,0.435,0.43,0.43,2500
AHY,20191227,1.1,1.12,1.07,1.07,91176
AHZ,20191227,0.091,0.094,0.09,0.094,371766
AIA,20191227,8.71,8.75,8.57,8.6,52728
AIS,20191227,0.047,0.049,0.045,0.047,415997
AIZ,20191227,2.9,2.91,2.89,2.89,43981
AJM,20191227,0.05,0.05,0.047,0.048,4022284
AJX,20191227,0.065,0.065,0.062,0.062,38840
AKG,20191227,0.53,0.53,0.53,0.53,39394
AKM,20191227,0.145,0.145,0.145,0.145,30000
AKP,20191227,15.85,16.09,15.3,15.3,4820
ALC,20191227,0.19,0.195,0.185,0.19,2227744
ALF,20191227,0.99,0.99,0.99,0.99,16717
ALG,20191227,1.275,1.29,1.275,1.29,75108
ALI,20191227,2.36,2.36,2.35,2.35,9944
ALK,20191227,0.565,0.57,0.55,0.55,2145342
ALL,20191227,34.6,34.8,34.49,34.61,639442
ALQ,20191227,9.36,9.42,9.335,9.37,395361
ALU,20191227,35.7,36.08,35.28,35.93,256428
ALX,20191227,7.98,8.04,7.91,7.96,1152582
ALY,20191227,0.012,0.012,0.011,0.011,711106
AMA,20191227,0.89,0.915,0.88,0.9,1553278
AMC,20191227,15.59,15.76,15.58,15.75,1213939
AME,20191227,0.037,0.037,0.035,0.037,236066
AMG,20191227,0.076,0.081,0.076,0.08,1102837
AMH,20191227,0.975,0.975,0.975,0.975,39722
AMI,20191227,0.4,0.4,0.39,0.395,1957382
AML,20191227,0.155,0.16,0.155,0.16,164697
AMN,20191227,0.48,0.48,0.48,0.48,5000
AMP,20191227,1.89,1.93,1.885,1.92,4503387
AMS,20191227,1.41,1.41,1.38,1.39,54023
AMT,20191227,0.205,0.205,0.205,0.205,7000
AMX,20191227,2.01,2.01,1.995,2.01,34266
ANA,20191227,0.044,0.044,0.043,0.043,973033
ANG,20191227,0.22,0.22,0.22,0.22,23903
ANL,20191227,0.001,0.001,0.001,0.001,525000
ANN,20191227,29.4,29.51,29.25,29.37,177435
ANO,20191227,5.9,6,5.8,5.8,6836
ANP,20191227,0.092,0.092,0.088,0.088,289769
ANR,20191227,0.24,0.24,0.24,0.24,5754
ANW,20191227,0.001,0.001,0.001,0.001,4000000
ANZ,20191227,24.71,24.82,24.69,24.78,2296788
AOF,20191227,2.88,2.92,2.86,2.89,44703
APA,20191227,11.61,11.66,11.48,11.61,1148555
APC,20191227,0.085,0.085,0.085,0.085,5560
APE,20191227,10.43,10.55,10.26,10.46,328653
APG,20191227,0.002,0.002,0.002,0.002,1750000
APH,20191227,0.17,0.17,0.17,0.17,8015
API,20191227,1.35,1.37,1.347,1.36,645522
APL,20191227,1.04,1.045,1.04,1.04,205398
APT,20191227,29.6,30.71,29.48,30.58,880495
APV,20191227,0.225,0.225,0.22,0.225,202000
APX,20191227,23.4,23.95,23.37,23.68,374127
AQD,20191227,0.011,0.011,0.011,0.011,140000
AQG,20191227,7.48,7.5,7.37,7.43,75888
AQI,20191227,0.045,0.045,0.042,0.042,23410
AQR,20191227,3.53,3.55,3.51,3.54,48999
AQX,20191227,0.028,0.029,0.028,0.028,1134942
AQZ,20191227,2.54,2.55,2.51,2.55,16164
ARB,20191227,18.82,18.97,18.76,18.89,47929
ARD,20191227,0.016,0.018,0.016,0.018,2015514
ARF,20191227,2.95,2.96,2.86,2.91,667802
ARG,20191227,8.73,8.82,8.73,8.82,32954
ARL,20191227,0.52,0.53,0.51,0.515,48833
ARN,20191227,0.145,0.155,0.145,0.15,215000
ARQ,20191227,0.36,0.375,0.35,0.37,214179
ARS,20191227,0.018,0.02,0.018,0.02,840800
ARU,20191227,0.091,0.092,0.09,0.092,710043
ARV,20191227,0.026,0.028,0.025,0.028,820210
ASB,20191227,3.9,3.92,3.875,3.9,1158700
ASG,20191227,1.505,1.51,1.5,1.51,1889
ASH,20191227,0.4,0.43,0.4,0.43,71529
AST,20191227,1.76,1.767,1.725,1.73,2200097
ASX,20191227,80.7,81.45,80.61,81.34,150473
ATC,20191227,0.099,0.099,0.099,0.099,51042
ATL,20191227,0.44,0.47,0.44,0.47,71950
ATP,20191227,0.007,0.007,0.007,0.007,6500
ATR,20191227,0.19,0.19,0.19,0.19,3000
ATS,20191227,0.081,0.083,0.081,0.083,726206
ATU,20191227,0.38,0.38,0.38,0.38,65000
AU1,20191227,0.058,0.058,0.058,0.058,300
AU8,20191227,0.105,0.11,0.105,0.105,11961
AUB,20191227,12.2,12.2,11.97,12.1,27397
AUC,20191227,0.013,0.013,0.013,0.013,800000
AUH,20191227,0.005,0.005,0.004,0.004,1528418
AUI,20191227,9.95,9.95,9.95,9.95,4746
AUL,20191227,0.3,0.35,0.3,0.3,36357
AUQ,20191227,0.017,0.017,0.017,0.017,96500
AUR,20191227,0.014,0.014,0.014,0.014,43800
AUT,20191227,0.009,0.009,0.008,0.008,1375000
AUZ,20191227,0.014,0.015,0.014,0.015,1905733
AV1,20191227,0.175,0.18,0.175,0.175,409586
AVA,20191227,0.145,0.145,0.14,0.14,171083
AVC,20191227,0.26,0.26,0.26,0.26,2000
AVE,20191227,0.003,0.003,0.003,0.003,188937
AVG,20191227,0.51,0.525,0.51,0.525,3957
AVH,20191227,0.635,0.65,0.635,0.64,6961612
AVJ,20191227,0.625,0.63,0.625,0.625,51854
AVL,20191227,0.01,0.011,0.01,0.011,410000
AVN,20191227,2.93,2.95,2.91,2.95,160229
AVZ,20191227,0.043,0.044,0.043,0.043,1748761
AWC,20191227,2.36,2.39,2.355,2.37,3154596
AWV,20191227,0.009,0.009,0.009,0.009,5000
AWY,20191227,0.034,0.034,0.033,0.033,29090
AX1,20191227,1.9,1.93,1.895,1.9,990235
AXE,20191227,0.155,0.155,0.152,0.155,71543
AXI,20191227,0.045,0.045,0.045,0.045,423714
AYF,20191227,5.99,5.99,5.99,5.99,1915
AYR,20191227,0.002,0.002,0.002,0.002,3500000
AYS,20191227,0.375,0.375,0.36,0.375,111773
AZI,20191227,0.008,0.009,0.008,0.009,2523608
AZJ,20191227,5.4,5.4,5.35,5.38,4374436
AZM,20191227,0.033,0.033,0.033,0.033,543252
AZS,20191227,0.125,0.135,0.125,0.135,764900
AZV,20191227,0.086,0.092,0.086,0.092,512605
AZY,20191227,0.012,0.012,0.012,0.012,1638778
BAF,20191227,0.88,0.89,0.88,0.89,120433
BAP,20191227,6.53,6.53,6.46,6.52,234491
BAR,20191227,0.022,0.024,0.022,0.024,1207044
BAS,20191227,0.002,0.002,0.002,0.002,20000
BBN,20191227,3.37,3.42,3.33,3.4,222754
BBX,20191227,0.13,0.13,0.13,0.13,75000
BC8,20191227,0.31,0.31,0.31,0.31,35369
BCB,20191227,0.05,0.05,0.043,0.049,396673
BCC,20191227,0.27,0.27,0.235,0.235,50562
BCI,20191227,0.17,0.172,0.17,0.17,126821
BCK,20191227,0.025,0.025,0.025,0.025,18800
BCN,20191227,0.036,0.037,0.036,0.037,1837183
BCT,20191227,0.15,0.155,0.15,0.155,410838
BD1,20191227,0.033,0.033,0.033,0.033,232017
BDA,20191227,0.3,0.315,0.3,0.3,25076
BDC,20191227,0.071,0.075,0.071,0.075,1559752
BDG,20191227,0.07,0.084,0.07,0.08,608920
BDI,20191227,0.001,0.001,0.001,0.001,3000000
BEE,20191227,0.02,0.022,0.02,0.022,127977
BEM,20191227,0.05,0.053,0.049,0.053,151841
BEN,20191227,9.93,9.97,9.91,9.95,824492
BET,20191227,0.135,0.135,0.135,0.135,21881
BFC,20191227,0.081,0.081,0.08,0.08,24613
BFG,20191227,1.21,1.22,1.205,1.21,33088
BGA,20191227,4.27,4.36,4.27,4.35,376802
BGL,20191227,0.535,0.55,0.535,0.54,1192434
BGT,20191227,0.19,0.2,0.19,0.2,40239
BHP,20191227,39.53,39.75,39.45,39.64,3164723
BID,20191227,0.805,0.815,0.805,0.81,47512
BIN,20191227,2.94,2.96,2.89,2.94,401238
BIQ,20191227,0.016,0.016,0.016,0.016,34531
BIT,20191227,0.054,0.055,0.053,0.054,182944
BKI,20191227,1.695,1.695,1.69,1.695,27683
BKL,20191227,86.4,87.74,86.4,87.35,20958
BKW,20191227,19.02,19.22,18.99,19.1,70624
BKY,20191227,0.22,0.22,0.22,0.22,10000
BLD,20191227,4.52,4.59,4.48,4.56,3194929
BLG,20191227,0.1,0.105,0.1,0.105,51450
BLK,20191227,0.011,0.012,0.011,0.011,16027117
BLT,20191227,0.035,0.037,0.034,0.034,628693
BLU,20191227,0.046,0.048,0.046,0.048,615479
BLV,20191227,0.235,0.235,0.235,0.235,1800
BLX,20191227,1.205,1.205,1.205,1.205,2005
BLY,20191227,1.64,1.7,1.64,1.65,5748
BMG,20191227,0.004,0.004,0.004,0.004,150000
BMN,20191227,0.039,0.039,0.037,0.039,150830
BNL,20191227,0.006,0.006,0.006,0.006,288000
BNO,20191227,0.074,0.074,0.072,0.074,366633
BNR,20191227,0.025,0.025,0.025,0.025,76426
BOC,20191227,0.28,0.39,0.28,0.335,241759
BOE,20191227,0.051,0.052,0.049,0.051,441428
BOL,20191227,0.14,0.14,0.14,0.14,3500
BOQ,20191227,7.35,7.43,7.32,7.4,942271
BOT,20191227,0.087,0.089,0.082,0.083,3016010
BPT,20191227,2.61,2.63,2.56,2.57,3994169
BRB,20191227,0.285,0.295,0.285,0.295,51709
BRG,20191227,17.44,17.71,17.43,17.62,92863
BRK,20191227,0.008,0.009,0.008,0.008,1926863
BRL,20191227,0.105,0.105,0.1,0.105,55590
BRN,20191227,0.043,0.044,0.042,0.044,1750015
BRU,20191227,0.175,0.175,0.175,0.175,45738
BRV,20191227,0.018,0.018,0.018,0.018,100000
BSE,20191227,0.22,0.23,0.215,0.23,376651
BSL,20191227,15.3,15.52,15.26,15.4,892951
BSR,20191227,0.015,0.015,0.015,0.015,1344398
BSX,20191227,0.14,0.145,0.14,0.14,298038
BTC,20191227,0.1,0.1,0.1,0.1,637210
BTH,20191227,0.685,0.7,0.675,0.69,247220
BTI,20191227,1.13,1.13,1.12,1.13,174502
BUB,20191227,1,1.01,0.995,1,1579835
BUD,20191227,0.029,0.033,0.029,0.033,6789879
BUX,20191227,0.079,0.08,0.079,0.08,155914
BUY,20191227,0.005,0.005,0.004,0.004,324300
BVS,20191227,5.29,5.35,5.23,5.34,512112
BWF,20191227,0.91,0.91,0.91,0.91,1537
BWP,20191227,4.05,4.1,4.05,4.09,506822
BWR,20191227,1.385,1.385,1.385,1.385,2215
BWX,20191227,4.5,4.61,4.5,4.59,103066
BXB,20191227,12.03,12.1,11.94,12.04,1421397
BXN,20191227,0.014,0.015,0.014,0.015,218484
BYE,20191227,0.3,0.3,0.295,0.297,206298
BYH,20191227,0.039,0.04,0.039,0.04,250264
CAD,20191227,0.001,0.001,0.001,0.001,592500
CAF,20191227,0.13,0.13,0.13,0.13,106756
CAG,20191227,0.685,0.745,0.68,0.73,171030
CAJ,20191227,0.22,0.23,0.22,0.23,32546
CAM,20191227,0.975,0.975,0.97,0.97,165671
CAN,20191227,0.485,0.52,0.485,0.52,862456
CAP,20191227,0.033,0.033,0.033,0.033,2170
CAR,20191227,17.28,17.36,17.19,17.29,151441
CAT,20191227,1.61,1.635,1.61,1.625,128691
CAU,20191227,0.21,0.21,0.205,0.205,23000
CAY,20191227,0.16,0.16,0.16,0.16,428706
CAZ,20191227,0.022,0.022,0.022,0.022,120000
CBA,20191227,80.99,81.12,80.55,81.07,1159836
CBR,20191227,3.98,3.98,3.86,3.86,11334
CCA,20191227,0.17,0.17,0.16,0.16,5685
CCE,20191227,0.001,0.001,0.001,0.001,589294
CCL,20191227,11.35,11.37,11.24,11.28,908015
CCP,20191227,31.26,31.75,31.25,31.54,42338
CCV,20191227,0.235,0.235,0.235,0.235,110144
CCX,20191227,2.6,2.63,2.59,2.6,76947
CCZ,20191227,0.017,0.017,0.016,0.016,523658
CD1,20191227,1.6,1.605,1.6,1.605,20597
CDA,20191227,7.17,7.43,7.17,7.41,469907
CDD,20191227,0.45,0.455,0.45,0.455,24091
CDM,20191227,0.745,0.75,0.745,0.75,143157
CDP,20191227,6.33,6.33,6.13,6.13,11697
CDV,20191227,0.3,0.31,0.3,0.305,71968
CDX,20191227,0.027,0.028,0.027,0.028,696644
CDY,20191227,0.22,0.22,0.22,0.22,10000
CE1,20191227,0.008,0.008,0.008,0.008,149984
CEL,20191227,0.096,0.1,0.096,0.098,2947228
CEN,20191227,6.82,6.9,6.82,6.9,1402
CFO,20191227,0.074,0.074,0.074,0.074,1466
CG1,20191227,0.52,0.52,0.51,0.52,61546
CGA,20191227,0.44,0.44,0.44,0.44,15000
CGB,20191227,0.015,0.015,0.014,0.014,1059400
CGC,20191227,2.55,2.64,2.51,2.61,2348680
CGF,20191227,8.31,8.37,8.27,8.37,636362
CGL,20191227,4.77,4.83,4.76,4.83,14093
CGN,20191227,0.012,0.012,0.012,0.012,237585
CGO,20191227,0.225,0.23,0.225,0.225,3053
CGR,20191227,0.555,0.555,0.555,0.555,176505
CGS,20191227,0.38,0.39,0.365,0.37,266517
CHC,20191227,11.5,11.54,11.38,11.5,858035
CHK,20191227,0.012,0.012,0.012,0.012,197052
CHN,20191227,0.205,0.225,0.205,0.22,1634058
CHZ,20191227,0.071,0.071,0.071,0.071,14084
CI1,20191227,0.014,0.015,0.014,0.015,2770354
CIA,20191227,2.8,2.83,2.7,2.7,338294
CIE,20191227,0.87,0.875,0.87,0.875,2259
CIM,20191227,33.55,33.75,33.38,33.7,256376
CIN,20191227,32.35,32.35,32.35,32.35,4217
CIP,20191227,3.46,3.46,3.4,3.42,804201
CIW,20191227,0.52,0.52,0.52,0.52,46
CKA,20191227,0.046,0.046,0.046,0.046,204661
CKF,20191227,9.15,9.26,9.12,9.16,156039
CL1,20191227,2.07,2.15,2.07,2.13,44612
CL8,20191227,0.015,0.015,0.015,0.015,159375
CLA,20191227,0.011,0.011,0.011,0.011,20000
CLB,20191227,0.066,0.07,0.066,0.07,790000
CLF,20191227,1.325,1.325,1.325,1.325,411
CLH,20191227,1.08,1.11,1.08,1.11,184362
CLQ,20191227,0.22,0.22,0.215,0.215,403518
CLV,20191227,2.72,2.75,2.68,2.68,108419
CLW,20191227,5.47,5.53,5.42,5.51,2978760
CLZ,20191227,0.003,0.003,0.003,0.003,21066667
CM8,20191227,0.019,0.019,0.019,0.019,469905
CMA,20191227,2.99,3.02,2.95,3.01,2961660
CML,20191227,0.021,0.021,0.02,0.02,389000
CMM,20191227,1.2,1.225,1.185,1.2,477732
CMP,20191227,0.8,0.825,0.8,0.82,2317
CMW,20191227,1.195,1.2,1.19,1.2,4034424
CNB,20191227,0.085,0.085,0.08,0.08,73011
CNI,20191227,2.31,2.32,2.29,2.3,188008
CNU,20191227,6.05,6.085,6.03,6.05,187945
COB,20191227,0.14,0.14,0.14,0.14,37371
COE,20191227,0.61,0.625,0.61,0.625,622243
COH,20191227,232.5,233.36,232.1,232.69,43198
COI,20191227,0.19,0.19,0.19,0.19,42635
COL,20191227,15.23,15.35,15.185,15.33,998163
COY,20191227,0.006,0.006,0.006,0.006,80000
CP1,20191227,0.095,0.095,0.091,0.091,24696
CPH,20191227,0.12,0.12,0.115,0.115,315304
CPT,20191227,0.068,0.068,0.065,0.065,28318
CPU,20191227,16.99,17.13,16.89,17.07,532945
CPV,20191227,0.18,0.18,0.165,0.18,193052
CQE,20191227,3.27,3.295,3.26,3.29,649003
CQR,20191227,4.4,4.45,4.39,4.44,1248131
CR1,20191227,0.19,0.2,0.19,0.19,117956
CRN,20191227,2.2,2.24,2.17,2.2,94130
CRO,20191227,0.008,0.008,0.008,0.008,399400
CSD,20191227,0.17,0.17,0.17,0.17,10000
CSL,20191227,283.7,283.89,280.07,280.42,417484
CSR,20191227,4.73,4.74,4.66,4.69,886029
CSS,20191227,0.76,0.775,0.76,0.775,51206
CSV,20191227,0.307,0.31,0.307,0.307,24038
CT1,20191227,0.025,0.025,0.023,0.023,3218513
CTD,20191227,20.77,21.16,20.77,21.09,109312
CTE,20191227,0.051,0.053,0.05,0.053,103684
CTM,20191227,0.012,0.012,0.012,0.012,290603
CTO,20191227,0.004,0.004,0.004,0.004,8563
CTP,20191227,0.135,0.14,0.13,0.135,295167
CTX,20191227,34.1,34.25,34.07,34.16,297934
CUE,20191227,0.125,0.125,0.125,0.125,371250
CUP,20191227,1.12,1.12,1.1,1.1,20025
CUV,20191227,29.11,29.95,29.11,29.62,95442
CVC,20191227,2.05,2.05,1.935,1.94,10551
CVF,20191227,1.035,1.04,1.035,1.04,29050
CVN,20191227,0.36,0.365,0.355,0.36,949473
CVV,20191227,0.035,0.035,0.032,0.032,148877
CWN,20191227,12.2,12.25,12.14,12.23,336349
CWP,20191227,8.06,8.06,7.89,8.06,61618
CWX,20191227,0.22,0.22,0.2,0.205,34710
CWY,20191227,2.02,2.03,2.01,2.02,1654579
CXL,20191227,0.755,0.755,0.755,0.755,23697
CXO,20191227,0.035,0.035,0.034,0.034,235201
CXZ,20191227,0.022,0.022,0.022,0.022,199999
CY5,20191227,0.043,0.044,0.043,0.044,182946
CYC,20191227,1.15,1.16,1.15,1.15,18700
CYG,20191227,1.1,1.1,1.1,1.1,3137
CYL,20191227,2.745,2.8,2.745,2.75,2668
CYP,20191227,1.035,1.035,1.025,1.035,47877
CZI,20191227,0.093,0.093,0.091,0.091,491328
CZN,20191227,0.003,0.003,0.003,0.003,341667
D2O,20191227,1.375,1.385,1.375,1.385,7783
DAU,20191227,0.016,0.016,0.016,0.016,3500
DAV,20191227,0.043,0.043,0.043,0.043,40000
DCC,20191227,0.031,0.033,0.031,0.031,150850
DCG,20191227,0.435,0.455,0.425,0.44,2872234
DCL,20191227,0.069,0.069,0.069,0.069,200000
DCN,20191227,1.455,1.53,1.445,1.515,2940679
DDR,20191227,6.88,6.94,6.79,6.81,52047
DEG,20191227,0.051,0.053,0.051,0.053,2592466
DEM,20191227,0.255,0.255,0.25,0.255,115042
DEV,20191227,0.071,0.071,0.071,0.071,88785
DGH,20191227,1.46,1.46,1.46,1.46,3979
DHG,20191227,3.69,3.72,3.68,3.72,441860
DHR,20191227,0.003,0.003,0.003,0.003,2000000
DIV,20191227,23.6,23.6,23.59,23.59,317
DJW,20191227,3.64,3.67,3.64,3.66,44326
DME,20191227,0.2,0.21,0.2,0.2,264723
DMP,20191227,53.78,54,53.5,53.87,98768
DNA,20191227,0.078,0.079,0.078,0.079,620236
DNK,20191227,0.605,0.605,0.59,0.595,177346
DOW,20191227,8.17,8.28,8.17,8.23,623445
DRO,20191227,0.27,0.272,0.26,0.272,126464
DRX,20191227,0.012,0.012,0.012,0.012,2920
DSE,20191227,0.048,0.05,0.048,0.05,520000
DTC,20191227,1.01,1.045,0.98,1.045,52506
DTL,20191227,3.78,3.78,3.68,3.73,197974
DTM,20191227,0.1,0.1,0.1,0.1,4725
DTS,20191227,0.1,0.105,0.099,0.099,609149
DTZ,20191227,0.057,0.057,0.057,0.057,13278
DUB,20191227,1.12,1.145,1.1,1.11,254173
DUI,20191227,5.07,5.08,5.05,5.05,31826
DVL,20191227,0.024,0.026,0.024,0.026,94882
DW8,20191227,0.006,0.006,0.006,0.006,10623167
DWS,20191227,1.06,1.06,1.05,1.05,14682
DXB,20191227,0.13,0.13,0.13,0.13,25000
DXN,20191227,0.049,0.05,0.049,0.05,775385
DXS,20191227,11.86,12,11.835,12,1590202
DYL,20191227,0.265,0.275,0.265,0.275,167096
E25,20191227,0.16,0.16,0.16,0.16,50000
E2E,20191227,0.005,0.005,0.005,0.005,200000
E2M,20191227,0.185,0.185,0.185,0.185,100000
EAI,20191227,1.05,1.06,1.05,1.06,4763
EBO,20191227,22.73,22.74,22.73,22.74,81
ECF,20191227,1.25,1.255,1.25,1.25,42604
ECG,20191227,0.035,0.035,0.03,0.03,37500
ECS,20191227,0.046,0.046,0.045,0.046,168464
ECX,20191227,1.44,1.46,1.41,1.45,973146
ED1,20191227,0.945,0.945,0.94,0.94,8000
EDC,20191227,1.12,1.15,1.12,1.14,15229
EDE,20191227,0.039,0.04,0.039,0.04,488557
EEG,20191227,0.44,0.44,0.44,0.44,5871
EGD,20191227,2.31,2.31,2.31,2.31,12250
EGG,20191227,1.8,1.865,1.8,1.865,22360
EGH,20191227,0.37,0.375,0.37,0.37,177144
EGI,20191227,1.185,1.185,1.185,1.185,16712
EGL,20191227,0.041,0.041,0.041,0.041,58478
EGN,20191227,0.54,0.545,0.54,0.545,6923
EHE,20191227,2.47,2.49,2.45,2.46,280689
EHH,20191227,0.125,0.125,0.12,0.125,236405
EHL,20191227,2.16,2.23,2.16,2.22,510736
EHX,20191227,0.062,0.064,0.062,0.063,85741
ELD,20191227,6.43,6.47,6.37,6.45,157524
ELO,20191227,6.15,6.25,6.12,6.15,28252
ELS,20191227,0.395,0.4,0.38,0.38,44509
ELX,20191227,0.775,0.79,0.73,0.735,1476647
EM1,20191227,0.015,0.015,0.015,0.015,289000
EM2,20191227,0.18,0.18,0.18,0.18,6924
EMH,20191227,0.33,0.33,0.33,0.33,3000
EML,20191227,4.51,4.73,4.5,4.69,1450376
EMN,20191227,0.14,0.14,0.13,0.13,21335
EMR,20191227,0.038,0.038,0.037,0.038,261643
EMV,20191227,0.725,0.74,0.7,0.7,60611
EN1,20191227,0.022,0.022,0.022,0.022,281000
ENN,20191227,2.13,2.17,2.13,2.14,103439
ENR,20191227,0.125,0.125,0.11,0.11,115009
ENT,20191227,0.008,0.008,0.008,0.008,63000
EOF,20191227,2.65,2.79,2.65,2.72,47039
EOS,20191227,7.48,7.6,7.46,7.53,154911
EPD,20191227,0.35,0.35,0.35,0.35,39826
EPM,20191227,0.004,0.004,0.004,0.004,500000
EQT,20191227,31.19,31.2,30.85,30.85,460
ERA,20191227,0.18,0.195,0.18,0.19,414605
ERF,20191227,1.26,1.267,1.25,1.265,68029
ERL,20191227,0.008,0.009,0.008,0.009,547500
ERM,20191227,0.115,0.115,0.115,0.115,71095
ERX,20191227,0.072,0.074,0.07,0.074,287648
ESE,20191227,0.011,0.013,0.011,0.011,320340
ESH,20191227,0.008,0.009,0.008,0.008,2905277
ESR,20191227,0.009,0.009,0.009,0.009,166667
ETF,20191227,23.22,23.22,23,23,260
EUC,20191227,0.017,0.019,0.017,0.019,4132754
EVE,20191227,0.005,0.005,0.005,0.005,1645000
EVN,20191227,3.71,3.75,3.67,3.74,7917476
EVO,20191227,0.165,0.17,0.16,0.165,1535422
EVS,20191227,0.22,0.22,0.215,0.215,238210
EVT,20191227,13.51,13.65,13.42,13.49,22788
EWC,20191227,0.076,0.076,0.076,0.076,46760
EX1,20191227,0.275,0.29,0.27,0.29,17150
EXL,20191227,0.525,0.555,0.515,0.545,891964
EXR,20191227,0.037,0.037,0.035,0.036,596946
EZL,20191227,1.05,1.06,1.05,1.06,22606
FAM,20191227,0.054,0.054,0.053,0.054,75500
FAR,20191227,0.042,0.044,0.042,0.043,2383407
FBR,20191227,0.045,0.046,0.045,0.046,2278485
FBU,20191227,4.99,5.03,4.945,4.96,211510
FCL,20191227,2.7,2.7,2.7,2.7,10145
FCT,20191227,0.15,0.155,0.15,0.155,54354
FDV,20191227,0.815,0.82,0.812,0.812,30158
FEL,20191227,0.013,0.013,0.013,0.013,205749
FEX,20191227,0.048,0.052,0.047,0.05,690871
FFL,20191227,0.45,0.45,0.45,0.45,19000
FFR,20191227,0.063,0.063,0.063,0.063,12074
FGG,20191227,1.29,1.29,1.28,1.28,235927
FGO,20191227,0.001,0.001,0.001,0.001,372500
FGR,20191227,0.13,0.132,0.13,0.132,16769
FGX,20191227,1.18,1.18,1.17,1.17,136293
FHS,20191227,0.013,0.015,0.013,0.014,1539482
FID,20191227,5.53,5.54,5.53,5.54,5360
FIJ,20191227,0.084,0.089,0.075,0.075,282363
FIN,20191227,0.012,0.012,0.012,0.012,150000
FLC,20191227,0.38,0.39,0.375,0.39,227605
FLN,20191227,0.555,0.57,0.555,0.57,3300
FLT,20191227,44.2,44.68,44.18,44.6,62774
FMG,20191227,10.92,11.02,10.91,11,5406573
FML,20191227,0.235,0.235,0.23,0.23,40721
FNP,20191227,5.15,5.175,5.05,5.11,284357
FNT,20191227,0.011,0.011,0.011,0.011,1395761
FOR,20191227,1.18,1.18,1.18,1.18,20240
FPC,20191227,1.025,1.025,1.02,1.02,16057
FPH,20191227,21.3,21.515,21.3,21.36,127395
FPL,20191227,0.007,0.008,0.007,0.008,1074354
FPP,20191227,0.925,0.925,0.92,0.92,12444
FRI,20191227,0.855,0.855,0.855,0.855,467
FRM,20191227,0.31,0.31,0.31,0.31,8830
FRN,20191227,0.02,0.02,0.02,0.02,370000
FSA,20191227,1.4,1.415,1.4,1.4,54996
FSG,20191227,0.025,0.025,0.025,0.025,50000
FSI,20191227,1.9,1.9,1.9,1.9,1189
FUN,20191227,0.022,0.022,0.022,0.022,168
FWD,20191227,1.99,2.02,1.985,2,9760
FXL,20191227,1.835,1.865,1.83,1.855,701409
FYI,20191227,0.054,0.054,0.052,0.052,90000
FZO,20191227,0.16,0.16,0.16,0.16,12500
G1A,20191227,0.29,0.3,0.29,0.3,76182
G88,20191227,0.039,0.039,0.039,0.039,150000
GAL,20191227,0.135,0.14,0.135,0.135,201000
GAP,20191227,0.26,0.26,0.255,0.255,114307
GBE,20191227,0.015,0.016,0.015,0.016,274494
GBR,20191227,0.037,0.037,0.036,0.036,282885
GDF,20191227,1.425,1.43,1.42,1.43,15200
GDI,20191227,1.535,1.54,1.515,1.525,610252
GDX,20191227,42,42.13,41.85,42,10746
GEM,20191227,1.91,1.935,1.905,1.935,822401
GEV,20191227,0.142,0.142,0.14,0.14,40304
GGE,20191227,0.006,0.006,0.006,0.006,2801714
GGG,20191227,0.125,0.13,0.125,0.13,434874
GGX,20191227,0.003,0.003,0.003,0.003,1490092
GIB,20191227,0.063,0.075,0.057,0.075,4705434
GLA,20191227,0.001,0.001,0.001,0.001,2500000
GLB,20191227,1.55,1.62,1.55,1.62,11551
GLL,20191227,0.745,0.77,0.72,0.72,341311
GLN,20191227,0.13,0.132,0.13,0.132,80384
GMA,20191227,3.71,3.74,3.68,3.72,629129
GMD,20191227,0.031,0.032,0.031,0.032,273633
GME,20191227,0.054,0.06,0.054,0.06,67338
GMG,20191227,13.67,13.77,13.66,13.74,2167002
GML,20191227,0.016,0.017,0.015,0.017,966653
GMN,20191227,0.078,0.08,0.078,0.08,989135
GMR,20191227,0.01,0.01,0.01,0.01,200000
GMV,20191227,0.08,0.084,0.08,0.083,115745
GNC,20191227,7.68,7.72,7.54,7.7,248400
GNE,20191227,2.9,2.95,2.89,2.95,1961
GNM,20191227,0.009,0.009,0.009,0.009,77777
GNX,20191227,0.225,0.23,0.22,0.23,72380
GOR,20191227,1.21,1.265,1.2,1.255,5330331
GOZ,20191227,4.32,4.33,4.27,4.32,707351
GPR,20191227,0.44,0.47,0.43,0.47,153061
GPT,20191227,5.83,5.85,5.79,5.85,2624497
GPX,20191227,0.145,0.145,0.14,0.14,133486
GRB,20191227,0.09,0.091,0.088,0.091,20500
GRL,20191227,0.25,0.3,0.245,0.26,766919
GRR,20191227,0.24,0.25,0.24,0.25,245187
GSN,20191227,0.07,0.073,0.07,0.073,213294
GSW,20191227,0.42,0.425,0.42,0.425,37412
GTE,20191227,0.003,0.003,0.003,0.003,1803341
GTG,20191227,0.005,0.005,0.004,0.004,1171515
GTK,20191227,3.65,3.65,3.57,3.61,1429
GTN,20191227,0.79,0.8,0.78,0.8,35896
GUD,20191227,10.99,11.14,10.99,11.11,71131
GVF,20191227,1.1,1.1,1.1,1.1,7000
GWA,20191227,3.35,3.43,3.35,3.4,146379
GWR,20191227,0.088,0.088,0.088,0.088,4909
GXY,20191227,0.87,0.9,0.86,0.895,2830832
HAS,20191227,0.12,0.13,0.115,0.115,1111634
HAV,20191227,0.105,0.105,0.105,0.105,8500
HAW,20191227,0.08,0.08,0.08,0.08,226250
HCH,20191227,0.038,0.039,0.037,0.038,2606642
HCT,20191227,0.079,0.079,0.079,0.079,634
HE8,20191227,0.19,0.19,0.185,0.19,262939
HFR,20191227,0.7,0.7,0.69,0.7,18843
HGO,20191227,0.058,0.06,0.057,0.06,190827
HIL,20191227,0.325,0.335,0.325,0.335,42140
HIP,20191227,0.02,0.02,0.019,0.019,350202
HIT,20191227,1.27,1.28,1.26,1.26,20787
HLA,20191227,1.14,1.175,1.14,1.15,23779
HLO,20191227,4.9,4.9,4.83,4.85,19711
HLS,20191227,2.86,2.9,2.86,2.88,565205
HLX,20191227,0.015,0.015,0.015,0.015,330000
HM1,20191227,3.33,3.36,3.33,3.36,27680
HMC,20191227,3.93,3.94,3.92,3.94,11097
HMD,20191227,0.16,0.16,0.16,0.16,88155
HMX,20191227,0.022,0.023,0.022,0.022,227551
HNG,20191227,0.365,0.365,0.365,0.365,18202
HNR,20191227,0.009,0.009,0.009,0.009,400000
HPI,20191227,3.2,3.24,3.2,3.24,115749
HRL,20191227,0.11,0.115,0.11,0.115,225440
HRN,20191227,0.21,0.21,0.21,0.21,2120
HRR,20191227,0.096,0.096,0.096,0.096,13000
HRZ,20191227,0.084,0.084,0.079,0.081,394291
HSC,20191227,0.005,0.005,0.005,0.005,484202
HSN,20191227,3.52,3.59,3.52,3.55,66042
HT1,20191227,1.68,1.71,1.675,1.675,6688
HTA,20191227,0.125,0.13,0.12,0.12,9399
HUB,20191227,11.13,11.43,11.12,11.42,96924
HUO,20191227,4.56,4.56,4.42,4.42,9883
HVN,20191227,4.2,4.24,4.17,4.2,2054697
HYD,20191227,0.225,0.225,0.225,0.225,9900
HZN,20191227,0.117,0.117,0.115,0.117,57880
HZR,20191227,0.41,0.415,0.39,0.4,506932
IAA,20191227,94.36,95.56,94.36,95.36,4953
IAF,20191227,113.93,114.15,113.93,114.07,8567
IAG,20191227,7.83,7.85,7.78,7.81,2007510
IAP,20191227,1.5,1.505,1.495,1.5,113482
IBG,20191227,0.013,0.013,0.013,0.013,158000
IBX,20191227,0.017,0.018,0.017,0.018,368615
ICE,20191227,0.185,0.185,0.175,0.175,442595
ICQ,20191227,0.3,0.3,0.29,0.295,110005
ICS,20191227,1.99,2.04,1.99,2.04,3051
ICT,20191227,0.063,0.063,0.063,0.063,20673
IDT,20191227,0.115,0.12,0.115,0.117,241420
IDX,20191227,3.75,3.85,3.71,3.85,122748
IEL,20191227,18.01,18.25,17.975,18.08,318581
IEM,20191227,64.89,65.4,64.6,65,5159
IEU,20191227,67.57,67.59,67.4,67.55,3230
IFL,20191227,7.95,8.1,7.95,8.08,446700
IFM,20191227,2.15,2.16,2.11,2.11,271017
IFN,20191227,0.67,0.675,0.657,0.67,734002
IFT,20191227,4.86,4.86,4.85,4.85,2000
IGB,20191227,112.31,112.42,112.3,112.31,6613
IGE,20191227,0.11,0.11,0.11,0.11,100000
IGL,20191227,2.4,2.43,2.4,2.42,245677
IGO,20191227,6.34,6.535,6.32,6.53,1662113
IHD,20191227,14.42,14.44,14.39,14.42,6077
IHL,20191227,0.063,0.063,0.061,0.061,217977
IHR,20191227,0.085,0.086,0.085,0.086,81122
IJH,20191227,297.07,297.07,296.86,296.86,31
IJP,20191227,86.61,86.77,85.83,86.02,3252
IJR,20191227,121.23,121.27,120.95,121.27,499
IKO,20191227,90.73,92.15,90.73,91.56,797
ILB,20191227,126.79,127.65,126.79,127.01,263
ILC,20191227,26.29,26.33,26.29,26.33,2520
ILU,20191227,9.26,9.54,9.26,9.51,720257
IMA,20191227,0.245,0.245,0.24,0.245,176579
IMC,20191227,0.135,0.135,0.135,0.135,8786
IMD,20191227,1.495,1.525,1.485,1.505,262097
IMF,20191227,4.41,4.5,4.41,4.46,317732
IMM,20191227,0.25,0.26,0.25,0.255,154538
IMR,20191227,1.15,1.15,1.15,1.15,9998
IMU,20191227,0.03,0.031,0.029,0.03,12683986
INA,20191227,4.86,4.91,4.84,4.9,1353642
INF,20191227,0.06,0.06,0.06,0.06,7500
ING,20191227,3.42,3.44,3.38,3.42,1075791
INR,20191227,0.185,0.19,0.18,0.185,802404
IOD,20191227,0.14,0.14,0.13,0.135,40562
IOO,20191227,77.92,78.59,77.78,77.98,17921
IOZ,20191227,27.85,27.9,27.81,27.9,128473
IP1,20191227,0.01,0.01,0.009,0.009,525689
IPD,20191227,0.17,0.175,0.165,0.17,189184
IPH,20191227,8.48,8.615,8.42,8.52,325189
IPL,20191227,3.22,3.27,3.22,3.25,1327012
IPT,20191227,0.006,0.006,0.006,0.006,166666
IRD,20191227,0.07,0.07,0.07,0.07,151531
IRE,20191227,13.27,13.36,13.24,13.33,110244
IRI,20191227,3.15,3.16,3.11,3.14,82459
ISD,20191227,0.24,0.242,0.24,0.24,153619
ISO,20191227,5.1,5.1,5.1,5.1,166
ISU,20191227,0.48,0.495,0.47,0.47,12791
ITG,20191227,0.455,0.475,0.45,0.47,22707
ITW,20191227,62.4,62.5,61.88,62.48,297
IVC,20191227,13.6,13.69,13.54,13.6,98896
IVE,20191227,101.06,101.06,100.31,101.06,552
IVR,20191227,0.021,0.024,0.021,0.023,11603832
IVV,20191227,466.78,467.84,466.78,467.36,5408
IVX,20191227,0.013,0.013,0.013,0.013,447362
IVZ,20191227,0.029,0.029,0.029,0.029,28862
IXI,20191227,80.31,80.33,79.85,79.85,1016
IXJ,20191227,100.1,100.46,99.48,99.55,11592
IXU,20191227,0.07,0.07,0.07,0.07,20117
IZZ,20191227,62.88,62.98,62.38,62.8,65976
JAN,20191227,0.45,0.46,0.45,0.46,11823
JAT,20191227,0.049,0.049,0.047,0.047,2733142
JAY,20191227,0.34,0.34,0.34,0.34,4036
JBH,20191227,39.61,39.77,39.21,39.47,216401
JHC,20191227,0.98,0.98,0.965,0.975,114333
JHG,20191227,35.64,35.84,35.63,35.83,47872
JHX,20191227,28.45,28.64,28.32,28.56,449734
JIN,20191227,14.85,15.55,14.68,15.55,530613
JLG,20191227,2.16,2.19,2.16,2.19,27575
JMS,20191227,0.29,0.3,0.28,0.29,3291234
JRV,20191227,0.195,0.2,0.195,0.195,66776
JXT,20191227,0.14,0.15,0.135,0.14,211285
JYC,20191227,1.475,1.48,1.475,1.48,10000
K2F,20191227,0.245,0.265,0.245,0.265,177117
KAI,20191227,0.01,0.011,0.01,0.01,2139184
KAM,20191227,0.043,0.043,0.04,0.04,75000
KAR,20191227,1.195,1.207,1.175,1.18,1850454
KAT,20191227,0.84,0.84,0.84,0.84,50000
KCN,20191227,0.42,0.43,0.415,0.43,69246
KEY,20191227,0.006,0.006,0.006,0.006,5387768
KFE,20191227,0.075,0.075,0.073,0.075,663478
KGL,20191227,0.235,0.235,0.23,0.23,202765
KGM,20191227,0.003,0.007,0.003,0.007,2439167
KGN,20191227,7.85,7.91,7.71,7.8,132414
KIN,20191227,0.041,0.043,0.039,0.04,717678
KKC,20191227,2.48,2.49,2.47,2.49,170876
KLA,20191227,62.12,62.15,62.01,62.02,1598
KLL,20191227,0.475,0.48,0.47,0.48,87160
KMD,20191227,3.16,3.225,3.15,3.21,64390
KME,20191227,1.25,1.255,1.23,1.255,7092
KNO,20191227,0.082,0.082,0.082,0.082,100000
KOR,20191227,0.01,0.011,0.01,0.011,480000
KOV,20191227,3.49,3.5,3.49,3.5,500
KPE,20191227,1.25,1.25,1.25,1.25,17983
KPO,20191227,0.03,0.03,0.03,0.03,400955
KRM,20191227,0.026,0.026,0.026,0.026,78233
KRR,20191227,0.022,0.023,0.022,0.023,174741
KSC,20191227,1.525,1.525,1.525,1.525,600
KSL,20191227,1.455,1.49,1.455,1.485,136542
KSN,20191227,0.185,0.185,0.185,0.185,16900
KSS,20191227,0.29,0.3,0.285,0.295,91117
KTD,20191227,0.385,0.395,0.38,0.385,186098
KTG,20191227,0.21,0.215,0.21,0.215,22061
KYK,20191227,0.11,0.11,0.1,0.1,48333
KZA,20191227,0.59,0.595,0.59,0.595,2680
KZR,20191227,0.265,0.285,0.265,0.28,242444
LAA,20191227,0.033,0.033,0.033,0.033,215372
LAW,20191227,0.071,0.074,0.067,0.067,1200461
LBL,20191227,0.73,0.74,0.73,0.74,27000
LBT,20191227,0.17,0.17,0.165,0.165,219050
LCD,20191227,0.015,0.015,0.015,0.015,30346
LCK,20191227,0.155,0.155,0.15,0.15,170255
LCT,20191227,0.015,0.015,0.015,0.015,12000
LEG,20191227,0.08,0.08,0.077,0.079,460740
LEP,20191227,5.51,5.67,5.51,5.67,10457
LER,20191227,0.029,0.029,0.029,0.029,909
LEX,20191227,0.185,0.19,0.185,0.19,56937
LI3,20191227,0.021,0.021,0.019,0.019,770000
LIC,20191227,8.96,9.08,8.85,9.05,19820
LIN,20191227,0.034,0.034,0.031,0.031,1755222
LIT,20191227,0.063,0.064,0.06,0.06,2041878
LKE,20191227,0.025,0.026,0.025,0.025,463576
LLC,20191227,18.05,18.33,17.91,18.28,609010
LLO,20191227,1.525,1.58,1.525,1.58,32500
LME,20191227,1.84,1.855,1.84,1.85,18131
LMG,20191227,0.013,0.013,0.012,0.012,900000
LMW,20191227,0.145,0.145,0.145,0.145,9000
LNG,20191227,0.195,0.2,0.19,0.19,1362373
LNK,20191227,5.8,5.92,5.8,5.86,533762
LNU,20191227,0.027,0.027,0.026,0.026,625000
LNY,20191227,0.007,0.007,0.007,0.007,11068114
LOT,20191227,0.048,0.049,0.048,0.049,139535
LOV,20191227,12.3,12.44,12.3,12.36,85649
LPD,20191227,0.016,0.016,0.015,0.015,2261902
LPE,20191227,0.715,0.72,0.71,0.71,25643
LPI,20191227,0.22,0.22,0.22,0.22,28597
LSA,20191227,0.004,0.004,0.004,0.004,28567
LSF,20191227,1.63,1.64,1.625,1.635,132757
LSH,20191227,0.031,0.031,0.031,0.031,8700
LSR,20191227,0.009,0.009,0.008,0.008,110750
LSX,20191227,0.455,0.455,0.45,0.45,166518
LTR,20191227,0.082,0.09,0.082,0.087,6928278
LVT,20191227,0.245,0.255,0.242,0.25,1459350
LYC,20191227,2.32,2.425,2.32,2.41,2331620
M7T,20191227,0.68,0.685,0.675,0.685,91100
M8S,20191227,0.195,0.22,0.19,0.22,960498
MA1,20191227,1.025,1.025,1.01,1.01,212500
MAG,20191227,0.215,0.23,0.21,0.215,186454
MAH,20191227,0.29,0.295,0.285,0.295,1141007
MAI,20191227,0.53,0.54,0.53,0.54,7547
MAM,20191227,0.45,0.45,0.445,0.45,95000
MAQ,20191227,23.45,23.45,23.08,23.14,554
MAT,20191227,0.125,0.125,0.125,0.125,9953
MAY,20191227,0.011,0.011,0.01,0.01,985723
MBK,20191227,0.009,0.009,0.009,0.009,350000
MCA,20191227,0.155,0.155,0.155,0.155,4793
MCE,20191227,0.35,0.35,0.35,0.35,9220
MCP,20191227,2.48,2.5,2.43,2.44,67280
MCR,20191227,0.66,0.67,0.645,0.645,226103
MCT,20191227,0.004,0.004,0.004,0.004,4315056
MCY,20191227,4.99,4.99,4.85,4.9,10638
MDC,20191227,0.3,0.305,0.3,0.3,119242
MDR,20191227,0.37,0.37,0.365,0.37,95750
MEA,20191227,0.335,0.335,0.315,0.315,5695
MEB,20191227,0.012,0.012,0.01,0.01,412500
MEI,20191227,0.03,0.032,0.03,0.031,1391438
MEL,20191227,0.043,0.044,0.043,0.044,123000
MEM,20191227,0.052,0.052,0.052,0.052,25000
MEP,20191227,0.047,0.047,0.047,0.047,125000
MEU,20191227,0.025,0.025,0.024,0.025,790421
MEY,20191227,0.08,0.09,0.08,0.09,94024
MEZ,20191227,4.96,5.02,4.91,4.91,4828
MFD,20191227,0.99,0.99,0.99,0.99,15200
MFF,20191227,3.6,3.62,3.57,3.62,128348
MFG,20191227,59.07,59.49,58.38,59.47,289064
MGC,20191227,0.44,0.44,0.44,0.44,1200
MGE,20191227,4.04,4.05,4.02,4.02,106345
MGG,20191227,2.01,2.03,2.01,2.03,182156
MGL,20191227,0.017,0.017,0.017,0.017,3526
MGR,20191227,3.25,3.28,3.225,3.27,6575291
MGV,20191227,0.089,0.09,0.088,0.089,130614
MGX,20191227,0.935,0.94,0.92,0.93,382807
MHC,20191227,0.005,0.005,0.005,0.005,482864
MHG,20191227,3.6,3.6,3.59,3.6,20419
MHH,20191227,1.66,1.69,1.66,1.68,208380
MHI,20191227,0.061,0.061,0.061,0.061,11000
MHJ,20191227,0.67,0.675,0.655,0.675,16847
MIL,20191227,0.41,0.41,0.41,0.41,8903
MIN,20191227,16.6,16.73,16.43,16.67,538798
MIO,20191227,0.26,0.27,0.25,0.27,86272
MIR,20191227,2.72,2.73,2.71,2.71,10602
MKG,20191227,0.07,0.07,0.07,0.07,11000
MLD,20191227,1.005,1.045,1.005,1.045,609657
MLL,20191227,0.07,0.07,0.068,0.069,76985
MLM,20191227,0.016,0.016,0.016,0.016,3300
MLT,20191227,4.95,4.95,4.94,4.94,71392
MLX,20191227,0.07,0.077,0.069,0.077,5890181
MME,20191227,1.46,1.46,1.46,1.46,8179
MMI,20191227,0.14,0.14,0.14,0.14,5876
MMJ,20191227,0.15,0.15,0.15,0.15,28075
MML,20191227,0.7,0.77,0.695,0.77,2650905
MMM,20191227,0.25,0.25,0.25,0.25,35105
MMS,20191227,13.22,13.4,13.2,13.31,130806
MNC,20191227,0.074,0.075,0.071,0.073,1176431
MND,20191227,16.98,17.25,16.98,17.14,106487
MNF,20191227,4.86,4.92,4.86,4.9,17744
MNS,20191227,0.08,0.08,0.074,0.08,916738
MNW,20191227,0.018,0.018,0.018,0.018,27909
MNY,20191227,2.3,2.31,2.24,2.28,17902
MOB,20191227,0.125,0.135,0.125,0.135,279413
MOE,20191227,5.09,5.1,5.03,5.05,59014
MOQ,20191227,0.24,0.24,0.24,0.24,20833
MOT,20191227,2.07,2.08,2.07,2.08,8083
MOZ,20191227,2.27,2.27,2.22,2.23,87983
MP1,20191227,10.5,10.85,10.4,10.75,246480
MPH,20191227,0.27,0.27,0.26,0.26,20500
MPL,20191227,3.22,3.25,3.22,3.23,2198823
MPR,20191227,0.02,0.02,0.02,0.02,27500
MQG,20191227,140,140.43,139.06,140.23,550316
MRC,20191227,0.25,0.255,0.245,0.245,29043
MRD,20191227,0.002,0.002,0.002,0.002,1042857
MRL,20191227,0.45,0.48,0.45,0.48,26949
MRM,20191227,0.18,0.18,0.17,0.18,30455
MRQ,20191227,0.024,0.026,0.022,0.022,60496979
MRR,20191227,0.01,0.01,0.01,0.01,12250
MRZ,20191227,0.25,0.25,0.25,0.25,4500
MSB,20191227,2.08,2.18,2.08,2.1,2017211
MSE,20191227,0.012,0.013,0.012,0.013,580000
MSG,20191227,0.017,0.017,0.017,0.017,1463333
MSM,20191227,0.013,0.013,0.013,0.013,32168
MSV,20191227,0.059,0.059,0.059,0.059,74165
MTC,20191227,0.038,0.039,0.038,0.039,72727
MTH,20191227,0.009,0.009,0.009,0.009,1716500
MTO,20191227,2.08,2.08,2.08,2.08,3048
MTS,20191227,2.61,2.68,2.6,2.63,2840560
MVA,20191227,25.5,25.5,25.25,25.28,2703
MVB,20191227,26.13,26.2,26.13,26.18,4286
MVE,20191227,29.92,30.05,29.92,30.05,822
MVF,20191227,1.035,1.05,1.022,1.04,213979
MVP,20191227,8.03,8.13,7.91,8.02,99502
MVR,20191227,30.85,30.95,30.85,30.95,429
MVS,20191227,21.04,21.09,21.04,21.09,628
MVW,20191227,32.03,32.12,32.03,32.12,28555
MWR,20191227,0.305,0.305,0.29,0.295,230230
MWY,20191227,1.915,1.93,1.905,1.93,25394
MX1,20191227,0.205,0.205,0.205,0.205,158640
MXC,20191227,0.032,0.032,0.031,0.031,688848
MXI,20191227,0.21,0.21,0.205,0.205,23360
MXR,20191227,0.045,0.045,0.045,0.045,487
MXT,20191227,2.07,2.07,2.06,2.07,460764
MYE,20191227,0.92,0.92,0.92,0.92,4742
MYL,20191227,0.041,0.042,0.041,0.042,814886
MYQ,20191227,0.23,0.25,0.225,0.25,350739
MYR,20191227,0.49,0.495,0.48,0.49,860446
MYS,20191227,4.93,4.93,4.88,4.88,40796
MYX,20191227,0.445,0.465,0.445,0.465,3024291
MZZ,20191227,0.24,0.24,0.24,0.24,15000
NAB,20191227,24.9,24.95,24.81,24.93,2757244
NAC,20191227,0.96,0.96,0.96,0.96,14914
NAG,20191227,0.04,0.04,0.04,0.04,1304
NAM,20191227,0.31,0.31,0.31,0.31,180
NAN,20191227,6.51,6.58,6.48,6.52,654639
NBI,20191227,2.08,2.08,2.07,2.07,19204
NC6,20191227,0.048,0.048,0.048,0.048,8280
NCC,20191227,1.01,1.025,1.01,1.025,123956
NCK,20191227,7.08,7.08,7,7.06,32740
NCM,20191227,29.67,29.79,29.43,29.63,2909448
NCZ,20191227,0.24,0.27,0.235,0.27,2528619
NDQ,20191227,21.5,21.53,21.47,21.52,18381
NEA,20191227,2.5,2.56,2.5,2.56,2135329
NEC,20191227,1.825,1.85,1.815,1.84,1662945
NET,20191227,0.13,0.135,0.125,0.125,794802
NEU,20191227,2.33,2.4,2.33,2.4,25453
NEW,20191227,1.395,1.395,1.375,1.38,34335
NGI,20191227,2.65,2.81,2.63,2.78,379630
NGY,20191227,0.011,0.013,0.011,0.013,201111
NHC,20191227,2.1,2.14,2.09,2.13,599364
NHF,20191227,6.52,6.63,6.52,6.62,345474
NHL,20191227,0.046,0.053,0.046,0.051,32796723
NIC,20191227,0.635,0.655,0.632,0.645,838628
NML,20191227,0.11,0.11,0.107,0.107,122191
NMT,20191227,0.2,0.2,0.19,0.19,14340
NNW,20191227,0.074,0.074,0.074,0.074,216498
NOV,20191227,0.2,0.2,0.2,0.2,2500
NOX,20191227,0.285,0.29,0.285,0.29,53443
NSB,20191227,0.195,0.205,0.195,0.205,43054
NSR,20191227,1.9,1.905,1.88,1.9,1323944
NST,20191227,11,11.21,10.8,11.14,7084043
NTI,20191227,0.016,0.016,0.016,0.016,368282
NTL,20191227,0.006,0.006,0.006,0.006,240000
NTM,20191227,0.07,0.079,0.07,0.079,1135326
NTO,20191227,1.69,1.69,1.61,1.65,32846
NTU,20191227,0.061,0.061,0.06,0.06,347640
NUC,20191227,3.53,3.53,3.5,3.5,9716
NUF,20191227,5.68,5.94,5.66,5.94,752324
NUH,20191227,0.035,0.035,0.035,0.035,5318
NUS,20191227,0.325,0.33,0.325,0.325,146212
NVA,20191227,0.039,0.04,0.038,0.038,350897
NVL,20191227,3.61,3.62,3.61,3.62,43782
NVO,20191227,0.015,0.015,0.015,0.015,538694
NVX,20191227,0.5,0.5,0.495,0.495,59205
NWE,20191227,0.007,0.007,0.006,0.007,1991335
NWH,20191227,3.24,3.25,3.2,3.22,616332
NWL,20191227,7.64,7.94,7.64,7.94,157697
NWM,20191227,0.185,0.195,0.185,0.195,4725
NWS,20191227,20.5,20.9,20.5,20.9,31267
NXE,20191227,0.013,0.013,0.013,0.013,25000
NXM,20191227,0.045,0.045,0.045,0.045,2667
NXS,20191227,1.905,1.905,1.82,1.865,110213
NXT,20191227,6.69,6.75,6.66,6.75,277979
NZC,20191227,0.285,0.285,0.28,0.28,166366
NZK,20191227,1.985,1.985,1.985,1.985,500
NZM,20191227,0.38,0.38,0.38,0.38,11601
OAR,20191227,0.006,0.006,0.005,0.006,8527500
OBM,20191227,0.18,0.19,0.18,0.185,986403
OCA,20191227,1.19,1.28,1.19,1.28,209790
OCC,20191227,0.48,0.485,0.47,0.475,217807
OCL,20191227,6.35,6.39,6.02,6.09,21231
ODA,20191227,0.22,0.22,0.195,0.2,7548
OEL,20191227,0.038,0.038,0.037,0.037,634320
OFX,20191227,1.38,1.425,1.38,1.395,205299
OGA,20191227,0.145,0.145,0.14,0.14,17000
OGC,20191227,2.67,2.71,2.64,2.69,804096
OIL,20191227,0.038,0.038,0.038,0.038,30000
OKR,20191227,0.09,0.1,0.09,0.097,59228
OKU,20191227,0.145,0.15,0.14,0.14,608558
OLI,20191227,0.068,0.07,0.064,0.064,355573
OLL,20191227,0.15,0.15,0.15,0.15,228000
OMH,20191227,0.5,0.52,0.49,0.51,49226
OML,20191227,3.74,3.77,3.72,3.74,490921
ONX,20191227,0.075,0.075,0.074,0.074,178144
OOO,20191227,16.22,16.32,16.22,16.29,7268
OPC,20191227,4.12,4.12,3.86,3.93,36728
OPH,20191227,2.47,2.48,2.47,2.47,24822
OPL,20191227,0.16,0.16,0.16,0.16,9985
OPT,20191227,2.91,2.99,2.91,2.99,81755
OPY,20191227,1.23,1.25,1.21,1.21,130359
ORA,20191227,3.24,3.29,3.23,3.27,913896
ORE,20191227,2.55,2.62,2.55,2.6,450923
ORG,20191227,8.59,8.64,8.57,8.59,1371889
ORI,20191227,22.84,23.09,22.795,22.86,315388
ORN,20191227,0.024,0.024,0.023,0.023,275000
ORR,20191227,0.36,0.36,0.36,0.36,8821
OSH,20191227,7.41,7.435,7.37,7.42,921375
OSL,20191227,0.165,0.17,0.165,0.17,49092
OSP,20191227,0.03,0.03,0.027,0.027,42333
OSX,20191227,0.745,0.75,0.745,0.75,9250
OTW,20191227,4.6,4.6,4.6,4.6,9055
OVH,20191227,0.36,0.36,0.36,0.36,75475
OVL,20191227,0.009,0.009,0.008,0.008,3781790
OVN,20191227,0.535,0.535,0.52,0.52,84437
OVT,20191227,0.05,0.05,0.05,0.05,2000
OZF,20191227,19.99,20.01,19.99,20.01,539
OZL,20191227,10.58,10.75,10.56,10.72,960083
OZR,20191227,12.35,12.35,12.35,12.35,355
P2P,20191227,0.06,0.061,0.06,0.061,110000
PAA,20191227,0.105,0.11,0.105,0.105,141000
PAB,20191227,0.019,0.019,0.019,0.019,42857
PAC,20191227,6.22,6.38,6.22,6.38,21029
PAF,20191227,0.93,0.93,0.925,0.925,12720
PAI,20191227,1.1,1.1,1.08,1.08,96446
PAK,20191227,0.03,0.031,0.03,0.031,65000
PAL,20191227,1.1,1.1,1.09,1.09,69978
PAN,20191227,0.335,0.335,0.31,0.32,4404942
PAR,20191227,2.83,2.98,2.82,2.94,375593
PBH,20191227,4.86,4.88,4.78,4.82,82686
PBP,20191227,1.95,1.95,1.925,1.925,16680
PCI,20191227,1.135,1.135,1.13,1.13,66641
PCK,20191227,0.18,0.2,0.18,0.195,2438998
PCL,20191227,0.001,0.002,0.001,0.002,51565999
PDI,20191227,0.008,0.008,0.008,0.008,774004
PDL,20191227,8.84,8.95,8.84,8.92,253657
PDN,20191227,0.093,0.096,0.092,0.094,3861740
PE1,20191227,1.66,1.66,1.6,1.6,41613
PEC,20191227,0.041,0.041,0.041,0.041,3902
PEK,20191227,0.041,0.041,0.04,0.04,75736
PEN,20191227,0.17,0.17,0.17,0.17,160793
PET,20191227,0.795,0.855,0.795,0.845,580037
PEX,20191227,0.24,0.25,0.225,0.23,651102
PFG,20191227,0.078,0.078,0.078,0.078,62380
PFP,20191227,3.36,3.4,3.33,3.36,50803
PGC,20191227,0.435,0.435,0.425,0.425,204959
PGF,20191227,1.28,1.28,1.27,1.27,80260
PGG,20191227,2.06,2.06,2.05,2.05,54850
PGH,20191227,2.78,2.8,2.705,2.73,284141
PGI,20191227,0.031,0.042,0.031,0.042,531229
PGL,20191227,1.78,1.88,1.78,1.88,65080
PGM,20191227,0.017,0.017,0.017,0.017,906573
PGX,20191227,0.345,0.35,0.345,0.35,30700
PGY,20191227,0.02,0.022,0.02,0.022,89327
PIA,20191227,1.13,1.135,1.13,1.13,9302
PIC,20191227,1.06,1.065,1.06,1.065,20000
PIO,20191227,0.012,0.012,0.012,0.012,1950000
PIQ,20191227,0.27,0.28,0.27,0.275,62924
PL8,20191227,1.19,1.2,1.19,1.19,111044
PLL,20191227,0.11,0.115,0.11,0.115,248904
PLS,20191227,0.26,0.265,0.255,0.265,10633800
PM1,20191227,0.015,0.015,0.015,0.015,330046
PM8,20191227,0.165,0.17,0.165,0.165,26996
PMC,20191227,1.695,1.7,1.68,1.7,99054
PME,20191227,23.48,23.88,23.28,23.52,142323
PMV,20191227,19.55,19.56,19.22,19.35,73801
PMY,20191227,0.007,0.007,0.007,0.007,5378578
PNC,20191227,1.76,1.78,1.76,1.78,380305
PNI,20191227,4.68,4.78,4.65,4.75,99217
PNN,20191227,0.002,0.002,0.002,0.002,4595757
PNR,20191227,0.15,0.155,0.15,0.152,858541
PNV,20191227,1.96,2,1.94,1.955,1153276
PO3,20191227,4.2,4.4,4.2,4.4,417
POS,20191227,0.045,0.046,0.045,0.046,282432
POU,20191227,18.3,18.3,18.3,18.3,22
PPC,20191227,1.26,1.28,1.25,1.28,17124
PPE,20191227,3.24,3.24,3.17,3.24,8712
PPG,20191227,0.107,0.11,0.107,0.11,145705
PPH,20191227,3.9,3.9,3.82,3.85,32628
PPK,20191227,5.1,5.28,5.09,5.27,64701
PPL,20191227,0.011,0.011,0.011,0.011,74132
PPS,20191227,0.5,0.515,0.5,0.505,223267
PPT,20191227,41.78,42.31,41.78,42.13,46142
PRN,20191227,1.625,1.695,1.625,1.66,1325965
PRO,20191227,0.465,0.465,0.45,0.45,58130
PRT,20191227,0.17,0.17,0.165,0.17,117937
PRU,20191227,1.05,1.122,1.05,1.11,9295632
PRX,20191227,0.067,0.067,0.062,0.063,334840
PSI,20191227,3.12,3.18,3.06,3.18,9537
PSQ,20191227,1.775,1.79,1.76,1.79,5195
PTL,20191227,0.34,0.34,0.34,0.34,35733
PTM,20191227,4.49,4.56,4.49,4.56,386567
PTR,20191227,0.043,0.043,0.043,0.043,84841
PTX,20191227,0.063,0.066,0.061,0.063,13376976
PUR,20191227,0.006,0.006,0.006,0.006,20000
PVE,20191227,0.05,0.052,0.05,0.052,221355
PVL,20191227,0.089,0.089,0.089,0.089,51728
PVS,20191227,1.25,1.25,1.25,1.25,944
PWH,20191227,4.71,4.8,4.71,4.74,21579
PWN,20191227,0.008,0.008,0.008,0.008,2187276
PXS,20191227,0.16,0.16,0.155,0.155,446002
PYC,20191227,0.057,0.057,0.057,0.057,300000
QAG,20191227,5.57,5.58,5.57,5.58,8768
QAN,20191227,7.31,7.4,7.31,7.34,3229744
QAU,20191227,15.22,15.3,15.18,15.21,53408
QBE,20191227,13.05,13.08,12.95,13.04,1513287
QCB,20191227,8.26,8.26,8.26,8.26,250
QFE,20191227,0.33,0.33,0.325,0.325,20244
QFY,20191227,0.005,0.006,0.005,0.006,1405000
QGL,20191227,0.077,0.077,0.077,0.077,8572
QHL,20191227,0.12,0.12,0.115,0.12,317648
QIP,20191227,1.355,1.36,1.355,1.355,6577
QMS,20191227,1.2,1.2,1.195,1.195,138564
QOZ,20191227,14.07,14.12,14.07,14.12,17085
QRE,20191227,6.7,6.73,6.7,6.73,7394
QRI,20191227,1.615,1.62,1.615,1.62,150358
QTM,20191227,0.038,0.038,0.035,0.037,585125
QUB,20191227,3.29,3.33,3.29,3.33,750580
QUS,20191227,39.55,39.55,39.55,39.55,2686
QVE,20191227,1.035,1.035,1.03,1.03,21545
R3D,20191227,0.05,0.05,0.049,0.049,20000
RAC,20191227,0.185,0.185,0.185,0.185,83818
RAG,20191227,0.006,0.006,0.006,0.006,300000
RAP,20191227,0.25,0.25,0.24,0.24,550434
RBL,20191227,1.05,1.14,1.045,1.14,704079
RCB,20191227,20.66,20.76,20.66,20.76,3221
RCE,20191227,0.305,0.33,0.305,0.33,67694
RCT,20191227,2.6,2.65,2.6,2.63,11961
RDC,20191227,1.13,1.135,1.125,1.13,182660
RDF,20191227,0.5,0.51,0.5,0.51,8776
RDH,20191227,1.945,1.945,1.92,1.92,51698
RDM,20191227,0.11,0.11,0.11,0.11,63367
RDV,20191227,30.35,30.46,30.35,30.46,589
REA,20191227,106.79,108.98,106.79,108.54,63342
RED,20191227,0.3,0.325,0.3,0.325,4585567
REE,20191227,0.043,0.043,0.043,0.043,4000
REF,20191227,0.005,0.005,0.005,0.005,120000
REG,20191227,2.51,2.51,2.455,2.46,425734
REH,20191227,11.29,11.35,11.19,11.32,74471
REX,20191227,1.18,1.18,1.165,1.18,21346
REZ,20191227,0.024,0.024,0.021,0.021,2198379
RF1,20191227,2.58,2.62,2.58,2.59,21798
RFF,20191227,1.91,1.935,1.895,1.935,340619
RFG,20191227,0.105,0.105,0.1,0.105,93734
RFN,20191227,0.003,0.003,0.003,0.003,500000
RFT,20191227,0.044,0.048,0.044,0.048,391613
RFX,20191227,0.046,0.046,0.043,0.045,380401
RGI,20191227,0.13,0.13,0.12,0.12,62259
RGS,20191227,0.082,0.082,0.082,0.082,5000
RHC,20191227,73.93,74.075,73.31,73.71,196255
RHP,20191227,2.09,2.1,2.05,2.05,137182
RHT,20191227,0.245,0.25,0.215,0.22,3665990
RHY,20191227,0.12,0.125,0.12,0.125,134999
RIC,20191227,1.04,1.05,1.03,1.03,15602
RIO,20191227,102.1,103.05,102.03,102.51,580780
RKN,20191227,0.77,0.77,0.735,0.74,76872
RLE,20191227,0.029,0.029,0.029,0.029,111727
RLG,20191227,0.035,0.035,0.034,0.034,370285
RLT,20191227,1.495,1.495,1.495,1.495,8792
RMC,20191227,1.51,1.595,1.495,1.58,162309
RMD,20191227,22.45,22.48,22.34,22.38,165360
RML,20191227,0.052,0.052,0.052,0.052,10000
RMP,20191227,0.011,0.012,0.011,0.012,711326
RMS,20191227,1.12,1.165,1.105,1.16,4568352
RMX,20191227,0.006,0.006,0.005,0.005,617666
RMY,20191227,0.37,0.37,0.365,0.365,26417
RND,20191227,2.43,2.43,2.43,2.43,225
RNE,20191227,0.023,0.024,0.023,0.024,91068
ROG,20191227,0.002,0.003,0.002,0.003,4241800
ROO,20191227,0.029,0.031,0.029,0.031,156772
RPM,20191227,0.185,0.185,0.18,0.18,24618
RRL,20191227,4.32,4.325,4.25,4.3,2760253
RSG,20191227,1.24,1.275,1.22,1.23,11073835
RSH,20191227,0.088,0.088,0.088,0.088,6633
RTR,20191227,0.07,0.07,0.066,0.066,270728
RUL,20191227,0.83,0.875,0.83,0.875,123321
RVR,20191227,0.145,0.145,0.145,0.145,346773
RWC,20191227,4.09,4.18,4.09,4.17,794949
RWD,20191227,0.135,0.135,0.135,0.135,7407
RXL,20191227,0.024,0.026,0.024,0.025,15070031
RXM,20191227,0.075,0.075,0.073,0.073,50877
RZI,20191227,0.82,0.82,0.815,0.815,15515
S2R,20191227,0.13,0.13,0.13,0.13,165325
S32,20191227,2.71,2.75,2.71,2.74,8784967
SAR,20191227,3.24,3.255,3.19,3.22,7412479
SBM,20191227,2.69,2.72,2.65,2.72,4920163
SCG,20191227,3.91,3.93,3.87,3.93,6039753
SCL,20191227,0.022,0.023,0.02,0.023,3894723
SCP,20191227,2.75,2.79,2.745,2.79,1000175
SCU,20191227,0.013,0.013,0.012,0.012,1450900
SDA,20191227,0.85,0.965,0.84,0.92,6039150
SDF,20191227,3.57,3.66,3.57,3.65,1037809
SDI,20191227,0.87,0.87,0.86,0.86,8860
SDV,20191227,0.64,0.64,0.61,0.625,110480
SE1,20191227,0.057,0.058,0.055,0.057,156668
SEC,20191227,1.82,1.84,1.82,1.82,8093
SEI,20191227,0.052,0.056,0.052,0.056,375796
SEK,20191227,22.88,23.01,22.88,23.01,221596
SEN,20191227,0.07,0.07,0.07,0.07,59567
SEQ,20191227,0.215,0.225,0.215,0.225,1002672
SES,20191227,0.09,0.09,0.09,0.09,68121
SF1,20191227,0.027,0.03,0.027,0.03,117006
SFC,20191227,14.65,14.65,14.65,14.65,73
SFG,20191227,0.074,0.077,0.074,0.075,223687
SFR,20191227,5.98,6.11,5.94,6.1,452701
SFX,20191227,0.34,0.36,0.34,0.36,241580
SFY,20191227,63.07,63.07,62.9,63.03,3000
SGC,20191227,0.037,0.037,0.037,0.037,100000
SGF,20191227,2.51,2.6,2.51,2.6,41431
SGH,20191227,0.9,0.9,0.9,0.9,33
SGM,20191227,10.85,10.95,10.83,10.9,143457
SGO,20191227,0.014,0.014,0.011,0.011,300000
SGP,20191227,4.81,4.85,4.77,4.83,3530561
SGQ,20191227,0.13,0.13,0.125,0.13,148547
SGR,20191227,4.69,4.77,4.68,4.76,1391965
SHE,20191227,0.007,0.007,0.007,0.007,180671
SHH,20191227,0.003,0.003,0.003,0.003,1000000
SHJ,20191227,0.905,0.92,0.88,0.92,90351
SHL,20191227,29.51,29.59,29.31,29.4,442062
SHM,20191227,0.66,0.665,0.66,0.66,6833
SHO,20191227,0.031,0.032,0.029,0.032,1252919
SHV,20191227,8.54,8.54,8.39,8.41,85908
SIG,20191227,0.59,0.6,0.585,0.59,2711003
SIH,20191227,0.015,0.015,0.015,0.015,300000
SIL,20191227,0.048,0.048,0.047,0.048,107317
SIQ,20191227,6.9,7.19,6.9,7.12,1279717
SIS,20191227,0.023,0.023,0.023,0.023,81134
SIV,20191227,0.67,0.67,0.67,0.67,2000
SKC,20191227,3.79,3.825,3.79,3.8,70969
SKF,20191227,0.165,0.165,0.165,0.165,22000
SKI,20191227,2.12,2.14,2.11,2.12,972189
SKN,20191227,0.01,0.01,0.01,0.01,37490
SKO,20191227,4.7,4.78,4.65,4.7,67911
SKT,20191227,0.73,0.74,0.715,0.72,95462
SKY,20191227,0.095,0.1,0.095,0.1,1021050
SLC,20191227,0.93,0.955,0.91,0.94,300660
SLF,20191227,14.06,14.14,14.03,14.14,4242
SLK,20191227,4.93,4.99,4.87,4.87,42895
SLR,20191227,1.27,1.335,1.265,1.325,7336231
SLX,20191227,0.39,0.41,0.38,0.41,45142
SLZ,20191227,0.06,0.06,0.06,0.06,10000
SM1,20191227,8.57,8.61,8.48,8.48,7755
SM8,20191227,0.048,0.048,0.048,0.048,191636
SMD,20191227,0.006,0.006,0.006,0.006,627118
SMI,20191227,0.003,0.003,0.003,0.003,4850000
SMN,20191227,0.965,0.965,0.935,0.935,16956
SMP,20191227,0.54,0.545,0.53,0.54,206260
SMR,20191227,1.07,1.075,1.055,1.055,51629
SNC,20191227,0.83,0.83,0.825,0.825,14000
SNS,20191227,0.125,0.13,0.12,0.12,74367
SNZ,20191227,8.44,8.67,8.44,8.52,1387
SO4,20191227,0.77,0.795,0.77,0.795,14243
SOL,20191227,21.98,22.05,21.84,22.04,116440
SOM,20191227,2.85,2.85,2.85,2.85,3225
SOP,20191227,0.043,0.043,0.043,0.043,19764
SOR,20191227,0.084,0.086,0.084,0.086,610691
SP3,20191227,0.1,0.1,0.1,0.1,92716
SPK,20191227,4.21,4.24,4.19,4.21,264050
SPL,20191227,1.21,1.21,1.195,1.195,19103
SPQ,20191227,0.005,0.005,0.005,0.005,850000
SPT,20191227,0.675,0.685,0.665,0.68,427095
SPX,20191227,0.072,0.074,0.072,0.072,212887
SPY,20191227,465.12,465.2,465,465.2,50
SPZ,20191227,0.245,0.25,0.245,0.25,94909
SRG,20191227,0.4,0.41,0.4,0.41,47801
SRH,20191227,0.195,0.195,0.195,0.195,80
SRI,20191227,0.075,0.075,0.075,0.075,25000
SRK,20191227,0.045,0.048,0.045,0.047,159830
SRN,20191227,0.003,0.003,0.002,0.002,423333
SRV,20191227,4.21,4.24,4.2,4.22,7059
SRZ,20191227,0.011,0.011,0.011,0.011,89191
SSG,20191227,0.655,0.66,0.64,0.64,42401
SSM,20191227,2.67,2.675,2.61,2.65,1063550
STA,20191227,0.12,0.12,0.12,0.12,58159
STG,20191227,1.505,1.505,1.505,1.505,3000
STM,20191227,0.017,0.017,0.016,0.016,487666
STO,20191227,8.32,8.405,8.32,8.36,2500380
STW,20191227,63.32,63.5,63.27,63.49,156930
STX,20191227,0.195,0.21,0.19,0.205,3143227
SUD,20191227,0.062,0.062,0.062,0.062,10000
SUL,20191227,10.25,10.45,10.21,10.4,396457
SUN,20191227,13.21,13.24,13.15,13.19,1230935
SUP,20191227,0.012,0.012,0.012,0.012,41750
SVA,20191227,0.024,0.025,0.024,0.025,14500
SVD,20191227,0.007,0.007,0.007,0.007,413988
SVL,20191227,0.11,0.115,0.105,0.105,4594183
SVW,20191227,19.5,19.64,19.45,19.57,125520
SVY,20191227,0.825,0.91,0.825,0.91,403765
SW1,20191227,0.1,0.105,0.1,0.105,62500
SWK,20191227,0.18,0.18,0.18,0.18,261735
SWM,20191227,0.325,0.325,0.32,0.32,1619500
SXE,20191227,0.6,0.6,0.6,0.6,2800
SXL,20191227,0.86,0.865,0.835,0.845,1203456
SXY,20191227,0.335,0.34,0.335,0.34,762706
SYA,20191227,0.011,0.011,0.01,0.01,149706
SYD,20191227,9.2,9.21,9.085,9.18,2992614
SYI,20191227,29.97,30.03,29.95,30.03,8627
SYR,20191227,0.425,0.445,0.425,0.44,1398835
SYT,20191227,0.001,0.001,0.001,0.001,1500000
SZL,20191227,2.1,2.1,2.09,2.1,48131
T3D,20191227,0.001,0.001,0.001,0.001,500000
TAH,20191227,4.64,4.69,4.635,4.67,1885566
TAM,20191227,0.038,0.038,0.036,0.036,142958
TAO,20191227,0.1,0.1,0.1,0.1,4706
TAP,20191227,0.12,0.12,0.12,0.12,30004
TAR,20191227,0.012,0.012,0.011,0.011,320400
TAS,20191227,0.04,0.04,0.04,0.04,20401
TBR,20191227,6.01,6.27,6,6.11,29070
TCL,20191227,15.7,15.7,15.5,15.61,1955559
TDI,20191227,1.73,1.73,1.7,1.7,86500
TEG,20191227,0.06,0.06,0.058,0.058,206962
TEK,20191227,0.28,0.28,0.275,0.275,68023
TFL,20191227,0.115,0.115,0.115,0.115,256451
TGA,20191227,0.215,0.23,0.215,0.23,75546
TGF,20191227,2.05,2.14,2.05,2.14,160119
TGG,20191227,1.33,1.355,1.33,1.355,3522
TGH,20191227,0.185,0.19,0.185,0.19,197500
TGM,20191227,0.165,0.165,0.165,0.165,5000
TGN,20191227,0.18,0.18,0.18,0.18,64925
TGP,20191227,1.115,1.12,1.105,1.12,30688
TGR,20191227,4.25,4.29,4.25,4.28,196610
THC,20191227,0.385,0.41,0.385,0.41,310304
THR,20191227,0.008,0.008,0.008,0.008,2375000
TIE,20191227,0.27,0.28,0.27,0.28,458366
TKM,20191227,0.024,0.024,0.021,0.021,397500
TLG,20191227,0.48,0.48,0.465,0.465,123613
TLM,20191227,0.089,0.089,0.089,0.089,33000
TLS,20191227,3.64,3.67,3.63,3.66,9479945
TLT,20191227,3.09,3.09,3.09,3.09,1408
TLX,20191227,1.65,1.68,1.565,1.58,601471
TMR,20191227,0.205,0.23,0.205,0.23,240969
TMT,20191227,0.14,0.14,0.135,0.14,39320
TMX,20191227,0.004,0.004,0.004,0.004,39000
TNE,20191227,8.76,8.84,8.72,8.78,399535
TNG,20191227,0.087,0.091,0.086,0.09,355534
TNK,20191227,1.39,1.4,1.39,1.4,42071
TNR,20191227,0.011,0.011,0.008,0.008,158111
TNT,20191227,0.045,0.045,0.045,0.045,100000
TNY,20191227,2.27,2.3,2.18,2.29,47795
TON,20191227,0.038,0.038,0.037,0.037,70000
TOT,20191227,1.075,1.08,1.07,1.075,196323
TPM,20191227,6.98,7.01,6.93,7.01,236502
TPP,20191227,0.05,0.05,0.05,0.05,12000
TPW,20191227,2.59,2.65,2.59,2.64,43800
TRS,20191227,3.28,3.28,3.16,3.19,98238
TRT,20191227,0.022,0.023,0.022,0.023,50140
TRY,20191227,0.095,0.095,0.089,0.091,2045845
TSC,20191227,0.005,0.007,0.005,0.005,33512805
TTB,20191227,0.071,0.077,0.071,0.077,1303362
TTI,20191227,0.017,0.017,0.016,0.017,265739
TTT,20191227,0.96,0.995,0.96,0.98,64578
TWD,20191227,3.31,3.39,3.31,3.31,4650
TWE,20191227,16.57,16.67,16.53,16.62,1030415
TWR,20191227,0.69,0.69,0.68,0.68,88652
TYR,20191227,3.47,3.5,3.44,3.45,423314
TYX,20191227,0.003,0.003,0.003,0.003,1005000
TZL,20191227,0.1,0.1,0.1,0.1,40
UBA,20191227,23.03,23.08,23.03,23.08,2254
UBW,20191227,30.4,30.49,30.4,30.48,780
UCM,20191227,0.12,0.12,0.12,0.12,32530
UCW,20191227,0.215,0.215,0.215,0.215,26870
UNL,20191227,0.032,0.032,0.032,0.032,27000
UNV,20191227,0.235,0.235,0.235,0.235,19676
UOS,20191227,0.87,0.87,0.87,0.87,4600
URF,20191227,0.9,0.9,0.87,0.89,31788
URW,20191227,11.11,11.19,11.11,11.18,188780
USD,20191227,14,14,13.96,13.96,18397
UWL,20191227,1.59,1.6,1.575,1.585,320637
VAE,20191227,70,70.54,69.97,70.4,3785
VAF,20191227,52,52,51.93,51.94,105534
VAH,20191227,0.15,0.15,0.145,0.15,43080
VAL,20191227,0.004,0.004,0.004,0.004,2268000
VAN,20191227,0.15,0.15,0.145,0.145,181470
VAP,20191227,90.44,90.7,89.96,90.59,36045
VAS,20191227,86.64,86.85,86.5,86.81,52244
VCF,20191227,50.35,50.51,50.35,50.51,2418
VCX,20191227,2.58,2.61,2.57,2.61,4587010
VEA,20191227,1.99,1.99,1.94,1.97,1385872
VEN,20191227,0.165,0.165,0.16,0.16,26225
VEQ,20191227,60.95,61,60.69,60.91,782
VEU,20191227,78.17,78.17,77.53,77.74,8427
VG1,20191227,2.24,2.25,2.24,2.25,49228
VG8,20191227,2.31,2.32,2.31,2.32,45557
VGB,20191227,52.93,52.98,52.89,52.89,23904
VGE,20191227,72.2,72.57,72.2,72.53,2607
VGI,20191227,12.8,12.98,12.8,12.98,12
VGL,20191227,3.49,3.49,3.49,3.49,750
VGS,20191227,82.43,82.55,82.37,82.51,37299
VHT,20191227,1.8,1.84,1.8,1.82,173732
VHY,20191227,61.36,61.52,61.28,61.52,32716
VIC,20191227,0.001,0.001,0.001,0.001,2100000
VIF,20191227,50.4,50.4,50.32,50.35,2921
VKA,20191227,0.01,0.01,0.01,0.01,10000
VLC,20191227,69.61,69.61,69.61,69.61,180
VLT,20191227,0.385,0.395,0.37,0.395,43362
VMC,20191227,0.19,0.19,0.19,0.19,35000
VML,20191227,0.013,0.013,0.013,0.013,3228944
VMS,20191227,0.019,0.019,0.019,0.019,1476150
VMT,20191227,0.235,0.235,0.225,0.23,83859
VMY,20191227,0.047,0.048,0.047,0.048,65353
VOC,20191227,2.95,2.96,2.93,2.95,519160
VOL,20191227,1.84,1.84,1.84,1.84,1929
VOR,20191227,0.007,0.007,0.007,0.007,150000
VR1,20191227,0.025,0.025,0.025,0.025,100000
VR8,20191227,0.026,0.026,0.026,0.026,12500
VRC,20191227,0.012,0.012,0.011,0.011,4676573
VRL,20191227,3.8,3.825,3.78,3.82,59376
VRS,20191227,0.06,0.06,0.059,0.06,653459
VRT,20191227,4.74,4.77,4.66,4.77,83267
VRX,20191227,0.099,0.1,0.097,0.097,175777
VSO,20191227,60.29,61,60.29,61,18059
VTG,20191227,1.23,1.235,1.22,1.22,45598
VTH,20191227,0.745,0.75,0.745,0.75,5780
VTS,20191227,237.67,237.67,236.22,236.72,4506
VUK,20191227,3.61,3.62,3.53,3.57,2580570
VUL,20191227,0.16,0.16,0.16,0.16,10125
VVA,20191227,2.87,2.87,2.7,2.8,28075
VVR,20191227,2.73,2.77,2.725,2.77,714090
VXR,20191227,0.135,0.135,0.13,0.13,237219
VYS,20191227,0.068,0.07,0.068,0.07,57352
WAA,20191227,1.09,1.09,1.09,1.09,10000
WAF,20191227,0.445,0.445,0.425,0.43,2676784
WAM,20191227,2.28,2.29,2.27,2.29,184090
WAX,20191227,1.49,1.495,1.48,1.49,43409
WBA,20191227,1.98,1.985,1.98,1.98,125438
WBC,20191227,24.27,24.37,24.23,24.33,3502078
WBE,20191227,0.012,0.012,0.011,0.011,17321022
WBT,20191227,0.43,0.445,0.42,0.425,46921
WEB,20191227,13.24,13.325,13.16,13.21,240455
WEL,20191227,0.055,0.055,0.055,0.055,70579
WES,20191227,41.79,41.86,41.67,41.81,815090
WGB,20191227,2.34,2.34,2.32,2.32,142518
WGN,20191227,2.6,2.6,2.53,2.6,68526
WGO,20191227,0.2,0.21,0.195,0.205,676928
WGX,20191227,2.11,2.15,2.09,2.15,785027
WHC,20191227,2.55,2.6,2.54,2.6,3515163
WHF,20191227,5.15,5.18,5.14,5.18,10485
WIC,20191227,1.11,1.115,1.11,1.115,24400
WKT,20191227,0.2,0.2,0.195,0.195,60545
WLD,20191227,0.06,0.06,0.06,0.06,40086
WLE,20191227,1.265,1.27,1.265,1.265,414105
WMI,20191227,1.475,1.48,1.475,1.48,18538
WOR,20191227,15.47,15.57,15.43,15.52,855686
WOW,20191227,37.3,37.46,37.17,37.41,804108
WPL,20191227,35.05,35.215,34.95,34.97,654415
WPP,20191227,0.51,0.525,0.51,0.525,33680
WQG,20191227,1.195,1.2,1.19,1.19,71912
WRM,20191227,0.004,0.004,0.004,0.004,560000
WSA,20191227,3.03,3.08,3.03,3.08,1609925
WSP,20191227,1.515,1.55,1.515,1.55,28000
WTC,20191227,24.5,24.94,24.33,24.65,302172
WWG,20191227,0.2,0.2,0.2,0.2,27086
WWI,20191227,0.009,0.009,0.009,0.009,150000
WZR,20191227,0.15,0.155,0.15,0.15,1546785
XAM,20191227,0.033,0.033,0.033,0.033,41666
XCD,20191227,0.011,0.012,0.011,0.012,2814916
XF1,20191227,0.38,0.38,0.36,0.36,62553
XPE,20191227,0.001,0.001,0.001,0.001,18210090
XPL,20191227,0.064,0.064,0.064,0.064,6289
XRF,20191227,0.23,0.235,0.23,0.235,37524
XRO,20191227,81.25,81.99,81,81.61,102551
XTD,20191227,0.037,0.037,0.037,0.037,193599
XTE,20191227,0.72,0.72,0.715,0.72,6380
YAL,20191227,2.94,2.94,2.92,2.92,2919
YBR,20191227,0.088,0.089,0.088,0.089,35000
YOJ,20191227,0.052,0.054,0.052,0.053,68859
YOW,20191227,0.065,0.065,0.059,0.06,135797
YPB,20191227,0.005,0.005,0.004,0.005,1757863
YRL,20191227,0.24,0.24,0.24,0.24,21787
Z1P,20191227,3.55,3.7,3.55,3.7,2772446
ZEL,20191227,4.27,4.3,4.23,4.24,19256
ZIP,20191227,0.012,0.012,0.012,0.012,200000
ZLD,20191227,0.055,0.055,0.053,0.053,186856
ZNO,20191227,0.545,0.655,0.545,0.655,3101888
XAF,20191227,6692.1,6713.8,6690.9,6711.7,0
XAO,20191227,6906.4,6936.5,6906.4,6936.3,0
XAT,20191227,6736.4,6765.1,6736.4,6764.7,0
XDJ,20191227,2730.9,2735.9,2725.2,2734.7,0
XEC,20191227,1519.7,1534.7,1519.8,1534.7,0
XEJ,20191227,11695.5,11745.7,11691.5,11702.6,0
XFJ,20191227,6031.4,6062.1,6028.3,6058.6,0
XFL,20191227,6749.4,6770.5,6747,6768.3,0
XGD,20191227,6522.4,6728.3,6522.4,6709.3,0
XHJ,20191227,41601.2,41765.6,41376.3,41408.1,0
XIJ,20191227,1432.6,1451.1,1432.6,1447.6,0
XJO,20191227,6794.2,6822.1,6794.2,6821.7,0
XJR,20191227,4945.3,5001,4945.3,4992.5,0
XKO,20191227,6752.2,6781.5,6752.2,6781,0
XMD,20191227,7310.4,7362.6,7310.4,7362.6,0
XMJ,20191227,13871.9,14047.2,13871.9,14025.3,0
XMM,20191227,4495.3,4564.7,4495.3,4556.1,0
XNJ,20191227,7171.2,7192.6,7154,7186.4,0
XPJ,20191227,1609.4,1617.4,1602.2,1617.4,0
XSJ,20191227,12533.5,12571.7,12494.5,12571.7,0
XSO,20191227,2913.1,2946.3,2913.1,2946.3,0
XTJ,20191227,1296.4,1303.2,1291.1,1300.7,0
XTL,20191227,3725.7,3738,3725.4,3735.6,0
XTO,20191227,5635.8,5656,5635.8,5655.1,0
XUJ,20191227,8415.5,8426.9,8351.8,8398.9,0
XXJ,20191227,6727,6761.3,6723.6,6757.4,0
