14D,20190415,0.31,0.31,0.295,0.31,303340
1AD,20190415,0.22,0.23,0.22,0.23,16150
1AG,20190415,0.043,0.043,0.043,0.043,76155
1ST,20190415,0.055,0.055,0.053,0.053,625000
3DP,20190415,0.045,0.045,0.043,0.044,449508
3PL,20190415,1.06,1.1,1.06,1.1,370444
4CE,20190415,0.009,0.01,0.009,0.01,403801
4DS,20190415,0.078,0.08,0.078,0.079,2271475
5GN,20190415,0.87,0.94,0.865,0.935,710128
88E,20190415,0.015,0.015,0.014,0.014,1640083
8CO,20190415,0.096,0.096,0.084,0.086,278123
8EC,20190415,0.72,0.72,0.715,0.715,30150
8IH,20190415,0.065,0.065,0.065,0.065,20000
8VI,20190415,0.5,0.55,0.5,0.55,17451
9SP,20190415,0.021,0.021,0.02,0.02,661948
A1G,20190415,0.207,0.207,0.207,0.207,75000
A2B,20190415,2.11,2.15,2.08,2.14,2315712
A2M,20190415,14.05,14.61,14.01,14.61,3765108
A3D,20190415,0.385,0.39,0.375,0.38,48953
A40,20190415,0.175,0.175,0.165,0.17,714233
AAA,20190415,50.11,50.12,50.11,50.12,43273
AAC,20190415,1.13,1.13,1.11,1.13,315018
AAJ,20190415,0.006,0.006,0.006,0.006,546794
AAP,20190415,0.016,0.016,0.015,0.015,483020
AAR,20190415,0.085,0.087,0.085,0.087,300228
AB1,20190415,0.14,0.145,0.14,0.14,4483816
ABA,20190415,5.02,5.02,4.96,4.96,43370
ABC,20190415,4.24,4.26,4.22,4.24,950685
ABL,20190415,0.005,0.006,0.005,0.005,200000
ABP,20190415,3.67,3.67,3.62,3.65,347285
ABR,20190415,0.225,0.23,0.22,0.22,508246
ABT,20190415,0.11,0.11,0.11,0.11,151038
ABV,20190415,0.01,0.01,0.01,0.01,42274
ABX,20190415,0.105,0.11,0.105,0.11,257251
AC8,20190415,0.45,0.46,0.435,0.44,1747587
ACF,20190415,0.385,0.385,0.38,0.385,230177
ACQ,20190415,1.105,1.105,1.08,1.105,79425
ACR,20190415,0.235,0.235,0.23,0.23,60016
ACW,20190415,0.053,0.054,0.052,0.053,1818286
AD1,20190415,0.009,0.011,0.008,0.008,2656128
AD8,20190415,6.6,6.6,6.39,6.42,209421
ADA,20190415,0.765,0.765,0.725,0.725,37280
ADH,20190415,1.675,1.725,1.675,1.725,264859
ADI,20190415,2.84,2.87,2.84,2.86,88074
ADJ,20190415,0.028,0.028,0.028,0.028,882451
ADN,20190415,0.006,0.006,0.005,0.005,1511999
ADO,20190415,0.017,0.018,0.017,0.018,430592
ADR,20190415,0.03,0.03,0.03,0.03,12500
ADT,20190415,1,1,0.925,0.945,359855
ADV,20190415,0.003,0.003,0.003,0.003,40000
ADY,20190415,0.013,0.013,0.013,0.013,21991
AEE,20190415,0.013,0.013,0.012,0.013,1400000
AEF,20190415,2.26,2.27,2.25,2.26,45142
AEG,20190415,0.97,1,0.97,1,521454
AEI,20190415,0.24,0.26,0.235,0.245,534060
AER,20190415,0.06,0.06,0.06,0.06,198025
AFG,20190415,1.23,1.23,1.225,1.23,75931
AFI,20190415,5.9,5.93,5.87,5.91,368031
AFR,20190415,0.012,0.012,0.012,0.012,8334
AGE,20190415,0.003,0.003,0.003,0.003,156250
AGG,20190415,3.65,3.65,3.62,3.65,1316
AGH,20190415,0.485,0.515,0.485,0.495,587245
AGI,20190415,0.8,0.805,0.75,0.76,1199897
AGL,20190415,21.93,22,21.75,21.82,1209400
AGM,20190415,1.83,1.83,1.82,1.82,40000
AGR,20190415,0.17,0.175,0.17,0.175,44121
AGS,20190415,0.092,0.092,0.091,0.091,286050
AGY,20190415,0.092,0.092,0.091,0.092,1630407
AHF,20190415,0.165,0.165,0.165,0.165,617933
AHG,20190415,2.28,2.33,2.27,2.32,1542364
AHL,20190415,0.009,0.01,0.009,0.01,1000000
AHQ,20190415,0.059,0.059,0.059,0.059,142394
AHX,20190415,0.42,0.42,0.42,0.42,13633
AHY,20190415,0.925,0.955,0.92,0.945,698845
AIA,20190415,7.54,7.56,7.51,7.55,74553
AIB,20190415,0.11,0.135,0.11,0.135,6500
AIS,20190415,0.14,0.14,0.125,0.13,392577
AIY,20190415,0.074,0.074,0.072,0.072,111080
AIZ,20190415,2.61,2.64,2.59,2.61,53437
AJC,20190415,0.001,0.001,0.001,0.001,25041667
AJL,20190415,0.16,0.17,0.16,0.16,277947
AJM,20190415,0.13,0.132,0.125,0.13,4371166
AJQ,20190415,0.09,0.09,0.09,0.09,6000
AJX,20190415,0.145,0.15,0.145,0.145,236380
AKG,20190415,0.395,0.4,0.395,0.4,23830
AKM,20190415,0.022,0.023,0.022,0.022,2213191
AKN,20190415,0.002,0.002,0.002,0.002,250000
AKP,20190415,18.9,20.52,18.9,20,14134
ALC,20190415,0.054,0.054,0.053,0.053,2939853
ALF,20190415,0.915,0.915,0.91,0.91,292452
ALG,20190415,1.225,1.25,1.2,1.24,912992
ALI,20190415,2.14,2.14,2.1,2.1,109792
ALK,20190415,0.255,0.257,0.24,0.24,554572
ALL,20190415,25.76,25.86,25.43,25.51,952866
ALQ,20190415,8.08,8.15,8.04,8.11,934665
ALT,20190415,0.004,0.004,0.004,0.004,1000000
ALU,20190415,33,33.11,31.25,32.68,503814
ALX,20190415,7.05,7.05,6.92,6.96,1117743
ALY,20190415,0.013,0.013,0.013,0.013,36926
AMA,20190415,1.17,1.19,1.165,1.185,375741
AMC,20190415,15.78,15.79,15.58,15.66,3040497
AME,20190415,0.037,0.04,0.037,0.04,352285
AMG,20190415,0.14,0.14,0.125,0.125,1485635
AMH,20190415,0.84,0.84,0.84,0.84,39126
AMI,20190415,0.77,0.77,0.73,0.74,6666233
AML,20190415,0.22,0.22,0.21,0.215,146854
AMN,20190415,0.54,0.54,0.54,0.54,15609
AMP,20190415,2.24,2.26,2.2,2.22,8746458
AMS,20190415,1.03,1.03,0.96,0.995,102276
AMT,20190415,0.1,0.1,0.1,0.1,2216
ANG,20190415,0.205,0.205,0.2,0.202,30183
ANL,20190415,0.002,0.002,0.002,0.002,2510015
ANN,20190415,26.18,26.19,25.91,26.11,274212
ANO,20190415,4.2,4.2,3.71,3.82,123456
ANP,20190415,0.045,0.046,0.044,0.045,960750
ANW,20190415,0.012,0.012,0.012,0.012,550000
ANZ,20190415,26.11,26.31,26.11,26.25,3934376
AOF,20190415,2.7,2.74,2.7,2.7,492423
AOG,20190415,1.95,1.96,1.925,1.935,867018
AON,20190415,0.11,0.14,0.11,0.13,261053
AOP,20190415,0.23,0.23,0.23,0.23,77000
APA,20190415,9.59,9.62,9.52,9.55,1645934
APC,20190415,0.082,0.082,0.08,0.081,677544
APD,20190415,0.445,0.445,0.44,0.44,189090
APE,20190415,8.42,8.42,8.33,8.38,61236
API,20190415,1.495,1.5,1.465,1.475,990820
APL,20190415,1.005,1.03,0.995,0.995,862186
APT,20190415,25.46,25.58,24.23,24.99,1859038
APW,20190415,1.4,1.4,1.4,1.4,1246
APX,20190415,24.71,25,24.5,24.86,812434
APZ,20190415,0.95,0.95,0.935,0.935,13700
AQC,20190415,0.57,0.57,0.54,0.55,4929
AQD,20190415,0.015,0.015,0.015,0.015,98718
AQG,20190415,3.65,3.73,3.65,3.68,133753
AQI,20190415,0.031,0.031,0.031,0.031,86692
AQR,20190415,2.98,3,2.98,3,9963
AQS,20190415,0.031,0.031,0.031,0.031,30866
AQX,20190415,0.015,0.016,0.012,0.016,1930187
AQZ,20190415,2.78,2.79,2.69,2.75,28955
AR9,20190415,0.135,0.145,0.135,0.14,1107120
ARB,20190415,17.3,17.41,17.25,17.33,53698
ARE,20190415,0.014,0.014,0.013,0.013,868706
ARF,20190415,2.78,2.8,2.74,2.78,218682
ARG,20190415,7.64,7.67,7.62,7.66,159637
ARL,20190415,0.475,0.48,0.455,0.46,104299
ARQ,20190415,1.8,1.8,1.74,1.74,102757
ARS,20190415,0.025,0.025,0.025,0.025,20000
ARV,20190415,0.055,0.055,0.054,0.055,461879
AS1,20190415,0.175,0.185,0.175,0.185,104615
ASB,20190415,2.42,2.45,2.36,2.42,1059351
ASL,20190415,1.655,1.71,1.65,1.69,1967730
ASN,20190415,0.06,0.06,0.058,0.06,812814
ASP,20190415,0.013,0.013,0.012,0.012,1800000
AST,20190415,1.78,1.78,1.765,1.775,1969574
ASW,20190415,0.7,0.7,0.7,0.7,2995
ASX,20190415,71.78,71.81,70.85,71.15,226073
ATH,20190415,0.05,0.05,0.049,0.049,51000
ATL,20190415,0.995,1.005,0.965,0.965,21719
ATS,20190415,0.26,0.27,0.255,0.27,406405
ATU,20190415,0.34,0.34,0.305,0.305,236291
ATX,20190415,0.12,0.12,0.12,0.12,1105
AU1,20190415,0.125,0.125,0.125,0.125,5
AUB,20190415,12.8,12.82,12.7,12.7,31707
AUC,20190415,0.02,0.02,0.02,0.02,480000
AUI,20190415,8.33,8.33,8.31,8.31,15340
AUL,20190415,0.004,0.004,0.004,0.004,8380164
AUR,20190415,0.029,0.029,0.028,0.028,1800673
AUT,20190415,0.006,0.006,0.006,0.006,1165752
AUZ,20190415,0.025,0.026,0.025,0.026,1339143
AV1,20190415,0.17,0.17,0.16,0.16,165265
AVA,20190415,0.15,0.15,0.14,0.14,38084
AVG,20190415,0.475,0.475,0.47,0.47,39017
AVH,20190415,0.36,0.36,0.335,0.34,5197947
AVJ,20190415,0.505,0.507,0.495,0.505,7741
AVL,20190415,0.021,0.022,0.021,0.021,1427723
AVN,20190415,2.29,2.29,2.27,2.27,232110
AVQ,20190415,0.05,0.052,0.05,0.05,873159
AVZ,20190415,0.043,0.044,0.042,0.043,3383304
AWC,20190415,2.41,2.43,2.38,2.39,11165303
AWV,20190415,0.013,0.013,0.013,0.013,5196
AWY,20190415,0.044,0.046,0.044,0.046,570492
AX1,20190415,1.5,1.505,1.48,1.5,389291
AX8,20190415,0.045,0.045,0.044,0.044,81317
AXE,20190415,0.074,0.077,0.074,0.077,350582
AYK,20190415,18.5,18.5,18.5,18.5,63
AYR,20190415,0.003,0.003,0.002,0.003,5991381
AYS,20190415,0.68,0.68,0.66,0.675,217252
AYZ,20190415,44.6,44.6,44.6,44.6,338
AZJ,20190415,4.65,4.66,4.62,4.65,4751676
AZM,20190415,0.024,0.025,0.024,0.025,758914
AZS,20190415,0.099,0.099,0.099,0.099,5000
AZY,20190415,0.021,0.022,0.02,0.021,23497123
B2Y,20190415,0.115,0.12,0.115,0.12,129911
BAF,20190415,0.84,0.85,0.84,0.85,37511
BAL,20190415,9.85,9.85,9.29,9.31,3181263
BAP,20190415,5.41,5.505,5.38,5.46,1448652
BAR,20190415,0.03,0.03,0.03,0.03,93251
BAT,20190415,0.023,0.024,0.022,0.022,3862346
BAU,20190415,0.053,0.053,0.053,0.053,2969
BBC,20190415,0.69,0.695,0.62,0.62,29102
BBN,20190415,2.36,2.39,2.34,2.35,340061
BBX,20190415,0.33,0.33,0.33,0.33,50000
BC8,20190415,0.19,0.19,0.185,0.185,43636
BCB,20190415,0.023,0.023,0.021,0.021,12796586
BCC,20190415,0.26,0.285,0.26,0.285,124929
BCI,20190415,0.165,0.17,0.155,0.155,421468
BCN,20190415,0.018,0.019,0.018,0.019,2921906
BCT,20190415,0.089,0.089,0.087,0.087,52925
BD1,20190415,0.02,0.02,0.018,0.018,3361725
BDA,20190415,0.31,0.31,0.3,0.3,59631
BDC,20190415,0.043,0.043,0.042,0.042,1026981
BEE,20190415,0.025,0.025,0.025,0.025,11449
BEL,20190415,0.085,0.085,0.085,0.085,361
BEM,20190415,0.068,0.068,0.066,0.066,59448
BEN,20190415,9.63,9.77,9.63,9.75,1096328
BFC,20190415,0.135,0.14,0.13,0.135,161437
BFG,20190415,0.74,0.75,0.735,0.735,289711
BGA,20190415,4.92,4.95,4.87,4.93,416569
BGL,20190415,0.55,0.55,0.535,0.545,643273
BGS,20190415,0.155,0.155,0.155,0.155,99118
BGT,20190415,0.09,0.09,0.09,0.09,118283
BHP,20190415,39.63,39.765,39.37,39.54,3712920
BID,20190415,0.95,0.95,0.9,0.91,190163
BIN,20190415,1.66,1.69,1.66,1.68,3739902
BIQ,20190415,0.05,0.052,0.05,0.05,1028373
BIS,20190415,1.005,1.02,1.005,1.005,66764
BIT,20190415,0.093,0.107,0.093,0.105,9465169
BKI,20190415,1.495,1.5,1.495,1.5,127603
BKL,20190415,91,91.65,89.23,89.7,110703
BKT,20190415,0.08,0.085,0.08,0.08,1176684
BKW,20190415,16.72,16.73,16.45,16.58,169619
BKY,20190415,0.31,0.31,0.295,0.3,29633
BLA,20190415,0.365,0.37,0.34,0.345,366220
BLD,20190415,4.77,4.8,4.705,4.75,3916480
BLG,20190415,0.16,0.16,0.15,0.15,224336
BLK,20190415,0.015,0.015,0.014,0.014,2204784
BLT,20190415,0.135,0.135,0.13,0.13,29184
BLU,20190415,0.054,0.054,0.054,0.054,54950
BLX,20190415,1.11,1.11,1.105,1.105,10403
BLY,20190415,0.003,0.003,0.003,0.003,8910
BMG,20190415,0.009,0.009,0.009,0.009,1868326
BMN,20190415,0.05,0.052,0.048,0.049,2544913
BMT,20190415,0.145,0.15,0.145,0.145,229000
BNO,20190415,0.14,0.145,0.13,0.14,398074
BNR,20190415,0.018,0.018,0.018,0.018,18225
BOC,20190415,0.13,0.13,0.13,0.13,5000
BOE,20190415,0.052,0.052,0.05,0.05,4729580
BOL,20190415,0.155,0.155,0.155,0.155,20000
BOQ,20190415,8.78,8.84,8.76,8.78,3089746
BOT,20190415,0.105,0.11,0.105,0.105,228388
BPP,20190415,0.021,0.021,0.021,0.021,9796
BPT,20190415,2.11,2.16,2.11,2.15,3155694
BRB,20190415,0.395,0.405,0.39,0.405,61107
BRG,20190415,17.91,18,17.62,17.66,101642
BRI,20190415,1.2,1.2,1.2,1.2,15000
BRK,20190415,0.015,0.015,0.014,0.014,157617
BRL,20190415,0.13,0.135,0.13,0.135,45191
BRN,20190415,0.048,0.049,0.046,0.046,3615297
BRU,20190415,0.25,0.25,0.24,0.25,183938
BSA,20190415,0.27,0.27,0.27,0.27,14480
BSE,20190415,0.28,0.285,0.275,0.285,174119
BSL,20190415,13.63,13.73,13.37,13.62,2365272
BSM,20190415,0.012,0.012,0.011,0.011,3348009
BSR,20190415,0.018,0.018,0.018,0.018,1140773
BST,20190415,0.955,0.955,0.91,0.915,76759
BSX,20190415,0.071,0.071,0.07,0.07,39299
BTC,20190415,0.08,0.08,0.08,0.08,9699
BTH,20190415,0.485,0.505,0.45,0.46,3282324
BTI,20190415,0.81,0.82,0.8,0.82,113623
BUB,20190415,0.78,0.8,0.775,0.8,2404009
BUD,20190415,0.08,0.081,0.079,0.079,2587647
BUG,20190415,0.22,0.22,0.22,0.22,1812
BUX,20190415,0.12,0.12,0.12,0.12,5000
BVS,20190415,5.47,5.8,5.47,5.77,1700555
BWF,20190415,0.87,0.875,0.82,0.82,37973
BWP,20190415,3.64,3.64,3.6,3.61,626863
BWR,20190415,1.43,1.43,1.4,1.4,1456
BWX,20190415,2.41,2.44,2.32,2.33,166024
BXB,20190415,11.97,11.98,11.89,11.96,1603522
BXN,20190415,0.021,0.021,0.021,0.021,287934
BYE,20190415,0.31,0.32,0.295,0.295,366123
BYH,20190415,0.065,0.065,0.065,0.065,100000
C6C,20190415,1.09,1.105,1.08,1.105,58358
CAA,20190415,0.13,0.13,0.125,0.125,111423
CAF,20190415,0.097,0.099,0.097,0.099,63266
CAG,20190415,1.04,1.05,1,1.05,28587
CAI,20190415,0.024,0.024,0.024,0.024,675667
CAJ,20190415,0.23,0.235,0.23,0.235,581398
CAM,20190415,0.88,0.88,0.87,0.87,11375
CAN,20190415,2.3,2.57,2.28,2.57,537790
CAP,20190415,0.056,0.056,0.055,0.056,212546
CAR,20190415,13.13,13.13,12.94,13.03,603564
CAT,20190415,1.1,1.12,1.09,1.12,125806
CAZ,20190415,0.025,0.025,0.025,0.025,171407
CBA,20190415,71.94,72.28,71.86,72.19,2279880
CBC,20190415,0.96,0.96,0.96,0.96,20983
CBY,20190415,0.305,0.305,0.29,0.3,115154
CCA,20190415,0.036,0.036,0.036,0.036,52500
CCJ,20190415,0.009,0.009,0.009,0.009,111111
CCL,20190415,8.44,8.54,8.43,8.53,1187626
CCP,20190415,23.8,23.89,23.37,23.46,138726
CCV,20190415,0.155,0.155,0.14,0.14,1222552
CCX,20190415,1.595,1.605,1.595,1.605,122885
CD1,20190415,1.8,1.87,1.8,1.87,50649
CD3,20190415,1.62,1.62,1.62,1.62,12346
CDA,20190415,3.17,3.17,3.14,3.15,59748
CDD,20190415,1.07,1.075,1.055,1.055,109043
CDM,20190415,0.88,0.88,0.87,0.88,449747
CDP,20190415,7.01,7.01,6.81,6.97,3699
CDT,20190415,0.007,0.007,0.007,0.007,6000
CDV,20190415,0.415,0.42,0.415,0.42,267151
CDX,20190415,0.041,0.041,0.04,0.041,1612170
CDY,20190415,0.23,0.23,0.225,0.225,42591
CE1,20190415,0.042,0.044,0.041,0.044,1905787
CEN,20190415,6.39,6.39,6.39,6.39,760
CFO,20190415,0.28,0.28,0.28,0.28,20000
CG1,20190415,0.3,0.3,0.285,0.285,47137
CGA,20190415,0.43,0.43,0.425,0.425,22909
CGC,20190415,5.13,5.23,5.02,5.2,2206652
CGF,20190415,7.77,7.85,7.68,7.8,2137877
CGL,20190415,7.34,7.35,7.21,7.3,29357
CGN,20190415,0.015,0.015,0.014,0.014,108975
CGO,20190415,0.1,0.1,0.1,0.1,93324
CGS,20190415,0.225,0.225,0.225,0.225,1086
CHC,20190415,10.16,10.18,10.04,10.13,1691619
CHK,20190415,0.012,0.012,0.012,0.012,76923
CHN,20190415,0.13,0.135,0.13,0.135,140212
CHZ,20190415,0.05,0.05,0.05,0.05,100000
CIA,20190415,2.37,2.42,2.35,2.35,273588
CIE,20190415,0.76,0.78,0.755,0.78,72851
CII,20190415,1.6,1.6,1.6,1.6,6322
CIM,20190415,49.04,49.28,48.69,48.9,170961
CIN,20190415,31.38,31.38,31,31,1597
CIP,20190415,3.04,3.05,3.03,3.03,148301
CKA,20190415,0.062,0.062,0.062,0.062,1109528
CKF,20190415,7.17,7.23,7.06,7.15,265693
CL1,20190415,1.75,1.82,1.75,1.82,179964
CLA,20190415,0.018,0.019,0.018,0.018,1201005
CLF,20190415,1.305,1.305,1.3,1.3,32750
CLH,20190415,1.26,1.275,1.26,1.27,191700
CLI,20190415,0.039,0.041,0.037,0.037,12166424
CLQ,20190415,0.365,0.395,0.362,0.385,2422657
CLV,20190415,2.02,2.11,2.02,2.04,193923
CLW,20190415,4.55,4.59,4.55,4.58,383442
CLZ,20190415,0.001,0.001,0.001,0.001,1015000
CM8,20190415,0.013,0.014,0.012,0.014,2981208
CMA,20190415,2.53,2.53,2.52,2.53,242819
CMC,20190415,0.04,0.04,0.04,0.04,5395
CMM,20190415,0.082,0.084,0.082,0.083,2175725
CMP,20190415,0.445,0.445,0.42,0.42,38800
CMW,20190415,1.105,1.11,1.105,1.11,2211277
CNI,20190415,1.405,1.41,1.4,1.4,353652
CNU,20190415,5.79,5.79,5.74,5.75,280151
CNW,20190415,0.053,0.055,0.053,0.053,7546042
COB,20190415,0.145,0.155,0.145,0.15,109561
COE,20190415,0.505,0.52,0.5,0.52,2152323
COG,20190415,0.098,0.098,0.098,0.098,70345
COH,20190415,165.58,167.7,164.87,167.59,244375
COI,20190415,0.29,0.3,0.29,0.3,195973
COL,20190415,12.28,12.44,12.245,12.42,1982221
CP1,20190415,0.12,0.12,0.11,0.11,60600
CPH,20190415,0.44,0.46,0.435,0.45,288860
CPU,20190415,17.49,17.64,17.4,17.5,690704
CPV,20190415,0.27,0.27,0.25,0.25,143628
CQE,20190415,3.64,3.67,3.61,3.65,616421
CQR,20190415,4.56,4.58,4.545,4.56,1025246
CR1,20190415,0.25,0.25,0.25,0.25,20000
CRB,20190415,0.031,0.031,0.031,0.031,29152
CRD,20190415,1.015,1.02,0.97,1,236297
CRN,20190415,2.94,2.94,2.86,2.87,142047
CRO,20190415,0.009,0.009,0.009,0.009,1497582
CSL,20190415,197.5,198.2,194.54,195.54,674856
CSR,20190415,3.33,3.45,3.33,3.4,2604235
CSS,20190415,0.965,0.965,0.96,0.96,23967
CSV,20190415,0.185,0.185,0.185,0.185,750
CTD,20190415,25,25.17,24.7,25.07,127941
CTM,20190415,0.006,0.006,0.005,0.006,1000000
CTO,20190415,0.005,0.005,0.005,0.005,990000
CTP,20190415,0.15,0.15,0.147,0.147,593559
CTX,20190415,27.6,27.78,27.18,27.35,1962764
CUP,20190415,0.49,0.49,0.485,0.485,87699
CUV,20190415,26.49,26.5,25.3,25.5,38340
CV1,20190415,0.095,0.096,0.095,0.096,75540
CVF,20190415,0.98,1.01,0.98,1,159624
CVN,20190415,0.44,0.44,0.43,0.43,1651001
CVV,20190415,0.042,0.042,0.04,0.04,193244
CVW,20190415,0.722,0.795,0.722,0.775,139495
CWL,20190415,0.053,0.06,0.053,0.06,442564
CWN,20190415,13.1,13.17,12.91,12.94,2527404
CWP,20190415,5.62,5.73,5.6,5.69,41963
CWX,20190415,0.14,0.15,0.14,0.14,37517
CWY,20190415,2.29,2.32,2.27,2.31,23560782
CXL,20190415,0.71,0.71,0.71,0.71,7001
CXM,20190415,0.11,0.11,0.11,0.11,24000
CXO,20190415,0.056,0.057,0.055,0.056,574433
CXU,20190415,0.025,0.025,0.025,0.025,137492
CXX,20190415,0.083,0.083,0.081,0.081,204030
CXZ,20190415,0.012,0.012,0.012,0.012,55000
CY5,20190415,0.045,0.045,0.045,0.045,2000
CYB,20190415,3.93,3.995,3.93,3.96,3779820
CYG,20190415,0.845,0.845,0.84,0.84,6488
CYL,20190415,2.25,2.25,2.2,2.2,6539
CYP,20190415,1.23,1.245,1.2,1.245,68766
CZI,20190415,0.1,0.105,0.1,0.1,208773
CZL,20190415,0.014,0.015,0.014,0.015,1852219
CZN,20190415,0.004,0.004,0.003,0.003,1177272
D2O,20190415,1.6,1.61,1.6,1.6,44466
DAV,20190415,0.053,0.053,0.051,0.051,176730
DBF,20190415,1.37,1.37,1.37,1.37,4000
DCG,20190415,0.985,1,0.97,0.99,365286
DCL,20190415,0.115,0.115,0.115,0.115,12000
DCN,20190415,2.3,2.3,2.24,2.24,440783
DDR,20190415,4.21,4.29,4.21,4.26,68302
DEG,20190415,0.115,0.115,0.096,0.096,3652177
DEM,20190415,0.14,0.14,0.135,0.135,312500
DEV,20190415,0.039,0.039,0.039,0.039,395834
DFM,20190415,0.91,0.92,0.9,0.915,19884
DHG,20190415,2.78,2.82,2.765,2.8,450248
DHR,20190415,0.007,0.007,0.007,0.007,2118875
DIV,20190415,20.31,20.31,20.31,20.31,290
DJW,20190415,3.15,3.16,3.12,3.13,103909
DLX,20190415,7.57,7.59,7.525,7.57,532753
DMP,20190415,43.26,43.8,42.68,42.75,339045
DNA,20190415,0.089,0.089,0.086,0.086,683247
DNK,20190415,0.8,0.802,0.8,0.8,118317
DOR,20190415,0.068,0.068,0.065,0.066,354616
DOW,20190415,7.64,7.7,7.63,7.66,1088582
DRE,20190415,0.003,0.003,0.003,0.003,83325
DRO,20190415,0.135,0.14,0.135,0.14,475396
DRX,20190415,0.012,0.012,0.012,0.012,235000
DSE,20190415,0.037,0.037,0.037,0.037,100000
DTI,20190415,0.055,0.055,0.053,0.053,82890
DTL,20190415,1.805,1.82,1.8,1.82,567385
DTR,20190415,0.003,0.003,0.002,0.002,4900000
DTS,20190415,0.215,0.225,0.21,0.21,205265
DUB,20190415,0.985,1.01,0.96,0.97,1447609
DUI,20190415,4.08,4.09,4.08,4.09,25980
DVL,20190415,0.062,0.062,0.062,0.062,13804
DVN,20190415,0.16,0.16,0.16,0.16,4777
DWS,20190415,1.04,1.04,1.01,1.015,113438
DXB,20190415,0.086,0.086,0.086,0.086,6429
DXN,20190415,0.06,0.06,0.058,0.058,186406
DXS,20190415,12.97,13.06,12.73,12.82,1936278
DYL,20190415,0.395,0.425,0.395,0.425,225768
E2E,20190415,0.006,0.006,0.005,0.005,1950739
E2M,20190415,0.215,0.215,0.2,0.2,112178
EAF,20190415,1.23,1.23,1.23,1.23,15520
EAI,20190415,0.975,0.99,0.975,0.985,361348
EAR,20190415,0.15,0.157,0.15,0.155,1712263
EAX,20190415,0.31,0.31,0.3,0.31,83166
EBO,20190415,20.01,20.01,20.01,20.01,24
ECG,20190415,0.1,0.1,0.1,0.1,8000
ECX,20190415,0.82,0.835,0.805,0.83,5988283
ED1,20190415,1.62,1.62,1.6,1.6,16000
EDE,20190415,0.041,0.042,0.041,0.041,301982
EEG,20190415,0.018,0.018,0.017,0.017,2452046
EGA,20190415,0.24,0.25,0.23,0.23,163994
EGD,20190415,2.05,2.05,2.03,2.05,70238
EGG,20190415,1.45,1.45,1.44,1.45,10374
EGH,20190415,0.26,0.26,0.255,0.26,4662760
EGI,20190415,0.94,0.94,0.93,0.94,223549
EGN,20190415,0.44,0.445,0.43,0.43,92500
EHE,20190415,2.83,2.88,2.8,2.82,734292
EHH,20190415,0.295,0.295,0.295,0.295,310000
EHL,20190415,1.91,1.945,1.855,1.91,940016
ELD,20190415,6.05,6.145,6.02,6.11,299918
ELO,20190415,5.62,5.63,5.57,5.6,17538
ELS,20190415,0.595,0.65,0.595,0.64,469136
ELT,20190415,0.007,0.007,0.007,0.007,102120
ELX,20190415,0.6,0.6,0.59,0.6,14872
EM1,20190415,0.036,0.036,0.033,0.033,7988443
EM2,20190415,0.205,0.205,0.18,0.18,270750
EMH,20190415,0.39,0.39,0.39,0.39,2958
EML,20190415,1.75,1.75,1.715,1.715,66129
EMP,20190415,0.003,0.003,0.003,0.003,967000
EMR,20190415,0.04,0.04,0.038,0.039,2127254
EMV,20190415,0.395,0.395,0.39,0.39,22918
EN1,20190415,0.046,0.048,0.044,0.044,19569337
ENE,20190415,0.24,0.24,0.24,0.24,320000
ENN,20190415,1.86,1.91,1.86,1.86,136609
ENT,20190415,0.011,0.011,0.011,0.011,78764
EOF,20190415,2.18,2.23,1.95,2,489633
EOS,20190415,2.7,2.75,2.66,2.75,48475
EPD,20190415,0.4,0.4,0.4,0.4,57382
EPW,20190415,1.835,1.835,1.797,1.81,93374
EQT,20190415,26.72,27.22,26.25,26.5,2590
EQX,20190415,0.28,0.28,0.28,0.28,61500
ERA,20190415,0.255,0.255,0.245,0.245,327261
ERG,20190415,0.072,0.072,0.072,0.072,87000
ERM,20190415,0.076,0.076,0.075,0.075,180040
ERX,20190415,0.085,0.085,0.081,0.081,2763871
ESE,20190415,0.025,0.025,0.025,0.025,4500
ESV,20190415,0.1,0.102,0.099,0.1,218801
ETE,20190415,0.012,0.012,0.012,0.012,160000
EUC,20190415,0.026,0.028,0.026,0.027,1420170
EUR,20190415,0.115,0.12,0.115,0.12,412028
EVE,20190415,0.005,0.005,0.005,0.005,2071000
EVN,20190415,3.5,3.505,3.42,3.44,10548383
EVO,20190415,0.27,0.27,0.21,0.25,771185
EVS,20190415,0.17,0.175,0.17,0.17,468838
EVT,20190415,13.98,13.98,13.52,13.56,34734
EVZ,20190415,0.245,0.245,0.245,0.245,1597
EWC,20190415,0.079,0.083,0.078,0.078,152928
EX1,20190415,0.415,0.415,0.39,0.39,122476
EXL,20190415,5.02,5.08,4.78,4.86,672617
EXO,20190415,0.003,0.003,0.003,0.003,377859
EXP,20190415,0.28,0.285,0.265,0.28,312082
EXR,20190415,0.032,0.035,0.031,0.035,1722780
EZL,20190415,1.265,1.33,1.265,1.28,31165
FAR,20190415,0.058,0.059,0.058,0.059,1716449
FAU,20190415,0.021,0.022,0.021,0.022,560000
FBR,20190415,0.079,0.079,0.077,0.077,1531629
FBU,20190415,4.7,4.735,4.68,4.71,853666
FCC,20190415,0.17,0.175,0.17,0.17,2430196
FCT,20190415,0.3,0.3,0.285,0.285,341617
FDM,20190415,0.07,0.07,0.067,0.067,720011
FEX,20190415,0.059,0.06,0.057,0.057,1774622
FFG,20190415,0.015,0.015,0.013,0.013,741119
FGG,20190415,1.385,1.385,1.36,1.37,494248
FGO,20190415,0.007,0.007,0.007,0.007,50000
FGR,20190415,0.17,0.175,0.17,0.175,1087254
FGX,20190415,1.2,1.2,1.185,1.2,183973
FHS,20190415,0.015,0.017,0.015,0.015,1461417
FID,20190415,4.54,4.62,4.54,4.6,21329
FLC,20190415,0.54,0.575,0.535,0.54,808297
FLN,20190415,0.735,0.75,0.7,0.7,51014
FLT,20190415,43.28,43.48,42.64,43.16,247754
FMG,20190415,8.05,8.24,8.05,8.15,9990899
FML,20190415,0.255,0.27,0.255,0.27,65041
FMS,20190415,0.042,0.042,0.04,0.04,481484
FND,20190415,0.22,0.22,0.2,0.2,25931
FNP,20190415,5.2,5.33,5.15,5.28,148735
FNT,20190415,0.009,0.009,0.008,0.008,1601176
FOD,20190415,0.093,0.097,0.091,0.096,2085036
FOR,20190415,1.335,1.34,1.31,1.31,30520
FPC,20190415,0.87,0.875,0.86,0.86,68947
FPH,20190415,14.28,14.46,14.25,14.42,197484
FPL,20190415,0.013,0.013,0.013,0.013,2400000
FRI,20190415,0.83,0.835,0.83,0.835,34569
FRM,20190415,0.33,0.33,0.33,0.33,29437
FRN,20190415,0.015,0.015,0.015,0.015,262001
FRX,20190415,0.039,0.04,0.03,0.04,133328
FSA,20190415,1.06,1.075,1.05,1.075,23912
FSF,20190415,4.01,4.04,3.99,4.04,6207
FSI,20190415,1.735,1.74,1.735,1.74,17241
FTC,20190415,0.053,0.061,0.053,0.06,443021
FTT,20190415,0.004,0.004,0.004,0.004,1376887
FWD,20190415,1.97,1.99,1.95,1.99,10744
FXL,20190415,1.475,1.485,1.45,1.46,465502
FZO,20190415,0.195,0.21,0.195,0.2,416240
FZR,20190415,0.19,0.19,0.19,0.19,19200
G1A,20190415,0.415,0.43,0.395,0.41,762079
G88,20190415,0.072,0.072,0.072,0.072,18570
GAL,20190415,0.135,0.14,0.13,0.14,72418
GAP,20190415,0.32,0.32,0.315,0.32,58823
GAS,20190415,0.87,0.89,0.855,0.855,5369
GBG,20190415,0.026,0.027,0.026,0.026,11133590
GBR,20190415,0.1,0.1,0.095,0.098,427639
GBT,20190415,2.43,2.56,2.42,2.54,1835158
GC1,20190415,0.85,0.85,0.84,0.84,11000
GCI,20190415,2.03,2.04,2.02,2.02,65580
GCM,20190415,1.6,1.6,1.56,1.56,10000
GCY,20190415,0.054,0.054,0.052,0.052,545825
GDF,20190415,1.365,1.37,1.365,1.37,18688
GDI,20190415,1.375,1.39,1.375,1.38,528230
GDX,20190415,31.01,31.01,30.79,30.79,9498
GED,20190415,0.035,0.035,0.035,0.035,51135
GEM,20190415,3.38,3.385,3.235,3.3,1722830
GEV,20190415,0.185,0.185,0.18,0.185,150004
GGE,20190415,0.004,0.004,0.004,0.004,500001
GGG,20190415,0.077,0.079,0.075,0.077,1822475
GGX,20190415,0.004,0.004,0.004,0.004,650000
GID,20190415,0.024,0.024,0.023,0.023,112695
GLA,20190415,0.001,0.001,0.001,0.001,22110000
GLB,20190415,1.805,1.805,1.8,1.8,500
GLL,20190415,0.4,0.4,0.385,0.385,756426
GLN,20190415,0.345,0.37,0.33,0.335,1157718
GLV,20190415,0.003,0.003,0.003,0.003,1475000
GMA,20190415,2.45,2.46,2.42,2.44,169008
GMC,20190415,0.006,0.006,0.005,0.005,12158733
GMD,20190415,0.026,0.026,0.026,0.026,816114
GMG,20190415,13.04,13.1,12.97,13.04,2826210
GML,20190415,0.014,0.014,0.013,0.013,556430
GMR,20190415,0.013,0.013,0.013,0.013,585767
GMV,20190415,0.295,0.325,0.295,0.32,566861
GNC,20190415,9.43,9.45,9.33,9.43,232110
GNE,20190415,2.98,3.025,2.98,3,7644
GNG,20190415,1.04,1.04,1.03,1.03,17389
GNX,20190415,0.24,0.24,0.23,0.23,268135
GOO,20190415,0.083,0.083,0.071,0.071,819089
GOR,20190415,0.935,0.935,0.91,0.935,1011620
GOW,20190415,2.52,2.53,2.52,2.52,15273
GOZ,20190415,4.13,4.15,4.1,4.14,362418
GPP,20190415,0.003,0.003,0.003,0.003,6626666
GPT,20190415,6.02,6.03,5.955,5.96,4648973
GPX,20190415,0.24,0.24,0.23,0.24,185147
GRB,20190415,0.098,0.098,0.096,0.096,957925
GRR,20190415,0.315,0.335,0.315,0.33,3985798
GSN,20190415,0.035,0.035,0.035,0.035,460552
GSS,20190415,1.17,1.17,1.17,1.17,11920
GSW,20190415,0.25,0.25,0.245,0.245,29881
GTE,20190415,0.005,0.005,0.005,0.005,135000
GTG,20190415,0.007,0.007,0.007,0.007,1306800
GTK,20190415,5.22,5.25,5.16,5.17,29707
GTN,20190415,1.29,1.33,1.27,1.33,106877
GUD,20190415,11.41,11.425,11.27,11.32,255821
GVF,20190415,1,1.005,0.98,0.985,384625
GWA,20190415,3.32,3.37,3.31,3.33,336230
GWR,20190415,0.096,0.096,0.091,0.095,32968
GXY,20190415,1.84,1.84,1.805,1.82,1450491
GZL,20190415,6.11,6.11,6.11,6.11,1960
HAS,20190415,0.17,0.175,0.165,0.175,2160345
HAV,20190415,0.155,0.155,0.155,0.155,19200
HAW,20190415,0.062,0.062,0.062,0.062,12794
HCH,20190415,0.03,0.031,0.03,0.03,460821
HE8,20190415,0.155,0.155,0.15,0.155,88000
HFR,20190415,0.645,0.69,0.64,0.69,106203
HGM,20190415,0.008,0.008,0.008,0.008,125000
HGO,20190415,0.083,0.083,0.082,0.083,264054
HHY,20190415,0.046,0.046,0.046,0.046,52209
HIG,20190415,0.105,0.107,0.105,0.107,1237533
HIL,20190415,0.155,0.16,0.155,0.155,82365
HIT,20190415,0.91,0.91,0.87,0.87,20781
HLO,20190415,4.09,4.105,4.05,4.07,111208
HLS,20190415,2.86,2.94,2.85,2.89,1300697
HLX,20190415,0.024,0.025,0.024,0.025,152590
HM1,20190415,2.84,2.86,2.82,2.82,103497
HMD,20190415,0.22,0.22,0.22,0.22,1700
HMX,20190415,0.027,0.03,0.027,0.029,1539985
HNG,20190415,0.41,0.41,0.41,0.41,6150
HNR,20190415,0.013,0.013,0.012,0.012,287777
HOT,20190415,0.17,0.17,0.17,0.17,265000
HPI,20190415,3.28,3.39,3.27,3.39,41800
HPR,20190415,0.056,0.056,0.056,0.056,25000
HRL,20190415,0.11,0.11,0.105,0.105,177605
HRR,20190415,0.63,0.63,0.6,0.6,100094
HSC,20190415,0.022,0.022,0.02,0.02,315000
HSN,20190415,3.02,3.03,3,3.02,150740
HSO,20190415,2.44,2.45,2.44,2.44,4817753
HT1,20190415,1.775,1.84,1.765,1.8,664946
HT8,20190415,0.034,0.034,0.032,0.032,16000
HTA,20190415,0.15,0.175,0.15,0.16,269470
HUB,20190415,14.67,15.19,14.55,14.79,261743
HUO,20190415,4.48,4.52,4.48,4.5,147189
HVN,20190415,3.98,4.02,3.94,4,4229491
HWK,20190415,0.013,0.013,0.013,0.013,218500
HXG,20190415,0.14,0.14,0.14,0.14,13600
HYD,20190415,0.021,0.021,0.02,0.02,607463
HZN,20190415,0.115,0.115,0.115,0.115,4300
HZR,20190415,0.275,0.275,0.275,0.275,30758
IAA,20190415,88.99,89.59,88.7,88.7,18620
IAF,20190415,110.5,110.5,110.25,110.39,14703
IAG,20190415,7.67,7.7,7.6,7.63,3886468
IAM,20190415,0.007,0.007,0.007,0.007,100000
IAU,20190415,0.315,0.33,0.315,0.33,750
IBC,20190415,0.49,0.49,0.49,0.49,63000
IBG,20190415,0.026,0.027,0.025,0.025,546583
IBN,20190415,0.054,0.054,0.053,0.053,770
ICG,20190415,0.004,0.004,0.004,0.004,5216950
ICI,20190415,0.075,0.075,0.07,0.07,41889
ICQ,20190415,0.215,0.215,0.205,0.205,617295
ID8,20190415,0.505,0.55,0.505,0.55,26918
IDX,20190415,2.74,2.83,2.73,2.8,137800
IDZ,20190415,0.026,0.027,0.026,0.026,15070
IEL,20190415,15.85,15.85,15.45,15.49,413931
IEM,20190415,61.9,62.27,61.77,61.86,12642
IEU,20190415,62.39,62.51,62.26,62.4,22191
IFL,20190415,6.54,6.65,6.42,6.49,750189
IFM,20190415,1.65,1.715,1.645,1.7,646271
IFN,20190415,0.48,0.485,0.48,0.485,1372222
IFT,20190415,4.12,4.12,4.12,4.12,467919
IGB,20190415,108.5,108.5,107.92,108.35,3938
IGE,20190415,0.245,0.245,0.225,0.225,77510
IGL,20190415,2.24,2.24,2.2,2.2,139311
IGN,20190415,0.063,0.064,0.062,0.064,189763
IGO,20190415,4.74,4.76,4.685,4.7,1260051
IHD,20190415,13.83,13.83,13.79,13.79,10816
IHL,20190415,0.024,0.024,0.022,0.022,386103
IJH,20190415,273.75,274.65,273.71,274.65,142
IJP,20190415,76.75,77.15,76.75,77.15,3808
IJR,20190415,111.29,111.34,111.1,111.34,1073
IKO,20190415,89.83,90.69,89.83,90.6,919
ILB,20190415,122.19,122.25,121.8,122.16,4604
ILC,20190415,24.5,24.52,24.44,24.51,2933
ILU,20190415,9.02,9.17,8.945,9.13,3225760
IMA,20190415,0.185,0.187,0.185,0.187,207160
IMC,20190415,0.23,0.28,0.23,0.23,601662
IMD,20190415,0.935,0.96,0.93,0.95,616083
IME,20190415,0.024,0.025,0.024,0.025,1294120
IMF,20190415,2.65,2.69,2.63,2.64,197283
IMM,20190415,0.03,0.03,0.028,0.028,4338483
IMS,20190415,0.01,0.01,0.01,0.01,4115
IMU,20190415,0.018,0.018,0.016,0.017,5807204
INA,20190415,3.08,3.12,3.07,3.1,124581
INF,20190415,0.089,0.094,0.089,0.09,301277
ING,20190415,4.3,4.43,4.3,4.41,973031
INP,20190415,0.068,0.07,0.064,0.066,1209209
INR,20190415,0.205,0.205,0.195,0.195,1340312
IOD,20190415,0.027,0.028,0.027,0.028,412108
IOO,20190415,68.1,68.15,67.98,68.03,13946
IOZ,20190415,25.66,25.66,25.57,25.59,52150
IP1,20190415,0.015,0.017,0.015,0.017,55257
IPB,20190415,0.047,0.047,0.046,0.046,574788
IPD,20190415,0.21,0.21,0.205,0.205,456660
IPH,20190415,7.1,7.17,6.955,7,1198842
IPL,20190415,3.24,3.28,3.22,3.27,4610289
IPT,20190415,0.007,0.007,0.007,0.007,78290
IRC,20190415,0.125,0.125,0.125,0.125,50000
IRD,20190415,0.071,0.072,0.056,0.056,63000
IRE,20190415,13.74,13.74,13.53,13.66,216772
IRI,20190415,2.45,2.67,2.45,2.58,1159209
ISD,20190415,0.195,0.197,0.195,0.195,274259
ISO,20190415,5.06,5.08,5.06,5.08,911
ISU,20190415,0.63,0.645,0.61,0.625,211548
ISX,20190415,0.375,0.385,0.37,0.38,1340979
ITW,20190415,50.86,50.86,50.85,50.86,1723
IVC,20190415,14.93,15.11,14.85,14.91,326023
IVE,20190415,92.83,92.92,92.75,92.92,1015
IVO,20190415,0.004,0.004,0.004,0.004,29481126
IVQ,20190415,0.055,0.055,0.055,0.055,4069
IVR,20190415,0.01,0.01,0.01,0.01,100000
IVV,20190415,407.57,407.75,407.2,407.61,4214
IVX,20190415,0.023,0.024,0.021,0.024,593073
IVZ,20190415,0.039,0.039,0.038,0.039,630000
IXI,20190415,71.95,72.04,71.81,72.03,2122
IXJ,20190415,83.58,83.58,83.39,83.56,9147
IXU,20190415,0.09,0.09,0.09,0.09,50001
IZZ,20190415,63.35,64.31,63.35,63.35,6687
JAN,20190415,0.365,0.365,0.35,0.35,187604
JAT,20190415,0.059,0.062,0.057,0.057,8365373
JAY,20190415,0.27,0.27,0.27,0.27,3565
JBH,20190415,25,25.07,24.71,24.99,170695
JCS,20190415,0.03,0.03,0.03,0.03,41741
JDR,20190415,0.011,0.011,0.011,0.011,124000
JHC,20190415,1.43,1.45,1.41,1.42,991404
JHG,20190415,34.25,34.5,34.2,34.43,622305
JHL,20190415,0.036,0.036,0.036,0.036,13358
JHX,20190415,18.39,18.77,18.36,18.69,1221376
JIN,20190415,17.07,17.61,17,17.45,303459
JLG,20190415,1.4,1.46,1.365,1.4,272000
JMS,20190415,0.315,0.325,0.31,0.315,1236027
JPR,20190415,0.036,0.036,0.036,0.036,30000
JRV,20190415,0.22,0.25,0.22,0.235,572902
JXT,20190415,0.26,0.275,0.25,0.25,256261
JYC,20190415,1.445,1.45,1.445,1.45,16158
K2F,20190415,0.12,0.12,0.12,0.12,53716
KAI,20190415,0.018,0.018,0.018,0.018,122390
KAR,20190415,0.99,0.99,0.97,0.985,147001
KAS,20190415,0.071,0.071,0.061,0.061,278728
KCN,20190415,0.275,0.28,0.27,0.27,121440
KDR,20190415,1.33,1.355,1.29,1.355,1755782
KFE,20190415,0.095,0.095,0.092,0.092,297324
KGL,20190415,0.295,0.295,0.295,0.295,143464
KGN,20190415,4.55,4.61,4.24,4.3,1257272
KIN,20190415,0.079,0.079,0.075,0.075,86103
KIS,20190415,0.09,0.09,0.087,0.09,198048
KLA,20190415,44,44.57,43.75,44.5,483
KLL,20190415,0.545,0.555,0.505,0.505,193928
KMD,20190415,2.14,2.14,2.11,2.13,409866
KME,20190415,0.91,0.91,0.91,0.91,1068
KMT,20190415,0.013,0.013,0.013,0.013,100000
KNL,20190415,0.13,0.13,0.13,0.13,280358
KNM,20190415,0.027,0.028,0.027,0.028,526411
KOR,20190415,0.037,0.037,0.036,0.036,35217
KOV,20190415,2.69,2.69,2.66,2.66,3984
KPG,20190415,0.78,0.78,0.76,0.76,19811
KPO,20190415,0.014,0.014,0.014,0.014,326142
KPT,20190415,2.07,2.07,2,2.05,32000
KRM,20190415,0.045,0.046,0.045,0.045,361284
KRR,20190415,0.025,0.025,0.024,0.025,596109
KSC,20190415,1.65,1.65,1.65,1.65,1951
KSL,20190415,1.145,1.152,1.145,1.145,67226
KSM,20190415,2.14,2.14,2.14,2.14,6173
KSN,20190415,0.019,0.02,0.019,0.02,60006
KSS,20190415,0.25,0.255,0.245,0.25,174276
KTD,20190415,0.355,0.365,0.355,0.365,67125
KZA,20190415,0.445,0.465,0.445,0.465,12499
KZR,20190415,0.125,0.13,0.125,0.13,131250
LAA,20190415,0.115,0.115,0.11,0.11,49460
LAU,20190415,0.375,0.375,0.37,0.37,31813
LBL,20190415,0.405,0.405,0.36,0.38,92592
LBT,20190415,0.07,0.07,0.069,0.069,415200
LCK,20190415,0.345,0.35,0.315,0.32,5852562
LCM,20190415,0.17,0.172,0.17,0.17,10323
LCT,20190415,0.037,0.04,0.037,0.038,644771
LEG,20190415,0.029,0.029,0.029,0.029,272161
LEP,20190415,5.01,5.08,5.01,5.04,18499
LER,20190415,0.035,0.035,0.033,0.033,428601
LGD,20190415,0.3,0.3,0.3,0.3,7229
LI3,20190415,0.11,0.11,0.11,0.11,10000
LIC,20190415,5.29,5.295,5.16,5.24,296627
LIN,20190415,0.012,0.014,0.012,0.013,2557705
LIT,20190415,0.082,0.082,0.081,0.081,652716
LKE,20190415,0.06,0.06,0.052,0.053,1050734
LKO,20190415,0.001,0.001,0.001,0.001,8580000
LLC,20190415,12.79,12.89,12.63,12.88,1839309
LLO,20190415,0.66,0.66,0.66,0.66,1842
LML,20190415,0.007,0.007,0.007,0.007,100000
LNG,20190415,0.45,0.455,0.445,0.445,613088
LNK,20190415,7.43,7.47,7.38,7.44,1173864
LNU,20190415,0.039,0.039,0.036,0.036,1775736
LNY,20190415,0.015,0.015,0.013,0.013,8030293
LOM,20190415,0.17,0.17,0.16,0.16,335437
LON,20190415,0.18,0.19,0.18,0.185,308403
LOV,20190415,9.96,10.18,9.66,10.1,203233
LPD,20190415,0.039,0.042,0.039,0.04,47739371
LPE,20190415,0.6,0.6,0.6,0.6,17190
LPI,20190415,0.195,0.2,0.195,0.2,211325
LRM,20190415,0.057,0.057,0.057,0.057,2080
LRS,20190415,0.001,0.001,0.001,0.001,6000000
LSA,20190415,0.008,0.008,0.007,0.008,1689090
LSF,20190415,1.48,1.485,1.455,1.47,722787
LSH,20190415,0.063,0.063,0.063,0.063,5256
LSX,20190415,0.35,0.35,0.35,0.35,33762
LTR,20190415,0.023,0.027,0.023,0.027,28930950
LVH,20190415,0.54,0.55,0.525,0.53,143340
LVT,20190415,0.55,0.595,0.55,0.585,3114243
LYC,20190415,2.05,2.055,1.985,2,3982598
LYL,20190415,4.91,4.95,4.9,4.9,22898
M7T,20190415,0.22,0.22,0.22,0.22,90083
MA1,20190415,0.795,0.795,0.79,0.79,40731
MAG,20190415,0.022,0.022,0.021,0.022,300194
MAH,20190415,0.22,0.22,0.21,0.215,2352320
MAI,20190415,0.63,0.63,0.565,0.57,183795
MAQ,20190415,20.08,20.08,19.96,20.08,711
MAT,20190415,0.14,0.14,0.14,0.14,5000
MAU,20190415,0.3,0.3,0.3,0.3,24000
MAY,20190415,0.015,0.015,0.015,0.015,545000
MBK,20190415,0.01,0.01,0.01,0.01,200000
MBM,20190415,0.098,0.098,0.098,0.098,1786
MCA,20190415,0.17,0.17,0.165,0.165,34702
MCE,20190415,0.37,0.37,0.37,0.37,20205
MCP,20190415,1.08,1.08,1.06,1.06,145626
MCR,20190415,0.485,0.485,0.48,0.485,163284
MCY,20190415,3.7,3.71,3.7,3.71,7078
MDC,20190415,0.37,0.37,0.365,0.37,15536
MDR,20190415,0.046,0.048,0.046,0.047,1656014
MDX,20190415,0.005,0.005,0.005,0.005,100000
MEA,20190415,0.24,0.25,0.24,0.25,17270
MEB,20190415,0.015,0.015,0.014,0.014,1322706
MEC,20190415,0.915,0.92,0.915,0.92,23610
MEI,20190415,0.013,0.013,0.012,0.013,3902157
MEL,20190415,0.044,0.045,0.044,0.045,160149
MEM,20190415,0.021,0.022,0.021,0.022,140000
MEP,20190415,0.046,0.052,0.046,0.052,838747
MEY,20190415,0.11,0.11,0.11,0.11,144776
MEZ,20190415,3.83,3.86,3.8,3.82,22088
MFD,20190415,0.94,0.95,0.93,0.935,52506
MFF,20190415,2.97,3,2.97,2.98,183763
MFG,20190415,40,40.03,39.72,39.85,496542
MGC,20190415,0.31,0.315,0.31,0.315,182915
MGE,20190415,3.54,3.54,3.52,3.53,288599
MGG,20190415,1.7,1.7,1.69,1.7,951275
MGL,20190415,0.026,0.026,0.025,0.025,435657
MGP,20190415,0.125,0.135,0.125,0.135,150000
MGR,20190415,2.85,2.85,2.81,2.84,13804791
MGU,20190415,0.09,0.09,0.09,0.09,52603
MGV,20190415,0.068,0.07,0.068,0.07,267624
MGX,20190415,1.16,1.215,1.16,1.215,3680135
MHC,20190415,0.005,0.005,0.003,0.005,3290172
MHG,20190415,3.25,3.25,3.25,3.25,8000
MHJ,20190415,0.615,0.64,0.61,0.64,22504
MIN,20190415,16.66,16.88,16.59,16.66,731996
MIR,20190415,2.34,2.37,2.34,2.36,64552
MKG,20190415,0.115,0.115,0.115,0.115,30000
MLD,20190415,0.97,0.97,0.94,0.94,256161
MLM,20190415,0.023,0.023,0.023,0.023,2154
MLS,20190415,0.002,0.002,0.001,0.001,10837459
MLT,20190415,4.42,4.44,4.42,4.43,162895
MLX,20190415,0.25,0.285,0.25,0.285,10059252
MMI,20190415,0.155,0.17,0.155,0.16,519740
MMJ,20190415,0.235,0.24,0.23,0.235,310401
MML,20190415,0.395,0.4,0.39,0.39,76046
MMR,20190415,0.005,0.005,0.005,0.005,300000
MMS,20190415,12.63,12.94,12.5,12.82,296338
MNC,20190415,0.002,0.002,0.002,0.002,1171950
MND,20190415,19.18,19.42,19.12,19.34,197404
MNF,20190415,4,4.19,4,4.19,88022
MNS,20190415,0.28,0.28,0.265,0.265,136587
MNY,20190415,1.97,2.05,1.97,2.05,212075
MOC,20190415,0.87,0.88,0.865,0.87,78667
MOD,20190415,0.365,0.365,0.355,0.355,41698
MOE,20190415,4.22,4.35,4.22,4.35,7128
MOH,20190415,0.1,0.1,0.1,0.1,15000
MOQ,20190415,0.205,0.205,0.205,0.205,150000
MOY,20190415,0.16,0.16,0.15,0.15,1494883
MP1,20190415,4.66,4.76,4.61,4.7,454872
MPH,20190415,0.37,0.37,0.35,0.37,334251
MPL,20190415,2.67,2.68,2.645,2.67,4007026
MPP,20190415,0.42,0.42,0.4,0.4,17862
MQG,20190415,133.19,133.19,132.06,132.37,528451
MQR,20190415,0.045,0.045,0.043,0.043,31403
MRC,20190415,0.17,0.17,0.17,0.17,2955
MRD,20190415,0.001,0.001,0.001,0.001,600000
MRG,20190415,0.09,0.09,0.088,0.088,152419
MRM,20190415,0.15,0.155,0.15,0.155,557445
MRP,20190415,0.059,0.064,0.059,0.064,24968
MRR,20190415,0.013,0.013,0.013,0.013,12511
MRV,20190415,0.006,0.006,0.006,0.006,83500
MSB,20190415,1.525,1.59,1.495,1.59,1348035
MSR,20190415,0.003,0.003,0.003,0.003,752344
MSV,20190415,0.065,0.065,0.063,0.064,1970496
MTC,20190415,0.02,0.022,0.02,0.022,62085
MTH,20190415,0.007,0.007,0.006,0.006,683957
MTO,20190415,1.52,1.52,1.505,1.52,11668
MTS,20190415,2.61,2.66,2.61,2.65,1534450
MVA,20190415,23.97,23.97,23.88,23.91,8027
MVB,20190415,25.83,25.83,25.82,25.82,1246
MVE,20190415,27.3,27.37,27.3,27.37,490
MVF,20190415,1.04,1.06,1.04,1.05,372054
MVP,20190415,5.49,5.55,5.32,5.32,238180
MVR,20190415,28.45,28.45,28.41,28.41,4134
MVS,20190415,20.36,20.42,20.36,20.42,5480
MVT,20190415,0.155,0.155,0.155,0.155,634
MVW,20190415,29.25,29.25,29.09,29.15,53382
MWR,20190415,3.2,3.22,3.11,3.22,7868
MWY,20190415,3.55,3.59,3.55,3.56,12484
MX1,20190415,0.345,0.35,0.335,0.34,459626
MXC,20190415,0.042,0.043,0.04,0.042,4994294
MXI,20190415,0.32,0.32,0.305,0.31,202999
MXR,20190415,0.077,0.077,0.077,0.077,4348
MXT,20190415,2.04,2.05,2.03,2.03,521624
MYE,20190415,0.87,0.875,0.76,0.815,250956
MYL,20190415,0.079,0.08,0.078,0.078,2187554
MYO,20190415,3.39,3.4,3.39,3.39,2150251
MYQ,20190415,0.265,0.265,0.25,0.26,50477
MYR,20190415,0.69,0.7,0.685,0.69,1303345
MYS,20190415,4.14,4.2,4.12,4.16,75138
MYX,20190415,0.675,0.68,0.66,0.675,4921593
MZN,20190415,0.003,0.003,0.003,0.003,500000
MZZ,20190415,0.25,0.25,0.24,0.24,70000
N1H,20190415,0.095,0.095,0.095,0.095,10421
N27,20190415,0.056,0.056,0.056,0.056,58000
NAB,20190415,24.8,24.85,24.745,24.83,3662185
NAC,20190415,0.86,0.86,0.85,0.85,1175
NAE,20190415,0.006,0.006,0.006,0.006,1385570
NAG,20190415,0.061,0.061,0.06,0.06,215055
NAN,20190415,4.55,4.6,4.5,4.54,1078098
NBI,20190415,2.06,2.06,2.04,2.05,501051
NBL,20190415,2.9,2.9,2.79,2.79,75802
NCC,20190415,1.06,1.06,1.055,1.055,10278
NCK,20190415,6.11,6.135,6.05,6.07,95214
NCM,20190415,25.16,25.16,24.71,24.9,3437366
NCR,20190415,0.026,0.026,0.026,0.026,209452
NCZ,20190415,0.905,0.905,0.885,0.885,592159
NDQ,20190415,18.44,18.44,18.4,18.43,41528
NEA,20190415,3.3,3.39,3.27,3.28,3696453
NEC,20190415,1.71,1.75,1.695,1.73,8393369
NES,20190415,0.085,0.085,0.081,0.085,38596
NET,20190415,0.09,0.094,0.08,0.082,9621573
NEU,20190415,1.19,1.215,1.18,1.195,72149
NEW,20190415,1.39,1.39,1.385,1.39,92784
NGE,20190415,0.69,0.695,0.68,0.68,107890
NGI,20190415,3.05,3.07,3.035,3.07,150732
NGY,20190415,0.018,0.018,0.018,0.018,100000
NHC,20190415,2.82,2.88,2.81,2.85,1874690
NHF,20190415,5.46,5.525,5.46,5.51,468041
NHL,20190415,0.019,0.019,0.017,0.017,357605
NIC,20190415,0.435,0.435,0.41,0.415,301803
NML,20190415,0.079,0.083,0.077,0.077,1159006
NMT,20190415,0.23,0.235,0.23,0.23,230174
NNW,20190415,0.093,0.093,0.093,0.093,28000
NOR,20190415,0.003,0.003,0.002,0.002,740549
NOV,20190415,0.24,0.24,0.24,0.24,53762
NOX,20190415,0.375,0.375,0.37,0.375,4888
NSC,20190415,0.62,0.62,0.615,0.615,174837
NSR,20190415,1.74,1.755,1.735,1.74,1013881
NST,20190415,9.15,9.2,8.87,8.9,4064364
NTC,20190415,1.085,1.087,1.085,1.085,6649135
NTD,20190415,0.49,0.49,0.465,0.465,167033
NTM,20190415,0.037,0.04,0.037,0.038,1284067
NTU,20190415,0.067,0.071,0.067,0.069,1131476
NUF,20190415,5.05,5.12,4.98,5.06,1886110
NUH,20190415,0.077,0.08,0.077,0.078,4721261
NUS,20190415,0.195,0.195,0.195,0.195,6349
NVA,20190415,0.014,0.014,0.014,0.014,600211
NVL,20190415,1.9,1.9,1.88,1.9,26293
NVO,20190415,0.005,0.005,0.005,0.005,1111521
NVT,20190415,5.77,5.78,5.77,5.78,1144807
NVU,20190415,0.075,0.075,0.075,0.075,42143
NVX,20190415,0.58,0.59,0.58,0.585,60326
NWC,20190415,0.015,0.017,0.015,0.017,157608
NWF,20190415,0.16,0.16,0.16,0.16,154484
NWH,20190415,2.67,2.745,2.67,2.69,1712714
NWL,20190415,8.71,8.85,8.66,8.7,542641
NWS,20190415,17.72,17.815,17.71,17.75,42538
NXT,20190415,5.96,5.98,5.89,5.93,1185515
NZC,20190415,0.31,0.31,0.305,0.305,277907
NZK,20190415,2.69,2.7,2.69,2.69,7045
NZM,20190415,0.505,0.54,0.505,0.535,45408
OBJ,20190415,0.018,0.019,0.018,0.019,1029263
OCC,20190415,0.135,0.135,0.135,0.135,33683
OCL,20190415,2.82,2.88,2.8,2.83,16810
ODA,20190415,0.095,0.095,0.093,0.093,64079
OEC,20190415,0.37,0.375,0.37,0.375,20000
OEL,20190415,0.056,0.057,0.056,0.057,10918715
OEX,20190415,0.004,0.004,0.004,0.004,71378
OFX,20190415,1.565,1.58,1.535,1.54,292675
OGA,20190415,0.175,0.175,0.175,0.175,70000
OGC,20190415,4.19,4.19,4.09,4.09,269329
OIL,20190415,0.034,0.034,0.034,0.034,121392
OKU,20190415,0.18,0.18,0.177,0.18,43080
OLI,20190415,0.029,0.029,0.029,0.029,141666
OLV,20190415,0.022,0.022,0.022,0.022,11730
OMH,20190415,1.185,1.2,1.175,1.175,134854
OML,20190415,3.82,3.87,3.78,3.87,618941
OMN,20190415,0.77,0.81,0.765,0.8,50246
ONE,20190415,0.28,0.28,0.28,0.28,50000
ONT,20190415,6.27,6.29,6.15,6.29,1901
ONX,20190415,0.15,0.155,0.15,0.15,160000
OOO,20190415,17.66,17.72,17.62,17.65,19842
OPH,20190415,2.53,2.55,2.53,2.55,98669
OPN,20190415,0.043,0.043,0.04,0.04,243750
ORA,20190415,3,3.01,2.945,2.97,4330546
ORE,20190415,3.47,3.5,3.38,3.45,858351
ORG,20190415,7.25,7.3,7.23,7.29,4488775
ORI,20190415,18.55,18.55,18.4,18.48,486021
ORR,20190415,0.28,0.28,0.28,0.28,1250
OSH,20190415,8.07,8.14,8.05,8.08,2788653
OSL,20190415,0.051,0.052,0.051,0.052,843687
OSP,20190415,0.15,0.17,0.15,0.15,444824
OTW,20190415,4.94,4.94,4.92,4.92,52964
OVH,20190415,0.455,0.455,0.45,0.455,336032
OVL,20190415,0.002,0.002,0.002,0.002,534840
OVN,20190415,0.23,0.23,0.23,0.23,24344
OVT,20190415,0.084,0.084,0.083,0.083,38235
OZF,20190415,18.93,18.95,18.93,18.95,1411
OZL,20190415,10.6,10.645,10.45,10.58,1679788
OZR,20190415,12.09,12.09,12.09,12.09,14411
P2P,20190415,0.38,0.385,0.38,0.38,74128
PAA,20190415,0.038,0.038,0.036,0.036,553769
PAB,20190415,0.024,0.024,0.023,0.023,159464
PAC,20190415,4.71,4.77,4.64,4.7,31333
PAF,20190415,1.02,1.02,1.015,1.015,52281
PAI,20190415,1.11,1.11,1.105,1.105,60399
PAN,20190415,0.4,0.412,0.385,0.41,2011050
PBP,20190415,1.625,1.625,1.62,1.62,2875
PBX,20190415,0.013,0.013,0.013,0.013,100000
PCG,20190415,2.07,2.07,2.07,2.07,500
PCK,20190415,0.034,0.034,0.031,0.033,593310
PCL,20190415,0.002,0.002,0.002,0.002,77100
PDL,20190415,8.96,9,8.425,8.49,2971588
PDN,20190415,0.145,0.145,0.135,0.14,1332098
PDZ,20190415,0.38,0.38,0.38,0.38,15000
PEA,20190415,0.645,0.645,0.635,0.64,76855
PEK,20190415,0.043,0.043,0.039,0.039,1372162
PEN,20190415,0.275,0.285,0.265,0.275,401724
PET,20190415,0.39,0.39,0.38,0.38,71663
PEX,20190415,0.43,0.43,0.415,0.415,22325
PFP,20190415,3.01,3.09,3.01,3.09,13732
PG1,20190415,0.135,0.135,0.135,0.135,137295
PGC,20190415,0.45,0.45,0.435,0.44,173597
PGF,20190415,1.145,1.16,1.14,1.14,226666
PGH,20190415,2.55,2.59,2.53,2.55,1745917
PGI,20190415,0.019,0.019,0.019,0.019,13772
PGM,20190415,0.065,0.068,0.064,0.068,369857
PGR,20190415,0.195,0.195,0.195,0.195,9300
PGX,20190415,0.375,0.375,0.375,0.375,7447
PIA,20190415,1.09,1.095,1.085,1.095,167882
PIC,20190415,1.005,1.01,0.995,1.005,244431
PIL,20190415,0.013,0.013,0.012,0.012,486197
PIN,20190415,0.13,0.135,0.13,0.135,13713
PIO,20190415,0.014,0.015,0.014,0.014,539022
PIQ,20190415,0.23,0.29,0.23,0.275,426168
PL8,20190415,1.05,1.05,1.035,1.04,222666
PLL,20190415,0.155,0.155,0.15,0.15,235600
PLS,20190415,0.715,0.72,0.705,0.705,3872580
PM8,20190415,0.023,0.023,0.021,0.021,3977145
PMC,20190415,1.6,1.6,1.57,1.57,274931
PME,20190415,17.32,17.5,16.99,17.39,136339
PMV,20190415,16.12,16.12,15.93,15.96,156940
PMY,20190415,0.007,0.008,0.006,0.008,7015955
PNC,20190415,2.05,2.05,1.96,1.97,255836
PNI,20190415,5.55,5.65,5.49,5.58,466402
PNL,20190415,0.135,0.135,0.13,0.13,43125
PNN,20190415,0.003,0.003,0.003,0.003,5207
PNR,20190415,0.25,0.25,0.24,0.24,894763
PNV,20190415,0.915,0.96,0.91,0.96,2294861
PNX,20190415,0.007,0.007,0.007,0.007,1426587
PO3,20190415,4.7,4.7,4.46,4.59,7253
POS,20190415,0.041,0.041,0.039,0.039,1700837
POU,20190415,17.94,17.94,17.94,17.94,400
POW,20190415,0.013,0.013,0.013,0.013,270000
PPC,20190415,0.99,1,0.99,1,33126
PPE,20190415,2.39,2.39,2.32,2.36,42807
PPG,20190415,0.13,0.13,0.12,0.12,921186
PPH,20190415,3.45,3.49,3.31,3.31,55480
PPK,20190415,1.27,1.39,1.27,1.375,87333
PPS,20190415,0.43,0.435,0.41,0.42,3114488
PPT,20190415,43.1,43.19,40.67,41.15,298751
PPY,20190415,0.006,0.006,0.006,0.006,217252
PRO,20190415,0.26,0.265,0.26,0.265,33375
PRT,20190415,0.295,0.295,0.29,0.295,81381
PRU,20190415,0.465,0.465,0.445,0.455,3962496
PRX,20190415,0.084,0.086,0.084,0.084,62504
PRZ,20190415,0.09,0.097,0.09,0.097,94306
PSC,20190415,0.019,0.019,0.018,0.019,1127719
PSQ,20190415,1.15,1.185,1.15,1.185,7036
PSZ,20190415,0.069,0.07,0.069,0.07,268038
PTB,20190415,0.79,0.8,0.78,0.8,243956
PTL,20190415,0.31,0.31,0.3,0.3,49000
PTM,20190415,4.81,4.89,4.7,4.77,1760658
PTR,20190415,0.036,0.036,0.036,0.036,2976
PTX,20190415,0.047,0.047,0.046,0.047,1056423
PUA,20190415,0.034,0.034,0.034,0.034,484489
PUR,20190415,0.022,0.022,0.022,0.022,435809
PVD,20190415,0.015,0.016,0.014,0.016,880927
PVE,20190415,0.037,0.037,0.037,0.037,78851
PVL,20190415,0.053,0.053,0.053,0.053,21929
PVS,20190415,1.48,1.5,1.48,1.5,5500
PWH,20190415,3.95,4.15,3.9,4.07,293917
PXS,20190415,0.305,0.305,0.297,0.3,413868
PYC,20190415,0.024,0.024,0.024,0.024,100000
QAG,20190415,5.68,5.7,5.68,5.7,6520
QAN,20190415,5.68,5.695,5.64,5.67,3427698
QAU,20190415,13.13,13.13,13.1,13.1,9448
QBE,20190415,12.7,12.76,12.65,12.73,2625713
QCB,20190415,8.59,8.59,8.58,8.58,756
QFN,20190415,10.64,10.65,10.63,10.64,7281
QFY,20190415,0.006,0.006,0.006,0.006,1150895
QHL,20190415,0.079,0.08,0.078,0.08,251954
QIP,20190415,1.36,1.38,1.36,1.38,28942
QMS,20190415,0.715,0.715,0.7,0.705,308483
QOZ,20190415,13.34,13.34,13.31,13.31,25625
QRE,20190415,6.67,6.67,6.64,6.64,3373
QRI,20190415,1.63,1.65,1.605,1.605,303889
QTM,20190415,0.025,0.025,0.025,0.025,99587
QUB,20190415,2.83,2.83,2.8,2.82,1967989
QUS,20190415,35.71,35.71,35.68,35.71,897
QVE,20190415,1.035,1.04,1.035,1.035,143731
RAC,20190415,0.077,0.077,0.076,0.076,185478
RAG,20190415,0.012,0.012,0.012,0.012,170196
RAN,20190415,0.03,0.03,0.029,0.029,286780
RAP,20190415,0.125,0.125,0.115,0.12,665019
RBL,20190415,1.215,1.215,1.15,1.18,133116
RBR,20190415,0.023,0.024,0.023,0.024,2009136
RCB,20190415,20.5,20.58,20.49,20.5,27821
RCE,20190415,0.23,0.24,0.23,0.23,458226
RCL,20190415,0.315,0.315,0.315,0.315,11054
RCT,20190415,3,3,3,3,2500
RD1,20190415,0.04,0.04,0.04,0.04,40360
RDC,20190415,1.08,1.1,1.08,1.09,265322
RDF,20190415,0.565,0.565,0.565,0.565,681
RDG,20190415,0.024,0.024,0.024,0.024,7172
RDM,20190415,0.096,0.1,0.096,0.1,328835
RDV,20190415,28.44,28.45,28.43,28.45,710
REA,20190415,76.08,76.4,75.55,76.4,106987
RED,20190415,0.135,0.135,0.13,0.13,752127
REF,20190415,0.021,0.021,0.021,0.021,15140
REG,20190415,3.38,3.4,3.33,3.35,85006
REH,20190415,10.05,10.08,10,10.01,79238
RES,20190415,0.13,0.13,0.13,0.13,162534
REX,20190415,1.44,1.46,1.44,1.455,22382
REY,20190415,0.25,0.27,0.25,0.27,40702
RFF,20190415,2.25,2.26,2.22,2.23,303683
RFG,20190415,0.205,0.21,0.2,0.2,138199
RFN,20190415,0.006,0.006,0.006,0.006,1147328
RFT,20190415,0.056,0.056,0.048,0.051,6983283
RFX,20190415,0.047,0.047,0.044,0.044,1468108
RGB,20190415,22.14,22.14,22.14,22.14,450
RGI,20190415,0.245,0.26,0.24,0.26,202331
RGL,20190415,0.027,0.027,0.027,0.027,49999
RGS,20190415,0.1,0.105,0.1,0.105,171235
RHC,20190415,63.88,63.88,63.44,63.57,236463
RHL,20190415,4.37,4.39,4.37,4.39,59443
RHP,20190415,2.11,2.14,2.11,2.12,405819
RHT,20190415,0.13,0.17,0.13,0.17,8530483
RHY,20190415,0.16,0.16,0.16,0.16,14709
RIC,20190415,1.36,1.395,1.355,1.36,37809
RIM,20190415,0.005,0.005,0.005,0.005,372695
RIO,20190415,100.89,101.265,100.49,100.75,1014836
RKN,20190415,0.75,0.75,0.75,0.75,3930
RLC,20190415,0.004,0.004,0.004,0.004,44403
RLE,20190415,0.084,0.085,0.084,0.085,65929
RMD,20190415,14.18,14.3,14.18,14.25,975113
RMS,20190415,0.815,0.82,0.775,0.775,1591443
RMX,20190415,0.005,0.005,0.005,0.005,180000
RNE,20190415,0.072,0.072,0.068,0.069,198946
RNO,20190415,0.17,0.18,0.17,0.17,102376
RNT,20190415,0.038,0.038,0.038,0.038,189266
RNU,20190415,0.025,0.026,0.024,0.025,8686577
ROG,20190415,0.004,0.004,0.004,0.004,2053736
ROO,20190415,0.081,0.082,0.08,0.082,315936
RRL,20190415,5.03,5.09,4.92,4.97,1835422
RSG,20190415,1.23,1.23,1.185,1.19,5821770
RSH,20190415,0.105,0.105,0.095,0.1,588306
RSM,20190415,20.86,20.91,20.86,20.91,2669
RTE,20190415,0.4,0.4,0.4,0.4,4000
RTG,20190415,0.11,0.11,0.105,0.105,353299
RTR,20190415,0.056,0.06,0.055,0.06,1683545
RUL,20190415,0.595,0.6,0.585,0.585,238707
RVR,20190415,0.205,0.215,0.195,0.21,13853737
RVS,20190415,1.4,1.425,1.31,1.31,31241
RWC,20190415,4.61,4.62,4.525,4.58,2045420
RXH,20190415,0.003,0.003,0.003,0.003,330000
RXL,20190415,0.011,0.011,0.01,0.01,10889805
RXM,20190415,0.069,0.072,0.069,0.072,76518
RXP,20190415,0.435,0.445,0.435,0.445,26969
RZI,20190415,0.57,0.575,0.54,0.575,54600
S2R,20190415,0.075,0.085,0.075,0.076,202524
S32,20190415,3.53,3.56,3.48,3.5,12050317
S66,20190415,0.59,0.6,0.59,0.6,70410
SAR,20190415,2.71,2.73,2.61,2.62,6120945
SAU,20190415,0.145,0.145,0.145,0.145,20444
SBM,20190415,3.26,3.305,3.21,3.25,3399017
SBR,20190415,0.004,0.004,0.004,0.004,20000
SBW,20190415,0.205,0.22,0.2,0.2,123500
SCG,20190415,3.96,3.96,3.93,3.94,7476806
SCI,20190415,0.01,0.01,0.01,0.01,151500
SCP,20190415,2.57,2.57,2.53,2.55,1772483
SCT,20190415,0.125,0.125,0.12,0.12,264750
SCU,20190415,0.019,0.019,0.019,0.019,1
SDA,20190415,3.8,3.94,3.79,3.87,627666
SDF,20190415,3.25,3.25,3.21,3.22,668614
SDG,20190415,1.605,1.61,1.6,1.61,100561
SDI,20190415,0.88,0.88,0.87,0.87,35080
SDV,20190415,0.062,0.062,0.061,0.062,262310
SDX,20190415,0.065,0.065,0.06,0.06,174616
SE1,20190415,0.12,0.12,0.115,0.115,1092181
SEA,20190415,0.415,0.42,0.405,0.41,585449
SEC,20190415,1.71,1.71,1.7,1.7,60062
SEI,20190415,0.028,0.029,0.027,0.028,539999
SEK,20190415,17.77,17.77,17.53,17.65,582094
SEN,20190415,0.063,0.063,0.061,0.061,1004644
SER,20190415,0.007,0.007,0.007,0.007,100000
SES,20190415,0.035,0.035,0.034,0.034,195700
SFC,20190415,13.07,13.08,13.07,13.08,2716
SFG,20190415,0.089,0.09,0.088,0.09,450991
SFL,20190415,0.03,0.03,0.03,0.03,10000
SFR,20190415,7.06,7.235,7.05,7.18,738902
SFX,20190415,0.595,0.615,0.59,0.605,34142
SFY,20190415,57.3,57.37,57.26,57.37,9643
SGF,20190415,2.3,2.33,2.3,2.3,148473
SGH,20190415,2,2,1.95,1.965,16962
SGM,20190415,10.06,10.1,9.97,10.01,1126541
SGP,20190415,3.92,3.94,3.91,3.92,5587130
SGQ,20190415,0.15,0.15,0.15,0.15,71520
SGR,20190415,4.42,4.44,4.4,4.43,5919159
SHJ,20190415,0.68,0.685,0.68,0.685,9253
SHL,20190415,24.38,24.52,24.17,24.49,907906
SHM,20190415,0.615,0.62,0.61,0.61,54330
SHO,20190415,0.08,0.08,0.073,0.078,165780
SHV,20190415,6.77,6.98,6.77,6.93,136861
SIG,20190415,0.51,0.51,0.495,0.5,2390725
SIH,20190415,0.014,0.014,0.014,0.014,200000
SIL,20190415,0.185,0.185,0.17,0.17,208751
SIO,20190415,0.36,0.36,0.355,0.355,5617
SIQ,20190415,7.84,8,7.79,7.94,1287071
SIS,20190415,0.061,0.061,0.055,0.055,332582
SIT,20190415,0.035,0.035,0.03,0.03,667534
SIV,20190415,0.85,0.87,0.835,0.84,114884
SKC,20190415,3.76,3.79,3.75,3.77,396306
SKF,20190415,0.17,0.17,0.165,0.165,278993
SKI,20190415,2.21,2.22,2.18,2.2,3478234
SKN,20190415,0.026,0.026,0.026,0.026,386896
SKO,20190415,3.06,3.08,3.06,3.07,85479
SKT,20190415,1.165,1.185,1.16,1.16,85741
SL1,20190415,0.009,0.009,0.008,0.008,129952
SLC,20190415,1.43,1.46,1.42,1.455,300838
SLF,20190415,13.94,13.94,13.85,13.89,13349
SLK,20190415,3.79,3.9,3.79,3.85,82379
SLR,20190415,0.79,0.795,0.775,0.785,2284983
SLX,20190415,0.445,0.445,0.425,0.425,254750
SM1,20190415,9.91,10.1,9.87,10,63885
SMD,20190415,0.005,0.006,0.005,0.006,171000
SMN,20190415,0.82,0.95,0.81,0.855,343821
SMR,20190415,1.2,1.2,1.14,1.17,222900
SMX,20190415,0.495,0.495,0.47,0.48,66475
SNC,20190415,0.91,0.915,0.91,0.915,3885
SND,20190415,0.325,0.325,0.325,0.325,74000
SNL,20190415,3.42,3.42,3.42,3.42,1860
SNS,20190415,0.12,0.12,0.12,0.12,92265
SNZ,20190415,5.51,5.61,5.51,5.61,860
SO4,20190415,0.59,0.59,0.575,0.575,56930
SOL,20190415,24.52,24.62,24.21,24.28,330718
SOM,20190415,1.75,1.75,1.75,1.75,731
SOP,20190415,0.05,0.05,0.05,0.05,7118
SOR,20190415,0.035,0.036,0.035,0.036,161082
SP3,20190415,0.125,0.125,0.125,0.125,46765
SPB,20190415,0.004,0.004,0.004,0.004,451215
SPK,20190415,3.43,3.45,3.4,3.41,645511
SPL,20190415,1.105,1.115,1.08,1.08,188135
SPO,20190415,1.75,1.75,1.735,1.735,1630
SPT,20190415,1.25,1.25,1.19,1.2,2006538
SPX,20190415,0.026,0.026,0.024,0.024,23000767
SPZ,20190415,0.12,0.125,0.12,0.12,99491
SRG,20190415,0.385,0.385,0.375,0.38,838716
SRH,20190415,0.3,0.305,0.3,0.3,70160
SRK,20190415,0.085,0.085,0.085,0.085,5000
SRO,20190415,0.001,0.001,0.001,0.001,833600
SRS,20190415,0.068,0.069,0.068,0.068,1029819
SRV,20190415,2.71,2.79,2.71,2.77,17958
SSG,20190415,0.395,0.395,0.395,0.395,20000
SSM,20190415,2.3,2.35,2.29,2.3,1134778
ST1,20190415,0.16,0.16,0.15,0.155,272304
STG,20190415,1.4,1.45,1.39,1.45,18977
STM,20190415,0.044,0.045,0.042,0.044,3490519
STO,20190415,7.07,7.13,7.035,7.12,3485099
STW,20190415,58.27,58.3,58.12,58.23,131929
STX,20190415,0.068,0.068,0.065,0.065,455788
SUD,20190415,0.004,0.004,0.004,0.004,626580
SUL,20190415,8.14,8.15,8.04,8.09,395616
SUN,20190415,13.36,13.45,13.31,13.34,1460546
SUP,20190415,0.023,0.023,0.022,0.022,44444
SUR,20190415,0.002,0.002,0.002,0.002,76000
SVD,20190415,0.012,0.012,0.012,0.012,443500
SVL,20190415,0.042,0.042,0.04,0.04,644782
SVM,20190415,0.08,0.08,0.078,0.078,243373
SVT,20190415,0.02,0.02,0.019,0.019,215203
SVW,20190415,18.07,18.14,17.92,18,421860
SVY,20190415,0.285,0.29,0.285,0.29,130110
SW1,20190415,0.17,0.17,0.155,0.155,182004
SWF,20190415,0.088,0.088,0.085,0.085,591184
SWK,20190415,0.21,0.215,0.21,0.215,145258
SWM,20190415,0.525,0.525,0.51,0.51,4923121
SXA,20190415,0.063,0.063,0.063,0.063,73000
SXE,20190415,0.54,0.54,0.527,0.535,349478
SXL,20190415,1.21,1.217,1.177,1.185,4561433
SXY,20190415,0.36,0.365,0.36,0.36,1179909
SYA,20190415,0.018,0.019,0.017,0.018,4631796
SYD,20190415,7.38,7.415,7.37,7.38,2433993
SYI,20190415,28.42,28.42,28.35,28.38,12008
SYR,20190415,1.155,1.165,1.13,1.135,4924401
SYT,20190415,0.009,0.009,0.008,0.008,500000
TAH,20190415,4.89,4.89,4.83,4.86,13158123
TAP,20190415,0.097,0.097,0.097,0.097,129294
TAR,20190415,0.044,0.044,0.044,0.044,55535
TAU,20190415,0.19,0.21,0.19,0.21,177100
TBH,20190415,0.028,0.029,0.028,0.029,81666
TBL,20190415,0.01,0.01,0.009,0.009,956115
TBR,20190415,4.2,4.2,4.2,4.2,1325
TCL,20190415,13.43,13.45,13.34,13.36,4196785
TDO,20190415,0.115,0.115,0.115,0.115,118103
TEG,20190415,0.11,0.115,0.11,0.115,254338
TEK,20190415,0.24,0.245,0.24,0.245,122628
TER,20190415,0.65,0.65,0.625,0.65,352621
TFL,20190415,0.13,0.135,0.13,0.135,23941
TGA,20190415,0.445,0.445,0.44,0.44,135775
TGF,20190415,2.32,2.35,2.3,2.34,23975
TGG,20190415,1.26,1.262,1.26,1.26,120717
TGM,20190415,0.105,0.11,0.105,0.11,154467
TGN,20190415,0.27,0.27,0.265,0.265,348000
TGO,20190415,0.6,0.6,0.6,0.6,8000
TGP,20190415,0.985,0.985,0.98,0.98,21927
TGR,20190415,5,5,4.92,4.99,538026
THC,20190415,0.53,0.54,0.525,0.54,186555
TIA,20190415,0.42,0.42,0.42,0.42,5000
TIE,20190415,0.175,0.185,0.175,0.185,315790
TIG,20190415,0.036,0.036,0.036,0.036,165277
TKL,20190415,0.014,0.014,0.013,0.013,1532059
TLG,20190415,0.63,0.64,0.62,0.62,77619
TLM,20190415,0.084,0.084,0.084,0.084,165003
TLS,20190415,3.33,3.34,3.31,3.34,15112659
TLT,20190415,2.14,2.14,2.14,2.14,2200
TLX,20190415,0.95,0.99,0.93,0.935,434293
TME,20190415,6.07,6.08,6.06,6.08,470156
TMR,20190415,0.225,0.225,0.22,0.22,40000
TMT,20190415,0.195,0.2,0.185,0.185,178699
TNE,20190415,8.62,8.62,8.39,8.53,760746
TNG,20190415,0.085,0.089,0.085,0.088,753758
TNK,20190415,1.685,1.685,1.68,1.68,7790
TNR,20190415,0.014,0.014,0.014,0.014,872551
TNT,20190415,0.053,0.055,0.053,0.055,716012
TNY,20190415,0.61,0.715,0.61,0.715,139967
TOE,20190415,0.025,0.026,0.024,0.024,819376
TON,20190415,0.042,0.042,0.042,0.042,33021
TOP,20190415,0.64,0.64,0.64,0.64,46691
TOT,20190415,1.17,1.17,1.165,1.165,8573
TPD,20190415,0.003,0.003,0.003,0.003,1000000
TPE,20190415,1.335,1.34,1.33,1.34,12475
TPM,20190415,7.06,7.12,6.96,6.96,638791
TPP,20190415,0.072,0.072,0.07,0.07,65356
TPW,20190415,1.7,1.7,1.63,1.68,48932
TRL,20190415,0.003,0.003,0.003,0.003,80000
TRS,20190415,2.49,2.49,2.45,2.45,14307
TRY,20190415,0.097,0.097,0.092,0.092,1321773
TSC,20190415,0.004,0.004,0.004,0.004,2893320
TSL,20190415,0.018,0.018,0.018,0.018,1000000
TSN,20190415,0.008,0.008,0.007,0.007,1629213
TTB,20190415,0.029,0.029,0.029,0.029,125000
TTL,20190415,0.015,0.015,0.015,0.015,16304
TTM,20190415,0.024,0.024,0.023,0.024,181886
TTT,20190415,2.64,2.64,2.49,2.52,154875
TV2,20190415,0.005,0.005,0.005,0.005,3320000
TWD,20190415,3.59,3.59,3.59,3.59,6770
TWE,20190415,15.59,15.875,15.53,15.83,3052511
TWR,20190415,0.67,0.67,0.67,0.67,409
TYM,20190415,0.215,0.22,0.215,0.22,32797
UBA,20190415,21.16,21.16,21.16,21.16,190
UBE,20190415,22.35,22.44,22.35,22.44,3619
UBI,20190415,0.205,0.21,0.205,0.21,145185
UBJ,20190415,23.55,23.55,23.55,23.55,3356
UBN,20190415,0.031,0.031,0.031,0.031,10000
UBP,20190415,27,27.17,26.99,26.99,4322
UBW,20190415,27.22,27.23,27.18,27.18,449
UCM,20190415,0.155,0.155,0.155,0.155,3000
UNV,20190415,0.39,0.39,0.38,0.38,159804
UOS,20190415,0.69,0.7,0.68,0.7,39101
URB,20190415,0.925,0.925,0.925,0.925,12401
URF,20190415,1.18,1.18,1.18,1.18,19634
URW,20190415,12.14,12.19,12.11,12.13,556373
USD,20190415,13.69,13.71,13.67,13.71,145672
UTR,20190415,0.006,0.006,0.006,0.006,50000
UWL,20190415,0.54,0.565,0.52,0.535,4107116
VAE,20190415,67.49,67.85,67.49,67.5,90799
VAF,20190415,50.31,50.31,50.21,50.26,54423
VAH,20190415,0.18,0.182,0.18,0.18,280343
VAL,20190415,0.003,0.004,0.003,0.004,4676667
VAN,20190415,0.18,0.18,0.18,0.18,238220
VAP,20190415,88.02,88.25,87.45,87.45,26100
VAS,20190415,79.28,79.33,79.03,79.13,87147
VCF,20190415,48.21,48.21,47.91,47.91,2458
VCX,20190415,2.52,2.53,2.5,2.51,5228685
VEA,20190415,2.41,2.41,2.37,2.41,1098850
VEC,20190415,0.012,0.016,0.012,0.016,17388294
VEE,20190415,0.565,0.565,0.56,0.56,14856
VEN,20190415,0.15,0.155,0.15,0.155,155000
VEQ,20190415,55.44,55.55,55.42,55.55,3024
VEU,20190415,71.93,72.03,71.8,71.96,12189
VG1,20190415,2.38,2.43,2.38,2.43,200055
VGB,20190415,51.1,51.1,51,51,12483
VGE,20190415,68.2,68.43,68.08,68.13,5500
VGL,20190415,4.68,4.68,4.67,4.67,421
VGS,20190415,73.07,73.12,73,73.12,42955
VHT,20190415,1.76,1.87,1.76,1.84,666880
VHY,20190415,57.9,58,57.83,57.86,13866
VIC,20190415,0.002,0.002,0.002,0.002,220900
VIF,20190415,48.77,48.81,48.65,48.78,12586
VLC,20190415,63.95,63.98,63.95,63.98,298
VLS,20190415,0.85,0.85,0.85,0.85,350
VLW,20190415,2.15,2.18,2.13,2.18,124970
VMC,20190415,0.17,0.17,0.165,0.165,274100
VML,20190415,0.008,0.008,0.008,0.008,846150
VMS,20190415,0.021,0.021,0.021,0.021,22709
VMT,20190415,0.068,0.068,0.068,0.068,13409
VMX,20190415,0.21,0.21,0.21,0.21,4544
VMY,20190415,0.071,0.072,0.07,0.07,441888
VOC,20190415,3.61,3.69,3.6,3.68,1409670
VP7,20190415,0.034,0.035,0.034,0.035,175070
VPR,20190415,0.001,0.001,0.001,0.001,38538
VRC,20190415,0.02,0.02,0.02,0.02,2444380
VRL,20190415,3.35,3.395,3.27,3.38,213471
VRM,20190415,0.03,0.03,0.03,0.03,2339162
VRT,20190415,3.87,4,3.815,3.98,157170
VRX,20190415,0.061,0.061,0.06,0.061,1025662
VSO,20190415,57.39,57.4,57.18,57.27,4843
VTG,20190415,1.72,1.73,1.66,1.725,375123
VTH,20190415,0.95,0.95,0.94,0.94,19790
VTI,20190415,0.08,0.08,0.077,0.077,35976
VTS,20190415,207.45,207.45,207.11,207.38,7299
VVR,20190415,2.51,2.51,2.475,2.49,767620
VXR,20190415,0.235,0.24,0.23,0.23,157564
WAA,20190415,0.985,1.005,0.985,1,37208
WAF,20190415,0.32,0.325,0.315,0.325,1805194
WAM,20190415,2.08,2.09,2.04,2.06,1165896
WAT,20190415,2,2,2,2,2286
WAX,20190415,1.31,1.32,1.29,1.29,249631
WBA,20190415,1.605,1.625,1.55,1.57,61357
WBC,20190415,26,26.14,25.96,26.06,3828360
WBE,20190415,0.004,0.004,0.004,0.004,300000
WBT,20190415,0.47,0.475,0.46,0.47,82600
WCN,20190415,0.006,0.006,0.006,0.006,149870
WEB,20190415,15.88,15.94,15.6,15.78,356536
WEC,20190415,0.094,0.094,0.094,0.094,11402
WEL,20190415,0.036,0.037,0.034,0.035,759721
WES,20190415,34.49,34.7,34.3,34.44,1147567
WGB,20190415,1.925,1.93,1.9,1.91,343713
WGN,20190415,2.2,2.2,2.15,2.18,148270
WGO,20190415,0.092,0.092,0.092,0.092,25000
WGX,20190415,1.325,1.385,1.31,1.36,685031
WHA,20190415,0.77,0.77,0.75,0.75,225984
WHC,20190415,4.1,4.22,4.065,4.21,11406882
WHF,20190415,4.46,4.47,4.44,4.47,16134
WHK,20190415,0.066,0.066,0.063,0.063,399045
WIC,20190415,1.025,1.035,1.025,1.035,3842
WKT,20190415,0.25,0.27,0.245,0.255,3059041
WLD,20190415,0.048,0.05,0.044,0.05,518028
WLE,20190415,1.1,1.105,1.095,1.1,1179092
WMI,20190415,1.21,1.215,1.19,1.195,118055
WML,20190415,0.032,0.032,0.03,0.03,402305
WNB,20190415,0.025,0.025,0.025,0.025,63347
WND,20190415,1,1,1,1,349
WNR,20190415,0.265,0.265,0.265,0.265,188000
WOR,20190415,14.6,14.73,14.55,14.73,826285
WOW,20190415,30.9,31.2,30.86,31.14,1709482
WPL,20190415,35.8,35.96,35.73,35.84,1134136
WPP,20190415,0.595,0.595,0.58,0.59,51550
WQG,20190415,1.135,1.135,1.135,1.135,16000
WSA,20190415,2.31,2.36,2.3,2.32,818576
WSI,20190415,0.022,0.022,0.021,0.022,625407
WTC,20190415,23.15,23.18,22.72,22.91,357378
WWG,20190415,0.325,0.325,0.32,0.32,20000
WWI,20190415,0.01,0.01,0.009,0.009,1633889
WZR,20190415,0.095,0.099,0.092,0.099,2242380
XAM,20190415,0.093,0.095,0.09,0.09,449080
XF1,20190415,0.6,0.6,0.6,0.6,250000
XIP,20190415,2.12,2.12,2.1,2.11,493315
XPD,20190415,0.013,0.013,0.012,0.012,530522
XPE,20190415,0.001,0.002,0.001,0.002,105500
XRF,20190415,0.165,0.165,0.16,0.165,121769
XRO,20190415,52.15,52.23,51.64,51.87,190921
XST,20190415,0.003,0.003,0.003,0.003,20000
XTD,20190415,0.021,0.022,0.021,0.022,291002
XTE,20190415,0.4,0.4,0.4,0.4,20000
YAL,20190415,3.7,3.7,3.54,3.54,9987
YOJ,20190415,0.076,0.076,0.073,0.075,429675
YOW,20190415,0.085,0.085,0.084,0.084,107634
YRL,20190415,0.205,0.205,0.2,0.2,73439
Z1P,20190415,2.55,2.72,2.45,2.7,8107372
ZEL,20190415,5.95,5.95,5.91,5.92,5690
ZEN,20190415,0.62,0.62,0.61,0.61,5474
ZGL,20190415,0.115,0.115,0.115,0.115,4591
ZIM,20190415,8.12,8.12,8.05,8.05,1073
ZIP,20190415,0.014,0.015,0.014,0.015,1040000
ZLD,20190415,0.049,0.05,0.048,0.048,317607
ZMI,20190415,0.088,0.088,0.087,0.087,219631
ZNC,20190415,0.058,0.058,0.058,0.058,6369
ZNO,20190415,0.1,0.1,0.1,0.1,185161
XAF,20190415,6112.9,6124.5,6103.7,6115.2,0
XAO,20190415,6347,6355.3,6334.9,6347.9,0
XAT,20190415,6198,6205.9,6185.5,6198.3,0
XDJ,20190415,2388.3,2392.4,2367.3,2373.7,0
XEC,20190415,1370.9,1377,1369.7,1374.5,0
XEJ,20190415,11229.9,11292.3,11229.9,11290.1,0
XFJ,20190415,5861.2,5895.6,5861.2,5884.2,0
XFL,20190415,6159.1,6171,6150.4,6161.9,0
XGD,20190415,5842.1,5842.1,5662.9,5683.6,0
XHJ,20190415,30551.7,30590.3,30200,30335.9,0
XIJ,20190415,1337.7,1344.5,1323.2,1337.6,0
XJO,20190415,6251.3,6259.4,6238.9,6251.4,0
XJR,20190415,4823.5,4832.8,4804.5,4814,0
XKO,20190415,6203.2,6211.2,6191.1,6203.6,0
XMD,20190415,6721.6,6724.5,6686.9,6714.1,0
XMJ,20190415,13331.8,13351,13258,13285.2,0
XMM,20190415,4408.1,4413.6,4376.7,4386.7,0
XNJ,20190415,6381.2,6383.5,6354.4,6368.1,0
XPJ,20190415,1551.6,1555.8,1543.2,1545.6,0
XSJ,20190415,10993.7,11117.4,10964.5,11112.3,0
XSO,20190415,2806.4,2808.9,2791.1,2802.7,0
XTJ,20190415,1184.8,1189.3,1179.4,1187.9,0
XTL,20190415,3480.4,3490.7,3477.3,3483.8,0
XTO,20190415,5148.1,5155.1,5139.1,5149.3,0
XUJ,20190415,8063.3,8063.3,7971.4,7992.9,0
XXJ,20190415,6537.2,6575.6,6537.2,6562.9,0
