360,20191001,3.6,3.6,3.54,3.54,25156
14D,20191001,0.215,0.215,0.215,0.215,2557
1AD,20191001,0.14,0.15,0.14,0.14,232400
1ST,20191001,0.059,0.063,0.059,0.063,115213
2BE,20191001,0.29,0.295,0.28,0.28,192872
3DP,20191001,0.048,0.048,0.045,0.045,189303
3PL,20191001,0.855,0.87,0.855,0.87,4318
4CE,20191001,0.018,0.019,0.017,0.018,303933
5GN,20191001,0.765,0.78,0.725,0.735,510496
88E,20191001,0.012,0.012,0.012,0.012,980000
9SP,20191001,0.021,0.022,0.019,0.02,22021009
A1G,20191001,0.215,0.215,0.205,0.205,158361
A2B,20191001,1.47,1.475,1.47,1.47,39001
A2M,20191001,12.18,12.46,12.15,12.43,2418291
A3D,20191001,0.32,0.32,0.265,0.27,585177
A4N,20191001,0.185,0.19,0.185,0.185,757351
AAA,20191001,50.07,50.08,50.07,50.07,90030
AAC,20191001,1.04,1.04,1.03,1.04,450231
AAJ,20191001,0.005,0.005,0.005,0.005,200000
AAR,20191001,0.11,0.11,0.096,0.098,2260913
AAU,20191001,0.011,0.011,0.011,0.011,56000
ABA,20191001,5.45,5.53,5.41,5.41,28691
ABC,20191001,3.07,3.155,3.05,3.12,2253079
ABP,20191001,3.92,3.96,3.9,3.95,972621
ABR,20191001,0.31,0.31,0.295,0.305,193502
ABT,20191001,0.06,0.06,0.06,0.06,75000
ABV,20191001,0.026,0.026,0.026,0.026,500000
ABX,20191001,0.105,0.105,0.105,0.105,6905
AC8,20191001,0.355,0.355,0.34,0.34,2393003
ACF,20191001,0.245,0.25,0.245,0.245,177044
ACQ,20191001,1.08,1.08,1.07,1.08,65116
ACR,20191001,0.18,0.18,0.18,0.18,14809
ACW,20191001,0.02,0.051,0.02,0.051,296375854
AD1,20191001,0.019,0.019,0.019,0.019,87851
AD8,20191001,7.63,7.93,7.61,7.93,467171
ADA,20191001,0.445,0.45,0.44,0.45,18598
ADH,20191001,1.89,1.955,1.872,1.92,541790
ADI,20191001,2.9,2.92,2.88,2.89,145288
ADJ,20191001,0.026,0.026,0.026,0.026,394201
ADN,20191001,0.06,0.06,0.049,0.054,50909478
ADO,20191001,0.013,0.013,0.013,0.013,3247615
ADR,20191001,0.027,0.027,0.027,0.027,232026
ADT,20191001,1.055,1.055,1.02,1.04,82714
ADV,20191001,0.003,0.003,0.003,0.003,28000
AEE,20191001,0.009,0.01,0.009,0.01,511200
AEF,20191001,2.39,2.4,2.35,2.4,21163
AEG,20191001,0.935,0.935,0.93,0.93,21734
AEI,20191001,0.26,0.28,0.26,0.28,66299
AFG,20191001,2.2,2.25,2.185,2.2,202341
AFI,20191001,6.39,6.45,6.38,6.42,275753
AFL,20191001,0.17,0.17,0.17,0.17,34653
AFR,20191001,0.014,0.014,0.014,0.014,2900
AGD,20191001,0.08,0.08,0.08,0.08,1375
AGG,20191001,5.67,5.67,5.2,5.3,20787
AGH,20191001,0.74,0.74,0.725,0.73,930226
AGI,20191001,0.775,0.775,0.757,0.775,88219
AGL,20191001,19.14,19.48,19.14,19.48,2009390
AGM,20191001,1.97,1.97,1.97,1.97,91476
AGR,20191001,0.205,0.21,0.2,0.2,197267
AGS,20191001,0.14,0.142,0.14,0.14,243875
AGY,20191001,0.073,0.074,0.073,0.073,615243
AHF,20191001,0.13,0.135,0.13,0.13,103204
AHL,20191001,0.011,0.012,0.011,0.011,3946909
AHQ,20191001,0.14,0.14,0.125,0.13,271165
AHX,20191001,0.47,0.47,0.47,0.47,15717
AHY,20191001,0.975,1.005,0.975,0.995,1505806
AIA,20191001,8.52,8.69,8.5,8.69,146355
AIR,20191001,0.705,0.715,0.705,0.715,2500
AIS,20191001,0.057,0.059,0.057,0.058,194847
AIZ,20191001,2.61,2.64,2.6,2.64,68604
AJC,20191001,0.001,0.001,0.001,0.001,12200000
AJL,20191001,0.125,0.14,0.12,0.12,167022
AJM,20191001,0.072,0.072,0.066,0.068,6302710
AJQ,20191001,0.059,0.059,0.053,0.053,2889921
AJX,20191001,0.125,0.125,0.125,0.125,166566
AKG,20191001,0.69,0.7,0.68,0.69,86671
AKM,20191001,0.013,0.013,0.013,0.013,5382867
AKP,20191001,18.4,18.99,17.9,18,6775
AL8,20191001,0.055,0.055,0.054,0.054,520000
ALC,20191001,0.285,0.29,0.26,0.275,3319683
ALF,20191001,0.965,0.975,0.965,0.97,308652
ALG,20191001,0.97,0.987,0.96,0.96,685781
ALI,20191001,2.34,2.36,2.34,2.35,81240
ALK,20191001,0.715,0.715,0.66,0.675,2709818
ALL,20191001,30.85,31.33,30.73,30.95,2322628
ALQ,20191001,8.06,8.19,8.05,8.11,4751214
ALU,20191001,33.5,34.14,33.16,34.12,797824
ALX,20191001,7.8,7.96,7.8,7.95,2704264
ALY,20191001,0.013,0.013,0.013,0.013,100000
AMC,20191001,14.41,14.52,14.36,14.42,2985303
AMD,20191001,0.008,0.008,0.008,0.008,1500000
AME,20191001,0.038,0.038,0.038,0.038,88841
AMG,20191001,0.105,0.105,0.097,0.098,562336
AMH,20191001,0.885,0.89,0.88,0.89,167694
AMI,20191001,0.455,0.465,0.45,0.455,1389365
AML,20191001,0.16,0.165,0.155,0.155,49452
AMN,20191001,0.56,0.57,0.525,0.55,101990
AMP,20191001,1.81,1.825,1.805,1.825,11813314
AMS,20191001,1.635,1.635,1.6,1.6,356477
AMT,20191001,0.11,0.11,0.11,0.11,49772
ANG,20191001,0.19,0.19,0.185,0.185,137872
ANL,20191001,0.003,0.003,0.003,0.003,7750000
ANN,20191001,27.32,27.74,27.02,27.72,549252
ANO,20191001,5.7,5.89,5.69,5.88,51010
ANP,20191001,0.077,0.078,0.073,0.077,2123293
ANR,20191001,0.23,0.23,0.23,0.23,5000
ANW,20191001,0.003,0.003,0.003,0.003,15119632
ANZ,20191001,28.45,28.67,28.415,28.49,4519383
AO1,20191001,0.008,0.008,0.008,0.008,243429
AOF,20191001,3.02,3.02,3.01,3.02,1029829
AOG,20191001,2.13,2.13,2.12,2.13,9977397
AOP,20191001,0.25,0.255,0.25,0.25,306351
AOU,20191001,0.084,0.085,0.084,0.085,181887
APA,20191001,11.5,11.585,11.33,11.45,2506725
APC,20191001,0.105,0.105,0.105,0.105,340500
APD,20191001,0.53,0.53,0.53,0.53,14428
APE,20191001,14.2,14.22,13.89,14.15,1530380
APG,20191001,0.002,0.002,0.002,0.002,837500
API,20191001,1.35,1.4,1.35,1.4,1956945
APL,20191001,0.955,0.955,0.95,0.955,489458
APT,20191001,35.86,35.87,34.75,35.29,2005912
APV,20191001,0.15,0.155,0.15,0.155,123546
APX,20191001,21.24,21.74,21.12,21.69,730515
APZ,20191001,1.21,1.21,1.2,1.2,23180
AQC,20191001,0.13,0.13,0.105,0.11,127000
AQD,20191001,0.017,0.021,0.017,0.018,2652974
AQG,20191001,6.08,6.08,5.88,5.96,231345
AQI,20191001,0.075,0.075,0.07,0.07,747977
AQR,20191001,3.34,3.37,3.29,3.37,82831
AQX,20191001,0.039,0.04,0.037,0.037,9008279
AQZ,20191001,2.31,2.37,2.31,2.35,104022
AR9,20191001,0.135,0.135,0.135,0.135,49629
ARB,20191001,19.03,19.59,19.01,19.59,252069
ARD,20191001,0.019,0.019,0.017,0.017,1637462
ARE,20191001,0.005,0.005,0.005,0.005,1264498
ARF,20191001,2.88,2.97,2.87,2.93,342297
ARG,20191001,8.22,8.28,8.2,8.24,144236
ARL,20191001,0.535,0.55,0.515,0.53,193719
ARM,20191001,0.012,0.012,0.012,0.012,347397
ARN,20191001,0.16,0.17,0.15,0.16,227088
ARQ,20191001,0.385,0.385,0.36,0.365,645836
ARS,20191001,0.022,0.022,0.022,0.022,2818215
ARU,20191001,0.083,0.085,0.082,0.083,3072731
ARV,20191001,0.038,0.04,0.038,0.04,373090
AS1,20191001,0.2,0.205,0.2,0.205,38432
ASB,20191001,4.34,4.46,4.3,4.44,1737153
ASG,20191001,1.695,1.695,1.6,1.68,46916
ASH,20191001,0.35,0.36,0.35,0.355,126891
ASL,20191001,2.23,2.28,2.19,2.28,3693801
ASN,20191001,0.038,0.04,0.038,0.04,607108
ASP,20191001,0.011,0.012,0.011,0.012,550000
AST,20191001,1.83,1.83,1.81,1.83,5554415
ASX,20191001,80.6,82.1,80.33,82.1,280222
ATC,20191001,0.13,0.13,0.125,0.13,312571
ATH,20191001,0.032,0.033,0.032,0.033,60000
ATL,20191001,0.47,0.48,0.47,0.48,130725
ATP,20191001,0.008,0.008,0.008,0.008,250000
ATS,20191001,0.175,0.175,0.172,0.175,252889
ATU,20191001,0.345,0.35,0.345,0.35,48533
ATX,20191001,0.082,0.09,0.082,0.09,128992
AU8,20191001,0.125,0.13,0.12,0.125,855196
AUB,20191001,11.68,11.69,11.39,11.59,105873
AUC,20191001,0.02,0.02,0.02,0.02,732067
AUH,20191001,0.007,0.007,0.005,0.005,847010
AUI,20191001,9.29,9.35,9.29,9.35,4105
AUL,20191001,0.003,0.003,0.003,0.003,5807426
AUQ,20191001,0.02,0.02,0.02,0.02,100000
AUR,20191001,0.013,0.013,0.013,0.013,305400
AUT,20191001,0.008,0.008,0.007,0.008,2971546
AUZ,20191001,0.026,0.027,0.024,0.024,16328931
AV1,20191001,0.135,0.135,0.135,0.135,272805
AVA,20191001,0.115,0.115,0.11,0.11,95943
AVC,20191001,0.19,0.19,0.19,0.19,11812
AVE,20191001,0.006,0.006,0.005,0.005,8880000
AVG,20191001,0.5,0.5,0.5,0.5,14684
AVH,20191001,0.585,0.6,0.582,0.585,5349776
AVJ,20191001,0.57,0.575,0.565,0.575,263289
AVL,20191001,0.011,0.012,0.011,0.011,2640117
AVN,20191001,2.66,2.71,2.655,2.7,1402856
AVZ,20191001,0.047,0.047,0.046,0.046,795331
AWC,20191001,2.37,2.43,2.36,2.42,14329955
AWV,20191001,0.012,0.012,0.012,0.012,151457
AWY,20191001,0.036,0.037,0.036,0.037,164027
AX1,20191001,1.7,1.705,1.65,1.68,1157304
AXE,20191001,0.155,0.155,0.15,0.15,307295
AXT,20191001,0.013,0.013,0.013,0.013,8100
AYF,20191001,6.02,6.02,6.02,6.02,655
AYR,20191001,0.003,0.003,0.003,0.003,80000
AYS,20191001,0.305,0.31,0.29,0.31,2911050
AZI,20191001,0.005,0.005,0.005,0.005,989734
AZJ,20191001,5.92,6.025,5.91,6,6398730
AZM,20191001,0.028,0.028,0.028,0.028,3404875
AZY,20191001,0.016,0.016,0.015,0.016,665249
BAF,20191001,0.775,0.795,0.775,0.78,148444
BAL,20191001,12.99,13.01,12.89,12.95,645400
BAP,20191001,7.37,7.445,7.25,7.38,1477403
BAS,20191001,0.003,0.003,0.002,0.003,14000000
BAT,20191001,0.009,0.009,0.009,0.009,2681493
BBC,20191001,0.66,0.66,0.64,0.66,132309
BBL,20191001,0.46,0.46,0.46,0.46,150
BBN,20191001,3.55,3.64,3.52,3.63,699572
BBX,20191001,0.19,0.19,0.19,0.19,20343
BCB,20191001,0.068,0.068,0.063,0.063,1285845
BCC,20191001,0.2,0.2,0.19,0.19,342160
BCI,20191001,0.185,0.19,0.185,0.185,309757
BCN,20191001,0.047,0.048,0.046,0.046,2875001
BCT,20191001,0.17,0.17,0.165,0.17,977619
BD1,20191001,0.044,0.047,0.042,0.047,16711417
BDA,20191001,0.45,0.45,0.44,0.44,850853
BDC,20191001,0.1,0.105,0.097,0.097,6424004
BEE,20191001,0.024,0.024,0.021,0.021,100047
BEL,20191001,0.056,0.056,0.053,0.053,128313
BEM,20191001,0.05,0.05,0.05,0.05,550443
BEN,20191001,11.46,11.57,11.38,11.57,1531752
BET,20191001,0.089,0.094,0.088,0.094,556929
BFC,20191001,0.11,0.11,0.11,0.11,10000
BFG,20191001,0.92,0.92,0.91,0.91,100580
BGA,20191001,4.54,4.79,4.5,4.79,1029674
BGL,20191001,0.605,0.605,0.577,0.585,1835733
BGT,20191001,0.17,0.17,0.16,0.17,344223
BHP,20191001,36.59,37.02,36.46,37,4718201
BID,20191001,0.65,0.65,0.605,0.605,90280
BIN,20191001,2.21,2.22,2.16,2.2,2032567
BIQ,20191001,0.039,0.039,0.039,0.039,15897
BIS,20191001,1.03,1.04,1.03,1.04,26385
BIT,20191001,0.073,0.096,0.073,0.084,31209833
BKI,20191001,1.61,1.62,1.605,1.62,184788
BKL,20191001,85.55,86.12,84.03,85.1,97318
BKT,20191001,0.064,0.067,0.058,0.058,1395668
BKW,20191001,17.68,18.09,17.66,18,223143
BKY,20191001,0.27,0.27,0.26,0.26,92743
BLD,20191001,4.83,4.9,4.76,4.79,7285234
BLG,20191001,0.145,0.145,0.145,0.145,98168
BLK,20191001,0.011,0.011,0.01,0.01,40362623
BLT,20191001,0.055,0.063,0.053,0.057,2890896
BLU,20191001,0.041,0.041,0.041,0.041,138350
BLX,20191001,1.195,1.2,1.18,1.18,31073
BLY,20191001,0.007,0.007,0.006,0.007,7887636
BLZ,20191001,0.025,0.025,0.025,0.025,191274
BMG,20191001,0.005,0.005,0.004,0.004,420148
BMN,20191001,0.045,0.047,0.044,0.045,20045033
BNL,20191001,0.005,0.005,0.005,0.005,666
BNO,20191001,0.14,0.14,0.115,0.12,8530838
BNR,20191001,0.026,0.026,0.026,0.026,4969
BOC,20191001,0.112,0.112,0.11,0.11,15000
BOE,20191001,0.06,0.062,0.059,0.062,28974102
BOL,20191001,0.165,0.165,0.165,0.165,597132
BOQ,20191001,9.9,9.95,9.84,9.9,1861227
BOT,20191001,0.25,0.255,0.235,0.235,5860125
BPH,20191001,0.002,0.002,0.001,0.001,5525000
BPL,20191001,0.025,0.025,0.025,0.025,77250
BPT,20191001,2.51,2.54,2.455,2.54,8027337
BRB,20191001,0.28,0.28,0.275,0.275,220410
BRG,20191001,16.1,16.4,15.88,16.32,281745
BRI,20191001,1.21,1.22,1.21,1.215,11338
BRK,20191001,0.009,0.009,0.009,0.009,1278050
BRL,20191001,0.095,0.095,0.09,0.09,166695
BRN,20191001,0.048,0.048,0.045,0.047,6108326
BRU,20191001,0.26,0.26,0.255,0.255,149940
BRV,20191001,0.019,0.019,0.018,0.018,1916493
BSA,20191001,0.44,0.45,0.435,0.435,71051
BSE,20191001,0.25,0.25,0.245,0.245,16178340
BSL,20191001,12.01,12.27,11.94,12.13,3105527
BSM,20191001,0.009,0.009,0.009,0.009,69000
BSR,20191001,0.015,0.015,0.014,0.015,1426666
BST,20191001,0.99,0.99,0.97,0.97,6046
BSX,20191001,0.155,0.155,0.15,0.15,457475
BTH,20191001,0.56,0.57,0.555,0.57,610916
BTI,20191001,0.93,0.93,0.92,0.92,30998
BUB,20191001,1.35,1.35,1.3,1.315,1998926
BUD,20191001,0.021,0.021,0.021,0.021,971975
BUY,20191001,0.004,0.004,0.004,0.004,20534
BVS,20191001,4.09,4.185,4.06,4.16,829323
BWP,20191001,3.98,4.02,3.97,4,1249970
BWR,20191001,1.33,1.33,1.31,1.32,102275
BWX,20191001,3.85,4.02,3.74,3.99,609545
BXB,20191001,11.5,11.555,11.41,11.52,2629167
BYE,20191001,0.36,0.36,0.32,0.325,1472688
BYH,20191001,0.077,0.077,0.077,0.077,20000
BYI,20191001,1,1,1,1,3030
C6C,20191001,0.76,0.76,0.76,0.76,2834
CAA,20191001,0.115,0.115,0.115,0.115,345159
CAE,20191001,0.015,0.015,0.015,0.015,6500
CAF,20191001,0.12,0.12,0.12,0.12,20000
CAG,20191001,0.82,0.835,0.82,0.835,25246
CAI,20191001,0.025,0.027,0.025,0.027,5215075
CAJ,20191001,0.23,0.232,0.23,0.23,46280
CAM,20191001,0.935,0.94,0.93,0.93,223195
CAN,20191001,1.575,1.575,1.52,1.545,1066803
CAP,20191001,0.041,0.042,0.041,0.041,38754
CAR,20191001,15.46,15.84,15.39,15.82,1197011
CAT,20191001,1.46,1.46,1.405,1.45,435586
CAY,20191001,0.15,0.15,0.14,0.15,347224
CAZ,20191001,0.046,0.046,0.046,0.046,3570950
CBA,20191001,80.96,81.36,80.12,81.28,2799927
CCA,20191001,0.47,0.52,0.3,0.32,9804681
CCG,20191001,0.061,0.063,0.061,0.063,357274
CCL,20191001,10.73,10.79,10.6,10.74,2420134
CCP,20191001,30.2,30.32,29.86,30,200514
CCV,20191001,0.14,0.145,0.14,0.145,318527
CCX,20191001,2.55,2.62,2.51,2.56,1490286
CCZ,20191001,0.022,0.022,0.022,0.022,151237
CD3,20191001,1.58,1.58,1.58,1.58,10000
CDA,20191001,5.54,5.72,5.53,5.68,636028
CDD,20191001,1.105,1.12,1.07,1.07,848518
CDM,20191001,0.815,0.82,0.81,0.81,256563
CDP,20191001,6.51,6.51,6.5,6.5,1513
CDT,20191001,0.009,0.009,0.009,0.009,200000
CDV,20191001,0.42,0.42,0.39,0.39,787331
CDX,20191001,0.028,0.028,0.028,0.028,357396
CDY,20191001,0.24,0.245,0.235,0.235,29180
CE1,20191001,0.009,0.009,0.009,0.009,2859793
CEL,20191001,0.039,0.04,0.038,0.04,783897
CEN,20191001,7.97,8.35,7.97,8.32,755
CFE,20191001,0.004,0.004,0.004,0.004,90000
CGB,20191001,0.03,0.03,0.028,0.028,12672608
CGC,20191001,3.75,3.77,3.65,3.73,1910395
CGF,20191001,7.37,7.44,7.35,7.37,2017785
CGL,20191001,3.64,3.64,3.54,3.6,177876
CGN,20191001,0.016,0.016,0.016,0.016,107130
CGO,20191001,0.19,0.2,0.19,0.2,10400
CGR,20191001,0.475,0.475,0.47,0.47,84058
CGS,20191001,0.25,0.295,0.25,0.295,75679
CHC,20191001,11.7,11.92,11.64,11.9,1420584
CHK,20191001,0.015,0.015,0.015,0.015,2769840
CHN,20191001,0.21,0.21,0.2,0.2,643549
CHZ,20191001,0.067,0.067,0.067,0.067,14000
CIA,20191001,2.48,2.54,2.47,2.51,367876
CIE,20191001,0.845,0.85,0.84,0.84,49850
CIM,20191001,31.69,32.45,31.485,31.74,757314
CIN,20191001,31.6,31.6,31.5,31.5,3775
CIO,20191001,0.004,0.004,0.004,0.004,2220000
CIP,20191001,3.25,3.25,3.21,3.22,269071
CKF,20191001,9.98,10.11,9.9,10.1,339544
CL1,20191001,1.45,1.51,1.45,1.5,96447
CL8,20191001,0.011,0.011,0.011,0.011,3010569
CLA,20191001,0.017,0.017,0.017,0.017,3285098
CLF,20191001,1.27,1.28,1.27,1.28,13500
CLH,20191001,1.285,1.287,1.26,1.27,459282
CLI,20191001,0.058,0.06,0.058,0.06,764696
CLQ,20191001,0.305,0.307,0.305,0.305,487547
CLT,20191001,0.18,0.18,0.18,0.18,220000
CLV,20191001,2.98,3.05,2.95,3,425057
CLW,20191001,5.74,5.77,5.71,5.77,938324
CLZ,20191001,0.004,0.004,0.003,0.003,21023750
CM8,20191001,0.023,0.023,0.022,0.022,454900
CMA,20191001,3.03,3.07,3.02,3.05,473149
CMM,20191001,0.23,0.23,0.205,0.22,10704802
CMP,20191001,0.615,0.62,0.58,0.58,50466
CMW,20191001,1.27,1.28,1.26,1.275,5245031
CNB,20191001,0.155,0.155,0.115,0.12,1641905
CNI,20191001,2.21,2.25,2.195,2.23,2320552
CNU,20191001,4.69,4.79,4.67,4.79,870703
CNW,20191001,0.04,0.041,0.04,0.041,1438196
COB,20191001,0.15,0.15,0.15,0.15,35000
COE,20191001,0.585,0.585,0.555,0.575,5447923
COG,20191001,0.089,0.091,0.089,0.091,794463
COH,20191001,209.06,213.5,208.88,213.5,132430
COI,20191001,0.265,0.27,0.26,0.26,387373
COL,20191001,15.44,15.61,15.355,15.57,2559662
COO,20191001,0.038,0.038,0.035,0.035,190800
CP1,20191001,0.14,0.15,0.14,0.15,22213
CPU,20191001,16.13,16.19,15.96,16.07,2389051
CPV,20191001,0.185,0.185,0.185,0.185,11500
CQE,20191001,3.57,3.69,3.57,3.64,425986
CQR,20191001,4.28,4.33,4.27,4.32,1579997
CRD,20191001,2.2,2.2,2.19,2.2,555077
CRL,20191001,0.024,0.024,0.024,0.024,474464
CRN,20191001,2.35,2.36,2.28,2.31,394459
CRO,20191001,0.008,0.008,0.008,0.008,5100
CRS,20191001,0.13,0.13,0.125,0.125,250000
CSE,20191001,0.044,0.044,0.04,0.04,40000
CSL,20191001,234.46,238.57,233.89,238.4,634729
CSR,20191001,4.24,4.31,4.23,4.27,2496903
CSS,20191001,0.88,0.88,0.865,0.88,214709
CSV,20191001,0.225,0.225,0.225,0.225,81628
CTD,20191001,19.18,19.24,18.77,18.86,461000
CTM,20191001,0.015,0.015,0.014,0.015,12514744
CTO,20191001,0.005,0.005,0.005,0.005,85500
CTP,20191001,0.18,0.18,0.175,0.175,106931
CTX,20191001,26.34,26.59,26.06,26.32,1118725
CUE,20191001,0.12,0.12,0.115,0.115,22236
CUL,20191001,0.014,0.014,0.014,0.014,54545
CUP,20191001,0.96,0.98,0.96,0.98,176705
CUV,20191001,24.89,24.94,24.12,24.79,184804
CUX,20191001,0.007,0.009,0.007,0.007,2281738
CV1,20191001,0.145,0.145,0.145,0.145,178448
CVF,20191001,1.04,1.05,1.04,1.05,133335
CVL,20191001,0.39,0.39,0.38,0.38,6500
CVN,20191001,0.385,0.385,0.37,0.385,5427522
CWN,20191001,12.14,12.32,12.095,12.26,1681106
CWP,20191001,6.95,6.97,6.76,6.83,62908
CWX,20191001,0.22,0.225,0.2,0.205,661030
CWY,20191001,1.965,2.01,1.955,1.995,7275840
CXL,20191001,0.755,0.76,0.75,0.76,49265
CXM,20191001,0.105,0.105,0.1,0.105,88545
CXO,20191001,0.041,0.041,0.039,0.04,425956
CXU,20191001,0.016,0.016,0.016,0.016,657
CXZ,20191001,0.019,0.019,0.019,0.019,295696
CY5,20191001,0.056,0.056,0.056,0.056,146012
CYB,20191001,2.08,2.13,2.07,2.12,3342848
CYC,20191001,1.16,1.2,1.15,1.2,6377
CYG,20191001,1.04,1.05,1.04,1.05,5943
CYL,20191001,2.49,2.49,2.43,2.45,35261
CYP,20191001,1.6,1.62,1.56,1.56,124673
CZI,20191001,0.084,0.085,0.084,0.085,460952
CZL,20191001,0.011,0.011,0.01,0.01,3932205
CZN,20191001,0.002,0.003,0.002,0.003,550000
CZR,20191001,0.009,0.009,0.009,0.009,464185
D2O,20191001,1.4,1.405,1.39,1.4,72675
DCC,20191001,0.03,0.03,0.029,0.029,197859
DCG,20191001,0.885,0.9,0.842,0.85,174690
DCL,20191001,0.06,0.063,0.06,0.063,90692
DCN,20191001,1.36,1.36,1.305,1.33,1864289
DDD,20191001,0.002,0.002,0.002,0.002,1200000
DDR,20191001,7.95,7.95,7.76,7.9,53791
DEG,20191001,0.057,0.059,0.056,0.059,6259465
DEM,20191001,0.25,0.26,0.24,0.245,405563
DEV,20191001,0.088,0.09,0.087,0.09,251797
DGO,20191001,0.82,0.82,0.82,0.82,480
DGR,20191001,0.081,0.081,0.08,0.08,250000
DHG,20191001,3.4,3.6,3.39,3.53,2127966
DHR,20191001,0.005,0.005,0.004,0.004,708619
DIV,20191001,22.57,22.57,22.56,22.56,631
DJW,20191001,3.54,3.55,3.52,3.55,56472
DKM,20191001,0.21,0.22,0.21,0.22,100462
DME,20191001,0.19,0.19,0.19,0.19,15000
DMP,20191001,46.62,47.98,46.49,47.88,273058
DN8,20191001,0.265,0.265,0.265,0.265,80000
DNA,20191001,0.065,0.067,0.065,0.065,3887369
DNK,20191001,0.64,0.65,0.63,0.64,90737
DOR,20191001,0.045,0.045,0.045,0.045,99912
DOW,20191001,7.83,7.85,7.71,7.83,1400832
DRE,20191001,0.007,0.008,0.007,0.008,2796076
DRO,20191001,0.37,0.39,0.347,0.36,4168949
DRX,20191001,0.009,0.009,0.009,0.009,3074052
DSE,20191001,0.031,0.032,0.031,0.031,261333
DTL,20191001,2.99,3.12,2.975,3.1,1169305
DTM,20191001,0.007,0.007,0.007,0.007,168571
DTS,20191001,0.16,0.16,0.16,0.16,6125
DUB,20191001,1.595,1.63,1.575,1.6,265956
DUI,20191001,4.68,4.7,4.68,4.7,71338
DVN,20191001,0.16,0.16,0.16,0.16,27904
DW8,20191001,0.007,0.007,0.007,0.007,1337057
DWS,20191001,1.045,1.055,1.04,1.04,85117
DXB,20191001,0.097,0.105,0.097,0.105,337062
DXN,20191001,0.069,0.07,0.069,0.069,445579
DXS,20191001,12,12.28,11.96,12.24,5298453
DYL,20191001,0.3,0.3,0.3,0.3,16750
E25,20191001,0.195,0.2,0.195,0.2,8717
EAF,20191001,1.26,1.26,1.26,1.26,26476
EAI,20191001,0.92,0.92,0.92,0.92,26000
EAR,20191001,0.33,0.335,0.33,0.335,5451099
EAX,20191001,0.32,0.34,0.32,0.34,6070
EBG,20191001,1,1,1,1,527
EBO,20191001,22.98,24,22.98,23.13,520
ECS,20191001,0.047,0.047,0.047,0.047,687927
ECT,20191001,0.003,0.003,0.003,0.003,30000
ECX,20191001,1.82,1.845,1.745,1.77,2473103
ED1,20191001,0.82,0.82,0.705,0.765,78442
EDC,20191001,1.05,1.05,1.05,1.05,20000
EDE,20191001,0.047,0.047,0.044,0.045,1022444
EEG,20191001,0.2,0.215,0.19,0.195,595058
EER,20191001,0.004,0.005,0.004,0.005,91692
EFF,20191001,1.68,1.68,1.68,1.68,262
EGA,20191001,0.29,0.29,0.285,0.29,197979
EGD,20191001,2.15,2.15,2.13,2.13,48938
EGF,20191001,1.67,1.67,1.67,1.67,31181
EGG,20191001,2.03,2.03,2,2,17718
EGH,20191001,0.295,0.295,0.295,0.295,120518
EGI,20191001,0.95,0.955,0.95,0.955,1202
EGY,20191001,0.285,0.285,0.28,0.28,21770
EHE,20191001,2.56,2.71,2.555,2.71,2007974
EHH,20191001,0.175,0.185,0.17,0.185,436802
EHL,20191001,1.915,1.97,1.895,1.93,1108376
EHX,20191001,0.026,0.026,0.026,0.026,75000
ELD,20191001,6.31,6.44,6.25,6.44,348928
ELO,20191001,6.39,6.46,6.33,6.4,22236
ELS,20191001,0.415,0.445,0.415,0.43,211225
ELX,20191001,0.54,0.55,0.54,0.54,36927
EM1,20191001,0.015,0.016,0.015,0.016,1554127
EM2,20191001,0.2,0.24,0.2,0.23,238073
EME,20191001,0.12,0.12,0.11,0.11,7500
EMH,20191001,0.275,0.28,0.275,0.28,66492
EML,20191001,4.35,4.38,4.26,4.29,1622251
EMN,20191001,0.17,0.17,0.17,0.17,1769249
EMP,20191001,0.048,0.048,0.044,0.044,58952
EMR,20191001,0.041,0.041,0.04,0.041,807206
EMV,20191001,0.6,0.605,0.595,0.6,101799
EN1,20191001,0.024,0.025,0.024,0.025,1795914
ENE,20191001,0.14,0.14,0.14,0.14,14000
ENN,20191001,2.1,2.17,2.1,2.16,6377
ENR,20191001,0.13,0.135,0.13,0.135,69019
ENT,20191001,0.009,0.01,0.009,0.01,133889
EOF,20191001,2.99,3.07,2.99,3.04,61071
EOS,20191001,7.9,8.29,7.85,8,554549
EPD,20191001,0.295,0.295,0.295,0.295,17243
EPM,20191001,0.003,0.003,0.002,0.002,1200000
EPW,20191001,2.42,2.425,2.42,2.42,333704
EQE,20191001,0.016,0.016,0.015,0.015,3127314
EQT,20191001,30.25,30.45,30.25,30.32,1442
EQX,20191001,0.275,0.275,0.27,0.27,262552
ERA,20191001,0.21,0.22,0.21,0.21,51074
ERM,20191001,0.135,0.135,0.12,0.12,368444
ERX,20191001,0.09,0.09,0.088,0.088,1508204
ESE,20191001,0.018,0.018,0.018,0.018,343771
ESH,20191001,0.012,0.013,0.012,0.012,10707948
ESR,20191001,0.009,0.009,0.009,0.009,1241733
EVN,20191001,4.46,4.55,4.415,4.54,10782495
EVO,20191001,0.1,0.1,0.098,0.098,329785
EVS,20191001,0.27,0.315,0.265,0.315,3511116
EVT,20191001,13.5,13.5,13.14,13.29,15172
EVZ,20191001,0.21,0.21,0.21,0.21,4690
EWC,20191001,0.087,0.087,0.086,0.086,144513
EX1,20191001,0.41,0.425,0.41,0.425,23558
EXL,20191001,1.98,2.04,1.95,2,713996
EXP,20191001,0.27,0.275,0.27,0.275,256446
EXR,20191001,0.055,0.056,0.052,0.053,5015823
EZL,20191001,1.03,1.035,1.03,1.035,38166
FAM,20191001,0.072,0.072,0.072,0.072,4569
FAR,20191001,0.056,0.06,0.056,0.056,13011264
FAU,20191001,0.015,0.015,0.015,0.015,890074
FBR,20191001,0.068,0.068,0.065,0.066,791262
FBU,20191001,4.75,4.87,4.73,4.87,1335489
FCL,20191001,3.1,3.11,2.95,3.05,178649
FCT,20191001,0.205,0.21,0.195,0.195,401546
FDV,20191001,0.73,0.73,0.715,0.715,6762
FEL,20191001,0.015,0.015,0.015,0.015,55931
FEX,20191001,0.063,0.063,0.063,0.063,23747
FFG,20191001,0.008,0.008,0.008,0.008,350000
FFI,20191001,4.1,4.1,4.1,4.1,4500
FGG,20191001,1.3,1.305,1.29,1.305,310684
FGO,20191001,0.003,0.003,0.003,0.003,602000
FGR,20191001,0.2,0.205,0.185,0.2,583924
FGX,20191001,1.145,1.15,1.145,1.15,95822
FHS,20191001,0.012,0.013,0.012,0.013,1829041
FID,20191001,5.6,5.6,5.6,5.6,3600
FLC,20191001,0.5,0.53,0.5,0.525,3035715
FLN,20191001,0.81,0.81,0.805,0.81,29221
FLT,20191001,47.43,47.95,47.2,47.51,282372
FMG,20191001,8.84,8.865,8.57,8.75,15751855
FNP,20191001,5.25,5.25,5.1,5.17,394779
FNT,20191001,0.012,0.012,0.012,0.012,297953
FOD,20191001,0.056,0.056,0.056,0.056,97552
FOR,20191001,1.2,1.2,1.19,1.2,136696
FPC,20191001,0.915,0.915,0.915,0.915,26140
FPH,20191001,16.06,16.32,16.05,16.29,308807
FPL,20191001,0.007,0.008,0.007,0.008,4937811
FPP,20191001,0.96,0.96,0.96,0.96,2364
FRI,20191001,0.835,0.84,0.835,0.84,10581
FRM,20191001,0.29,0.3,0.29,0.3,30465
FRN,20191001,0.023,0.023,0.023,0.023,679891
FSA,20191001,1.02,1.02,1.015,1.015,33279
FSF,20191001,3.13,3.23,3.13,3.19,9021
FSG,20191001,0.018,0.019,0.018,0.019,542243
FSI,20191001,1.85,1.88,1.85,1.88,30546
FTC,20191001,0.15,0.15,0.145,0.15,55507
FTZ,20191001,0.13,0.13,0.13,0.13,12000
FWD,20191001,1.905,1.91,1.88,1.88,35375
FXL,20191001,2.52,2.55,2.45,2.51,1394930
FYI,20191001,0.047,0.047,0.044,0.044,32000
FZO,20191001,0.18,0.18,0.17,0.17,47651
G1A,20191001,0.345,0.345,0.345,0.345,7029816
G88,20191001,0.075,0.075,0.075,0.075,45953
GAL,20191001,0.12,0.12,0.115,0.115,104000
GAP,20191001,0.297,0.3,0.295,0.3,805197
GAS,20191001,0.785,0.79,0.75,0.75,18705
GBR,20191001,0.048,0.07,0.048,0.05,2093417
GBT,20191001,3.83,3.84,3.83,3.84,231933
GBZ,20191001,0.003,0.003,0.003,0.003,215560
GCI,20191001,2.08,2.08,2.07,2.08,186584
GCM,20191001,2.25,2.25,2.25,2.25,5000
GDF,20191001,1.47,1.475,1.47,1.47,16039
GDI,20191001,1.515,1.535,1.515,1.53,255881
GDX,20191001,39.77,39.77,39.22,39.45,23653
GED,20191001,0.029,0.03,0.029,0.03,327940
GEM,20191001,2.59,2.6,2.525,2.57,2137285
GEV,20191001,0.15,0.15,0.145,0.145,153332
GGG,20191001,0.13,0.135,0.13,0.13,1224696
GLA,20191001,0.001,0.001,0.001,0.001,250000
GLB,20191001,1.51,1.51,1.45,1.51,16094
GLL,20191001,0.94,0.94,0.895,0.9,516180
GLN,20191001,0.24,0.24,0.21,0.23,1243252
GLV,20191001,0.003,0.003,0.003,0.003,1507000
GMA,20191001,3.35,3.48,3.32,3.48,744434
GMC,20191001,0.006,0.006,0.006,0.006,5803928
GMD,20191001,0.034,0.034,0.033,0.033,859559
GME,20191001,0.06,0.061,0.06,0.06,71595
GMG,20191001,14.35,14.47,14.245,14.46,5753775
GML,20191001,0.019,0.019,0.018,0.019,2980323
GMN,20191001,0.058,0.058,0.058,0.058,3409
GMR,20191001,0.014,0.014,0.014,0.014,1055199
GNC,20191001,7.9,8.18,7.9,8.15,346869
GNE,20191001,3.15,3.29,3.15,3.29,30889
GNG,20191001,0.71,0.82,0.7,0.8,92747
GNX,20191001,0.25,0.255,0.25,0.25,367109
GO2,20191001,0.029,0.029,0.029,0.029,1525
GOR,20191001,1.22,1.24,1.18,1.22,5748894
GOW,20191001,2.3,2.3,2.3,2.3,7187
GOZ,20191001,4.33,4.39,4.32,4.37,381486
GPP,20191001,0.001,0.001,0.001,0.001,1151724
GPR,20191001,0.034,0.034,0.033,0.033,855351
GPT,20191001,6.15,6.19,6.13,6.16,6616450
GPX,20191001,0.18,0.18,0.18,0.18,22980
GRB,20191001,0.092,0.095,0.092,0.095,372198
GRR,20191001,0.23,0.23,0.225,0.225,224016
GSM,20191001,0.105,0.115,0.1,0.105,229014
GSS,20191001,1.06,1.08,1.06,1.08,37364
GSW,20191001,0.575,0.595,0.52,0.52,542320
GTE,20191001,0.005,0.005,0.005,0.005,9779143
GTG,20191001,0.005,0.006,0.005,0.005,2859492
GTK,20191001,4.87,4.87,4.7,4.8,46369
GTN,20191001,0.85,0.85,0.845,0.845,40420
GTR,20191001,0.013,0.013,0.013,0.013,315637
GUD,20191001,10.08,10.37,10.07,10.34,576365
GVF,20191001,1.02,1.02,1.015,1.02,90000
GWA,20191001,3.39,3.445,3.36,3.4,1084838
GWR,20191001,0.09,0.09,0.09,0.09,10000
GXY,20191001,1.11,1.125,1.065,1.075,2874898
HAS,20191001,0.175,0.175,0.175,0.175,75328
HAV,20191001,0.13,0.13,0.125,0.125,16384
HAW,20191001,0.055,0.057,0.055,0.057,160598
HCH,20191001,0.046,0.047,0.042,0.043,10033968
HE8,20191001,0.225,0.225,0.22,0.225,997418
HFR,20191001,0.71,0.72,0.7,0.7,43101
HGO,20191001,0.064,0.064,0.064,0.064,160654
HIL,20191001,0.245,0.245,0.24,0.24,134924
HIP,20191001,0.014,0.015,0.013,0.013,819938
HIT,20191001,1.09,1.1,1.08,1.08,6160
HLO,20191001,4.7,4.71,4.67,4.68,49602
HLS,20191001,3.24,3.27,3.23,3.24,1028822
HLX,20191001,0.019,0.02,0.019,0.02,897041
HM1,20191001,3,3,2.97,3,111426
HMX,20191001,0.033,0.033,0.032,0.032,666470
HNR,20191001,0.01,0.01,0.01,0.01,59000
HOR,20191001,0.011,0.011,0.011,0.011,24759
HOT,20191001,0.15,0.15,0.15,0.15,59500
HPI,20191001,3.23,3.26,3.2,3.23,263405
HPR,20191001,0.12,0.12,0.12,0.12,199263
HRL,20191001,0.105,0.11,0.105,0.11,58600
HRN,20191001,0.28,0.3,0.28,0.3,26690
HRZ,20191001,0.13,0.13,0.13,0.13,10000
HSN,20191001,3.8,3.8,3.71,3.74,247299
HT1,20191001,1.84,1.855,1.765,1.765,549528
HUB,20191001,12.49,12.54,12.09,12.13,220892
HUO,20191001,4.4,4.47,4.36,4.42,23634
HVN,20191001,4.53,4.635,4.52,4.62,5507183
HWK,20191001,0.015,0.015,0.012,0.013,3186826
HYD,20191001,0.029,0.029,0.029,0.029,276863
HZN,20191001,0.145,0.145,0.14,0.145,2487745
HZR,20191001,0.38,0.395,0.38,0.395,53259
IAA,20191001,87.77,87.84,86.9,87.42,6233
IAF,20191001,115.96,116.16,115.84,116.15,12125
IAG,20191001,7.9,7.93,7.85,7.93,2713978
IAM,20191001,0.001,0.001,0.001,0.001,1500000
IAP,20191001,1.54,1.575,1.53,1.575,1418626
IBG,20191001,0.019,0.019,0.019,0.019,86200
IBX,20191001,0.049,0.049,0.045,0.046,478368
ICG,20191001,0.003,0.003,0.003,0.003,711700
ICI,20191001,0.03,0.031,0.03,0.031,1132139
ICN,20191001,0.014,0.014,0.014,0.014,50000
ICQ,20191001,0.27,0.27,0.27,0.27,258401
ICT,20191001,0.06,0.06,0.058,0.058,119835
ID8,20191001,0.45,0.45,0.425,0.43,63576
IDT,20191001,0.175,0.175,0.17,0.175,49451
IDX,20191001,3.26,3.27,3.2,3.23,464398
IEL,20191001,16.13,16.13,15.41,15.72,1273999
IEM,20191001,61.15,61.25,60.6,61.25,14272
IEU,20191001,64.14,64.75,64.02,64.75,15180
IFL,20191001,6.39,6.55,6.36,6.47,1819000
IFM,20191001,2.02,2.08,1.995,2.05,224706
IFN,20191001,0.68,0.68,0.655,0.68,988917
IFT,20191001,4.55,4.55,4.55,4.55,2500
IGB,20191001,114.76,114.9,114.41,114.9,4815
IGE,20191001,0.105,0.105,0.1,0.105,746875
IGL,20191001,2.09,2.1,2.07,2.08,162844
IGO,20191001,6.45,6.505,6.34,6.46,2600409
IHD,20191001,14.35,14.4,14.28,14.4,39622
IHL,20191001,0.084,0.089,0.082,0.082,5420107
IHR,20191001,0.087,0.088,0.085,0.085,191000
IJH,20191001,287.75,289.67,287.75,289.5,394
IJP,20191001,83.01,84.44,83.01,84.21,6168
IJR,20191001,116.39,116.74,115.9,116.68,6004
IKO,20191001,84.28,84.71,84.28,84.5,250
ILB,20191001,129,129,127.98,129,2798
ILC,20191001,26.5,26.62,26.46,26.62,9547
ILU,20191001,8.08,8.2,8,8.18,3131414
IMA,20191001,0.27,0.27,0.255,0.255,1001394
IMC,20191001,0.11,0.11,0.105,0.105,364068
IMD,20191001,1.39,1.395,1.345,1.35,319231
IME,20191001,0.045,0.045,0.045,0.045,1021
IMF,20191001,3.73,3.85,3.72,3.84,404277
IMM,20191001,0.024,0.024,0.024,0.024,4950122
IMR,20191001,1.31,1.33,1.31,1.33,27663
IMS,20191001,0.006,0.006,0.006,0.006,355840
IMU,20191001,0.022,0.023,0.021,0.022,9157658
INA,20191001,3.85,4.04,3.85,4.02,188361
INF,20191001,0.07,0.072,0.07,0.072,600000
ING,20191001,3.15,3.18,3.12,3.16,1159648
INK,20191001,0.076,0.076,0.07,0.07,310759
INP,20191001,0.022,0.028,0.022,0.027,280965
INR,20191001,0.21,0.215,0.195,0.2,5491475
IOD,20191001,0.155,0.155,0.14,0.155,426152
IOO,20191001,73.21,73.97,73.21,73.97,21419
IOZ,20191001,27.64,27.84,27.6,27.84,186223
IP1,20191001,0.022,0.022,0.021,0.022,125435
IPD,20191001,0.18,0.18,0.17,0.18,587689
IPH,20191001,8.69,8.89,8.63,8.86,436113
IPL,20191001,3.39,3.44,3.36,3.42,4159554
IPT,20191001,0.01,0.01,0.01,0.01,723954
IRE,20191001,11.6,11.8,11.51,11.74,778400
IRI,20191001,3.09,3.125,3.06,3.1,138287
ISD,20191001,0.44,0.44,0.415,0.42,481156
ISO,20191001,5,5.03,5,5.03,7764
ISU,20191001,0.56,0.56,0.56,0.56,6331
ISX,20191001,1.12,1.155,1.06,1.07,20041036
IVC,20191001,13.89,14.05,13.78,13.92,535171
IVE,20191001,96.25,97.2,96.25,97.2,2151
IVO,20191001,0.002,0.002,0.002,0.002,2025000
IVR,20191001,0.019,0.019,0.018,0.019,2115029
IVV,20191001,444.5,448.88,444.13,448.88,5070
IVX,20191001,0.014,0.015,0.014,0.015,50510
IVZ,20191001,0.038,0.038,0.038,0.038,221692
IXC,20191001,0.66,0.695,0.65,0.695,26165
IXI,20191001,81.25,81.7,81.01,81.7,1852
IXJ,20191001,90.89,91.35,90.42,91.35,5983
IXU,20191001,0.08,0.08,0.08,0.08,5910
IZZ,20191001,58.95,59.4,58.95,59.32,3901
JAL,20191001,0.19,0.19,0.185,0.185,138204
JAT,20191001,0.058,0.058,0.056,0.056,1060530
JAY,20191001,0.43,0.43,0.43,0.43,8091
JBH,20191001,34.43,34.5,33.9,34.37,372963
JCS,20191001,0.032,0.032,0.03,0.031,794173
JHC,20191001,1.18,1.212,1.17,1.2,349680
JHG,20191001,33.16,33.26,32.9,33.18,451987
JHL,20191001,0.031,0.031,0.031,0.031,10113
JHX,20191001,24.95,25.09,24.8,25.03,1089557
JIN,20191001,24.4,25.835,24.24,25.7,343229
JLG,20191001,1.79,1.8,1.745,1.79,84181
JMS,20191001,0.385,0.39,0.375,0.385,3781853
JPR,20191001,0.01,0.01,0.01,0.01,19750
JRV,20191001,0.24,0.24,0.22,0.22,737281
JXT,20191001,0.25,0.25,0.25,0.25,150445
JYC,20191001,1.64,1.65,1.64,1.65,37991
K2F,20191001,0.17,0.175,0.17,0.175,51647
KAI,20191001,0.013,0.013,0.013,0.013,1000000
KAM,20191001,0.055,0.055,0.055,0.055,164297
KAR,20191001,1.18,1.247,1.125,1.24,815769
KAS,20191001,0.038,0.038,0.038,0.038,14950
KAT,20191001,0.75,0.75,0.75,0.75,5686
KCN,20191001,0.42,0.42,0.405,0.405,266873
KEY,20191001,0.006,0.006,0.006,0.006,4052582
KFE,20191001,0.048,0.048,0.047,0.047,173591
KGL,20191001,0.25,0.25,0.24,0.24,6222
KGM,20191001,0.008,0.008,0.008,0.008,123000
KGN,20191001,6.08,6.29,6,6.27,454787
KIN,20191001,0.042,0.042,0.042,0.042,87666
KIS,20191001,0.079,0.079,0.079,0.079,44000
KKT,20191001,0.26,0.29,0.23,0.265,90800
KLA,20191001,66.99,66.99,65.01,65.35,1915
KLL,20191001,0.495,0.51,0.495,0.5,189429
KME,20191001,0.99,1,0.99,1,24373
KMT,20191001,0.006,0.006,0.005,0.005,476667
KNM,20191001,0.037,0.037,0.037,0.037,40414
KNO,20191001,0.1,0.11,0.1,0.11,133361
KOR,20191001,0.022,0.022,0.021,0.021,737728
KOV,20191001,3.18,3.25,3.18,3.25,9924
KP2,20191001,0.02,0.02,0.02,0.02,977339
KPO,20191001,0.024,0.025,0.024,0.025,375298
KRM,20191001,0.033,0.033,0.03,0.031,1173369
KRR,20191001,0.035,0.035,0.033,0.033,881405
KRX,20191001,0.18,0.18,0.17,0.17,198800
KSC,20191001,1.81,1.81,1.81,1.81,7127
KSL,20191001,1.49,1.49,1.43,1.455,97220
KSM,20191001,2.18,2.22,2.18,2.18,209574
KSN,20191001,0.02,0.02,0.019,0.019,4181957
KSS,20191001,0.295,0.295,0.27,0.29,684018
KTA,20191001,0.025,0.025,0.025,0.025,2100
KTD,20191001,0.47,0.49,0.47,0.475,620712
KTE,20191001,0.005,0.006,0.005,0.006,1000000
KWR,20191001,0.275,0.28,0.27,0.27,387511
KYK,20191001,0.205,0.205,0.18,0.185,6150759
KZA,20191001,0.55,0.55,0.53,0.54,84171
KZR,20191001,0.28,0.285,0.265,0.265,181774
LAA,20191001,0.05,0.05,0.049,0.049,30000
LAU,20191001,0.36,0.36,0.35,0.35,93534
LBL,20191001,0.765,0.79,0.765,0.79,150233
LBT,20191001,0.105,0.11,0.105,0.11,220013
LCK,20191001,0.22,0.22,0.21,0.21,392757
LCM,20191001,0.22,0.22,0.22,0.22,3000
LCT,20191001,0.021,0.021,0.021,0.021,190476
LCY,20191001,0.004,0.005,0.004,0.005,11891663
LEG,20191001,0.038,0.038,0.036,0.036,452362
LEP,20191001,5.25,5.32,5.21,5.28,17423
LER,20191001,0.036,0.039,0.036,0.039,8741184
LEX,20191001,0.21,0.21,0.195,0.2,259781
LIC,20191001,7.58,7.705,7.52,7.66,404091
LIN,20191001,0.015,0.015,0.015,0.015,1401872
LIT,20191001,0.046,0.046,0.045,0.045,267239
LLC,20191001,17.55,17.69,17.51,17.55,1391909
LMG,20191001,0.011,0.013,0.01,0.013,617865
LML,20191001,0.006,0.006,0.005,0.006,2122792
LMW,20191001,0.11,0.11,0.11,0.11,50000
LNG,20191001,0.25,0.26,0.25,0.255,517523
LNK,20191001,5.68,5.805,5.64,5.76,2640572
LNU,20191001,0.037,0.037,0.034,0.037,440347
LNY,20191001,0.006,0.006,0.006,0.006,1175000
LOM,20191001,0.14,0.14,0.137,0.14,446842
LON,20191001,0.17,0.18,0.17,0.175,56133
LOT,20191001,0.053,0.053,0.05,0.053,423745
LOV,20191001,12.94,12.98,12.48,12.6,94771
LPD,20191001,0.016,0.017,0.016,0.016,7651579
LPE,20191001,0.74,0.75,0.74,0.75,15866
LPI,20191001,0.32,0.325,0.295,0.315,182829
LSF,20191001,1.535,1.57,1.535,1.57,725901
LSH,20191001,0.055,0.055,0.055,0.055,45091
LSR,20191001,0.009,0.009,0.009,0.009,2501448
LSX,20191001,0.41,0.41,0.41,0.41,214822
LTR,20191001,0.098,0.1,0.097,0.097,3756414
LVH,20191001,0.29,0.29,0.255,0.285,200448
LVT,20191001,0.37,0.375,0.36,0.365,1462522
LYC,20191001,2.71,2.725,2.66,2.72,2563516
LYL,20191001,5.45,5.6,5.44,5.54,15288
M7T,20191001,0.615,0.665,0.61,0.65,508623
MA1,20191001,0.955,0.955,0.95,0.955,767465
MAD,20191001,1.2,1.25,1.13,1.14,4550353
MAG,20191001,0.051,0.052,0.049,0.051,424000
MAH,20191001,0.205,0.205,0.195,0.2,2112923
MAI,20191001,0.5,0.515,0.49,0.515,30200
MAM,20191001,0.33,0.355,0.33,0.355,27972
MAQ,20191001,23.39,23.39,22.6,23,1381
MAT,20191001,0.16,0.162,0.155,0.155,114865
MAY,20191001,0.012,0.012,0.011,0.011,2919586
MBK,20191001,0.014,0.014,0.013,0.014,1433933
MCA,20191001,0.17,0.175,0.17,0.17,245898
MCE,20191001,0.41,0.43,0.41,0.42,18529
MCP,20191001,2.5,2.5,2.42,2.45,185078
MCR,20191001,0.595,0.595,0.57,0.585,367088
MCY,20191001,4.68,4.79,4.47,4.79,13525
MDC,20191001,0.45,0.45,0.43,0.43,264012
MDR,20191001,0.046,0.046,0.045,0.045,370842
MEA,20191001,0.24,0.24,0.215,0.23,131899
MEB,20191001,0.012,0.012,0.012,0.012,1103427
MEC,20191001,0.89,0.89,0.89,0.89,11787
MEI,20191001,0.06,0.06,0.057,0.057,6103253
MEL,20191001,0.044,0.048,0.044,0.047,1271142
MEM,20191001,0.072,0.074,0.069,0.07,2285781
MEP,20191001,0.061,0.062,0.06,0.06,419101
MEU,20191001,0.028,0.028,0.028,0.028,109230
MEZ,20191001,4.8,4.9,4.78,4.9,17058
MFD,20191001,0.955,0.96,0.95,0.96,17700
MFF,20191001,3.17,3.2,3.17,3.19,56464
MFG,20191001,51.65,52.51,51.225,52.51,787812
MGC,20191001,0.395,0.395,0.39,0.39,34335
MGE,20191001,3.85,3.87,3.83,3.86,645496
MGG,20191001,1.82,1.82,1.795,1.815,714767
MGR,20191001,3.08,3.11,3.06,3.1,7063544
MGT,20191001,0.006,0.006,0.005,0.006,315221
MGV,20191001,0.077,0.077,0.073,0.074,61845
MGX,20191001,0.78,0.78,0.74,0.755,3334845
MHG,20191001,3.35,3.36,3.35,3.35,64375
MHJ,20191001,0.57,0.575,0.56,0.56,27275
MIL,20191001,0.18,0.185,0.18,0.18,56042
MIN,20191001,13.23,13.34,13.05,13.34,1642190
MIR,20191001,2.5,2.53,2.5,2.51,29710
MKG,20191001,0.084,0.086,0.084,0.086,154940
MLD,20191001,0.95,1,0.945,0.975,944271
MLL,20191001,0.078,0.078,0.075,0.077,58858
MLM,20191001,0.013,0.013,0.011,0.012,735802
MLS,20191001,0.003,0.003,0.002,0.002,3449893
MLT,20191001,4.79,4.82,4.78,4.8,129088
MLX,20191001,0.185,0.19,0.18,0.185,13841368
MMI,20191001,0.12,0.12,0.115,0.115,320807
MMJ,20191001,0.245,0.245,0.235,0.24,531435
MML,20191001,0.79,0.81,0.782,0.8,357041
MMM,20191001,0.465,0.47,0.46,0.46,9299
MMS,20191001,16.41,16.59,16.35,16.42,158038
MND,20191001,15.73,15.77,15.475,15.6,322549
MNF,20191001,5.38,5.41,5.1,5.1,101203
MNS,20191001,0.18,0.18,0.175,0.175,90393
MNW,20191001,0.022,0.022,0.021,0.021,130884
MNY,20191001,2.31,2.32,2.27,2.29,305688
MOB,20191001,0.086,0.09,0.086,0.09,130000
MOC,20191001,1.14,1.145,1.13,1.135,38654
MOD,20191001,0.43,0.43,0.425,0.43,920689
MOE,20191001,3.9,3.9,3.82,3.88,170649
MOQ,20191001,0.215,0.22,0.215,0.22,118000
MOT,20191001,2.06,2.07,2.06,2.07,539189
MOY,20191001,0.086,0.086,0.079,0.08,1321468
MP1,20191001,9.12,9.15,8.88,9.15,121842
MPH,20191001,0.3,0.3,0.3,0.3,17000
MPL,20191001,3.39,3.44,3.39,3.4,5618400
MPR,20191001,0.021,0.021,0.02,0.02,228770
MQG,20191001,131,131.99,130.82,131.99,533950
MQR,20191001,0.075,0.075,0.075,0.075,140000
MRC,20191001,0.19,0.19,0.19,0.19,3749
MRG,20191001,0.083,0.083,0.083,0.083,5600
MRM,20191001,0.19,0.19,0.185,0.185,5462098
MRN,20191001,1.48,1.48,1.47,1.48,20594
MRQ,20191001,0.009,0.009,0.008,0.008,278401
MSE,20191001,0.012,0.012,0.012,0.012,2117437
MSG,20191001,0.016,0.018,0.016,0.016,360259
MSM,20191001,0.015,0.015,0.015,0.015,929076
MSR,20191001,0.003,0.003,0.003,0.003,18958037
MSV,20191001,0.057,0.057,0.056,0.057,1269131
MTC,20191001,0.016,0.016,0.015,0.015,47234
MTO,20191001,2.04,2.04,2,2.03,57144
MTS,20191001,2.98,3,2.97,2.99,3476365
MVA,20191001,25.48,25.65,25.45,25.65,26086
MVB,20191001,28.75,28.79,28.74,28.79,3662
MVE,20191001,28.84,29.04,28.84,29.04,1008
MVF,20191001,1.06,1.06,1.035,1.055,286961
MVP,20191001,5.02,5.07,4.92,4.97,60740
MVR,20191001,29.5,29.5,29.03,29.38,19330
MVS,20191001,20.99,21.13,20.99,21.13,16323
MVW,20191001,31.08,31.23,31,31.23,59407
MWR,20191001,4.1,4.2,4.1,4.2,18708
MWY,20191001,2.58,2.6,2.58,2.58,7255
MX1,20191001,0.3,0.305,0.3,0.305,82638
MXC,20191001,0.039,0.04,0.039,0.04,1430930
MXI,20191001,0.23,0.25,0.23,0.245,280895
MXR,20191001,0.073,0.073,0.065,0.065,161522
MXT,20191001,2.06,2.07,2.06,2.07,677853
MYE,20191001,1.18,1.18,1.14,1.14,41646
MYL,20191001,0.048,0.048,0.046,0.047,1335907
MYQ,20191001,0.31,0.31,0.3,0.3,199747
MYR,20191001,0.61,0.61,0.595,0.6,633896
MYS,20191001,4.57,4.62,4.55,4.62,57182
MYX,20191001,0.515,0.54,0.51,0.53,6322744
MZN,20191001,0.081,0.081,0.081,0.081,11500
MZZ,20191001,0.265,0.27,0.265,0.27,60000
NAB,20191001,29.59,29.795,29.465,29.7,6163758
NAC,20191001,0.92,0.92,0.91,0.91,35000
NAG,20191001,0.06,0.06,0.06,0.06,14512
NAN,20191001,6.35,6.44,6.33,6.41,775234
NBI,20191001,2.07,2.07,2.065,2.07,520363
NBL,20191001,2.95,2.96,2.94,2.95,32598
NC6,20191001,0.064,0.064,0.064,0.064,11000
NCC,20191001,1.08,1.09,1.08,1.085,78027
NCK,20191001,7.49,7.56,7.32,7.43,447043
NCM,20191001,33.85,34.57,33.51,34.56,3442459
NCR,20191001,0.017,0.017,0.017,0.017,15601
NCZ,20191001,0.265,0.265,0.235,0.25,2725115
NDQ,20191001,19.5,19.71,19.49,19.71,26901
NEA,20191001,2.6,2.69,2.58,2.66,5568512
NEC,20191001,1.95,1.995,1.945,1.985,6781324
NES,20191001,0.059,0.061,0.059,0.06,742277
NET,20191001,0.16,0.16,0.15,0.155,3817508
NEU,20191001,2,2.02,1.99,2,74425
NEW,20191001,1.25,1.25,1.245,1.25,229758
NGE,20191001,0.61,0.61,0.61,0.61,6774
NGI,20191001,3.37,3.42,3.325,3.35,101434
NHC,20191001,2.21,2.22,2.18,2.2,2163493
NHF,20191001,7.31,7.4,7.22,7.3,1497054
NHL,20191001,0.01,0.01,0.01,0.01,1281161
NIC,20191001,0.7,0.7,0.665,0.665,6456193
NML,20191001,0.095,0.095,0.088,0.089,1379390
NMT,20191001,0.18,0.185,0.18,0.18,51690
NNW,20191001,0.07,0.07,0.07,0.07,14454
NOX,20191001,0.405,0.415,0.395,0.405,301105
NSB,20191001,0.33,0.35,0.245,0.255,9599364
NSC,20191001,0.735,0.735,0.725,0.735,92780
NSE,20191001,0.005,0.005,0.005,0.005,183333
NSR,20191001,1.815,1.815,1.785,1.795,1687638
NST,20191001,10.8,11.01,10.645,11.01,3688573
NTD,20191001,0.41,0.45,0.41,0.45,280186
NTM,20191001,0.054,0.055,0.054,0.054,98653
NTU,20191001,0.06,0.061,0.058,0.059,3443661
NUF,20191001,5.75,6.5,5.67,6.5,15567689
NUH,20191001,0.028,0.028,0.027,0.027,1108809
NUS,20191001,0.29,0.29,0.28,0.285,171231
NVA,20191001,0.039,0.039,0.036,0.038,3651578
NVL,20191001,2.41,2.42,2.4,2.4,160328
NVO,20191001,0.01,0.01,0.008,0.008,5269725
NVX,20191001,0.46,0.46,0.43,0.46,60164
NWC,20191001,0.024,0.025,0.023,0.025,343350
NWE,20191001,0.006,0.006,0.005,0.005,2045417
NWF,20191001,0.18,0.18,0.18,0.18,5000
NWH,20191001,2.35,2.37,2.25,2.3,1459668
NWL,20191001,9.21,9.25,8.76,8.76,1840956
NWS,20191001,21.2,21.42,21.18,21.37,114422
NXS,20191001,3.05,3.12,3.01,3.03,91322
NXT,20191001,6.16,6.33,6.16,6.28,901191
NZC,20191001,0.32,0.32,0.31,0.31,148787
NZK,20191001,2.21,2.21,2.21,2.21,200
NZM,20191001,0.42,0.42,0.42,0.42,4
NZS,20191001,0.017,0.017,0.017,0.017,211319
OAR,20191001,0.017,0.017,0.016,0.016,5355760
OAU,20191001,0.022,0.022,0.022,0.022,310000
OBJ,20191001,0.016,0.016,0.016,0.016,650000
OBM,20191001,0.175,0.175,0.17,0.17,201984
OCC,20191001,0.4,0.41,0.395,0.41,734774
OCL,20191001,4.17,4.17,4.165,4.17,25859
OEL,20191001,0.049,0.049,0.048,0.048,3981581
OFX,20191001,1.575,1.625,1.575,1.625,2306422
OGA,20191001,0.175,0.175,0.17,0.17,66000
OGC,20191001,3.95,3.965,3.86,3.9,366228
OIL,20191001,0.046,0.046,0.044,0.044,231489
OKU,20191001,0.11,0.112,0.11,0.11,62302
OMH,20191001,0.45,0.455,0.445,0.445,375453
OML,20191001,2.86,3.045,2.85,3.03,2263759
OMN,20191001,0.93,0.95,0.927,0.945,1895926
ONE,20191001,0.275,0.28,0.275,0.28,106500
ONT,20191001,6.2,6.25,6.2,6.25,7529
OOO,20191001,14.58,14.58,14.36,14.43,93668
OPC,20191001,3.3,3.36,3.28,3.33,128908
OPH,20191001,2.5,2.5,2.49,2.49,48899
OPN,20191001,0.034,0.034,0.033,0.033,278531
OPT,20191001,3.49,3.61,3.38,3.58,1467335
ORA,20191001,2.89,2.955,2.87,2.91,5186558
ORE,20191001,2.6,2.67,2.58,2.67,1000519
ORG,20191001,7.93,7.97,7.885,7.96,3826930
ORI,20191001,22.59,22.945,22.47,22.92,980678
ORN,20191001,0.029,0.029,0.029,0.029,250000
ORR,20191001,0.41,0.41,0.41,0.41,16798
OSH,20191001,7.25,7.31,7.13,7.19,7936684
OSL,20191001,0.065,0.066,0.065,0.065,117013
OSP,20191001,0.048,0.049,0.047,0.049,102848
OSX,20191001,0.96,1.065,0.96,1.055,2559364
OTW,20191001,4.9,4.9,4.86,4.89,1826
OVH,20191001,0.41,0.41,0.4,0.4,139880
OVN,20191001,0.715,0.775,0.715,0.775,237261
OVT,20191001,0.055,0.055,0.055,0.055,65986
OZF,20191001,21.1,21.1,21.1,21.1,772
OZL,20191001,9.6,9.6,9.43,9.52,2446339
OZR,20191001,11.62,11.7,11.6,11.7,48472
PAB,20191001,0.021,0.022,0.021,0.022,2107165
PAC,20191001,7.11,7.12,6.94,7.01,4063204
PAF,20191001,0.8,0.8,0.795,0.8,53638
PAI,20191001,0.95,0.95,0.94,0.945,373527
PAL,20191001,1,1.025,1,1,46150
PAN,20191001,0.3,0.34,0.3,0.315,1647148
PAR,20191001,2.91,3.03,2.83,2.96,995458
PBH,20191001,3.58,3.65,3.55,3.64,66859
PBP,20191001,1.87,1.87,1.85,1.85,297330
PBX,20191001,0.004,0.005,0.004,0.005,4458033
PCI,20191001,1.165,1.165,1.155,1.16,1034754
PCK,20191001,0.29,0.34,0.275,0.33,6111017
PCL,20191001,0.002,0.002,0.002,0.002,20000
PDL,20191001,7.41,7.54,7.4,7.54,1812710
PDN,20191001,0.105,0.11,0.1,0.1,5187787
PDZ,20191001,0.295,0.295,0.245,0.25,158401
PE1,20191001,1.46,1.65,1.46,1.535,210447
PEA,20191001,1.08,1.085,1.08,1.085,92039
PEK,20191001,0.037,0.037,0.036,0.037,1663794
PEN,20191001,0.185,0.19,0.185,0.19,1040279
PET,20191001,1.425,1.44,1.335,1.34,3996840
PFP,20191001,3.09,3.1,3.01,3.01,34557
PG1,20191001,0.11,0.11,0.11,0.11,5000
PGC,20191001,0.41,0.41,0.395,0.4,84203
PGF,20191001,1.07,1.075,1.065,1.07,609579
PGG,20191001,2.05,2.05,2.03,2.03,908294
PGH,20191001,2.21,2.44,2.21,2.4,2016508
PGL,20191001,4.38,4.39,4.3,4.3,26763
PGM,20191001,0.029,0.029,0.028,0.028,315987
PGR,20191001,0.12,0.12,0.12,0.12,2200
PGX,20191001,0.37,0.38,0.37,0.38,342154
PGY,20191001,0.03,0.034,0.03,0.034,345800
PIA,20191001,1.1,1.11,1.095,1.11,196343
PIC,20191001,1.065,1.075,1.065,1.075,147214
PIL,20191001,0.015,0.015,0.013,0.015,1246640
PIO,20191001,0.019,0.019,0.018,0.018,3108175
PIQ,20191001,0.33,0.335,0.33,0.335,104472
PKS,20191001,0.19,0.19,0.19,0.19,196883
PL8,20191001,1.14,1.14,1.135,1.14,458073
PLL,20191001,0.093,0.094,0.091,0.094,616873
PLS,20191001,0.32,0.325,0.31,0.31,7812653
PM8,20191001,0.215,0.22,0.21,0.215,109051
PMC,20191001,1.545,1.56,1.545,1.555,220719
PME,20191001,28,29.48,27.88,29.33,298133
PMV,20191001,19.34,19.64,19.17,19.55,1162982
PMY,20191001,0.01,0.01,0.01,0.01,14980317
PNI,20191001,4.4,4.44,4.26,4.37,589483
PNL,20191001,0.067,0.067,0.066,0.067,8306347
PNN,20191001,0.002,0.003,0.002,0.003,8324499
PNR,20191001,0.21,0.21,0.19,0.19,2234014
PNV,20191001,2.14,2.22,2.09,2.22,2558515
PNW,20191001,0.28,0.28,0.275,0.275,13713
PNX,20191001,0.007,0.007,0.007,0.007,400396
PO3,20191001,4.9,4.99,4.75,4.99,5914
POS,20191001,0.053,0.054,0.053,0.053,1160006
POU,20191001,17.9,17.9,17.9,17.9,100
PPC,20191001,1.15,1.17,1.15,1.155,496074
PPE,20191001,3.16,3.17,3.09,3.1,64688
PPG,20191001,0.135,0.14,0.135,0.14,731379
PPH,20191001,3.06,3.11,3.02,3.06,54877
PPK,20191001,3.75,3.77,3.65,3.66,32917
PPS,20191001,0.515,0.52,0.505,0.505,1168523
PPT,20191001,37.44,38.56,37.36,38.21,258636
PRT,20191001,0.165,0.165,0.16,0.165,754248
PRU,20191001,0.675,0.695,0.65,0.685,8337166
PRX,20191001,0.11,0.11,0.105,0.11,85097
PSC,20191001,0.135,0.135,0.13,0.13,179790
PSI,20191001,2.72,2.75,2.72,2.75,7219
PSQ,20191001,1.56,1.58,1.56,1.58,17521
PSZ,20191001,0.061,0.061,0.06,0.06,20200
PTB,20191001,0.765,0.765,0.74,0.74,13507
PTL,20191001,0.32,0.32,0.32,0.32,11124
PTM,20191001,4.2,4.23,4.16,4.22,1928754
PTX,20191001,0.054,0.057,0.053,0.055,706268
PUA,20191001,0.022,0.022,0.021,0.021,1641287
PVD,20191001,0.022,0.023,0.021,0.023,7098104
PVE,20191001,0.056,0.056,0.056,0.056,10000
PWH,20191001,4.69,4.88,4.69,4.85,83958
PWL,20191001,0.225,0.225,0.225,0.225,40000
PXS,20191001,0.19,0.195,0.19,0.195,62484
PXX,20191001,0.082,0.085,0.079,0.079,1613669
PYC,20191001,0.048,0.052,0.045,0.045,6706700
PYG,20191001,0.76,0.76,0.76,0.76,6000
QAN,20191001,6.29,6.44,6.29,6.44,6478131
QAU,20191001,14.92,14.92,14.78,14.78,76407
QBE,20191001,12.5,12.66,12.47,12.6,2709482
QFE,20191001,0.47,0.485,0.47,0.48,885217
QFY,20191001,0.004,0.004,0.004,0.004,1570894
QHL,20191001,0.13,0.13,0.12,0.13,965979
QIP,20191001,1.36,1.36,1.31,1.31,31101
QMS,20191001,0.92,0.92,0.9,0.9,139328
QOZ,20191001,14.14,14.2,14.08,14.2,43849
QRE,20191001,6.3,6.33,6.26,6.29,4264
QRI,20191001,1.607,1.61,1.605,1.61,287496
QUB,20191001,3.21,3.24,3.2,3.24,3044065
QUS,20191001,37.66,37.8,37.66,37.8,2208
QVE,20191001,1.04,1.04,1.02,1.025,141052
RAC,20191001,0.125,0.13,0.125,0.13,137840
RAG,20191001,0.007,0.007,0.007,0.007,63900
RAN,20191001,0.019,0.021,0.019,0.021,162919
RAP,20191001,0.25,0.26,0.245,0.247,2074128
RBL,20191001,1.48,1.53,1.465,1.49,309015
RBR,20191001,0.013,0.013,0.012,0.013,863141
RCB,20191001,20.72,20.83,20.72,20.75,14718
RCE,20191001,0.37,0.37,0.31,0.33,552327
RCL,20191001,0.395,0.395,0.39,0.39,67094
RCT,20191001,2.39,2.39,2.38,2.38,1001
RCW,20191001,0.26,0.26,0.24,0.25,47911
RDC,20191001,1.075,1.075,1.065,1.065,97435
RDF,20191001,0.475,0.475,0.45,0.47,227329
RDG,20191001,0.015,0.015,0.015,0.015,210255
RDM,20191001,0.115,0.115,0.11,0.115,304123
RDN,20191001,0.008,0.008,0.007,0.007,1062900
RDV,20191001,30.6,30.7,30.59,30.7,1753
RDY,20191001,1.785,1.795,1.785,1.795,4000
REA,20191001,108.33,110.235,107.59,110.03,190788
RED,20191001,0.29,0.29,0.265,0.27,7092068
REF,20191001,0.009,0.009,0.009,0.009,234413
REG,20191001,2.94,3.075,2.94,3.06,657707
REH,20191001,10.81,10.88,10.75,10.8,34395
RES,20191001,0.1,0.105,0.1,0.1,286610
REX,20191001,1.335,1.37,1.335,1.34,34368
REZ,20191001,0.048,0.048,0.044,0.044,1962267
RF1,20191001,2.71,2.72,2.68,2.685,132907
RFF,20191001,1.7,1.72,1.675,1.695,1503250
RFG,20191001,0.175,0.18,0.175,0.175,71977
RFN,20191001,0.006,0.006,0.006,0.006,1100000
RFT,20191001,0.059,0.059,0.059,0.059,75926
RFX,20191001,0.045,0.047,0.044,0.044,1947639
RGB,20191001,23.25,23.25,23.25,23.25,10327
RGI,20191001,0.15,0.15,0.14,0.14,72110
RGS,20191001,0.073,0.073,0.069,0.069,127447
RHC,20191001,65.01,66.26,64.69,66.26,572779
RHP,20191001,2.59,2.7,2.59,2.7,99431
RHT,20191001,0.125,0.13,0.12,0.12,218685
RHY,20191001,0.165,0.165,0.165,0.165,33500
RIC,20191001,0.995,1.015,0.995,0.995,169363
RIM,20191001,0.002,0.002,0.002,0.002,1000000
RIO,20191001,92.67,92.87,91.69,92.6,1070958
RKN,20191001,0.73,0.73,0.725,0.73,4965
RLC,20191001,0.004,0.004,0.004,0.004,2099889
RLT,20191001,0.86,0.89,0.86,0.86,40701
RMC,20191001,0.9,0.915,0.9,0.915,17432
RMD,20191001,20.02,20.265,20.02,20.2,882751
RMI,20191001,0.008,0.008,0.008,0.008,2857
RMS,20191001,1.11,1.13,1.085,1.115,2814437
RMX,20191001,0.007,0.007,0.006,0.006,15180131
RMY,20191001,0.23,0.23,0.21,0.21,201090
RND,20191001,3.01,3.01,3.01,3.01,1622
RNE,20191001,0.026,0.026,0.026,0.026,33712
RNO,20191001,0.275,0.275,0.27,0.27,501423
RNU,20191001,0.015,0.015,0.014,0.015,5144486
RPM,20191001,0.16,0.16,0.16,0.16,10000
RRL,20191001,4.8,4.91,4.77,4.9,3921323
RSG,20191001,1.35,1.405,1.34,1.405,10564586
RSH,20191001,0.081,0.081,0.081,0.081,40830
RSM,20191001,21.45,21.45,21.45,21.45,53
RTG,20191001,0.086,0.086,0.08,0.08,96656
RTR,20191001,0.081,0.081,0.074,0.078,1421208
RUL,20191001,0.775,0.775,0.76,0.765,19922
RVR,20191001,0.165,0.17,0.16,0.17,7870921
RWC,20191001,4.07,4.12,4.025,4.11,2504054
RWD,20191001,0.083,0.083,0.083,0.083,10000
RXL,20191001,0.026,0.026,0.025,0.025,5756892
RXM,20191001,0.092,0.092,0.089,0.089,130236
RXP,20191001,0.49,0.49,0.48,0.48,284640
RYD,20191001,1.48,1.48,1.48,1.48,15000
RZI,20191001,1,1,0.99,0.99,48685
S2R,20191001,0.15,0.15,0.15,0.15,10000
S32,20191001,2.6,2.66,2.59,2.65,14154657
SAR,20191001,3.35,3.46,3.29,3.46,5466061
SAU,20191001,0.255,0.255,0.245,0.255,53287
SBM,20191001,2.84,2.9,2.8,2.88,5432406
SBR,20191001,0.003,0.004,0.003,0.004,645011
SCG,20191001,3.93,3.97,3.915,3.95,19184217
SCI,20191001,0.01,0.01,0.01,0.01,200000
SCL,20191001,0.016,0.017,0.016,0.016,12288491
SCP,20191001,2.63,2.66,2.62,2.66,3103157
SCU,20191001,0.015,0.016,0.015,0.015,271902
SDA,20191001,1.25,1.255,1.18,1.19,3798951
SDF,20191001,3.55,3.59,3.53,3.58,2459849
SDG,20191001,1.63,1.63,1.63,1.63,1739
SDI,20191001,0.805,0.81,0.8,0.81,43500
SDV,20191001,0.4,0.43,0.4,0.41,253914
SEA,20191001,0.19,0.19,0.18,0.185,7982363
SEC,20191001,1.77,1.77,1.75,1.75,46026
SEI,20191001,0.048,0.049,0.047,0.048,1533718
SEK,20191001,21.46,21.77,21.37,21.71,1173909
SEN,20191001,0.08,0.082,0.08,0.081,169694
SER,20191001,0.006,0.006,0.006,0.006,80000
SFC,20191001,14.2,14.2,14.2,14.2,862
SFG,20191001,0.096,0.096,0.093,0.096,466435
SFL,20191001,0.055,0.055,0.055,0.055,13000
SFR,20191001,6.54,6.57,6.36,6.38,1349378
SFX,20191001,0.41,0.415,0.41,0.415,392118
SFY,20191001,62.2,62.2,61.73,62.01,3284
SG1,20191001,0.056,0.06,0.055,0.055,99966
SGC,20191001,0.031,0.031,0.027,0.027,638419
SGF,20191001,2.35,2.37,2.31,2.32,129403
SGH,20191001,1.12,1.132,1.12,1.12,5960
SGM,20191001,10.3,10.37,10.14,10.16,1118083
SGO,20191001,0.013,0.013,0.013,0.013,100000
SGP,20191001,4.55,4.62,4.53,4.6,5630099
SGQ,20191001,0.18,0.185,0.17,0.17,1242000
SGR,20191001,4.36,4.41,4.34,4.41,3916770
SHH,20191001,0.006,0.006,0.006,0.006,83334
SHJ,20191001,0.79,0.79,0.79,0.79,124
SHL,20191001,28.33,28.85,28.26,28.72,904909
SHM,20191001,0.695,0.695,0.69,0.69,4093
SHO,20191001,0.058,0.061,0.056,0.06,1886630
SHV,20191001,7.67,7.85,7.61,7.84,108493
SIG,20191001,0.595,0.62,0.595,0.615,25648454
SIL,20191001,0.05,0.05,0.046,0.046,64273
SIO,20191001,0.36,0.36,0.35,0.35,56584
SIQ,20191001,12.22,12.65,12.17,12.43,756542
SIS,20191001,0.059,0.06,0.055,0.055,773000
SIV,20191001,0.68,0.69,0.675,0.68,63527
SKC,20191001,3.71,3.75,3.7,3.74,196007
SKI,20191001,2.17,2.2,2.16,2.2,3234256
SKN,20191001,0.02,0.02,0.02,0.02,65834
SKO,20191001,3.87,3.9,3.77,3.81,34676
SKT,20191001,1.055,1.065,1.045,1.055,96827
SKY,20191001,0.075,0.079,0.075,0.079,476546
SLC,20191001,1,1.02,0.97,0.99,760931
SLF,20191001,14.16,14.3,14.15,14.3,41689
SLK,20191001,3.71,3.8,3.7,3.75,122188
SLR,20191001,0.92,0.95,0.905,0.935,8463774
SLX,20191001,0.38,0.395,0.37,0.37,11275
SLZ,20191001,0.061,0.061,0.061,0.061,150000
SM1,20191001,8.5,8.53,8.4,8.45,18957
SM8,20191001,0.027,0.027,0.027,0.027,67267
SMI,20191001,0.003,0.003,0.003,0.003,852992
SMN,20191001,0.89,0.94,0.89,0.94,107333
SMP,20191001,0.18,0.18,0.18,0.18,469610
SMR,20191001,1.36,1.36,1.32,1.345,151970
SMX,20191001,0.335,0.345,0.335,0.34,63750
SNC,20191001,0.835,0.84,0.83,0.83,772162
SND,20191001,0.26,0.265,0.26,0.265,42900
SNS,20191001,0.11,0.11,0.11,0.11,202789
SO4,20191001,0.865,0.87,0.86,0.87,54031
SOL,20191001,21.19,21.36,20.89,21.28,447628
SOM,20191001,2.47,2.6,2.47,2.6,37598
SOR,20191001,0.064,0.067,0.063,0.066,443851
SP3,20191001,0.097,0.097,0.09,0.09,305900
SPK,20191001,4.11,4.23,4.1,4.21,1398648
SPL,20191001,1.16,1.25,1.16,1.22,507055
SPT,20191001,0.59,0.62,0.575,0.6,1854160
SPX,20191001,0.074,0.074,0.065,0.069,13701826
SPY,20191001,440.95,443.61,440.95,443.61,182
SPZ,20191001,0.215,0.22,0.21,0.21,43030
SRG,20191001,0.41,0.41,0.405,0.405,65380
SRI,20191001,0.088,0.09,0.085,0.09,121292
SRN,20191001,0.013,0.014,0.011,0.011,7039738
SRO,20191001,0.001,0.001,0.001,0.001,1250000
SRV,20191001,4.25,4.27,4.2,4.22,55061
SRZ,20191001,0.014,0.014,0.014,0.014,188813
SSG,20191001,0.625,0.63,0.615,0.625,378144
SSM,20191001,2.62,2.72,2.6,2.7,2055300
ST1,20191001,0.22,0.22,0.22,0.22,20000
STG,20191001,1.8,1.81,1.79,1.81,15025
STM,20191001,0.025,0.026,0.025,0.026,733945
STN,20191001,0.47,0.475,0.47,0.475,269308
STO,20191001,7.68,7.7,7.56,7.68,3610037
STW,20191001,62.03,62.8,61.94,62.8,217431
STX,20191001,0.25,0.252,0.245,0.245,1915257
SUD,20191001,0.004,0.004,0.003,0.003,23700106
SUL,20191001,9.92,9.92,9.75,9.88,589833
SVL,20191001,0.092,0.092,0.086,0.087,6022440
SVM,20191001,0.095,0.095,0.095,0.095,2682
SVW,20191001,17.38,17.605,17.26,17.52,563032
SVY,20191001,0.93,0.95,0.825,0.86,3060266
SWF,20191001,0.28,0.3,0.255,0.285,1866588
SWK,20191001,0.235,0.235,0.235,0.235,138017
SWM,20191001,0.38,0.39,0.38,0.39,1118542
SXE,20191001,0.58,0.585,0.57,0.58,197572
SXL,20191001,1.215,1.235,1.21,1.22,1918103
SXY,20191001,0.35,0.36,0.345,0.35,3695361
SYA,20191001,0.009,0.009,0.009,0.009,229650
SYD,20191001,8.03,8.25,8.03,8.25,4473792
SYI,20191001,30.21,30.21,30.19,30.19,694
SYR,20191001,0.505,0.51,0.5,0.5,901308
SZL,20191001,2.35,2.39,2.3,2.34,151407
TAH,20191001,4.85,4.91,4.84,4.91,4350502
TAM,20191001,0.048,0.048,0.048,0.048,114672
TAO,20191001,0.14,0.15,0.14,0.15,73215
TAP,20191001,0.125,0.125,0.12,0.125,5961078
TAS,20191001,0.052,0.052,0.052,0.052,51192
TBR,20191001,8.12,8.12,7.9,7.97,17311
TCL,20191001,14.73,14.98,14.73,14.98,4788158
TDO,20191001,0.079,0.079,0.079,0.079,158008
TEG,20191001,0.076,0.076,0.075,0.075,285252
TEK,20191001,0.285,0.285,0.28,0.28,123855
TER,20191001,0.39,0.39,0.39,0.39,10000
TFL,20191001,0.14,0.14,0.14,0.14,105869
TGA,20191001,0.245,0.25,0.245,0.245,136673
TGF,20191001,1.94,1.995,1.93,1.995,110162
TGG,20191001,1.215,1.23,1.215,1.23,83303
TGM,20191001,0.15,0.15,0.15,0.15,21099
TGN,20191001,0.18,0.18,0.17,0.17,88365
TGP,20191001,1.12,1.12,1.12,1.12,21468
TGR,20191001,4.26,4.27,4.23,4.25,648402
THC,20191001,0.445,0.45,0.44,0.44,254028
TIA,20191001,0.425,0.425,0.425,0.425,1248
TIE,20191001,0.22,0.22,0.215,0.22,169233
TIG,20191001,0.036,0.036,0.035,0.035,500000
TKL,20191001,0.011,0.011,0.011,0.011,170159
TLG,20191001,0.42,0.43,0.42,0.425,56569
TLM,20191001,0.105,0.11,0.1,0.105,716894
TLS,20191001,3.5,3.56,3.48,3.54,28480167
TLT,20191001,2.55,2.7,2.55,2.6,3259
TLX,20191001,1.545,1.55,1.46,1.495,907009
TML,20191001,0.072,0.072,0.072,0.072,30000
TMR,20191001,0.17,0.175,0.155,0.16,507544
TMT,20191001,0.19,0.19,0.185,0.185,204936
TNE,20191001,7.22,7.65,7.22,7.65,1190730
TNG,20191001,0.085,0.086,0.085,0.085,207400
TNK,20191001,1.305,1.305,1.305,1.305,55
TNT,20191001,0.046,0.046,0.046,0.046,494650
TNY,20191001,1.695,1.695,1.61,1.64,44851
TOE,20191001,0.016,0.016,0.016,0.016,50000
TOP,20191001,0.685,0.685,0.685,0.685,35000
TOT,20191001,1.18,1.18,1.18,1.18,8723
TPM,20191001,6.89,7.09,6.84,7.09,1530761
TPP,20191001,0.038,0.038,0.038,0.038,10000
TPW,20191001,1.96,1.96,1.87,1.93,69358
TRS,20191001,1.95,1.985,1.945,1.98,9361
TRT,20191001,0.03,0.031,0.03,0.03,132723
TRY,20191001,0.115,0.115,0.11,0.115,1363731
TSC,20191001,0.004,0.004,0.004,0.004,27045745
TTB,20191001,0.05,0.051,0.046,0.046,3666401
TTM,20191001,0.18,0.185,0.17,0.185,4090913
TTT,20191001,1.46,1.58,1.455,1.58,71189
TV2,20191001,0.008,0.009,0.008,0.009,130000
TWD,20191001,3.1,3.11,3.1,3.11,1219
TWE,20191001,18.47,18.83,18.45,18.76,1833637
TWR,20191001,0.65,0.65,0.63,0.65,48972
TYM,20191001,0.062,0.062,0.062,0.062,21761
TYX,20191001,0.005,0.005,0.005,0.005,1266500
UBA,20191001,22.75,22.8,22.67,22.8,4959
UBJ,20191001,25.65,25.65,25.65,25.65,369
UBN,20191001,0.036,0.037,0.036,0.037,200000
UBP,20191001,25.76,26.06,25.76,26.06,2262
UBW,20191001,28.88,28.99,28.88,28.99,1126
UCM,20191001,0.12,0.12,0.12,0.12,1281
UNV,20191001,0.255,0.255,0.25,0.255,101657
UOS,20191001,0.78,0.785,0.77,0.78,8013
URB,20191001,1.03,1.03,1.03,1.03,35253
URF,20191001,0.66,0.67,0.66,0.67,150712
URW,20191001,10.75,10.83,10.71,10.76,575368
USD,20191001,14.33,14.43,14.32,14.43,13387
UTR,20191001,0.003,0.003,0.003,0.003,518500
UWL,20191001,1.435,1.51,1.43,1.48,379942
VAE,20191001,65.23,65.23,64.8,65,5943
VAF,20191001,52.55,52.66,52.47,52.63,66700
VAH,20191001,0.165,0.165,0.16,0.165,374653
VAN,20191001,0.19,0.19,0.19,0.19,61092
VAP,20191001,91,91.44,90.42,91.38,119266
VAR,20191001,0.001,0.002,0.001,0.002,3377575
VAS,20191001,85,85.5,84.75,85.5,155562
VCF,20191001,50.45,50.53,50.3,50.35,8150
VCX,20191001,2.58,2.6,2.56,2.57,9634313
VEA,20191001,1.93,1.955,1.895,1.92,7413074
VEE,20191001,0.55,0.565,0.55,0.565,28000
VEN,20191001,0.165,0.165,0.155,0.16,4726565
VEQ,20191001,57.03,57.3,56.88,57.3,7146
VEU,20191001,73.92,74.74,73.87,74.49,41962
VG1,20191001,2.34,2.34,2.31,2.32,211097
VGB,20191001,53.77,53.77,53.6,53.76,44809
VGE,20191001,67.29,67.38,66,67.05,15919
VGI,20191001,17,17.54,16.85,17.1,11867
VGL,20191001,3.5,3.54,3.5,3.54,1040
VGS,20191001,78.27,78.66,77.97,78.66,148393
VHT,20191001,1.64,1.655,1.625,1.64,339228
VHY,20191001,62.29,62.29,61.06,61.7,71015
VIC,20191001,0.001,0.002,0.001,0.002,1453808
VIF,20191001,51.27,51.32,51.11,51.12,23040
VLC,20191001,68.96,70.16,68.56,70.16,1067
VLS,20191001,0.64,0.64,0.64,0.64,511918
VLT,20191001,0.31,0.325,0.31,0.32,257228
VLW,20191001,2.33,2.34,2.33,2.34,777544
VMC,20191001,0.18,0.185,0.16,0.185,462913
VMS,20191001,0.018,0.019,0.018,0.019,1068636
VMT,20191001,0.105,0.105,0.1,0.1,412813
VMX,20191001,0.3,0.3,0.3,0.3,17651
VMY,20191001,0.065,0.068,0.065,0.068,1061838
VN8,20191001,0.098,0.098,0.097,0.097,70000
VOC,20191001,3.47,3.615,3.39,3.58,3113544
VOL,20191001,2.5,2.5,2.5,2.5,100
VOR,20191001,0.01,0.01,0.01,0.01,1976017
VPR,20191001,0.001,0.001,0.001,0.001,100000
VR8,20191001,0.047,0.048,0.042,0.048,1248438
VRC,20191001,0.011,0.011,0.01,0.01,1127040
VRI,20191001,0.043,0.046,0.043,0.046,393270
VRL,20191001,2.72,2.86,2.72,2.8,357405
VRT,20191001,4.45,4.45,4.345,4.35,396413
VRX,20191001,0.15,0.15,0.145,0.15,181006
VSO,20191001,60.46,60.5,59.75,60.5,2264
VTG,20191001,1.215,1.215,1.19,1.205,311417
VTH,20191001,0.885,0.9,0.885,0.9,29809
VTI,20191001,0.068,0.071,0.064,0.07,1063089
VTS,20191001,224.08,226.02,223.69,226.02,11837
VVA,20191001,2.17,2.19,2.15,2.19,48765
VVR,20191001,2.85,2.88,2.83,2.88,1050369
VXR,20191001,0.16,0.16,0.15,0.15,262468
VYS,20191001,0.062,0.064,0.062,0.063,149259
WAA,20191001,1.12,1.13,1.12,1.13,40202
WAF,20191001,0.475,0.477,0.46,0.47,4238451
WAM,20191001,2.28,2.3,2.27,2.3,717935
WAX,20191001,1.5,1.52,1.495,1.515,300589
WBA,20191001,1.255,1.285,1.24,1.25,180990
WBC,20191001,29.62,29.805,29.4,29.7,6568495
WBE,20191001,0.008,0.008,0.008,0.008,3043556
WBT,20191001,0.39,0.405,0.375,0.385,74650
WCN,20191001,0.006,0.006,0.006,0.006,1810000
WEB,20191001,10.9,10.96,10.45,10.52,2580647
WEC,20191001,0.098,0.098,0.098,0.098,76001
WEL,20191001,0.072,0.072,0.063,0.066,3653680
WES,20191001,39.94,40.3,39.94,40.19,1940486
WGB,20191001,2.14,2.17,2.14,2.16,438564
WGN,20191001,1.765,1.77,1.75,1.75,118463
WGO,20191001,0.305,0.305,0.295,0.295,1466127
WGX,20191001,2.4,2.4,2.27,2.32,2872000
WHC,20191001,3.15,3.2,3.13,3.15,7430567
WHF,20191001,5,5.05,5,5.04,9145
WHK,20191001,0.075,0.077,0.075,0.076,311013
WIC,20191001,1.075,1.08,1.075,1.08,7600
WJA,20191001,0.105,0.11,0.105,0.11,24154
WKT,20191001,0.275,0.28,0.27,0.28,248662
WLD,20191001,0.051,0.051,0.049,0.049,59452
WLE,20191001,1.195,1.2,1.19,1.2,820534
WMI,20191001,1.425,1.455,1.425,1.455,220175
WML,20191001,0.022,0.022,0.015,0.015,1037961
WND,20191001,0.825,0.825,0.78,0.78,3205
WNR,20191001,0.32,0.32,0.32,0.32,21428
WOA,20191001,0.13,0.13,0.13,0.13,35411
WOR,20191001,12.89,13.12,12.66,13.05,1901701
WOW,20191001,37.21,37.6,37.01,37.59,2360420
WPL,20191001,32.15,32.28,31.97,32.2,2210207
WPP,20191001,0.515,0.52,0.51,0.51,197782
WQG,20191001,1.095,1.1,1.095,1.1,89948
WRM,20191001,0.006,0.006,0.006,0.006,850000
WSA,20191001,3.08,3.195,3.05,3.17,2213742
WSI,20191001,0.028,0.028,0.028,0.028,1689917
WSP,20191001,1.61,1.65,1.61,1.64,123246
WTC,20191001,35.07,35.49,34.58,35.04,895109
WWG,20191001,0.23,0.23,0.23,0.23,12286
WWI,20191001,0.006,0.006,0.006,0.006,830089
WZR,20191001,0.145,0.145,0.14,0.145,1527320
XAM,20191001,0.05,0.05,0.049,0.049,232162
XCD,20191001,0.008,0.008,0.008,0.008,2284238
XF1,20191001,0.37,0.41,0.355,0.41,35788
XPE,20191001,0.001,0.001,0.001,0.001,3500000
XPL,20191001,0.076,0.078,0.073,0.078,633773
XRF,20191001,0.255,0.255,0.255,0.255,172548
XRO,20191001,62.3,63.82,61.96,63.82,337761
XTE,20191001,0.75,0.79,0.73,0.745,130888
YAL,20191001,3.08,3.2,3.08,3.08,17113
YOJ,20191001,0.078,0.078,0.076,0.077,340912
YPB,20191001,0.007,0.007,0.006,0.006,2900578
YRL,20191001,0.285,0.31,0.28,0.31,67561
Z1P,20191001,4.73,4.93,4.68,4.81,5408357
ZEL,20191001,5.2,5.23,5.15,5.23,42213
ZEN,20191001,0.625,0.645,0.625,0.64,101076
ZGL,20191001,0.08,0.08,0.08,0.08,50000
ZIM,20191001,10,10,10,10,1851
ZIP,20191001,0.012,0.012,0.01,0.01,1981301
ZLD,20191001,0.084,0.087,0.079,0.083,3479403
ZMI,20191001,0.09,0.09,0.09,0.09,6667
ZNO,20191001,0.09,0.09,0.09,0.09,65000
XAF,20191001,6606.1,6656.9,6598.8,6654.4,0
XAO,20191001,6800.6,6853.7,6800.6,6853,0
XAT,20191001,6650.4,6704,6648.3,6703.4,0
XDJ,20191001,2606.4,2634.7,2606.4,2634.6,0
XEC,20191001,1592.9,1594.2,1583.1,1585.6,0
XEJ,20191001,10822.8,10829.1,10679.9,10775.3,0
XFJ,20191001,6477.7,6504.7,6448.2,6499.9,0
XFL,20191001,6661.1,6712.7,6654.8,6709.6,0
XGD,20191001,7413,7413,7175.4,7358.3,0
XHJ,20191001,35653.6,36395.9,35642.4,36395.9,0
XIJ,20191001,1383.7,1398.4,1376,1398.4,0
XJO,20191001,6688.3,6743.7,6687.8,6742.8,0
XJR,20191001,4704,4710.8,4657.7,4710.8,0
XKO,20191001,6649.9,6703.7,6649,6702.8,0
XMD,20191001,7057,7137.7,7055.5,7137.7,0
XMJ,20191001,13271.9,13343.7,13164.1,13343.7,0
XMM,20191001,4323.8,4334.4,4275.6,4334.4,0
XNJ,20191001,6745.4,6860,6745.4,6860,0
XPJ,20191001,1609.8,1632,1609.8,1629,0
XSJ,20191001,12547.3,12679.2,12519.2,12675.9,0
XSO,20191001,2894.3,2919.7,2887.6,2919.7,0
XTJ,20191001,1260.6,1282.2,1255.2,1277.6,0
XTL,20191001,3714,3742.5,3708,3740.1,0
XTO,20191001,5544.7,5589.5,5543.5,5588.3,0
XUJ,20191001,8117.5,8189.6,8117.5,8189.6,0
XXJ,20191001,7224.8,7255,7191.9,7249.6,0
