14D,20190410,0.31,0.31,0.305,0.305,36039
1AG,20190410,0.043,0.043,0.043,0.043,22584
1ST,20190410,0.049,0.049,0.049,0.049,10000
3DP,20190410,0.044,0.045,0.043,0.043,1392586
4CE,20190410,0.009,0.01,0.008,0.01,1225005
4DS,20190410,0.075,0.085,0.075,0.085,10369987
5GN,20190410,0.925,0.93,0.88,0.9,479812
88E,20190410,0.015,0.015,0.014,0.014,861823
8CO,20190410,0.054,0.058,0.054,0.057,761928
8EC,20190410,0.715,0.715,0.715,0.715,20000
9SP,20190410,0.024,0.024,0.023,0.024,1054531
A1C,20190410,0.175,0.175,0.175,0.175,5000
A1G,20190410,0.225,0.225,0.215,0.215,8000
A2B,20190410,2.1,2.15,2.1,2.15,1047803
A2M,20190410,13.67,13.93,13.66,13.78,823085
A3D,20190410,0.39,0.39,0.38,0.385,207777
A40,20190410,0.175,0.175,0.175,0.175,193642
A4N,20190410,0.105,0.11,0.105,0.11,299250
AAA,20190410,50.1,50.11,50.1,50.1,45276
AAC,20190410,1.09,1.11,1.085,1.085,392262
AAR,20190410,0.086,0.086,0.083,0.086,134078
AAU,20190410,0.01,0.01,0.01,0.01,336300
AB1,20190410,0.12,0.145,0.115,0.145,9799163
ABA,20190410,5.09,5.09,5.08,5.08,923
ABC,20190410,4.3,4.35,4.29,4.32,724115
ABP,20190410,3.65,3.66,3.605,3.63,509843
ABR,20190410,0.21,0.21,0.2,0.2,446316
ABT,20190410,0.115,0.115,0.115,0.115,28191
ABV,20190410,0.012,0.012,0.01,0.012,340982
ABX,20190410,0.105,0.105,0.105,0.105,55000
AC8,20190410,0.41,0.415,0.4,0.4,936250
ACF,20190410,0.39,0.39,0.375,0.375,391688
ACQ,20190410,1.085,1.085,1.075,1.075,17685
ACR,20190410,0.24,0.24,0.23,0.24,112977
ACW,20190410,0.054,0.054,0.053,0.053,2431227
AD1,20190410,0.01,0.01,0.01,0.01,125000
AD8,20190410,6.25,6.35,6.23,6.29,317661
ADA,20190410,0.75,0.78,0.74,0.755,125186
ADH,20190410,1.665,1.665,1.607,1.66,187700
ADI,20190410,2.85,2.87,2.84,2.87,27451
ADJ,20190410,0.032,0.032,0.028,0.029,1857714
ADN,20190410,0.005,0.005,0.005,0.005,480000
ADO,20190410,0.017,0.017,0.017,0.017,840426
ADR,20190410,0.03,0.03,0.03,0.03,120000
ADT,20190410,1.12,1.12,1.05,1.1,626700
ADV,20190410,0.003,0.003,0.003,0.003,1635691
ADX,20190410,0.006,0.006,0.006,0.006,292002
ADY,20190410,0.013,0.013,0.012,0.012,166500
AEE,20190410,0.012,0.014,0.012,0.014,13604912
AEF,20190410,2.38,2.38,2.2,2.2,55367
AEG,20190410,0.935,0.96,0.935,0.96,163731
AEI,20190410,0.175,0.18,0.175,0.18,118164
AEV,20190410,0.019,0.019,0.018,0.018,310000
AFG,20190410,1.23,1.24,1.215,1.24,58585
AFI,20190410,5.92,5.93,5.86,5.87,454713
AFR,20190410,0.012,0.012,0.012,0.012,1000
AGD,20190410,0.085,0.085,0.085,0.085,17530
AGE,20190410,0.004,0.004,0.004,0.004,500000
AGG,20190410,3.9,3.95,3.87,3.92,4509
AGH,20190410,0.415,0.43,0.415,0.427,141007
AGI,20190410,0.805,0.82,0.8,0.8,41220
AGL,20190410,21.56,21.57,21.385,21.51,1713085
AGR,20190410,0.18,0.18,0.175,0.175,107198
AGS,20190410,0.092,0.092,0.092,0.092,1666
AGY,20190410,0.093,0.094,0.091,0.092,3186039
AHF,20190410,0.15,0.15,0.14,0.14,271716
AHG,20190410,2.08,2.14,2.07,2.13,886462
AHQ,20190410,0.063,0.063,0.06,0.06,345327
AHX,20190410,0.44,0.44,0.44,0.44,4000
AHY,20190410,0.885,0.892,0.86,0.87,240309
AHZ,20190410,0.077,0.095,0.065,0.073,10350103
AIA,20190410,7.58,7.6,7.5,7.6,99511
AIQ,20190410,0.095,0.095,0.095,0.095,743
AIR,20190410,0.265,0.3,0.255,0.3,133693
AIS,20190410,0.15,0.15,0.14,0.14,388237
AIZ,20190410,2.61,2.655,2.6,2.65,114117
AJL,20190410,0.125,0.135,0.125,0.13,34335
AJM,20190410,0.125,0.13,0.125,0.125,1547696
AJQ,20190410,0.088,0.088,0.085,0.085,96309
AJX,20190410,0.145,0.145,0.13,0.135,626495
AKG,20190410,0.39,0.4,0.39,0.39,8732
AKM,20190410,0.026,0.027,0.025,0.025,3109446
AKP,20190410,19.8,20,18.2,18.25,12267
AL8,20190410,0.05,0.05,0.041,0.041,219700
ALC,20190410,0.055,0.056,0.053,0.055,432112
ALF,20190410,0.92,0.925,0.92,0.925,174247
ALG,20190410,1.18,1.18,1.13,1.16,2417200
ALI,20190410,2.15,2.15,2.13,2.15,196810
ALK,20190410,0.265,0.265,0.265,0.265,585406
ALL,20190410,25.55,25.94,25.45,25.55,805671
ALQ,20190410,7.97,8.02,7.95,7.97,477860
ALT,20190410,0.005,0.005,0.005,0.005,900000
ALU,20190410,32.29,32.96,32.06,32.15,252578
ALX,20190410,6.93,7.04,6.93,6.99,1930352
AMA,20190410,1.155,1.155,1.147,1.155,503736
AMC,20190410,15.35,15.36,15.22,15.35,3382458
AMD,20190410,0.011,0.012,0.011,0.012,205897
AMG,20190410,0.13,0.145,0.13,0.135,2305388
AMH,20190410,0.845,0.85,0.84,0.85,226833
AMI,20190410,0.81,0.825,0.787,0.815,5988788
AML,20190410,0.235,0.235,0.225,0.225,362021
AMN,20190410,0.545,0.545,0.52,0.52,29732
AMP,20190410,2.18,2.22,2.17,2.21,8897976
AMS,20190410,1,1.055,0.95,1.005,275157
AMT,20190410,0.1,0.1,0.1,0.1,2775
ANG,20190410,0.205,0.205,0.2,0.205,2295197
ANL,20190410,0.002,0.002,0.002,0.002,500000
ANN,20190410,25.73,25.97,25.55,25.88,472359
ANO,20190410,4.75,4.78,4.35,4.62,50510
ANP,20190410,0.042,0.042,0.041,0.041,162066
ANR,20190410,0.495,0.495,0.49,0.49,12036
ANZ,20190410,25.59,25.84,25.54,25.68,3281188
AOF,20190410,2.65,2.69,2.65,2.69,26106
AOG,20190410,1.935,1.945,1.925,1.925,831937
AON,20190410,0.105,0.105,0.098,0.1,162700
AOU,20190410,0.07,0.072,0.07,0.072,17859
APA,20190410,9.64,9.67,9.62,9.65,761420
APC,20190410,0.083,0.083,0.082,0.082,415512
APD,20190410,0.44,0.445,0.44,0.445,19642
APE,20190410,7.67,7.81,7.65,7.78,26728
APG,20190410,0.001,0.001,0.001,0.001,3000000
API,20190410,1.545,1.56,1.53,1.545,704706
APL,20190410,1.01,1.02,1,1.015,341485
APT,20190410,24.8,25.35,24.71,25.03,2431979
APW,20190410,1.355,1.355,1.335,1.335,11820
APX,20190410,23.5,23.95,23.48,23.55,613883
AQC,20190410,0.57,0.57,0.57,0.57,2500
AQD,20190410,0.014,0.014,0.014,0.014,50000
AQG,20190410,3.8,3.86,3.77,3.82,86642
AQI,20190410,0.037,0.037,0.035,0.035,615564
AQR,20190410,3,3.01,3,3,17605
AQX,20190410,0.014,0.014,0.014,0.014,377814
AQZ,20190410,2.79,2.8,2.79,2.79,37310
AR9,20190410,0.1,0.1,0.098,0.098,73556
ARB,20190410,17.14,17.35,16.9,17.18,81380
ARD,20190410,0.016,0.02,0.016,0.019,4034165
ARE,20190410,0.015,0.015,0.013,0.013,16357568
ARF,20190410,2.75,2.8,2.74,2.79,125124
ARG,20190410,7.66,7.68,7.62,7.63,146081
ARL,20190410,0.485,0.485,0.455,0.46,74855
ARN,20190410,0.12,0.12,0.12,0.12,20000
ARQ,20190410,1.825,1.86,1.805,1.81,136760
ARS,20190410,0.025,0.025,0.025,0.025,2235290
ARU,20190410,0.073,0.074,0.072,0.074,623019
ARV,20190410,0.054,0.056,0.052,0.055,457794
ASB,20190410,2.32,2.35,2.295,2.31,1213768
ASG,20190410,1.18,1.2,1.18,1.2,50080
ASH,20190410,0.25,0.25,0.25,0.25,82100
ASL,20190410,1.7,1.73,1.625,1.64,2379180
ASN,20190410,0.065,0.065,0.063,0.064,3471774
ASP,20190410,0.014,0.014,0.012,0.013,2785312
AST,20190410,1.77,1.775,1.755,1.76,2586964
ASW,20190410,0.685,0.685,0.685,0.685,765
ASX,20190410,70.29,71.02,70.29,70.68,209286
ATC,20190410,0.14,0.14,0.135,0.14,308742
ATL,20190410,0.93,0.93,0.827,0.93,90865
ATU,20190410,0.345,0.345,0.31,0.325,270748
ATX,20190410,0.125,0.14,0.125,0.125,25950
AU1,20190410,0.12,0.125,0.12,0.125,36190
AU8,20190410,0.2,0.2,0.195,0.2,200095
AUB,20190410,12.71,12.88,12.47,12.72,40541
AUC,20190410,0.02,0.02,0.02,0.02,207100
AUI,20190410,8.33,8.36,8.33,8.35,8695
AUL,20190410,0.004,0.004,0.004,0.004,1680000
AUP,20190410,2,2,2,2,962
AUR,20190410,0.028,0.028,0.028,0.028,26500
AUZ,20190410,0.025,0.026,0.025,0.025,7035463
AVA,20190410,0.15,0.15,0.145,0.145,140237
AVG,20190410,0.48,0.48,0.48,0.48,836175
AVH,20190410,0.435,0.435,0.33,0.33,32004944
AVJ,20190410,0.515,0.515,0.51,0.51,26471
AVL,20190410,0.021,0.022,0.02,0.02,1413164
AVN,20190410,2.26,2.29,2.26,2.27,194064
AVQ,20190410,0.056,0.056,0.053,0.053,539980
AVZ,20190410,0.043,0.044,0.042,0.043,7423962
AWC,20190410,2.53,2.53,2.45,2.49,11597576
AWN,20190410,0.2,0.2,0.2,0.2,22100
AWV,20190410,0.015,0.015,0.014,0.014,379432
AWY,20190410,0.044,0.044,0.044,0.044,45000
AX1,20190410,1.46,1.5,1.455,1.485,378462
AXE,20190410,0.073,0.075,0.073,0.075,32469
AXT,20190410,0.01,0.01,0.01,0.01,41214
AYF,20190410,5.87,5.87,5.87,5.87,8035
AYS,20190410,0.655,0.67,0.64,0.65,171257
AZJ,20190410,4.55,4.63,4.54,4.62,4011767
AZM,20190410,0.023,0.024,0.023,0.023,567755
AZS,20190410,0.097,0.1,0.097,0.097,118167
AZV,20190410,0.065,0.065,0.065,0.065,20305
AZY,20190410,0.022,0.023,0.021,0.021,6961288
B2Y,20190410,0.12,0.12,0.105,0.115,522830
BAF,20190410,0.835,0.84,0.825,0.825,216688
BAL,20190410,10.36,10.43,10.25,10.28,592732
BAP,20190410,5.42,5.48,5.4,5.45,1522054
BAR,20190410,0.031,0.031,0.029,0.029,148790
BAS,20190410,0.002,0.003,0.002,0.003,2000000
BAT,20190410,0.027,0.027,0.026,0.026,2009975
BAU,20190410,0.055,0.055,0.053,0.053,48916
BBC,20190410,0.73,0.73,0.73,0.73,11208
BBN,20190410,2.36,2.39,2.3,2.35,120820
BBX,20190410,0.31,0.365,0.31,0.365,341004
BC8,20190410,0.19,0.19,0.19,0.19,2450
BCB,20190410,0.023,0.023,0.023,0.023,482087
BCC,20190410,0.27,0.27,0.245,0.265,78180
BCI,20190410,0.17,0.17,0.16,0.16,182796
BCK,20190410,0.032,0.035,0.032,0.035,177457
BCN,20190410,0.019,0.019,0.019,0.019,1573816
BCT,20190410,0.085,0.085,0.085,0.085,307286
BD1,20190410,0.019,0.02,0.019,0.02,1677100
BDA,20190410,0.335,0.335,0.32,0.325,16038
BDC,20190410,0.041,0.042,0.041,0.042,334058
BEL,20190410,0.084,0.084,0.084,0.084,11402
BEM,20190410,0.068,0.068,0.067,0.067,28921
BEN,20190410,9.76,9.84,9.72,9.77,1653403
BFC,20190410,0.13,0.13,0.125,0.13,233378
BFG,20190410,0.75,0.75,0.73,0.735,537142
BGA,20190410,4.9,4.96,4.84,4.94,780164
BGL,20190410,0.56,0.58,0.55,0.58,672523
BGS,20190410,0.155,0.16,0.155,0.155,48220
BGT,20190410,0.092,0.092,0.09,0.09,190973
BHP,20190410,39.58,39.89,39.55,39.89,3997176
BID,20190410,0.865,0.96,0.865,0.95,222029
BIN,20190410,1.59,1.615,1.555,1.605,2832144
BIS,20190410,1,1.01,1,1.01,18734
BIT,20190410,0.081,0.082,0.079,0.081,184289
BKI,20190410,1.5,1.5,1.49,1.5,213468
BKL,20190410,91.39,91.48,89.58,89.6,137873
BKT,20190410,0.067,0.07,0.067,0.07,921588
BKW,20190410,16.7,16.87,16.6,16.72,235728
BKY,20190410,0.355,0.36,0.355,0.355,27760
BLA,20190410,0.395,0.41,0.39,0.39,172382
BLD,20190410,4.75,4.75,4.68,4.73,4287477
BLG,20190410,0.16,0.16,0.155,0.16,164738
BLK,20190410,0.014,0.015,0.014,0.014,7176288
BLT,20190410,0.14,0.14,0.135,0.135,18500
BLX,20190410,1.105,1.105,1.075,1.075,216255
BLY,20190410,0.003,0.004,0.003,0.004,332566
BLZ,20190410,0.02,0.023,0.018,0.023,1287042
BMG,20190410,0.009,0.009,0.009,0.009,296780
BMN,20190410,0.052,0.055,0.049,0.051,3877940
BMT,20190410,0.145,0.145,0.145,0.145,3600
BNO,20190410,0.15,0.15,0.14,0.145,399668
BOA,20190410,0.18,0.2,0.17,0.2,15000
BOE,20190410,0.055,0.055,0.053,0.055,1124804
BOL,20190410,0.16,0.16,0.16,0.16,1814014
BOQ,20190410,9.4,9.49,9.31,9.41,1502309
BOT,20190410,0.105,0.11,0.105,0.11,267179
BPL,20190410,0.019,0.019,0.019,0.019,30725
BPT,20190410,2.11,2.13,2.09,2.13,7564124
BRB,20190410,0.41,0.41,0.395,0.405,72627
BRG,20190410,17.38,17.83,17.18,17.52,246608
BRI,20190410,1.2,1.2,1.2,1.2,7500
BRK,20190410,0.015,0.015,0.015,0.015,283000
BRL,20190410,0.135,0.135,0.135,0.135,4000
BRN,20190410,0.056,0.056,0.054,0.054,1531493
BRU,20190410,0.25,0.25,0.24,0.25,284500
BSA,20190410,0.265,0.27,0.265,0.27,94045
BSE,20190410,0.28,0.3,0.27,0.3,4624034
BSL,20190410,14.2,14.35,13.99,14.29,2828197
BSM,20190410,0.013,0.013,0.01,0.01,20195220
BSR,20190410,0.017,0.018,0.017,0.018,1260000
BST,20190410,0.925,0.925,0.915,0.915,44248
BSX,20190410,0.075,0.075,0.075,0.075,38000
BTH,20190410,0.53,0.535,0.515,0.535,277685
BTI,20190410,0.785,0.81,0.77,0.81,206300
BUB,20190410,0.755,0.78,0.745,0.775,2046691
BUD,20190410,0.072,0.075,0.071,0.071,720103
BUL,20190410,0.06,0.06,0.06,0.06,371410
BUX,20190410,0.105,0.115,0.105,0.115,534359
BUY,20190410,0.003,0.004,0.003,0.004,286705
BVS,20190410,5.3,5.36,5.26,5.31,649154
BWF,20190410,0.86,0.89,0.86,0.89,20000
BWP,20190410,3.56,3.61,3.56,3.61,760778
BWR,20190410,1.43,1.43,1.4,1.4,77000
BWX,20190410,2.46,2.58,2.44,2.49,331580
BXB,20190410,11.66,11.81,11.66,11.8,1801062
BXN,20190410,0.021,0.021,0.021,0.021,50000
BYE,20190410,0.3,0.3,0.295,0.295,198547
C6C,20190410,1.065,1.065,1.065,1.065,3287
CAA,20190410,0.13,0.13,0.125,0.125,72615
CAF,20190410,0.098,0.098,0.098,0.098,40000
CAG,20190410,1.175,1.175,1,1,133895
CAI,20190410,0.026,0.026,0.025,0.026,1164873
CAJ,20190410,0.235,0.235,0.23,0.23,276006
CAM,20190410,0.88,0.88,0.88,0.88,54191
CAN,20190410,2.33,2.4,2.32,2.36,342144
CAP,20190410,0.053,0.055,0.053,0.055,1157746
CAR,20190410,12.82,13.04,12.7,12.96,1661714
CAT,20190410,1.05,1.11,1.05,1.11,461885
CAV,20190410,0.004,0.004,0.004,0.004,150000
CAY,20190410,0.21,0.21,0.2,0.2,677149
CAZ,20190410,0.025,0.025,0.024,0.024,164651
CBA,20190410,70.14,71.03,70.03,70.75,2079661
CCA,20190410,0.04,0.04,0.037,0.037,1274483
CCL,20190410,8.41,8.45,8.38,8.4,1011551
CCP,20190410,23.08,23.5,23.05,23.09,258633
CCV,20190410,0.155,0.157,0.155,0.155,378268
CCX,20190410,1.51,1.595,1.505,1.595,999661
CD3,20190410,1.62,1.62,1.62,1.62,21604
CDA,20190410,3.13,3.15,3.11,3.15,39309
CDD,20190410,1.085,1.09,1.07,1.07,43696
CDM,20190410,0.875,0.885,0.865,0.885,213564
CDP,20190410,6.95,7.06,6.95,7.05,342
CDT,20190410,0.007,0.007,0.007,0.007,204174
CDV,20190410,0.36,0.41,0.36,0.41,419051
CDX,20190410,0.043,0.043,0.04,0.04,3991156
CDY,20190410,0.245,0.245,0.245,0.245,20000
CE1,20190410,0.044,0.046,0.044,0.045,1033914
CEN,20190410,6.38,6.39,6.26,6.39,3452
CFO,20190410,0.255,0.255,0.255,0.255,4488
CGC,20190410,5.19,5.21,5.02,5.04,2168283
CGF,20190410,7.61,7.71,7.56,7.65,1793511
CGL,20190410,7.45,7.45,7.32,7.35,41757
CGN,20190410,0.015,0.016,0.015,0.015,360870
CGO,20190410,0.1,0.1,0.099,0.099,57473
CGR,20190410,0.505,0.51,0.505,0.505,31655
CGS,20190410,0.21,0.21,0.21,0.21,8174
CHC,20190410,9.9,10.065,9.9,10.04,1956767
CHK,20190410,0.012,0.012,0.011,0.012,937932
CHN,20190410,0.13,0.14,0.13,0.14,210968
CHZ,20190410,0.06,0.062,0.056,0.056,1572000
CI1,20190410,0.014,0.014,0.012,0.012,100000
CIA,20190410,2.23,2.25,2.2,2.23,616282
CIE,20190410,0.77,0.77,0.765,0.77,54306
CIM,20190410,48.71,49.16,48.2,48.85,412345
CIP,20190410,3.04,3.05,3.01,3.02,54771
CIW,20190410,0.45,0.46,0.45,0.46,92326
CKA,20190410,0.063,0.064,0.062,0.063,772775
CKF,20190410,7.25,7.28,7.19,7.24,152506
CL1,20190410,1.73,1.74,1.71,1.725,261072
CL8,20190410,0.012,0.012,0.012,0.012,28404
CLA,20190410,0.018,0.019,0.018,0.019,1453000
CLB,20190410,0.14,0.14,0.13,0.13,55733
CLF,20190410,1.285,1.285,1.285,1.285,29660
CLH,20190410,1.23,1.255,1.23,1.245,183372
CLI,20190410,0.038,0.041,0.034,0.036,45245112
CLQ,20190410,0.33,0.34,0.325,0.33,585623
CLV,20190410,2.09,2.14,2.08,2.13,203611
CLW,20190410,4.48,4.5,4.44,4.46,368373
CLX,20190410,0.81,0.815,0.81,0.815,3288
CLZ,20190410,0.001,0.001,0.001,0.001,2050000
CM8,20190410,0.011,0.011,0.01,0.011,264105
CMA,20190410,2.53,2.53,2.52,2.52,249772
CMM,20190410,0.083,0.083,0.082,0.083,2279030
CMP,20190410,0.44,0.445,0.44,0.44,103315
CMW,20190410,1.1,1.105,1.092,1.1,4593476
CNI,20190410,1.36,1.375,1.36,1.37,101192
CNJ,20190410,0.015,0.015,0.015,0.015,246589
CNU,20190410,5.68,5.69,5.62,5.62,157372
CNW,20190410,0.048,0.05,0.048,0.049,5330194
COB,20190410,0.155,0.155,0.145,0.15,148770
COE,20190410,0.49,0.495,0.485,0.485,1106440
COG,20190410,0.099,0.099,0.096,0.096,30417
COH,20190410,172.9,175.4,170.57,171.03,232803
COI,20190410,0.29,0.29,0.285,0.29,203151
COL,20190410,12.23,12.3,12.165,12.21,1641165
CP1,20190410,0.12,0.12,0.115,0.115,17500
CPU,20190410,17.4,17.695,17.4,17.52,1300717
CPV,20190410,0.245,0.25,0.24,0.245,92504
CQE,20190410,3.48,3.53,3.45,3.53,253809
CQR,20190410,4.53,4.555,4.51,4.54,995249
CR1,20190410,0.24,0.24,0.24,0.24,21650
CRD,20190410,1.02,1.04,1.02,1.04,6152372
CRN,20190410,3,3,2.93,2.96,281775
CRO,20190410,0.008,0.009,0.008,0.009,340000
CRS,20190410,0.2,0.215,0.2,0.2,77000
CSE,20190410,0.1,0.1,0.1,0.1,15000
CSL,20190410,202.03,202.49,200.56,201.47,458026
CSR,20190410,3.41,3.47,3.405,3.45,2072325
CSS,20190410,0.97,0.985,0.965,0.985,18663
CSV,20190410,0.2,0.2,0.2,0.2,10000
CTD,20190410,25.1,25.46,24.94,25.27,101317
CTM,20190410,0.006,0.006,0.006,0.006,350000
CTO,20190410,0.005,0.005,0.005,0.005,25000
CTP,20190410,0.15,0.155,0.15,0.155,1113320
CTX,20190410,26.99,27.245,26.94,27.16,1440520
CUE,20190410,0.065,0.07,0.064,0.07,801957
CUP,20190410,0.495,0.495,0.495,0.495,9858
CUV,20190410,25.68,26.06,25.46,25.65,41721
CV1,20190410,0.1,0.11,0.1,0.11,460205
CVC,20190410,2.62,2.62,2.62,2.62,764
CVF,20190410,0.965,0.965,0.965,0.965,4000
CVN,20190410,0.435,0.44,0.43,0.44,1159085
CVS,20190410,0.003,0.003,0.003,0.003,38000
CVV,20190410,0.046,0.046,0.041,0.041,24040
CVW,20190410,0.64,0.64,0.605,0.64,6748628
CWL,20190410,0.054,0.054,0.053,0.053,158335
CWN,20190410,12.62,13.01,12.53,12.77,5337718
CWP,20190410,5.59,5.68,5.54,5.67,100867
CWX,20190410,0.145,0.145,0.135,0.135,29375
CWY,20190410,2.27,2.27,2.22,2.24,7632284
CXL,20190410,0.73,0.73,0.725,0.725,23357
CXM,20190410,0.11,0.11,0.11,0.11,47850
CXO,20190410,0.057,0.057,0.055,0.055,892690
CXX,20190410,0.09,0.09,0.09,0.09,22790
CXZ,20190410,0.01,0.01,0.01,0.01,283131
CY5,20190410,0.051,0.051,0.05,0.05,75000
CYB,20190410,3.69,3.74,3.685,3.73,3716667
CYG,20190410,0.865,0.865,0.855,0.855,40263
CYL,20190410,2.16,2.22,2.15,2.16,32010
CYP,20190410,1.22,1.25,1.205,1.245,28626
CZI,20190410,0.097,0.105,0.097,0.1,1039612
CZL,20190410,0.017,0.017,0.015,0.016,2154614
CZN,20190410,0.003,0.003,0.003,0.003,103000
D2O,20190410,1.61,1.61,1.58,1.58,11240
DBF,20190410,1.4,1.4,1.4,1.4,1500
DCC,20190410,0.079,0.082,0.076,0.079,5963150
DCG,20190410,0.96,0.96,0.94,0.955,166717
DCL,20190410,0.115,0.12,0.115,0.12,195891
DCN,20190410,2.3,2.38,2.3,2.35,418956
DDD,20190410,0.002,0.002,0.002,0.002,2306136
DDR,20190410,4.2,4.26,4.1,4.13,109914
DDT,20190410,0.005,0.007,0.005,0.007,5224859
DEG,20190410,0.094,0.094,0.092,0.092,1743119
DEM,20190410,0.145,0.145,0.14,0.14,50000
DEV,20190410,0.039,0.04,0.039,0.04,408066
DFM,20190410,0.91,0.91,0.91,0.91,62789
DGH,20190410,1.32,1.32,1.32,1.32,2750
DGO,20190410,0.7,0.7,0.7,0.7,1260
DGR,20190410,0.135,0.135,0.135,0.135,12651
DHG,20190410,2.74,2.79,2.66,2.78,1152947
DHR,20190410,0.008,0.008,0.006,0.006,3408978
DIV,20190410,20.25,20.25,20.25,20.25,1041
DJW,20190410,3.14,3.16,3.12,3.16,167899
DLX,20190410,7.47,7.5,7.45,7.47,1199606
DMG,20190410,0.02,0.02,0.02,0.02,315675
DMP,20190410,42.96,44.38,42.96,43.72,279211
DN8,20190410,0.091,0.091,0.091,0.091,18138
DNA,20190410,0.084,0.092,0.084,0.09,6176799
DNK,20190410,0.79,0.79,0.78,0.78,15420
DOR,20190410,0.066,0.066,0.065,0.065,61264
DOW,20190410,7.7,7.76,7.63,7.64,1564403
DRO,20190410,0.125,0.13,0.125,0.13,219338
DRX,20190410,0.011,0.012,0.011,0.012,1050000
DSE,20190410,0.039,0.039,0.033,0.033,641541
DTI,20190410,0.055,0.055,0.053,0.053,20933
DTL,20190410,1.79,1.8,1.775,1.795,228549
DTS,20190410,0.245,0.265,0.235,0.235,4068265
DTZ,20190410,0.074,0.074,0.074,0.074,10000
DUB,20190410,0.88,0.885,0.852,0.86,1282392
DUI,20190410,4.12,4.15,4.1,4.14,27969
DVL,20190410,0.048,0.054,0.048,0.054,179285
DVN,20190410,0.15,0.15,0.15,0.15,2284
DWS,20190410,1.03,1.035,1.015,1.015,120443
DXB,20190410,0.088,0.088,0.087,0.087,110789
DXS,20190410,12.48,12.52,12.44,12.49,2880561
DYL,20190410,0.395,0.395,0.385,0.385,104468
E25,20190410,0.17,0.17,0.17,0.17,12608
E2E,20190410,0.006,0.006,0.005,0.006,23753551
EAI,20190410,0.98,0.99,0.98,0.99,117355
EAR,20190410,0.17,0.17,0.165,0.17,893650
EAX,20190410,0.29,0.31,0.29,0.3,460770
EBO,20190410,20,20,20,20,144
ECG,20190410,0.105,0.11,0.105,0.11,24008
ECX,20190410,0.82,0.827,0.79,0.81,5384407
ED1,20190410,1.64,1.64,1.6,1.6,14098
EDE,20190410,0.042,0.042,0.04,0.041,1725077
EEG,20190410,0.019,0.019,0.019,0.019,2093455
EGD,20190410,2.05,2.05,2.03,2.03,82753
EGF,20190410,1.6,1.6,1.6,1.6,625
EGG,20190410,1.42,1.46,1.42,1.45,13765
EGI,20190410,0.94,0.94,0.935,0.935,77615
EGN,20190410,0.46,0.46,0.455,0.455,26000
EHE,20190410,2.78,2.86,2.76,2.84,1355730
EHH,20190410,0.3,0.3,0.3,0.3,353333
EHL,20190410,1.81,1.89,1.775,1.87,2325492
EHX,20190410,0.036,0.038,0.036,0.038,803026
ELD,20190410,6,6.05,5.84,5.91,355743
ELO,20190410,5.74,5.75,5.68,5.7,38010
ELS,20190410,0.57,0.63,0.57,0.63,1070599
ELT,20190410,0.008,0.008,0.008,0.008,1830000
ELX,20190410,0.63,0.63,0.6,0.605,65992
EM1,20190410,0.033,0.037,0.033,0.035,24642059
EM2,20190410,0.14,0.18,0.14,0.18,641769
EMH,20190410,0.37,0.39,0.36,0.39,50307
EML,20190410,1.74,1.77,1.715,1.755,67458
EMP,20190410,0.003,0.003,0.003,0.003,2207
EMR,20190410,0.041,0.041,0.04,0.04,928457
EMU,20190410,0.059,0.06,0.055,0.055,408000
EMV,20190410,0.39,0.39,0.385,0.385,38794
EN1,20190410,0.044,0.045,0.042,0.045,16217509
ENN,20190410,1.745,1.75,1.71,1.74,14477405
ENR,20190410,0.088,0.09,0.087,0.087,112550
EOF,20190410,2.45,2.64,2.32,2.4,1192970
EOS,20190410,2.71,2.72,2.65,2.71,42299
EPD,20190410,0.39,0.39,0.39,0.39,59205
EPW,20190410,1.78,1.805,1.755,1.78,114697
EQE,20190410,0.01,0.01,0.01,0.01,114000
EQT,20190410,26.6,26.845,26.26,26.75,8094
ERA,20190410,0.26,0.26,0.24,0.24,423338
ERG,20190410,0.07,0.072,0.07,0.072,199643
ERM,20190410,0.077,0.077,0.077,0.077,162987
ERX,20190410,0.086,0.096,0.085,0.09,1426816
ESH,20190410,0.013,0.013,0.013,0.013,716538
ESR,20190410,0.015,0.015,0.015,0.015,92058
ESV,20190410,0.1,0.1,0.097,0.097,243636
ETE,20190410,0.012,0.012,0.012,0.012,230000
ETF,20190410,20.61,20.61,20.61,20.61,50
EUC,20190410,0.026,0.026,0.023,0.024,2046232
EUR,20190410,0.11,0.11,0.11,0.11,407391
EVE,20190410,0.006,0.006,0.006,0.006,1528913
EVN,20190410,3.73,3.77,3.715,3.73,3350055
EVO,20190410,0.33,0.38,0.26,0.3,1353534
EVS,20190410,0.175,0.175,0.165,0.165,1098098
EVT,20190410,13.27,13.69,13.27,13.46,17285
EWC,20190410,0.081,0.082,0.078,0.078,447993
EX1,20190410,0.42,0.42,0.415,0.415,82650
EXL,20190410,5.46,5.58,5.32,5.38,439298
EXP,20190410,0.27,0.27,0.255,0.27,82867
EXR,20190410,0.035,0.035,0.032,0.033,1623139
EZL,20190410,1.185,1.2,1.185,1.19,59314
FAR,20190410,0.057,0.058,0.057,0.058,695486
FBR,20190410,0.077,0.078,0.076,0.077,1084974
FBU,20190410,4.73,4.76,4.675,4.68,395345
FCC,20190410,0.2,0.2,0.185,0.185,1085541
FCT,20190410,0.29,0.29,0.28,0.29,313604
FDM,20190410,0.076,0.079,0.074,0.074,365853
FDV,20190410,0.55,0.555,0.545,0.545,19464
FEL,20190410,0.02,0.02,0.02,0.02,330681
FEX,20190410,0.062,0.062,0.057,0.061,2389541
FFG,20190410,0.015,0.015,0.015,0.015,1488591
FGG,20190410,1.385,1.39,1.38,1.39,106561
FGO,20190410,0.006,0.007,0.006,0.007,59100
FGR,20190410,0.175,0.175,0.165,0.17,361415
FGX,20190410,1.195,1.195,1.145,1.195,337084
FHS,20190410,0.018,0.018,0.016,0.016,93334
FID,20190410,4.6,4.6,4.45,4.45,54395
FIJ,20190410,0.08,0.08,0.08,0.08,9684
FLC,20190410,0.555,0.565,0.54,0.55,317457
FLN,20190410,0.725,0.725,0.69,0.69,50432
FLT,20190410,43.45,44.04,42.56,43.82,433028
FMG,20190410,8.06,8.18,8.02,8.17,14011505
FML,20190410,0.25,0.26,0.25,0.255,6129
FMS,20190410,0.041,0.047,0.041,0.043,1854375
FNP,20190410,5.1,5.2,5,5.1,170625
FNT,20190410,0.009,0.009,0.009,0.009,392096
FOD,20190410,0.091,0.091,0.088,0.088,1467815
FOR,20190410,1.345,1.365,1.34,1.35,28397
FPC,20190410,0.86,0.86,0.855,0.86,20508
FPH,20190410,14.31,14.525,14.22,14.32,271951
FPL,20190410,0.014,0.014,0.013,0.013,3198057
FPP,20190410,0.95,0.955,0.95,0.955,7350
FRI,20190410,0.83,0.845,0.82,0.82,159442
FRM,20190410,0.345,0.345,0.34,0.34,20302
FRN,20190410,0.015,0.015,0.015,0.015,75277
FRX,20190410,0.039,0.039,0.039,0.039,12765
FSA,20190410,1.035,1.05,1.035,1.05,18018
FSF,20190410,4.06,4.06,4.06,4.06,99
FSI,20190410,1.69,1.72,1.685,1.72,24221
FTC,20190410,0.043,0.043,0.04,0.043,104057
FTT,20190410,0.004,0.004,0.004,0.004,710000
FTZ,20190410,0.21,0.21,0.21,0.21,30000
FWD,20190410,1.95,1.975,1.94,1.975,831164
FXL,20190410,1.435,1.475,1.42,1.44,951567
FYI,20190410,0.052,0.052,0.052,0.052,111112
FZO,20190410,0.2,0.2,0.2,0.2,23732
FZR,20190410,0.215,0.22,0.215,0.22,5000
GAL,20190410,0.15,0.16,0.15,0.16,73800
GAS,20190410,0.85,0.905,0.85,0.905,12575
GBE,20190410,0.016,0.016,0.016,0.016,100001
GBG,20190410,0.026,0.026,0.025,0.025,1328421
GBR,20190410,0.115,0.115,0.11,0.11,388639
GBT,20190410,1.975,1.975,1.95,1.97,11366
GBZ,20190410,0.005,0.005,0.005,0.005,1510000
GC1,20190410,0.84,0.84,0.84,0.84,3315
GCI,20190410,2.05,2.05,2.02,2.02,45804
GCR,20190410,0.028,0.028,0.028,0.028,1437
GCY,20190410,0.053,0.053,0.052,0.052,369413
GDF,20190410,1.35,1.36,1.34,1.35,64556
GDI,20190410,1.38,1.385,1.36,1.375,998906
GDX,20190410,32.09,32.09,31.97,32.01,3423
GED,20190410,0.036,0.038,0.035,0.035,593823
GEM,20190410,3.24,3.34,3.22,3.34,1910639
GFL,20190410,1.905,1.905,1.905,1.905,3389
GGG,20190410,0.065,0.067,0.064,0.066,1303144
GLA,20190410,0.001,0.001,0.001,0.001,8407530
GLL,20190410,0.4,0.405,0.39,0.39,249262
GLN,20190410,0.41,0.42,0.35,0.37,3321755
GLV,20190410,0.003,0.003,0.003,0.003,816667
GMA,20190410,2.37,2.4,2.36,2.39,235344
GMC,20190410,0.006,0.006,0.006,0.006,18773298
GMD,20190410,0.028,0.028,0.027,0.027,578787
GMG,20190410,13.08,13.2,12.97,13.18,3044730
GML,20190410,0.014,0.015,0.014,0.014,3451000
GMN,20190410,0.069,0.069,0.066,0.066,686694
GMR,20190410,0.012,0.012,0.012,0.012,250000
GMV,20190410,0.27,0.275,0.27,0.27,92965
GNC,20190410,9.39,9.4,9.29,9.3,451790
GNE,20190410,2.89,2.89,2.86,2.88,10204
GNG,20190410,1.05,1.055,1.05,1.055,6492
GNX,20190410,0.225,0.225,0.22,0.22,406696
GOO,20190410,0.07,0.077,0.07,0.077,165641
GOR,20190410,0.945,0.965,0.94,0.96,911280
GOW,20190410,2.5,2.52,2.5,2.52,51653
GOZ,20190410,4.07,4.1,4.07,4.09,225417
GPP,20190410,0.002,0.003,0.002,0.003,245454
GPR,20190410,0.012,0.012,0.012,0.012,68036
GPT,20190410,6.02,6.05,5.97,5.98,4903170
GPX,20190410,0.245,0.245,0.22,0.225,145081
GRR,20190410,0.315,0.345,0.31,0.335,9635813
GSS,20190410,1.14,1.14,1.04,1.08,56566
GSW,20190410,0.275,0.275,0.255,0.255,348665
GTE,20190410,0.005,0.005,0.005,0.005,1100000
GTG,20190410,0.007,0.007,0.007,0.007,3982631
GTK,20190410,5.24,5.26,5.11,5.25,21727
GTN,20190410,1.29,1.3,1.28,1.295,23627
GUD,20190410,11.26,11.47,11.06,11.43,343643
GVF,20190410,1.005,1.02,1.005,1.02,115951
GWA,20190410,3.24,3.32,3.23,3.32,1131660
GXY,20190410,1.905,1.915,1.885,1.9,1051774
GZL,20190410,6.11,6.11,6.11,6.11,1168
HAS,20190410,0.175,0.175,0.165,0.17,1004422
HAV,20190410,0.14,0.145,0.14,0.145,38265
HAW,20190410,0.06,0.06,0.06,0.06,37180
HCH,20190410,0.03,0.031,0.03,0.031,1117705
HE8,20190410,0.15,0.15,0.145,0.145,534757
HFR,20190410,0.645,0.65,0.63,0.65,193334
HGO,20190410,0.083,0.083,0.082,0.082,4970
HHM,20190410,0.019,0.02,0.019,0.02,247000
HIG,20190410,0.107,0.11,0.107,0.107,657322
HIL,20190410,0.16,0.16,0.16,0.16,223767
HIT,20190410,0.9,0.9,0.9,0.9,1958
HLA,20190410,0.91,0.915,0.9,0.9,16385
HLO,20190410,4.2,4.24,4.12,4.18,128957
HLS,20190410,2.9,2.93,2.85,2.92,1031536
HLX,20190410,0.023,0.023,0.023,0.023,29273
HM1,20190410,2.87,2.87,2.84,2.84,108455
HMD,20190410,0.24,0.24,0.23,0.235,22354
HMX,20190410,0.027,0.028,0.027,0.027,1110795
HNR,20190410,0.012,0.012,0.012,0.012,52731
HOR,20190410,0.015,0.015,0.015,0.015,64800
HOT,20190410,0.17,0.17,0.17,0.17,7941
HPI,20190410,3.31,3.36,3.3,3.33,64150
HPR,20190410,0.063,0.063,0.055,0.055,570631
HRL,20190410,0.115,0.12,0.115,0.12,215000
HRR,20190410,0.64,0.645,0.64,0.645,25379
HSN,20190410,2.95,3.04,2.95,3.03,356484
HSO,20190410,2.46,2.46,2.44,2.44,3932988
HT1,20190410,1.735,1.79,1.735,1.78,1456494
HTA,20190410,0.135,0.135,0.135,0.135,40309
HUB,20190410,14.56,15.02,14.38,14.72,81438
HUO,20190410,4.45,4.52,4.43,4.43,18548
HVN,20190410,3.85,3.93,3.85,3.91,3421242
HWK,20190410,0.016,0.016,0.014,0.014,260000
HXG,20190410,0.14,0.14,0.135,0.135,20000
HYD,20190410,0.021,0.022,0.021,0.022,163555
HZN,20190410,0.12,0.12,0.115,0.115,323142
HZR,20190410,0.275,0.275,0.25,0.27,206055
IAA,20190410,89.25,89.44,88.56,89.44,4218
IAF,20190410,110.74,110.83,110.56,110.65,12719
IAG,20190410,7.6,7.61,7.53,7.59,2845329
IAM,20190410,0.007,0.007,0.006,0.007,420736
IAU,20190410,0.345,0.345,0.345,0.345,792
IBG,20190410,0.025,0.026,0.025,0.025,498571
ICG,20190410,0.003,0.004,0.003,0.004,1825000
ICI,20190410,0.072,0.072,0.072,0.072,11250
ICQ,20190410,0.225,0.225,0.205,0.205,222388
ICS,20190410,0.93,0.93,0.93,0.93,16895
ICT,20190410,0.06,0.06,0.058,0.058,206944
IDT,20190410,0.155,0.16,0.155,0.16,135000
IDX,20190410,2.69,2.73,2.69,2.71,109147
IDZ,20190410,0.021,0.022,0.021,0.022,59400
IEC,20190410,0.03,0.033,0.03,0.033,50000
IEL,20190410,14.87,15.05,14.66,14.9,350019
IEM,20190410,62.45,62.45,62.16,62.18,6780
IEU,20190410,62.2,62.36,62.05,62.16,30399
IFL,20190410,6.22,6.48,6.21,6.43,798025
IFM,20190410,1.63,1.67,1.63,1.66,269843
IFN,20190410,0.44,0.45,0.43,0.435,1073449
IFT,20190410,3.94,3.94,3.94,3.94,9004
IGB,20190410,108.43,108.78,108.43,108.58,2845
IGE,20190410,0.24,0.24,0.24,0.24,40500
IGL,20190410,2.21,2.22,2.2,2.22,198615
IGN,20190410,0.06,0.06,0.06,0.06,494681
IGO,20190410,4.94,5.01,4.86,4.87,2230242
IHD,20190410,13.81,13.85,13.81,13.84,8277
IHL,20190410,0.024,0.024,0.022,0.022,5760450
IHR,20190410,0.135,0.145,0.13,0.145,156578
IJH,20190410,270.55,270.55,269.88,269.88,93
IJP,20190410,77.3,77.35,76.91,77.19,5377
IJR,20190410,110.5,110.5,109.89,109.93,2837
IKO,20190410,88.85,89.63,88.85,89.63,778
ILB,20190410,122.62,123.05,122.62,122.8,860
ILC,20190410,24.26,24.4,24.26,24.37,9944
ILU,20190410,9.3,9.37,9.18,9.2,1902062
IMA,20190410,0.19,0.195,0.185,0.195,357856
IMC,20190410,0.18,0.2,0.18,0.195,338060
IMD,20190410,0.97,0.97,0.945,0.95,1239873
IME,20190410,0.023,0.023,0.023,0.023,220000
IMF,20190410,2.63,2.63,2.56,2.6,154841
IMM,20190410,0.029,0.03,0.028,0.029,2441523
IMS,20190410,0.011,0.011,0.01,0.01,250150
IMU,20190410,0.019,0.019,0.017,0.017,6933047
INA,20190410,3.04,3.05,3.01,3.05,239644
INF,20190410,0.089,0.089,0.086,0.086,118885
ING,20190410,4.28,4.295,4.26,4.26,1923027
INK,20190410,0.047,0.047,0.045,0.045,179450
INP,20190410,0.08,0.09,0.08,0.081,2895546
INR,20190410,0.19,0.19,0.175,0.18,1395443
IOO,20190410,68.25,68.25,68,68,10338
IOZ,20190410,25.44,25.57,25.42,25.52,295246
IPB,20190410,0.049,0.05,0.049,0.05,142811
IPD,20190410,0.22,0.225,0.212,0.215,589974
IPH,20190410,6.99,7.03,6.93,6.98,807022
IPL,20190410,3.22,3.23,3.16,3.21,4303154
IPT,20190410,0.007,0.007,0.007,0.007,663942
IRC,20190410,0.125,0.125,0.125,0.125,23250
IRD,20190410,0.072,0.072,0.072,0.072,13242
IRE,20190410,13.39,13.625,13.26,13.43,564874
IRI,20190410,2.45,2.48,2.4,2.42,108237
IS3,20190410,0.16,0.16,0.14,0.14,11080
ISD,20190410,0.2,0.205,0.19,0.19,674049
ISO,20190410,5.07,5.07,5.07,5.07,9016
ISU,20190410,0.62,0.66,0.615,0.63,19814
ISX,20190410,0.38,0.395,0.36,0.36,2227369
ITW,20190410,50.89,50.89,50.89,50.89,600
IVC,20190410,14.81,14.98,14.72,14.9,206829
IVE,20190410,92.4,92.81,92.4,92.53,395
IVO,20190410,0.004,0.004,0.004,0.004,17554799
IVR,20190410,0.01,0.01,0.01,0.01,448452
IVV,20190410,405.88,406.86,405.5,405.58,9372
IVX,20190410,0.025,0.029,0.024,0.026,13542559
IVZ,20190410,0.04,0.04,0.039,0.04,1566955
IXI,20190410,72,72.42,72,72.1,1920
IXJ,20190410,85.5,86.25,85.44,85.63,8217
IXU,20190410,0.098,0.098,0.095,0.095,194382
IZZ,20190410,64.6,64.6,63.95,63.95,4593
JAN,20190410,0.37,0.37,0.36,0.37,144833
JAT,20190410,0.061,0.061,0.059,0.059,1251033
JAY,20190410,0.275,0.275,0.27,0.27,70000
JBH,20190410,24.2,24.71,24.17,24.64,443405
JCS,20190410,0.03,0.03,0.03,0.03,253333
JHC,20190410,1.42,1.455,1.415,1.44,197915
JHG,20190410,34.14,34.14,33.61,33.76,784304
JHL,20190410,0.035,0.035,0.035,0.035,13777
JHX,20190410,18.68,18.73,18.46,18.65,923651
JIN,20190410,16.36,16.85,16.245,16.62,407293
JLG,20190410,1.42,1.43,1.39,1.42,213127
JMS,20190410,0.335,0.337,0.315,0.32,3884123
JPR,20190410,0.036,0.038,0.036,0.038,18671
JRV,20190410,0.255,0.255,0.25,0.255,155812
JXT,20190410,0.25,0.25,0.245,0.245,233643
JYC,20190410,1.41,1.41,1.41,1.41,3250
KAI,20190410,0.019,0.02,0.019,0.019,338186
KAM,20190410,0.08,0.081,0.08,0.081,21970
KAR,20190410,1.025,1.025,0.995,1,361983
KAS,20190410,0.07,0.071,0.063,0.071,68592
KAT,20190410,0.735,0.735,0.735,0.735,30940
KCN,20190410,0.27,0.27,0.265,0.265,597153
KDR,20190410,1.3,1.35,1.285,1.34,2061859
KEY,20190410,0.005,0.005,0.005,0.005,22612
KFE,20190410,0.099,0.099,0.091,0.091,389123
KGL,20190410,0.285,0.295,0.285,0.295,298172
KGN,20190410,3.95,4.19,3.92,4.17,1141871
KII,20190410,2.47,2.47,2.47,2.47,10000
KIN,20190410,0.075,0.079,0.075,0.076,210015
KIS,20190410,0.092,0.092,0.091,0.091,116675
KLA,20190410,46.07,48.5,46.07,48.49,731
KLH,20190410,0.002,0.002,0.002,0.002,203333
KLL,20190410,0.575,0.585,0.55,0.55,741600
KMD,20190410,2.16,2.17,2.14,2.17,39285
KMT,20190410,0.016,0.016,0.013,0.015,888148
KNL,20190410,0.1,0.1,0.1,0.1,13690
KOR,20190410,0.039,0.039,0.039,0.039,100000
KOV,20190410,2.81,2.81,2.79,2.79,3524
KP2,20190410,0.036,0.039,0.036,0.039,122200
KPG,20190410,0.8,0.8,0.8,0.8,3000
KPO,20190410,0.012,0.013,0.01,0.013,555188
KPT,20190410,2.05,2.08,2.05,2.05,10643
KRM,20190410,0.048,0.049,0.046,0.049,276924
KRR,20190410,0.026,0.027,0.026,0.026,1688501
KSC,20190410,1.74,1.75,1.74,1.75,24098
KSL,20190410,1.13,1.145,1.13,1.145,219627
KSS,20190410,0.245,0.25,0.235,0.245,493386
KTD,20190410,0.37,0.37,0.355,0.365,71624
KYK,20190410,0.052,0.052,0.052,0.052,6319
KZA,20190410,0.455,0.455,0.455,0.455,964
KZR,20190410,0.115,0.115,0.115,0.115,21998
LAA,20190410,0.105,0.105,0.105,0.105,13133
LAU,20190410,0.365,0.365,0.36,0.36,79710
LAW,20190410,0.065,0.065,0.065,0.065,11147
LBT,20190410,0.066,0.066,0.066,0.066,5400
LCK,20190410,0.285,0.325,0.285,0.325,5902876
LCT,20190410,0.039,0.039,0.039,0.039,100000
LEP,20190410,4.95,5.01,4.95,4.98,41447
LER,20190410,0.05,0.05,0.05,0.05,27222
LEX,20190410,0.2,0.2,0.2,0.2,15000
LGD,20190410,0.3,0.3,0.3,0.3,11611
LI3,20190410,0.095,0.095,0.095,0.095,23642
LIC,20190410,5.31,5.36,5.26,5.35,161831
LIN,20190410,0.014,0.015,0.012,0.012,5297596
LIT,20190410,0.079,0.08,0.078,0.08,927612
LKE,20190410,0.061,0.064,0.059,0.06,1118888
LKO,20190410,0.001,0.001,0.001,0.001,9944417
LLC,20190410,12.35,12.545,12.3,12.52,1657806
LLO,20190410,0.675,0.68,0.66,0.68,6345
LMG,20190410,0.007,0.007,0.007,0.007,100000
LML,20190410,0.006,0.006,0.006,0.006,443455
LNG,20190410,0.445,0.45,0.44,0.45,297915
LNK,20190410,7.46,7.51,7.39,7.42,1090551
LNU,20190410,0.042,0.042,0.039,0.04,1333023
LNY,20190410,0.013,0.014,0.012,0.014,26653802
LOM,20190410,0.17,0.175,0.165,0.17,709321
LON,20190410,0.18,0.19,0.18,0.185,150653
LOV,20190410,9.47,9.8,9.42,9.72,200491
LPD,20190410,0.031,0.034,0.03,0.034,23408179
LPI,20190410,0.21,0.21,0.2,0.2,58500
LRS,20190410,0.001,0.001,0.001,0.001,5000000
LSF,20190410,1.47,1.485,1.455,1.455,647569
LSX,20190410,0.35,0.35,0.35,0.35,22105
LTR,20190410,0.022,0.022,0.021,0.021,3735260
LVH,20190410,0.53,0.55,0.525,0.54,151146
LVT,20190410,0.57,0.61,0.565,0.57,7341329
LYC,20190410,2.14,2.14,2.1,2.11,2805621
LYL,20190410,5,5.1,4.94,5,49734
M7T,20190410,0.22,0.24,0.22,0.225,196011
MA1,20190410,0.78,0.78,0.78,0.78,25755
MAH,20190410,0.225,0.225,0.22,0.225,814898
MAI,20190410,0.585,0.595,0.56,0.56,189678
MAR,20190410,0.001,0.001,0.001,0.001,500000
MAT,20190410,0.14,0.14,0.13,0.13,65093
MAY,20190410,0.015,0.016,0.015,0.015,394141
MBK,20190410,0.009,0.009,0.009,0.009,48000
MCE,20190410,0.365,0.39,0.365,0.39,18000
MCP,20190410,1.1,1.1,1.09,1.1,140789
MCR,20190410,0.51,0.515,0.495,0.495,686282
MCY,20190410,3.65,3.68,3.62,3.65,70073
MDC,20190410,0.375,0.38,0.375,0.375,67880
MDR,20190410,0.046,0.047,0.046,0.047,984629
MEA,20190410,0.25,0.25,0.25,0.25,3295
MEB,20190410,0.018,0.018,0.015,0.015,79000
MEC,20190410,0.925,0.925,0.915,0.915,32969
MEI,20190410,0.012,0.012,0.012,0.012,1322197
MEM,20190410,0.023,0.023,0.023,0.023,294190
MEP,20190410,0.042,0.045,0.042,0.045,269783
MEU,20190410,0.016,0.017,0.016,0.017,349840
MEY,20190410,0.125,0.125,0.125,0.125,4000
MEZ,20190410,3.84,3.84,3.76,3.76,7368
MFD,20190410,0.925,0.93,0.92,0.925,29119
MFF,20190410,2.99,3,2.97,2.99,163943
MFG,20190410,38.8,39.15,38.61,39.03,607706
MGC,20190410,0.31,0.315,0.31,0.312,132420
MGE,20190410,3.55,3.55,3.54,3.54,286205
MGG,20190410,1.685,1.695,1.675,1.69,983924
MGL,20190410,0.024,0.024,0.024,0.024,12030
MGP,20190410,0.13,0.13,0.125,0.125,145000
MGR,20190410,2.75,2.77,2.74,2.76,6070148
MGT,20190410,0.005,0.005,0.005,0.005,26392
MGV,20190410,0.067,0.067,0.067,0.067,73839
MGX,20190410,1.085,1.15,1.075,1.125,4795553
MHC,20190410,0.004,0.004,0.004,0.004,607360
MHG,20190410,3.25,3.27,3.25,3.27,16116
MHI,20190410,0.1,0.1,0.1,0.1,50000
MHJ,20190410,0.645,0.645,0.6,0.615,132336
MIL,20190410,0.175,0.175,0.175,0.175,3000
MIN,20190410,17.11,17.15,16.9,17.05,1176384
MIR,20190410,2.4,2.42,2.39,2.41,135557
MLD,20190410,0.96,0.97,0.95,0.97,135065
MLS,20190410,0.002,0.002,0.001,0.001,2850000
MLT,20190410,4.42,4.43,4.41,4.43,96494
MLX,20190410,0.24,0.24,0.23,0.24,1118070
MMI,20190410,0.135,0.15,0.135,0.145,3287349
MMJ,20190410,0.24,0.24,0.235,0.24,177141
MML,20190410,0.41,0.43,0.405,0.41,332840
MMM,20190410,0.42,0.42,0.41,0.41,9032
MMR,20190410,0.008,0.008,0.008,0.008,374323
MMS,20190410,12.17,12.22,11.92,11.96,418149
MND,20190410,18.83,19.07,18.68,18.99,264630
MNF,20190410,4.01,4.06,3.95,4.02,77646
MNS,20190410,0.27,0.27,0.265,0.265,40713
MNW,20190410,0.026,0.026,0.026,0.026,132794
MNY,20190410,1.935,1.977,1.935,1.97,115327
MOB,20190410,0.135,0.135,0.135,0.135,15000
MOC,20190410,0.94,0.94,0.922,0.93,276468
MOD,20190410,0.36,0.365,0.36,0.365,114932
MOE,20190410,4.26,4.34,4.2,4.2,23680
MOH,20190410,0.1,0.1,0.1,0.1,28000
MOQ,20190410,0.2,0.2,0.2,0.2,50388
MOY,20190410,0.165,0.165,0.16,0.16,2298790
MP1,20190410,4.38,4.4,4.29,4.38,105849
MPH,20190410,0.43,0.45,0.38,0.39,1099672
MPL,20190410,2.64,2.67,2.62,2.66,4149444
MPP,20190410,0.4,0.4,0.4,0.4,13325
MPW,20190410,0.125,0.125,0.12,0.12,213141
MQG,20190410,130.37,131.75,130.09,130.59,423278
MRC,20190410,0.195,0.195,0.17,0.17,201717
MRG,20190410,0.089,0.09,0.089,0.089,353469
MRL,20190410,0.505,0.505,0.5,0.5,35435
MRM,20190410,0.15,0.155,0.145,0.155,513032
MRR,20190410,0.012,0.012,0.012,0.012,20000
MRV,20190410,0.006,0.006,0.006,0.006,414175
MSB,20190410,1.515,1.545,1.49,1.535,924125
MSE,20190410,0.005,0.005,0.005,0.005,11000
MSG,20190410,0.012,0.012,0.012,0.012,565000
MSR,20190410,0.003,0.003,0.003,0.003,1000000
MSV,20190410,0.063,0.064,0.062,0.062,1047819
MTB,20190410,0.003,0.003,0.003,0.003,71429
MTC,20190410,0.021,0.021,0.021,0.021,42838
MTH,20190410,0.007,0.007,0.006,0.006,1020693
MTM,20190410,0.245,0.245,0.245,0.245,20500
MTO,20190410,1.59,1.59,1.55,1.55,4709
MTS,20190410,2.58,2.63,2.58,2.63,1899439
MVA,20190410,24.01,24.01,23.675,23.77,23362
MVB,20190410,25.57,25.6,25.52,25.6,1819
MVE,20190410,27.3,27.38,27.3,27.31,4440
MVF,20190410,1.07,1.07,1.05,1.06,209320
MVP,20190410,5.25,5.57,5.18,5.5,257023
MVR,20190410,28.65,28.72,28.65,28.72,10346
MVS,20190410,20.28,20.28,20.24,20.24,2831
MVW,20190410,28.95,29.12,28.95,29.04,22298
MWR,20190410,3.3,3.32,3.25,3.25,6373
MWY,20190410,3.59,3.65,3.56,3.57,10487
MX1,20190410,0.27,0.32,0.27,0.305,377288
MXC,20190410,0.034,0.036,0.034,0.035,1157354
MXI,20190410,0.305,0.305,0.29,0.305,261896
MXR,20190410,0.078,0.078,0.078,0.078,86741
MXT,20190410,2.02,2.03,2.02,2.03,1521155
MYL,20190410,0.084,0.086,0.081,0.081,2367283
MYO,20190410,3.39,3.395,3.39,3.39,1618739
MYQ,20190410,0.26,0.265,0.25,0.255,85568
MYR,20190410,0.69,0.715,0.685,0.705,4489940
MYS,20190410,4.21,4.24,4.15,4.16,64843
MYX,20190410,0.65,0.657,0.645,0.655,5046483
MZZ,20190410,0.25,0.27,0.25,0.25,124000
NAB,20190410,24.55,24.74,24.46,24.63,3359986
NAC,20190410,0.83,0.87,0.83,0.87,18100
NAE,20190410,0.006,0.007,0.006,0.007,14182500
NAG,20190410,0.061,0.061,0.061,0.061,82953
NAN,20190410,4.36,4.46,4.325,4.42,813679
NBI,20190410,2.05,2.06,2.05,2.06,482965
NBL,20190410,2.88,2.97,2.88,2.9,90557
NC6,20190410,0.065,0.065,0.055,0.058,353240
NCC,20190410,1.07,1.07,1.07,1.07,37383
NCK,20190410,5.91,6.14,5.91,6.01,82620
NCM,20190410,25.35,25.67,25.33,25.57,1705989
NCZ,20190410,0.845,0.845,0.81,0.82,1638392
NDQ,20190410,18.4,18.45,18.37,18.38,44204
NEA,20190410,3.03,3.19,3.02,3.05,5859686
NEC,20190410,1.69,1.702,1.67,1.685,5816865
NES,20190410,0.085,0.085,0.085,0.085,6250
NET,20190410,0.088,0.11,0.087,0.105,11511633
NEU,20190410,1.22,1.22,1.18,1.195,112090
NEW,20190410,1.39,1.39,1.38,1.39,40102
NGE,20190410,0.7,0.7,0.7,0.7,20274
NGI,20190410,3.16,3.19,3.08,3.15,139929
NGY,20190410,0.015,0.015,0.015,0.015,50000
NHC,20190410,2.88,2.88,2.78,2.8,3171753
NHF,20190410,5.44,5.48,5.39,5.45,582315
NHL,20190410,0.018,0.018,0.017,0.017,49701
NIC,20190410,0.41,0.435,0.41,0.425,1141437
NME,20190410,0.015,0.015,0.011,0.011,127174
NML,20190410,0.077,0.081,0.077,0.079,902671
NMT,20190410,0.23,0.23,0.225,0.225,113818
NNW,20190410,0.092,0.093,0.092,0.093,133600
NOR,20190410,0.003,0.003,0.003,0.003,719037
NOV,20190410,0.21,0.23,0.21,0.225,194464
NOX,20190410,0.37,0.38,0.36,0.38,25367
NSC,20190410,0.62,0.62,0.615,0.62,60238
NSE,20190410,0.005,0.005,0.005,0.005,335000
NSR,20190410,1.725,1.745,1.725,1.74,872196
NST,20190410,9.12,9.34,9.12,9.29,2541771
NTC,20190410,1.08,1.085,1.08,1.08,632949
NTD,20190410,0.47,0.47,0.47,0.47,2000
NTI,20190410,0.008,0.008,0.008,0.008,16200
NTL,20190410,0.01,0.01,0.01,0.01,393513
NTM,20190410,0.036,0.036,0.036,0.036,176725
NTU,20190410,0.071,0.071,0.069,0.069,1728614
NUF,20190410,4.96,5.02,4.92,4.95,2398743
NUH,20190410,0.078,0.079,0.077,0.079,3283576
NUS,20190410,0.19,0.19,0.19,0.19,10000
NVA,20190410,0.015,0.015,0.014,0.014,471669
NVL,20190410,1.9,1.92,1.9,1.91,19252
NVO,20190410,0.004,0.005,0.004,0.004,1592667
NVT,20190410,5.76,5.765,5.74,5.75,2402260
NVX,20190410,0.565,0.57,0.55,0.55,16603
NWC,20190410,0.024,0.024,0.02,0.02,777608
NWE,20190410,0.002,0.002,0.002,0.002,204708
NWF,20190410,0.16,0.16,0.16,0.16,4285
NWH,20190410,2.62,2.71,2.59,2.66,1269032
NWL,20190410,9,9.25,9,9.07,602212
NWS,20190410,17.7,17.765,17.61,17.62,63663
NXE,20190410,0.028,0.03,0.028,0.03,296395
NXT,20190410,5.89,5.97,5.84,5.92,2162538
NZC,20190410,0.32,0.32,0.315,0.315,52500
NZK,20190410,2.59,2.59,2.54,2.56,5603
NZM,20190410,0.52,0.545,0.505,0.505,82965
OAU,20190410,0.008,0.008,0.007,0.007,1214213
OBJ,20190410,0.019,0.019,0.018,0.018,2336101
OCC,20190410,0.14,0.14,0.14,0.14,30000
OCL,20190410,2.8,2.8,2.8,2.8,10000
ODA,20190410,0.1,0.1,0.095,0.1,103334
ODM,20190410,0.105,0.105,0.095,0.105,57900
OEC,20190410,0.35,0.35,0.35,0.35,20000
OEL,20190410,0.056,0.057,0.055,0.055,825354
OFX,20190410,1.62,1.62,1.565,1.59,147329
OGA,20190410,0.17,0.17,0.17,0.17,90000
OGC,20190410,4.35,4.4,4.33,4.35,308497
OIL,20190410,0.037,0.037,0.037,0.037,325000
OKU,20190410,0.175,0.175,0.175,0.175,154731
OLH,20190410,0.046,0.046,0.046,0.046,2725
OLI,20190410,0.03,0.03,0.029,0.029,259603
OLV,20190410,0.022,0.022,0.022,0.022,13000
OMH,20190410,1.227,1.24,1.18,1.24,423270
OML,20190410,3.94,3.95,3.9,3.93,757446
OMN,20190410,0.755,0.79,0.755,0.775,105866
ONT,20190410,6.2,6.2,6.2,6.2,977
ONX,20190410,0.115,0.13,0.115,0.13,241989
OOO,20190410,17.79,17.8,17.75,17.8,24817
OPH,20190410,2.51,2.54,2.5,2.53,101772
OPN,20190410,0.048,0.048,0.043,0.043,212458
OPT,20190410,0.7,0.7,0.7,0.7,29703
ORA,20190410,2.97,2.99,2.95,2.98,5577112
ORE,20190410,3.68,3.7,3.59,3.6,699351
ORG,20190410,7.28,7.28,7.2,7.23,2533481
ORI,20190410,18.34,18.34,18.15,18.23,593738
ORN,20190410,0.03,0.031,0.03,0.031,2335570
ORR,20190410,0.28,0.28,0.28,0.28,112718
OSH,20190410,8.12,8.13,8.02,8.06,2740094
OSL,20190410,0.055,0.055,0.052,0.054,1291371
OSP,20190410,0.145,0.145,0.13,0.145,16938
OTW,20190410,4.95,4.95,4.82,4.85,5685
OVH,20190410,0.44,0.445,0.432,0.445,380225
OVL,20190410,0.002,0.002,0.002,0.002,600000
OVN,20190410,0.25,0.25,0.25,0.25,3000
OVT,20190410,0.085,0.085,0.083,0.083,132757
OZF,20190410,18.71,18.71,18.67,18.67,4845
OZL,20190410,10.9,10.91,10.76,10.82,924155
OZR,20190410,12.2,12.23,12.2,12.21,34084
PAA,20190410,0.035,0.039,0.035,0.037,508309
PAB,20190410,0.024,0.026,0.024,0.024,446239
PAC,20190410,4.5,4.53,4.42,4.47,155941
PAF,20190410,1.04,1.04,1.025,1.025,36633
PAI,20190410,1.115,1.12,1.115,1.12,101983
PAN,20190410,0.41,0.415,0.395,0.395,303030
PAR,20190410,1.905,1.93,1.875,1.9,433269
PBP,20190410,1.64,1.67,1.615,1.62,22383
PBT,20190410,0.047,0.047,0.047,0.047,10000
PBX,20190410,0.016,0.017,0.015,0.015,1697935
PCG,20190410,2.1,2.15,2.1,2.15,2108
PCK,20190410,0.037,0.04,0.037,0.037,959683
PDI,20190410,0.01,0.01,0.01,0.01,1014113
PDL,20190410,9.34,9.38,9.25,9.35,1204730
PDN,20190410,0.145,0.145,0.137,0.14,3731605
PDZ,20190410,0.36,0.36,0.36,0.36,4765
PEA,20190410,0.635,0.635,0.635,0.635,25660
PEC,20190410,0.037,0.04,0.037,0.04,240000
PEK,20190410,0.039,0.042,0.039,0.04,2614410
PEN,20190410,0.31,0.31,0.302,0.31,719417
PET,20190410,0.39,0.39,0.385,0.385,110441
PEX,20190410,0.435,0.44,0.43,0.44,96204
PFP,20190410,3.01,3.02,3,3,199889
PG1,20190410,0.145,0.145,0.14,0.14,241883
PGC,20190410,0.45,0.45,0.445,0.445,390084
PGF,20190410,1.16,1.16,1.14,1.14,141520
PGH,20190410,2.76,2.76,2.67,2.68,934499
PGM,20190410,0.067,0.067,0.067,0.067,17639
PGR,20190410,0.205,0.205,0.195,0.205,100700
PGX,20190410,0.39,0.39,0.39,0.39,272
PIA,20190410,1.12,1.14,1.12,1.13,436702
PIC,20190410,1.02,1.025,1.015,1.02,103194
PIL,20190410,0.013,0.013,0.012,0.012,139754
PIN,20190410,0.14,0.14,0.14,0.14,2000
PIO,20190410,0.015,0.015,0.014,0.015,1173355
PIQ,20190410,0.3,0.3,0.275,0.275,139198
PL8,20190410,1.04,1.045,1.035,1.045,342370
PLL,20190410,0.15,0.157,0.15,0.155,1391303
PLS,20190410,0.7,0.715,0.697,0.7,7788741
PM1,20190410,0.014,0.014,0.014,0.014,431373
PM8,20190410,0.025,0.025,0.023,0.023,3553619
PMC,20190410,1.62,1.635,1.615,1.635,76995
PME,20190410,16.27,17.2,16.27,17.15,213290
PMV,20190410,15.94,16,15.87,15.93,256862
PMY,20190410,0.007,0.007,0.006,0.007,32181775
PNC,20190410,2.18,2.25,2.16,2.25,575757
PNI,20190410,5.4,5.48,5.39,5.42,205563
PNL,20190410,0.13,0.13,0.12,0.125,352209
PNN,20190410,0.004,0.004,0.003,0.003,1314269
PNR,20190410,0.25,0.25,0.245,0.25,408769
PNV,20190410,0.82,0.865,0.82,0.865,2214637
PNX,20190410,0.006,0.006,0.005,0.005,1950000
PO3,20190410,4.55,4.55,4.41,4.55,7609
POH,20190410,0.003,0.003,0.003,0.003,306000
POS,20190410,0.042,0.042,0.041,0.041,579298
POU,20190410,18,18.03,18,18.03,5841
POW,20190410,0.014,0.014,0.014,0.014,41000
PPC,20190410,0.98,1.01,0.98,1.01,5998
PPE,20190410,2.41,2.41,2.37,2.4,240514
PPG,20190410,0.135,0.14,0.13,0.13,300134
PPH,20190410,3.34,3.4,3.31,3.31,59787
PPK,20190410,1.45,1.49,1.35,1.4,75306
PPL,20190410,0.022,0.022,0.022,0.022,57278
PPS,20190410,0.425,0.445,0.41,0.435,3108060
PPT,20190410,39.43,40.38,39.01,40.1,178533
PPY,20190410,0.006,0.006,0.006,0.006,124898
PRO,20190410,0.26,0.26,0.26,0.26,19057
PRT,20190410,0.28,0.28,0.28,0.28,654818
PRU,20190410,0.48,0.49,0.477,0.485,2413406
PRX,20190410,0.085,0.085,0.083,0.085,383741
PSC,20190410,0.02,0.02,0.019,0.02,596902
PSI,20190410,2.54,2.54,2.52,2.53,14615
PSM,20190410,0.004,0.004,0.004,0.004,660373
PSQ,20190410,1.18,1.18,1.12,1.12,35777
PSZ,20190410,0.075,0.076,0.075,0.076,231407
PTB,20190410,0.725,0.725,0.715,0.725,79630
PTL,20190410,0.3,0.31,0.3,0.31,51622
PTM,20190410,4.7,4.78,4.68,4.69,1000882
PTR,20190410,0.036,0.036,0.036,0.036,16000
PTX,20190410,0.049,0.049,0.048,0.049,370284
PUA,20190410,0.034,0.034,0.034,0.034,74237
PUR,20190410,0.024,0.025,0.023,0.023,4231097
PVD,20190410,0.013,0.013,0.012,0.012,540391
PVL,20190410,0.053,0.053,0.053,0.053,80000
PVS,20190410,1.455,1.48,1.455,1.48,1000
PWH,20190410,3.65,3.7,3.64,3.64,312295
PXS,20190410,0.255,0.265,0.255,0.255,93668
PXX,20190410,0.062,0.062,0.056,0.058,342916
PYC,20190410,0.025,0.025,0.025,0.025,300000
QAN,20190410,5.71,5.77,5.71,5.74,3452186
QAU,20190410,13.26,13.27,13.24,13.27,5480
QBE,20190410,12.3,12.39,12.25,12.35,2430262
QEM,20190410,0.11,0.11,0.11,0.11,53786
QFN,20190410,10.54,10.54,10.54,10.54,963
QFY,20190410,0.006,0.006,0.006,0.006,132745
QHL,20190410,0.084,0.084,0.081,0.082,624022
QIP,20190410,1.325,1.325,1.31,1.31,317817
QMS,20190410,0.71,0.715,0.68,0.715,188372
QOZ,20190410,13.19,13.25,13.19,13.25,22363
QRE,20190410,6.7,6.72,6.7,6.72,8120
QRI,20190410,1.655,1.655,1.6,1.6,628718
QUB,20190410,2.77,2.82,2.76,2.81,3407986
QUS,20190410,35.52,35.62,35.5,35.5,1097
QVE,20190410,1.04,1.05,1.035,1.04,235428
RAC,20190410,0.081,0.083,0.081,0.083,102514
RAG,20190410,0.012,0.012,0.012,0.012,200000
RAN,20190410,0.03,0.03,0.03,0.03,150000
RAP,20190410,0.12,0.12,0.115,0.115,437774
RBL,20190410,1.15,1.16,1.12,1.14,117499
RBR,20190410,0.023,0.024,0.023,0.024,325000
RCB,20190410,20.61,20.62,20.53,20.6,8883
RCE,20190410,0.22,0.22,0.212,0.215,239879
RCW,20190410,0.32,0.32,0.31,0.31,6350
RDC,20190410,1.085,1.1,1.085,1.1,184925
RDH,20190410,2.47,2.47,2.4,2.4,47734
RDM,20190410,0.096,0.097,0.096,0.097,9088
RDN,20190410,0.01,0.01,0.01,0.01,200000
RDV,20190410,28.2,28.32,28.2,28.28,5666
REA,20190410,74.95,76.07,74.9,75.26,145617
RED,20190410,0.14,0.14,0.137,0.14,442125
REG,20190410,3.42,3.43,3.385,3.41,108195
REH,20190410,10.04,10.05,9.96,9.99,18342
RES,20190410,0.125,0.13,0.12,0.12,521046
REX,20190410,1.44,1.45,1.44,1.45,3185
REY,20190410,0.215,0.24,0.215,0.23,40106
RFF,20190410,2.23,2.23,2.195,2.21,205916
RFG,20190410,0.23,0.23,0.22,0.22,192292
RFN,20190410,0.006,0.006,0.006,0.006,1090000
RFT,20190410,0.038,0.04,0.038,0.04,2580928
RFX,20190410,0.059,0.062,0.059,0.061,156959
RGB,20190410,22.2,22.2,22.19,22.19,9608
RGI,20190410,0.28,0.28,0.25,0.265,109467
RGS,20190410,0.105,0.105,0.1,0.1,227692
RHC,20190410,63.55,64.725,63.52,64.01,297357
RHL,20190410,4.36,4.38,4.36,4.37,67379
RHP,20190410,1.99,1.995,1.93,1.975,256057
RHT,20190410,0.105,0.135,0.105,0.12,5878053
RHY,20190410,0.16,0.16,0.16,0.16,35000
RIC,20190410,1.395,1.4,1.395,1.4,20188
RIE,20190410,0.008,0.008,0.008,0.008,19403
RIO,20190410,101.1,102.1,101.1,101.83,852640
RKN,20190410,0.7,0.72,0.7,0.71,25752
RLE,20190410,0.087,0.088,0.086,0.086,387186
RMC,20190410,0.57,0.58,0.57,0.58,19792
RMD,20190410,14.2,14.23,14.14,14.17,986642
RMP,20190410,0.011,0.012,0.011,0.011,1730204
RMS,20190410,0.83,0.885,0.83,0.885,3448476
RMY,20190410,0.18,0.18,0.18,0.18,365431
RND,20190410,2.26,2.26,2.26,2.26,40
RNE,20190410,0.08,0.081,0.08,0.08,8594
RNT,20190410,0.038,0.04,0.037,0.037,401634
RNU,20190410,0.02,0.022,0.02,0.021,7044387
RNX,20190410,0.003,0.003,0.003,0.003,7068
ROG,20190410,0.003,0.003,0.003,0.003,3550244
ROO,20190410,0.093,0.093,0.091,0.092,245632
RRL,20190410,5.19,5.28,5.175,5.22,1439224
RSG,20190410,1.245,1.26,1.235,1.235,4745480
RSH,20190410,0.082,0.084,0.082,0.084,346400
RSM,20190410,20.94,20.94,20.92,20.92,394
RTG,20190410,0.11,0.11,0.11,0.11,27500
RTR,20190410,0.062,0.063,0.061,0.063,377916
RUL,20190410,0.56,0.56,0.555,0.555,71323
RVR,20190410,0.175,0.18,0.17,0.18,1534409
RVS,20190410,1.65,1.65,1.65,1.65,5000
RWC,20190410,4.5,4.53,4.46,4.51,1815928
RWD,20190410,0.115,0.13,0.115,0.13,80000
RXH,20190410,0.003,0.003,0.003,0.003,227000
RXL,20190410,0.011,0.011,0.009,0.009,21631488
RXM,20190410,0.07,0.073,0.07,0.073,37957
RXP,20190410,0.44,0.45,0.43,0.45,123548
RYD,20190410,1.25,1.25,1.25,1.25,17000
RZI,20190410,0.53,0.535,0.5,0.51,218459
S2R,20190410,0.079,0.08,0.078,0.08,316304
S32,20190410,3.72,3.735,3.68,3.7,18050733
S66,20190410,0.585,0.585,0.585,0.585,5000
SAR,20190410,2.9,2.96,2.89,2.89,3290592
SBM,20190410,3.33,3.43,3.32,3.36,5126500
SBW,20190410,0.185,0.185,0.175,0.175,54071
SCG,20190410,3.87,3.915,3.87,3.9,13471546
SCI,20190410,0.01,0.01,0.009,0.009,864839
SCP,20190410,2.53,2.56,2.53,2.55,1949035
SDA,20190410,3.63,3.68,3.605,3.61,659629
SDF,20190410,3.22,3.25,3.18,3.19,1604678
SDG,20190410,1.605,1.605,1.605,1.605,3342
SDI,20190410,0.77,0.8,0.77,0.8,3377766
SDV,20190410,0.06,0.06,0.06,0.06,19588
SE1,20190410,0.12,0.12,0.115,0.115,443692
SEA,20190410,0.43,0.435,0.425,0.43,770882
SEC,20190410,1.7,1.72,1.7,1.72,42992
SEI,20190410,0.029,0.032,0.029,0.032,1940000
SEK,20190410,17.7,17.79,17.53,17.61,567551
SEN,20190410,0.065,0.065,0.064,0.064,206765
SEQ,20190410,0.215,0.215,0.215,0.215,24175
SER,20190410,0.006,0.007,0.006,0.007,5135517
SES,20190410,0.038,0.038,0.033,0.034,207690
SFC,20190410,13.07,13.08,13.07,13.08,1737
SFG,20190410,0.097,0.097,0.093,0.093,604719
SFR,20190410,7.47,7.65,7.42,7.52,862155
SFX,20190410,0.635,0.64,0.62,0.63,104167
SFY,20190410,56.98,57.08,56.98,57.03,7165
SGC,20190410,0.026,0.028,0.026,0.026,882881
SGF,20190410,2.19,2.27,2.19,2.26,308658
SGH,20190410,1.955,2.05,1.955,2.05,5633
SGI,20190410,0.115,0.115,0.115,0.115,30000
SGM,20190410,10.9,10.95,10.5,10.55,1857835
SGO,20190410,0.008,0.008,0.008,0.008,34238
SGP,20190410,3.85,3.87,3.84,3.85,5783773
SGQ,20190410,0.135,0.145,0.135,0.135,476926
SGR,20190410,4.38,4.44,4.36,4.4,3377420
SHJ,20190410,0.68,0.68,0.68,0.68,14665
SHL,20190410,24.58,24.83,24.52,24.76,654456
SHM,20190410,0.605,0.62,0.605,0.62,34343
SHO,20190410,0.08,0.08,0.078,0.078,193275
SHV,20190410,6.75,6.87,6.72,6.78,134303
SI6,20190410,0.004,0.004,0.004,0.004,1200000
SIG,20190410,0.515,0.52,0.505,0.505,833822
SIH,20190410,0.014,0.014,0.014,0.014,42187
SIL,20190410,0.19,0.19,0.19,0.19,55338
SIQ,20190410,8,8.06,7.905,8.03,449316
SIS,20190410,0.068,0.07,0.068,0.068,98242
SIT,20190410,0.031,0.031,0.031,0.031,29776
SIV,20190410,0.865,0.88,0.855,0.855,92505
SKC,20190410,3.79,3.79,3.71,3.73,243530
SKF,20190410,0.17,0.17,0.17,0.17,2400
SKI,20190410,2.2,2.205,2.17,2.17,3991230
SKO,20190410,2.99,2.99,2.99,2.99,500
SKT,20190410,1.2,1.2,1.165,1.165,295265
SL1,20190410,0.008,0.009,0.008,0.008,5013439
SLC,20190410,1.47,1.48,1.46,1.475,256965
SLF,20190410,13.7,13.79,13.69,13.77,9069
SLK,20190410,3.81,3.87,3.81,3.83,11656
SLM,20190410,0.55,0.55,0.55,0.55,12506
SLR,20190410,0.795,0.845,0.79,0.83,4984606
SLX,20190410,0.385,0.395,0.36,0.375,425480
SLZ,20190410,0.055,0.055,0.055,0.055,57613
SM1,20190410,10.2,10.2,10.02,10.02,31801
SM8,20190410,0.023,0.023,0.023,0.023,125996
SMD,20190410,0.006,0.006,0.006,0.006,5000
SMI,20190410,0.004,0.004,0.004,0.004,1175000
SMN,20190410,0.795,0.795,0.752,0.755,64116
SMP,20190410,0.18,0.18,0.18,0.18,25000
SMR,20190410,1.18,1.195,1.155,1.17,263090
SMX,20190410,0.5,0.515,0.48,0.48,40481
SNC,20190410,0.905,0.905,0.9,0.905,49765
SNL,20190410,3.45,3.54,3.45,3.54,7341
SNS,20190410,0.115,0.115,0.11,0.11,193548
SNZ,20190410,5.25,5.4,5.24,5.3,6962
SO4,20190410,0.605,0.615,0.59,0.6,390599
SOL,20190410,24.7,24.79,24.44,24.55,685930
SOP,20190410,0.054,0.054,0.054,0.054,60000
SOR,20190410,0.033,0.033,0.031,0.031,206979
SP3,20190410,0.14,0.14,0.12,0.125,361249
SPK,20190410,3.44,3.445,3.36,3.36,1556137
SPL,20190410,1.055,1.07,1.05,1.07,92917
SPO,20190410,1.72,1.72,1.675,1.675,3652
SPQ,20190410,0.006,0.006,0.006,0.006,500000
SPT,20190410,1.28,1.28,1.22,1.225,2052462
SPX,20190410,0.027,0.028,0.026,0.027,16771622
SPY,20190410,404.28,404.28,402.63,402.63,507
SPZ,20190410,0.12,0.12,0.12,0.12,99193
SRG,20190410,0.37,0.39,0.37,0.39,1037822
SRI,20190410,0.007,0.007,0.007,0.007,510000
SRK,20190410,0.08,0.083,0.079,0.079,440583
SRO,20190410,0.001,0.001,0.001,0.001,66667
SRS,20190410,0.069,0.069,0.068,0.068,355591
SRV,20190410,2.69,2.72,2.65,2.7,9230
SRZ,20190410,0.013,0.014,0.013,0.014,200000
SSG,20190410,0.395,0.395,0.395,0.395,41598
SSM,20190410,2.2,2.27,2.18,2.22,1308361
SSO,20190410,14.97,14.98,14.97,14.98,12925
ST1,20190410,0.15,0.15,0.15,0.15,181995
STA,20190410,0.1,0.1,0.1,0.1,679537
STG,20190410,1.3,1.39,1.3,1.385,11000
STM,20190410,0.044,0.045,0.044,0.045,1566542
STO,20190410,7.03,7.04,6.93,6.99,3686058
STW,20190410,57.79,58.08,57.75,58.05,142537
STX,20190410,0.067,0.067,0.065,0.065,1009635
SUD,20190410,0.005,0.005,0.004,0.004,329999
SUH,20190410,0.041,0.041,0.04,0.04,14666
SUL,20190410,8.08,8.155,8.02,8.11,377053
SUN,20190410,13.29,13.37,13.23,13.3,1968891
SUP,20190410,0.023,0.023,0.023,0.023,32316
SVL,20190410,0.049,0.05,0.046,0.047,4985281
SVM,20190410,0.08,0.082,0.08,0.082,60000
SVT,20190410,0.019,0.021,0.019,0.021,1585000
SVW,20190410,18.48,18.63,18.19,18.27,941604
SW1,20190410,0.18,0.18,0.17,0.18,176040
SWF,20190410,0.091,0.105,0.091,0.098,820939
SWK,20190410,0.205,0.21,0.2,0.21,135966
SWM,20190410,0.485,0.517,0.48,0.515,5060524
SXE,20190410,0.56,0.56,0.56,0.56,525000
SXL,20190410,1.145,1.165,1.14,1.16,2410782
SXY,20190410,0.36,0.36,0.35,0.36,1368502
SYA,20190410,0.017,0.017,0.017,0.017,73621
SYD,20190410,7.24,7.255,7.195,7.23,4336998
SYI,20190410,28.05,28.24,28.05,28.23,3652
SYR,20190410,1.24,1.255,1.205,1.235,4340629
SYT,20190410,0.009,0.009,0.008,0.009,2409883
TAH,20190410,4.87,4.9,4.84,4.85,2410211
TAM,20190410,0.042,0.043,0.042,0.043,238748
TAS,20190410,0.038,0.038,0.037,0.037,134452
TAU,20190410,0.2,0.2,0.2,0.2,18000
TBH,20190410,0.03,0.03,0.03,0.03,321201
TBR,20190410,4.17,4.21,4.13,4.21,12663
TCL,20190410,13.22,13.3,13.2,13.27,3439728
TDL,20190410,0.038,0.038,0.034,0.034,12700
TDO,20190410,0.12,0.12,0.115,0.115,93574
TEG,20190410,0.12,0.12,0.115,0.12,690000
TEK,20190410,0.24,0.24,0.235,0.235,36737
TER,20190410,0.65,0.65,0.64,0.65,260059
TFL,20190410,0.13,0.13,0.13,0.13,3850
TGA,20190410,0.445,0.45,0.44,0.45,104907
TGF,20190410,2.3,2.34,2.3,2.34,22021
TGG,20190410,1.265,1.27,1.265,1.27,65246
TGM,20190410,0.105,0.105,0.105,0.105,45875
TGN,20190410,0.275,0.275,0.265,0.265,23911
TGO,20190410,0.61,0.63,0.61,0.63,26550
TGP,20190410,0.985,0.99,0.98,0.985,78474
TGR,20190410,4.83,4.87,4.79,4.84,517760
THC,20190410,0.55,0.55,0.52,0.52,368208
TIA,20190410,0.45,0.45,0.42,0.42,2110
TIE,20190410,0.19,0.19,0.175,0.175,95228
TIN,20190410,0.14,0.14,0.14,0.14,25000
TKL,20190410,0.015,0.015,0.015,0.015,415836
TKM,20190410,0.005,0.005,0.005,0.005,414804
TLG,20190410,0.65,0.655,0.64,0.64,229038
TLM,20190410,0.078,0.082,0.078,0.08,751578
TLS,20190410,3.29,3.3,3.27,3.29,13855334
TLT,20190410,2.27,2.27,2.2,2.2,3200
TLX,20190410,0.86,0.86,0.825,0.83,26833
TME,20190410,6.07,6.1,6.06,6.07,1419282
TMR,20190410,0.24,0.24,0.24,0.24,22020
TMT,20190410,0.2,0.2,0.195,0.195,191149
TNE,20190410,8.23,8.32,8.2,8.27,540973
TNG,20190410,0.085,0.085,0.083,0.085,544540
TNK,20190410,1.69,1.71,1.685,1.685,125025
TNO,20190410,0.1,0.1,0.1,0.1,76144
TNR,20190410,0.015,0.015,0.015,0.015,300000
TNY,20190410,0.4,0.4,0.4,0.4,13260
TOE,20190410,0.026,0.026,0.025,0.025,673402
TON,20190410,0.043,0.044,0.043,0.044,139565
TOP,20190410,0.635,0.645,0.635,0.645,198193
TOT,20190410,1.17,1.17,1.165,1.165,7086
TOU,20190410,0.1,0.1,0.1,0.1,250000
TPD,20190410,0.003,0.003,0.003,0.003,3499979
TPE,20190410,1.21,1.265,1.21,1.265,72124
TPM,20190410,6.89,7.03,6.85,7,1076275
TPP,20190410,0.075,0.075,0.075,0.075,3340
TPS,20190410,0.2,0.2,0.2,0.2,12083
TPW,20190410,1.59,1.6,1.59,1.6,180242
TRS,20190410,2.47,2.47,2.45,2.45,12377
TRT,20190410,0.075,0.076,0.075,0.076,100000
TRY,20190410,0.1,0.105,0.099,0.105,198735
TSC,20190410,0.004,0.004,0.004,0.004,110
TSL,20190410,0.019,0.019,0.018,0.018,80001
TSN,20190410,0.008,0.009,0.008,0.008,3910776
TTB,20190410,0.029,0.029,0.029,0.029,125000
TTL,20190410,0.015,0.016,0.015,0.015,1521225
TTM,20190410,0.022,0.022,0.022,0.022,1131215
TTT,20190410,2.3,2.49,2.27,2.46,403786
TV2,20190410,0.007,0.007,0.006,0.006,19694578
TWD,20190410,3.65,3.68,3.65,3.68,10300
TWE,20190410,14.93,15.08,14.8,14.98,1922685
TWR,20190410,0.655,0.68,0.65,0.68,15729
TYM,20190410,0.23,0.24,0.2,0.21,237259
TYX,20190410,0.005,0.005,0.005,0.005,15000
UBE,20190410,22.31,22.31,22.31,22.31,400
UBI,20190410,0.21,0.21,0.21,0.21,25000
UBP,20190410,27.05,27.05,27.02,27.02,44
UBU,20190410,29.88,29.88,29.84,29.84,737
UBW,20190410,27.12,27.12,27.05,27.05,178
UCW,20190410,0.13,0.13,0.13,0.13,25000
UNL,20190410,0.02,0.02,0.02,0.02,13200
UNV,20190410,0.38,0.385,0.375,0.38,410173
UOS,20190410,0.69,0.69,0.69,0.69,14576
URB,20190410,0.94,0.94,0.935,0.935,24600
URF,20190410,1.14,1.15,1.135,1.15,239052
URW,20190410,11.68,11.73,11.65,11.65,1240547
USD,20190410,13.78,13.8,13.74,13.74,94667
UTR,20190410,0.007,0.007,0.007,0.007,30000
UUV,20190410,0.015,0.015,0.014,0.014,550000
UWL,20190410,0.505,0.505,0.455,0.465,1401442
VAE,20190410,68.22,68.22,67.7,67.8,7679
VAF,20190410,50.4,50.47,50.34,50.34,58634
VAH,20190410,0.185,0.185,0.18,0.18,154086
VAL,20190410,0.004,0.004,0.003,0.003,1770210
VAN,20190410,0.18,0.18,0.17,0.18,347745
VAP,20190410,86.64,87.13,86.26,86.78,19168
VAR,20190410,0.001,0.001,0.001,0.001,500000
VAS,20190410,78.6,79,78.53,78.83,48941
VCF,20190410,48.13,48.15,47.97,48.13,4817
VCX,20190410,2.51,2.52,2.49,2.5,9240328
VEA,20190410,2.44,2.45,2.4,2.43,3562422
VEC,20190410,0.011,0.011,0.011,0.011,6404363
VEE,20190410,0.595,0.615,0.58,0.58,829766
VEN,20190410,0.15,0.165,0.15,0.16,485166
VEQ,20190410,55.03,55.32,55.03,55.13,1526
VEU,20190410,72,72.16,71.58,71.75,34528
VG1,20190410,2.4,2.42,2.39,2.42,154841
VGB,20190410,51.16,51.22,51.15,51.15,4624
VGE,20190410,68.4,68.89,68.4,68.6,8936
VGS,20190410,72.66,73.04,72.66,72.74,69032
VHT,20190410,1.695,1.9,1.69,1.89,1592648
VHY,20190410,57.44,57.54,57.29,57.42,22053
VIC,20190410,0.003,0.003,0.002,0.003,659446
VIF,20190410,48.83,48.86,48.72,48.86,14852
VLC,20190410,63.73,63.74,63.73,63.74,279
VLS,20190410,0.86,0.86,0.86,0.86,103349
VLT,20190410,0.17,0.17,0.17,0.17,75000
VLW,20190410,2.12,2.15,2.12,2.12,198099
VMC,20190410,0.19,0.19,0.155,0.16,475099
VML,20190410,0.008,0.008,0.008,0.008,2864823
VMS,20190410,0.021,0.021,0.021,0.021,16819
VMX,20190410,0.225,0.225,0.21,0.21,136884
VMY,20190410,0.075,0.076,0.068,0.068,693802
VN8,20190410,0.105,0.105,0.099,0.099,126436
VOC,20190410,3.59,3.63,3.57,3.62,916922
VPR,20190410,0.001,0.001,0.001,0.001,25250
VRC,20190410,0.021,0.021,0.02,0.021,696474
VRL,20190410,3.2,3.31,3.2,3.31,112654
VRM,20190410,0.03,0.031,0.03,0.03,3047308
VRS,20190410,0.058,0.058,0.057,0.058,228003
VRT,20190410,3.92,3.93,3.875,3.89,128674
VRX,20190410,0.061,0.061,0.058,0.058,2284413
VSO,20190410,57,57.29,57,57.21,6517
VTG,20190410,1.68,1.715,1.675,1.695,307997
VTH,20190410,0.95,0.955,0.93,0.93,305766
VTI,20190410,0.08,0.08,0.077,0.077,852119
VTS,20190410,207.1,207.1,206.01,206.01,7965
VVR,20190410,2.46,2.465,2.45,2.45,1034799
VXR,20190410,0.235,0.245,0.23,0.235,353863
WAA,20190410,0.99,1.015,0.95,1,141779
WAF,20190410,0.32,0.32,0.315,0.315,312098
WAM,20190410,2.14,2.14,2.1,2.13,1087898
WAX,20190410,1.375,1.38,1.345,1.36,200553
WBA,20190410,1.57,1.6,1.57,1.6,21451
WBC,20190410,25.72,26.02,25.65,25.9,4312498
WBT,20190410,0.38,0.39,0.36,0.375,124253
WCN,20190410,0.006,0.006,0.006,0.006,168000
WEB,20190410,15.55,15.83,15.35,15.59,526342
WEC,20190410,0.094,0.094,0.09,0.09,294026
WEL,20190410,0.036,0.037,0.034,0.034,1098487
WES,20190410,34.13,34.33,34.1,34.26,1733085
WGB,20190410,1.915,1.915,1.9,1.91,201430
WGF,20190410,0.98,0.98,0.98,0.98,485121
WGN,20190410,2.16,2.2,2.15,2.19,21830
WGO,20190410,0.09,0.098,0.09,0.098,334785
WGX,20190410,1.275,1.36,1.265,1.36,740184
WHA,20190410,0.765,0.775,0.735,0.745,737218
WHC,20190410,3.9,4.02,3.87,3.98,12843978
WHF,20190410,4.47,4.47,4.44,4.47,13833
WHK,20190410,0.067,0.067,0.067,0.067,35668
WIC,20190410,1.03,1.03,1.02,1.02,93478
WKT,20190410,0.195,0.2,0.19,0.19,1911428
WLD,20190410,0.054,0.054,0.051,0.051,243966
WLE,20190410,1.1,1.102,1.095,1.1,652930
WLL,20190410,4.96,5,4.96,4.96,16301
WMC,20190410,0.02,0.02,0.02,0.02,26650
WMI,20190410,1.21,1.215,1.19,1.215,112042
WMK,20190410,0.855,0.855,0.85,0.85,1000152
WML,20190410,0.033,0.033,0.033,0.033,35810
WNB,20190410,0.023,0.024,0.023,0.024,1250000
WND,20190410,1.02,1.02,1.02,1.02,510
WNR,20190410,0.27,0.27,0.265,0.265,100000
WOA,20190410,0.17,0.17,0.135,0.16,23399
WOR,20190410,14.66,14.75,14.45,14.64,1165745
WOW,20190410,30.13,30.44,30.09,30.38,1421979
WPL,20190410,35.47,35.5,35.005,35.15,1991244
WPP,20190410,0.55,0.597,0.55,0.59,147931
WQG,20190410,1.145,1.15,1.145,1.145,128427
WRM,20190410,0.007,0.007,0.007,0.007,2355700
WSA,20190410,2.45,2.47,2.41,2.43,902657
WSI,20190410,0.023,0.023,0.022,0.022,2200640
WTC,20190410,22.05,23,22.05,22.7,1037900
WWG,20190410,0.34,0.34,0.34,0.34,14000
WWI,20190410,0.01,0.01,0.009,0.009,467538
WZR,20190410,0.095,0.1,0.095,0.097,5163319
XAM,20190410,0.11,0.11,0.11,0.11,28000
XF1,20190410,0.6,0.605,0.6,0.605,66368
XIP,20190410,2.09,2.12,2.09,2.11,1233289
XPD,20190410,0.013,0.013,0.013,0.013,503633
XRF,20190410,0.165,0.165,0.165,0.165,116598
XRO,20190410,51.19,52.1,50.9,51.4,348491
XST,20190410,0.003,0.003,0.003,0.003,120000
XTD,20190410,0.022,0.022,0.022,0.022,179274
YAL,20190410,3.56,3.6,3.55,3.6,715
YOJ,20190410,0.076,0.078,0.075,0.078,575346
YOW,20190410,0.087,0.087,0.087,0.087,36072
YRL,20190410,0.225,0.23,0.225,0.23,17147
Z1P,20190410,2,2.06,2,2.02,1972422
ZEL,20190410,6.01,6.03,5.48,5.48,18014
ZEN,20190410,0.625,0.625,0.62,0.62,65888
ZIM,20190410,8.08,8.08,8.08,8.08,864
ZIP,20190410,0.014,0.014,0.014,0.014,707435
ZLD,20190410,0.051,0.051,0.049,0.05,530652
ZMI,20190410,0.09,0.09,0.087,0.089,41455
ZNO,20190410,0.1,0.1,0.1,0.1,5674
XAF,20190410,6078.7,6094.7,6059.4,6084.7,0
XAO,20190410,6315.5,6327.4,6293,6316.5,0
XAT,20190410,6169,6183.3,6147,6171.8,0
XDJ,20190410,2373.1,2373.1,2356.2,2364.2,0
XEC,20190410,1372.5,1372.5,1361.2,1365.3,0
XEJ,20190410,11222.6,11222.6,11095.3,11141.3,0
XFJ,20190410,5791.9,5827.9,5766.5,5807.4,0
XFL,20190410,6124.4,6140.6,6105.1,6130.7,0
XGD,20190410,5835.2,5964.3,5835.2,5938.4,0
XHJ,20190410,31006.2,31153.9,30928.8,30994.3,0
XIJ,20190410,1315.3,1333.2,1315.3,1322.3,0
XJO,20190410,6221.8,6235.4,6199.3,6223.5,0
XJR,20190410,4889,4889,4843.7,4869.3,0
XKO,20190410,6172.1,6186.4,6150.5,6175.1,0
XMD,20190410,6729.8,6729.8,6673.9,6701.4,0
XMJ,20190410,13528.6,13528.6,13414.1,13483.6,0
XMM,20190410,4487.6,4487.6,4451.2,4477.1,0
XNJ,20190410,6283.4,6324.1,6277.5,6312.2,0
XPJ,20190410,1525.3,1534.8,1524.3,1530.9,0
XSJ,20190410,10776.6,10836.1,10743,10799.9,0
XSO,20190410,2784.2,2797.7,2780.7,2790,0
XTJ,20190410,1172.1,1174.2,1164.1,1170.9,0
XTL,20190410,3464.1,3473.8,3450.5,3467.1,0
XTO,20190410,5124.1,5134.5,5104.7,5125.5,0
XUJ,20190410,7983.6,7983.6,7933.1,7952.8,0
XXJ,20190410,6459.9,6500.1,6431.6,6477.2,0
