360,20191202,3.13,3.13,3.08,3.1,42960
14D,20191202,0.25,0.25,0.24,0.24,550180
1AD,20191202,0.115,0.12,0.115,0.115,60000
1ST,20191202,0.074,0.076,0.074,0.076,140853
2BE,20191202,0.13,0.14,0.13,0.135,140748
3DP,20191202,0.063,0.065,0.062,0.062,826202
4CE,20191202,0.014,0.014,0.013,0.014,1260002
4DS,20191202,0.055,0.059,0.055,0.055,2136190
5GN,20191202,0.73,0.73,0.715,0.72,129096
88E,20191202,0.02,0.02,0.019,0.019,9068835
8CO,20191202,0.105,0.105,0.1,0.1,349978
9SP,20191202,0.019,0.019,0.017,0.017,5930451
A1G,20191202,0.18,0.18,0.18,0.18,98558
A2B,20191202,1.57,1.595,1.57,1.57,2425
A2M,20191202,14.71,15.08,14.68,15,3470356
A3D,20191202,0.235,0.24,0.23,0.23,189800
A4N,20191202,0.2,0.2,0.175,0.19,1135908
AAA,20191202,50.08,50.08,50.07,50.08,101070
AAC,20191202,1.07,1.09,1.05,1.09,569249
AAJ,20191202,0.003,0.003,0.003,0.003,1986183
AAR,20191202,0.09,0.09,0.088,0.088,1185212
AAU,20191202,0.009,0.009,0.009,0.009,15000
ABA,20191202,5.77,5.78,5.65,5.65,34084
ABC,20191202,3.51,3.515,3.42,3.42,1471534
ABP,20191202,3.9,3.92,3.87,3.87,552814
ABR,20191202,0.27,0.27,0.26,0.265,90908
ABT,20191202,0.064,0.066,0.064,0.066,120176
ABX,20191202,0.115,0.12,0.115,0.12,66572
AC8,20191202,0.2,0.205,0.2,0.2,186924
ACF,20191202,0.34,0.345,0.335,0.345,77495
ACP,20191202,0.006,0.006,0.006,0.006,175000
ACQ,20191202,1.23,1.23,1.2,1.2,165168
ACR,20191202,0.195,0.195,0.185,0.185,20727
ACW,20191202,0.046,0.047,0.044,0.044,5600820
AD1,20191202,0.014,0.014,0.014,0.014,300000
AD8,20191202,9.05,9.3,8.99,9.02,289459
ADA,20191202,0.6,0.61,0.6,0.6,107569
ADH,20191202,1.82,1.835,1.77,1.775,304110
ADI,20191202,2.92,2.93,2.89,2.91,700940
ADN,20191202,0.046,0.051,0.045,0.05,10841828
ADO,20191202,0.019,0.019,0.018,0.019,4053744
ADT,20191202,1.34,1.39,1.325,1.38,203701
ADV,20191202,0.003,0.003,0.003,0.003,825000
ADX,20191202,0.008,0.009,0.008,0.009,1350000
AEE,20191202,0.005,0.005,0.005,0.005,5149315
AEF,20191202,3.8,3.8,3.48,3.57,272788
AEG,20191202,1.045,1.045,1.045,1.045,1500
AEI,20191202,0.325,0.325,0.3,0.3,119446
AEV,20191202,0.014,0.014,0.014,0.014,72200
AFG,20191202,2.49,2.57,2.49,2.53,197807
AFI,20191202,6.88,6.91,6.85,6.86,311849
AFL,20191202,0.14,0.14,0.14,0.14,11
AFR,20191202,0.012,0.012,0.012,0.012,96153
AGD,20191202,0.065,0.065,0.065,0.065,4000
AGG,20191202,5.7,5.7,5.51,5.51,22988
AGH,20191202,0.395,0.395,0.38,0.38,357627
AGI,20191202,0.66,0.675,0.645,0.655,148360
AGL,20191202,20.53,20.7,20.51,20.51,1367176
AGM,20191202,2.03,2.03,2.03,2.03,43117
AGY,20191202,0.082,0.084,0.08,0.084,590007
AHF,20191202,0.11,0.115,0.105,0.115,698065
AHL,20191202,0.01,0.01,0.01,0.01,50000
AHQ,20191202,0.13,0.13,0.13,0.13,246077
AHX,20191202,0.435,0.435,0.435,0.435,12500
AHY,20191202,1.015,1.025,0.99,1,270783
AHZ,20191202,0.09,0.091,0.088,0.088,200076
AIA,20191202,8.61,8.65,8.52,8.57,47268
AIB,20191202,0.11,0.11,0.105,0.105,12469
AIS,20191202,0.049,0.049,0.047,0.047,50331
AIZ,20191202,2.68,2.7,2.66,2.68,38273
AJC,20191202,0.001,0.001,0.001,0.001,14000000
AJM,20191202,0.06,0.06,0.059,0.059,2449037
AJX,20191202,0.072,0.072,0.069,0.071,79569
AKG,20191202,0.57,0.57,0.57,0.57,2950
AKM,20191202,0.013,0.013,0.013,0.013,182290
AKP,20191202,16.5,17.2,16.35,16.38,4035
AL8,20191202,0.032,0.032,0.032,0.032,420000
ALC,20191202,0.22,0.22,0.21,0.215,802514
ALF,20191202,1.005,1.005,0.985,0.995,331159
ALG,20191202,1.195,1.2,1.17,1.19,575562
ALI,20191202,2.31,2.33,2.31,2.33,158160
ALK,20191202,0.55,0.605,0.55,0.6,1764219
ALL,20191202,34.07,34.26,33.8,34,1186898
ALQ,20191202,9.09,9.09,8.97,9.01,963441
ALU,20191202,36.25,37.4,36.18,37.07,486017
ALX,20191202,7.57,7.65,7.52,7.58,3369963
AMA,20191202,1.25,1.25,1.205,1.21,2530881
AMC,20191202,15.34,15.34,15.2,15.2,2219774
AMD,20191202,0.007,0.007,0.007,0.007,329012
AME,20191202,0.033,0.033,0.033,0.033,73685
AMG,20191202,0.089,0.091,0.089,0.09,1440330
AMH,20191202,0.935,0.945,0.93,0.945,44032
AMI,20191202,0.43,0.45,0.425,0.45,4402807
AML,20191202,0.105,0.105,0.1,0.1,110944
AMN,20191202,0.48,0.49,0.48,0.49,28375
AMP,20191202,1.96,1.98,1.95,1.955,6473509
AMS,20191202,1.67,1.67,1.6,1.625,502030
AMT,20191202,0.245,0.25,0.245,0.25,70132
ANA,20191202,0.041,0.043,0.035,0.035,14407670
ANG,20191202,0.205,0.215,0.205,0.215,1198256
ANL,20191202,0.002,0.002,0.002,0.002,178328915
ANN,20191202,29.55,29.92,29.5,29.81,370234
ANO,20191202,6.5,6.7,6.5,6.5,11539
ANP,20191202,0.078,0.079,0.074,0.074,652092
ANW,20191202,0.001,0.002,0.001,0.001,4950000
ANZ,20191202,25,25.2,24.82,24.99,9471254
AO1,20191202,0.006,0.006,0.006,0.006,250000
AOF,20191202,2.86,2.89,2.85,2.87,87069
AON,20191202,0.033,0.035,0.029,0.03,2194828
AOP,20191202,0.205,0.205,0.205,0.205,20000
AOU,20191202,0.077,0.077,0.075,0.075,62987
APA,20191202,11.21,11.38,11.11,11.28,3295289
APC,20191202,0.081,0.081,0.08,0.08,137937
APD,20191202,0.6,0.63,0.595,0.605,329927
APE,20191202,9.71,10.13,9.71,10.06,351376
APG,20191202,0.003,0.003,0.003,0.003,550000
APH,20191202,0.18,0.18,0.17,0.17,5169
API,20191202,1.31,1.31,1.3,1.3,702607
APL,20191202,1,1.015,1,1.01,465243
APT,20191202,31.64,31.71,30.56,31.17,1588686
APV,20191202,0.26,0.26,0.2,0.215,1139591
APW,20191202,1.475,1.48,1.475,1.48,20000
APX,20191202,24.5,24.8,24.43,24.46,534438
APZ,20191202,1.155,1.2,1.155,1.2,23824
AQC,20191202,0.185,0.185,0.16,0.16,27107
AQD,20191202,0.013,0.013,0.013,0.013,842578
AQG,20191202,7.85,8,7.85,7.91,175695
AQI,20191202,0.053,0.053,0.052,0.052,9025
AQR,20191202,3.47,3.52,3.465,3.52,181406
AQX,20191202,0.029,0.029,0.029,0.029,512043
AQZ,20191202,2.64,2.68,2.62,2.65,53785
AR9,20191202,0.125,0.125,0.12,0.125,85611
ARA,20191202,0.62,0.63,0.62,0.63,35106
ARB,20191202,19.11,19.19,18.89,19.08,279290
ARD,20191202,0.015,0.015,0.015,0.015,35000
ARF,20191202,2.95,2.99,2.95,2.98,173000
ARG,20191202,8.57,8.6,8.57,8.6,226014
ARL,20191202,0.595,0.69,0.595,0.64,99407
ARM,20191202,0.01,0.01,0.01,0.01,524136
ARN,20191202,0.17,0.175,0.165,0.165,263804
ARO,20191202,0.002,0.002,0.002,0.002,1200001
ARQ,20191202,0.39,0.4,0.375,0.4,117942
ARS,20191202,0.019,0.02,0.019,0.02,279654
ARU,20191202,0.089,0.094,0.088,0.093,1321899
ARV,20191202,0.029,0.029,0.028,0.028,661542
AS1,20191202,0.2,0.2,0.195,0.195,57914
ASB,20191202,4.2,4.36,4.18,4.3,1699817
ASG,20191202,1.62,1.62,1.6,1.6,27055
ASH,20191202,0.39,0.4,0.38,0.38,134960
ASN,20191202,0.029,0.029,0.026,0.028,762048
ASP,20191202,0.011,0.011,0.011,0.011,997740
AST,20191202,1.74,1.75,1.725,1.725,3713175
ASX,20191202,82.03,82.29,81.59,81.88,216527
ATC,20191202,0.112,0.115,0.112,0.115,54328
ATH,20191202,0.025,0.025,0.024,0.025,147012
ATL,20191202,0.405,0.42,0.405,0.42,38424
ATS,20191202,0.125,0.125,0.125,0.125,610884
ATU,20191202,0.29,0.305,0.29,0.3,286231
ATX,20191202,0.077,0.077,0.077,0.077,16850
AU8,20191202,0.105,0.105,0.105,0.105,436833
AUB,20191202,11.87,11.95,11.72,11.85,172565
AUI,20191202,9.89,9.9,9.87,9.88,12026
AUZ,20191202,0.015,0.016,0.015,0.016,8672040
AV1,20191202,0.185,0.195,0.185,0.19,471510
AVA,20191202,0.14,0.14,0.14,0.14,106780
AVE,20191202,0.004,0.004,0.004,0.004,149760
AVG,20191202,0.51,0.515,0.505,0.515,132597
AVH,20191202,0.64,0.65,0.63,0.635,7663803
AVJ,20191202,0.595,0.6,0.595,0.595,11519
AVL,20191202,0.011,0.011,0.01,0.01,1354348
AVN,20191202,2.9,2.9,2.84,2.88,268945
AVZ,20191202,0.043,0.045,0.043,0.044,3595084
AWC,20191202,2.3,2.34,2.3,2.32,6561070
AWV,20191202,0.01,0.01,0.01,0.01,20618
AWY,20191202,0.037,0.037,0.037,0.037,961
AX1,20191202,1.725,1.73,1.685,1.69,522398
AX8,20191202,0.035,0.035,0.034,0.034,134756
AXE,20191202,0.135,0.135,0.13,0.135,347933
AYF,20191202,6.05,6.05,6.01,6.01,3000
AYR,20191202,0.001,0.001,0.001,0.001,200000
AYS,20191202,0.38,0.435,0.37,0.43,779032
AZI,20191202,0.007,0.009,0.007,0.007,23326531
AZJ,20191202,5.77,5.815,5.76,5.77,4071340
AZM,20191202,0.033,0.033,0.033,0.033,2042705
AZS,20191202,0.12,0.125,0.12,0.125,18555
AZV,20191202,0.071,0.071,0.068,0.068,130228
AZY,20191202,0.012,0.012,0.012,0.012,85000
B2Y,20191202,0.04,0.04,0.04,0.04,22115
BAF,20191202,0.905,0.905,0.9,0.9,37016
BAL,20191202,13.17,13.19,13.16,13.18,813566
BAP,20191202,6.87,6.98,6.85,6.9,1692410
BAR,20191202,0.025,0.025,0.021,0.021,1124407
BAT,20191202,0.006,0.006,0.006,0.006,57600
BBC,20191202,0.59,0.59,0.59,0.59,8601
BBN,20191202,3.32,3.34,3.31,3.32,136911
BC8,20191202,0.377,0.377,0.355,0.365,184894
BCB,20191202,0.059,0.059,0.058,0.058,94513
BCC,20191202,0.24,0.24,0.235,0.24,255133
BCI,20191202,0.175,0.175,0.165,0.17,204451
BCK,20191202,0.025,0.025,0.024,0.024,62488
BCN,20191202,0.035,0.035,0.034,0.034,630371
BCT,20191202,0.17,0.175,0.165,0.165,761237
BD1,20191202,0.031,0.032,0.031,0.031,333329
BDA,20191202,0.34,0.34,0.31,0.31,52145
BDC,20191202,0.081,0.082,0.08,0.08,2528889
BDG,20191202,0.069,0.076,0.069,0.075,50000
BEE,20191202,0.02,0.02,0.02,0.02,103609
BEM,20191202,0.053,0.053,0.052,0.052,408393
BEN,20191202,10.1,10.12,9.99,9.99,2375218
BET,20191202,0.155,0.155,0.14,0.145,1868127
BFC,20191202,0.095,0.095,0.083,0.084,745795
BFG,20191202,1.05,1.062,1.05,1.06,448995
BGA,20191202,3.78,3.97,3.78,3.95,986821
BGL,20191202,0.495,0.495,0.48,0.48,471801
BGT,20191202,0.145,0.145,0.135,0.145,106034
BHL,20191202,0.15,0.15,0.15,0.15,6660
BHP,20191202,38.05,38.5,37.92,38.31,3207007
BID,20191202,0.6,0.6,0.59,0.6,166340
BIN,20191202,2.89,2.94,2.87,2.9,2856831
BIQ,20191202,0.015,0.015,0.015,0.015,40000
BIS,20191202,1.155,1.16,1.155,1.155,35157
BIT,20191202,0.06,0.061,0.059,0.059,776070
BKI,20191202,1.64,1.645,1.62,1.62,1075136
BKL,20191202,82.25,83.47,81.93,82.14,34093
BKT,20191202,0.051,0.051,0.051,0.051,263544
BKW,20191202,18.99,18.99,18.59,18.8,190886
BKY,20191202,0.225,0.225,0.225,0.225,1000
BLD,20191202,5.15,5.2,5.12,5.12,3371627
BLG,20191202,0.12,0.12,0.115,0.115,29500
BLK,20191202,0.013,0.013,0.012,0.012,5310523
BLT,20191202,0.04,0.042,0.039,0.04,2043203
BLU,20191202,0.049,0.049,0.046,0.047,997277
BLX,20191202,1.165,1.2,1.165,1.19,62754
BLY,20191202,1.9,1.9,1.8,1.88,45325
BMG,20191202,0.005,0.005,0.005,0.005,100000
BMN,20191202,0.042,0.042,0.041,0.042,139341
BNL,20191202,0.008,0.008,0.007,0.007,6392879
BNO,20191202,0.095,0.097,0.094,0.095,155727
BNR,20191202,0.021,0.021,0.021,0.021,20835
BOA,20191202,0.23,0.265,0.23,0.265,89760
BOC,20191202,0.255,0.26,0.255,0.26,86294
BOE,20191202,0.057,0.059,0.057,0.057,2111671
BOL,20191202,0.145,0.145,0.145,0.145,15406
BOQ,20191202,7.88,7.88,7.73,7.73,5078008
BOT,20191202,0.11,0.115,0.105,0.11,3849524
BPH,20191202,0.002,0.002,0.001,0.001,1500000
BPL,20191202,0.022,0.032,0.022,0.027,1809233
BPT,20191202,2.36,2.45,2.33,2.43,4046854
BRB,20191202,0.3,0.305,0.295,0.305,118214
BRG,20191202,17.16,17.72,16.99,17.5,272188
BRK,20191202,0.009,0.009,0.009,0.009,1500000
BRL,20191202,0.115,0.115,0.11,0.11,193097
BRN,20191202,0.043,0.044,0.042,0.043,2524932
BRU,20191202,0.18,0.18,0.17,0.17,472554
BRV,20191202,0.017,0.017,0.016,0.016,914600
BSA,20191202,0.415,0.435,0.415,0.43,232502
BSL,20191202,14.65,14.94,14.62,14.87,2197550
BSR,20191202,0.014,0.015,0.014,0.015,4819150
BSX,20191202,0.145,0.145,0.125,0.125,2736962
BTH,20191202,0.69,0.72,0.68,0.69,1944290
BTI,20191202,1.02,1.02,1,1,67390
BUB,20191202,1.075,1.075,1.065,1.07,1019424
BUD,20191202,0.03,0.03,0.025,0.026,22066284
BUG,20191202,0.25,0.25,0.25,0.25,5654
BVS,20191202,4.98,5.08,4.97,4.98,1441340
BWF,20191202,0.83,0.845,0.825,0.835,74365
BWP,20191202,4.25,4.29,4.24,4.26,561574
BWR,20191202,1.35,1.35,1.35,1.35,30953
BWX,20191202,4.23,4.47,4.12,4.44,316638
BXB,20191202,12.64,12.67,12.52,12.54,2060701
BXN,20191202,0.014,0.014,0.014,0.014,50765
BYE,20191202,0.295,0.295,0.285,0.292,576847
BYH,20191202,0.046,0.046,0.045,0.045,201650
BYI,20191202,0.95,0.95,0.945,0.945,5506
C6C,20191202,0.6,0.62,0.6,0.62,69726
CAG,20191202,0.72,0.72,0.65,0.695,65939
CAJ,20191202,0.24,0.24,0.23,0.235,88705
CAM,20191202,0.945,0.965,0.94,0.965,308852
CAN,20191202,0.44,0.455,0.43,0.45,1252817
CAP,20191202,0.032,0.032,0.03,0.031,992180
CAR,20191202,16.48,16.71,16.43,16.54,917495
CAT,20191202,2.21,2.21,2.08,2.11,548432
CAU,20191202,0.245,0.245,0.23,0.245,361800
CAY,20191202,0.195,0.195,0.19,0.195,169760
CAZ,20191202,0.023,0.023,0.022,0.022,2748435
CBA,20191202,81.35,81.88,80.86,81.43,2135334
CBR,20191202,3.6,3.6,3.25,3.28,3630641
CCA,20191202,0.16,0.16,0.155,0.155,303462
CCE,20191202,0.001,0.001,0.001,0.001,55214244
CCG,20191202,0.067,0.067,0.067,0.067,300000
CCL,20191202,11.44,11.555,11.415,11.51,1740440
CCP,20191202,33.09,33.74,32.96,33.27,113103
CCV,20191202,0.245,0.245,0.24,0.24,23328
CCX,20191202,2.72,2.73,2.65,2.67,177167
CCZ,20191202,0.019,0.019,0.019,0.019,537500
CD2,20191202,1.895,1.9,1.895,1.9,13610
CDA,20191202,6.6,6.61,6.54,6.6,302285
CDD,20191202,0.465,0.485,0.465,0.485,153819
CDM,20191202,0.745,0.745,0.74,0.74,345487
CDP,20191202,6.1,6.1,5.97,6,316752
CDV,20191202,0.31,0.315,0.305,0.315,85747
CDX,20191202,0.029,0.029,0.029,0.029,86731
CDY,20191202,0.265,0.265,0.26,0.26,65908
CEL,20191202,0.076,0.076,0.07,0.07,1127781
CEN,20191202,6.92,6.92,6.76,6.76,19037
CG1,20191202,0.4,0.4,0.39,0.4,67680
CGA,20191202,0.46,0.46,0.46,0.46,42500
CGB,20191202,0.017,0.018,0.016,0.016,1132649
CGC,20191202,2.6,2.68,2.58,2.63,1860652
CGF,20191202,8.17,8.225,8.115,8.16,910934
CGL,20191202,4.25,4.28,4.165,4.19,59465
CGR,20191202,0.492,0.5,0.49,0.49,1863663
CGS,20191202,0.35,0.39,0.35,0.38,69942
CHC,20191202,10.78,10.93,10.76,10.87,735744
CHK,20191202,0.013,0.013,0.012,0.012,2963524
CHN,20191202,0.165,0.165,0.165,0.165,83206
CHZ,20191202,0.073,0.076,0.073,0.075,298159
CI1,20191202,0.015,0.015,0.013,0.014,1150000
CIA,20191202,2.25,2.36,2.2,2.33,691630
CIE,20191202,0.88,0.88,0.87,0.87,97884
CIM,20191202,33.92,33.92,33.53,33.53,215369
CIN,20191202,32.35,32.5,32.3,32.34,2317
CIP,20191202,3.6,3.66,3.6,3.65,188935
CKA,20191202,0.05,0.05,0.045,0.045,442296
CKF,20191202,10.35,10.5,10.3,10.3,490189
CL1,20191202,2.33,2.34,2.21,2.24,285276
CL8,20191202,0.015,0.015,0.014,0.014,209209
CLA,20191202,0.014,0.014,0.013,0.013,205000
CLB,20191202,0.06,0.06,0.059,0.059,67827
CLH,20191202,1.14,1.14,1.095,1.095,661434
CLQ,20191202,0.23,0.23,0.215,0.22,633220
CLV,20191202,2.83,2.88,2.715,2.76,411164
CLW,20191202,5.72,5.75,5.66,5.74,1202666
CLZ,20191202,0.003,0.003,0.003,0.003,8284795
CM8,20191202,0.029,0.029,0.022,0.024,4021601
CMA,20191202,3.16,3.17,3.15,3.17,668301
CMP,20191202,0.85,0.85,0.83,0.84,35088
CMW,20191202,1.22,1.24,1.215,1.235,4892636
CNI,20191202,2.12,2.13,2.1,2.1,261661
CNL,20191202,0.135,0.15,0.135,0.15,66451
CNU,20191202,5.64,5.72,5.62,5.71,621457
CNW,20191202,0.039,0.04,0.039,0.039,931070
COE,20191202,0.53,0.545,0.525,0.535,3059978
COG,20191202,0.094,0.096,0.093,0.093,1362074
COH,20191202,236.39,238.54,235.13,236.25,145750
COI,20191202,0.19,0.195,0.19,0.195,1047142
COL,20191202,16.18,16.48,16.18,16.35,2291637
COO,20191202,0.075,0.075,0.07,0.071,723489
CP1,20191202,0.135,0.155,0.135,0.14,51500
CPH,20191202,0.15,0.165,0.14,0.145,14689189
CPU,20191202,17.74,17.77,17.45,17.53,1780663
CPV,20191202,0.175,0.195,0.175,0.195,452285
CQE,20191202,3.49,3.52,3.46,3.48,496938
CQR,20191202,4.63,4.64,4.58,4.58,1615563
CR1,20191202,0.26,0.29,0.23,0.27,1389057
CRN,20191202,1.96,2.05,1.91,1.955,703542
CRO,20191202,0.008,0.008,0.008,0.008,160000
CRS,20191202,0.125,0.125,0.12,0.12,136900
CSD,20191202,0.185,0.185,0.185,0.185,25000
CSL,20191202,283.2,287.31,283.2,286.1,1819628
CSR,20191202,4.73,4.775,4.7,4.74,2024869
CSS,20191202,0.75,0.75,0.715,0.72,74867
CSV,20191202,0.305,0.31,0.305,0.305,408744
CT1,20191202,0.013,0.013,0.013,0.013,1271544
CTD,20191202,20.23,20.8,20.23,20.38,392924
CTO,20191202,0.005,0.005,0.005,0.005,100000
CTP,20191202,0.155,0.155,0.15,0.15,614736
CTX,20191202,34.5,34.84,34.42,34.76,816473
CUE,20191202,0.12,0.125,0.12,0.125,844039
CUP,20191202,1.185,1.185,1.12,1.14,102494
CUV,20191202,28.09,28.5,26.68,26.87,262125
CV1,20191202,0.165,0.165,0.16,0.16,65500
CVC,20191202,2.23,2.23,2.2,2.2,26308
CVF,20191202,1.035,1.035,1.025,1.025,111219
CVN,20191202,0.33,0.34,0.33,0.34,1184884
CWL,20191202,0.065,0.065,0.065,0.065,20027
CWN,20191202,12.95,13.01,12.72,12.72,1211459
CWP,20191202,7.22,7.38,7.21,7.28,43649
CWX,20191202,0.21,0.22,0.195,0.205,203099
CWY,20191202,2.14,2.14,2.09,2.1,9340466
CXL,20191202,0.8,0.82,0.78,0.78,155898
CXM,20191202,0.04,0.04,0.04,0.04,12750
CXO,20191202,0.036,0.036,0.036,0.036,157000
CXU,20191202,0.025,0.025,0.025,0.025,61983
CXZ,20191202,0.023,0.023,0.023,0.023,2748318
CY5,20191202,0.034,0.035,0.034,0.035,305071
CYG,20191202,1.16,1.165,1.16,1.165,10174
CYL,20191202,3.05,3.16,3.05,3.16,56150
CYM,20191202,0.23,0.23,0.22,0.23,13693
CYP,20191202,1.135,1.14,1.09,1.105,20951
CYQ,20191202,0.001,0.001,0.001,0.001,13277540
CZL,20191202,0.01,0.01,0.01,0.01,178500
CZN,20191202,0.002,0.002,0.002,0.002,33500
D2O,20191202,1.37,1.38,1.37,1.38,30641
DAF,20191202,0.019,0.019,0.019,0.019,33000
DCC,20191202,0.033,0.033,0.032,0.033,429549
DCG,20191202,0.915,0.925,0.91,0.92,109691
DCL,20191202,0.082,0.082,0.08,0.08,257401
DCN,20191202,1.4,1.41,1.37,1.41,2052125
DDD,20191202,0.001,0.001,0.001,0.001,3000000
DDR,20191202,6.39,6.62,6.35,6.39,106420
DDT,20191202,0.009,0.009,0.009,0.009,353971
DEG,20191202,0.045,0.046,0.043,0.044,2154557
DEM,20191202,0.275,0.275,0.255,0.255,459206
DEV,20191202,0.079,0.079,0.079,0.079,10000
DGO,20191202,0.85,0.85,0.835,0.84,4001
DGR,20191202,0.083,0.083,0.083,0.083,29692
DHG,20191202,3.5,3.51,3.47,3.48,768447
DHR,20191202,0.003,0.003,0.003,0.003,400000
DIV,20191202,23.6,23.63,23.6,23.6,3318
DJW,20191202,3.6,3.65,3.6,3.62,60789
DME,20191202,0.2,0.21,0.2,0.21,255248
DMP,20191202,52.68,53.53,52.5,52.58,299341
DNK,20191202,0.635,0.64,0.63,0.64,407842
DOR,20191202,0.03,0.03,0.03,0.03,1995
DOW,20191202,8.44,8.5,8.35,8.45,1107539
DRE,20191202,0.007,0.007,0.006,0.006,4195258
DRO,20191202,0.295,0.3,0.295,0.295,397850
DRX,20191202,0.011,0.011,0.01,0.01,5999022
DSE,20191202,0.057,0.058,0.054,0.055,710218
DTC,20191202,1.195,1.195,1.13,1.152,530588
DTI,20191202,0.022,0.022,0.022,0.022,1748
DTL,20191202,3.74,3.79,3.56,3.63,194173
DTZ,20191202,0.045,0.047,0.045,0.047,118469
DUB,20191202,1.38,1.41,1.365,1.38,407082
DUI,20191202,4.88,4.93,4.88,4.9,67761
DVL,20191202,0.026,0.026,0.026,0.026,20000
DW8,20191202,0.007,0.007,0.007,0.007,6506612
DWS,20191202,1.05,1.085,1.05,1.085,163523
DXN,20191202,0.05,0.05,0.049,0.049,191186
DXS,20191202,12.23,12.285,12.17,12.21,1480364
DYL,20191202,0.27,0.27,0.27,0.27,26997
E25,20191202,0.175,0.175,0.17,0.17,79607
E2M,20191202,0.2,0.2,0.2,0.2,97500
EAF,20191202,1.33,1.33,1.33,1.33,61307
EAI,20191202,1.015,1.02,1.01,1.02,103430
EBO,20191202,21.7,21.7,21.65,21.65,7345
ECL,20191202,1.25,1.3,1.25,1.3,15500
ECP,20191202,1.08,1.09,1.07,1.07,40000
ECS,20191202,0.051,0.051,0.048,0.049,1276110
ECT,20191202,0.002,0.002,0.001,0.002,7292116
ECX,20191202,1.6,1.645,1.6,1.635,621384
ED1,20191202,0.9,0.93,0.9,0.92,71200
EDE,20191202,0.045,0.045,0.044,0.044,1441226
EEG,20191202,0.44,0.48,0.44,0.48,624559
EFF,20191202,1.75,1.75,1.75,1.75,21500
EGA,20191202,0.475,0.5,0.475,0.495,485020
EGD,20191202,2.29,2.3,2.27,2.27,87984
EGF,20191202,1.765,1.765,1.76,1.76,23819
EGG,20191202,1.86,1.86,1.84,1.845,22336
EGH,20191202,0.34,0.34,0.34,0.34,248200
EGI,20191202,1.12,1.125,1.12,1.12,301298
EGN,20191202,0.565,0.57,0.56,0.56,36056
EHE,20191202,2.69,2.73,2.69,2.7,245817
EHH,20191202,0.12,0.125,0.115,0.125,537834
EHL,20191202,1.99,1.995,1.942,1.99,1088576
EHX,20191202,0.032,0.032,0.032,0.032,14200
ELD,20191202,6.53,6.54,6.42,6.47,295147
ELO,20191202,6.91,6.99,6.84,6.9,40911
ELS,20191202,0.425,0.43,0.42,0.43,31027
EM1,20191202,0.015,0.015,0.015,0.015,201999
EM2,20191202,0.19,0.195,0.19,0.19,69978
EME,20191202,0.085,0.085,0.085,0.085,1000
EMH,20191202,0.31,0.335,0.31,0.335,6346
EML,20191202,4.8,4.83,4.56,4.58,1551034
EMP,20191202,0.04,0.04,0.039,0.039,88467
EMR,20191202,0.043,0.043,0.041,0.042,1860785
EMV,20191202,0.75,0.752,0.74,0.74,34439
EN1,20191202,0.024,0.024,0.023,0.023,1374620
ENE,20191202,0.155,0.155,0.155,0.155,7000
ENN,20191202,2.14,2.14,2.12,2.13,159990
ENR,20191202,0.13,0.13,0.13,0.13,10000
ENT,20191202,0.01,0.015,0.01,0.011,21684161
EOF,20191202,3.31,3.34,3.11,3.19,179311
EOL,20191202,2.2,2.2,2.18,2.18,5500
EOS,20191202,6.84,6.87,6.64,6.67,273933
EPD,20191202,0.34,0.34,0.34,0.34,54170
EQE,20191202,0.014,0.014,0.013,0.014,2203168
EQT,20191202,32.35,32.7,32.15,32.25,3248
ERA,20191202,0.155,0.155,0.15,0.155,220590
ERF,20191202,1.23,1.245,1.23,1.245,13464
ERG,20191202,0.068,0.068,0.068,0.068,33000
ERL,20191202,0.008,0.008,0.008,0.008,512899
ERM,20191202,0.13,0.13,0.125,0.13,483596
ERX,20191202,0.075,0.075,0.071,0.071,1040695
ESE,20191202,0.011,0.011,0.011,0.011,700136
ESH,20191202,0.01,0.011,0.01,0.011,4154754
ESR,20191202,0.012,0.012,0.012,0.012,222487
EUC,20191202,0.022,0.022,0.02,0.02,464053
EUR,20191202,0.082,0.082,0.08,0.082,861241
EVN,20191202,3.96,4.06,3.93,4.01,10510989
EVO,20191202,0.15,0.15,0.15,0.15,447531
EVS,20191202,0.265,0.28,0.255,0.275,997330
EVT,20191202,13.21,13.29,13.1,13.1,9034
EVZ,20191202,0.17,0.17,0.17,0.17,54246
EWC,20191202,0.085,0.087,0.085,0.086,233194
EX1,20191202,0.35,0.35,0.325,0.325,69000
EXL,20191202,1.06,1.075,1.01,1.03,398053
EXP,20191202,0.26,0.265,0.255,0.26,393174
EXR,20191202,0.044,0.044,0.042,0.043,1531568
EZL,20191202,1.1,1.1,1.07,1.085,64802
FAR,20191202,0.047,0.047,0.045,0.046,11821504
FBR,20191202,0.053,0.054,0.053,0.053,565255
FBU,20191202,4.94,4.96,4.91,4.95,1294600
FCL,20191202,2.65,2.67,2.57,2.64,87614
FCT,20191202,0.17,0.17,0.17,0.17,40000
FDV,20191202,0.8,0.802,0.79,0.8,108302
FEL,20191202,0.014,0.015,0.014,0.015,964402
FFG,20191202,0.01,0.01,0.01,0.01,300000
FFI,20191202,4.95,4.95,4.95,4.95,1500
FGG,20191202,1.27,1.27,1.265,1.265,1161332
FGO,20191202,0.002,0.002,0.002,0.002,1827947
FGR,20191202,0.14,0.15,0.14,0.15,546576
FGX,20191202,1.19,1.19,1.175,1.18,137288
FHS,20191202,0.016,0.016,0.016,0.016,1126893
FID,20191202,5.37,5.37,5.3,5.3,10169
FIJ,20191202,0.097,0.099,0.096,0.097,68695
FLC,20191202,0.465,0.465,0.455,0.455,122399
FLN,20191202,0.64,0.64,0.635,0.635,67968
FLT,20191202,44,44.28,43.57,43.61,173608
FMG,20191202,9.68,10.035,9.58,10.02,12552535
FML,20191202,0.23,0.23,0.23,0.23,1160
FMS,20191202,0.068,0.068,0.067,0.067,767265
FNP,20191202,5.3,5.39,5.29,5.36,180172
FOD,20191202,0.08,0.08,0.08,0.08,128431
FOR,20191202,1.18,1.2,1.18,1.2,50422
FPC,20191202,0.99,0.99,0.985,0.985,7428
FPH,20191202,21,21.16,20.84,20.84,400929
FPL,20191202,0.007,0.007,0.007,0.007,130000
FRI,20191202,0.84,0.84,0.84,0.84,16671
FRM,20191202,0.305,0.325,0.3,0.325,40518
FRN,20191202,0.024,0.028,0.023,0.028,11401347
FSA,20191202,1.25,1.27,1.25,1.27,67353
FSF,20191202,3.8,3.8,3.79,3.79,852
FSI,20191202,1.85,1.85,1.85,1.85,5000
FTC,20191202,0.13,0.13,0.11,0.115,899836
FTT,20191202,0.003,0.003,0.003,0.003,130000
FTZ,20191202,0.11,0.11,0.11,0.11,100000
FWD,20191202,2.05,2.06,2.03,2.06,26306
FXL,20191202,1.95,2.005,1.925,1.975,655107
FYI,20191202,0.056,0.056,0.054,0.054,23690
FZO,20191202,0.185,0.19,0.185,0.185,155593
G1A,20191202,0.29,0.3,0.29,0.29,75832
G88,20191202,0.041,0.041,0.041,0.041,30000
GAL,20191202,0.2,0.255,0.19,0.215,6405779
GAP,20191202,0.285,0.285,0.275,0.275,255919
GAS,20191202,0.765,0.79,0.765,0.79,81000
GBR,20191202,0.05,0.05,0.05,0.05,100000
GC1,20191202,0.845,0.845,0.845,0.845,1006
GCI,20191202,2.02,2.04,2.02,2.04,220641
GDF,20191202,1.4,1.425,1.39,1.4,21570
GDG,20191202,0.69,0.69,0.69,0.69,5091
GDI,20191202,1.545,1.557,1.535,1.54,269966
GDX,20191202,40,40,39.61,39.61,1675
GED,20191202,0.025,0.025,0.024,0.024,346856
GEM,20191202,1.98,1.985,1.93,1.94,1662877
GEV,20191202,0.15,0.15,0.135,0.145,513739
GGG,20191202,0.105,0.115,0.105,0.11,1454513
GID,20191202,0.024,0.024,0.024,0.024,200000
GLL,20191202,0.87,0.87,0.825,0.83,146962
GLN,20191202,0.165,0.17,0.165,0.17,31135
GLV,20191202,0.002,0.002,0.002,0.002,315023
GMA,20191202,3.67,3.71,3.63,3.67,225192
GMC,20191202,0.006,0.006,0.006,0.006,50000
GMD,20191202,0.032,0.033,0.03,0.03,1750895
GME,20191202,0.055,0.055,0.055,0.055,126074
GMG,20191202,14.87,14.95,14.77,14.85,3360250
GML,20191202,0.017,0.018,0.017,0.018,692854
GMN,20191202,0.079,0.083,0.075,0.076,378644
GMR,20191202,0.013,0.013,0.013,0.013,350000
GNC,20191202,8.18,8.25,8.12,8.21,481244
GNE,20191202,3,3.08,3,3.08,40974
GNG,20191202,0.79,0.79,0.79,0.79,10949
GNM,20191202,0.009,0.009,0.009,0.009,50000
GNX,20191202,0.195,0.195,0.19,0.195,295142
GO2,20191202,0.018,0.018,0.018,0.018,58000
GOR,20191202,1.145,1.15,1.115,1.115,3728774
GOW,20191202,2.25,2.26,2.24,2.26,21156
GOZ,20191202,4.31,4.42,4.31,4.38,628139
GPR,20191202,0.019,0.019,0.019,0.019,500000
GPT,20191202,6.17,6.2,6.12,6.16,3087585
GRB,20191202,0.089,0.089,0.087,0.088,526252
GRR,20191202,0.225,0.235,0.225,0.23,1702154
GSM,20191202,0.061,0.061,0.06,0.061,24053
GSN,20191202,0.077,0.077,0.076,0.076,152760
GSS,20191202,1.12,1.12,1.085,1.1,15262
GSW,20191202,0.49,0.52,0.48,0.5,270528
GTE,20191202,0.003,0.003,0.003,0.003,440000
GTG,20191202,0.005,0.005,0.004,0.005,4480000
GTK,20191202,3.7,3.7,3.53,3.64,100794
GTN,20191202,0.7,0.7,0.67,0.67,56915
GUD,20191202,11.13,11.16,10.91,11.12,456150
GUL,20191202,0.028,0.028,0.028,0.028,50000
GVF,20191202,1.07,1.09,1.07,1.08,146485
GWA,20191202,3.33,3.39,3.29,3.37,1619025
GWR,20191202,0.079,0.08,0.079,0.08,14547
GXY,20191202,0.94,0.955,0.925,0.93,1677371
HAS,20191202,0.17,0.17,0.17,0.17,162019
HAV,20191202,0.092,0.092,0.092,0.092,24500
HAW,20191202,0.075,0.08,0.068,0.069,452637
HCH,20191202,0.035,0.035,0.034,0.034,614345
HE8,20191202,0.19,0.195,0.19,0.19,635455
HFR,20191202,0.635,0.65,0.635,0.65,31742
HGO,20191202,0.066,0.066,0.066,0.066,59632
HHY,20191202,0.041,0.041,0.041,0.041,115056
HIL,20191202,0.33,0.34,0.33,0.34,82399
HIT,20191202,1.155,1.16,1.15,1.15,42142
HLA,20191202,1.07,1.07,1.07,1.07,935
HLO,20191202,4.42,4.48,4.4,4.47,30973
HLS,20191202,3.06,3.12,3.06,3.09,657337
HLX,20191202,0.016,0.016,0.015,0.015,868523
HM1,20191202,3.3,3.32,3.24,3.31,309769
HMC,20191202,3.89,3.9,3.87,3.87,69266
HMD,20191202,0.195,0.2,0.185,0.185,741279
HMX,20191202,0.026,0.027,0.026,0.027,269658
HNR,20191202,0.009,0.009,0.009,0.009,200000
HOR,20191202,0.012,0.012,0.012,0.012,416666
HPI,20191202,3.28,3.31,3.24,3.28,581185
HRL,20191202,0.115,0.115,0.115,0.115,25000
HRR,20191202,0.12,0.12,0.11,0.115,9591
HRZ,20191202,0.099,0.099,0.096,0.096,26646
HSC,20191202,0.004,0.004,0.004,0.004,109834
HSN,20191202,3.48,3.53,3.46,3.5,114083
HT1,20191202,1.62,1.635,1.615,1.625,155230
HUB,20191202,11.01,11.21,10.82,10.98,221724
HUO,20191202,4.54,4.55,4.52,4.54,109604
HVN,20191202,4.33,4.355,4.29,4.3,1898532
HWK,20191202,0.007,0.007,0.007,0.007,3623848
HXG,20191202,0.07,0.07,0.07,0.07,75232
HYD,20191202,0.027,0.027,0.026,0.026,50000
HZN,20191202,0.135,0.14,0.135,0.135,362398
HZR,20191202,0.385,0.39,0.38,0.38,103848
IAA,20191202,90.8,91.57,90.63,91.54,5920
IAF,20191202,115.65,115.69,115.29,115.31,17419
IAG,20191202,7.91,7.94,7.83,7.88,3661950
IAM,20191202,0.001,0.001,0.001,0.001,1837368
IAP,20191202,1.515,1.525,1.472,1.485,112439
IBG,20191202,0.013,0.013,0.013,0.013,632645
IBX,20191202,0.019,0.021,0.019,0.02,7650079
ICG,20191202,0.002,0.002,0.002,0.002,470000
ICI,20191202,0.036,0.036,0.035,0.036,787833
ICN,20191202,0.012,0.013,0.012,0.013,283473
ICQ,20191202,0.28,0.28,0.275,0.28,20032
ICS,20191202,1.995,2,1.99,2,23746
ICT,20191202,0.048,0.048,0.04,0.042,1880382
ID8,20191202,0.375,0.4,0.375,0.375,230063
IDA,20191202,0.027,0.027,0.026,0.026,50668
IDT,20191202,0.135,0.135,0.135,0.135,66666
IDX,20191202,3.64,3.69,3.57,3.64,170920
IDZ,20191202,0.01,0.01,0.01,0.01,888314
IEL,20191202,18.23,18.61,18.13,18.43,410321
IEM,20191202,63,63.4,62.69,63.11,60062
IEU,20191202,67.11,67.35,66.99,67.15,9312
IFL,20191202,7.81,7.88,7.77,7.8,667993
IFM,20191202,2.11,2.12,2.09,2.1,203962
IFN,20191202,0.65,0.65,0.625,0.63,1139857
IFT,20191202,4.63,4.63,4.63,4.63,3453
IGB,20191202,114.21,114.21,113.95,113.95,1382
IGE,20191202,0.12,0.12,0.105,0.105,383892
IGL,20191202,2.23,2.28,2.2,2.26,927185
IGO,20191202,5.88,5.97,5.83,5.91,3972047
IHD,20191202,14.3,14.37,14.22,14.35,20900
IHL,20191202,0.066,0.067,0.065,0.066,1281073
IJH,20191202,299,299,297.56,298.09,5169
IJP,20191202,87.99,88.55,87.99,88.38,3690
IJR,20191202,120.72,121.43,120.72,121.2,1135
IKO,20191202,86.8,86.95,86.8,86.87,1062
IKW,20191202,0.004,0.004,0.004,0.004,50000
ILB,20191202,129.53,129.59,128.95,128.95,1456
ILC,20191202,26.47,26.61,26.42,26.58,13922
ILU,20191202,9.57,9.57,9.39,9.41,1064723
IMA,20191202,0.25,0.25,0.245,0.245,394478
IMC,20191202,0.145,0.15,0.145,0.15,465564
IMD,20191202,1.625,1.66,1.59,1.645,385928
IME,20191202,0.038,0.038,0.037,0.037,597476
IMF,20191202,3.83,3.99,3.79,3.84,1046963
IMM,20191202,0.255,0.255,0.245,0.25,304843
IMR,20191202,1.135,1.135,1.135,1.135,9130
IMS,20191202,0.007,0.007,0.007,0.007,2830000
IMU,20191202,0.039,0.042,0.037,0.04,75898942
INA,20191202,4.75,4.75,4.645,4.66,524173
INF,20191202,0.066,0.066,0.064,0.064,313161
ING,20191202,3.29,3.37,3.26,3.35,1853798
INK,20191202,0.079,0.08,0.07,0.077,486628
INR,20191202,0.2,0.207,0.2,0.205,2200505
IOD,20191202,0.175,0.175,0.135,0.135,121397
IOO,20191202,77.54,77.63,77.41,77.55,17453
IOZ,20191202,28.09,28.21,28.01,28.1,121526
IP1,20191202,0.012,0.012,0.012,0.012,33400
IPD,20191202,0.17,0.17,0.16,0.17,956438
IPH,20191202,8.35,8.5,8.25,8.49,505330
IPL,20191202,3.24,3.26,3.23,3.23,5230926
IPT,20191202,0.007,0.007,0.006,0.006,3658334
IRD,20191202,0.052,0.052,0.052,0.052,13596
IRE,20191202,13.1,13.28,12.98,13.12,615305
IRI,20191202,3.2,3.29,3.2,3.23,110879
ISD,20191202,0.255,0.26,0.25,0.26,613906
ISO,20191202,5.05,5.08,5.05,5.06,39619
ISU,20191202,0.54,0.55,0.54,0.54,1895
ITG,20191202,0.5,0.5,0.48,0.5,46347
IVC,20191202,13.08,13.17,13,13.03,225210
IVE,20191202,100.75,101.52,100.75,101.1,46877
IVR,20191202,0.019,0.02,0.019,0.019,1404694
IVV,20191202,468.5,469,467.54,468.48,24584
IVX,20191202,0.017,0.017,0.014,0.014,17915015
IVZ,20191202,0.026,0.026,0.026,0.026,189912
IXC,20191202,0.81,0.85,0.76,0.76,136759
IXI,20191202,81.36,81.56,81.07,81.07,1103
IXJ,20191202,99.99,100,99.08,99.34,4368
IXU,20191202,0.074,0.083,0.073,0.083,36965
IZZ,20191202,60.15,60.96,60.01,60.96,44010
JAN,20191202,0.43,0.455,0.43,0.455,161461
JAT,20191202,0.05,0.051,0.05,0.05,825698
JAY,20191202,0.305,0.305,0.3,0.3,7071
JBH,20191202,37.98,38.19,37.19,37.25,314472
JCS,20191202,0.027,0.027,0.024,0.026,1336975
JDR,20191202,0.012,0.012,0.012,0.012,3500
JHC,20191202,1.135,1.135,1.095,1.11,148443
JHG,20191202,37.74,37.95,37.57,37.8,182333
JHL,20191202,0.032,0.032,0.032,0.032,1279
JHX,20191202,28.91,29.2,28.91,28.95,1341769
JIN,20191202,20.52,20.52,19.1,19.67,700162
JLG,20191202,2.13,2.19,2.08,2.1,206371
JMS,20191202,0.25,0.255,0.25,0.25,1647317
JRL,20191202,0.285,0.31,0.285,0.31,31219
JRV,20191202,0.19,0.2,0.19,0.2,492454
JYC,20191202,1.46,1.49,1.46,1.49,134024
K2F,20191202,0.22,0.235,0.22,0.23,474295
KAI,20191202,0.011,0.011,0.01,0.011,190000
KAR,20191202,1.1,1.115,1.075,1.09,1859350
KAT,20191202,0.8,0.81,0.795,0.795,99256
KCN,20191202,0.395,0.405,0.395,0.405,46002
KEY,20191202,0.006,0.006,0.006,0.006,1655000
KFE,20191202,0.042,0.042,0.041,0.041,235585
KGL,20191202,0.24,0.24,0.235,0.235,18200
KGM,20191202,0.004,0.004,0.004,0.004,9400
KGN,20191202,7.05,7.3,7.05,7.21,334061
KIN,20191202,0.04,0.04,0.039,0.04,539915
KKC,20191202,2.48,2.49,2.48,2.49,575950
KKT,20191202,0.72,0.725,0.71,0.71,182583
KLA,20191202,61,62,61,61.65,11035
KLL,20191202,0.48,0.485,0.475,0.48,113622
KMD,20191202,2.87,2.915,2.87,2.89,152742
KME,20191202,1.14,1.16,1.14,1.16,11521
KNL,20191202,0.09,0.09,0.089,0.089,99504
KNM,20191202,0.028,0.028,0.028,0.028,25437
KNO,20191202,0.091,0.091,0.091,0.091,109171
KPG,20191202,0.96,1,0.96,1,48000
KPO,20191202,0.032,0.032,0.03,0.03,470794
KPT,20191202,2.25,2.28,2.25,2.28,3000
KRM,20191202,0.033,0.033,0.029,0.029,947525
KRR,20191202,0.026,0.026,0.023,0.023,1979472
KSC,20191202,1.53,1.53,1.53,1.53,1483
KSL,20191202,1.395,1.4,1.38,1.385,232664
KSM,20191202,2.25,2.25,2.25,2.25,41000
KSN,20191202,0.15,0.15,0.14,0.14,99750
KSS,20191202,0.35,0.35,0.33,0.34,361337
KTA,20191202,0.04,0.042,0.039,0.042,313529
KTD,20191202,0.4,0.405,0.4,0.4,122833
KTG,20191202,0.33,0.36,0.295,0.295,1847891
KWR,20191202,0.18,0.18,0.17,0.18,32274
KYK,20191202,0.135,0.135,0.125,0.125,230306
KZA,20191202,0.635,0.675,0.63,0.64,168071
KZR,20191202,0.265,0.28,0.265,0.28,210882
LAU,20191202,0.36,0.36,0.35,0.35,206467
LBL,20191202,0.69,0.75,0.69,0.75,31832
LBT,20191202,0.18,0.18,0.175,0.18,498105
LCK,20191202,0.165,0.165,0.16,0.165,303610
LCM,20191202,0.19,0.19,0.18,0.18,240900
LCT,20191202,0.018,0.018,0.018,0.018,397839
LEP,20191202,5.49,5.52,5.46,5.52,62606
LEX,20191202,0.195,0.195,0.185,0.185,5354
LHM,20191202,0.01,0.01,0.01,0.01,42387
LI3,20191202,0.033,0.033,0.033,0.033,64351
LIC,20191202,8.38,8.38,8.18,8.31,63171
LIN,20191202,0.026,0.028,0.024,0.027,4181287
LIT,20191202,0.035,0.035,0.034,0.035,336630
LKE,20191202,0.029,0.03,0.027,0.03,581219
LLC,20191202,19.47,19.49,19.26,19.26,908002
LLO,20191202,1.12,1.12,1.065,1.065,3490
LMG,20191202,0.012,0.012,0.011,0.011,587050
LMW,20191202,0.145,0.15,0.145,0.15,10636
LNG,20191202,0.2,0.2,0.19,0.19,752203
LNK,20191202,5.79,5.79,5.7,5.72,3559860
LNU,20191202,0.031,0.031,0.03,0.031,1535965
LNY,20191202,0.007,0.008,0.007,0.008,7672100
LOM,20191202,0.11,0.112,0.11,0.11,175129
LON,20191202,0.17,0.17,0.167,0.17,161443
LOT,20191202,0.055,0.055,0.055,0.055,59
LOV,20191202,12.11,12.28,11.96,12.02,169171
LPD,20191202,0.016,0.016,0.016,0.016,1027166
LPE,20191202,0.65,0.66,0.65,0.66,9387
LPI,20191202,0.25,0.25,0.245,0.245,19741
LRS,20191202,0.01,0.01,0.01,0.01,100000
LRT,20191202,4.5,4.5,4.5,4.5,198
LSF,20191202,1.585,1.6,1.58,1.595,555447
LSR,20191202,0.008,0.008,0.007,0.007,369055
LSX,20191202,0.46,0.46,0.45,0.45,174827
LTR,20191202,0.093,0.093,0.083,0.086,13047380
LVH,20191202,0.24,0.255,0.235,0.25,1851293
LVT,20191202,0.3,0.305,0.3,0.3,854759
LYC,20191202,2.16,2.18,2.14,2.15,3860819
LYL,20191202,5.45,5.47,5.45,5.47,5782
MA1,20191202,0.99,0.99,0.99,0.99,35995
MAD,20191202,1.08,1.1,1.08,1.1,26128
MAG,20191202,0.17,0.18,0.17,0.175,160311
MAH,20191202,0.245,0.245,0.235,0.245,317526
MAI,20191202,0.51,0.52,0.505,0.505,228854
MAM,20191202,0.475,0.49,0.475,0.49,3233
MAN,20191202,0.016,0.017,0.016,0.016,2186881
MAQ,20191202,23.23,23.24,23.23,23.23,206
MAR,20191202,0.001,0.001,0.001,0.001,3000000
MAT,20191202,0.13,0.13,0.13,0.13,76577
MAU,20191202,0.505,0.505,0.505,0.505,3300
MAY,20191202,0.011,0.011,0.01,0.01,619684
MBK,20191202,0.011,0.011,0.01,0.011,580186
MCA,20191202,0.14,0.155,0.14,0.155,492952
MCE,20191202,0.375,0.375,0.375,0.375,500
MCP,20191202,2.44,2.44,2.38,2.41,71057
MCR,20191202,0.605,0.625,0.605,0.61,659797
MCT,20191202,0.004,0.004,0.004,0.004,542500
MCX,20191202,0.065,0.065,0.065,0.065,388
MCY,20191202,4.6,4.6,4.53,4.59,5557
MDC,20191202,0.375,0.375,0.375,0.375,10994
MDI,20191202,0.005,0.005,0.005,0.005,4679155
MDR,20191202,0.31,0.33,0.31,0.33,87357
MEA,20191202,0.325,0.335,0.325,0.335,119758
MEB,20191202,0.012,0.012,0.011,0.011,3676903
MEC,20191202,0.955,0.955,0.95,0.95,4538
MEI,20191202,0.052,0.052,0.051,0.051,2078630
MEM,20191202,0.06,0.06,0.054,0.055,1523435
MEP,20191202,0.045,0.045,0.042,0.045,1897638
MEU,20191202,0.025,0.025,0.021,0.022,1408892
MEZ,20191202,4.5,4.56,4.38,4.38,55289
MFD,20191202,0.98,0.985,0.98,0.985,13000
MFF,20191202,3.52,3.55,3.46,3.55,209112
MFG,20191202,52.7,53.14,52.52,52.97,924032
MGC,20191202,0.435,0.435,0.435,0.435,1800
MGE,20191202,4.01,4.01,3.99,3.99,622850
MGG,20191202,1.94,1.945,1.925,1.925,616748
MGL,20191202,0.02,0.02,0.02,0.02,4261
MGR,20191202,3.39,3.42,3.36,3.39,6188946
MGU,20191202,0.051,0.051,0.05,0.05,100000
MGV,20191202,0.082,0.082,0.079,0.08,737978
MGX,20191202,0.805,0.825,0.785,0.825,1387108
MHC,20191202,0.009,0.009,0.006,0.006,27265402
MHG,20191202,3.5,3.5,3.5,3.5,67631
MHH,20191202,1.67,1.68,1.66,1.665,264503
MHI,20191202,0.071,0.073,0.071,0.073,402390
MHJ,20191202,0.665,0.685,0.66,0.675,41849
MIL,20191202,0.47,0.475,0.45,0.45,76039
MIN,20191202,15.49,15.53,15.31,15.31,862947
MIR,20191202,2.64,2.67,2.63,2.67,35541
MKG,20191202,0.081,0.081,0.078,0.078,49582
MLD,20191202,1.15,1.19,1.15,1.18,363561
MLL,20191202,0.072,0.077,0.072,0.077,3300
MLM,20191202,0.013,0.014,0.013,0.014,176500
MLS,20191202,0.001,0.001,0.001,0.001,5200000
MLT,20191202,4.85,4.85,4.84,4.85,121983
MLX,20191202,0.115,0.115,0.11,0.115,1860452
MMI,20191202,0.15,0.155,0.15,0.15,718502
MMJ,20191202,0.16,0.17,0.155,0.165,236843
MML,20191202,0.685,0.685,0.62,0.66,311501
MMS,20191202,14.96,15.02,14.78,14.78,122037
MNC,20191202,0.099,0.099,0.097,0.098,327581
MND,20191202,16.35,16.88,16.27,16.66,348685
MNF,20191202,4.95,4.96,4.77,4.85,59491
MNS,20191202,0.105,0.105,0.1,0.1,109395
MNY,20191202,2.17,2.2,2.17,2.18,68591
MOB,20191202,0.12,0.122,0.12,0.12,182946
MOC,20191202,1.375,1.4,1.355,1.385,86892
MOE,20191202,4.7,4.89,4.68,4.8,566101
MOH,20191202,0.05,0.05,0.05,0.05,12000
MOQ,20191202,0.22,0.22,0.22,0.22,2727
MOT,20191202,2.06,2.07,2.05,2.07,337073
MOZ,20191202,2.65,2.68,2.62,2.67,18088
MP1,20191202,9.88,9.88,9.54,9.68,193464
MPH,20191202,0.29,0.29,0.29,0.29,1436
MPL,20191202,3.29,3.29,3.24,3.26,4132643
MPR,20191202,0.028,0.028,0.028,0.028,44993
MPW,20191202,0.08,0.08,0.078,0.08,358402
MQG,20191202,137.86,139.1,137.86,138.16,850539
MQR,20191202,0.064,0.066,0.064,0.066,52727
MRM,20191202,0.175,0.18,0.175,0.175,627984
MRR,20191202,0.014,0.014,0.014,0.014,50000
MRV,20191202,0.003,0.003,0.003,0.003,53356
MRZ,20191202,0.25,0.25,0.24,0.245,25622
MSB,20191202,1.82,1.875,1.81,1.835,556449
MSE,20191202,0.013,0.013,0.013,0.013,262800
MSG,20191202,0.017,0.017,0.017,0.017,50000
MSR,20191202,0.002,0.002,0.002,0.002,600000
MSV,20191202,0.059,0.059,0.057,0.058,2252881
MTB,20191202,0.004,0.004,0.004,0.004,233316
MTC,20191202,0.051,0.052,0.044,0.044,2975094
MTH,20191202,0.009,0.009,0.008,0.008,2108929
MTO,20191202,2.28,2.28,2.17,2.175,39719
MTS,20191202,3.01,3.01,2.94,2.95,1896072
MVA,20191202,26.48,26.49,26.05,26.16,9218
MVB,20191202,27.02,27.02,26.39,26.59,7968
MVE,20191202,29.94,30.07,29.94,30.07,12143
MVF,20191202,1.045,1.07,1.045,1.07,440923
MVP,20191202,6.98,7.17,6.95,7.09,161797
MVR,20191202,30.5,30.5,30.21,30.41,1060
MVS,20191202,21.31,21.31,21.31,21.31,152
MVW,20191202,32.5,32.54,32.28,32.39,50845
MWR,20191202,3.3,3.3,3.15,3.15,34012
MWY,20191202,1.945,1.98,1.94,1.975,44664
MX1,20191202,0.235,0.24,0.235,0.24,185512
MXC,20191202,0.034,0.034,0.033,0.033,375659
MXI,20191202,0.23,0.23,0.225,0.23,117300
MXT,20191202,2.04,2.06,2.04,2.05,894789
MYE,20191202,0.97,0.97,0.935,0.96,76713
MYL,20191202,0.042,0.042,0.038,0.039,801933
MYR,20191202,0.51,0.525,0.51,0.525,764894
MYS,20191202,4.74,4.74,4.7,4.74,32559
MYX,20191202,0.46,0.46,0.445,0.445,6050128
MZN,20191202,0.057,0.057,0.052,0.052,71496
MZZ,20191202,0.26,0.27,0.26,0.26,302692
N1H,20191202,0.068,0.068,0.068,0.068,7202
NAB,20191202,25.85,26.01,25.72,25.9,13640986
NAC,20191202,0.96,0.96,0.955,0.955,65001
NAG,20191202,0.045,0.045,0.045,0.045,64500
NAM,20191202,0.345,0.345,0.345,0.345,4055
NAN,20191202,6.67,6.82,6.67,6.78,699457
NBI,20191202,2.06,2.06,2.05,2.06,390113
NC6,20191202,0.069,0.069,0.065,0.065,54461
NCC,20191202,1.005,1.01,0.99,0.99,103891
NCK,20191202,6.33,6.37,6.25,6.34,102178
NCM,20191202,30.8,30.83,29.9,29.9,4507640
NCR,20191202,0.018,0.018,0.018,0.018,50000
NCZ,20191202,0.285,0.295,0.275,0.28,845710
NDQ,20191202,21.12,21.19,21.12,21.17,40686
NEA,20191202,2.8,2.86,2.78,2.79,1839065
NEC,20191202,1.77,1.795,1.76,1.79,6397293
NEU,20191202,2.53,2.56,2.38,2.47,57524
NEW,20191202,1.29,1.29,1.27,1.29,79315
NGE,20191202,0.65,0.65,0.64,0.64,10118
NGI,20191202,2.88,2.89,2.82,2.88,95323
NHC,20191202,2.18,2.19,2.16,2.17,1286300
NHF,20191202,6.73,6.78,6.68,6.71,446725
NHL,20191202,0.058,0.061,0.055,0.055,22248485
NIC,20191202,0.62,0.62,0.595,0.605,1484062
NML,20191202,0.1,0.1,0.097,0.097,201478
NMT,20191202,0.2,0.2,0.195,0.195,342460
NNW,20191202,0.068,0.068,0.068,0.068,22486
NOR,20191202,0.003,0.003,0.003,0.003,2170000
NOV,20191202,0.22,0.22,0.21,0.21,75049
NOX,20191202,0.405,0.44,0.35,0.37,1259183
NSB,20191202,0.28,0.295,0.28,0.29,213961
NSC,20191202,0.73,0.74,0.73,0.74,87899
NSR,20191202,1.94,1.965,1.93,1.94,2006615
NST,20191202,9.77,9.895,9.675,9.82,4326774
NSX,20191202,0.14,0.145,0.14,0.14,94714
NTD,20191202,0.42,0.425,0.415,0.42,314034
NTL,20191202,0.007,0.007,0.007,0.007,400000
NTM,20191202,0.057,0.059,0.056,0.056,2070724
NTU,20191202,0.061,0.062,0.06,0.06,686970
NUF,20191202,5.03,5.15,4.99,5.11,2272873
NUH,20191202,0.038,0.039,0.037,0.039,1396273
NUS,20191202,0.37,0.375,0.365,0.375,166683
NVA,20191202,0.034,0.034,0.031,0.031,1296575
NVL,20191202,2.36,2.44,2.35,2.38,26737
NVO,20191202,0.016,0.016,0.015,0.015,4446908
NVX,20191202,0.52,0.53,0.51,0.51,51382
NWC,20191202,0.015,0.016,0.015,0.016,300000
NWE,20191202,0.003,0.003,0.003,0.003,1425000
NWH,20191202,3.04,3.155,3.04,3.07,3882929
NWL,20191202,8.64,8.77,8.56,8.68,500346
NWM,20191202,0.18,0.18,0.18,0.18,20000
NWS,20191202,19.76,19.87,19.59,19.59,90548
NXE,20191202,0.015,0.015,0.015,0.015,36257
NXM,20191202,0.044,0.044,0.044,0.044,80000
NXS,20191202,2.2,2.42,2.17,2.32,82497
NXT,20191202,6.66,6.69,6.52,6.52,947549
NZM,20191202,0.36,0.39,0.36,0.39,86523
NZS,20191202,0.015,0.015,0.015,0.015,7800
OAU,20191202,0.02,0.021,0.02,0.021,197233
OBM,20191202,0.165,0.165,0.16,0.165,262256
OCL,20191202,5.9,6,5.89,5.95,100732
ODA,20191202,0.235,0.235,0.235,0.235,1000
OEC,20191202,0.32,0.32,0.32,0.32,19974
OEL,20191202,0.036,0.037,0.035,0.035,4432804
OEX,20191202,0.004,0.004,0.004,0.004,39855
OFX,20191202,1.36,1.39,1.34,1.38,331731
OGA,20191202,0.14,0.14,0.14,0.14,75000
OGC,20191202,2.9,2.92,2.84,2.86,217268
OIL,20191202,0.044,0.044,0.044,0.044,64672
OLI,20191202,0.048,0.048,0.045,0.045,937429
OMH,20191202,0.5,0.512,0.495,0.5,448197
OML,20191202,3.21,3.26,3.06,3.06,1276436
ONT,20191202,6.29,6.29,6.29,6.29,6247
ONX,20191202,0.09,0.097,0.09,0.095,145717
OOO,20191202,15,15,14.75,14.78,18311
OPC,20191202,4.4,4.4,4.13,4.2,17192
OPH,20191202,2.5,2.5,2.48,2.48,53040
OPN,20191202,0.037,0.037,0.037,0.037,4500
OPT,20191202,2.78,3.18,2.78,3.16,3270751
ORA,20191202,3.26,3.33,3.24,3.28,2387495
ORE,20191202,2.52,2.57,2.5,2.5,410366
ORG,20191202,8.72,8.775,8.67,8.72,3131017
ORI,20191202,23.7,23.805,23.46,23.62,601162
ORN,20191202,0.028,0.029,0.026,0.026,1902472
ORR,20191202,0.38,0.38,0.38,0.38,4874
OSH,20191202,7.36,7.4,7.29,7.3,4241163
OSL,20191202,0.185,0.185,0.175,0.18,285744
OSP,20191202,0.039,0.039,0.039,0.039,35265
OSX,20191202,0.795,0.825,0.725,0.765,97439
OTW,20191202,4.65,4.7,4.65,4.7,21452
OVH,20191202,0.375,0.38,0.375,0.38,73793
OVL,20191202,0.008,0.008,0.008,0.008,1869784
OVN,20191202,0.59,0.59,0.585,0.585,4755
OVT,20191202,0.051,0.051,0.05,0.05,285357
OZF,20191202,20.15,20.15,20.15,20.15,231
OZG,20191202,0.165,0.165,0.165,0.165,125853
OZL,20191202,10.58,10.75,10.53,10.7,1503805
OZR,20191202,12.03,12.09,12.03,12.09,648
PAA,20191202,0.1,0.105,0.098,0.1,100516
PAB,20191202,0.021,0.021,0.021,0.021,500000
PAC,20191202,6.61,6.7,6.6,6.7,12386
PAF,20191202,0.915,0.915,0.91,0.91,8900
PAI,20191202,1.055,1.055,1.04,1.045,194147
PAL,20191202,0.85,0.855,0.847,0.855,126351
PAN,20191202,0.37,0.37,0.37,0.37,166727
PAR,20191202,3.9,3.92,3.7,3.8,708963
PBH,20191202,4.77,4.88,4.68,4.86,562512
PBP,20191202,1.965,1.98,1.91,1.95,62857
PBX,20191202,0.003,0.003,0.003,0.003,1045800
PCI,20191202,1.115,1.125,1.11,1.115,364882
PCK,20191202,0.22,0.232,0.205,0.21,6072733
PDI,20191202,0.008,0.008,0.007,0.008,4086380
PDL,20191202,8.58,8.6,8.5,8.52,703598
PDN,20191202,0.085,0.087,0.085,0.087,421717
PE1,20191202,1.46,1.5,1.455,1.5,160270
PEC,20191202,0.037,0.037,0.036,0.036,50000
PEK,20191202,0.047,0.047,0.044,0.044,1726023
PEN,20191202,0.185,0.195,0.185,0.195,124364
PET,20191202,0.89,0.905,0.84,0.86,1904254
PEX,20191202,0.28,0.28,0.26,0.28,57240
PFG,20191202,0.078,0.078,0.078,0.078,22055
PFP,20191202,3.24,3.26,3.21,3.23,33453
PG1,20191202,0.115,0.115,0.11,0.11,206800
PGC,20191202,0.44,0.44,0.435,0.44,45889
PGF,20191202,1.21,1.23,1.21,1.21,304356
PGG,20191202,2.03,2.04,2.02,2.03,550338
PGH,20191202,2.52,2.56,2.465,2.54,897725
PGI,20191202,0.033,0.033,0.033,0.033,30000
PGL,20191202,1.99,2.09,1.98,1.98,543404
PGR,20191202,0.13,0.13,0.13,0.13,20000
PGX,20191202,0.365,0.365,0.36,0.365,279790
PGY,20191202,0.019,0.019,0.019,0.019,9552
PIA,20191202,1.115,1.12,1.11,1.11,258147
PIC,20191202,1.045,1.05,1.04,1.04,209423
PIO,20191202,0.013,0.013,0.013,0.013,1650000
PIQ,20191202,0.325,0.34,0.32,0.325,162027
PKD,20191202,0.083,0.083,0.075,0.075,50120
PKS,20191202,0.175,0.175,0.17,0.175,231873
PL8,20191202,1.17,1.18,1.165,1.175,671031
PLL,20191202,0.11,0.11,0.105,0.105,130940
PLS,20191202,0.3,0.3,0.29,0.29,3720882
PLX,20191202,0.805,0.805,0.805,0.805,7425
PM1,20191202,0.017,0.017,0.017,0.017,1031126
PM8,20191202,0.185,0.2,0.17,0.2,109910
PMC,20191202,1.57,1.58,1.55,1.58,274926
PME,20191202,24.71,25.51,24.62,24.81,232147
PMV,20191202,19.64,19.79,19.52,19.66,164166
PNI,20191202,4.97,5.02,4.9,4.9,264017
PNL,20191202,0.051,0.051,0.049,0.05,26088664
PNN,20191202,0.002,0.002,0.002,0.002,255975
PNR,20191202,0.15,0.15,0.14,0.145,235514
PNV,20191202,1.79,1.87,1.78,1.825,3779489
PNX,20191202,0.007,0.008,0.006,0.007,2152326
PO3,20191202,4.6,4.6,4.6,4.6,1695
POD,20191202,0.033,0.033,0.033,0.033,134251
POS,20191202,0.049,0.049,0.047,0.048,3963014
POW,20191202,0.005,0.005,0.005,0.005,1804192
PPC,20191202,1.28,1.282,1.235,1.24,71014
PPE,20191202,3.27,3.3,3.13,3.17,82319
PPG,20191202,0.115,0.115,0.115,0.115,10000
PPH,20191202,3.7,3.7,3.62,3.63,123030
PPK,20191202,6.17,6.17,5.25,5.37,402231
PPS,20191202,0.56,0.56,0.53,0.54,2378393
PPT,20191202,39.8,40.43,39.64,39.73,187004
PPY,20191202,0.016,0.016,0.016,0.016,250100
PRN,20191202,1.92,1.985,1.9,1.96,2987051
PRO,20191202,0.52,0.52,0.52,0.52,11313
PRT,20191202,0.19,0.2,0.19,0.2,228639
PRU,20191202,0.875,0.88,0.857,0.875,5325235
PRX,20191202,0.075,0.075,0.071,0.072,286498
PSA,20191202,0.054,0.054,0.052,0.052,96150
PSC,20191202,0.135,0.135,0.13,0.13,35370
PSI,20191202,2.98,3,2.98,3,4072
PSQ,20191202,1.665,1.665,1.665,1.665,1
PSZ,20191202,0.034,0.038,0.034,0.038,186200
PTB,20191202,0.795,0.815,0.795,0.815,123678
PTM,20191202,4.25,4.31,4.24,4.25,545592
PTR,20191202,0.036,0.036,0.035,0.036,282955
PTX,20191202,0.088,0.09,0.083,0.083,14370129
PUA,20191202,0.02,0.02,0.02,0.02,508484
PUR,20191202,0.007,0.008,0.007,0.008,2703715
PWG,20191202,1.165,1.18,1.15,1.15,237305
PWH,20191202,4.83,4.86,4.73,4.86,46648
PWL,20191202,0.17,0.17,0.16,0.16,155500
PWN,20191202,0.006,0.008,0.006,0.006,13124306
PXS,20191202,0.245,0.25,0.245,0.245,306045
PXX,20191202,0.061,0.061,0.06,0.06,258402
PYC,20191202,0.061,0.062,0.058,0.059,1611032
QAN,20191202,7.36,7.38,7.29,7.32,3946667
QAU,20191202,14.74,14.75,14.69,14.7,14414
QBE,20191202,12.75,12.75,12.63,12.69,1864494
QCB,20191202,7.89,7.89,7.89,7.89,1042
QEM,20191202,0.091,0.1,0.091,0.1,101516
QFE,20191202,0.365,0.37,0.36,0.37,141732
QFN,20191202,11.48,11.5,11.48,11.5,3860
QFY,20191202,0.005,0.007,0.005,0.006,47614708
QHL,20191202,0.135,0.135,0.125,0.125,531710
QIP,20191202,1.315,1.315,1.29,1.29,75553
QMS,20191202,1.21,1.21,1.185,1.19,10310544
QOZ,20191202,14.25,14.3,14.2,14.27,38761
QRE,20191202,6.49,6.53,6.49,6.53,55658
QRI,20191202,1.61,1.61,1.605,1.61,148267
QTM,20191202,0.024,0.024,0.022,0.022,22249
QUB,20191202,3.38,3.39,3.36,3.36,1666534
QUS,20191202,39.45,39.45,39.42,39.42,4211
QVE,20191202,1.04,1.045,1.04,1.045,115007
RAC,20191202,0.185,0.195,0.165,0.17,1325721
RAG,20191202,0.006,0.006,0.006,0.006,400000
RAN,20191202,0.018,0.018,0.018,0.018,14700
RAP,20191202,0.27,0.27,0.26,0.265,1880166
RBL,20191202,1.835,1.897,1.805,1.85,212443
RBR,20191202,0.012,0.012,0.012,0.012,50000
RCB,20191202,20.79,20.83,20.79,20.79,15430
RCE,20191202,0.27,0.27,0.265,0.265,148789
RCL,20191202,0.355,0.355,0.355,0.355,5000
RCT,20191202,2.37,2.37,2.36,2.36,6311
RCW,20191202,0.225,0.225,0.225,0.225,3892
RD1,20191202,0.019,0.019,0.019,0.019,30000
RDC,20191202,1.11,1.12,1.105,1.12,416361
RDH,20191202,2,2.01,1.92,1.92,16761
RDM,20191202,0.11,0.11,0.105,0.105,330419
RDN,20191202,0.007,0.007,0.007,0.007,100000
RDV,20191202,30.65,30.71,30.5,30.63,6414
RDY,20191202,1.77,1.77,1.735,1.735,29401
REA,20191202,105.88,106.58,105.24,105.75,197678
RED,20191202,0.28,0.285,0.275,0.28,782440
REF,20191202,0.007,0.007,0.007,0.007,96331
REG,20191202,2.98,3.06,2.96,2.98,152817
REH,20191202,10.37,10.6,10.365,10.6,69824
REV,20191202,0.011,0.011,0.011,0.011,200000
REX,20191202,1.16,1.17,1.14,1.15,46014
REZ,20191202,0.033,0.033,0.033,0.033,28333
RF1,20191202,2.6,2.62,2.58,2.6,117169
RFF,20191202,1.865,1.875,1.82,1.84,815129
RFG,20191202,0.098,0.098,0.094,0.095,7260950
RFT,20191202,0.046,0.047,0.046,0.046,258720
RFX,20191202,0.05,0.05,0.05,0.05,185595
RGB,20191202,23.17,23.17,23.17,23.17,2000
RGI,20191202,0.16,0.16,0.16,0.16,6000
RGL,20191202,0.01,0.01,0.01,0.01,300000
RGS,20191202,0.092,0.092,0.09,0.09,142000
RHC,20191202,73.09,74.28,73.09,74.07,367688
RHP,20191202,2.2,2.23,2.1,2.13,856108
RHT,20191202,0.19,0.2,0.19,0.19,987130
RHY,20191202,0.145,0.145,0.145,0.145,85000
RIC,20191202,1.07,1.07,1.05,1.06,168155
RIM,20191202,0.002,0.002,0.002,0.002,2814686
RIO,20191202,96.85,98.2,96.05,97.52,1439345
RKN,20191202,0.815,0.815,0.79,0.79,5710
RLE,20191202,0.034,0.034,0.034,0.034,28000
RLT,20191202,0.85,0.86,0.84,0.845,38761
RMC,20191202,1.235,1.235,1.195,1.2,103586
RMD,20191202,22.15,22.28,22.09,22.18,637591
RMI,20191202,0.008,0.008,0.008,0.008,71300
RML,20191202,0.055,0.06,0.054,0.054,89843
RMS,20191202,1.03,1.035,0.99,0.99,4060383
RMX,20191202,0.007,0.007,0.006,0.007,472156
RMY,20191202,0.395,0.4,0.35,0.35,1081606
RND,20191202,2.42,2.48,2.29,2.34,9082
RNO,20191202,0.225,0.225,0.21,0.21,64194
RNU,20191202,0.013,0.013,0.012,0.013,1970630
ROG,20191202,0.003,0.003,0.003,0.003,600000
ROO,20191202,0.036,0.036,0.036,0.036,244332
RPM,20191202,0.145,0.145,0.14,0.145,158986
RRL,20191202,4.76,4.76,4.66,4.7,2849797
RSG,20191202,1.18,1.185,1.14,1.14,5039806
RSH,20191202,0.084,0.084,0.08,0.081,103236
RSM,20191202,21.52,21.52,21.47,21.47,792
RTE,20191202,0.41,0.41,0.41,0.41,5306
RTG,20191202,0.083,0.083,0.081,0.082,100566
RTR,20191202,0.064,0.064,0.063,0.063,366812
RUL,20191202,0.84,0.875,0.84,0.875,278388
RVR,20191202,0.14,0.145,0.135,0.14,307437
RVS,20191202,0.76,0.76,0.75,0.75,30000
RWC,20191202,4.1,4.22,4.06,4.17,2299471
RXL,20191202,0.021,0.021,0.021,0.021,1107746
RXP,20191202,0.495,0.495,0.49,0.49,33517
RZI,20191202,0.87,0.895,0.865,0.87,44000
S2R,20191202,0.12,0.12,0.115,0.115,196399
S32,20191202,2.7,2.705,2.655,2.67,16038803
SAR,20191202,3.13,3.15,3.05,3.07,7190109
SAU,20191202,0.2,0.205,0.2,0.2,164315
SBM,20191202,2.61,2.62,2.57,2.6,2543003
SBR,20191202,0.002,0.003,0.002,0.003,1793479
SBW,20191202,0.115,0.115,0.115,0.115,1667
SCG,20191202,3.94,3.98,3.92,3.96,14059318
SCI,20191202,0.008,0.008,0.008,0.008,1200000
SCL,20191202,0.023,0.024,0.022,0.022,8121160
SCP,20191202,2.73,2.74,2.72,2.72,971553
SCT,20191202,0.06,0.06,0.06,0.06,129374
SDA,20191202,0.825,0.835,0.815,0.815,1106287
SDF,20191202,3.58,3.62,3.57,3.57,551536
SDG,20191202,1.6,1.61,1.59,1.61,98103
SDI,20191202,0.86,0.88,0.86,0.87,7761
SDV,20191202,0.56,0.56,0.505,0.505,852502
SDX,20191202,0.031,0.031,0.029,0.029,743622
SE1,20191202,0.056,0.061,0.056,0.057,60612
SEC,20191202,1.8,1.8,1.78,1.79,63000
SEI,20191202,0.052,0.053,0.05,0.05,662679
SEK,20191202,23.23,23.36,22.96,23,1238100
SEN,20191202,0.07,0.07,0.065,0.07,534771
SEQ,20191202,0.21,0.215,0.205,0.21,974271
SES,20191202,0.091,0.091,0.085,0.09,83504
SF1,20191202,0.026,0.026,0.026,0.026,100000
SFC,20191202,14.8,14.8,14.8,14.8,478
SFG,20191202,0.079,0.079,0.077,0.077,302968
SFR,20191202,5.6,5.66,5.53,5.62,390936
SFX,20191202,0.35,0.36,0.335,0.335,63511
SFY,20191202,63.83,63.83,63.65,63.75,2299
SGC,20191202,0.039,0.04,0.039,0.04,59674
SGF,20191202,2.69,2.7,2.66,2.68,1491361
SGH,20191202,0.9,0.9,0.9,0.9,3230
SGI,20191202,0.09,0.09,0.09,0.09,29590
SGM,20191202,10.79,11,10.69,10.89,971668
SGP,20191202,5.07,5.08,5.03,5.04,4332161
SGQ,20191202,0.135,0.135,0.13,0.13,1118005
SGR,20191202,4.8,4.82,4.75,4.78,2744533
SHH,20191202,0.005,0.005,0.005,0.005,400000
SHJ,20191202,0.93,0.94,0.93,0.935,282544
SHL,20191202,30.28,30.62,30.22,30.37,1133272
SHM,20191202,0.685,0.69,0.68,0.68,3243071
SHV,20191202,7.79,8.19,7.79,8.19,551469
SIG,20191202,0.69,0.69,0.67,0.68,1246864
SIL,20191202,0.042,0.042,0.042,0.042,26234
SIO,20191202,0.42,0.425,0.42,0.425,108815
SIQ,20191202,9.09,9.29,9.05,9.06,790050
SIT,20191202,0.065,0.065,0.065,0.065,381500
SIV,20191202,0.63,0.63,0.63,0.63,15084
SKC,20191202,3.77,3.79,3.74,3.74,428018
SKF,20191202,0.17,0.17,0.17,0.17,560306
SKI,20191202,2.18,2.18,2.15,2.16,3573369
SKO,20191202,4.84,4.91,4.75,4.77,77436
SKT,20191202,0.805,0.81,0.797,0.8,57232
SKY,20191202,0.089,0.09,0.089,0.09,347324
SLC,20191202,0.96,0.96,0.91,0.91,2566518
SLF,20191202,14.62,14.71,14.56,14.64,31597
SLK,20191202,5.1,5.15,5.04,5.15,99262
SLM,20191202,0.685,0.7,0.685,0.695,228165
SLR,20191202,1.13,1.172,1.12,1.165,5225804
SLX,20191202,0.33,0.34,0.33,0.335,105434
SM1,20191202,8.83,9.05,8.81,9.01,396317
SM8,20191202,0.055,0.055,0.05,0.05,173500
SMD,20191202,0.007,0.007,0.007,0.007,176338
SMI,20191202,0.004,0.004,0.004,0.004,250000
SMN,20191202,0.935,0.935,0.92,0.925,13647
SMP,20191202,0.47,0.505,0.46,0.5,2866313
SMR,20191202,0.98,1.02,0.98,1.01,217193
SMX,20191202,0.345,0.345,0.345,0.345,5299
SNC,20191202,0.845,0.845,0.845,0.845,26100
SND,20191202,0.265,0.265,0.265,0.265,184820
SNS,20191202,0.099,0.099,0.099,0.099,12204
SNZ,20191202,7.31,7.42,7.31,7.42,2050
SO4,20191202,0.78,0.78,0.775,0.775,120547
SOL,20191202,22.59,22.68,22.5,22.6,277838
SOM,20191202,2.9,2.93,2.9,2.93,4926
SOP,20191202,0.051,0.051,0.05,0.05,139601
SOR,20191202,0.074,0.074,0.072,0.073,182049
SP3,20191202,0.1,0.1,0.1,0.1,74000
SPK,20191202,4.32,4.35,4.27,4.28,659047
SPL,20191202,1.345,1.4,1.34,1.385,609964
SPQ,20191202,0.006,0.006,0.006,0.006,150000
SPT,20191202,0.79,0.8,0.78,0.785,954549
SPX,20191202,0.073,0.077,0.073,0.076,3689141
SPY,20191202,464.52,466.37,464.52,466.37,80
SPZ,20191202,0.24,0.24,0.235,0.235,224146
SRG,20191202,0.38,0.395,0.38,0.39,50902
SRI,20191202,0.081,0.081,0.081,0.081,834
SRK,20191202,0.049,0.049,0.048,0.048,134170
SRV,20191202,4.38,4.43,4.37,4.43,3421
SSG,20191202,0.66,0.67,0.65,0.67,103170
SSM,20191202,2.46,2.5,2.46,2.47,855474
SSO,20191202,15.73,15.73,15.73,15.73,6021
ST1,20191202,0.205,0.21,0.192,0.195,1076067
STA,20191202,0.105,0.105,0.105,0.105,310577
STG,20191202,1.52,1.52,1.5,1.515,28015
STM,20191202,0.016,0.016,0.015,0.015,1297787
STN,20191202,0.335,0.335,0.33,0.33,13202
STO,20191202,8.1,8.16,8.035,8.1,4260111
STW,20191202,63.89,64.18,63.72,64.14,116664
STX,20191202,0.17,0.18,0.17,0.17,5563862
SUD,20191202,0.067,0.072,0.065,0.07,163613
SUL,20191202,9.99,10.17,9.91,10.09,328483
SUN,20191202,13.39,13.43,13.29,13.33,4108365
SUP,20191202,0.013,0.013,0.013,0.013,1350000
SVA,20191202,0.036,0.036,0.029,0.029,3240504
SVL,20191202,0.083,0.085,0.082,0.082,902088
SVM,20191202,0.094,0.095,0.092,0.095,115444
SVW,20191202,19.2,19.6,19.13,19.45,401663
SVY,20191202,1,1.015,0.98,1,594699
SW1,20191202,0.12,0.12,0.11,0.11,135000
SWF,20191202,0.2,0.2,0.18,0.18,490837
SWK,20191202,0.185,0.185,0.185,0.185,55776
SWM,20191202,0.37,0.38,0.365,0.375,2347465
SXE,20191202,0.56,0.56,0.545,0.545,456927
SXL,20191202,0.965,0.98,0.95,0.95,1820210
SXY,20191202,0.335,0.335,0.33,0.33,1079326
SYA,20191202,0.01,0.01,0.01,0.01,1054335
SYD,20191202,9.26,9.3,9.17,9.18,3888230
SYI,20191202,29.93,30.06,29.79,30.04,6237
SYR,20191202,0.355,0.365,0.355,0.355,794118
SYT,20191202,0.001,0.001,0.001,0.001,540397
SZL,20191202,2.56,2.64,2.43,2.52,694604
TAH,20191202,4.79,4.79,4.71,4.72,6206793
TAP,20191202,0.125,0.125,0.125,0.125,255834
TAS,20191202,0.051,0.051,0.049,0.049,280000
TBR,20191202,6.31,6.6,6.2,6.6,34701
TCL,20191202,15.55,15.56,15.31,15.31,5481527
TCN,20191202,0.035,0.035,0.03,0.035,41535
TDI,20191202,1.83,1.83,1.8,1.8,207076
TDO,20191202,0.085,0.093,0.085,0.093,662351
TEG,20191202,0.054,0.054,0.053,0.053,137968
TEK,20191202,0.275,0.28,0.27,0.275,546900
TER,20191202,0.34,0.34,0.34,0.34,55254
TFL,20191202,0.12,0.12,0.12,0.12,100000
TGA,20191202,0.23,0.235,0.225,0.225,115411
TGF,20191202,1.915,1.935,1.855,1.9,261001
TGG,20191202,1.305,1.305,1.295,1.295,815296
TGM,20191202,0.175,0.18,0.175,0.18,173449
TGN,20191202,0.18,0.185,0.175,0.175,152790
TGO,20191202,0.085,0.085,0.085,0.085,888
TGP,20191202,1.137,1.14,1.12,1.13,713461
TGR,20191202,4.38,4.4,4.35,4.37,660918
THC,20191202,0.38,0.385,0.365,0.37,210384
TIA,20191202,0.45,0.45,0.43,0.43,18000
TIE,20191202,0.27,0.27,0.27,0.27,183222
TIN,20191202,0.09,0.09,0.082,0.085,56763
TIP,20191202,0.82,0.85,0.8,0.85,20833
TKL,20191202,0.008,0.008,0.008,0.008,7500
TKM,20191202,0.027,0.027,0.027,0.027,38062
TLG,20191202,0.445,0.455,0.445,0.45,40593
TLM,20191202,0.09,0.092,0.09,0.091,146396
TLS,20191202,3.86,3.89,3.84,3.85,26964720
TLT,20191202,3.1,3.1,3,3,9188
TLX,20191202,1.7,1.705,1.615,1.62,767920
TMT,20191202,0.135,0.135,0.135,0.135,90900
TNE,20191202,9.22,9.4,9.2,9.26,700527
TNG,20191202,0.097,0.097,0.097,0.097,57379
TNK,20191202,1.36,1.36,1.33,1.33,15685
TNT,20191202,0.048,0.049,0.047,0.049,1010470
TNY,20191202,3.4,3.4,3.19,3.26,83293
TOE,20191202,0.009,0.009,0.009,0.009,1756788
TOP,20191202,0.675,0.675,0.67,0.67,91587
TOT,20191202,1.12,1.122,1.12,1.12,17994
TOU,20191202,0.095,0.098,0.095,0.098,115161
TPM,20191202,6.98,6.99,6.86,6.89,929805
TPP,20191202,0.04,0.04,0.04,0.04,281000
TPS,20191202,0.11,0.11,0.11,0.11,50000
TPW,20191202,2.18,2.32,2.14,2.28,134335
TRS,20191202,2.03,2.08,2.03,2.03,47890
TSC,20191202,0.005,0.005,0.004,0.005,918000
TSL,20191202,0.02,0.02,0.02,0.02,39091
TTB,20191202,0.087,0.088,0.079,0.083,2308366
TTT,20191202,1.11,1.125,1.04,1.09,178445
TWD,20191202,3.41,3.41,3.4,3.41,7907
TWE,20191202,18.91,18.92,18.5,18.55,2888570
TWR,20191202,0.71,0.725,0.71,0.725,49556
TYM,20191202,0.058,0.058,0.058,0.058,15000
TYX,20191202,0.004,0.004,0.004,0.004,370000
UBA,20191202,23.33,23.33,23.33,23.33,861
UBI,20191202,0.2,0.2,0.2,0.2,119519
UBN,20191202,0.05,0.056,0.05,0.054,1909740
UCM,20191202,0.135,0.135,0.13,0.13,92985
UNV,20191202,0.25,0.25,0.245,0.245,112554
UOS,20191202,0.85,0.855,0.845,0.855,35395
URB,20191202,1.06,1.075,1.06,1.065,303226
URF,20191202,0.8,0.805,0.79,0.8,103877
URW,20191202,11.57,11.59,11.5,11.55,1090169
USD,20191202,14.34,14.34,14.3,14.32,102623
UUV,20191202,0.004,0.004,0.004,0.004,343228
UWL,20191202,1.735,1.8,1.735,1.78,439151
VAE,20191202,68.33,68.4,67.65,67.78,10457
VAF,20191202,52.79,52.79,52.53,52.54,48061
VAH,20191202,0.155,0.155,0.15,0.15,244550
VAN,20191202,0.145,0.15,0.145,0.15,153654
VAP,20191202,94.08,94.17,93.28,93.84,97327
VAS,20191202,87.3,87.7,87.07,87.5,62840
VCF,20191202,50.47,50.47,50.28,50.42,6842
VCX,20191202,2.69,2.71,2.67,2.69,3619720
VEA,20191202,2.29,2.29,2.26,2.28,1922990
VEE,20191202,0.525,0.525,0.52,0.52,8333
VEN,20191202,0.165,0.165,0.16,0.16,79368
VEQ,20191202,59.79,59.99,59.71,59.92,1030
VEU,20191202,77.36,77.61,77.11,77.37,33308
VG1,20191202,2.3,2.3,2.26,2.28,326921
VG8,20191202,2.31,2.31,2.29,2.3,215240
VGB,20191202,53.72,53.72,53.6,53.64,26601
VGE,20191202,69.5,69.71,69.26,69.64,5007
VGI,20191202,14.01,14.48,14.01,14.03,13945
VGL,20191202,3.61,3.61,3.35,3.35,4752
VGS,20191202,82.1,82.34,82.1,82.2,35606
VHT,20191202,1.81,1.82,1.77,1.775,446407
VHY,20191202,61.8,61.82,61.32,61.71,30192
VIC,20191202,0.002,0.002,0.001,0.001,18621861
VIF,20191202,50.6,50.66,50.55,50.61,25870
VLC,20191202,70.1,70.48,70.1,70.48,649
VLS,20191202,0.61,0.61,0.61,0.61,5000
VLT,20191202,0.425,0.425,0.38,0.38,1608100
VML,20191202,0.013,0.013,0.013,0.013,5185093
VMS,20191202,0.017,0.018,0.017,0.018,869205
VMT,20191202,0.255,0.255,0.225,0.225,2386727
VMX,20191202,0.32,0.32,0.305,0.305,64692
VMY,20191202,0.049,0.049,0.049,0.049,297620
VOC,20191202,3.16,3.21,3.14,3.14,1921207
VOL,20191202,2.17,2.17,2.17,2.17,1561
VOR,20191202,0.01,0.01,0.009,0.009,7383540
VR1,20191202,0.023,0.027,0.023,0.026,4022453
VR8,20191202,0.033,0.033,0.032,0.032,202371
VRC,20191202,0.012,0.012,0.012,0.012,898389
VRI,20191202,0.046,0.047,0.044,0.046,1632660
VRL,20191202,3.2,3.23,3.13,3.23,82788
VRS,20191202,0.065,0.065,0.055,0.055,2002944
VRT,20191202,4.095,4.15,4.09,4.1,91678
VRX,20191202,0.115,0.115,0.115,0.115,376521
VSO,20191202,60.4,60.8,60.29,60.8,25777
VTG,20191202,1.06,1.105,1.06,1.1,236901
VTH,20191202,0.77,0.79,0.75,0.79,259399
VTI,20191202,0.07,0.071,0.069,0.069,523376
VTS,20191202,236.75,237.43,236.75,237.18,16144
VUK,20191202,3.43,3.55,3.43,3.51,10575208
VUL,20191202,0.15,0.16,0.15,0.16,36000
VVR,20191202,2.8,2.83,2.78,2.8,1138998
VXR,20191202,0.1,0.1,0.09,0.094,485700
VYS,20191202,0.061,0.061,0.06,0.06,847270
WAA,20191202,1.08,1.08,1.08,1.08,12666
WAF,20191202,0.39,0.41,0.39,0.41,634643
WAM,20191202,2.23,2.24,2.22,2.23,396981
WAT,20191202,2.2,2.2,2.2,2.2,2822
WAX,20191202,1.445,1.445,1.43,1.43,97339
WBA,20191202,1.97,1.97,1.96,1.96,201851
WBC,20191202,24.63,24.8,24.5,24.6,14615157
WBE,20191202,0.01,0.01,0.009,0.009,1111684
WBT,20191202,0.42,0.43,0.42,0.425,30905
WCN,20191202,0.005,0.005,0.005,0.005,1428571
WEB,20191202,12.69,12.69,12.44,12.54,591132
WEC,20191202,0.07,0.071,0.07,0.071,9459
WEL,20191202,0.06,0.064,0.06,0.063,589132
WES,20191202,42.3,42.65,42,42.34,2144461
WGB,20191202,2.22,2.23,2.21,2.21,460552
WGN,20191202,2.2,2.24,2.14,2.19,143824
WGO,20191202,0.195,0.195,0.187,0.19,803621
WGX,20191202,1.99,2.03,1.96,1.995,2427153
WHC,20191202,3.15,3.17,3.13,3.15,2142048
WHF,20191202,5.19,5.2,5.17,5.2,76135
WHK,20191202,0.094,0.094,0.092,0.093,105705
WIC,20191202,1.09,1.09,1.08,1.09,75803
WJA,20191202,0.1,0.1,0.1,0.1,2452
WKT,20191202,0.295,0.295,0.29,0.29,111430
WLD,20191202,0.048,0.048,0.048,0.048,100000
WLE,20191202,1.235,1.24,1.23,1.235,881026
WMI,20191202,1.52,1.52,1.51,1.51,184200
WML,20191202,0.016,0.016,0.016,0.016,30988
WNB,20191202,0.011,0.011,0.01,0.01,4385786
WND,20191202,0.8,0.8,0.8,0.8,256
WNR,20191202,0.285,0.285,0.28,0.28,40928
WOA,20191202,0.14,0.14,0.125,0.125,65866
WOR,20191202,14.67,14.74,14.5,14.65,1361291
WOW,20191202,39.7,40.04,39.67,39.77,3101232
WPL,20191202,34.35,34.36,34.08,34.22,1682686
WPP,20191202,0.505,0.505,0.5,0.5,163427
WQG,20191202,1.12,1.14,1.12,1.14,289653
WRM,20191202,0.004,0.004,0.004,0.004,625000
WSA,20191202,2.78,2.86,2.75,2.82,2639086
WSI,20191202,0.022,0.022,0.022,0.022,154728
WSP,20191202,1.515,1.54,1.5,1.505,24808
WTC,20191202,27.5,27.94,27.33,27.59,624333
WZR,20191202,0.165,0.175,0.16,0.165,5920507
XAM,20191202,0.039,0.039,0.037,0.037,1012850
XCD,20191202,0.01,0.01,0.01,0.01,1110000
XF1,20191202,0.37,0.39,0.37,0.38,68000
XPL,20191202,0.072,0.072,0.07,0.07,602463
XRF,20191202,0.245,0.245,0.24,0.24,392402
XRO,20191202,81.65,82.87,81.51,82.36,378936
XST,20191202,0.002,0.002,0.002,0.002,900000
XTE,20191202,0.67,0.67,0.65,0.65,24479
YAL,20191202,2.97,2.98,2.94,2.94,17732
YOJ,20191202,0.063,0.063,0.061,0.061,96099
YPB,20191202,0.008,0.008,0.007,0.007,6335590
YRL,20191202,0.255,0.255,0.255,0.255,23518
Z1P,20191202,3.83,3.85,3.72,3.76,4909043
ZEL,20191202,4.91,4.91,4.87,4.88,10764
ZEN,20191202,0.67,0.67,0.65,0.66,170597
ZIM,20191202,11.1,11.5,11,11.4,1485
ZIP,20191202,0.013,0.013,0.01,0.01,5249241
ZLD,20191202,0.068,0.068,0.066,0.067,338745
ZNC,20191202,0.054,0.054,0.054,0.054,7000
ZNO,20191202,0.27,0.27,0.235,0.24,1190150
XAF,20191202,6755.5,6799.2,6745.7,6771.6,0
XAO,20191202,6948,6990.4,6943.2,6965.3,0
XAT,20191202,6790.4,6834.1,6784.6,6806.8,0
XDJ,20191202,2748.2,2764.2,2734.4,2743.3,0
XEC,20191202,1570.7,1577,1567.5,1570,0
XEJ,20191202,11677.5,11677.5,11577.6,11621.1,0
XFJ,20191202,6074.3,6125.9,6066.9,6096,0
XFL,20191202,6810,6853.5,6799.7,6825.5,0
XGD,20191202,6621.2,6661.7,6565,6577.1,0
XHJ,20191202,41755.5,42264.3,41755.5,42106.3,0
XIJ,20191202,1474.2,1484.8,1472.8,1477,0
XJO,20191202,6846,6890,6840.6,6862.3,0
XJR,20191202,4852.9,4871.2,4820.5,4854.7,0
XKO,20191202,6799.2,6841.6,6794,6815.6,0
XMD,20191202,7309.9,7363.8,7309.3,7335.2,0
XMJ,20191202,13609.8,13688.3,13543.1,13632.9,0
XMM,20191202,4378.9,4406.5,4353.1,4390.3,0
XNJ,20191202,7226.2,7278.3,7225.8,7225.8,0
XPJ,20191202,1667.4,1678.8,1662.3,1671.3,0
XSJ,20191202,13281.9,13376.1,13268.1,13316,0
XSO,20191202,2915.9,2933.2,2915.9,2922.1,0
XTJ,20191202,1334.9,1345.4,1332.9,1333.9,0
XTL,20191202,3750.1,3777,3743.8,3760.3,0
XTO,20191202,5679.1,5716.1,5673.5,5693,0
XUJ,20191202,8158.7,8296.3,8158.7,8245.9,0
XXJ,20191202,6774.9,6832.4,6766.7,6799.1,0
