14D,20190524,0.29,0.295,0.28,0.295,104483
1AD,20190524,0.23,0.23,0.2,0.23,31810
1AG,20190524,0.049,0.049,0.048,0.048,176324
1ST,20190524,0.048,0.048,0.047,0.047,796240
3DP,20190524,0.04,0.041,0.038,0.038,1161735
3PL,20190524,1.04,1.045,1.035,1.045,71660
4CE,20190524,0.01,0.011,0.01,0.011,1998419
4DS,20190524,0.07,0.071,0.069,0.071,1151113
5GN,20190524,1.23,1.28,1.215,1.25,543164
88E,20190524,0.015,0.015,0.014,0.015,7172818
8CO,20190524,0.18,0.18,0.17,0.17,267435
8IH,20190524,0.048,0.048,0.048,0.048,11000
9SP,20190524,0.017,0.017,0.016,0.016,7555248
A1G,20190524,0.195,0.195,0.17,0.17,61000
A2B,20190524,1.81,1.86,1.81,1.825,42751
A2M,20190524,15,15.06,14.89,14.96,1719382
A3D,20190524,0.375,0.375,0.35,0.355,76686
A40,20190524,0.215,0.215,0.205,0.21,2090986
A4N,20190524,0.125,0.135,0.125,0.135,1622934
AAA,20190524,50.13,50.14,50.13,50.135,171212
AAC,20190524,1.175,1.175,1.125,1.135,829202
AAJ,20190524,0.005,0.005,0.005,0.005,838339
ABA,20190524,4.99,5.01,4.96,4.99,25873
ABC,20190524,4.37,4.37,4.2,4.24,3576168
ABP,20190524,3.9,3.94,3.89,3.91,326867
ABR,20190524,0.22,0.22,0.2,0.22,1056174
ABV,20190524,0.016,0.016,0.016,0.016,133334
ABX,20190524,0.11,0.11,0.11,0.11,63921
AC8,20190524,0.385,0.395,0.38,0.38,650501
ACB,20190524,0.032,0.033,0.032,0.033,32058
ACF,20190524,0.29,0.295,0.29,0.29,600839
ACQ,20190524,1.015,1.015,1.005,1.01,42933
ACW,20190524,0.014,0.014,0.013,0.013,2730713
AD1,20190524,0.018,0.018,0.018,0.018,37897
AD8,20190524,7.3,7.43,7.09,7.13,167401
ADA,20190524,0.64,0.64,0.625,0.63,39121
ADH,20190524,1.95,2.08,1.945,2.06,1149442
ADI,20190524,2.84,2.85,2.82,2.82,200282
ADJ,20190524,0.025,0.025,0.025,0.025,10556
ADN,20190524,0.014,0.015,0.012,0.012,51143398
ADO,20190524,0.014,0.015,0.014,0.015,3317639
ADR,20190524,0.03,0.03,0.03,0.03,35000
ADT,20190524,0.925,0.95,0.92,0.94,153981
ADV,20190524,0.003,0.003,0.003,0.003,25000
AEE,20190524,0.011,0.011,0.011,0.011,4473455
AEF,20190524,2.04,2.04,1.96,1.96,63137
AEG,20190524,0.935,0.945,0.935,0.935,58118
AEI,20190524,0.245,0.245,0.245,0.245,24000
AER,20190524,0.17,0.17,0.13,0.15,412804
AFG,20190524,1.48,1.48,1.375,1.415,204956
AFI,20190524,6.15,6.16,6.05,6.07,363415
AFP,20190524,2.45,2.45,2.45,2.45,10
AFR,20190524,0.017,0.018,0.017,0.018,54552
AGE,20190524,0.003,0.003,0.003,0.003,1200000
AGG,20190524,3.4,3.43,3.4,3.43,925
AGH,20190524,0.63,0.655,0.63,0.65,359111
AGI,20190524,0.8,0.8,0.785,0.8,26474
AGL,20190524,21.91,22.09,21.62,21.73,2181223
AGR,20190524,0.12,0.12,0.12,0.12,105182
AGS,20190524,0.094,0.094,0.094,0.094,50411
AGY,20190524,0.068,0.071,0.067,0.071,1549064
AHF,20190524,0.175,0.185,0.16,0.185,1827669
AHG,20190524,2.64,2.68,2.595,2.66,733657
AHQ,20190524,0.09,0.093,0.09,0.093,200747
AHX,20190524,0.48,0.5,0.455,0.455,202199
AHY,20190524,0.89,0.9,0.885,0.885,187102
AIA,20190524,8.14,8.21,8.03,8.1,42475
AIQ,20190524,0.08,0.096,0.08,0.096,822
AIR,20190524,0.32,0.34,0.32,0.34,1750
AIS,20190524,0.097,0.097,0.096,0.096,302363
AIZ,20190524,2.58,2.6,2.58,2.6,43019
AJL,20190524,0.09,0.095,0.09,0.093,169508
AJM,20190524,0.105,0.11,0.105,0.105,2442791
AJQ,20190524,0.084,0.084,0.083,0.083,92482
AJX,20190524,0.145,0.15,0.14,0.14,198270
AKG,20190524,0.38,0.38,0.38,0.38,31610
AKM,20190524,0.019,0.02,0.019,0.02,4878889
AKP,20190524,19.5,19.5,17.5,18.37,25424
AL8,20190524,0.053,0.054,0.05,0.054,60000
ALC,20190524,0.095,0.096,0.093,0.093,475321
ALF,20190524,0.9,0.9,0.89,0.89,303188
ALG,20190524,1.22,1.22,1.2,1.2,279215
ALI,20190524,2.2,2.2,2.18,2.19,29918
ALK,20190524,0.265,0.27,0.26,0.265,1000198
ALL,20190524,28.6,29.2,28.38,29.17,3523805
ALQ,20190524,7.22,7.29,7.135,7.19,4956993
ALT,20190524,0.005,0.005,0.005,0.005,655428
ALU,20190524,30.44,30.61,29.29,29.6,2565515
ALX,20190524,7.32,7.39,7.29,7.31,1621010
AMA,20190524,1.27,1.28,1.25,1.265,831786
AMB,20190524,0.08,0.08,0.08,0.08,7000
AMC,20190524,16.26,16.32,16.13,16.25,3617581
AMD,20190524,0.01,0.01,0.01,0.01,302609
AMG,20190524,0.12,0.125,0.115,0.115,1518682
AMH,20190524,0.855,0.855,0.85,0.855,42720
AMI,20190524,0.605,0.62,0.595,0.61,3149164
AML,20190524,0.215,0.22,0.215,0.22,32477
AMP,20190524,2.18,2.19,2.16,2.17,7949765
AMS,20190524,1.375,1.43,1.34,1.34,405561
ANG,20190524,0.195,0.195,0.195,0.195,6640
ANL,20190524,0.002,0.002,0.002,0.002,1776890
ANN,20190524,26.22,26.77,26.22,26.73,704066
ANO,20190524,5.89,7.27,5.85,7.02,215798
ANP,20190524,0.052,0.067,0.052,0.053,18385642
ANR,20190524,0.38,0.38,0.38,0.38,86324
ANW,20190524,0.012,0.013,0.011,0.011,1839072
ANZ,20190524,27.75,27.87,27.62,27.84,4640934
AO1,20190524,0.008,0.009,0.008,0.009,706480
AOF,20190524,2.76,2.76,2.73,2.74,62890
AOG,20190524,2.11,2.13,2.09,2.09,1243163
AON,20190524,0.1,0.1,0.095,0.095,119331
AOP,20190524,0.21,0.21,0.205,0.205,19298
APA,20190524,10.24,10.32,10.17,10.2,3487604
APC,20190524,0.073,0.076,0.073,0.076,46039
APD,20190524,0.445,0.445,0.44,0.44,20375
APE,20190524,9.35,9.5,9.2,9.5,83595
API,20190524,1.29,1.32,1.282,1.295,935634
APL,20190524,1,1.01,0.985,1.005,943204
APT,20190524,24.66,24.73,23.86,23.98,1101851
APX,20190524,24.71,25.29,24.7,25.09,465958
APZ,20190524,0.99,0.99,0.975,0.975,63000
AQC,20190524,0.55,0.55,0.525,0.525,6408
AQD,20190524,0.013,0.013,0.013,0.013,170000
AQG,20190524,4.2,4.2,4.14,4.2,140461
AQR,20190524,2.95,3,2.95,3,45406
AQZ,20190524,2.65,2.75,2.65,2.73,6299
AR9,20190524,0.1,0.105,0.1,0.1,256624
ARA,20190524,0.64,0.65,0.64,0.65,6000
ARB,20190524,18.74,18.78,18.25,18.39,82137
ARD,20190524,0.013,0.013,0.013,0.013,10000
ARE,20190524,0.011,0.011,0.009,0.01,5657375
ARF,20190524,2.75,2.76,2.73,2.76,405730
ARG,20190524,7.95,8.01,7.94,7.96,146558
ARL,20190524,0.435,0.44,0.42,0.42,23759
ARM,20190524,0.012,0.012,0.012,0.012,5000
ARQ,20190524,1.65,1.67,1.64,1.655,105549
ARS,20190524,0.023,0.024,0.023,0.023,2693451
ARU,20190524,0.065,0.068,0.063,0.063,2373844
ARV,20190524,0.04,0.04,0.036,0.036,610207
ARX,20190524,0.195,0.195,0.195,0.195,15000
AS1,20190524,0.19,0.19,0.19,0.19,102773
ASB,20190524,2.86,2.89,2.8,2.83,833277
ASH,20190524,0.275,0.275,0.275,0.275,19000
ASL,20190524,1.495,1.505,1.46,1.47,2128714
ASN,20190524,0.053,0.058,0.053,0.056,718775
ASP,20190524,0.011,0.011,0.011,0.011,200000
AST,20190524,1.805,1.82,1.8,1.81,3236257
ASX,20190524,76.93,77.45,76.21,76.77,260329
ATC,20190524,0.115,0.12,0.115,0.12,567915
ATH,20190524,0.038,0.038,0.037,0.037,238210
ATL,20190524,0.605,0.65,0.605,0.65,415156
ATP,20190524,0.015,0.015,0.015,0.015,50000
ATR,20190524,0.21,0.21,0.21,0.21,4034
ATS,20190524,0.265,0.27,0.265,0.27,220630
ATU,20190524,0.35,0.35,0.35,0.35,112456
AU1,20190524,0.095,0.095,0.095,0.095,16083
AU8,20190524,0.145,0.16,0.14,0.16,540089
AUB,20190524,12,12.02,11.9,11.95,20635
AUC,20190524,0.017,0.017,0.017,0.017,8507
AUH,20190524,0.003,0.003,0.003,0.003,200000
AUI,20190524,8.71,8.71,8.69,8.69,8042
AUL,20190524,0.004,0.004,0.004,0.004,1150000
AUP,20190524,1.81,1.81,1.81,1.81,2000
AUQ,20190524,0.03,0.03,0.029,0.029,495271
AUR,20190524,0.02,0.021,0.019,0.02,1038209
AUZ,20190524,0.024,0.026,0.023,0.026,28732312
AV1,20190524,0.125,0.13,0.12,0.12,215979
AVA,20190524,0.2,0.21,0.17,0.18,1676037
AVG,20190524,0.475,0.475,0.475,0.475,154
AVH,20190524,0.47,0.48,0.465,0.47,2474778
AVJ,20190524,0.585,0.6,0.585,0.6,96921
AVL,20190524,0.02,0.02,0.02,0.02,875892
AVN,20190524,2.33,2.34,2.295,2.31,363846
AVQ,20190524,0.029,0.029,0.025,0.025,1744366
AVZ,20190524,0.045,0.045,0.044,0.044,14292498
AWC,20190524,2.45,2.45,2.37,2.41,17890094
AWV,20190524,0.009,0.009,0.008,0.008,1992596
AWY,20190524,0.04,0.043,0.04,0.04,1734519
AX1,20190524,1.565,1.585,1.537,1.58,719067
AXE,20190524,0.08,0.08,0.079,0.079,150000
AXT,20190524,0.015,0.015,0.015,0.015,300000
AYK,20190524,19.4,19.4,19.4,19.4,29
AYS,20190524,0.73,0.735,0.705,0.705,83080
AZJ,20190524,5.2,5.23,5.15,5.16,6568303
AZM,20190524,0.019,0.02,0.019,0.019,411999
AZS,20190524,0.11,0.11,0.11,0.11,95901
AZV,20190524,0.08,0.08,0.08,0.08,253823
AZY,20190524,0.018,0.019,0.017,0.019,7041578
B2Y,20190524,0.071,0.071,0.07,0.07,18208
BAF,20190524,0.725,0.735,0.72,0.735,414548
BAL,20190524,9.11,9.18,9.07,9.1,889438
BAP,20190524,5.84,5.84,5.76,5.82,914889
BAR,20190524,0.026,0.026,0.024,0.024,196923
BAT,20190524,0.022,0.023,0.022,0.023,1897244
BBC,20190524,0.755,0.775,0.73,0.775,62405
BBN,20190524,2.3,2.39,2.28,2.33,219130
BBX,20190524,0.225,0.225,0.22,0.22,46358
BC8,20190524,0.29,0.29,0.275,0.275,215676
BCB,20190524,0.025,0.026,0.025,0.025,2300000
BCI,20190524,0.21,0.21,0.187,0.2,2060098
BCK,20190524,0.032,0.035,0.032,0.035,60924
BCN,20190524,0.02,0.02,0.019,0.019,2478857
BCT,20190524,0.079,0.079,0.079,0.079,52542
BD1,20190524,0.019,0.019,0.019,0.019,1984902
BDA,20190524,0.275,0.275,0.265,0.265,154982
BDC,20190524,0.064,0.064,0.06,0.064,2195212
BDG,20190524,0.085,0.085,0.085,0.085,25000
BEE,20190524,0.023,0.028,0.023,0.028,83994
BEN,20190524,11.05,11.07,10.93,10.98,1854866
BFC,20190524,0.115,0.125,0.115,0.12,385290
BFG,20190524,0.79,0.79,0.765,0.765,142830
BGA,20190524,5.2,5.25,5.11,5.15,780568
BGL,20190524,0.68,0.68,0.66,0.675,1438661
BGS,20190524,0.165,0.165,0.165,0.165,72730
BHP,20190524,37.1,37.51,37,37.45,5998151
BID,20190524,0.77,0.8,0.76,0.8,124008
BIN,20190524,1.915,1.945,1.87,1.89,3253085
BIQ,20190524,0.052,0.052,0.051,0.051,498275
BIR,20190524,0.12,0.12,0.12,0.12,356
BIS,20190524,0.975,0.98,0.95,0.95,20574
BIT,20190524,0.078,0.078,0.075,0.075,998475
BKI,20190524,1.53,1.53,1.51,1.52,440306
BKL,20190524,91,91.45,89.51,89.93,47703
BKT,20190524,0.1,0.1,0.097,0.099,523760
BKW,20190524,16.89,17.17,16.7,17.13,309855
BKY,20190524,0.285,0.285,0.255,0.27,166337
BLD,20190524,5.19,5.27,5.14,5.23,6083044
BLG,20190524,0.16,0.16,0.15,0.15,1995517
BLK,20190524,0.01,0.01,0.009,0.01,4673256
BLT,20190524,0.13,0.13,0.13,0.13,400
BLU,20190524,0.064,0.064,0.062,0.062,187546
BLX,20190524,1.21,1.21,1.17,1.2,140762
BLY,20190524,0.004,0.004,0.003,0.003,685251
BLZ,20190524,0.02,0.02,0.02,0.02,105194
BMG,20190524,0.011,0.011,0.011,0.011,417727
BMN,20190524,0.047,0.047,0.046,0.046,592148
BNL,20190524,0.005,0.006,0.005,0.006,1063909
BNO,20190524,0.14,0.15,0.14,0.145,680092
BOC,20190524,0.13,0.13,0.13,0.13,6000
BOE,20190524,0.048,0.048,0.046,0.047,6878289
BOL,20190524,0.155,0.16,0.155,0.155,53344
BOQ,20190524,9.09,9.1,8.98,9.05,1878910
BOT,20190524,0.11,0.115,0.11,0.112,1453273
BPL,20190524,0.019,0.019,0.019,0.019,51000
BPT,20190524,1.965,1.98,1.93,1.935,7976901
BRB,20190524,0.32,0.32,0.315,0.315,229601
BRG,20190524,17.49,17.585,16.985,17.01,270803
BRI,20190524,0.99,0.99,0.99,0.99,15000
BRK,20190524,0.011,0.011,0.01,0.011,7158719
BRL,20190524,0.12,0.12,0.115,0.115,977654
BRN,20190524,0.045,0.048,0.044,0.046,1366441
BRU,20190524,0.26,0.31,0.26,0.31,3484773
BSA,20190524,0.275,0.28,0.27,0.28,730955
BSE,20190524,0.24,0.242,0.24,0.24,1272258
BSL,20190524,11.7,11.82,11.65,11.73,2561664
BSM,20190524,0.008,0.008,0.008,0.008,5983012
BSR,20190524,0.017,0.017,0.017,0.017,1590145
BSX,20190524,0.075,0.075,0.075,0.075,100000
BTH,20190524,0.535,0.54,0.52,0.535,800811
BTI,20190524,0.98,0.98,0.96,0.97,75080
BUB,20190524,1.305,1.305,1.26,1.265,1975955
BUD,20190524,0.058,0.058,0.056,0.056,647161
BUX,20190524,0.105,0.105,0.105,0.105,100000
BUY,20190524,0.003,0.003,0.003,0.003,1066000
BVS,20190524,5.95,5.95,5.8,5.92,893171
BWF,20190524,0.85,0.85,0.85,0.85,3448
BWP,20190524,3.72,3.755,3.71,3.73,859624
BWX,20190524,1.605,1.65,1.595,1.64,656613
BXB,20190524,12.4,12.4,12.11,12.17,4005780
BXN,20190524,0.019,0.019,0.019,0.019,139860
BYE,20190524,0.27,0.285,0.265,0.28,295401
BYH,20190524,0.075,0.075,0.075,0.075,50000
C6C,20190524,0.93,0.93,0.9,0.9,19265
CA8,20190524,0.11,0.11,0.11,0.11,10000
CAD,20190524,0.002,0.002,0.001,0.001,892533
CAE,20190524,0.013,0.015,0.013,0.015,89065
CAF,20190524,0.084,0.084,0.081,0.084,697884
CAG,20190524,0.855,0.89,0.855,0.885,43981
CAI,20190524,0.024,0.025,0.023,0.024,2233932
CAJ,20190524,0.24,0.245,0.24,0.245,184004
CAM,20190524,0.895,0.895,0.89,0.89,75035
CAN,20190524,2.23,2.25,2.19,2.24,143980
CAP,20190524,0.062,0.062,0.06,0.06,201880
CAR,20190524,13.8,13.85,13.54,13.63,890756
CAT,20190524,1.35,1.35,1.29,1.3,202949
CAV,20190524,0.004,0.004,0.004,0.004,400000
CAY,20190524,0.2,0.205,0.19,0.2,631249
CAZ,20190524,0.026,0.027,0.026,0.027,475143
CBA,20190524,77.75,78.18,77.31,78.18,2851840
CBC,20190524,0.955,0.955,0.95,0.95,30410
CCA,20190524,0.065,0.065,0.065,0.065,25384
CCJ,20190524,0.006,0.006,0.006,0.006,11387
CCL,20190524,9.54,9.715,9.54,9.71,1938016
CCP,20190524,24.44,24.67,24.42,24.55,186750
CCV,20190524,0.167,0.17,0.167,0.17,378531
CCX,20190524,1.905,1.905,1.855,1.895,208624
CD2,20190524,2.25,2.25,2.25,2.25,4837
CDA,20190524,3.32,3.32,3.24,3.24,228396
CDD,20190524,0.92,0.935,0.92,0.925,344627
CDM,20190524,0.835,0.845,0.83,0.84,197673
CDP,20190524,6.71,6.74,6.7,6.7,6010
CDV,20190524,0.36,0.38,0.36,0.38,68845
CDX,20190524,0.038,0.043,0.036,0.036,11714575
CDY,20190524,0.195,0.195,0.18,0.18,446480
CE1,20190524,0.027,0.028,0.027,0.028,1920856
CEN,20190524,6.95,6.95,6.94,6.94,4068
CFE,20190524,0.011,0.011,0.01,0.01,110000
CFO,20190524,0.22,0.23,0.22,0.23,62316
CG1,20190524,0.3,0.3,0.3,0.3,10000
CGC,20190524,5.1,5.1,4.93,4.95,2159973
CGF,20190524,8.2,8.2,7.96,8.06,1422703
CGL,20190524,4.3,4.38,4.26,4.28,191236
CGM,20190524,0.001,0.001,0.001,0.001,50000
CGR,20190524,0.465,0.47,0.46,0.47,645523
CGS,20190524,0.245,0.245,0.24,0.24,13114
CHC,20190524,10.73,10.86,10.565,10.61,1378624
CHK,20190524,0.01,0.01,0.01,0.01,901090
CHN,20190524,0.115,0.115,0.115,0.115,179362
CHR,20190524,4.1,4.1,4.1,4.1,5000
CIA,20190524,2.86,2.86,2.78,2.82,280796
CIE,20190524,0.78,0.78,0.775,0.78,28766
CIM,20190524,46.68,46.75,46.18,46.4,376863
CIN,20190524,30.6,30.6,30.6,30.6,845
CIO,20190524,0.002,0.002,0.002,0.002,1175000
CIP,20190524,3.02,3.07,3.02,3.04,121748
CIW,20190524,0.46,0.46,0.46,0.46,775
CKA,20190524,0.055,0.056,0.054,0.056,2105481
CKF,20190524,7.84,7.99,7.81,7.82,193117
CL1,20190524,1.5,1.505,1.415,1.415,151814
CL8,20190524,0.009,0.009,0.008,0.008,500000
CLA,20190524,0.033,0.035,0.032,0.034,11401163
CLB,20190524,0.125,0.125,0.11,0.11,347213
CLF,20190524,1.345,1.345,1.345,1.345,3717
CLH,20190524,1.265,1.27,1.257,1.27,343522
CLI,20190524,0.04,0.041,0.039,0.041,11929834
CLQ,20190524,0.295,0.3,0.28,0.28,400882
CLV,20190524,2.24,2.27,2.16,2.2,146758
CLW,20190524,4.82,4.89,4.82,4.84,691352
CLX,20190524,0.825,0.83,0.825,0.83,1200
CLZ,20190524,0.001,0.001,0.001,0.001,2230000
CM8,20190524,0.03,0.036,0.029,0.034,13010876
CMA,20190524,2.63,2.64,2.6,2.6,283594
CMD,20190524,0.027,0.027,0.026,0.026,39763
CML,20190524,0.028,0.028,0.026,0.026,7450400
CMM,20190524,0.094,0.094,0.091,0.091,105216
CMP,20190524,0.58,0.58,0.58,0.58,7758
CMW,20190524,1.19,1.205,1.19,1.19,4642955
CNB,20190524,0.135,0.135,0.135,0.135,33293
CNI,20190524,1.565,1.565,1.5,1.505,192690
CNJ,20190524,0.013,0.013,0.013,0.013,40000
CNL,20190524,0.07,0.07,0.07,0.07,414700
CNU,20190524,5.39,5.39,5.31,5.39,457784
CNW,20190524,0.042,0.046,0.041,0.045,1944489
COB,20190524,0.13,0.14,0.125,0.14,167282
COE,20190524,0.54,0.545,0.53,0.545,57157675
COG,20190524,0.09,0.092,0.09,0.092,190538
COH,20190524,202,203.28,199.23,200.11,156857
COI,20190524,0.285,0.29,0.28,0.285,487543
COL,20190524,12.75,12.83,12.41,12.43,3332689
CP1,20190524,0.155,0.155,0.155,0.155,3300
CPH,20190524,0.45,0.46,0.445,0.445,210975
CPU,20190524,16.59,16.71,16.57,16.62,1377835
CPV,20190524,0.22,0.23,0.22,0.23,222668
CQE,20190524,3.6,3.64,3.51,3.64,744882
CQR,20190524,4.58,4.63,4.545,4.57,769621
CR1,20190524,0.24,0.24,0.24,0.24,50000
CRD,20190524,1.68,1.68,1.62,1.66,113255
CRL,20190524,0.032,0.032,0.032,0.032,150994
CRN,20190524,3.35,3.37,3.25,3.34,787482
CRO,20190524,0.009,0.009,0.009,0.009,627138
CSL,20190524,206.4,207.71,205.21,206.42,519336
CSR,20190524,4.09,4.185,4.06,4.14,4926111
CSS,20190524,0.95,0.96,0.94,0.96,87850
CSV,20190524,0.165,0.165,0.165,0.165,40523
CT1,20190524,0.016,0.016,0.015,0.015,3421284
CTD,20190524,23.93,24.03,22.74,22.85,641042
CTM,20190524,0.006,0.007,0.006,0.007,1338492
CTO,20190524,0.003,0.004,0.003,0.004,1630953
CTP,20190524,0.145,0.15,0.14,0.15,546520
CTX,20190524,26.6,26.73,26.355,26.47,898446
CUL,20190524,0.013,0.013,0.012,0.012,127273
CUP,20190524,0.49,0.5,0.48,0.48,120618
CUV,20190524,32.86,33.04,32.13,32.61,196277
CUX,20190524,0.006,0.006,0.005,0.005,440569
CV1,20190524,0.115,0.125,0.115,0.125,328295
CVC,20190524,2.66,2.7,2.66,2.7,12892
CVF,20190524,1.02,1.03,1.02,1.03,21206
CVN,20190524,0.43,0.435,0.42,0.42,3348493
CVV,20190524,0.043,0.043,0.041,0.041,81429
CVW,20190524,0.75,0.785,0.75,0.785,97677
CWL,20190524,0.065,0.066,0.065,0.065,202948
CWN,20190524,13.29,13.29,13.08,13.23,765103
CWP,20190524,5.78,5.85,5.7,5.7,62112
CWX,20190524,0.12,0.125,0.12,0.125,50897
CWY,20190524,2.26,2.26,2.23,2.24,2237779
CXL,20190524,0.7,0.7,0.7,0.7,1000000
CXM,20190524,0.115,0.12,0.115,0.12,389930
CXO,20190524,0.045,0.045,0.044,0.044,541843
CXX,20190524,0.081,0.082,0.08,0.082,347070
CXZ,20190524,0.012,0.012,0.012,0.012,50000
CYB,20190524,3.4,3.45,3.38,3.44,5504254
CYC,20190524,1.295,1.31,1.295,1.31,8439
CYG,20190524,0.805,0.805,0.8,0.8,400428
CYL,20190524,2,2,1.955,1.965,6367
CYP,20190524,1.2,1.2,1.16,1.2,89050
CZI,20190524,0.096,0.1,0.095,0.098,839239
CZL,20190524,0.012,0.013,0.011,0.011,1293448
CZN,20190524,0.002,0.002,0.002,0.002,554447
CZR,20190524,0.013,0.014,0.013,0.014,571428
D2O,20190524,1.5,1.515,1.5,1.515,15014
DAV,20190524,0.051,0.051,0.051,0.051,87584
DCC,20190524,0.068,0.072,0.068,0.068,5126044
DCG,20190524,0.93,0.93,0.915,0.92,182028
DCL,20190524,0.11,0.11,0.11,0.11,20000
DCN,20190524,1.68,1.725,1.67,1.69,565140
DDR,20190524,4.92,5.21,4.9,5.16,280998
DDT,20190524,0.009,0.009,0.009,0.009,1160327
DEG,20190524,0.092,0.092,0.09,0.09,26904
DEM,20190524,0.105,0.105,0.09,0.105,133870
DEV,20190524,0.051,0.051,0.048,0.048,928506
DFM,20190524,0.845,0.88,0.84,0.88,241557
DGO,20190524,0.705,0.705,0.6,0.6,22934
DGR,20190524,0.13,0.13,0.125,0.13,355878
DHG,20190524,3.32,3.34,3.19,3.22,1056401
DHR,20190524,0.005,0.005,0.005,0.005,403170
DIV,20190524,21.4,21.4,21.32,21.32,4421
DJW,20190524,3.25,3.3,3.25,3.29,107329
DKM,20190524,0.16,0.16,0.16,0.16,25000
DLX,20190524,9.72,9.74,9.71,9.72,1576549
DMP,20190524,40.39,41.28,40.16,40.4,627635
DN8,20190524,0.125,0.125,0.125,0.125,184370
DNA,20190524,0.078,0.083,0.078,0.083,4579010
DNK,20190524,0.755,0.755,0.745,0.745,15542
DOW,20190524,7.93,7.94,7.84,7.87,1078581
DRE,20190524,0.003,0.003,0.003,0.003,662176
DRO,20190524,0.14,0.145,0.14,0.145,258070
DRX,20190524,0.01,0.011,0.01,0.011,8619491
DSE,20190524,0.029,0.032,0.029,0.032,617871
DTI,20190524,0.041,0.043,0.041,0.043,92341
DTL,20190524,1.78,1.82,1.78,1.81,54250
DTM,20190524,0.007,0.007,0.007,0.007,283366
DTR,20190524,0.002,0.002,0.002,0.002,1328350
DTS,20190524,0.19,0.2,0.19,0.2,56694
DUB,20190524,1,1.06,0.985,1.035,664952
DUI,20190524,4.28,4.28,4.18,4.18,129969
DVN,20190524,0.145,0.145,0.145,0.145,1052
DW8,20190524,0.007,0.007,0.006,0.007,2922509
DWS,20190524,0.96,0.96,0.95,0.95,26442
DXB,20190524,0.077,0.077,0.075,0.076,130533
DXN,20190524,0.054,0.056,0.054,0.056,847344
DXS,20190524,13.14,13.22,13.085,13.2,3772411
DYL,20190524,0.34,0.355,0.34,0.355,59519
E25,20190524,0.18,0.18,0.18,0.18,10000
E2E,20190524,0.006,0.006,0.005,0.005,3781916
E2M,20190524,0.165,0.17,0.165,0.165,203949
EAF,20190524,1.2,1.2,1.2,1.2,3333
EAI,20190524,0.95,0.955,0.945,0.945,373853
EAR,20190524,0.14,0.145,0.14,0.145,714930
EAS,20190524,0.865,0.895,0.865,0.895,20000
ECL,20190524,1.23,1.23,1.23,1.23,10000
ECX,20190524,0.93,0.945,0.91,0.91,1422248
ED1,20190524,1.27,1.27,1.23,1.23,29728
EDC,20190524,1.02,1.025,1.02,1.025,20533
EDE,20190524,0.036,0.037,0.033,0.033,3423886
EEG,20190524,0.018,0.019,0.018,0.019,75229
EGA,20190524,0.235,0.235,0.235,0.235,54767
EGD,20190524,2.07,2.1,2.07,2.09,78457
EGF,20190524,1.61,1.61,1.61,1.61,108954
EGG,20190524,1.28,1.355,1.28,1.335,160650
EGH,20190524,0.265,0.27,0.265,0.27,164850
EGI,20190524,0.945,0.95,0.935,0.95,138873
EGN,20190524,0.425,0.425,0.425,0.425,10300
EHE,20190524,2.82,2.905,2.76,2.9,2547473
EHH,20190524,0.25,0.265,0.22,0.235,863101
EHL,20190524,1.95,1.985,1.935,1.985,754891
EHX,20190524,0.034,0.038,0.034,0.038,21429
ELD,20190524,6.58,6.6,6.41,6.5,789068
ELO,20190524,6.95,6.99,6.92,6.92,23113
ELS,20190524,0.6,0.605,0.565,0.6,223085
ELT,20190524,0.005,0.005,0.005,0.005,2524000
ELX,20190524,0.595,0.595,0.59,0.59,141410
EM1,20190524,0.022,0.026,0.022,0.023,40469507
EM2,20190524,0.13,0.13,0.12,0.12,28571
EMB,20190524,12,12,11.45,11.45,360
EMH,20190524,0.415,0.415,0.41,0.41,73533
EML,20190524,2.45,2.56,2.42,2.55,2216677
EMR,20190524,0.041,0.041,0.04,0.04,644608
EMV,20190524,0.415,0.42,0.41,0.41,80688
EN1,20190524,0.039,0.043,0.039,0.042,11006695
ENE,20190524,0.225,0.225,0.22,0.22,32389
ENN,20190524,1.85,1.865,1.85,1.86,64521
EOF,20190524,2.17,2.23,2.15,2.21,143233
EOS,20190524,3.25,3.26,3.15,3.25,78832
EPD,20190524,0.265,0.265,0.265,0.265,213773
EPW,20190524,1.84,1.84,1.78,1.78,645815
EQE,20190524,0.005,0.005,0.005,0.005,30782
EQT,20190524,26.53,28.05,26.52,27.17,8523
EQX,20190524,0.28,0.28,0.28,0.28,23730
ERA,20190524,0.2,0.205,0.2,0.2,45870
ERF,20190524,1.21,1.21,1.21,1.21,31000
ERG,20190524,0.07,0.071,0.07,0.071,56400
ERM,20190524,0.075,0.075,0.075,0.075,20000
ERX,20190524,0.07,0.07,0.068,0.07,1574761
ESE,20190524,0.019,0.02,0.019,0.019,166040
ESH,20190524,0.013,0.013,0.012,0.013,5643886
ESV,20190524,0.095,0.1,0.095,0.1,139188
ETE,20190524,0.007,0.007,0.007,0.007,728829
ETF,20190524,21.8,21.8,21.8,21.8,24
EUC,20190524,0.021,0.022,0.021,0.022,515858
EUR,20190524,0.09,0.09,0.09,0.09,100000
EVE,20190524,0.005,0.005,0.005,0.005,642100
EVN,20190524,3.65,3.72,3.645,3.67,7675634
EVO,20190524,0.145,0.145,0.135,0.14,1005242
EVS,20190524,0.125,0.13,0.125,0.125,135122
EVT,20190524,12.65,12.82,12.65,12.75,14801
EWC,20190524,0.065,0.065,0.06,0.062,1807187
EX1,20190524,0.48,0.48,0.48,0.48,10520
EXL,20190524,5.27,5.27,5.11,5.16,199858
EXP,20190524,0.215,0.23,0.215,0.23,325731
EXR,20190524,0.038,0.041,0.038,0.041,1080845
EZL,20190524,1.195,1.215,1.185,1.21,86825
FAR,20190524,0.06,0.06,0.058,0.059,2694698
FAU,20190524,0.016,0.017,0.016,0.016,857426
FBR,20190524,0.083,0.083,0.081,0.081,236007
FBU,20190524,5.12,5.21,5.09,5.2,669485
FCC,20190524,0.17,0.17,0.16,0.16,800721
FCT,20190524,0.32,0.33,0.3,0.31,1187407
FDM,20190524,0.058,0.058,0.054,0.055,954445
FDV,20190524,0.515,0.535,0.505,0.53,69183
FEI,20190524,0.086,0.087,0.085,0.087,70466
FEL,20190524,0.018,0.018,0.016,0.016,2000000
FEX,20190524,0.098,0.099,0.084,0.087,11269541
FFG,20190524,0.014,0.014,0.013,0.013,2250907
FFI,20190524,4,4,4,4,220
FGG,20190524,1.37,1.38,1.365,1.375,188003
FGO,20190524,0.01,0.01,0.007,0.008,21203950
FGR,20190524,0.21,0.22,0.21,0.22,691531
FGX,20190524,1.175,1.185,1.17,1.18,93754
FID,20190524,4.82,4.98,4.82,4.95,18343
FIJ,20190524,0.075,0.075,0.075,0.075,1179
FIN,20190524,0.015,0.015,0.015,0.015,12500
FLC,20190524,0.47,0.47,0.46,0.46,79700
FLN,20190524,0.825,0.83,0.825,0.83,104078
FLT,20190524,42.54,43.05,42.2,42.58,472652
FMG,20190524,8.25,8.3,8.17,8.22,14279149
FML,20190524,0.26,0.27,0.245,0.25,64757
FMS,20190524,0.038,0.038,0.033,0.036,315807
FOD,20190524,0.091,0.093,0.091,0.092,108787
FOR,20190524,1.21,1.22,1.205,1.205,94328
FPC,20190524,0.815,0.815,0.805,0.805,36387
FPH,20190524,15.59,15.83,15.51,15.8,289712
FPL,20190524,0.01,0.011,0.01,0.011,4916163
FPP,20190524,1,1,1,1,15000
FRI,20190524,0.855,0.86,0.855,0.855,63635
FRM,20190524,0.32,0.32,0.295,0.32,192469
FRN,20190524,0.014,0.014,0.014,0.014,2092
FRX,20190524,0.04,0.04,0.04,0.04,36638
FSA,20190524,1.09,1.09,1.08,1.08,15339
FSF,20190524,4,4,3.95,3.95,2035
FTC,20190524,0.18,0.18,0.165,0.17,1842752
FTT,20190524,0.006,0.006,0.006,0.006,999999
FTZ,20190524,0.175,0.175,0.17,0.17,88813
FUN,20190524,0.036,0.036,0.035,0.035,15873
FWD,20190524,1.81,1.87,1.805,1.84,12917
FXL,20190524,1.925,1.96,1.905,1.94,1148237
FYI,20190524,0.059,0.059,0.059,0.059,30000
FZO,20190524,0.13,0.145,0.13,0.145,247902
FZR,20190524,0.195,0.195,0.195,0.195,7275
G1A,20190524,0.36,0.37,0.35,0.365,296110
G88,20190524,0.052,0.053,0.052,0.052,48650
GAL,20190524,0.18,0.18,0.175,0.175,73046
GAP,20190524,0.325,0.325,0.32,0.32,226654
GAS,20190524,0.75,0.75,0.745,0.75,55376
GBG,20190524,0.026,0.026,0.026,0.026,214520
GBR,20190524,0.072,0.072,0.068,0.068,258202
GBT,20190524,2.64,2.73,2.61,2.7,44067
GC1,20190524,0.86,0.875,0.825,0.875,58056
GCI,20190524,2.04,2.04,2.03,2.04,180060
GCY,20190524,0.04,0.04,0.039,0.039,1641686
GDF,20190524,1.41,1.42,1.41,1.42,54800
GDI,20190524,1.36,1.36,1.335,1.335,178985
GDX,20190524,29.58,29.74,29.58,29.74,6277
GEM,20190524,3,3.04,2.96,3.04,1898705
GES,20190524,0.008,0.008,0.008,0.008,100000
GEV,20190524,0.195,0.195,0.185,0.19,323727
GGG,20190524,0.11,0.11,0.095,0.096,3244257
GID,20190524,0.022,0.022,0.022,0.022,26838
GLA,20190524,0.002,0.002,0.001,0.001,590023
GLL,20190524,0.66,0.68,0.65,0.67,300962
GLN,20190524,0.25,0.26,0.24,0.25,230401
GLV,20190524,0.002,0.002,0.002,0.002,35627054
GMA,20190524,2.6,2.6,2.56,2.59,332738
GMC,20190524,0.006,0.007,0.006,0.006,22874794
GMD,20190524,0.025,0.026,0.025,0.025,1275065
GME,20190524,0.053,0.053,0.053,0.053,11500
GMG,20190524,13.93,13.99,13.74,13.85,2392057
GML,20190524,0.012,0.012,0.011,0.011,888954
GMR,20190524,0.013,0.013,0.013,0.013,1567756
GMV,20190524,0.205,0.26,0.205,0.26,947084
GNC,20190524,7.83,7.97,7.83,7.95,1326244
GNE,20190524,2.97,2.97,2.96,2.97,16746
GNG,20190524,0.88,0.88,0.87,0.87,10662
GNX,20190524,0.24,0.24,0.24,0.24,48261
GOO,20190524,0.053,0.054,0.053,0.053,334385
GOR,20190524,1.08,1.11,1.077,1.1,3737117
GOW,20190524,2.48,2.5,2.48,2.48,10817
GOZ,20190524,4.35,4.4,4.33,4.33,601325
GPP,20190524,0.002,0.002,0.001,0.002,3216315
GPT,20190524,5.96,6.06,5.95,6.06,6899154
GPX,20190524,0.26,0.26,0.25,0.25,37454
GRB,20190524,0.097,0.099,0.097,0.099,172796
GRR,20190524,0.28,0.285,0.272,0.275,2147466
GSS,20190524,1.05,1.05,1.045,1.045,34303
GSW,20190524,0.17,0.17,0.16,0.16,197500
GTE,20190524,0.004,0.004,0.004,0.004,100000
GTG,20190524,0.008,0.008,0.008,0.008,8403416
GTK,20190524,4.6,4.98,4.6,4.98,89336
GTN,20190524,1.22,1.235,1.115,1.22,928
GUD,20190524,11.72,11.73,11.37,11.44,175545
GVF,20190524,0.99,0.99,0.99,0.99,34539
GWA,20190524,3.64,3.65,3.57,3.6,722481
GWR,20190524,0.105,0.115,0.1,0.105,325244
GXY,20190524,1.65,1.655,1.565,1.57,5767404
HAS,20190524,0.15,0.15,0.14,0.15,412700
HAV,20190524,0.16,0.16,0.155,0.155,15000
HAW,20190524,0.06,0.06,0.06,0.06,10000
HCH,20190524,0.032,0.033,0.032,0.032,511170
HCO,20190524,0.015,0.015,0.015,0.015,95610
HE8,20190524,0.18,0.18,0.175,0.18,85160
HFR,20190524,0.72,0.735,0.69,0.735,38107
HGM,20190524,0.005,0.005,0.005,0.005,1913805
HGO,20190524,0.084,0.085,0.084,0.085,127737
HHM,20190524,0.015,0.017,0.015,0.017,137038
HHY,20190524,0.044,0.044,0.044,0.044,45465
HIL,20190524,0.165,0.165,0.16,0.16,11000
HIP,20190524,0.012,0.012,0.012,0.012,387877
HIT,20190524,0.975,0.98,0.975,0.98,24109
HLO,20190524,4.72,4.75,4.64,4.65,88740
HLS,20190524,3.11,3.12,3.08,3.09,880244
HLX,20190524,0.02,0.02,0.019,0.019,488880
HM1,20190524,2.87,2.9,2.87,2.89,50167
HMD,20190524,0.25,0.255,0.25,0.255,10843
HMX,20190524,0.028,0.028,0.028,0.028,12000
HNG,20190524,0.38,0.38,0.38,0.38,9371
HNR,20190524,0.013,0.013,0.012,0.012,6765681
HOT,20190524,0.185,0.185,0.185,0.185,40000
HPI,20190524,3.4,3.57,3.4,3.54,127999
HRL,20190524,0.11,0.11,0.11,0.11,5035
HRN,20190524,0.145,0.145,0.14,0.14,170300
HRR,20190524,0.59,0.59,0.59,0.59,85859
HSN,20190524,3.78,3.88,3.78,3.81,193984
HSO,20190524,2.46,2.47,2.46,2.46,38295417
HT1,20190524,1.955,1.96,1.82,1.89,108634
HTA,20190524,0.12,0.125,0.12,0.12,66103
HUB,20190524,13.5,13.58,13.36,13.44,157415
HUO,20190524,4.7,4.72,4.7,4.7,17574
HVN,20190524,4.17,4.19,4.115,4.19,2969842
HWK,20190524,0.023,0.024,0.023,0.023,2750596
HXG,20190524,0.12,0.12,0.11,0.11,544249
HYD,20190524,0.027,0.027,0.026,0.026,194250
HZN,20190524,0.125,0.125,0.12,0.125,517886
HZR,20190524,0.335,0.335,0.325,0.325,36839
IAA,20190524,83.5,84,83.2,83.57,8595
IAF,20190524,113,113,112.67,112.81,15224
IAG,20190524,8.15,8.15,8.01,8.05,4664061
IAM,20190524,0.003,0.003,0.002,0.002,8666333
IBG,20190524,0.022,0.023,0.022,0.023,269119
IBX,20190524,0.027,0.027,0.027,0.027,37037
ICG,20190524,0.004,0.004,0.004,0.004,1065066
ICI,20190524,0.062,0.062,0.058,0.06,694397
ICN,20190524,0.018,0.019,0.018,0.019,311954
ICQ,20190524,0.235,0.235,0.235,0.235,365762
ICS,20190524,1.005,1.005,1,1,5000
ICT,20190524,0.067,0.067,0.067,0.067,61928
ID8,20190524,0.5,0.5,0.47,0.47,32030
IDT,20190524,0.175,0.18,0.17,0.18,278154
IDX,20190524,3.03,3.14,3.03,3.08,4467
IEL,20190524,16.6,16.61,16.4,16.57,263802
IEM,20190524,58.4,58.4,57.99,58.1,14952
IEU,20190524,62.72,62.85,62.18,62.78,9524
IFL,20190524,5.34,5.39,5.28,5.3,1079559
IFM,20190524,1.83,1.835,1.67,1.81,496075
IFN,20190524,0.47,0.47,0.455,0.455,852615
IFT,20190524,4.11,4.11,4.11,4.11,730
IGB,20190524,111.04,111.16,111,111.11,3267
IGE,20190524,0.23,0.23,0.23,0.23,156358
IGL,20190524,2.12,2.14,2.12,2.12,111989
IGO,20190524,4.67,4.7,4.575,4.58,1200480
IHD,20190524,14.31,14.31,14.27,14.28,9512
IHL,20190524,0.021,0.021,0.02,0.021,857053
IHR,20190524,0.083,0.083,0.082,0.082,41672
IJH,20190524,268.91,270.6,268.9,270.44,585
IJP,20190524,77.25,78.1,77,78.1,4246
IJR,20190524,110,110,108.54,109.2,3299
IKO,20190524,81.67,81.67,81.11,81.11,423
ILB,20190524,125.05,125.81,125.05,125.81,456
ILC,20190524,25.53,25.57,25.45,25.52,6311
ILU,20190524,9.3,9.3,9.125,9.17,1384697
IMA,20190524,0.215,0.225,0.215,0.22,2879144
IMD,20190524,1.06,1.065,1.035,1.05,509803
IME,20190524,0.035,0.035,0.034,0.035,2058252
IMF,20190524,2.92,2.94,2.88,2.92,132223
IMM,20190524,0.029,0.029,0.028,0.029,410326
IMS,20190524,0.011,0.011,0.01,0.01,745156
IMU,20190524,0.018,0.018,0.017,0.017,488421
INA,20190524,3.13,3.13,3.1,3.12,124899
INF,20190524,0.096,0.098,0.093,0.095,726611
ING,20190524,4.5,4.51,4.405,4.44,565986
INK,20190524,0.035,0.035,0.034,0.035,541923
INP,20190524,0.055,0.056,0.053,0.053,117135
INR,20190524,0.18,0.18,0.165,0.175,2165825
INV,20190524,0.088,0.088,0.087,0.087,20000
IOD,20190524,0.04,0.04,0.04,0.04,110278
IOO,20190524,68.91,69.22,68.65,68.99,22408
IOZ,20190524,26.62,26.64,26.53,26.6,98172
IP1,20190524,0.016,0.03,0.015,0.022,8347630
IPB,20190524,0.038,0.038,0.038,0.038,24999
IPD,20190524,0.19,0.2,0.185,0.185,565115
IPH,20190524,6.99,7.06,6.93,6.98,594956
IPL,20190524,3.35,3.35,3.26,3.29,3176102
IRC,20190524,0.115,0.115,0.105,0.105,530641
IRD,20190524,0.058,0.059,0.058,0.059,18500
IRE,20190524,13.99,14.02,13.76,13.82,427432
IRI,20190524,2.75,2.76,2.71,2.74,93917
IS3,20190524,0.12,0.13,0.12,0.13,4109
ISD,20190524,0.255,0.26,0.25,0.26,234551
ISO,20190524,5.14,5.15,5.14,5.15,31316
ISU,20190524,0.63,0.635,0.62,0.63,283258
ISX,20190524,0.55,0.595,0.53,0.595,4830133
ITW,20190524,48.64,48.64,48.64,48.64,55
IVC,20190524,15.65,15.81,15.46,15.66,164565
IVE,20190524,92.98,93.66,92.94,93.66,1656
IVO,20190524,0.003,0.003,0.003,0.003,23864966
IVR,20190524,0.009,0.009,0.009,0.009,2519136
IVV,20190524,412.1,414.02,412.1,413.63,10051
IVX,20190524,0.013,0.015,0.013,0.014,3017138
IVZ,20190524,0.038,0.039,0.037,0.038,619564
IXI,20190524,76.1,76.46,76.05,76.45,1605
IXJ,20190524,86.32,86.81,86.31,86.8,8156
IZZ,20190524,58.1,58.49,58,58.35,9545
JAL,20190524,0.215,0.215,0.215,0.215,119000
JAN,20190524,0.36,0.36,0.36,0.36,4760
JAT,20190524,0.057,0.058,0.057,0.057,525033
JBH,20190524,27.55,27.85,27.27,27.81,565772
JCS,20190524,0.035,0.036,0.035,0.035,172560
JDR,20190524,0.009,0.009,0.009,0.009,824418
JHC,20190524,1.395,1.43,1.385,1.43,261787
JHG,20190524,30.95,31.19,30.89,31.1,265059
JHX,20190524,18.4,18.42,18.18,18.31,2651548
JIN,20190524,17.47,17.47,16.77,17.02,168575
JLG,20190524,1.38,1.395,1.38,1.39,2424805
JMS,20190524,0.35,0.352,0.34,0.34,6199490
JPR,20190524,0.015,0.017,0.015,0.017,176993
JRL,20190524,0.255,0.255,0.255,0.255,712
JXT,20190524,0.245,0.245,0.23,0.23,745656
JYC,20190524,1.455,1.455,1.455,1.455,238
K2F,20190524,0.12,0.12,0.115,0.115,75863
KAI,20190524,0.016,0.016,0.016,0.016,375810
KAM,20190524,0.066,0.066,0.066,0.066,3914
KAR,20190524,0.96,0.99,0.95,0.95,1056356
KAS,20190524,0.064,0.064,0.064,0.064,4000
KAT,20190524,0.74,0.74,0.74,0.74,544
KCN,20190524,0.265,0.265,0.26,0.26,61530
KDR,20190524,1.895,1.9,1.88,1.88,9912221
KEY,20190524,0.004,0.004,0.004,0.004,100000
KFE,20190524,0.077,0.079,0.077,0.079,176997
KGL,20190524,0.25,0.27,0.25,0.27,250033
KGN,20190524,5.75,5.75,5.5,5.67,843371
KIN,20190524,0.066,0.066,0.066,0.066,25999
KIS,20190524,0.076,0.076,0.075,0.075,100000
KLA,20190524,48.5,48.5,47.8,48.24,904
KLL,20190524,0.62,0.635,0.62,0.62,238293
KMD,20190524,2.15,2.16,2.12,2.12,62153
KME,20190524,0.99,0.99,0.95,0.95,17760
KMT,20190524,0.01,0.01,0.01,0.01,39278
KNL,20190524,0.14,0.155,0.14,0.145,320802
KNM,20190524,0.054,0.058,0.051,0.051,3835891
KNO,20190524,0.077,0.077,0.075,0.075,89495
KOR,20190524,0.027,0.027,0.027,0.027,169988
KOV,20190524,2.66,2.7,2.66,2.7,6883
KPG,20190524,0.785,0.785,0.78,0.78,78385
KPO,20190524,0.024,0.024,0.023,0.023,155850
KPT,20190524,2.12,2.15,2.12,2.15,107130
KRM,20190524,0.04,0.04,0.038,0.038,167050
KRR,20190524,0.035,0.035,0.033,0.034,523140
KRX,20190524,0.15,0.15,0.145,0.145,25000
KSL,20190524,1.36,1.37,1.34,1.35,139774
KSN,20190524,0.016,0.016,0.016,0.016,1250000
KSS,20190524,0.22,0.25,0.22,0.245,559776
KTA,20190524,0.023,0.024,0.02,0.024,506500
KTD,20190524,0.515,0.52,0.505,0.52,159330
KYK,20190524,0.04,0.04,0.038,0.038,1153976
KZA,20190524,0.44,0.44,0.435,0.435,9504
KZR,20190524,0.125,0.125,0.125,0.125,4000
LAW,20190524,0.066,0.066,0.066,0.066,21478
LBT,20190524,0.165,0.175,0.135,0.14,4828848
LCD,20190524,0.014,0.014,0.014,0.014,1000
LCK,20190524,0.25,0.285,0.245,0.275,5805765
LCM,20190524,0.17,0.18,0.17,0.18,55000
LCT,20190524,0.03,0.03,0.03,0.03,216700
LEG,20190524,0.028,0.028,0.028,0.028,17000
LEP,20190524,4.75,4.79,4.75,4.76,8160
LER,20190524,0.031,0.031,0.031,0.031,84428
LGD,20190524,0.365,0.38,0.365,0.375,1952668
LHB,20190524,0.006,0.006,0.006,0.006,300
LI3,20190524,0.077,0.077,0.076,0.076,186791
LIC,20190524,5.95,5.99,5.84,5.94,36935
LIT,20190524,0.086,0.088,0.086,0.086,271045
LKE,20190524,0.05,0.05,0.049,0.049,321224
LLC,20190524,14.25,14.405,14.13,14.32,1374043
LMW,20190524,0.275,0.275,0.275,0.275,3636
LNG,20190524,0.365,0.37,0.34,0.35,4145200
LNK,20190524,7.8,7.81,7.64,7.7,1704479
LNU,20190524,0.042,0.043,0.039,0.042,4906370
LNY,20190524,0.009,0.009,0.008,0.008,775880
LOM,20190524,0.145,0.16,0.145,0.155,799705
LON,20190524,0.255,0.255,0.24,0.24,384293
LOV,20190524,11.4,11.4,11.21,11.22,254739
LPD,20190524,0.029,0.03,0.029,0.029,7349633
LPE,20190524,0.645,0.65,0.645,0.645,7709
LPI,20190524,0.25,0.26,0.245,0.26,238658
LRS,20190524,0.002,0.002,0.001,0.001,11250000
LSA,20190524,0.008,0.008,0.008,0.008,726909
LSF,20190524,1.445,1.48,1.425,1.445,1458451
LSH,20190524,0.075,0.075,0.075,0.075,84659
LSR,20190524,0.01,0.01,0.01,0.01,850000
LSX,20190524,0.34,0.34,0.34,0.34,51821
LTR,20190524,0.088,0.099,0.087,0.092,18023528
LVH,20190524,0.39,0.41,0.385,0.41,140665
LVT,20190524,0.47,0.485,0.46,0.475,2202537
LYC,20190524,2.49,2.49,2.34,2.36,11163032
LYL,20190524,4.65,4.66,4.6,4.65,8495
M7T,20190524,0.36,0.365,0.32,0.325,742621
MA1,20190524,0.805,0.805,0.805,0.805,37903
MAG,20190524,0.021,0.021,0.02,0.02,90000
MAH,20190524,0.205,0.205,0.195,0.195,1942745
MAI,20190524,0.605,0.62,0.6,0.6,58146
MAM,20190524,0.375,0.4,0.375,0.4,5335
MAQ,20190524,20.05,20.05,19.9,20.05,458
MAU,20190524,0.375,0.38,0.375,0.375,111844
MAY,20190524,0.013,0.013,0.013,0.013,2074836
MBK,20190524,0.008,0.01,0.008,0.01,1770450
MBM,20190524,0.066,0.066,0.062,0.063,215691
MCA,20190524,0.16,0.165,0.16,0.165,99144
MCE,20190524,0.31,0.31,0.31,0.31,54914
MCM,20190524,0.74,0.74,0.74,0.74,16556
MCP,20190524,1.28,1.33,1.28,1.33,44614
MCR,20190524,0.435,0.46,0.425,0.46,1407941
MCT,20190524,0.009,0.009,0.009,0.009,100000
MCY,20190524,3.67,3.67,3.67,3.67,4658
MDC,20190524,0.395,0.395,0.385,0.39,90525
MDI,20190524,0.005,0.006,0.005,0.005,2460000
MDR,20190524,0.058,0.06,0.057,0.058,7163657
MEB,20190524,0.009,0.011,0.009,0.011,1356467
MEC,20190524,0.9,0.9,0.895,0.895,35000
MEI,20190524,0.018,0.021,0.018,0.019,10588251
MEL,20190524,0.047,0.048,0.047,0.048,470222
MEM,20190524,0.024,0.024,0.023,0.024,168803
MEP,20190524,0.045,0.045,0.043,0.043,439349
MEZ,20190524,4.08,4.15,4.08,4.13,26694
MFD,20190524,0.95,0.95,0.95,0.95,5064
MFF,20190524,2.97,2.98,2.96,2.98,216766
MFG,20190524,45.01,45.16,43.83,43.88,429814
MGC,20190524,0.32,0.32,0.32,0.32,32619
MGE,20190524,3.68,3.68,3.66,3.67,288954
MGG,20190524,1.77,1.8,1.76,1.78,779749
MGL,20190524,0.035,0.035,0.034,0.034,104955
MGR,20190524,3.14,3.15,3.1,3.12,8369953
MGT,20190524,0.006,0.007,0.006,0.007,661383
MGU,20190524,0.074,0.074,0.074,0.074,6512
MGV,20190524,0.059,0.059,0.057,0.057,79500
MGX,20190524,1.255,1.267,1.235,1.24,1861453
MHC,20190524,0.004,0.004,0.004,0.004,593521
MHG,20190524,3.28,3.28,3.28,3.28,52470
MHJ,20190524,0.54,0.54,0.535,0.535,9082
MIL,20190524,0.19,0.19,0.175,0.175,24157
MIN,20190524,15.8,15.8,15.15,15.2,1390840
MIR,20190524,2.48,2.52,2.475,2.51,86725
MKG,20190524,0.096,0.096,0.093,0.093,76400
MLD,20190524,0.99,1,0.985,0.99,153266
MLM,20190524,0.017,0.017,0.017,0.017,216656
MLS,20190524,0.002,0.002,0.001,0.001,21268551
MLT,20190524,4.62,4.64,4.6,4.6,131357
MLX,20190524,0.23,0.235,0.225,0.225,5129352
MMI,20190524,0.135,0.135,0.13,0.135,357400
MMJ,20190524,0.235,0.235,0.23,0.23,382719
MML,20190524,0.405,0.407,0.39,0.39,205560
MMM,20190524,0.47,0.495,0.47,0.495,12277
MMR,20190524,0.004,0.004,0.004,0.004,2200
MMS,20190524,12.76,12.78,12.55,12.66,247553
MNC,20190524,0.002,0.002,0.002,0.002,1350050
MND,20190524,19.07,19.17,18.85,18.95,251188
MNF,20190524,4.04,4.04,3.93,4.03,8883
MNS,20190524,0.2,0.205,0.19,0.205,895452
MNW,20190524,0.026,0.026,0.026,0.026,18694
MNY,20190524,2.14,2.17,2.08,2.14,142884
MOB,20190524,0.097,0.097,0.096,0.096,373000
MOC,20190524,1.035,1.055,1.02,1.025,93960
MOD,20190524,0.305,0.305,0.28,0.285,1127199
MOE,20190524,4,4.06,4,4.05,10422
MOH,20190524,0.067,0.067,0.066,0.066,125004
MOT,20190524,2.04,2.05,2.04,2.05,201434
MOY,20190524,0.1,0.11,0.097,0.105,5356395
MP1,20190524,5.44,5.66,5.36,5.66,328726
MPH,20190524,0.35,0.35,0.35,0.35,559940
MPL,20190524,3.27,3.27,3.2,3.23,4820622
MPW,20190524,0.11,0.11,0.11,0.11,1413295
MQG,20190524,121.48,121.705,120.47,120.77,834278
MQR,20190524,0.038,0.038,0.038,0.038,12000
MRD,20190524,0.001,0.001,0.001,0.001,566667
MRG,20190524,0.079,0.079,0.077,0.077,657882
MRL,20190524,0.49,0.495,0.49,0.495,12020
MRM,20190524,0.18,0.182,0.175,0.18,647167
MRV,20190524,0.005,0.005,0.005,0.005,123621
MRZ,20190524,0.21,0.21,0.21,0.21,40000
MSB,20190524,1.48,1.487,1.455,1.475,494065
MSE,20190524,0.004,0.005,0.004,0.005,4723325
MSG,20190524,0.015,0.015,0.015,0.015,231596
MSV,20190524,0.069,0.069,0.068,0.068,2534421
MTH,20190524,0.005,0.005,0.005,0.005,294977
MTO,20190524,1.27,1.34,1.27,1.34,78748
MTS,20190524,3.07,3.1,3.05,3.1,1955867
MVA,20190524,25.56,25.59,25.08,25.22,16472
MVB,20190524,27.31,27.5,27.3,27.5,4121
MVE,20190524,27.92,27.92,27.92,27.92,1472
MVF,20190524,1.145,1.15,1.14,1.14,67261
MVP,20190524,5.5,5.5,5.26,5.3,119815
MVR,20190524,28.43,28.43,28.33,28.34,2048
MVS,20190524,20.8,20.8,20.75,20.75,2104
MVW,20190524,30.25,30.26,30.06,30.09,84999
MWR,20190524,3.8,3.85,3.74,3.75,17000
MWY,20190524,3.55,3.6,3.55,3.6,6951
MXC,20190524,0.059,0.059,0.057,0.058,826482
MXI,20190524,0.305,0.305,0.275,0.285,503937
MXR,20190524,0.065,0.065,0.065,0.065,51882
MXT,20190524,2.01,2.02,2,2.02,836269
MYE,20190524,0.945,0.97,0.945,0.965,47700
MYL,20190524,0.071,0.074,0.067,0.07,3161330
MYQ,20190524,0.235,0.25,0.23,0.25,158580
MYR,20190524,0.655,0.692,0.645,0.67,7347036
MYS,20190524,4.4,4.4,4.27,4.28,88077
MYX,20190524,0.57,0.57,0.56,0.57,4759338
N27,20190524,0.051,0.051,0.049,0.049,163777
NAB,20190524,25.6,25.81,25.48,25.81,6231581
NAG,20190524,0.044,0.044,0.044,0.044,20114
NAM,20190524,0.36,0.36,0.36,0.36,31639
NAN,20190524,4.53,4.56,4.41,4.43,1263220
NBI,20190524,2.04,2.05,2.03,2.03,363589
NBL,20190524,2.69,2.72,2.69,2.72,24124
NCC,20190524,0.97,0.975,0.97,0.975,51480
NCK,20190524,6.65,6.81,6.52,6.7,207018
NCL,20190524,0.008,0.008,0.008,0.008,2709
NCM,20190524,27,27.2,26.76,26.78,1905056
NCZ,20190524,0.695,0.71,0.69,0.705,223696
NDQ,20190524,18.4,18.48,18.39,18.46,74481
NEA,20190524,3.44,3.45,3.24,3.32,4650497
NEC,20190524,1.99,2.01,1.965,2,10256703
NES,20190524,0.053,0.054,0.053,0.054,105600
NET,20190524,0.085,0.094,0.085,0.088,2235313
NEU,20190524,1.195,1.2,1.17,1.2,26987
NEW,20190524,1.36,1.36,1.355,1.355,60195
NGE,20190524,0.65,0.67,0.65,0.66,103418
NGI,20190524,4,4,3.92,3.98,306572
NHC,20190524,2.82,2.82,2.69,2.71,1696905
NHF,20190524,6.68,6.74,6.64,6.72,1083577
NHL,20190524,0.018,0.018,0.018,0.018,69554
NIC,20190524,0.41,0.42,0.405,0.42,153622
NML,20190524,0.067,0.067,0.065,0.066,675078
NMT,20190524,0.23,0.23,0.22,0.23,275509
NNW,20190524,0.07,0.075,0.07,0.072,812001
NOR,20190524,0.004,0.004,0.003,0.003,1470164
NOV,20190524,0.185,0.185,0.185,0.185,24462
NOX,20190524,0.595,0.61,0.595,0.61,130633
NSB,20190524,0.15,0.15,0.15,0.15,2000
NSC,20190524,0.6,0.6,0.59,0.595,230028
NSE,20190524,0.004,0.006,0.004,0.006,374915
NSR,20190524,1.73,1.745,1.72,1.72,662618
NST,20190524,9.46,9.57,9.36,9.4,1695949
NTC,20190524,1.09,1.095,1.09,1.09,22563
NTD,20190524,0.365,0.365,0.365,0.365,39910
NTL,20190524,0.007,0.007,0.007,0.007,590475
NTM,20190524,0.035,0.036,0.034,0.036,789527
NTU,20190524,0.07,0.07,0.066,0.07,1688099
NUF,20190524,4.44,4.49,4.265,4.3,4390172
NUH,20190524,0.068,0.068,0.061,0.063,3130395
NUS,20190524,0.16,0.16,0.15,0.15,23147
NVA,20190524,0.015,0.015,0.015,0.015,432704
NVL,20190524,2,2.03,2,2.03,26637
NVO,20190524,0.016,0.017,0.015,0.016,8363715
NVT,20190524,5.79,5.79,5.78,5.79,248326
NVU,20190524,0.07,0.071,0.07,0.07,555709
NVX,20190524,0.52,0.535,0.5,0.5,27103
NWC,20190524,0.013,0.013,0.011,0.011,300000
NWE,20190524,0.002,0.002,0.002,0.002,2231641
NWF,20190524,0.205,0.23,0.205,0.23,37280
NWH,20190524,2.99,3,2.91,2.94,2267436
NWL,20190524,9.5,9.57,9.39,9.53,140496
NWS,20190524,17.77,17.77,17.365,17.61,217834
NXE,20190524,0.025,0.026,0.025,0.025,482685
NXM,20190524,0.045,0.045,0.045,0.045,50000
NXS,20190524,2.6,2.78,2.585,2.78,638685
NXT,20190524,6.61,6.7,6.56,6.7,1437315
NZC,20190524,0.33,0.335,0.33,0.335,253832
NZM,20190524,0.52,0.535,0.52,0.535,2368
OAR,20190524,0.016,0.016,0.016,0.016,230000
OAU,20190524,0.01,0.011,0.01,0.011,840626
OCA,20190524,1,1,1,1,2500
OCC,20190524,0.51,0.51,0.485,0.495,914257
OCP,20190524,2.15,2.25,2.15,2.23,15875
ODA,20190524,0.08,0.082,0.08,0.082,64920
ODM,20190524,0.1,0.1,0.1,0.1,79408
OEL,20190524,0.059,0.059,0.057,0.058,2065184
OFX,20190524,1.62,1.62,1.58,1.58,227681
OGA,20190524,0.16,0.16,0.155,0.16,85080
OGC,20190524,3.94,4.04,3.94,3.95,142972
OIL,20190524,0.04,0.04,0.04,0.04,52000
OKU,20190524,0.18,0.18,0.175,0.175,94020
OLI,20190524,0.022,0.023,0.021,0.022,1896867
OLV,20190524,0.018,0.018,0.018,0.018,50000
OMH,20190524,0.795,0.795,0.775,0.775,102737
OML,20190524,4.19,4.205,4.09,4.12,1852871
OMN,20190524,0.775,0.802,0.775,0.795,109164
ONE,20190524,0.24,0.26,0.24,0.25,107600
ONT,20190524,6.33,6.35,6.33,6.35,2684
OOO,20190524,16.44,16.44,16.09,16.26,10024
OPH,20190524,2.48,2.48,2.45,2.45,73172
OPN,20190524,0.043,0.044,0.043,0.044,220414
OPT,20190524,0.67,0.69,0.665,0.67,16424
ORA,20190524,3.2,3.27,3.18,3.27,4707935
ORE,20190524,3.4,3.42,3.3,3.35,1662149
ORG,20190524,7.57,7.6,7.43,7.51,7162158
ORI,20190524,20.65,20.73,20.52,20.66,433316
ORN,20190524,0.03,0.03,0.03,0.03,1576602
OSH,20190524,7.39,7.435,7.35,7.37,4048840
OSL,20190524,0.067,0.069,0.064,0.067,553621
OSP,20190524,0.115,0.115,0.115,0.115,41039
OTW,20190524,5.18,5.19,5.07,5.07,104603
OVH,20190524,0.49,0.49,0.47,0.48,160400
OVL,20190524,0.002,0.002,0.001,0.002,1485700
OVN,20190524,0.245,0.25,0.245,0.245,53847
OZF,20190524,20.19,20.19,20.16,20.18,3748
OZG,20190524,0.155,0.155,0.155,0.155,109902
OZL,20190524,8.86,8.93,8.8,8.89,1996804
OZR,20190524,11.87,11.88,11.83,11.83,3266
P2P,20190524,0.18,0.19,0.17,0.17,276233
PAA,20190524,0.037,0.037,0.037,0.037,322805
PAB,20190524,0.024,0.026,0.024,0.026,916022
PAC,20190524,4.61,4.86,4.61,4.8,25306
PAF,20190524,0.93,0.93,0.925,0.925,117432
PAI,20190524,1.1,1.105,1.09,1.1,97337
PAK,20190524,0.04,0.041,0.04,0.041,172712
PAN,20190524,0.33,0.335,0.33,0.335,319669
PAR,20190524,1.495,1.51,1.48,1.48,262556
PBP,20190524,1.68,1.71,1.68,1.71,3676
PCG,20190524,1.87,1.9,1.795,1.9,31978
PCH,20190524,0.002,0.003,0.002,0.003,8080034
PCI,20190524,1.115,1.12,1.11,1.12,460065
PCK,20190524,0.078,0.092,0.078,0.092,5455184
PCL,20190524,0.002,0.002,0.002,0.002,3825111
PDI,20190524,0.01,0.011,0.01,0.011,484022
PDL,20190524,7.85,7.97,7.7,7.72,1331595
PDN,20190524,0.125,0.13,0.12,0.12,2450313
PDZ,20190524,0.36,0.36,0.35,0.35,134171
PE1,20190524,1.24,1.24,1.225,1.24,30833
PEA,20190524,0.615,0.615,0.615,0.615,64226
PEK,20190524,0.039,0.039,0.037,0.037,1226894
PEN,20190524,0.25,0.25,0.24,0.245,193979
PET,20190524,0.57,0.59,0.55,0.575,3861461
PEX,20190524,0.37,0.37,0.365,0.37,63009
PFP,20190524,3.07,3.1,3.07,3.1,28880
PG1,20190524,0.15,0.15,0.15,0.15,302201
PGC,20190524,0.44,0.44,0.43,0.44,120811
PGF,20190524,1.13,1.13,1.12,1.13,406498
PGH,20190524,2.64,2.64,2.57,2.58,765425
PGM,20190524,0.051,0.052,0.051,0.052,35020
PGR,20190524,0.16,0.16,0.16,0.16,49408
PGX,20190524,0.38,0.38,0.38,0.38,74755
PGY,20190524,0.012,0.013,0.012,0.013,203154
PIA,20190524,1.045,1.055,1.045,1.055,136729
PIC,20190524,1.01,1.01,1,1,352386
PIL,20190524,0.012,0.012,0.012,0.012,478151
PIO,20190524,0.012,0.012,0.01,0.011,6768812
PIQ,20190524,0.33,0.33,0.31,0.31,31500
PKD,20190524,0.08,0.08,0.079,0.08,53851
PKO,20190524,0.02,0.02,0.02,0.02,35000
PL8,20190524,1.07,1.08,1.065,1.07,443163
PLL,20190524,0.16,0.16,0.16,0.16,82768
PLS,20190524,0.775,0.78,0.735,0.75,10721823
PLX,20190524,0.87,0.87,0.85,0.855,34253
PM1,20190524,0.016,0.017,0.016,0.017,244424
PM8,20190524,0.018,0.018,0.018,0.018,2181231
PMC,20190524,1.61,1.615,1.58,1.6,211250
PME,20190524,21.5,21.64,20.84,21.25,78677
PMV,20190524,17.17,17.36,16.96,17.29,186895
PMY,20190524,0.006,0.006,0.005,0.005,8208284
PNC,20190524,2.57,2.63,2.53,2.63,96710
PNI,20190524,5.6,5.6,5.43,5.52,253148
PNL,20190524,0.14,0.14,0.135,0.14,160000
PNN,20190524,0.003,0.003,0.002,0.003,5117608
PNR,20190524,0.2,0.2,0.195,0.195,2546285
PNV,20190524,1.09,1.1,1.065,1.08,801207
PNX,20190524,0.005,0.005,0.005,0.005,61219
PO3,20190524,3.97,3.97,3.9,3.9,2551
POD,20190524,0.071,0.071,0.071,0.071,6262
POH,20190524,0.003,0.003,0.003,0.003,18515
POS,20190524,0.037,0.037,0.035,0.035,2126299
POU,20190524,18.04,18.08,18.04,18.08,7944
POW,20190524,0.011,0.011,0.011,0.011,510000
PPC,20190524,1.13,1.17,1.13,1.13,152252
PPE,20190524,2.6,2.67,2.59,2.67,507548
PPG,20190524,0.15,0.15,0.15,0.15,12451
PPH,20190524,3.62,3.65,3.61,3.63,25466
PPK,20190524,2.25,2.38,2,2.23,638176
PPS,20190524,0.395,0.395,0.385,0.39,1477666
PPT,20190524,40.9,41.41,40.71,40.8,145324
PPY,20190524,0.005,0.005,0.005,0.005,11900
PRO,20190524,0.27,0.275,0.27,0.27,19054
PRT,20190524,0.23,0.235,0.23,0.235,93716
PRU,20190524,0.475,0.48,0.46,0.46,2920074
PRX,20190524,0.105,0.105,0.105,0.105,211627
PSC,20190524,0.016,0.017,0.016,0.017,217772
PSI,20190524,2.55,2.58,2.47,2.47,77672
PSQ,20190524,1.25,1.25,1.235,1.235,25329
PSZ,20190524,0.055,0.055,0.054,0.054,267019
PTB,20190524,0.645,0.645,0.645,0.645,6471
PTL,20190524,0.31,0.31,0.31,0.31,3667
PTM,20190524,4.8,4.83,4.76,4.77,734774
PTR,20190524,0.036,0.036,0.036,0.036,150
PTX,20190524,0.042,0.042,0.041,0.041,165404
PUA,20190524,0.044,0.052,0.043,0.046,2270659
PUR,20190524,0.018,0.018,0.018,0.018,896467
PVS,20190524,1.65,1.74,1.65,1.74,76865
PWH,20190524,4.1,4.11,4.03,4.1,109818
PWL,20190524,0.365,0.465,0.365,0.42,9184213
PXS,20190524,0.26,0.28,0.26,0.28,896068
PXX,20190524,0.1,0.1,0.1,0.1,350697
PYC,20190524,0.024,0.024,0.022,0.022,991498
QAG,20190524,5.52,5.52,5.52,5.52,2500
QAN,20190524,5.49,5.52,5.455,5.51,5388268
QAU,20190524,13.05,13.07,13.03,13.03,9462
QBE,20190524,12.89,12.89,12.59,12.64,3829875
QCB,20190524,8.11,8.12,8.11,8.12,1156
QEM,20190524,0.125,0.125,0.125,0.125,5000
QFN,20190524,11.29,11.35,11.29,11.34,4696
QFY,20190524,0.007,0.008,0.007,0.007,290140
QGL,20190524,0.003,0.003,0.003,0.003,480000
QHL,20190524,0.088,0.088,0.087,0.087,119910
QIP,20190524,1.355,1.365,1.355,1.36,83851
QMS,20190524,0.71,0.735,0.71,0.715,24935
QOZ,20190524,13.93,13.93,13.89,13.9,9434
QRE,20190524,6.48,6.5,6.47,6.47,26548
QRI,20190524,1.66,1.67,1.66,1.67,82339
QUB,20190524,2.84,2.85,2.81,2.84,2798263
QUS,20190524,35.92,35.92,35.92,35.92,602
QVE,20190524,1.055,1.06,1.05,1.05,386617
RAC,20190524,0.072,0.072,0.07,0.07,54000
RAN,20190524,0.022,0.024,0.02,0.02,556804
RAP,20190524,0.14,0.15,0.14,0.15,428520
RBL,20190524,1.02,1.055,1.02,1.05,106026
RBR,20190524,0.017,0.019,0.017,0.018,3997660
RCB,20190524,20.8,20.85,20.79,20.79,17874
RCE,20190524,0.22,0.22,0.215,0.22,149219
RCP,20190524,0.017,0.017,0.017,0.017,35000
RCT,20190524,2.95,2.95,2.88,2.88,24048
RDC,20190524,1.075,1.085,1.07,1.07,652447
RDF,20190524,0.415,0.42,0.415,0.42,17413
RDH,20190524,2.2,2.2,2.2,2.2,7904
RDM,20190524,0.093,0.095,0.093,0.095,10000
RDN,20190524,0.008,0.009,0.008,0.009,1091500
RDS,20190524,0.013,0.013,0.013,0.013,100000
RDV,20190524,30.11,30.16,30.09,30.12,6894
RDY,20190524,1.94,1.99,1.905,1.915,11358
REA,20190524,90.99,91.48,90.35,90.62,271975
RED,20190524,0.125,0.135,0.125,0.135,5576320
REG,20190524,3.06,3.13,3.02,3.04,233405
REH,20190524,10.37,10.39,10.16,10.27,55903
RES,20190524,0.12,0.15,0.12,0.14,2886967
REX,20190524,1.43,1.435,1.4,1.43,58025
RFF,20190524,2.28,2.28,2.25,2.25,103019
RFG,20190524,0.185,0.19,0.18,0.185,335583
RFN,20190524,0.005,0.005,0.005,0.005,251131
RFT,20190524,0.045,0.047,0.045,0.046,120071
RFX,20190524,0.049,0.051,0.048,0.051,1264501
RGB,20190524,22.76,22.78,22.76,22.78,1255
RGI,20190524,0.175,0.175,0.175,0.175,32289
RGL,20190524,0.022,0.022,0.022,0.022,31470
RGS,20190524,0.105,0.105,0.105,0.105,30000
RHC,20190524,69.29,70.25,69.28,70.25,549423
RHL,20190524,4.42,4.42,4.39,4.39,109109
RHP,20190524,2.39,2.39,2.35,2.38,643052
RHT,20190524,0.125,0.125,0.12,0.125,198380
RHY,20190524,0.18,0.18,0.17,0.17,124977
RIC,20190524,1.29,1.32,1.28,1.285,24035
RIM,20190524,0.004,0.004,0.004,0.004,300000
RIO,20190524,100.06,101.59,99.8,101.25,1381931
RKN,20190524,0.625,0.63,0.625,0.63,10924
RLC,20190524,0.005,0.005,0.005,0.005,150000
RLE,20190524,0.071,0.073,0.07,0.071,668319
RMC,20190524,0.575,0.575,0.575,0.575,20000
RMD,20190524,16.27,16.41,16.27,16.38,651817
RMG,20190524,0.009,0.012,0.008,0.011,3667916
RMI,20190524,0.007,0.007,0.007,0.007,10000
RMP,20190524,0.011,0.011,0.011,0.011,597822
RMS,20190524,0.84,0.87,0.835,0.86,2311783
RMX,20190524,0.004,0.004,0.004,0.004,192307
RMY,20190524,0.21,0.215,0.21,0.215,11135
RND,20190524,2.57,2.57,2.5,2.51,3986
RNE,20190524,0.063,0.064,0.063,0.063,104210
RNO,20190524,0.255,0.27,0.255,0.27,314636
RNT,20190524,0.033,0.033,0.033,0.033,43475
RNU,20190524,0.02,0.021,0.02,0.021,917500
RNX,20190524,0.002,0.002,0.002,0.002,875000
ROG,20190524,0.002,0.002,0.002,0.002,16069859
ROO,20190524,0.081,0.081,0.075,0.077,147247
RRL,20190524,4.56,4.6,4.505,4.51,1366631
RSG,20190524,1.135,1.135,1.115,1.12,4027059
RSH,20190524,0.15,0.16,0.147,0.16,761490
RSM,20190524,21.28,21.28,21.28,21.28,2573
RTG,20190524,0.085,0.085,0.085,0.085,184481
RTR,20190524,0.052,0.052,0.052,0.052,307434
RUL,20190524,0.6,0.6,0.6,0.6,8175
RVR,20190524,0.185,0.19,0.185,0.19,955658
RWC,20190524,3.85,3.89,3.79,3.82,7977228
RXL,20190524,0.01,0.01,0.01,0.01,2503836
RXM,20190524,0.057,0.066,0.057,0.061,470115
RXP,20190524,0.435,0.435,0.435,0.435,15300
RZI,20190524,0.46,0.46,0.44,0.45,421309
S2R,20190524,0.115,0.135,0.115,0.13,11990503
S32,20190524,3.4,3.44,3.37,3.44,16326902
S66,20190524,0.72,0.725,0.71,0.71,20447
SAR,20190524,3.28,3.325,3.24,3.24,2419924
SBM,20190524,2.83,2.89,2.83,2.84,4696150
SBW,20190524,0.185,0.185,0.18,0.18,27687
SCG,20190524,3.91,3.92,3.89,3.91,13376326
SCI,20190524,0.009,0.009,0.009,0.009,547600
SCL,20190524,0.008,0.008,0.008,0.008,3330788
SCP,20190524,2.62,2.64,2.61,2.62,1527769
SCU,20190524,0.016,0.016,0.016,0.016,1174560
SDA,20190524,3.57,3.57,3.44,3.47,1732550
SDF,20190524,3.33,3.33,3.26,3.28,801805
SDG,20190524,1.68,1.7,1.68,1.7,9336
SDI,20190524,0.925,0.95,0.91,0.93,26014
SDV,20190524,0.087,0.095,0.087,0.095,299337
SDX,20190524,0.051,0.055,0.051,0.055,48000
SE1,20190524,0.105,0.105,0.105,0.105,400881
SEA,20190524,0.39,0.39,0.377,0.385,2686542
SEC,20190524,1.765,1.78,1.76,1.765,93501
SEI,20190524,0.029,0.029,0.029,0.029,270000
SEK,20190524,20.99,21.14,20.58,20.63,1249162
SEN,20190524,0.073,0.073,0.069,0.072,1003875
SEQ,20190524,0.22,0.22,0.205,0.205,33000
SER,20190524,0.006,0.006,0.006,0.006,254168
SES,20190524,0.053,0.053,0.053,0.053,61521
SFG,20190524,0.092,0.093,0.092,0.092,59734
SFR,20190524,6.4,6.42,6.31,6.33,712351
SFX,20190524,0.4,0.415,0.37,0.4,716385
SFY,20190524,60.11,60.11,59.71,59.84,3286
SGC,20190524,0.021,0.021,0.021,0.021,749464
SGF,20190524,2.86,2.94,2.82,2.83,169918
SGH,20190524,1.94,1.94,1.81,1.85,6096
SGI,20190524,0.08,0.08,0.078,0.079,105000
SGM,20190524,9.53,9.69,9.46,9.61,547408
SGO,20190524,0.016,0.016,0.016,0.016,62538
SGP,20190524,4.45,4.46,4.42,4.45,7828794
SGQ,20190524,0.125,0.13,0.125,0.13,340449
SGR,20190524,4.52,4.52,4.45,4.48,6017771
SHJ,20190524,0.68,0.69,0.68,0.69,6835
SHL,20190524,26.04,26.38,26.025,26.13,734855
SHM,20190524,0.66,0.66,0.64,0.64,4176
SHO,20190524,0.066,0.066,0.061,0.061,205000
SHV,20190524,6.33,6.33,6.235,6.28,56026
SI6,20190524,0.005,0.005,0.005,0.005,400000
SIG,20190524,0.53,0.545,0.53,0.53,1510219
SIH,20190524,0.014,0.014,0.014,0.014,13327
SIL,20190524,0.155,0.155,0.155,0.155,5970
SIQ,20190524,8.8,8.97,8.73,8.95,383512
SIS,20190524,0.053,0.053,0.045,0.045,189737
SIT,20190524,0.028,0.028,0.028,0.028,17696
SIV,20190524,0.78,0.8,0.75,0.755,47214
SKC,20190524,3.62,3.66,3.6,3.63,180315
SKF,20190524,0.18,0.18,0.17,0.18,320123
SKI,20190524,2.35,2.36,2.34,2.34,5242744
SKO,20190524,3.22,3.34,3.22,3.32,12487
SKT,20190524,1.16,1.16,1.15,1.15,62575
SLC,20190524,1.73,1.745,1.71,1.72,324315
SLF,20190524,14.45,14.46,14.38,14.44,14993
SLK,20190524,3.71,3.73,3.68,3.7,29446
SLM,20190524,0.56,0.56,0.56,0.56,1887
SLR,20190524,0.81,0.817,0.8,0.81,3269556
SLX,20190524,0.36,0.38,0.36,0.37,143023
SLZ,20190524,0.05,0.05,0.05,0.05,53955
SM1,20190524,8.71,8.79,8.51,8.66,114126
SM8,20190524,0.023,0.023,0.023,0.023,25231
SMD,20190524,0.005,0.005,0.005,0.005,100
SMI,20190524,0.002,0.003,0.002,0.003,526026
SMN,20190524,0.81,0.835,0.8,0.8,27227
SMR,20190524,1.48,1.495,1.41,1.46,325536
SNC,20190524,0.84,0.84,0.84,0.84,6000
SND,20190524,0.34,0.35,0.31,0.35,24521
SNS,20190524,0.098,0.1,0.098,0.1,45000
SNZ,20190524,5.21,5.26,5.21,5.26,197
SO4,20190524,0.62,0.62,0.605,0.605,172358
SOL,20190524,23.17,23.17,22.185,22.25,488894
SOR,20190524,0.035,0.035,0.035,0.035,37723
SP3,20190524,0.185,0.19,0.175,0.175,248346
SPK,20190524,3.58,3.58,3.55,3.56,676916
SPL,20190524,1.405,1.43,1.28,1.29,1353337
SPO,20190524,1.76,1.76,1.73,1.75,2946
SPT,20190524,0.83,0.84,0.805,0.815,3790542
SPX,20190524,0.02,0.021,0.02,0.02,8032231
SPY,20190524,409.34,410.75,409.32,410.75,239
SPZ,20190524,0.14,0.145,0.14,0.14,148808
SRG,20190524,0.37,0.37,0.35,0.35,151999
SRI,20190524,0.008,0.008,0.007,0.008,16641687
SRK,20190524,0.051,0.051,0.051,0.051,5000
SRO,20190524,0.001,0.001,0.001,0.001,450000
SRS,20190524,0.069,0.07,0.069,0.069,3714446
SRV,20190524,3.22,3.22,3.04,3.04,52349
SRZ,20190524,0.013,0.013,0.013,0.013,63508
SSG,20190524,0.42,0.42,0.42,0.42,25000
SSM,20190524,2.46,2.51,2.46,2.48,806440
SST,20190524,17,17,17,17,48
ST1,20190524,0.195,0.2,0.18,0.18,1524799
STA,20190524,0.135,0.135,0.125,0.13,361028
STG,20190524,1.39,1.39,1.3,1.3,54762
STM,20190524,0.036,0.036,0.034,0.034,2973340
STN,20190524,0.225,0.23,0.215,0.23,49637
STO,20190524,6.99,7,6.91,6.98,5221223
STW,20190524,60.46,60.52,60.26,60.46,299130
STX,20190524,0.081,0.087,0.08,0.087,1002981
SUD,20190524,0.005,0.005,0.005,0.005,11545235
SUL,20190524,9.19,9.32,9.1,9.23,516558
SUN,20190524,14.02,14.02,13.82,13.9,2476364
SUP,20190524,0.023,0.023,0.023,0.023,108478
SVD,20190524,0.011,0.011,0.011,0.011,736402
SVL,20190524,0.038,0.038,0.037,0.037,472353
SVM,20190524,0.082,0.083,0.08,0.083,627412
SVT,20190524,0.015,0.015,0.015,0.015,400000
SVW,20190524,19.6,19.61,19.26,19.38,783388
SVY,20190524,0.23,0.235,0.23,0.235,15770
SW1,20190524,0.17,0.17,0.165,0.17,17847
SWF,20190524,0.135,0.135,0.13,0.135,838831
SWK,20190524,0.205,0.205,0.205,0.205,195071
SWM,20190524,0.54,0.54,0.53,0.535,2579465
SXL,20190524,1.27,1.29,1.247,1.255,1995578
SXY,20190524,0.315,0.315,0.3,0.3,5236165
SYA,20190524,0.012,0.012,0.01,0.01,2089092
SYD,20190524,7.46,7.635,7.45,7.61,3277937
SYI,20190524,29.99,30.1,29.99,30.1,109
SYR,20190524,1.16,1.225,1.15,1.165,2692692
SYT,20190524,0.004,0.004,0.003,0.003,9570845
TAH,20190524,4.62,4.65,4.565,4.6,4439150
TAM,20190524,0.04,0.04,0.04,0.04,340328
TAO,20190524,0.065,0.065,0.065,0.065,77500
TAP,20190524,0.1,0.1,0.099,0.099,152589
TAR,20190524,0.029,0.029,0.029,0.029,130107
TAS,20190524,0.036,0.036,0.033,0.035,899402
TBH,20190524,0.035,0.042,0.035,0.041,167642
TBR,20190524,4.3,4.34,4.28,4.28,20629
TCL,20190524,13.92,13.98,13.755,13.8,4487122
TDO,20190524,0.096,0.096,0.091,0.091,1047280
TER,20190524,0.585,0.59,0.575,0.575,18053
TFL,20190524,0.18,0.18,0.165,0.175,686281
TGA,20190524,0.435,0.445,0.435,0.445,43212
TGF,20190524,2.33,2.34,2.3,2.3,46491
TGG,20190524,1.23,1.24,1.225,1.24,230723
TGM,20190524,0.15,0.17,0.15,0.17,246331
TGN,20190524,0.28,0.28,0.27,0.27,57948
TGR,20190524,4.9,4.91,4.84,4.88,335784
THC,20190524,0.45,0.455,0.45,0.455,88545
THD,20190524,0.002,0.002,0.002,0.002,1000000
THR,20190524,0.016,0.016,0.016,0.016,7944
TIE,20190524,0.135,0.135,0.135,0.135,60000
TIG,20190524,0.063,0.066,0.063,0.063,539091
TIP,20190524,0.935,0.95,0.9,0.9,225641
TKL,20190524,0.013,0.013,0.013,0.013,91733
TKM,20190524,0.004,0.004,0.003,0.004,841381
TLG,20190524,0.6,0.61,0.58,0.605,307156
TLM,20190524,0.081,0.081,0.081,0.081,72624
TLS,20190524,3.6,3.62,3.57,3.62,25642063
TLT,20190524,2.2,2.2,2.15,2.15,564
TLX,20190524,0.895,0.92,0.895,0.91,75797
TML,20190524,0.048,0.048,0.048,0.048,27980
TMR,20190524,0.17,0.175,0.17,0.175,72048
TMT,20190524,0.22,0.24,0.215,0.24,972035
TNE,20190524,7.03,7.23,7.01,7.17,3459886
TNG,20190524,0.12,0.12,0.115,0.12,341928
TNK,20190524,1.75,1.815,1.74,1.775,12677
TNO,20190524,0.08,0.08,0.078,0.079,32071
TNP,20190524,0.018,0.018,0.018,0.018,17500
TNR,20190524,0.011,0.011,0.011,0.011,53103
TNY,20190524,1.2,1.245,1.16,1.2,76828
TOE,20190524,0.021,0.021,0.021,0.021,53366
TOM,20190524,0.003,0.003,0.003,0.003,2476667
TON,20190524,0.045,0.052,0.045,0.051,3421006
TOP,20190524,0.66,0.665,0.66,0.665,137534
TOT,20190524,1.185,1.185,1.17,1.17,31010
TPD,20190524,0.003,0.003,0.003,0.003,1140000
TPE,20190524,1.18,1.18,1.17,1.17,4310
TPM,20190524,6.27,6.295,6.21,6.25,638748
TPS,20190524,0.2,0.2,0.2,0.2,50000
TPW,20190524,1.44,1.45,1.44,1.45,7000
TRL,20190524,0.002,0.002,0.002,0.002,205914
TRS,20190524,2.08,2.11,2.02,2.11,299727
TRT,20190524,0.05,0.05,0.05,0.05,103591
TRY,20190524,0.097,0.097,0.095,0.096,217250
TSC,20190524,0.003,0.003,0.003,0.003,4000000
TSN,20190524,0.007,0.007,0.007,0.007,100000
TTA,20190524,0.017,0.017,0.017,0.017,27777
TTB,20190524,0.03,0.031,0.027,0.028,4100799
TTI,20190524,0.023,0.023,0.023,0.023,71268
TTM,20190524,0.021,0.025,0.02,0.02,1575746
TTT,20190524,2.3,2.3,2.12,2.16,158501
TV2,20190524,0.006,0.008,0.006,0.007,16412103
TWD,20190524,3.41,3.45,3.41,3.45,9584
TWE,20190524,15.05,15.17,14.96,15.09,3319275
TWR,20190524,0.755,0.76,0.755,0.755,78200
TYM,20190524,0.2,0.2,0.2,0.2,30000
TYX,20190524,0.005,0.005,0.005,0.005,870000
UBA,20190524,22,22,22,22,454
UBP,20190524,24.95,24.98,24.95,24.95,913
UBW,20190524,27.44,27.49,27.33,27.49,1588
UCM,20190524,0.165,0.165,0.165,0.165,100000
UCW,20190524,0.14,0.14,0.13,0.135,211634
UNV,20190524,0.33,0.34,0.33,0.335,1471557
UOS,20190524,0.665,0.675,0.66,0.665,87015
URB,20190524,0.91,0.91,0.895,0.895,104753
URF,20190524,1.03,1.05,1.02,1.05,173543
URW,20190524,11.06,11.12,11.01,11.06,1121290
USD,20190524,14.27,14.3,14.26,14.28,116221
UTR,20190524,0.002,0.002,0.002,0.002,485505
UUV,20190524,0.012,0.013,0.01,0.01,12718293
UWL,20190524,1.11,1.12,1.07,1.11,793874
VAE,20190524,63.48,63.54,63.38,63.54,10675
VAF,20190524,51.28,51.39,51.28,51.35,46140
VAH,20190524,0.18,0.18,0.175,0.18,149790
VAN,20190524,0.18,0.185,0.18,0.185,112386
VAP,20190524,90.89,91.33,90.63,91.2,19965
VAS,20190524,82.3,82.36,82.05,82.25,78792
VCF,20190524,48.77,48.77,48.49,48.68,2853
VCX,20190524,2.67,2.68,2.65,2.68,13071875
VEA,20190524,2.19,2.2,2.15,2.15,2061919
VEE,20190524,0.56,0.56,0.56,0.56,8145
VEN,20190524,0.125,0.125,0.12,0.12,57500
VEQ,20190524,55.62,55.85,55.38,55.65,3831
VEU,20190524,71.49,71.52,70.92,71.27,22408
VG1,20190524,2.37,2.37,2.35,2.35,462738
VGB,20190524,52.2,52.29,52.2,52.27,20559
VGE,20190524,64.49,64.85,64.41,64.85,7417
VGL,20190524,5.6,5.6,5.4,5.4,4133
VGS,20190524,73.54,73.91,73.52,73.91,31296
VHT,20190524,1.85,1.85,1.75,1.755,288658
VHY,20190524,60.71,60.71,60.5,60.67,16230
VIF,20190524,49.2,49.25,49.2,49.25,19128
VKA,20190524,0.014,0.014,0.013,0.013,818589
VLC,20190524,66.71,66.74,66.71,66.73,832
VLT,20190524,0.175,0.175,0.165,0.165,118029
VLW,20190524,2.26,2.26,2.25,2.25,108675
VMC,20190524,0.125,0.125,0.125,0.125,25000
VML,20190524,0.01,0.011,0.01,0.011,5075388
VMT,20190524,0.1,0.1,0.099,0.1,287952
VMX,20190524,0.22,0.24,0.22,0.24,39281
VMY,20190524,0.059,0.059,0.057,0.057,787348
VN8,20190524,0.11,0.115,0.11,0.115,9978
VOC,20190524,3.93,3.94,3.85,3.89,1241830
VRC,20190524,0.018,0.019,0.018,0.019,397500
VRL,20190524,3.53,3.58,3.18,3.47,383450
VRM,20190524,0.031,0.032,0.031,0.032,1312782
VRT,20190524,3.92,3.93,3.88,3.93,110767
VRX,20190524,0.061,0.061,0.061,0.061,133000
VSO,20190524,58.59,58.59,58.03,58.06,6172
VTG,20190524,1.59,1.59,1.56,1.59,136564
VTH,20190524,0.97,0.99,0.97,0.97,99398
VTI,20190524,0.061,0.061,0.061,0.061,496843
VTS,20190524,209.94,210.03,209.16,209.93,11930
VVR,20190524,2.62,2.65,2.61,2.63,1674230
VXR,20190524,0.19,0.19,0.19,0.19,69981
WAA,20190524,1.04,1.04,1.025,1.03,90164
WAF,20190524,0.315,0.32,0.31,0.315,295026
WAM,20190524,2.1,2.11,2.09,2.1,343489
WAX,20190524,1.375,1.38,1.37,1.37,70826
WBA,20190524,1.53,1.545,1.49,1.545,56990
WBC,20190524,27.85,28.205,27.81,28.12,7405664
WBT,20190524,0.59,0.59,0.57,0.585,27765
WCN,20190524,0.005,0.005,0.005,0.005,5000
WEB,20190524,15.2,15.2,14.89,15.01,519545
WES,20190524,37.4,37.7,37.4,37.63,2153969
WGB,20190524,2.07,2.07,2.05,2.06,299497
WGN,20190524,1.965,2.09,1.965,2.02,578779
WGO,20190524,0.12,0.125,0.12,0.125,900791
WGX,20190524,1.6,1.64,1.58,1.6,9006433
WHA,20190524,0.725,0.725,0.7,0.71,144800
WHC,20190524,4.11,4.12,4.07,4.12,4599061
WHF,20190524,4.75,4.84,4.75,4.81,112140
WHK,20190524,0.115,0.115,0.115,0.115,1303579
WIC,20190524,1.03,1.035,1.03,1.035,25013
WKT,20190524,0.285,0.3,0.285,0.3,254612
WLD,20190524,0.043,0.043,0.039,0.039,1517228
WLE,20190524,1.125,1.125,1.12,1.12,517080
WLL,20190524,5.4,5.45,5.4,5.45,2227
WMC,20190524,0.014,0.014,0.012,0.012,645283
WMI,20190524,1.295,1.3,1.285,1.285,81807
WML,20190524,0.036,0.036,0.035,0.035,39000
WNB,20190524,0.019,0.019,0.018,0.018,5500000
WND,20190524,0.94,0.94,0.94,0.94,14925
WNR,20190524,0.285,0.285,0.275,0.275,18811
WOR,20190524,13.36,13.44,13.2,13.28,2519943
WOW,20190524,33.03,33.46,32.48,32.7,8713088
WPL,20190524,36.09,36.2,35.61,35.7,2923924
WPP,20190524,0.535,0.54,0.53,0.535,26206
WQG,20190524,1.12,1.12,1.11,1.12,115855
WSA,20190524,2.23,2.235,2.17,2.17,910882
WSI,20190524,0.024,0.024,0.023,0.024,5658056
WTC,20190524,22.85,23,22.48,22.63,490523
WWG,20190524,0.205,0.205,0.205,0.205,2500
WZR,20190524,0.165,0.197,0.16,0.19,16308569
XAM,20190524,0.078,0.078,0.078,0.078,750
XF1,20190524,0.64,0.64,0.635,0.635,117312
XIP,20190524,2.13,2.13,2.1,2.1,4386
XPD,20190524,0.013,0.013,0.013,0.013,131315
XPE,20190524,0.001,0.002,0.001,0.002,565000
XPL,20190524,0.1,0.1,0.1,0.1,10000
XRF,20190524,0.18,0.18,0.18,0.18,55555
XRO,20190524,59.4,60.19,59.31,59.69,467390
XTE,20190524,0.44,0.44,0.435,0.435,37743
YAL,20190524,3.41,3.43,3.36,3.36,16466
YOJ,20190524,0.11,0.11,0.105,0.11,967116
YOW,20190524,0.073,0.073,0.07,0.072,70858
YPB,20190524,0.008,0.009,0.008,0.008,1088960
YRL,20190524,0.215,0.215,0.215,0.215,3345
Z1P,20190524,3.6,3.66,3.5,3.5,3551036
ZEL,20190524,5.75,5.78,5.72,5.72,14504
ZEN,20190524,0.59,0.59,0.575,0.59,20286
ZER,20190524,0.335,0.335,0.33,0.33,4000
ZIP,20190524,0.014,0.014,0.014,0.014,100000
ZLD,20190524,0.047,0.047,0.045,0.045,123193
ZMI,20190524,0.08,0.081,0.08,0.081,160010
ZNO,20190524,0.16,0.16,0.155,0.155,16700
XAF,20190524,6368.8,6368.8,6317.5,6340.7,0
XAO,20190524,6584.3,6584.3,6529.2,6545.6,0
XAT,20190524,6441.5,6441.5,6387.2,6405.5,0
XDJ,20190524,2505.5,2510.1,2493.2,2509.7,0
XEC,20190524,1413.3,1413.9,1405.4,1407.1,0
XEJ,20190524,11324.8,11324.8,10942.9,10977.1,0
XFJ,20190524,6206.4,6206.4,6135.8,6178.7,0
XFL,20190524,6424.4,6424.4,6372.4,6395.9,0
XGD,20190524,5980,6072.6,5980,5995.7,0
XHJ,20190524,32381.8,32566.2,32273.2,32424.4,0
XIJ,20190524,1360.1,1360.1,1332.4,1336.4,0
XJO,20190524,6491.8,6491.8,6437.3,6456,0
XJR,20190524,4755.3,4755.3,4697.9,4709.4,0
XKO,20190524,6442.6,6442.6,6389.2,6407.1,0
XMD,20190524,6899.4,6899.4,6839.9,6852.4,0
XMJ,20190524,13257.2,13257.2,13175.6,13221.4,0
XMM,20190524,4310.9,4311.5,4287.5,4303.7,0
XNJ,20190524,6551.8,6559.7,6506.4,6516.9,0
XPJ,20190524,1608.2,1616.6,1603.2,1610.3,0
XSJ,20190524,11638.1,11638.1,11376.9,11402.4,0
XSO,20190524,2866.8,2866.8,2832.2,2833.6,0
XTJ,20190524,1275.8,1276.6,1266.2,1276.5,0
XTL,20190524,3617,3617,3586.5,3601.9,0
XTO,20190524,5357.7,5357.7,5314.5,5332.2,0
XUJ,20190524,8344.4,8344.4,8233.1,8240.5,0
XXJ,20190524,6922.2,6922.2,6843.5,6891.3,0
