14D,20190315,0.325,0.335,0.325,0.325,180615
1AD,20190315,0.24,0.24,0.24,0.24,5000
1AL,20190315,0.85,0.85,0.85,0.85,2000
1ST,20190315,0.035,0.062,0.035,0.055,2202728
3DP,20190315,0.045,0.045,0.042,0.042,793172
3PL,20190315,1.075,1.085,1.075,1.085,81443
4CE,20190315,0.01,0.01,0.01,0.01,1477299
4DS,20190315,0.078,0.079,0.075,0.078,3677130
5GN,20190315,0.695,0.77,0.69,0.75,341705
88E,20190315,0.016,0.016,0.015,0.015,2414435
8CO,20190315,0.044,0.044,0.043,0.043,946607
8EC,20190315,0.72,0.72,0.71,0.71,4351
8IH,20190315,0.074,0.074,0.07,0.07,33000
9SP,20190315,0.041,0.041,0.037,0.037,1131106
A1G,20190315,0.26,0.26,0.235,0.24,363439
A2B,20190315,2.1,2.15,2.06,2.06,75817
A2M,20190315,13.69,13.69,13.3,13.4,4199923
A3D,20190315,0.41,0.41,0.395,0.4,176435
A40,20190315,0.19,0.195,0.19,0.195,250620
A4N,20190315,0.125,0.125,0.125,0.125,250540
AAA,20190315,50.1,50.11,50.1,50.11,69615
AAC,20190315,0.99,0.99,0.93,0.93,4030167
AAJ,20190315,0.007,0.007,0.007,0.007,142857
AAR,20190315,0.058,0.061,0.058,0.061,432083
AB1,20190315,0.1,0.105,0.099,0.1,2267799
ABA,20190315,5.25,5.29,5.2,5.26,9035
ABC,20190315,4.55,4.635,4.55,4.57,1514235
ABL,20190315,0.004,0.004,0.004,0.004,29015
ABP,20190315,3.71,3.76,3.67,3.67,6204832
ABR,20190315,0.17,0.17,0.165,0.165,216163
ABT,20190315,0.11,0.115,0.11,0.115,23000
ABV,20190315,0.014,0.014,0.014,0.014,50000
ABX,20190315,0.105,0.105,0.105,0.105,10007
AC8,20190315,0.37,0.37,0.35,0.35,2183916
ACB,20190315,0.034,0.034,0.033,0.033,10434
ACF,20190315,0.38,0.38,0.375,0.38,60115
ACL,20190315,0.008,0.008,0.008,0.008,160345
ACQ,20190315,1.07,1.07,1.06,1.06,14266
ACR,20190315,0.175,0.18,0.175,0.18,38000
ACW,20190315,0.056,0.056,0.054,0.056,2588756
AD8,20190315,5.65,5.745,5.59,5.59,349799
ADA,20190315,0.785,0.792,0.775,0.79,99029
ADH,20190315,1.83,1.835,1.78,1.8,688902
ADI,20190315,2.75,2.78,2.74,2.78,146873
ADJ,20190315,0.039,0.039,0.039,0.039,96789
ADO,20190315,0.019,0.019,0.019,0.019,595657
ADT,20190315,0.845,0.87,0.835,0.85,380903
ADX,20190315,0.005,0.005,0.005,0.005,9999
ADY,20190315,0.013,0.013,0.013,0.013,25000
AEE,20190315,0.013,0.013,0.012,0.013,1051167
AEF,20190315,2.1,2.2,2.09,2.14,144481
AEG,20190315,0.96,0.96,0.955,0.955,53373
AEI,20190315,0.14,0.14,0.135,0.14,65000
AER,20190315,0.058,0.058,0.058,0.058,8000
AEV,20190315,0.015,0.015,0.014,0.014,48500
AFA,20190315,0.095,0.1,0.095,0.1,30000
AFG,20190315,1.25,1.265,1.245,1.26,124972
AFI,20190315,5.99,6,5.97,5.97,238976
AFR,20190315,0.014,0.014,0.012,0.012,10000
AGD,20190315,0.067,0.067,0.067,0.067,714
AGG,20190315,3.7,3.7,3.69,3.7,3850
AGH,20190315,0.32,0.34,0.315,0.34,215129
AGI,20190315,0.89,0.9,0.865,0.88,88801
AGL,20190315,21.66,22.12,21.63,22.08,3317313
AGM,20190315,1.8,1.805,1.8,1.8,21385
AGR,20190315,0.09,0.099,0.09,0.099,672239
AGY,20190315,0.105,0.11,0.105,0.105,536217
AHF,20190315,0.135,0.135,0.13,0.135,170089
AHG,20190315,1.86,1.9,1.825,1.84,8549757
AHL,20190315,0.01,0.01,0.01,0.01,1450000
AHQ,20190315,0.057,0.057,0.056,0.056,70000
AHY,20190315,0.92,0.96,0.9,0.96,1798484
AHZ,20190315,0.04,0.041,0.038,0.038,1112059
AIA,20190315,7.52,7.68,7.51,7.62,113036
AIB,20190315,0.11,0.11,0.11,0.11,1712
AIS,20190315,0.165,0.18,0.165,0.18,126024
AIY,20190315,0.085,0.085,0.084,0.085,26238
AIZ,20190315,2.31,2.34,2.25,2.27,494595
AJC,20190315,0.001,0.001,0.001,0.001,2367297
AJL,20190315,0.12,0.125,0.099,0.099,409160
AJM,20190315,0.14,0.155,0.14,0.155,9784255
AJQ,20190315,0.076,0.076,0.075,0.075,188779
AJX,20190315,0.105,0.11,0.105,0.105,131461
AKG,20190315,0.43,0.43,0.43,0.43,29147
AKM,20190315,0.025,0.025,0.025,0.025,2934170
AKP,20190315,20.98,20.99,20.5,20.93,2645
ALC,20190315,0.045,0.048,0.045,0.048,649898
ALF,20190315,0.905,0.91,0.895,0.91,218542
ALG,20190315,1.31,1.325,1.265,1.27,2628349
ALI,20190315,2.09,2.1,2.08,2.09,96432
ALK,20190315,0.22,0.225,0.215,0.22,696149
ALL,20190315,23.07,23.44,22.89,23.19,3699349
ALQ,20190315,7.89,7.955,7.81,7.81,2395206
ALU,20190315,34.06,34.685,33.645,33.91,890141
ALX,20190315,6.94,7.11,6.94,7.09,1988939
ALY,20190315,0.015,0.015,0.014,0.014,1096150
AMA,20190315,0.975,0.99,0.965,0.99,229450
AMC,20190315,14.83,14.92,14.81,14.85,6857561
AME,20190315,0.034,0.034,0.034,0.034,35000
AMG,20190315,0.16,0.16,0.125,0.13,1786057
AMH,20190315,0.85,0.85,0.84,0.84,22652
AMI,20190315,0.89,0.93,0.86,0.87,61711833
AML,20190315,0.27,0.27,0.27,0.27,59000
AMP,20190315,2.29,2.31,2.26,2.29,17524085
AMS,20190315,0.98,1.04,0.98,0.99,145945
ANN,20190315,25.24,25.375,25.11,25.13,518866
ANO,20190315,3.55,3.81,3.52,3.7,102516
ANP,20190315,0.039,0.039,0.037,0.038,171800
ANR,20190315,0.45,0.475,0.45,0.475,36443
ANW,20190315,0.015,0.015,0.015,0.015,540000
ANZ,20190315,26.42,26.48,26.205,26.35,12677087
AOF,20190315,2.7,2.73,2.67,2.7,301150
AOG,20190315,2.04,2.09,2.01,2.05,1967991
AON,20190315,0.13,0.13,0.13,0.13,70000
AOP,20190315,0.23,0.25,0.225,0.225,438642
AOU,20190315,0.069,0.069,0.068,0.068,107580
APA,20190315,9.87,9.91,9.82,9.87,4502200
APC,20190315,0.078,0.078,0.077,0.077,628473
APD,20190315,0.45,0.45,0.45,0.45,67248
APE,20190315,7.41,7.78,7.38,7.43,24905
API,20190315,1.4,1.41,1.385,1.395,1294172
APL,20190315,1.03,1.05,1.03,1.05,503612
APT,20190315,20.9,21.1,20.34,20.55,2174157
APW,20190315,1.455,1.455,1.45,1.45,3750
APX,20190315,23.73,24,22.91,23.15,1011175
APZ,20190315,0.95,0.98,0.947,0.98,7092
AQD,20190315,0.012,0.012,0.012,0.012,975338
AQG,20190315,3.95,4.01,3.9,3.98,888297
AQR,20190315,3.04,3.04,3.01,3.04,20276
AQZ,20190315,2.75,2.77,2.65,2.68,572007
ARA,20190315,0.65,0.65,0.65,0.65,2527
ARB,20190315,17.86,18.03,17.86,17.88,213084
ARD,20190315,0.014,0.014,0.013,0.014,1074623
ARE,20190315,0.018,0.018,0.018,0.018,1528831
ARF,20190315,2.69,2.72,2.66,2.71,538884
ARG,20190315,7.69,7.71,7.67,7.7,139311
ARL,20190315,0.485,0.5,0.485,0.5,16683
ARM,20190315,0.016,0.018,0.016,0.018,5888
ARN,20190315,0.14,0.14,0.14,0.14,100000
ARQ,20190315,2.05,2.06,1.96,2.06,154295
ARS,20190315,0.029,0.029,0.029,0.029,7931
ARU,20190315,0.051,0.051,0.049,0.049,246312
ARV,20190315,0.067,0.067,0.063,0.063,2901664
ARX,20190315,0.15,0.15,0.15,0.15,2
AS1,20190315,0.165,0.17,0.165,0.17,251225
ASB,20190315,2.34,2.35,2.33,2.34,333343
ASH,20190315,0.25,0.25,0.25,0.25,37000
ASL,20190315,1.7,1.7,1.645,1.67,5993897
ASN,20190315,0.075,0.077,0.072,0.077,620193
AST,20190315,1.78,1.82,1.77,1.77,17993216
ASW,20190315,0.66,0.66,0.65,0.65,11400
ASX,20190315,69.56,70.43,69.29,70.16,612700
ATC,20190315,0.135,0.135,0.13,0.135,200273
ATL,20190315,0.915,0.95,0.91,0.915,54341
ATS,20190315,0.25,0.265,0.24,0.255,2523894
ATU,20190315,0.225,0.23,0.22,0.22,247181
ATX,20190315,0.16,0.16,0.16,0.16,7432
AU1,20190315,0.15,0.15,0.15,0.15,36668
AU8,20190315,0.21,0.21,0.2,0.21,395731
AUB,20190315,13.03,13.28,12.89,13,2072496
AUC,20190315,0.02,0.02,0.02,0.02,320325
AUH,20190315,0.002,0.002,0.002,0.002,2200000
AUI,20190315,8.53,8.55,8.47,8.55,21010
AUL,20190315,0.005,0.005,0.004,0.005,585000
AUQ,20190315,0.03,0.039,0.028,0.028,10284547
AUR,20190315,0.034,0.034,0.029,0.03,281979
AUT,20190315,0.006,0.006,0.006,0.006,1000000
AUZ,20190315,0.028,0.028,0.027,0.028,6164404
AV1,20190315,0.135,0.15,0.135,0.145,2303971
AVA,20190315,0.15,0.15,0.14,0.14,144310
AVC,20190315,0.32,0.35,0.32,0.35,5000
AVG,20190315,0.51,0.51,0.505,0.505,50281
AVH,20190315,0.18,0.195,0.18,0.19,13642802
AVJ,20190315,0.475,0.5,0.475,0.495,154558
AVL,20190315,0.021,0.021,0.019,0.019,2071834
AVN,20190315,2.23,2.27,2.22,2.25,712505
AVQ,20190315,0.072,0.073,0.069,0.069,232635
AVZ,20190315,0.042,0.042,0.041,0.041,6721221
AWC,20190315,2.58,2.62,2.57,2.58,13961239
AWV,20190315,0.016,0.016,0.015,0.015,2752277
AX1,20190315,1.52,1.54,1.515,1.54,1368548
AXP,20190315,0.034,0.036,0.034,0.036,12081
AYF,20190315,5.8,5.8,5.77,5.77,6537
AYK,20190315,20.5,20.5,20.5,20.5,48
AYR,20190315,0.003,0.003,0.003,0.003,162781
AYS,20190315,0.625,0.64,0.62,0.625,184702
AZJ,20190315,4.53,4.56,4.49,4.51,9936048
AZM,20190315,0.027,0.027,0.027,0.027,86170
AZS,20190315,0.1,0.105,0.1,0.105,61251
AZV,20190315,0.05,0.05,0.05,0.05,119467
AZY,20190315,0.025,0.026,0.025,0.026,16036451
B2Y,20190315,0.063,0.064,0.062,0.064,54000
BAF,20190315,0.855,0.86,0.85,0.855,87687
BAL,20190315,10.78,11.59,10.56,11.2,4415237
BAP,20190315,6.03,6.13,6.02,6.06,1919043
BAR,20190315,0.031,0.031,0.03,0.031,211719
BAS,20190315,0.003,0.003,0.003,0.003,11700000
BAT,20190315,0.027,0.03,0.027,0.028,4768299
BAU,20190315,0.06,0.06,0.06,0.06,6950
BBL,20190315,0.46,0.46,0.46,0.46,4409
BBN,20190315,2.36,2.39,2.31,2.38,3551210
BBX,20190315,0.19,0.21,0.19,0.2,524279
BC8,20190315,0.205,0.205,0.2,0.2,156713
BCC,20190315,0.18,0.2,0.17,0.17,164670
BCI,20190315,0.155,0.155,0.15,0.15,52376
BCN,20190315,0.021,0.021,0.02,0.021,3244181
BCT,20190315,0.091,0.092,0.088,0.088,194842
BD1,20190315,0.016,0.017,0.016,0.016,420930
BDA,20190315,0.42,0.43,0.41,0.41,19875
BDC,20190315,0.043,0.046,0.043,0.045,1401160
BDG,20190315,0.089,0.089,0.089,0.089,51474
BEE,20190315,0.027,0.027,0.027,0.027,350000
BEL,20190315,0.09,0.09,0.089,0.089,44364
BEM,20190315,0.071,0.074,0.071,0.074,311632
BEN,20190315,9.73,9.81,9.7,9.81,4930552
BFC,20190315,0.125,0.125,0.12,0.125,169331
BFG,20190315,0.865,0.865,0.85,0.855,45767
BGA,20190315,4.63,4.75,4.63,4.71,995948
BGL,20190315,0.605,0.61,0.59,0.595,2331695
BGS,20190315,0.165,0.175,0.165,0.17,785059
BGT,20190315,0.096,0.096,0.096,0.096,5236
BHL,20190315,0.2,0.2,0.2,0.2,31000
BHP,20190315,37.16,37.16,36.48,36.48,23906054
BID,20190315,1,1,0.95,0.97,237433
BIN,20190315,1.64,1.67,1.61,1.63,5661918
BIS,20190315,1.11,1.12,1.11,1.12,5121
BIT,20190315,0.088,0.093,0.087,0.088,2151190
BKI,20190315,1.545,1.55,1.54,1.54,171618
BKL,20190315,93.13,95.85,92.6,95.14,101056
BKT,20190315,0.063,0.065,0.063,0.065,1626431
BKW,20190315,18.76,18.78,18.53,18.59,490504
BKY,20190315,0.46,0.47,0.44,0.45,93433
BLA,20190315,0.68,0.68,0.64,0.645,2227702
BLD,20190315,4.86,4.89,4.81,4.88,11122078
BLG,20190315,0.195,0.195,0.195,0.195,47787
BLT,20190315,0.14,0.14,0.135,0.135,7220
BLX,20190315,1.155,1.155,1.145,1.145,26638
BLY,20190315,0.004,0.004,0.004,0.004,377799
BLZ,20190315,0.021,0.021,0.02,0.02,996710
BMG,20190315,0.009,0.01,0.009,0.01,11844799
BMN,20190315,0.046,0.047,0.044,0.044,2845855
BMT,20190315,0.14,0.15,0.14,0.15,749465
BNO,20190315,0.18,0.185,0.18,0.185,485244
BOC,20190315,0.16,0.16,0.16,0.16,1000
BOE,20190315,0.055,0.056,0.054,0.054,338785
BOL,20190315,0.17,0.17,0.165,0.17,130564
BOQ,20190315,9.22,9.29,9.18,9.21,3233414
BOT,20190315,0.11,0.115,0.11,0.115,358478
BPL,20190315,0.021,0.021,0.021,0.021,10000
BPP,20190315,0.022,0.022,0.021,0.021,164398
BPT,20190315,2.1,2.14,2.065,2.09,10532772
BRB,20190315,0.415,0.425,0.41,0.42,124157
BRG,20190315,16.7,16.79,16.35,16.55,457503
BRK,20190315,0.012,0.013,0.012,0.013,1230603
BRL,20190315,0.13,0.135,0.13,0.135,1613186
BRN,20190315,0.066,0.066,0.061,0.061,1178323
BRU,20190315,0.235,0.24,0.235,0.24,256581
BSE,20190315,0.29,0.3,0.29,0.295,1036262
BSL,20190315,13.6,13.825,13.53,13.72,3642717
BSM,20190315,0.011,0.011,0.011,0.011,220000
BSR,20190315,0.018,0.018,0.018,0.018,1770968
BST,20190315,0.95,0.95,0.93,0.93,189
BTC,20190315,0.105,0.12,0.105,0.12,10000
BTH,20190315,0.465,0.47,0.44,0.44,387884
BTI,20190315,0.78,0.78,0.77,0.77,47051
BUB,20190315,0.73,0.74,0.725,0.735,2246494
BUD,20190315,0.06,0.064,0.06,0.061,1652420
BUL,20190315,0.051,0.054,0.051,0.054,1477875
BUX,20190315,0.12,0.12,0.12,0.12,20000
BVS,20190315,5.55,5.68,5.49,5.52,1016136
BWF,20190315,0.86,0.86,0.86,0.86,7000
BWP,20190315,3.77,3.78,3.7,3.7,5070007
BWR,20190315,1.52,1.52,1.5,1.52,20346
BWX,20190315,2.2,2.37,2.2,2.35,578198
BXB,20190315,11.97,11.985,11.88,11.92,5429791
BYE,20190315,0.3,0.315,0.3,0.31,521639
C6C,20190315,1.08,1.08,1.07,1.07,10432
CAA,20190315,0.13,0.13,0.125,0.13,208171
CAF,20190315,0.115,0.12,0.115,0.115,85342
CAG,20190315,1.19,1.25,1.165,1.165,49362
CAI,20190315,0.028,0.028,0.026,0.026,1693807
CAJ,20190315,0.2,0.202,0.2,0.202,1137741
CAM,20190315,0.885,0.89,0.88,0.885,260953
CAN,20190315,1.57,1.595,1.555,1.57,212693
CAP,20190315,0.057,0.057,0.057,0.057,11336
CAR,20190315,12.69,12.92,12.57,12.82,794650
CAT,20190315,0.805,0.825,0.78,0.815,122946
CAY,20190315,0.205,0.215,0.2,0.215,1297496
CBA,20190315,73.34,73.34,72.03,72.31,5551817
CBC,20190315,0.98,0.98,0.93,0.93,12463
CBY,20190315,0.31,0.31,0.31,0.31,3500
CCA,20190315,0.058,0.059,0.058,0.059,152000
CCL,20190315,8.48,8.57,8.4,8.51,2717718
CCP,20190315,22.47,22.9,22.44,22.6,185831
CCV,20190315,0.2,0.2,0.195,0.195,176021
CCX,20190315,1.62,1.62,1.52,1.52,196558
CD1,20190315,1.8,1.8,1.8,1.8,38014
CD2,20190315,2.2,2.2,2.2,2.2,31739
CDA,20190315,3.11,3.145,3.1,3.1,148634
CDD,20190315,1.16,1.17,1.14,1.17,18443
CDM,20190315,0.885,0.91,0.885,0.905,193653
CDP,20190315,7.14,7.14,7.04,7.04,2283
CDV,20190315,0.355,0.36,0.355,0.36,55194
CDX,20190315,0.044,0.045,0.039,0.041,13173401
CE1,20190315,0.051,0.051,0.05,0.051,511719
CEN,20190315,6.23,6.43,6.2,6.22,81134
CFO,20190315,0.21,0.22,0.21,0.22,51584
CG1,20190315,0.335,0.355,0.335,0.35,73308
CGA,20190315,0.44,0.46,0.44,0.45,21064
CGC,20190315,5.34,5.37,5.23,5.28,3206619
CGF,20190315,7.85,7.87,7.72,7.76,3834617
CGL,20190315,7.74,7.74,7.42,7.42,81615
CGN,20190315,0.013,0.013,0.013,0.013,205
CGR,20190315,0.54,0.54,0.53,0.53,366357
CGS,20190315,0.28,0.28,0.28,0.28,5000
CHC,20190315,9.5,9.64,9.49,9.58,2724737
CHK,20190315,0.012,0.013,0.012,0.012,3958401
CHN,20190315,0.155,0.155,0.155,0.155,331335
CHR,20190315,3.75,3.95,3.75,3.95,2979
CI1,20190315,0.016,0.016,0.016,0.016,50000
CIA,20190315,1.97,1.97,1.93,1.96,58992
CIE,20190315,0.77,0.78,0.765,0.765,133523
CIM,20190315,49.24,49.835,48.89,49.51,523455
CIN,20190315,31.05,31.05,31.05,31.05,200
CIO,20190315,0.003,0.003,0.003,0.003,60000
CIP,20190315,2.89,2.94,2.89,2.91,364171
CKA,20190315,0.066,0.066,0.065,0.066,2051075
CKF,20190315,6.56,6.64,6.49,6.54,275245
CL1,20190315,1.6,1.655,1.595,1.655,109202
CL8,20190315,0.011,0.011,0.011,0.011,14564
CLA,20190315,0.019,0.019,0.018,0.018,2184759
CLB,20190315,0.16,0.16,0.16,0.16,34000
CLH,20190315,1.31,1.335,1.31,1.33,337454
CLI,20190315,0.014,0.017,0.014,0.016,7738380
CLQ,20190315,0.315,0.325,0.315,0.325,323562
CLT,20190315,0.25,0.25,0.25,0.25,50000
CLV,20190315,1.735,1.77,1.735,1.735,92779
CLW,20190315,4.49,4.55,4.48,4.55,1524054
CLX,20190315,0.85,0.85,0.82,0.82,11274
CM8,20190315,0.014,0.014,0.013,0.014,701994
CMA,20190315,2.47,2.47,2.46,2.47,815624
CMM,20190315,0.07,0.07,0.068,0.068,966089
CMP,20190315,0.33,0.33,0.32,0.32,25102
CMW,20190315,1.095,1.1,1.08,1.09,10021011
CNI,20190315,1.39,1.39,1.38,1.38,70125
CNJ,20190315,0.018,0.018,0.017,0.017,65268
CNL,20190315,0.061,0.061,0.061,0.061,1428
CNU,20190315,5.58,5.67,5.53,5.62,1703517
CNW,20190315,0.038,0.04,0.036,0.04,6154599
COB,20190315,0.15,0.15,0.14,0.145,255464
COE,20190315,0.51,0.52,0.5,0.505,25940606
COG,20190315,0.105,0.11,0.1,0.105,1408080
COH,20190315,180.62,182.3,179.96,181.08,202186
COI,20190315,0.305,0.31,0.305,0.305,64442
COL,20190315,11.25,11.45,11.24,11.45,7617288
CP1,20190315,0.11,0.11,0.11,0.11,37300
CPH,20190315,0.34,0.345,0.335,0.335,139090
CPU,20190315,17.3,17.64,17.27,17.5,2250201
CPV,20190315,0.305,0.305,0.3,0.305,51812
CQE,20190315,3.4,3.54,3.4,3.54,529297
CQR,20190315,4.68,4.74,4.67,4.7,1610611
CR1,20190315,0.225,0.225,0.225,0.225,11500
CRD,20190315,1.1,1.13,1.1,1.12,41864
CRN,20190315,2.98,3.06,2.98,3.05,1031787
CRO,20190315,0.009,0.009,0.009,0.009,286117
CSL,20190315,198.01,198.3,195.6,195.93,1254783
CSR,20190315,3.26,3.32,3.25,3.31,23114368
CSS,20190315,0.94,0.955,0.92,0.925,34347
CSV,20190315,0.21,0.225,0.21,0.225,285251
CT1,20190315,0.011,0.011,0.011,0.011,400000
CTD,20190315,23.9,23.9,23.52,23.6,405605
CTM,20190315,0.006,0.006,0.006,0.006,1398585
CTO,20190315,0.005,0.005,0.005,0.005,30000
CTP,20190315,0.125,0.13,0.125,0.13,948534
CTX,20190315,27.65,27.94,27.47,27.79,1262226
CUE,20190315,0.062,0.062,0.062,0.062,160625
CUP,20190315,0.565,0.565,0.56,0.56,30000
CUV,20190315,29,29.99,28.63,28.81,607793
CV1,20190315,0.075,0.076,0.074,0.074,14688
CVC,20190315,2.6,2.62,2.53,2.53,30879
CVF,20190315,0.995,1,0.995,1,31543
CVL,20190315,0.43,0.435,0.43,0.435,5000
CVN,20190315,0.455,0.46,0.43,0.445,19488502
CVS,20190315,0.004,0.004,0.004,0.004,1658
CVV,20190315,0.041,0.045,0.041,0.042,23289
CWL,20190315,0.059,0.059,0.058,0.058,164440
CWN,20190315,11.71,11.805,11.64,11.79,3392968
CWP,20190315,5.56,5.74,5.52,5.74,200503
CWX,20190315,0.16,0.16,0.16,0.16,15131
CWY,20190315,2.13,2.2,2.13,2.15,4254735
CXL,20190315,0.765,0.765,0.76,0.76,15500
CXO,20190315,0.057,0.058,0.057,0.057,311312
CXX,20190315,0.1,0.1,0.1,0.1,100000
CXZ,20190315,0.012,0.013,0.011,0.011,607832
CY5,20190315,0.051,0.055,0.05,0.053,82532
CYB,20190315,3.82,3.87,3.78,3.81,8752230
CYG,20190315,0.79,0.79,0.725,0.725,5391
CYL,20190315,2.37,2.4,2.37,2.38,89132
CYP,20190315,1.68,1.79,1.68,1.79,311673
CYQ,20190315,0.005,0.005,0.004,0.004,2119391
CZI,20190315,0.098,0.098,0.098,0.098,120602
CZL,20190315,0.019,0.019,0.019,0.019,1650521
CZN,20190315,0.005,0.005,0.005,0.005,197010
D2O,20190315,1.58,1.58,1.515,1.525,75351
DAV,20190315,0.06,0.06,0.06,0.06,5654
DBF,20190315,1.44,1.44,1.44,1.44,1150
DCC,20190315,0.049,0.049,0.047,0.048,292874
DCG,20190315,0.875,0.89,0.86,0.89,625309
DCL,20190315,0.105,0.105,0.105,0.105,131410
DCN,20190315,2.71,2.72,2.54,2.56,859869
DDD,20190315,0.003,0.003,0.003,0.003,265701
DDR,20190315,3.73,3.74,3.68,3.74,117063
DDT,20190315,0.007,0.007,0.007,0.007,10000
DEG,20190315,0.096,0.099,0.095,0.097,1437539
DEM,20190315,0.145,0.145,0.135,0.135,115000
DEV,20190315,0.043,0.044,0.043,0.044,8331
DFM,20190315,0.92,0.925,0.92,0.925,5000
DGH,20190315,1.305,1.305,1.305,1.305,213
DGR,20190315,0.125,0.125,0.125,0.125,807649
DHG,20190315,2.58,2.62,2.53,2.6,2017952
DHR,20190315,0.003,0.004,0.003,0.004,825000
DJW,20190315,3.17,3.18,3.16,3.16,100877
DKM,20190315,0.1,0.1,0.1,0.1,114113
DLC,20190315,0.006,0.006,0.006,0.006,6666
DLX,20190315,7.45,7.47,7.42,7.43,1200473
DMP,20190315,41.42,41.69,40.86,41,382195
DN8,20190315,0.095,0.096,0.095,0.095,725500
DNA,20190315,0.067,0.067,0.065,0.066,364826
DNK,20190315,0.79,0.8,0.78,0.8,40287
DOR,20190315,0.066,0.07,0.065,0.07,145842
DOW,20190315,7.4,7.51,7.4,7.45,1801825
DRE,20190315,0.003,0.003,0.003,0.003,100000
DRM,20190315,0.49,0.495,0.48,0.485,865239
DRO,20190315,0.11,0.11,0.105,0.11,162445
DRX,20190315,0.014,0.014,0.013,0.014,1573579
DSE,20190315,0.034,0.034,0.033,0.033,421912
DTL,20190315,1.68,1.74,1.68,1.71,335217
DTR,20190315,0.003,0.003,0.002,0.002,11740000
DTS,20190315,0.16,0.195,0.16,0.19,1999313
DTZ,20190315,0.086,0.086,0.086,0.086,1405
DUB,20190315,1.075,1.09,0.97,1,825960
DUI,20190315,4.11,4.15,4.11,4.11,16799
DVL,20190315,0.036,0.036,0.035,0.035,600000
DW8,20190315,0.005,0.005,0.005,0.005,300000
DWS,20190315,1.12,1.125,1.105,1.105,35870
DXB,20190315,0.086,0.086,0.086,0.086,28990
DXN,20190315,0.071,0.071,0.071,0.071,122500
DXS,20190315,12.57,12.62,12.45,12.52,10710175
DYL,20190315,0.435,0.435,0.41,0.41,139667
E25,20190315,0.19,0.19,0.19,0.19,27777
E2E,20190315,0.006,0.006,0.006,0.006,316602
E2M,20190315,0.175,0.185,0.175,0.185,150192
EAF,20190315,1.2,1.2,1.2,1.2,20000
EAI,20190315,1,1,0.995,0.995,122876
EAR,20190315,0.215,0.23,0.215,0.225,1004632
EAS,20190315,0.92,0.92,0.92,0.92,3507
EAX,20190315,0.32,0.335,0.32,0.335,46025
EBO,20190315,20.57,20.59,20.57,20.59,1260
ECG,20190315,0.095,0.095,0.095,0.095,6500
ECL,20190315,1.39,1.39,1.39,1.39,26345
ECX,20190315,1.81,1.895,1.8,1.885,3760325
ED1,20190315,1.58,1.605,1.57,1.6,160727
EDC,20190315,1.02,1.025,1,1.02,89244
EDE,20190315,0.047,0.048,0.046,0.047,1270374
EEG,20190315,0.02,0.02,0.019,0.019,1967785
EEU,20190315,15.42,15.42,15.42,15.42,302
EFF,20190315,1.56,1.56,1.56,1.56,3605
EGA,20190315,0.25,0.26,0.24,0.26,235592
EGD,20190315,1.99,1.99,1.95,1.99,121500
EGF,20190315,1.56,1.56,1.56,1.56,38461
EGG,20190315,1.36,1.36,1.36,1.36,4255
EGI,20190315,0.95,0.95,0.95,0.95,140757
EGL,20190315,0.064,0.08,0.052,0.055,1618924
EHE,20190315,2.41,2.45,2.41,2.43,938099
EHL,20190315,2.05,2.195,2.05,2.16,2384148
ELD,20190315,5.94,6.11,5.875,6,1742795
ELO,20190315,5.95,5.95,5.85,5.88,37986
ELS,20190315,0.47,0.475,0.45,0.475,9689
ELT,20190315,0.006,0.006,0.006,0.006,84287
ELX,20190315,0.64,0.64,0.63,0.63,21558
EM1,20190315,0.022,0.029,0.022,0.028,67954756
EM2,20190315,0.155,0.155,0.155,0.155,4000
EML,20190315,1.76,1.845,1.76,1.83,537110
EMN,20190315,0.26,0.265,0.26,0.265,59500
EMP,20190315,0.002,0.002,0.002,0.002,1033335
EMR,20190315,0.041,0.041,0.041,0.041,992434
EMU,20190315,0.07,0.07,0.07,0.07,56857
EMV,20190315,0.365,0.4,0.365,0.4,609053
EN1,20190315,0.017,0.017,0.017,0.017,1764547
ENA,20190315,0.032,0.032,0.031,0.031,225000
ENE,20190315,0.25,0.25,0.24,0.24,2302
ENN,20190315,1.7,1.7,1.69,1.7,14418
ENR,20190315,0.1,0.1,0.095,0.098,235307
EOS,20190315,2.93,2.96,2.91,2.91,135479
EPD,20190315,0.425,0.425,0.425,0.425,33401
EPW,20190315,1.88,1.915,1.847,1.905,542225
EQT,20190315,27.99,27.99,26.74,27.6,11814
EQX,20190315,0.28,0.28,0.28,0.28,479
ERA,20190315,0.3,0.3,0.29,0.3,94650
ERF,20190315,1.235,1.235,1.235,1.235,2136
ERL,20190315,0.009,0.009,0.009,0.009,337714
ERM,20190315,0.079,0.08,0.077,0.08,311019
ERX,20190315,0.079,0.079,0.078,0.078,209982
ESE,20190315,0.021,0.022,0.021,0.021,633652
ESH,20190315,0.015,0.016,0.015,0.015,1494087
ETE,20190315,0.012,0.012,0.011,0.012,4050000
EUC,20190315,0.021,0.022,0.021,0.021,1338406
EUR,20190315,0.089,0.091,0.089,0.091,200634
EVE,20190315,0.006,0.006,0.005,0.005,1149999
EVN,20190315,3.64,3.68,3.62,3.65,17743722
EVO,20190315,0.215,0.23,0.205,0.23,123328
EVS,20190315,0.155,0.16,0.15,0.16,1953922
EVT,20190315,12.75,12.9,12.66,12.9,39189
EWC,20190315,0.1,0.1,0.097,0.099,162812
EX1,20190315,0.465,0.48,0.45,0.475,80212
EXL,20190315,3.4,3.46,3.4,3.46,197632
EXP,20190315,0.3,0.3,0.285,0.285,30856
EXR,20190315,0.031,0.032,0.03,0.031,469877
FAR,20190315,0.059,0.062,0.058,0.062,1719145
FAU,20190315,0.016,0.016,0.016,0.016,36854
FBR,20190315,0.088,0.097,0.088,0.096,2472536
FBU,20190315,4.54,4.59,4.5,4.56,3988291
FCT,20190315,0.32,0.33,0.31,0.33,381447
FDM,20190315,0.093,0.095,0.093,0.093,403285
FDV,20190315,0.5,0.545,0.49,0.545,576288
FEI,20190315,0.079,0.09,0.079,0.08,120876
FEX,20190315,0.067,0.075,0.066,0.074,13346261
FFC,20190315,0.08,0.08,0.08,0.08,1700
FFG,20190315,0.013,0.013,0.013,0.013,1100350
FGG,20190315,1.405,1.405,1.395,1.4,354248
FGO,20190315,0.006,0.007,0.006,0.007,4215469
FGR,20190315,0.165,0.165,0.16,0.165,77335
FGX,20190315,1.2,1.2,1.19,1.2,75351
FHS,20190315,0.023,0.023,0.02,0.021,1335069
FID,20190315,4.95,5,4.94,5,23269
FIJ,20190315,0.098,0.098,0.098,0.098,7247
FLC,20190315,0.395,0.4,0.365,0.365,2247600
FLN,20190315,0.81,0.84,0.79,0.81,260657
FLT,20190315,44.08,44.65,43.83,44.11,653385
FMG,20190315,6.58,6.585,6.48,6.48,28827518
FMS,20190315,0.04,0.04,0.04,0.04,69921
FNP,20190315,4.88,4.97,4.88,4.9,2964672
FOD,20190315,0.105,0.105,0.095,0.095,850970
FOR,20190315,1.39,1.395,1.39,1.39,30605
FPC,20190315,0.855,0.855,0.855,0.855,3750
FPH,20190315,14.65,14.65,14.49,14.54,812679
FPL,20190315,0.014,0.015,0.014,0.015,25124465
FPP,20190315,0.95,0.95,0.94,0.94,6471
FRI,20190315,0.83,0.84,0.83,0.84,83662
FRM,20190315,0.685,0.685,0.685,0.685,4800
FSF,20190315,4.2,4.2,4.18,4.18,11955
FSI,20190315,1.67,1.67,1.67,1.67,12500
FTC,20190315,0.036,0.039,0.036,0.039,42719
FTT,20190315,0.004,0.004,0.004,0.004,7016746
FTZ,20190315,0.225,0.24,0.225,0.24,233385
FUN,20190315,0.045,0.045,0.045,0.045,48154
FWD,20190315,1.91,1.97,1.88,1.97,1482214
FXL,20190315,1.335,1.382,1.335,1.36,1875058
FYI,20190315,0.056,0.056,0.055,0.056,50621
FZO,20190315,0.2,0.2,0.2,0.2,4273
G1A,20190315,0.36,0.36,0.35,0.35,67127
G88,20190315,0.096,0.096,0.095,0.095,34073
GAL,20190315,0.165,0.165,0.165,0.165,10000
GAP,20190315,0.345,0.345,0.34,0.34,215125
GAS,20190315,0.905,0.905,0.885,0.9,44511
GBG,20190315,0.027,0.027,0.027,0.027,1000000
GBR,20190315,0.13,0.13,0.13,0.13,42020
GBT,20190315,1.87,1.935,1.87,1.9,122583
GC1,20190315,0.855,0.86,0.855,0.855,5024
GCI,20190315,2,2.01,1.965,2.01,222178
GCM,20190315,1.625,1.63,1.625,1.63,3701
GCY,20190315,0.1,0.105,0.1,0.1,248001
GDF,20190315,1.335,1.34,1.325,1.325,253760
GDG,20190315,0.595,0.6,0.595,0.6,45000
GDI,20190315,1.435,1.46,1.405,1.46,976654
GDX,20190315,31.6,31.6,31.47,31.47,7028
GED,20190315,0.037,0.037,0.037,0.037,20000
GEM,20190315,3.15,3.16,3.09,3.13,2915910
GEV,20190315,0.165,0.165,0.16,0.165,47259
GGG,20190315,0.052,0.053,0.051,0.051,787864
GGX,20190315,0.004,0.004,0.004,0.004,150000
GIB,20190315,0.054,0.054,0.054,0.054,10000
GID,20190315,0.018,0.018,0.018,0.018,14739
GLA,20190315,0.002,0.002,0.002,0.002,4000000
GLB,20190315,1.695,1.7,1.695,1.7,8000
GLL,20190315,0.415,0.415,0.405,0.405,57031
GLN,20190315,0.305,0.305,0.255,0.285,1621975
GLV,20190315,0.003,0.003,0.003,0.003,100000
GMA,20190315,2.47,2.55,2.47,2.5,1023687
GMC,20190315,0.008,0.008,0.008,0.008,3828767
GMD,20190315,0.034,0.034,0.033,0.033,1066895
GMG,20190315,13.4,13.42,13.265,13.31,9229393
GML,20190315,0.015,0.016,0.015,0.015,1392546
GMR,20190315,0.013,0.013,0.013,0.013,139082
GMV,20190315,0.295,0.295,0.285,0.285,91221
GNC,20190315,9.3,9.4,9.26,9.34,1475432
GNE,20190315,2.77,2.8,2.76,2.76,27440
GNG,20190315,1.075,1.08,1.075,1.08,10930
GNX,20190315,0.255,0.26,0.25,0.26,205224
GOO,20190315,0.052,0.052,0.05,0.051,64562
GOR,20190315,0.885,0.9,0.882,0.895,2264807
GOW,20190315,2.65,2.66,2.65,2.66,18369
GOZ,20190315,4.12,4.14,4.09,4.1,898494
GPP,20190315,0.003,0.003,0.003,0.003,1000000
GPT,20190315,6.25,6.285,6.15,6.15,17862367
GPX,20190315,0.23,0.23,0.225,0.23,98492
GRB,20190315,0.105,0.105,0.102,0.102,99318
GRR,20190315,0.265,0.27,0.26,0.265,1903696
GSS,20190315,1.06,1.26,1.06,1.205,174029
GSW,20190315,0.185,0.19,0.18,0.185,675234
GTE,20190315,0.006,0.006,0.006,0.006,1040000
GTG,20190315,0.008,0.008,0.008,0.008,500000
GTK,20190315,4.47,4.47,4.41,4.46,15420
GTN,20190315,1.38,1.38,1.365,1.365,9983
GUD,20190315,13.38,13.46,13.2,13.31,450131
GVF,20190315,1.06,1.06,1.045,1.045,69847
GWA,20190315,3.27,3.29,3.2,3.25,1135593
GXY,20190315,2.01,2.06,2.01,2.05,2950342
GZL,20190315,6.06,6.06,6.06,6.06,6333
HAS,20190315,0.17,0.17,0.17,0.17,10000
HAV,20190315,0.16,0.165,0.16,0.165,33844
HAW,20190315,0.055,0.058,0.055,0.058,22222
HCH,20190315,0.027,0.027,0.026,0.026,206046
HCO,20190315,0.001,0.001,0.001,0.001,1600000
HCT,20190315,0.069,0.069,0.069,0.069,30000
HE8,20190315,0.115,0.115,0.115,0.115,419277
HFR,20190315,0.635,0.655,0.625,0.65,182490
HGM,20190315,0.007,0.007,0.006,0.006,2382920
HIG,20190315,0.105,0.105,0.105,0.105,1605000
HIL,20190315,0.17,0.175,0.17,0.17,201469
HIP,20190315,0.012,0.012,0.012,0.012,227871
HIT,20190315,0.985,1,0.985,1,15144
HLA,20190315,1,1,0.99,0.99,21946
HLO,20190315,4.65,4.65,4.585,4.6,138944
HLS,20190315,2.65,2.655,2.61,2.63,2065180
HLX,20190315,0.028,0.028,0.027,0.027,79531
HM1,20190315,2.87,2.9,2.86,2.89,168612
HMD,20190315,0.305,0.305,0.3,0.3,148860
HMX,20190315,0.027,0.029,0.024,0.026,1350431
HOR,20190315,0.013,0.013,0.013,0.013,38465
HPI,20190315,3.31,3.4,3.3,3.4,261232
HPR,20190315,0.065,0.065,0.065,0.065,1304
HRR,20190315,0.665,0.675,0.665,0.675,14852
HSC,20190315,0.025,0.025,0.024,0.025,587653
HSN,20190315,3.01,3.05,2.98,3.05,387252
HSO,20190315,2.46,2.46,2.44,2.45,20896090
HT1,20190315,1.76,1.775,1.7,1.7,473825
HTA,20190315,0.14,0.14,0.14,0.14,5600
HUB,20190315,14.5,14.93,14.11,14.19,2525464
HUO,20190315,4.71,4.72,4.68,4.68,15966
HVN,20190315,3.73,3.79,3.725,3.77,6809113
HXG,20190315,0.135,0.135,0.135,0.135,22500
HYD,20190315,0.021,0.021,0.02,0.02,230408
HZN,20190315,0.115,0.115,0.11,0.115,35211
HZR,20190315,0.26,0.3,0.26,0.285,142241
IAA,20190315,85.04,86.32,85.04,86.28,5606
IAB,20190315,0.105,0.105,0.105,0.105,284495
IAF,20190315,110.39,110.54,110.39,110.52,10292
IAG,20190315,7.89,7.89,7.78,7.83,9581734
IAM,20190315,0.005,0.006,0.005,0.006,1176542
IBC,20190315,0.51,0.51,0.51,0.51,1000
IBG,20190315,0.025,0.025,0.025,0.025,232434
ICG,20190315,0.004,0.004,0.004,0.004,2000000
ICI,20190315,0.075,0.079,0.075,0.078,674610
ICN,20190315,0.019,0.019,0.019,0.019,40549
ICQ,20190315,0.17,0.17,0.155,0.17,710822
ICS,20190315,0.92,0.925,0.92,0.92,27935
ICT,20190315,0.055,0.055,0.055,0.055,622490
ID8,20190315,0.41,0.47,0.41,0.44,102530
IDT,20190315,0.15,0.15,0.15,0.15,191001
IDX,20190315,2.59,2.6,2.54,2.6,219053
IEL,20190315,14.96,15.13,14.82,14.82,844230
IEM,20190315,60.06,60.5,60.04,60.5,10658
IEU,20190315,61.03,61.57,61.03,61.36,18322
IFL,20190315,6.52,6.57,6.37,6.37,7236460
IFM,20190315,1.75,1.75,1.675,1.675,672538
IFN,20190315,0.495,0.495,0.465,0.465,32629801
IGB,20190315,108.23,108.23,107.93,108.17,1412
IGL,20190315,2.19,2.21,2.17,2.18,308660
IGN,20190315,0.045,0.045,0.045,0.045,2243
IGO,20190315,4.9,4.93,4.81,4.91,1766515
IHD,20190315,13.87,13.87,13.87,13.87,800
IHL,20190315,0.022,0.022,0.022,0.022,1305444
IHR,20190315,0.12,0.12,0.11,0.11,87207
IJH,20190315,267.97,268.58,267.97,268.58,122
IJP,20190315,75.8,76.57,75.8,76.53,5857
IJR,20190315,111.64,111.64,110.2,110.55,1399
IKO,20190315,86.76,88.21,86.76,87.82,3463
ILB,20190315,120.48,120.9,120.48,120.89,3548
ILC,20190315,24.61,24.61,24.46,24.47,12015
ILU,20190315,8.75,8.84,8.7,8.76,1842645
IMA,20190315,0.18,0.18,0.18,0.18,27015507
IMC,20190315,0.235,0.235,0.23,0.23,23388
IMD,20190315,1.14,1.14,1.1,1.14,155023
IME,20190315,0.025,0.025,0.025,0.025,300000
IMF,20190315,2.79,2.83,2.69,2.69,2520168
IMM,20190315,0.034,0.034,0.033,0.034,157069
IMU,20190315,0.02,0.02,0.019,0.02,4319196
INA,20190315,3,3.05,3,3.05,469451
ING,20190315,4.24,4.26,4.22,4.24,1811668
INK,20190315,0.037,0.037,0.037,0.037,450000
INP,20190315,0.091,0.091,0.085,0.085,491744
INR,20190315,0.185,0.185,0.175,0.18,7576107
IOD,20190315,0.03,0.032,0.03,0.032,338466
IOO,20190315,66.99,66.99,66.77,66.84,9931
IOZ,20190315,25.73,25.73,25.6,25.67,22760
IP1,20190315,0.024,0.027,0.023,0.027,602147
IPB,20190315,0.032,0.033,0.032,0.033,551300
IPD,20190315,0.23,0.24,0.225,0.23,2982511
IPH,20190315,6.76,6.84,6.71,6.83,1281176
IPL,20190315,3.31,3.355,3.3,3.32,8613624
IPT,20190315,0.008,0.008,0.008,0.008,28742
IRC,20190315,0.125,0.125,0.125,0.125,55115
IRD,20190315,0.07,0.07,0.065,0.065,236295
IRE,20190315,12.83,12.95,12.68,12.79,1972029
IRI,20190315,2.41,2.42,2.35,2.42,148506
ISD,20190315,0.23,0.23,0.22,0.22,415033
ISO,20190315,5.06,5.06,5.05,5.06,13996
ISU,20190315,0.7,0.72,0.69,0.72,243510
ISX,20190315,0.26,0.265,0.255,0.26,316353
IVC,20190315,13.8,13.95,13.74,13.86,621068
IVE,20190315,91.23,91.53,91.23,91.53,3250
IVR,20190315,0.012,0.012,0.01,0.011,2613536
IVV,20190315,400.68,400.78,400,400.47,8856
IVX,20190315,0.014,0.014,0.014,0.014,429143
IVZ,20190315,0.04,0.041,0.04,0.041,266133
IXI,20190315,71.29,71.59,71.29,71.59,2474
IXJ,20190315,86.3,86.5,86.3,86.49,2709
IXU,20190315,0.115,0.12,0.115,0.115,143350
IZZ,20190315,61.92,62.75,61.92,62.7,7353
JAN,20190315,0.38,0.39,0.365,0.365,139827
JAT,20190315,0.059,0.06,0.058,0.058,1171827
JAY,20190315,0.36,0.36,0.34,0.34,34675
JBH,20190315,24,24.2,23.82,24.1,2123599
JCS,20190315,0.027,0.028,0.027,0.028,60000
JDR,20190315,0.01,0.01,0.01,0.01,156112
JHC,20190315,1.435,1.435,1.39,1.4,298174
JHG,20190315,34.79,34.8,34.17,34.17,1539902
JHL,20190315,0.031,0.031,0.031,0.031,16885
JHX,20190315,17.94,18.18,17.88,18.03,3267574
JIN,20190315,11.81,12.17,11.81,12.17,760316
JJF,20190315,0.071,0.071,0.07,0.07,26245
JLG,20190315,1.3,1.3,1.28,1.3,32494
JMS,20190315,0.335,0.34,0.33,0.335,1474117
JPR,20190315,0.038,0.038,0.038,0.038,15378
JRL,20190315,0.27,0.27,0.265,0.265,4500
JRV,20190315,0.24,0.255,0.24,0.25,207839
JXT,20190315,0.175,0.22,0.175,0.22,544388
JYC,20190315,1.445,1.45,1.445,1.45,5000
K2F,20190315,0.12,0.12,0.115,0.12,215318
KAI,20190315,0.018,0.018,0.018,0.018,744500
KAR,20190315,1.01,1.07,1.01,1.055,649593
KAS,20190315,0.09,0.09,0.089,0.09,43699
KAT,20190315,0.725,0.725,0.725,0.725,434
KBC,20190315,0.055,0.055,0.055,0.055,48463
KDR,20190315,1.33,1.345,1.285,1.34,1470782
KEY,20190315,0.007,0.007,0.007,0.007,2600100
KFE,20190315,0.077,0.08,0.069,0.08,115441
KGL,20190315,0.295,0.295,0.295,0.295,4470
KGM,20190315,0.005,0.005,0.005,0.005,100000
KGN,20190315,3.93,3.94,3.67,3.74,1343060
KIN,20190315,0.062,0.063,0.061,0.063,64982
KLA,20190315,50,50,48.1,48.1,12915
KLH,20190315,0.004,0.004,0.004,0.004,14167
KLL,20190315,0.48,0.485,0.48,0.48,181434
KMD,20190315,2.25,2.35,2.25,2.34,129782
KME,20190315,0.955,0.96,0.93,0.93,26000
KMT,20190315,0.015,0.015,0.014,0.014,1285008
KNL,20190315,0.1,0.1,0.1,0.1,4517
KNM,20190315,0.019,0.02,0.018,0.02,100896
KNO,20190315,0.053,0.053,0.053,0.053,365000
KOV,20190315,2.75,2.75,2.7,2.7,1361
KP2,20190315,0.05,0.05,0.05,0.05,30795
KPG,20190315,0.89,0.89,0.89,0.89,1647
KPO,20190315,0.013,0.013,0.012,0.013,351712
KPT,20190315,2.01,2.01,2,2,18073
KRM,20190315,0.055,0.055,0.053,0.053,87105
KRR,20190315,0.03,0.03,0.028,0.028,1067427
KSC,20190315,1.58,1.58,1.55,1.58,5030
KSL,20190315,1.17,1.2,1.16,1.2,119453
KSN,20190315,0.02,0.02,0.02,0.02,50000
KSS,20190315,0.195,0.2,0.19,0.195,701277
KTD,20190315,0.4,0.4,0.395,0.4,47687
KYK,20190315,0.05,0.05,0.05,0.05,9174
KZA,20190315,0.545,0.55,0.545,0.55,16672
KZR,20190315,0.12,0.12,0.115,0.115,265000
LAA,20190315,0.13,0.13,0.13,0.13,10000
LAU,20190315,0.385,0.385,0.38,0.38,64247
LBL,20190315,0.395,0.41,0.395,0.41,29220
LBT,20190315,0.061,0.062,0.06,0.062,78382
LCK,20190315,0.205,0.235,0.205,0.23,6711725
LCM,20190315,0.18,0.18,0.18,0.18,5625
LCT,20190315,0.038,0.038,0.038,0.038,11233
LCY,20190315,0.003,0.003,0.003,0.003,176437
LEG,20190315,0.028,0.028,0.028,0.028,16250
LEP,20190315,5.01,5.15,5.01,5.04,45978
LER,20190315,0.053,0.053,0.05,0.05,20081
LEX,20190315,0.19,0.2,0.19,0.2,217546
LGD,20190315,0.3,0.305,0.3,0.305,48827
LI3,20190315,0.052,0.052,0.05,0.05,83461
LIC,20190315,5.18,5.2,5.13,5.15,230699
LIT,20190315,0.09,0.091,0.085,0.086,675279
LKE,20190315,0.059,0.059,0.057,0.057,309411
LKO,20190315,0.001,0.001,0.001,0.001,5000000
LLC,20190315,12.69,12.73,12.545,12.56,2919864
LLO,20190315,0.605,0.61,0.605,0.61,552
LMG,20190315,0.007,0.007,0.007,0.007,661493
LML,20190315,0.005,0.005,0.005,0.005,225000
LNG,20190315,0.485,0.49,0.475,0.49,972572
LNK,20190315,7.72,7.84,7.675,7.82,2252652
LNU,20190315,0.044,0.044,0.042,0.042,341797
LNY,20190315,0.005,0.006,0.005,0.006,11826485
LOM,20190315,0.185,0.195,0.185,0.19,1169285
LON,20190315,0.2,0.2,0.195,0.195,39150
LOV,20190315,9.68,9.71,9.22,9.34,192127
LPD,20190315,0.027,0.028,0.027,0.027,373316
LPE,20190315,0.465,0.47,0.46,0.46,75591
LPI,20190315,0.22,0.22,0.215,0.215,35600
LRS,20190315,0.002,0.002,0.002,0.002,1700000
LSF,20190315,1.48,1.49,1.47,1.47,605019
LSH,20190315,0.061,0.061,0.06,0.06,76751
LSR,20190315,0.008,0.008,0.008,0.008,300000
LTR,20190315,0.02,0.021,0.02,0.02,2671555
LVH,20190315,0.63,0.67,0.63,0.67,260362
LVT,20190315,0.44,0.445,0.42,0.435,994575
LYC,20190315,1.66,1.725,1.655,1.66,5360542
LYL,20190315,5.3,5.3,5.29,5.3,19036
M7T,20190315,0.175,0.175,0.175,0.175,99000
MAH,20190315,0.225,0.23,0.22,0.22,18113549
MAI,20190315,0.68,0.71,0.66,0.68,59592
MAQ,20190315,20.9,20.95,20.51,20.51,1661
MAT,20190315,0.15,0.15,0.15,0.15,15000
MAU,20190315,0.29,0.29,0.29,0.29,2300
MAY,20190315,0.017,0.017,0.017,0.017,5369936
MBK,20190315,0.01,0.01,0.01,0.01,264266
MCA,20190315,0.175,0.175,0.175,0.175,7500
MCE,20190315,0.34,0.34,0.335,0.335,192780
MCP,20190315,1.13,1.14,1.127,1.13,101610
MCR,20190315,0.37,0.375,0.37,0.375,128266
MCT,20190315,0.013,0.013,0.013,0.013,90000
MDC,20190315,0.385,0.395,0.385,0.395,3242
MDI,20190315,0.006,0.008,0.006,0.008,4862500
MDR,20190315,0.039,0.039,0.039,0.039,5372593
MEA,20190315,0.26,0.265,0.26,0.265,14042
MEB,20190315,0.017,0.017,0.017,0.017,180343
MEI,20190315,0.011,0.013,0.011,0.013,3465582
MEL,20190315,0.05,0.05,0.045,0.045,223389
MEM,20190315,0.021,0.021,0.02,0.02,186052
MEP,20190315,0.041,0.041,0.041,0.041,38500
MEU,20190315,0.016,0.016,0.015,0.015,35624
MEY,20190315,0.098,0.099,0.098,0.099,62818
MEZ,20190315,3.74,3.75,3.71,3.74,38151
MFD,20190315,0.89,0.89,0.865,0.89,51415
MFF,20190315,2.84,2.87,2.82,2.87,313807
MFG,20190315,35.99,37.06,35.99,36.64,1038652
MGC,20190315,0.31,0.315,0.307,0.315,45525
MGE,20190315,3.49,3.49,3.48,3.48,426427
MGG,20190315,1.665,1.67,1.64,1.65,1302983
MGP,20190315,0.13,0.135,0.13,0.135,281108
MGR,20190315,2.67,2.75,2.66,2.75,49119780
MGU,20190315,0.08,0.08,0.077,0.077,2251
MGV,20190315,0.067,0.067,0.067,0.067,284078
MGX,20190315,0.835,0.855,0.82,0.855,12587239
MHC,20190315,0.004,0.006,0.004,0.005,16892065
MHG,20190315,3.18,3.18,3.17,3.17,6908
MHJ,20190315,0.75,0.75,0.73,0.73,20311
MIL,20190315,0.17,0.175,0.17,0.175,237000
MIN,20190315,15.92,16.02,15.65,15.93,829930
MIR,20190315,2.45,2.47,2.41,2.41,179207
MKG,20190315,0.135,0.135,0.135,0.135,102000
MLD,20190315,0.95,0.95,0.93,0.95,1280770
MLM,20190315,0.029,0.029,0.029,0.029,3204
MLT,20190315,4.48,4.51,4.47,4.51,145136
MLX,20190315,0.27,0.275,0.26,0.265,3638987
MMI,20190315,0.14,0.14,0.14,0.14,218864
MMJ,20190315,0.23,0.235,0.23,0.23,131422
MML,20190315,0.39,0.4,0.38,0.395,201286
MMR,20190315,0.008,0.008,0.008,0.008,167640
MMS,20190315,12.68,12.98,12.68,12.92,3178675
MNC,20190315,0.003,0.003,0.002,0.002,6896650
MND,20190315,17.65,17.84,17.32,17.48,2465940
MNF,20190315,4.04,4.04,4,4,20641
MNW,20190315,0.024,0.024,0.024,0.024,97485
MNY,20190315,1.79,1.89,1.79,1.89,160288
MOC,20190315,1.01,1.03,0.965,0.975,739887
MOD,20190315,0.32,0.32,0.315,0.315,776800
MOE,20190315,4.36,4.4,4.35,4.35,7701
MOH,20190315,0.15,0.15,0.135,0.135,2701
MOQ,20190315,0.175,0.175,0.175,0.175,35667
MOY,20190315,0.17,0.17,0.165,0.165,623489
MP1,20190315,4.03,4.18,4.02,4.18,367874
MPH,20190315,0.235,0.235,0.23,0.23,85193
MPL,20190315,2.72,2.765,2.695,2.74,13343940
MPW,20190315,0.11,0.11,0.11,0.11,75000
MQG,20190315,127.5,128.25,126.8,127.74,2987991
MQR,20190315,0.051,0.051,0.051,0.051,4400
MRD,20190315,0.002,0.002,0.002,0.002,1050000
MRG,20190315,0.1,0.1,0.099,0.099,119700
MRM,20190315,0.165,0.17,0.16,0.16,484669
MRN,20190315,1.78,1.78,1.78,1.78,151
MRP,20190315,0.07,0.07,0.07,0.07,44088
MRQ,20190315,0.005,0.005,0.005,0.005,1746292
MRV,20190315,0.006,0.006,0.006,0.006,122171
MSB,20190315,1.205,1.28,1.195,1.27,4558460
MSE,20190315,0.006,0.006,0.006,0.006,62500
MSG,20190315,0.016,0.016,0.015,0.015,84700
MSR,20190315,0.003,0.003,0.003,0.003,100000
MSV,20190315,0.059,0.059,0.057,0.057,280303
MTC,20190315,0.025,0.025,0.025,0.025,118041
MTM,20190315,0.24,0.24,0.24,0.24,41251
MTO,20190315,1.85,1.85,1.85,1.85,5659
MTS,20190315,2.62,2.67,2.615,2.64,3641983
MVA,20190315,24.11,24.11,23.82,23.9,18421
MVB,20190315,25.92,25.92,25.87,25.87,980
MVE,20190315,27.18,27.18,27.16,27.18,2140
MVF,20190315,1.115,1.12,1.105,1.12,374735
MVP,20190315,4.49,4.53,4.47,4.5,11077
MVR,20190315,28.29,28.29,28.17,28.27,2796
MVS,20190315,20.35,20.35,20.3,20.3,74
MVT,20190315,0.16,0.16,0.16,0.16,34761
MVW,20190315,28.9,28.97,28.84,28.96,27140
MWR,20190315,3.69,3.7,3.6,3.7,11832
MWY,20190315,3.97,4,3.94,3.98,65966
MXC,20190315,0.038,0.039,0.038,0.038,671823
MXI,20190315,0.355,0.37,0.35,0.35,180036
MXR,20190315,0.078,0.078,0.075,0.075,4481
MXT,20190315,2.08,2.09,2.06,2.09,508098
MYE,20190315,1,1,0.977,1,71265
MYL,20190315,0.084,0.084,0.081,0.081,1658326
MYO,20190315,3.36,3.36,3.34,3.35,2141341
MYQ,20190315,0.33,0.34,0.3,0.315,105704
MYR,20190315,0.555,0.565,0.51,0.51,6792010
MYS,20190315,4.38,4.39,4.19,4.28,258375
MYX,20190315,0.715,0.73,0.702,0.71,8638422
MZZ,20190315,0.2,0.2,0.185,0.185,220000
N27,20190315,0.065,0.065,0.065,0.065,100000
NAB,20190315,25.25,25.28,25.03,25.21,11777833
NAE,20190315,0.006,0.006,0.006,0.006,2136000
NAG,20190315,0.08,0.08,0.069,0.069,200023
NAN,20190315,4.11,4.18,4.065,4.17,1005951
NBI,20190315,2.05,2.05,2.04,2.05,284554
NBL,20190315,3.13,3.13,3.01,3.09,56595
NCC,20190315,1.085,1.13,1.06,1.13,76356
NCK,20190315,5.85,5.95,5.81,5.93,110544
NCM,20190315,25.13,25.15,24.6,24.72,5320854
NCR,20190315,0.027,0.029,0.026,0.029,1599063
NCZ,20190315,0.81,0.815,0.785,0.81,369472
NDQ,20190315,17.78,17.79,17.77,17.78,37291
NEA,20190315,2.99,3.07,2.81,2.81,7982856
NEC,20190315,1.69,1.735,1.687,1.73,11269285
NES,20190315,0.105,0.105,0.096,0.096,124145
NET,20190315,0.037,0.038,0.036,0.037,2917374
NEU,20190315,1.165,1.18,1.165,1.18,31501
NEW,20190315,1.4,1.42,1.4,1.415,22797
NGI,20190315,3,3.08,2.94,3.08,537549
NHC,20190315,4.42,4.5,4.41,4.41,6397507
NHF,20190315,5.51,5.59,5.49,5.5,1689143
NHL,20190315,0.022,0.022,0.022,0.022,43397
NIC,20190315,0.395,0.4,0.38,0.4,1776179
NKP,20190315,0.098,0.098,0.098,0.098,841600
NME,20190315,0.022,0.023,0.021,0.023,33978
NML,20190315,0.093,0.105,0.093,0.105,977660
NMT,20190315,0.235,0.235,0.23,0.23,34809
NNW,20190315,0.088,0.088,0.086,0.087,20681
NOR,20190315,0.002,0.003,0.002,0.003,450125
NOX,20190315,0.41,0.41,0.41,0.41,25000
NSB,20190315,0.17,0.175,0.17,0.175,30129
NSC,20190315,0.65,0.65,0.645,0.65,201273
NSR,20190315,1.76,1.765,1.74,1.75,2506721
NST,20190315,8.96,9.05,8.75,8.76,12778539
NSX,20190315,0.18,0.18,0.165,0.165,1028
NTC,20190315,1.075,1.077,1.075,1.075,1590880
NTD,20190315,0.47,0.55,0.47,0.5,123492
NTL,20190315,0.012,0.012,0.012,0.012,41750
NTM,20190315,0.038,0.039,0.038,0.039,96211
NUF,20190315,5.31,5.56,5.27,5.36,6883440
NUH,20190315,0.069,0.069,0.068,0.068,397021
NUS,20190315,0.2,0.2,0.2,0.2,19000
NVL,20190315,1.8,1.84,1.8,1.82,78585
NVT,20190315,5.71,5.72,5.66,5.67,851098
NVU,20190315,0.093,0.095,0.093,0.094,55010
NVX,20190315,0.65,0.66,0.57,0.57,159363
NWF,20190315,0.155,0.16,0.15,0.15,108126
NWH,20190315,2.49,2.55,2.46,2.5,2513392
NWL,20190315,8.35,8.48,8.21,8.27,248616
NWS,20190315,18.15,18.19,17.95,18,923407
NXE,20190315,0.029,0.03,0.029,0.029,416001
NXT,20190315,6.22,6.26,6.15,6.18,1237030
NZC,20190315,0.315,0.32,0.315,0.32,149401
NZK,20190315,2.31,2.32,2.31,2.32,1000
NZM,20190315,0.545,0.545,0.545,0.545,26521
OAU,20190315,0.011,0.011,0.011,0.011,149253
OBJ,20190315,0.019,0.02,0.019,0.02,231622
OCC,20190315,0.14,0.145,0.14,0.14,31744
OCL,20190315,2.77,2.77,2.76,2.76,11000
ODA,20190315,0.125,0.125,0.11,0.11,14773
OEC,20190315,0.35,0.365,0.35,0.365,29958
OEL,20190315,0.057,0.06,0.057,0.06,3572837
OEX,20190315,0.004,0.005,0.004,0.005,141626
OFX,20190315,1.82,1.91,1.82,1.91,382255
OGC,20190315,4.48,4.51,4.44,4.5,917224
OGX,20190315,0.004,0.004,0.004,0.004,28325748
OIL,20190315,0.05,0.05,0.048,0.048,108208
OKR,20190315,0.18,0.18,0.16,0.16,79366
OKU,20190315,0.235,0.235,0.22,0.22,149169
OLI,20190315,0.034,0.034,0.03,0.032,5678342
OMH,20190315,1.285,1.32,1.285,1.32,770964
OML,20190315,3.62,3.65,3.57,3.65,846939
OMN,20190315,0.6,0.605,0.58,0.58,217369
ONT,20190315,6.24,6.33,6.24,6.33,10113
ONX,20190315,0.16,0.16,0.16,0.16,5938
OOK,20190315,0.022,0.024,0.022,0.024,4091162
OOO,20190315,16.34,16.34,16.3,16.31,26473
OPH,20190315,2.6,2.61,2.55,2.6,133373
OPN,20190315,0.056,0.056,0.053,0.056,468324
OPT,20190315,0.745,0.76,0.73,0.755,47455
ORA,20190315,3.08,3.09,3.03,3.04,4279093
ORE,20190315,3.42,3.445,3.32,3.35,694917
ORG,20190315,7.22,7.4,7.185,7.37,10154856
ORI,20190315,18.11,18.2,18.03,18.14,2941361
ORN,20190315,0.035,0.035,0.032,0.032,3145173
OSH,20190315,8.06,8.085,7.99,7.99,5912169
OSL,20190315,0.17,0.17,0.165,0.165,250055
OSP,20190315,0.115,0.12,0.105,0.105,2460625
OTW,20190315,5.24,5.24,4.96,5.05,8730
OVH,20190315,0.48,0.48,0.475,0.48,740974
OVL,20190315,0.003,0.003,0.003,0.003,1087500
OVN,20190315,0.275,0.275,0.275,0.275,4000
OVT,20190315,0.095,0.1,0.095,0.095,361287
OZF,20190315,19.14,19.14,19.03,19.03,2947
OZL,20190315,10.1,10.15,10.02,10.05,1276315
OZR,20190315,11.7,11.74,11.7,11.74,4383
P2P,20190315,0.42,0.42,0.4,0.42,39669
PAA,20190315,0.037,0.04,0.036,0.036,1291316
PAB,20190315,0.023,0.023,0.02,0.021,908904
PAC,20190315,5.5,5.6,5.5,5.51,47566
PAF,20190315,1.02,1.025,1.01,1.01,88029
PAI,20190315,1.08,1.09,1.065,1.08,213064
PAK,20190315,0.036,0.036,0.036,0.036,250
PAN,20190315,0.4,0.405,0.395,0.395,463233
PAR,20190315,1.65,1.65,1.57,1.63,279737
PBP,20190315,1.505,1.505,1.5,1.5,7100
PBT,20190315,0.046,0.046,0.046,0.046,168704
PCG,20190315,2.2,2.2,2.14,2.15,1165
PCK,20190315,0.034,0.035,0.033,0.035,585166
PDI,20190315,0.012,0.014,0.012,0.014,1186790
PDL,20190315,8.85,8.95,8.79,8.94,1325354
PDN,20190315,0.17,0.17,0.16,0.165,32093140
PDZ,20190315,0.32,0.32,0.32,0.32,30000
PEA,20190315,0.625,0.625,0.62,0.625,779516
PEK,20190315,0.025,0.025,0.025,0.025,5000
PEN,20190315,0.23,0.23,0.22,0.225,184202
PET,20190315,0.39,0.39,0.385,0.385,313977
PEX,20190315,0.455,0.46,0.45,0.46,61568
PFG,20190315,0.075,0.075,0.075,0.075,985955
PFP,20190315,3.06,3.08,3,3.08,45486
PG1,20190315,0.165,0.165,0.155,0.155,101851
PGC,20190315,0.445,0.445,0.43,0.435,548991
PGF,20190315,1.14,1.14,1.12,1.12,261143
PGH,20190315,2.86,2.9,2.825,2.85,942543
PGM,20190315,0.072,0.072,0.072,0.072,10000
PGR,20190315,0.26,0.26,0.26,0.26,32163
PGX,20190315,0.4,0.41,0.4,0.4,88246
PIA,20190315,1.11,1.12,1.11,1.12,249180
PIC,20190315,1.05,1.055,1.04,1.055,366056
PIL,20190315,0.014,0.014,0.012,0.012,520903
PIN,20190315,0.16,0.165,0.16,0.165,699665
PIO,20190315,0.015,0.015,0.014,0.014,884125
PIQ,20190315,0.32,0.32,0.305,0.305,13876
PKD,20190315,0.15,0.155,0.15,0.155,13500
PL8,20190315,1.025,1.025,1.01,1.01,481146
PLG,20190315,1.16,1.165,1.155,1.155,2445023
PLL,20190315,0.115,0.115,0.11,0.11,299573
PLS,20190315,0.725,0.73,0.715,0.715,3491636
PM1,20190315,0.013,0.015,0.013,0.015,1218627
PM8,20190315,0.02,0.02,0.02,0.02,874239
PMC,20190315,1.59,1.605,1.585,1.605,116220
PME,20190315,16.03,16.54,15.93,16.4,1233031
PMV,20190315,16.6,16.6,16.33,16.36,478190
PMY,20190315,0.006,0.006,0.006,0.006,1929658
PNC,20190315,2.42,2.48,2.4,2.48,234372
PNI,20190315,5.56,5.95,5.5,5.74,5004793
PNL,20190315,0.13,0.13,0.13,0.13,54000
PNN,20190315,0.004,0.004,0.003,0.003,4215695
PNR,20190315,0.24,0.255,0.24,0.255,542878
PNV,20190315,0.71,0.72,0.705,0.71,1770024
PNW,20190315,0.35,0.36,0.35,0.36,83789
PNX,20190315,0.006,0.006,0.006,0.006,781920
PO3,20190315,3.69,4,3.6,3.6,10333
POD,20190315,0.065,0.066,0.063,0.065,73417
POH,20190315,0.003,0.003,0.003,0.003,711468
POS,20190315,0.044,0.044,0.042,0.042,548933
POU,20190315,18.4,18.4,18.36,18.37,267
POW,20190315,0.01,0.012,0.01,0.012,1422400
PPC,20190315,0.96,0.99,0.96,0.98,11747266
PPE,20190315,2.44,2.44,2.37,2.44,52291
PPG,20190315,0.155,0.155,0.15,0.15,191593
PPH,20190315,3.18,3.21,3.15,3.17,101717
PPK,20190315,0.75,0.8,0.74,0.79,446925
PPL,20190315,0.024,0.024,0.024,0.024,10000
PPS,20190315,0.58,0.605,0.57,0.57,1456407
PPT,20190315,42.95,42.95,41.39,41.59,3525855
PRL,20190315,0.004,0.005,0.004,0.005,16501411
PRO,20190315,0.24,0.24,0.24,0.24,4500
PRT,20190315,0.225,0.23,0.225,0.23,157586
PRU,20190315,0.45,0.46,0.44,0.455,11809935
PSA,20190315,0.1,0.1,0.1,0.1,410
PSI,20190315,2.6,2.6,2.6,2.6,368
PSM,20190315,0.004,0.004,0.004,0.004,430124
PSQ,20190315,1.23,1.24,1.215,1.215,5921
PSZ,20190315,0.072,0.072,0.07,0.07,294051
PTL,20190315,0.31,0.31,0.31,0.31,2720
PTM,20190315,5.45,5.52,5.41,5.52,1149255
PTX,20190315,0.058,0.058,0.057,0.057,276040
PUA,20190315,0.035,0.035,0.035,0.035,25000
PUR,20190315,0.022,0.022,0.019,0.021,2746321
PVD,20190315,0.02,0.02,0.019,0.019,11228
PVE,20190315,0.038,0.039,0.038,0.038,35287
PVS,20190315,1.515,1.515,1.51,1.51,7000
PWH,20190315,3.37,3.58,3.37,3.58,754488
PXX,20190315,0.061,0.061,0.057,0.057,199929
QAN,20190315,5.64,5.65,5.6,5.62,7528224
QAU,20190315,13.28,13.28,13.18,13.19,4990
QBE,20190315,12.49,12.53,12.415,12.51,6170144
QCB,20190315,8.38,8.38,8.38,8.38,350
QEM,20190315,0.093,0.093,0.09,0.09,50000
QFN,20190315,10.76,10.76,10.7,10.7,8957
QFY,20190315,0.009,0.009,0.009,0.009,1280000
QGL,20190315,0.002,0.002,0.002,0.002,391613
QHL,20190315,0.086,0.086,0.084,0.086,102829
QIP,20190315,1.45,1.45,1.41,1.41,438885
QMS,20190315,0.705,0.715,0.7,0.71,136032
QOZ,20190315,13.24,13.24,13.19,13.22,9821
QRE,20190315,6.47,6.47,6.43,6.43,15769
QRI,20190315,1.62,1.65,1.6,1.62,261833
QTM,20190315,0.028,0.028,0.028,0.028,9801
QUB,20190315,2.76,2.795,2.74,2.74,19128946
QUS,20190315,35.31,35.31,35.31,35.31,1430
QVE,20190315,1.05,1.05,1.035,1.035,34711
RAC,20190315,0.078,0.078,0.078,0.078,92127
RAN,20190315,0.028,0.031,0.027,0.031,95877
RAP,20190315,0.089,0.09,0.088,0.088,63399
RBL,20190315,1.025,1.07,1.025,1.065,328721
RBR,20190315,0.024,0.024,0.023,0.024,1340832
RCB,20190315,20.52,20.61,20.51,20.61,23331
RCE,20190315,0.185,0.19,0.18,0.185,640309
RCL,20190315,0.27,0.27,0.26,0.26,135376
RCO,20190315,0.23,0.23,0.21,0.21,783
RCT,20190315,2.99,2.99,2.96,2.96,5167
RCW,20190315,0.31,0.31,0.31,0.31,10000
RD1,20190315,0.04,0.04,0.034,0.034,47096
RDC,20190315,1.03,1.04,1.025,1.04,6307548
RDF,20190315,0.55,0.56,0.55,0.56,466251
RDH,20190315,2.67,2.68,2.67,2.68,8573
RDM,20190315,0.1,0.1,0.1,0.1,24915
RDN,20190315,0.01,0.01,0.01,0.01,1000000
RDS,20190315,0.014,0.014,0.014,0.014,43334
RDV,20190315,28.92,28.92,28.82,28.9,3470
REA,20190315,80.15,80.47,79.48,79.48,285819
RED,20190315,0.125,0.127,0.12,0.125,1035538
REG,20190315,3.08,3.12,3.045,3.07,888576
REH,20190315,9.8,10.08,9.8,9.99,151241
RES,20190315,0.06,0.062,0.059,0.062,542851
REX,20190315,1.42,1.45,1.42,1.45,32946
RFF,20190315,2.27,2.29,2.26,2.29,491694
RFG,20190315,0.175,0.175,0.16,0.16,3792364
RFN,20190315,0.006,0.006,0.006,0.006,1624750
RFX,20190315,0.066,0.067,0.065,0.065,854251
RGB,20190315,22.14,22.16,22.14,22.16,2577
RGI,20190315,0.245,0.27,0.245,0.27,29952
RGL,20190315,0.049,0.049,0.045,0.045,217957
RGP,20190315,0.073,0.074,0.07,0.074,192465
RGS,20190315,0.11,0.11,0.11,0.11,4700
RHC,20190315,65,65.04,64.115,64.85,951837
RHL,20190315,4.42,4.45,4.4,4.43,581649
RHP,20190315,1.82,1.847,1.805,1.82,153019
RHT,20190315,0.078,0.078,0.074,0.077,1177203
RHY,20190315,0.16,0.175,0.16,0.175,79841
RIC,20190315,1.31,1.355,1.3,1.355,175124
RIM,20190315,0.006,0.006,0.006,0.006,73933
RIO,20190315,91.52,92.15,90.94,91.65,1725961
RKN,20190315,0.68,0.68,0.66,0.66,45401
RLE,20190315,0.1,0.105,0.1,0.1,785161
RMC,20190315,0.49,0.5,0.49,0.5,11316
RMD,20190315,14.33,14.33,14.1,14.1,8599945
RMP,20190315,0.016,0.018,0.016,0.017,22345336
RMS,20190315,0.71,0.725,0.68,0.7,33993508
RMY,20190315,0.21,0.21,0.19,0.195,200000
RND,20190315,2.21,2.21,2.21,2.21,1
RNE,20190315,0.082,0.082,0.079,0.079,69621
RNO,20190315,0.205,0.205,0.19,0.195,159894
RNT,20190315,0.042,0.042,0.042,0.042,99321
RNU,20190315,0.017,0.017,0.017,0.017,16000
ROO,20190315,0.08,0.08,0.079,0.08,132800
RRL,20190315,5.51,5.53,5.36,5.37,5924839
RSG,20190315,1.175,1.185,1.16,1.165,8910642
RSH,20190315,0.079,0.079,0.079,0.079,3558
RSM,20190315,21.05,21.05,21.01,21.01,4058
RTG,20190315,0.11,0.11,0.11,0.11,41779
RTR,20190315,0.053,0.054,0.053,0.054,117245
RUL,20190315,0.555,0.57,0.55,0.55,675276
RVR,20190315,0.165,0.17,0.155,0.17,681054
RVS,20190315,1.7,1.71,1.7,1.71,184014
RWC,20190315,4.64,4.695,4.59,4.6,10554473
RXL,20190315,0.009,0.01,0.009,0.01,51000
RXM,20190315,0.077,0.077,0.075,0.077,52334
RXP,20190315,0.49,0.495,0.485,0.49,165249
RYD,20190315,1.3,1.3,1.3,1.3,1026
RZI,20190315,0.64,0.65,0.63,0.65,112081
S32,20190315,3.8,3.88,3.795,3.81,26240991
SAR,20190315,2.78,2.805,2.74,2.79,15634853
SAS,20190315,0.028,0.029,0.028,0.028,1421873
SAU,20190315,0.165,0.175,0.16,0.16,29975
SBB,20190315,0.012,0.012,0.011,0.012,60001
SBM,20190315,4.45,4.525,4.41,4.5,9215988
SBW,20190315,0.255,0.255,0.23,0.23,705
SCG,20190315,4.02,4.04,4,4,30394859
SCL,20190315,0.011,0.011,0.011,0.011,432812
SCN,20190315,0.015,0.015,0.015,0.015,141041
SCP,20190315,2.58,2.62,2.56,2.6,23688002
SCU,20190315,0.02,0.021,0.02,0.021,41218
SDA,20190315,3.53,3.59,3.5,3.56,1150969
SDF,20190315,3.18,3.195,3.15,3.16,1627937
SDG,20190315,1.49,1.5,1.49,1.5,887
SDI,20190315,0.82,0.825,0.805,0.82,57642
SE1,20190315,0.13,0.13,0.13,0.13,220000
SEA,20190315,0.35,0.355,0.35,0.35,3256273
SEC,20190315,1.76,1.76,1.74,1.74,68557
SEI,20190315,0.03,0.036,0.03,0.034,6072431
SEK,20190315,18.23,18.54,18.14,18.54,1997120
SEN,20190315,0.068,0.068,0.067,0.067,245523
SEQ,20190315,0.25,0.25,0.25,0.25,80000
SER,20190315,0.006,0.006,0.006,0.006,815112
SFC,20190315,13.35,13.36,13.15,13.34,4982
SFG,20190315,0.11,0.11,0.105,0.105,618089
SFM,20190315,0.08,0.08,0.08,0.08,114922
SFR,20190315,6.76,6.77,6.6,6.6,735040
SFX,20190315,0.595,0.6,0.58,0.585,121095
SFY,20190315,57.43,57.45,57.31,57.43,3008
SGC,20190315,0.025,0.025,0.025,0.025,78750
SGF,20190315,2.52,2.52,2.48,2.5,279888
SGH,20190315,2.1,2.15,2.1,2.15,973
SGI,20190315,0.125,0.125,0.125,0.125,100000
SGM,20190315,10.75,10.78,10.59,10.7,1002085
SGP,20190315,3.76,3.82,3.755,3.81,19787074
SGQ,20190315,0.16,0.165,0.16,0.165,62012
SGR,20190315,4.27,4.325,4.24,4.3,3361565
SHJ,20190315,0.69,0.69,0.69,0.69,10000
SHL,20190315,24.44,24.595,24.35,24.52,1522766
SHM,20190315,0.685,0.73,0.68,0.685,277255
SHO,20190315,0.07,0.073,0.07,0.073,38900
SHV,20190315,5.81,5.87,5.76,5.87,51936
SIG,20190315,0.53,0.54,0.52,0.525,4782749
SIH,20190315,0.014,0.014,0.014,0.014,48770
SIL,20190315,0.165,0.165,0.155,0.165,211750
SIQ,20190315,8.5,8.76,8.47,8.7,494249
SIS,20190315,0.081,0.081,0.08,0.08,110722
SIV,20190315,1.385,1.39,1.335,1.34,29005
SKC,20190315,3.73,3.75,3.7,3.73,285827
SKF,20190315,0.175,0.175,0.175,0.175,90000
SKI,20190315,2.25,2.28,2.24,2.24,5372143
SKO,20190315,3.17,3.24,3.17,3.2,2855
SKT,20190315,1.37,1.4,1.32,1.35,422091
SL1,20190315,0.016,0.02,0.016,0.019,1297188
SLC,20190315,1.445,1.475,1.425,1.455,709434
SLF,20190315,13.95,13.97,13.88,13.95,42527
SLK,20190315,3.91,4,3.9,4,84863
SLM,20190315,0.55,0.55,0.55,0.55,150565
SLR,20190315,0.725,0.745,0.715,0.73,11602324
SLX,20190315,0.27,0.275,0.27,0.27,95063
SLZ,20190315,0.06,0.06,0.06,0.06,18307
SM1,20190315,10.45,10.8,10.43,10.79,187219
SM8,20190315,0.024,0.024,0.024,0.024,736651
SMI,20190315,0.004,0.005,0.004,0.005,200400
SMN,20190315,0.92,0.93,0.89,0.89,32403
SMP,20190315,0.19,0.19,0.19,0.19,46766
SMR,20190315,1.27,1.27,1.247,1.255,98634
SMX,20190315,0.61,0.625,0.565,0.59,534305
SNC,20190315,0.885,0.885,0.885,0.885,757
SNL,20190315,3.8,3.8,3.8,3.8,410
SNS,20190315,0.11,0.11,0.105,0.105,52898
SNZ,20190315,6.44,6.44,6.44,6.44,265
SO4,20190315,0.56,0.575,0.555,0.575,78416
SOL,20190315,29.68,29.94,28.98,28.98,2901529
SOM,20190315,1.78,1.8,1.78,1.8,12122
SOR,20190315,0.036,0.036,0.035,0.036,214345
SP3,20190315,0.135,0.135,0.135,0.135,10000
SPB,20190315,0.005,0.005,0.005,0.005,642
SPK,20190315,3.5,3.54,3.48,3.5,1169201
SPL,20190315,1.015,1.04,1,1.04,285853
SPO,20190315,1.56,1.58,1.56,1.58,7720
SPQ,20190315,0.006,0.006,0.006,0.006,25000
SPT,20190315,1.645,1.71,1.525,1.6,18083035
SPX,20190315,0.011,0.011,0.01,0.011,13351212
SPY,20190315,397.72,397.73,397.28,397.33,6385
SPZ,20190315,0.12,0.125,0.12,0.12,991689
SRG,20190315,0.35,0.36,0.345,0.35,1083767
SRH,20190315,0.365,0.365,0.34,0.34,985
SRI,20190315,0.008,0.008,0.008,0.008,1093907
SRK,20190315,0.099,0.1,0.08,0.08,2085672
SRN,20190315,0.004,0.004,0.004,0.004,2114262
SRO,20190315,0.002,0.002,0.001,0.001,1910000
SRS,20190315,0.067,0.068,0.067,0.068,1159727
SRV,20190315,2.9,2.95,2.81,2.81,641510
SSG,20190315,0.385,0.385,0.385,0.385,62179
SSM,20190315,2.3,2.35,2.23,2.23,6548471
SSO,20190315,14.91,14.91,14.91,14.91,30
ST1,20190315,0.12,0.12,0.12,0.12,54950
STA,20190315,0.092,0.092,0.092,0.092,20000
STG,20190315,1.39,1.39,1.35,1.36,18869
STM,20190315,0.04,0.04,0.038,0.038,4669704
STN,20190315,0.17,0.17,0.165,0.165,18088
STO,20190315,7.03,7.1,6.98,7.05,10204235
STW,20190315,58.47,58.47,58.16,58.25,35118
STX,20190315,0.069,0.07,0.069,0.07,2056371
SUD,20190315,0.004,0.005,0.004,0.005,969999
SUH,20190315,0.039,0.039,0.039,0.039,37037
SUL,20190315,7.77,7.83,7.705,7.81,6054458
SUN,20190315,13.59,13.64,13.52,13.52,7976494
SUP,20190315,0.026,0.027,0.026,0.027,653847
SVL,20190315,0.058,0.058,0.057,0.058,667258
SVM,20190315,0.082,0.082,0.082,0.082,36000
SVT,20190315,0.02,0.02,0.017,0.019,2335414
SVW,20190315,18.3,18.44,18.19,18.38,984590
SVY,20190315,0.315,0.315,0.29,0.315,75203
SW1,20190315,0.24,0.24,0.24,0.24,29636
SWF,20190315,0.071,0.071,0.071,0.071,35000
SWK,20190315,0.185,0.195,0.185,0.19,1886931
SWM,20190315,0.51,0.52,0.5,0.5,8687582
SXE,20190315,0.535,0.54,0.535,0.54,666313
SXL,20190315,1.19,1.195,1.165,1.175,3499700
SXY,20190315,0.36,0.365,0.355,0.365,3414148
SYA,20190315,0.016,0.017,0.014,0.015,9233992
SYD,20190315,7.39,7.46,7.36,7.43,9965269
SYI,20190315,28.49,28.5,28.39,28.5,5882
SYR,20190315,1.145,1.16,1.055,1.08,7849204
SYT,20190315,0.01,0.01,0.009,0.01,4142258
TAH,20190315,4.67,4.7,4.64,4.67,12951534
TAM,20190315,0.044,0.046,0.043,0.043,1019359
TAO,20190315,0.084,0.084,0.083,0.084,180811
TAP,20190315,0.096,0.096,0.094,0.094,41395
TAS,20190315,0.043,0.043,0.041,0.042,117248
TAU,20190315,0.19,0.2,0.19,0.2,926000
TBH,20190315,0.035,0.039,0.035,0.039,250000
TBR,20190315,4.22,4.44,4.22,4.44,14822
TCL,20190315,12.56,12.66,12.53,12.65,9308356
TDL,20190315,0.042,0.042,0.039,0.039,122368
TDO,20190315,0.12,0.12,0.115,0.115,6575
TEG,20190315,0.105,0.105,0.105,0.105,344033
TEK,20190315,0.225,0.23,0.225,0.225,371543
TER,20190315,0.65,0.675,0.65,0.665,323067
TFL,20190315,0.14,0.14,0.14,0.14,724
TGA,20190315,0.44,0.445,0.44,0.445,711551
TGF,20190315,2.29,2.33,2.29,2.3,111330
TGG,20190315,1.265,1.27,1.26,1.27,20020
TGM,20190315,0.11,0.115,0.105,0.11,607677
TGN,20190315,0.355,0.355,0.33,0.33,63990
TGO,20190315,0.485,0.485,0.48,0.48,60186
TGP,20190315,1.04,1.04,1.035,1.035,20017
TGR,20190315,4.98,5,4.9,4.99,708276
THC,20190315,0.56,0.56,0.54,0.54,128846
THR,20190315,0.019,0.019,0.019,0.019,50473
TIA,20190315,0.55,0.55,0.55,0.55,900
TIE,20190315,0.13,0.145,0.125,0.125,416535
TIG,20190315,0.038,0.04,0.038,0.04,483269
TKM,20190315,0.006,0.006,0.006,0.006,185000
TLG,20190315,0.575,0.59,0.55,0.55,438368
TLM,20190315,0.08,0.082,0.078,0.08,364784
TLS,20190315,3.26,3.29,3.25,3.26,61221210
TLX,20190315,0.675,0.685,0.665,0.685,27414
TME,20190315,6.2,6.2,6.15,6.17,1327504
TML,20190315,0.038,0.038,0.038,0.038,15000
TMR,20190315,0.24,0.25,0.24,0.25,1763
TMT,20190315,0.23,0.23,0.22,0.22,136456
TMZ,20190315,0.04,0.04,0.04,0.04,25000
TNE,20190315,7.83,7.87,7.79,7.8,661214
TNG,20190315,0.095,0.099,0.095,0.095,395375
TNK,20190315,1.78,1.78,1.77,1.77,43334
TNO,20190315,0.1,0.105,0.095,0.105,423566
TNT,20190315,0.06,0.065,0.06,0.065,123000
TNY,20190315,0.33,0.35,0.33,0.35,5980
TOE,20190315,0.026,0.026,0.026,0.026,516750
TOM,20190315,0.006,0.006,0.006,0.006,3846
TON,20190315,0.044,0.045,0.044,0.045,2017090
TOP,20190315,0.625,0.63,0.625,0.63,57774
TOT,20190315,1.195,1.195,1.19,1.195,133554
TPD,20190315,0.003,0.003,0.003,0.003,80000
TPE,20190315,1.005,1.005,1.005,1.005,1000
TPM,20190315,6.85,6.89,6.79,6.84,2049360
TPP,20190315,0.092,0.092,0.092,0.092,3000
TRL,20190315,0.003,0.003,0.003,0.003,6601160
TRS,20190315,2.64,2.75,2.63,2.75,284064
TRY,20190315,0.1,0.105,0.1,0.1,830949
TSC,20190315,0.004,0.004,0.004,0.004,80000
TSL,20190315,0.021,0.022,0.02,0.02,1193451
TSN,20190315,0.007,0.007,0.007,0.007,322708
TTI,20190315,0.024,0.024,0.024,0.024,88296
TTL,20190315,0.013,0.013,0.013,0.013,1003462
TTM,20190315,0.024,0.024,0.023,0.023,552100
TTT,20190315,2.11,2.12,2.01,2.09,68789
TV2,20190315,0.008,0.009,0.008,0.008,12957977
TWD,20190315,3.48,3.52,3.48,3.52,7665
TWE,20190315,15.55,16.01,15.54,15.8,4236121
TWR,20190315,0.65,0.66,0.65,0.66,3705
TYM,20190315,0.275,0.285,0.275,0.28,109791
TZL,20190315,0.25,0.25,0.24,0.25,25721
TZN,20190315,0.09,0.095,0.089,0.095,283900
UBE,20190315,22.09,22.1,22.09,22.1,1790
UBI,20190315,0.205,0.205,0.2,0.205,202293
UBP,20190315,26,26,26,26,31
UBW,20190315,26.73,26.73,26.73,26.73,269
UCM,20190315,0.15,0.15,0.15,0.15,82798
UCW,20190315,0.135,0.135,0.13,0.135,8733
UNL,20190315,0.012,0.012,0.012,0.012,89611
UNV,20190315,0.335,0.335,0.335,0.335,74210
URB,20190315,0.995,1.01,0.985,1,90000
URF,20190315,1.06,1.07,1.06,1.07,212015
URW,20190315,11.82,11.86,11.67,11.67,5441276
USD,20190315,13.86,13.88,13.84,13.84,63913
UTR,20190315,0.007,0.007,0.006,0.007,1708011
UUV,20190315,0.032,0.032,0.029,0.029,5625
UWL,20190315,0.25,0.275,0.245,0.262,2744121
VAE,20190315,65.65,66.2,65.57,66.2,21257
VAF,20190315,50.47,50.47,50.36,50.42,37874
VAH,20190315,0.195,0.197,0.195,0.195,314486
VAL,20190315,0.002,0.002,0.001,0.002,9142229
VAN,20190315,0.145,0.145,0.135,0.145,17466
VAP,20190315,87.73,88.1,87.6,87.98,11892
VAS,20190315,79.48,79.48,79.05,79.2,45096
VCF,20190315,47.88,47.89,47.73,47.89,5155
VCX,20190315,2.54,2.56,2.51,2.52,35736229
VEA,20190315,2.57,2.58,2.53,2.56,9358438
VEC,20190315,0.014,0.014,0.013,0.014,1926141
VEN,20190315,0.165,0.17,0.16,0.165,111059
VEQ,20190315,55,55.14,54.88,54.97,1572
VEU,20190315,70.76,70.99,70.67,70.99,21024
VG1,20190315,2.42,2.43,2.41,2.42,77971
VGB,20190315,51.05,51.06,51,51.06,11304
VGE,20190315,66.45,67.07,66.45,66.75,7146
VGL,20190315,4.76,4.76,4.75,4.75,4015
VGS,20190315,72.21,72.22,72.12,72.22,30824
VHT,20190315,1.25,1.255,1.22,1.22,349600
VHY,20190315,58.07,58.12,57.85,57.99,14597
VIC,20190315,0.003,0.003,0.003,0.003,8282616
VIF,20190315,48.6,48.6,48.46,48.55,18936
VIV,20190315,0.024,0.024,0.023,0.023,191181
VKA,20190315,0.01,0.01,0.01,0.01,8182
VLT,20190315,0.155,0.155,0.155,0.155,25422
VLW,20190315,2.17,2.29,2.1,2.27,3384421
VMC,20190315,0.14,0.14,0.14,0.14,1425
VMG,20190315,0.002,0.002,0.002,0.002,1750000
VML,20190315,0.008,0.008,0.008,0.008,1150000
VMS,20190315,0.023,0.025,0.023,0.025,323244
VMT,20190315,0.066,0.07,0.066,0.07,30500
VMY,20190315,0.061,0.063,0.06,0.063,572309
VN8,20190315,0.1,0.1,0.1,0.1,50000
VOC,20190315,3.61,3.68,3.61,3.64,1841636
VRC,20190315,0.022,0.023,0.022,0.023,464058
VRL,20190315,3.21,3.27,3.21,3.26,511836
VRM,20190315,0.03,0.03,0.03,0.03,6431633
VRS,20190315,0.079,0.08,0.077,0.08,176624
VRT,20190315,4,4.08,3.99,4,205417
VRX,20190315,0.087,0.087,0.079,0.08,707537
VSO,20190315,56.98,57,56.9,56.9,9803
VTG,20190315,1.44,1.52,1.43,1.515,467466
VTH,20190315,0.91,0.91,0.9,0.91,111326
VTI,20190315,0.093,0.093,0.09,0.09,319139
VTS,20190315,204.62,204.63,204.02,204.23,10216
VVR,20190315,2.5,2.52,2.48,2.49,2220428
WAA,20190315,1.045,1.05,1.02,1.02,191172
WAF,20190315,0.27,0.275,0.27,0.275,4245852
WAM,20190315,2.25,2.26,2.24,2.26,510519
WAX,20190315,1.43,1.445,1.425,1.43,159230
WBA,20190315,1.48,1.495,1.435,1.435,2956395
WBC,20190315,26.76,26.76,26.47,26.48,9750076
WBE,20190315,0.005,0.005,0.004,0.004,2212000
WBT,20190315,0.395,0.4,0.385,0.385,288598
WCN,20190315,0.005,0.005,0.005,0.005,15890
WEB,20190315,15.1,15.1,14.85,14.88,367516
WEC,20190315,0.081,0.082,0.08,0.08,164000
WEL,20190315,0.02,0.02,0.02,0.02,4090
WES,20190315,34.8,34.8,34.34,34.56,5066008
WGB,20190315,1.935,1.98,1.92,1.97,589909
WGF,20190315,0.97,0.97,0.97,0.97,235681
WGN,20190315,3.08,3.19,3.08,3.19,95521
WGX,20190315,1.13,1.13,1.045,1.09,9557249
WHA,20190315,0.86,0.875,0.83,0.86,307458
WHC,20190315,4.42,4.425,4.36,4.36,2984341
WHF,20190315,4.46,4.47,4.45,4.46,25497
WHK,20190315,0.066,0.068,0.066,0.068,73295
WIC,20190315,1.03,1.03,1.025,1.025,63562
WKT,20190315,0.135,0.14,0.135,0.135,318662
WLD,20190315,0.052,0.052,0.052,0.052,63750
WLE,20190315,1.13,1.135,1.13,1.13,644737
WLL,20190315,5.1,5.2,5.1,5.18,12665
WMI,20190315,1.225,1.25,1.225,1.25,200942
WMK,20190315,0.835,0.84,0.835,0.84,481212
WML,20190315,0.041,0.041,0.035,0.035,372500
WNB,20190315,0.029,0.029,0.029,0.029,85000
WND,20190315,1.1,1.12,1.1,1.12,22118
WNR,20190315,0.24,0.24,0.23,0.23,43068
WOR,20190315,14.77,14.79,14.38,14.59,2173412
WOW,20190315,30.33,30.36,30.09,30.23,4092904
WPL,20190315,35.3,35.43,35,35.29,3505925
WPP,20190315,0.655,0.655,0.64,0.65,219860
WQG,20190315,1.09,1.1,1.09,1.095,140513
WRM,20190315,0.006,0.006,0.006,0.006,388000
WSA,20190315,2.3,2.35,2.29,2.31,1408545
WSI,20190315,0.023,0.024,0.021,0.024,395746
WTC,20190315,22.48,23.07,22.38,22.49,1775647
WWG,20190315,0.365,0.38,0.365,0.37,38903
WWI,20190315,0.009,0.009,0.009,0.009,2311798
WZR,20190315,0.073,0.074,0.07,0.07,2837805
XF1,20190315,0.53,0.54,0.53,0.535,44911
XIP,20190315,1.835,1.845,1.83,1.84,264112
XPD,20190315,0.019,0.019,0.017,0.017,1066999
XPE,20190315,0.002,0.002,0.002,0.002,88143
XRF,20190315,0.15,0.15,0.145,0.15,325233
XRO,20190315,49,49.95,48.9,49.58,434022
XTD,20190315,0.023,0.023,0.022,0.022,361460
XTE,20190315,0.47,0.48,0.43,0.48,449710
YAL,20190315,3.86,3.87,3.72,3.72,3659
YBR,20190315,0.069,0.072,0.069,0.07,163484
YOJ,20190315,0.076,0.085,0.076,0.08,2433879
YOW,20190315,0.085,0.085,0.084,0.085,488559
YPB,20190315,0.008,0.008,0.007,0.008,785312
YRL,20190315,0.22,0.22,0.205,0.205,40837
Z1P,20190315,1.665,1.71,1.642,1.66,1206296
ZEL,20190315,6.08,6.08,6.03,6.05,23983
ZEN,20190315,0.67,0.675,0.65,0.65,344350
ZER,20190315,0.33,0.33,0.33,0.33,10155
ZIM,20190315,7.07,7.3,7.07,7.07,1268
ZLD,20190315,0.055,0.055,0.054,0.055,313970
ZMI,20190315,0.004,0.005,0.004,0.005,2308267
ZNO,20190315,0.087,0.12,0.087,0.12,263805
XAF,20190315,6031.2,6047.9,6017.9,6026.3,0
XAO,20190315,6266.8,6285.4,6262.8,6265.1,0
XAT,20190315,6124.8,6142.8,6116.8,6121.3,0
XDJ,20190315,2301.9,2313.7,2300.5,2309.2,0
XEC,20190315,1316.7,1322.9,1315,1318.6,0
XEJ,20190315,11301.3,11429.2,11301.3,11370.3,0
XFJ,20190315,5921.6,5934.4,5891.7,5907.8,0
XFL,20190315,6078.5,6095.1,6064.7,6073.3,0
XGD,20190315,5936.9,5936.9,5787.2,5814.9,0
XHJ,20190315,30544.8,30747,30466.8,30490.3,0
XIJ,20190315,1293.5,1307.1,1293.5,1298.9,0
XJO,20190315,6179.6,6197.4,6171.2,6175.2,0
XJR,20190315,4687.1,4687.1,4649.9,4650.1,0
XKO,20190315,6128.7,6146.4,6121.3,6125.1,0
XMD,20190315,6651.5,6693.2,6651.5,6661,0
XMJ,20190315,12855.1,12855.1,12722.7,12722.7,0
XMM,20190315,4231.6,4231.6,4176.3,4176.3,0
XNJ,20190315,6204.8,6267.7,6204.8,6250.9,0
XPJ,20190315,1534,1553.5,1533.9,1544,0
XSJ,20190315,10710.9,10773.7,10681,10744.7,0
XSO,20190315,2788.4,2797.4,2784.1,2785.5,0
XTJ,20190315,1164,1175.1,1163.1,1166.6,0
XTL,20190315,3441.2,3448.4,3426,3430.4,0
XTO,20190315,5082.6,5097.3,5075.1,5079.9,0
XUJ,20190315,8092.8,8184.2,8066.6,8142.7,0
XXJ,20190315,6604.5,6618.9,6571.2,6589.2,0
