360,20190916,3.38,3.4,3.38,3.4,30543
14D,20190916,0.215,0.215,0.205,0.21,48469
1AD,20190916,0.145,0.18,0.125,0.13,1475995
1ST,20190916,0.061,0.063,0.061,0.062,274081
2BE,20190916,0.3,0.3,0.3,0.3,1833
3DP,20190916,0.044,0.046,0.043,0.046,149118
4CE,20190916,0.02,0.02,0.019,0.02,4225721
4DS,20190916,0.065,0.065,0.06,0.061,2009803
5GN,20190916,0.845,0.845,0.81,0.82,422582
88E,20190916,0.014,0.014,0.013,0.013,6407858
8CO,20190916,0.1,0.1,0.1,0.1,50000
9SP,20190916,0.018,0.018,0.017,0.017,3288586
A1G,20190916,0.19,0.19,0.19,0.19,3000
A1M,20190916,0.4,0.4,0.4,0.4,3500
A2B,20190916,1.57,1.575,1.555,1.565,496404
A2M,20190916,14,14.04,13.31,13.6,7492204
A3D,20190916,0.26,0.26,0.24,0.24,143455
A4N,20190916,0.185,0.195,0.175,0.185,2336662
AAA,20190916,50.1,50.11,50.1,50.1,167857
AAC,20190916,1.03,1.03,1.005,1.01,628462
AAJ,20190916,0.005,0.005,0.005,0.005,2091413
AAR,20190916,0.065,0.066,0.065,0.066,286797
AAU,20190916,0.009,0.009,0.009,0.009,1262948
ABA,20190916,5.51,5.58,5.51,5.56,21778
ABC,20190916,3.21,3.255,3.17,3.18,2009643
ABL,20190916,0.004,0.004,0.004,0.004,78605
ABP,20190916,3.87,3.915,3.83,3.91,1595729
ABR,20190916,0.36,0.375,0.35,0.35,204358
ABV,20190916,0.024,0.024,0.024,0.024,350000
ABX,20190916,0.11,0.11,0.11,0.11,13000
AC8,20190916,0.37,0.372,0.365,0.365,243858
ACB,20190916,0.035,0.035,0.035,0.035,10356
ACF,20190916,0.26,0.26,0.255,0.255,616685
ACQ,20190916,1.055,1.055,1.05,1.05,22500
ACR,20190916,0.19,0.19,0.185,0.185,200272
ACW,20190916,0.008,0.008,0.007,0.008,4593288
AD8,20190916,7.54,7.55,7.06,7.15,2126431
ADA,20190916,0.485,0.49,0.48,0.49,60374
ADH,20190916,1.73,1.735,1.67,1.715,1883410
ADI,20190916,2.9,2.92,2.89,2.9,105137
ADJ,20190916,0.027,0.027,0.026,0.027,895897
ADN,20190916,0.048,0.061,0.048,0.06,24244419
ADO,20190916,0.013,0.013,0.013,0.013,100000
ADR,20190916,0.026,0.026,0.026,0.026,201217
ADT,20190916,1,1,0.965,0.965,118225
ADV,20190916,0.004,0.004,0.004,0.004,516000
ADX,20190916,0.012,0.012,0.012,0.012,4865634
AEE,20190916,0.008,0.008,0.007,0.007,1220000
AEF,20190916,2.2,2.28,2.2,2.28,47430
AEG,20190916,0.97,0.97,0.965,0.965,134394
AFG,20190916,2.18,2.21,2.18,2.21,352271
AFI,20190916,6.29,6.33,6.29,6.33,382491
AGG,20190916,5.76,5.83,5.55,5.77,35130
AGH,20190916,0.855,0.855,0.77,0.77,1734019
AGI,20190916,0.76,0.765,0.752,0.765,90044
AGL,20190916,18.99,19,18.76,18.87,2208897
AGM,20190916,1.97,1.97,1.95,1.95,15607
AGR,20190916,0.165,0.165,0.16,0.16,100058
AGS,20190916,0.14,0.14,0.14,0.14,288300
AGY,20190916,0.08,0.081,0.08,0.08,999404
AHF,20190916,0.12,0.125,0.12,0.12,1041018
AHG,20190916,3.49,3.57,3.37,3.37,2038536
AHK,20190916,0.031,0.031,0.031,0.031,8740
AHL,20190916,0.01,0.01,0.01,0.01,800000
AHQ,20190916,0.157,0.165,0.157,0.165,627225
AHX,20190916,0.535,0.54,0.535,0.54,21944
AHY,20190916,0.93,0.99,0.93,0.955,378736
AIA,20190916,8.53,8.53,8.41,8.44,154733
AIQ,20190916,0.095,0.095,0.095,0.095,20000
AIR,20190916,0.685,0.685,0.68,0.68,2663
AIS,20190916,0.062,0.064,0.061,0.064,212579
AIY,20190916,0.027,0.028,0.027,0.027,560991
AIZ,20190916,2.51,2.51,2.45,2.46,313146
AJL,20190916,0.13,0.13,0.127,0.13,111682
AJM,20190916,0.08,0.086,0.078,0.082,7765798
AJQ,20190916,0.064,0.066,0.063,0.066,574167
AJX,20190916,0.135,0.135,0.13,0.13,374624
AKG,20190916,0.6,0.62,0.59,0.61,173353
AKM,20190916,0.013,0.015,0.013,0.015,3207750
AKN,20190916,0.003,0.003,0.003,0.003,336000
AKP,20190916,17.77,18.69,17.49,18.4,16407
AL8,20190916,0.046,0.047,0.046,0.046,87492
ALC,20190916,0.215,0.215,0.205,0.205,2463983
ALF,20190916,0.945,0.955,0.935,0.935,550694
ALG,20190916,1.05,1.08,1.04,1.065,1211024
ALI,20190916,2.33,2.33,2.31,2.31,197045
ALK,20190916,0.595,0.655,0.595,0.65,5547454
ALL,20190916,30.01,30.78,29.74,30.55,1880993
ALQ,20190916,8.07,8.29,7.99,8.27,1473771
ALU,20190916,34.5,35.21,33.98,34.13,815627
ALX,20190916,7.57,7.69,7.52,7.64,2741190
ALY,20190916,0.013,0.013,0.012,0.012,1250000
AMA,20190916,1.3,1.36,1.25,1.315,2898019
AMC,20190916,14.67,14.745,14.485,14.63,3649899
AMD,20190916,0.011,0.011,0.011,0.011,2703110
AME,20190916,0.042,0.043,0.04,0.041,264216
AMG,20190916,0.105,0.105,0.1,0.1,921324
AMH,20190916,0.89,0.89,0.88,0.88,33049
AMI,20190916,0.52,0.52,0.495,0.5,2204083
AML,20190916,0.145,0.145,0.13,0.145,185705
AMP,20190916,1.83,1.855,1.825,1.83,10280265
AMS,20190916,1.415,1.46,1.4,1.44,606753
ANG,20190916,0.195,0.195,0.195,0.195,16544
ANL,20190916,0.003,0.003,0.003,0.003,6963558
ANN,20190916,27.53,27.79,27.47,27.75,489644
ANO,20190916,4.74,4.99,4.74,4.8,31077
ANP,20190916,0.047,0.047,0.047,0.047,187774
ANR,20190916,0.22,0.22,0.22,0.22,3500
ANW,20190916,0.007,0.007,0.007,0.007,4210000
ANZ,20190916,27.72,27.76,27.5,27.6,5072439
AOF,20190916,3.01,3.02,3.01,3.02,364528
AOG,20190916,2.12,2.13,2.12,2.12,2597562
AON,20190916,0.029,0.029,0.026,0.029,728500
AOP,20190916,0.265,0.265,0.25,0.25,32355
AOU,20190916,0.095,0.095,0.09,0.09,66257
APA,20190916,11.03,11.17,11.02,11.1,2095909
APC,20190916,0.125,0.125,0.117,0.12,1104230
APD,20190916,0.525,0.53,0.525,0.53,8012
APE,20190916,13.34,13.9,13.02,13.9,2657164
APG,20190916,0.002,0.002,0.002,0.002,2000499
API,20190916,1.35,1.38,1.34,1.365,1610245
APL,20190916,0.95,0.955,0.935,0.94,993946
APT,20190916,31.6,32.66,31.6,32,2610419
APV,20190916,0.19,0.21,0.19,0.2,757814
APX,20190916,21.56,21.75,20.85,21,2162553
AQC,20190916,0.235,0.235,0.23,0.23,29000
AQD,20190916,0.015,0.015,0.015,0.015,120000
AQG,20190916,5.65,5.83,5.55,5.74,230282
AQI,20190916,0.069,0.069,0.066,0.066,114833
AQR,20190916,3.39,3.39,3.34,3.38,69375
AQX,20190916,0.02,0.022,0.02,0.021,5920681
AQZ,20190916,2.46,2.46,2.31,2.42,227511
AR9,20190916,0.13,0.14,0.13,0.14,55000
ARA,20190916,0.615,0.615,0.615,0.615,7000
ARB,20190916,19.07,19.69,18.99,19.63,258930
ARD,20190916,0.022,0.022,0.02,0.021,2972322
ARE,20190916,0.005,0.006,0.005,0.006,3474631
ARF,20190916,2.8,2.84,2.8,2.8,162900
ARG,20190916,8.12,8.13,8.1,8.1,148124
ARL,20190916,0.615,0.625,0.6,0.6,65822
ARN,20190916,0.175,0.19,0.175,0.19,116799
ARQ,20190916,0.54,0.56,0.54,0.545,90836
ARS,20190916,0.022,0.024,0.022,0.024,515829
ARU,20190916,0.078,0.085,0.078,0.084,6387842
ARV,20190916,0.032,0.035,0.032,0.033,3174409
AS1,20190916,0.215,0.22,0.215,0.215,110000
ASB,20190916,4.22,4.26,4.13,4.16,1949938
ASG,20190916,1.605,1.68,1.605,1.68,3500
ASH,20190916,0.36,0.38,0.36,0.375,453785
ASL,20190916,2.32,2.36,2.26,2.3,8133287
ASN,20190916,0.04,0.04,0.036,0.04,574025
AST,20190916,1.765,1.765,1.74,1.755,5374493
ASW,20190916,0.655,0.655,0.65,0.65,7000
ASX,20190916,79.41,80.5,79.41,79.97,690523
ATC,20190916,0.125,0.13,0.125,0.13,724858
ATL,20190916,0.4,0.41,0.4,0.41,75350
ATP,20190916,0.008,0.008,0.008,0.008,644466
ATS,20190916,0.21,0.22,0.21,0.215,951157
ATU,20190916,0.385,0.385,0.375,0.375,644814
AU8,20190916,0.15,0.155,0.14,0.145,1509861
AUB,20190916,11.28,11.38,11.07,11.12,69870
AUC,20190916,0.02,0.021,0.02,0.02,811002
AUI,20190916,9.24,9.25,9.24,9.25,1483
AUL,20190916,0.004,0.004,0.004,0.004,125000
AUP,20190916,2.1,2.1,2.1,2.1,600
AUQ,20190916,0.018,0.018,0.018,0.018,54783
AUR,20190916,0.013,0.014,0.013,0.013,420000
AUZ,20190916,0.029,0.029,0.028,0.028,5954561
AV1,20190916,0.12,0.12,0.11,0.11,138193
AVA,20190916,0.135,0.135,0.135,0.135,59494
AVC,20190916,0.235,0.24,0.235,0.24,23228
AVE,20190916,0.006,0.006,0.006,0.006,500000
AVG,20190916,0.485,0.485,0.48,0.48,57242
AVH,20190916,0.52,0.54,0.51,0.515,7990396
AVJ,20190916,0.54,0.54,0.54,0.54,32000
AVL,20190916,0.014,0.014,0.013,0.013,2330471
AVN,20190916,2.72,2.73,2.69,2.69,398776
AVZ,20190916,0.053,0.054,0.05,0.051,5578272
AWC,20190916,2.38,2.46,2.37,2.46,14857975
AWY,20190916,0.031,0.035,0.03,0.035,154360
AX1,20190916,1.69,1.69,1.655,1.675,429345
AXE,20190916,0.135,0.135,0.125,0.125,340438
AXI,20190916,0.041,0.041,0.041,0.041,24609
AYF,20190916,6.07,6.07,6.07,6.07,1811
AYR,20190916,0.003,0.003,0.002,0.002,3125000
AYS,20190916,0.41,0.41,0.38,0.39,516256
AZJ,20190916,5.79,5.81,5.74,5.81,6425224
AZM,20190916,0.015,0.015,0.015,0.015,1404150
AZS,20190916,0.19,0.195,0.19,0.195,36983
AZY,20190916,0.016,0.016,0.015,0.015,5727769
B2Y,20190916,0.083,0.084,0.082,0.082,34754
BAF,20190916,0.785,0.785,0.775,0.78,116744
BAL,20190916,12.4,12.98,12.31,12.89,26808739
BAP,20190916,6.97,7.14,6.92,7.13,1910559
BAR,20190916,0.02,0.02,0.02,0.02,109166
BAS,20190916,0.002,0.002,0.002,0.002,23523328
BAU,20190916,0.04,0.04,0.036,0.036,13466
BBC,20190916,0.67,0.67,0.67,0.67,12487
BBN,20190916,3.56,3.62,3.51,3.55,1472956
BBX,20190916,0.17,0.2,0.17,0.2,151864
BC8,20190916,0.465,0.48,0.465,0.48,97914
BCB,20190916,0.078,0.088,0.078,0.083,2701036
BCC,20190916,0.2,0.2,0.2,0.2,75902
BCI,20190916,0.187,0.19,0.185,0.19,362590
BCN,20190916,0.048,0.048,0.046,0.048,2272621
BCT,20190916,0.165,0.175,0.16,0.16,1049278
BD1,20190916,0.035,0.04,0.035,0.039,22057945
BDA,20190916,0.48,0.48,0.475,0.48,48753
BDC,20190916,0.115,0.12,0.115,0.115,2021365
BEE,20190916,0.019,0.02,0.019,0.02,973346
BEM,20190916,0.056,0.056,0.055,0.055,188700
BEN,20190916,11.36,11.39,11.27,11.39,1169587
BET,20190916,0.072,0.072,0.07,0.071,307409
BFC,20190916,0.11,0.12,0.11,0.12,493169
BFG,20190916,0.915,0.955,0.915,0.95,120713
BGA,20190916,4.44,4.47,4.37,4.41,1373258
BGL,20190916,0.63,0.64,0.622,0.63,3252363
BGP,20190916,3.42,3.42,3.42,3.42,500
BGT,20190916,0.175,0.18,0.175,0.175,135839
BHP,20190916,39.3,39.34,38.13,38.3,12921175
BID,20190916,0.635,0.68,0.635,0.65,179922
BIN,20190916,2.16,2.25,2.16,2.21,2310347
BIQ,20190916,0.034,0.034,0.032,0.032,110000
BIS,20190916,1.02,1.02,1.02,1.02,3600
BIT,20190916,0.07,0.071,0.068,0.068,1129131
BKI,20190916,1.63,1.63,1.62,1.63,150634
BKL,20190916,80,84.53,79.19,84,283469
BKT,20190916,0.066,0.068,0.062,0.068,1590628
BKW,20190916,16.79,17.08,16.77,17,258537
BKY,20190916,0.27,0.27,0.26,0.27,121175
BLD,20190916,4.83,4.89,4.8,4.86,6132627
BLG,20190916,0.155,0.155,0.145,0.145,297538
BLK,20190916,0.01,0.011,0.01,0.01,29751766
BLT,20190916,0.049,0.05,0.049,0.05,55420
BLU,20190916,0.042,0.042,0.041,0.041,340230
BLX,20190916,1.12,1.145,1.11,1.11,34973
BLY,20190916,0.006,0.007,0.006,0.007,1101613
BLZ,20190916,0.027,0.027,0.027,0.027,140635
BMG,20190916,0.014,0.014,0.013,0.013,1132911
BMN,20190916,0.038,0.04,0.038,0.04,1058647
BNL,20190916,0.007,0.007,0.006,0.006,8556232
BNO,20190916,0.04,0.041,0.038,0.04,554685
BNR,20190916,0.027,0.027,0.024,0.024,279600
BOC,20190916,0.11,0.13,0.11,0.125,83850
BOE,20190916,0.062,0.063,0.061,0.062,994903
BOL,20190916,0.165,0.165,0.165,0.165,247340
BOQ,20190916,9.8,9.88,9.71,9.88,1805261
BOT,20190916,0.255,0.265,0.245,0.255,3182982
BPH,20190916,0.002,0.002,0.002,0.002,700000
BPL,20190916,0.026,0.026,0.025,0.025,35774
BPT,20190916,2.71,2.79,2.62,2.66,15423960
BRB,20190916,0.305,0.325,0.3,0.315,864244
BRG,20190916,16.42,17.04,16.42,16.93,302530
BRK,20190916,0.011,0.011,0.009,0.009,3595888
BRL,20190916,0.102,0.105,0.099,0.1,1371187
BRN,20190916,0.046,0.046,0.043,0.044,2975881
BRU,20190916,0.27,0.27,0.255,0.27,617018
BRV,20190916,0.019,0.022,0.019,0.021,7741367
BSA,20190916,0.45,0.46,0.45,0.46,260766
BSE,20190916,0.24,0.24,0.23,0.23,171625
BSL,20190916,12.54,12.67,12,12.63,4776421
BSM,20190916,0.008,0.008,0.008,0.008,390000
BSR,20190916,0.014,0.014,0.014,0.014,1230683
BSX,20190916,0.175,0.175,0.17,0.175,273875
BTC,20190916,0.12,0.12,0.12,0.12,73586
BTH,20190916,0.555,0.585,0.55,0.575,1157894
BTI,20190916,0.965,0.965,0.95,0.95,50634
BUB,20190916,1.215,1.225,1.175,1.19,3590609
BUD,20190916,0.025,0.025,0.024,0.024,1032724
BUG,20190916,0.215,0.215,0.215,0.215,7149
BUY,20190916,0.006,0.006,0.005,0.005,1371170
BVS,20190916,4.17,4.335,4.14,4.31,1891168
BWP,20190916,3.87,3.89,3.83,3.86,1084532
BWR,20190916,1.28,1.3,1.28,1.3,55049
BWX,20190916,3.6,3.63,3.38,3.45,625389
BXB,20190916,11.17,11.21,11.125,11.19,5428420
BYE,20190916,0.375,0.38,0.36,0.38,2289038
C6C,20190916,0.855,0.86,0.82,0.82,3810
CAA,20190916,0.115,0.12,0.115,0.115,122306
CAD,20190916,0.001,0.001,0.001,0.001,1000000
CAF,20190916,0.125,0.125,0.125,0.125,60000
CAG,20190916,0.86,0.86,0.86,0.86,226
CAI,20190916,0.028,0.028,0.027,0.027,3690048
CAJ,20190916,0.225,0.225,0.22,0.22,677908
CAM,20190916,0.925,0.93,0.92,0.925,78022
CAN,20190916,1.74,1.74,1.71,1.71,129490
CAR,20190916,15.36,15.76,15.33,15.64,1116091
CAT,20190916,1.34,1.34,1.322,1.325,3508897
CAY,20190916,0.14,0.15,0.135,0.15,614193
CAZ,20190916,0.049,0.05,0.048,0.048,3438852
CBA,20190916,81.61,81.94,81.37,81.69,2995444
CBY,20190916,0.24,0.245,0.24,0.245,10000
CCA,20190916,0.115,0.12,0.115,0.12,82500
CCG,20190916,0.054,0.055,0.054,0.055,106000
CCJ,20190916,0.006,0.006,0.006,0.006,17777
CCL,20190916,11,11.08,10.94,10.99,2127009
CCP,20190916,30.21,30.42,29.39,29.71,285762
CCV,20190916,0.155,0.16,0.15,0.16,247988
CCX,20190916,2.09,2.17,2.04,2.05,71567
CCZ,20190916,0.027,0.028,0.025,0.027,3726961
CD3,20190916,1.57,1.57,1.57,1.57,12738
CDA,20190916,4.81,5,4.81,4.91,327519
CDD,20190916,1.065,1.08,1.05,1.05,80694
CDM,20190916,0.795,0.81,0.79,0.8,501412
CDP,20190916,6.6,6.6,6.58,6.58,25745
CDV,20190916,0.465,0.475,0.455,0.46,973865
CDX,20190916,0.03,0.03,0.029,0.029,163168
CDY,20190916,0.225,0.23,0.225,0.23,53075
CE1,20190916,0.012,0.013,0.011,0.011,9626032
CEL,20190916,0.044,0.046,0.042,0.042,4077078
CEN,20190916,7.88,8.35,7.88,8.35,115
CFO,20190916,0.15,0.15,0.127,0.13,145885
CG1,20190916,0.29,0.3,0.285,0.3,40810
CGB,20190916,0.034,0.034,0.032,0.034,12423311
CGC,20190916,3.62,3.73,3.62,3.7,1847874
CGF,20190916,7.22,7.3,7.12,7.3,2333917
CGL,20190916,3.87,3.87,3.74,3.83,90217
CGN,20190916,0.017,0.017,0.016,0.016,107419
CGR,20190916,0.5,0.515,0.5,0.51,891200
CGS,20190916,0.265,0.28,0.265,0.28,21430
CHC,20190916,10.82,11.06,10.66,11.06,2809892
CHK,20190916,0.012,0.013,0.012,0.013,2570937
CHN,20190916,0.19,0.195,0.19,0.19,345399
CHZ,20190916,0.071,0.071,0.071,0.071,11512
CIA,20190916,2.7,2.71,2.61,2.65,1181221
CIE,20190916,0.82,0.83,0.82,0.83,27400
CII,20190916,1.4,1.445,1.4,1.445,28837
CIM,20190916,31.67,32.13,31.32,32.09,467111
CIN,20190916,31.22,31.22,31.18,31.18,7381
CIO,20190916,0.005,0.005,0.004,0.004,14306125
CIP,20190916,3.38,3.38,3.32,3.33,604915
CIW,20190916,0.53,0.53,0.53,0.53,4000
CKA,20190916,0.049,0.05,0.047,0.05,195778
CKF,20190916,9.25,9.35,8.97,9.32,573297
CL1,20190916,1.45,1.465,1.45,1.45,163209
CL8,20190916,0.008,0.008,0.007,0.007,269558
CLA,20190916,0.017,0.018,0.017,0.017,1001278
CLB,20190916,0.076,0.1,0.066,0.1,3523939
CLF,20190916,1.25,1.25,1.245,1.25,96479
CLH,20190916,1.28,1.29,1.265,1.265,346950
CLI,20190916,0.06,0.061,0.059,0.06,2009206
CLQ,20190916,0.315,0.315,0.305,0.31,637340
CLV,20190916,2.11,2.11,2.05,2.07,269465
CLW,20190916,5.55,5.61,5.55,5.6,1793358
CLX,20190916,0.77,0.77,0.77,0.77,2000
CLZ,20190916,0.004,0.004,0.003,0.003,136923209
CM8,20190916,0.021,0.021,0.019,0.019,1824852
CMA,20190916,3.04,3.08,2.99,3.02,744519
CMD,20190916,0.01,0.01,0.01,0.01,30550
CML,20190916,0.029,0.029,0.028,0.028,175650
CMM,20190916,0.22,0.23,0.22,0.225,2911660
CMP,20190916,0.64,0.64,0.63,0.63,33923
CMW,20190916,1.235,1.25,1.23,1.245,7991319
CNB,20190916,0.125,0.13,0.125,0.13,489306
CNI,20190916,2.2,2.26,2.15,2.15,1629501
CNU,20190916,4.67,4.78,4.65,4.73,541359
CNW,20190916,0.04,0.041,0.04,0.04,1187803
COB,20190916,0.17,0.175,0.17,0.175,67201
COE,20190916,0.64,0.64,0.61,0.61,6661650
COG,20190916,0.092,0.092,0.092,0.092,112500
COH,20190916,207.68,211.29,206.51,207.44,212539
COI,20190916,0.27,0.27,0.265,0.27,396804
COL,20190916,14.55,14.75,14.51,14.75,2724950
CP1,20190916,0.16,0.16,0.16,0.16,31187
CPH,20190916,0.365,0.382,0.365,0.382,94923
CPU,20190916,15.8,15.97,15.79,15.9,1886563
CPV,20190916,0.165,0.17,0.15,0.155,365979
CQE,20190916,3.63,3.68,3.53,3.6,423425
CQR,20190916,4.24,4.29,4.225,4.26,1877664
CR1,20190916,0.225,0.225,0.22,0.22,32867
CRD,20190916,2.19,2.2,2.19,2.19,172276
CRL,20190916,0.025,0.025,0.025,0.025,23859
CRN,20190916,2.56,2.59,2.52,2.53,172621
CRO,20190916,0.009,0.009,0.008,0.009,1682634
CSL,20190916,227.73,231.12,227.34,230.38,970768
CSR,20190916,4.2,4.28,4.2,4.23,2391776
CSS,20190916,0.85,0.865,0.85,0.86,68115
CSV,20190916,0.22,0.22,0.215,0.215,152230
CTD,20190916,19,19.72,18.95,19.43,730464
CTE,20190916,0.05,0.05,0.05,0.05,30000
CTM,20190916,0.013,0.013,0.013,0.013,6606485
CTO,20190916,0.006,0.006,0.005,0.005,467462
CTP,20190916,0.21,0.215,0.2,0.21,1062415
CTX,20190916,25.15,25.465,24.99,25.32,1332465
CUE,20190916,0.105,0.11,0.1,0.11,1354428
CUP,20190916,0.925,0.925,0.92,0.92,31495
CUV,20190916,24,24.53,23.58,23.8,248665
CV1,20190916,0.15,0.15,0.15,0.15,18985
CVC,20190916,2.1,2.1,2.1,2.1,3325
CVF,20190916,1.02,1.035,1.02,1.02,126684
CVL,20190916,0.4,0.4,0.4,0.4,12502
CVN,20190916,0.39,0.39,0.375,0.385,3692894
CVW,20190916,0.66,0.66,0.645,0.645,4904
CWN,20190916,12.23,12.43,12.19,12.39,3715172
CWP,20190916,6.35,6.56,6.32,6.56,90356
CWX,20190916,0.19,0.22,0.185,0.195,581629
CWY,20190916,2.01,2.02,1.99,2,8648199
CWZ,20190916,0.215,0.22,0.21,0.22,27001
CXL,20190916,0.85,0.85,0.85,0.85,2952
CXM,20190916,0.105,0.105,0.093,0.093,46294
CXO,20190916,0.041,0.041,0.038,0.04,1077152
CXU,20190916,0.017,0.017,0.017,0.017,5000
CXZ,20190916,0.02,0.023,0.02,0.021,2912412
CYB,20190916,2.28,2.32,2.235,2.24,8372302
CYC,20190916,1.35,1.35,1.255,1.28,9971
CYG,20190916,1.02,1.03,1.02,1.03,44791
CYL,20190916,2.27,2.3,2.2,2.2,37931
CZI,20190916,0.08,0.08,0.08,0.08,84377
CZL,20190916,0.012,0.012,0.012,0.012,3019752
CZR,20190916,0.01,0.01,0.01,0.01,1000000
D2O,20190916,1.305,1.375,1.3,1.355,153642
DAU,20190916,0.026,0.026,0.026,0.026,230000
DCC,20190916,0.033,0.033,0.031,0.033,998785
DCG,20190916,0.95,0.96,0.935,0.95,82572
DCL,20190916,0.081,0.081,0.081,0.081,44755
DCN,20190916,1.23,1.315,1.22,1.3,4154796
DDR,20190916,7.22,7.22,7,7.03,58685
DEG,20190916,0.057,0.057,0.055,0.056,795748
DEM,20190916,0.205,0.205,0.195,0.195,102827
DEV,20190916,0.076,0.079,0.075,0.079,734911
DGO,20190916,0.81,0.81,0.81,0.81,9042
DGR,20190916,0.082,0.082,0.08,0.08,221111
DHG,20190916,3.21,3.25,3.205,3.21,549233
DIV,20190916,22.47,22.47,22.2,22.2,1030
DJW,20190916,3.5,3.5,3.43,3.46,138523
DKM,20190916,0.23,0.23,0.23,0.23,91630
DLC,20190916,0.005,0.005,0.005,0.005,17000
DMP,20190916,46.94,48.2,46.08,48.08,490170
DN8,20190916,0.267,0.267,0.265,0.265,191303
DNA,20190916,0.059,0.061,0.057,0.06,1365702
DNK,20190916,0.65,0.65,0.65,0.65,36732
DOW,20190916,7.87,7.94,7.8,7.93,1118946
DRE,20190916,0.006,0.006,0.006,0.006,2290699
DRO,20190916,0.37,0.427,0.365,0.395,15568712
DRX,20190916,0.013,0.013,0.013,0.013,175000
DSE,20190916,0.029,0.029,0.028,0.028,358707
DTI,20190916,0.025,0.025,0.025,0.025,70000
DTL,20190916,2.93,2.93,2.84,2.88,302619
DTM,20190916,0.006,0.006,0.006,0.006,345000
DTR,20190916,0.003,0.003,0.003,0.003,333300
DTS,20190916,0.16,0.16,0.155,0.155,43434
DTZ,20190916,0.045,0.047,0.045,0.046,530882
DUB,20190916,1.59,1.59,1.36,1.475,787053
DUI,20190916,4.6,4.6,4.6,4.6,15801
DVN,20190916,0.15,0.15,0.15,0.15,5600
DW8,20190916,0.007,0.007,0.006,0.007,2641092
DWS,20190916,1.065,1.065,1.045,1.065,51591
DXB,20190916,0.093,0.093,0.093,0.093,50000
DXN,20190916,0.054,0.055,0.054,0.055,220000
DXS,20190916,12.18,12.24,12.09,12.2,3638155
DYL,20190916,0.29,0.31,0.29,0.3,56721
E25,20190916,0.18,0.18,0.17,0.17,82000
E2E,20190916,0.005,0.005,0.005,0.005,388946
E2M,20190916,0.22,0.22,0.22,0.22,6784
EAF,20190916,1.28,1.28,1.28,1.28,376665
EAI,20190916,0.92,0.93,0.92,0.93,22057
EAR,20190916,0.325,0.33,0.325,0.325,4450213
EAS,20190916,0.9,0.9,0.9,0.9,10000
EAX,20190916,0.28,0.28,0.28,0.28,16650
EBO,20190916,22.7,22.9,22.7,22.8,2627
ECS,20190916,0.051,0.057,0.05,0.055,1891706
ECT,20190916,0.003,0.003,0.003,0.003,1990010
ECX,20190916,1.63,1.82,1.62,1.725,6230453
ED1,20190916,0.83,0.85,0.83,0.84,259097
EDC,20190916,1.04,1.04,1.04,1.04,1443
EDE,20190916,0.049,0.05,0.047,0.05,3556185
EEG,20190916,0.2,0.2,0.2,0.2,7500
EFF,20190916,1.67,1.67,1.67,1.67,16758
EGA,20190916,0.29,0.29,0.28,0.28,103962
EGD,20190916,2.13,2.13,2.13,2.13,128111
EGF,20190916,1.68,1.68,1.68,1.68,276657
EGG,20190916,2.2,2.28,2.2,2.22,90862
EGH,20190916,0.295,0.295,0.295,0.295,102866
EGI,20190916,0.95,0.95,0.94,0.95,118677
EGL,20190916,0.043,0.043,0.043,0.043,6000
EGN,20190916,0.54,0.54,0.535,0.54,9199
EHE,20190916,2.57,2.61,2.54,2.55,804035
EHH,20190916,0.145,0.16,0.14,0.155,457693
EHL,20190916,2.01,2.05,1.972,1.99,1635367
EHX,20190916,0.025,0.025,0.025,0.025,80000
ELD,20190916,6.8,6.94,6.69,6.87,483145
ELO,20190916,6.81,6.88,6.65,6.65,11747
ELS,20190916,0.36,0.365,0.36,0.365,2700
ELT,20190916,0.004,0.004,0.004,0.004,500000
ELX,20190916,0.58,0.58,0.565,0.565,20842
EM1,20190916,0.016,0.016,0.015,0.016,2085509
EM2,20190916,0.17,0.17,0.165,0.165,50000
EMH,20190916,0.3,0.3,0.3,0.3,12088
EML,20190916,3.68,3.68,3.49,3.52,1033582
EMP,20190916,0.05,0.05,0.05,0.05,120000
EMR,20190916,0.039,0.039,0.039,0.039,179257
EMV,20190916,0.46,0.54,0.46,0.54,512102
EN1,20190916,0.024,0.026,0.024,0.025,850005
ENE,20190916,0.16,0.16,0.16,0.16,40868
ENN,20190916,2.1,2.1,1.99,2.07,63753
ENR,20190916,0.135,0.135,0.13,0.13,37000
EOF,20190916,3.08,3.14,3.04,3.08,49317
EOL,20190916,1.85,1.85,1.84,1.84,3265
EOS,20190916,6.05,6.5,6.04,6.43,1209200
EPD,20190916,0.285,0.285,0.285,0.285,10853
EPW,20190916,2.43,2.45,2.41,2.43,598659
EQE,20190916,0.015,0.017,0.014,0.017,6573176
EQT,20190916,30.07,30.07,30,30,11865
EQX,20190916,0.27,0.27,0.27,0.27,40000
ERA,20190916,0.21,0.21,0.2,0.2,151076
ERF,20190916,1.28,1.285,1.28,1.285,10000
ERL,20190916,0.01,0.01,0.01,0.01,599107
ERM,20190916,0.15,0.15,0.145,0.145,647751
ERX,20190916,0.086,0.088,0.086,0.087,1345028
ESE,20190916,0.018,0.02,0.018,0.02,337900
ESH,20190916,0.012,0.012,0.011,0.012,2331770
ESK,20190916,0.3,0.3,0.29,0.29,8928
EUC,20190916,0.024,0.025,0.022,0.025,1722020
EUR,20190916,0.083,0.086,0.082,0.084,235790
EVE,20190916,0.004,0.004,0.004,0.004,3841052
EVN,20190916,4.53,4.73,4.52,4.73,18764844
EVO,20190916,0.097,0.1,0.095,0.097,395576
EVS,20190916,0.31,0.325,0.27,0.285,2776383
EVT,20190916,12.9,12.985,12.8,12.9,45615
EWC,20190916,0.078,0.081,0.078,0.081,136213
EX1,20190916,0.43,0.43,0.415,0.415,9279
EXL,20190916,2.3,2.31,2.225,2.3,326788
EXP,20190916,0.285,0.285,0.28,0.28,36484
EXR,20190916,0.054,0.055,0.051,0.051,3326986
EZL,20190916,1.02,1.03,1.02,1.03,54479
FAR,20190916,0.063,0.065,0.062,0.063,7811426
FAU,20190916,0.014,0.014,0.014,0.014,2136165
FBR,20190916,0.077,0.077,0.073,0.074,3504983
FBU,20190916,4.66,4.8,4.66,4.78,837427
FCL,20190916,3.1,3.1,3.02,3.09,312298
FCT,20190916,0.23,0.235,0.23,0.235,145045
FDV,20190916,0.72,0.73,0.71,0.71,244193
FEX,20190916,0.065,0.065,0.065,0.065,89154
FFC,20190916,0.12,0.12,0.12,0.12,31417
FFG,20190916,0.01,0.01,0.009,0.009,1040000
FGG,20190916,1.33,1.33,1.295,1.31,250509
FGO,20190916,0.003,0.003,0.003,0.003,9000
FGR,20190916,0.19,0.19,0.18,0.185,373890
FGX,20190916,1.125,1.13,1.115,1.12,369863
FHS,20190916,0.013,0.013,0.013,0.013,70032
FID,20190916,5.18,5.18,5.17,5.17,987
FIJ,20190916,0.079,0.08,0.079,0.08,251214
FIN,20190916,0.015,0.015,0.015,0.015,300000
FLC,20190916,0.425,0.43,0.415,0.415,158445
FLN,20190916,0.77,0.8,0.77,0.8,11343
FLT,20190916,47.32,47.71,47.16,47.6,260071
FMG,20190916,9.02,9.07,8.95,9.01,13901482
FML,20190916,0.31,0.315,0.31,0.315,16059
FMS,20190916,0.048,0.05,0.047,0.047,341666
FNP,20190916,5.65,5.81,5.65,5.79,521019
FNT,20190916,0.012,0.012,0.012,0.012,699185
FOD,20190916,0.06,0.06,0.06,0.06,220000
FOR,20190916,1.25,1.25,1.25,1.25,6500
FPC,20190916,0.895,0.895,0.885,0.885,8719
FPH,20190916,15.29,15.49,15.25,15.41,378228
FPL,20190916,0.009,0.009,0.009,0.009,2102150
FRI,20190916,0.835,0.835,0.835,0.835,10000
FRN,20190916,0.022,0.022,0.022,0.022,750000
FSA,20190916,1.03,1.045,1.03,1.045,64610
FSF,20190916,2.95,2.99,2.95,2.97,5232
FSG,20190916,0.015,0.017,0.015,0.017,795002
FTC,20190916,0.105,0.105,0.1,0.105,85382
FUN,20190916,0.04,0.04,0.04,0.04,61889
FWD,20190916,1.86,1.9,1.86,1.9,15765
FXL,20190916,1.97,2,1.945,1.97,1520137
FYI,20190916,0.052,0.053,0.05,0.05,314021
FZO,20190916,0.185,0.185,0.17,0.175,318504
FZR,20190916,0.165,0.165,0.16,0.16,51700
G1A,20190916,0.36,0.36,0.34,0.35,770891
G88,20190916,0.08,0.082,0.08,0.081,16710
GAL,20190916,0.135,0.135,0.12,0.13,315653
GAP,20190916,0.31,0.31,0.295,0.3,820891
GAS,20190916,0.6,0.65,0.59,0.65,263951
GBR,20190916,0.035,0.035,0.035,0.035,41500
GBT,20190916,3.83,3.84,3.82,3.83,548556
GC1,20190916,0.845,0.845,0.84,0.84,53861
GCI,20190916,2.07,2.07,2.06,2.07,66924
GDF,20190916,1.46,1.48,1.46,1.475,25522
GDG,20190916,0.525,0.57,0.525,0.55,238538
GDI,20190916,1.51,1.55,1.505,1.54,517111
GDX,20190916,39.43,40.16,39.21,40.01,38071
GED,20190916,0.025,0.025,0.023,0.023,118611
GEM,20190916,2.45,2.475,2.43,2.43,1751502
GEV,20190916,0.16,0.17,0.16,0.165,876446
GFL,20190916,1.815,1.815,1.815,1.815,1727
GGE,20190916,0.003,0.004,0.003,0.004,1292000
GGG,20190916,0.14,0.145,0.14,0.14,3847046
GLA,20190916,0.001,0.001,0.001,0.001,891120
GLL,20190916,1.13,1.2,1.1,1.11,281932
GLN,20190916,0.2,0.2,0.195,0.195,157679
GLV,20190916,0.002,0.002,0.002,0.002,220000
GMA,20190916,3.35,3.39,3.25,3.39,615303
GMC,20190916,0.005,0.006,0.005,0.006,1550000
GMD,20190916,0.038,0.039,0.037,0.037,1324373
GMG,20190916,13.67,13.68,13.37,13.55,10232103
GML,20190916,0.022,0.022,0.02,0.021,3186408
GMR,20190916,0.015,0.015,0.014,0.014,14453425
GNC,20190916,8.11,8.345,8.01,8.31,1482186
GNE,20190916,3.25,3.25,3.16,3.2,23709
GNG,20190916,0.88,0.89,0.85,0.85,171759
GNX,20190916,0.245,0.26,0.245,0.26,625488
GO2,20190916,0.054,0.054,0.05,0.051,269576
GOR,20190916,1.36,1.395,1.345,1.35,13775058
GOW,20190916,2.3,2.3,2.28,2.28,9995
GOZ,20190916,4.35,4.36,4.32,4.36,668727
GPP,20190916,0.001,0.001,0.001,0.001,1037054
GPR,20190916,0.028,0.029,0.028,0.029,320212
GPT,20190916,6.08,6.1,6.02,6.06,8310299
GRB,20190916,0.093,0.093,0.091,0.091,1143781
GRR,20190916,0.23,0.23,0.225,0.225,208775
GSM,20190916,0.096,0.097,0.096,0.096,40000
GSN,20190916,0.055,0.056,0.055,0.056,245970
GSS,20190916,1.04,1.04,1.027,1.03,14309
GSW,20190916,0.595,0.595,0.515,0.52,862516
GTE,20190916,0.006,0.006,0.006,0.006,5151681
GTG,20190916,0.005,0.005,0.005,0.005,284933
GTK,20190916,5.3,5.39,5.06,5.29,13244
GTN,20190916,0.785,0.8,0.78,0.8,8806473
GTR,20190916,0.013,0.014,0.013,0.014,1407937
GUD,20190916,9.8,9.88,9.7,9.84,279067
GVF,20190916,1.04,1.04,1.035,1.035,73108
GWA,20190916,3.37,3.4,3.355,3.38,960673
GWR,20190916,0.1,0.1,0.1,0.1,61433
GXY,20190916,1.125,1.18,1.12,1.17,2892785
HAS,20190916,0.175,0.175,0.17,0.17,318892
HAV,20190916,0.12,0.125,0.12,0.12,242331
HCH,20190916,0.04,0.04,0.038,0.04,2346340
HCO,20190916,0.04,0.041,0.04,0.04,278571
HCT,20190916,0.063,0.063,0.063,0.063,33571
HE8,20190916,0.23,0.23,0.22,0.225,612422
HFR,20190916,0.81,0.825,0.8,0.8,37428
HGO,20190916,0.065,0.065,0.065,0.065,7000
HIL,20190916,0.255,0.255,0.235,0.25,356031
HIP,20190916,0.009,0.01,0.009,0.01,135240
HLA,20190916,0.89,0.89,0.89,0.89,1000
HLO,20190916,4.28,4.3,4.25,4.3,35574
HLS,20190916,3.24,3.27,3.2,3.21,839895
HM1,20190916,2.93,3.03,2.92,2.96,160552
HMX,20190916,0.032,0.032,0.031,0.031,430313
HPI,20190916,3.42,3.47,3.4,3.43,72661
HPR,20190916,0.12,0.12,0.12,0.12,4765
HRN,20190916,0.345,0.345,0.315,0.315,113583
HRZ,20190916,0.135,0.14,0.135,0.135,332474
HSN,20190916,3.25,3.27,3.2,3.22,312929
HT1,20190916,1.91,1.93,1.855,1.855,18679
HTA,20190916,0.12,0.12,0.12,0.12,63873
HUB,20190916,12.6,12.975,12.56,12.78,301617
HVN,20190916,4.44,4.49,4.4,4.49,3638593
HWK,20190916,0.015,0.015,0.015,0.015,775505
HXG,20190916,0.071,0.072,0.071,0.071,175145
HYD,20190916,0.029,0.029,0.028,0.029,442858
HZN,20190916,0.145,0.145,0.14,0.145,4489180
HZR,20190916,0.39,0.39,0.38,0.38,31870
IAA,20190916,87.6,87.6,86.4,86.95,2947
IAF,20190916,114.95,115.02,114.86,114.86,21945
IAG,20190916,7.92,7.975,7.89,7.94,5861407
IAP,20190916,1.55,1.575,1.525,1.545,1086912
IBC,20190916,0.51,0.51,0.495,0.495,160129
IBG,20190916,0.02,0.021,0.02,0.021,930357
IBX,20190916,0.04,0.041,0.04,0.041,233246
ICG,20190916,0.003,0.003,0.003,0.003,1372500
ICQ,20190916,0.215,0.24,0.215,0.24,1321809
ICT,20190916,0.066,0.067,0.065,0.067,310640
IDA,20190916,0.023,0.023,0.023,0.023,8000
IDT,20190916,0.145,0.145,0.145,0.145,22100
IDX,20190916,3.21,3.23,3.18,3.2,489585
IEL,20190916,14.51,15.1,14.05,14.77,1739012
IEM,20190916,60.84,61.32,60.7,60.93,21899
IEU,20190916,63.2,63.52,63.17,63.25,16158
IFL,20190916,5.5,5.67,5.43,5.65,1706650
IFM,20190916,2.03,2.055,1.985,2.01,516632
IFN,20190916,0.675,0.68,0.645,0.645,1216169
IFT,20190916,4.57,4.57,4.51,4.57,7589
IGB,20190916,113.37,113.37,113.23,113.27,3065
IGE,20190916,0.13,0.135,0.13,0.135,213461
IGL,20190916,2.18,2.22,2.16,2.21,591482
IGO,20190916,6.44,6.58,6.37,6.53,5050221
IHD,20190916,14.39,14.4,14.35,14.4,9475
IHL,20190916,0.079,0.08,0.077,0.08,1612402
IHR,20190916,0.065,0.065,0.063,0.063,97095
IJH,20190916,286.54,286.54,284.24,284.24,723
IJP,20190916,82.5,82.79,82.32,82.74,6260
IJR,20190916,119.69,119.69,116.01,116.43,4467
IKO,20190916,83.33,83.33,83.25,83.25,192
ILB,20190916,126,126.66,125.74,125.78,2001
ILC,20190916,26.39,26.43,26.32,26.42,20319
ILU,20190916,7.65,7.72,7.56,7.58,1944583
IMA,20190916,0.25,0.25,0.24,0.24,331345
IMC,20190916,0.105,0.11,0.105,0.11,58565
IMD,20190916,1.39,1.425,1.375,1.4,243167
IME,20190916,0.044,0.047,0.044,0.047,126305
IMF,20190916,3.15,3.26,3.14,3.26,594653
IMM,20190916,0.023,0.023,0.022,0.022,1026003
IMR,20190916,1.3,1.33,1.3,1.33,43637
IMS,20190916,0.007,0.007,0.007,0.007,200000
IMU,20190916,0.024,0.024,0.024,0.024,3043289
INA,20190916,4,4.01,3.89,3.91,310849
INF,20190916,0.065,0.068,0.065,0.068,587750
ING,20190916,3.31,3.34,3.27,3.3,2243778
INK,20190916,0.07,0.07,0.07,0.07,250000
INP,20190916,0.018,0.018,0.018,0.018,171383
INR,20190916,0.17,0.17,0.165,0.17,1852863
IOD,20190916,0.09,0.09,0.09,0.09,15300
IOO,20190916,72.1,72.13,71.71,71.91,22115
IOZ,20190916,27.44,27.56,27.43,27.52,93200
IP1,20190916,0.027,0.027,0.026,0.026,605000
IPB,20190916,0.023,0.023,0.023,0.023,538451
IPD,20190916,0.19,0.19,0.165,0.165,1198720
IPH,20190916,8.6,8.85,8.6,8.75,875711
IPL,20190916,3.44,3.49,3.435,3.48,2925484
IPT,20190916,0.009,0.009,0.009,0.009,1430513
IRE,20190916,11.62,12,11.62,11.83,595069
IRI,20190916,3.08,3.1,3.04,3.06,185888
IS3,20190916,0.175,0.175,0.175,0.175,62
ISD,20190916,0.39,0.415,0.385,0.4,783728
ISO,20190916,4.94,4.97,4.94,4.97,43627
ISU,20190916,0.675,0.675,0.595,0.615,79672
ISX,20190916,1.075,1.215,1.06,1.135,21792132
IVC,20190916,14,14.215,13.91,14.09,468068
IVE,20190916,95.17,95.58,95.17,95.34,2387
IVR,20190916,0.022,0.022,0.022,0.022,1526425
IVV,20190916,437.92,438.29,437.09,437.87,8524
IVX,20190916,0.015,0.015,0.015,0.015,27800
IVZ,20190916,0.037,0.038,0.037,0.038,138006
IXC,20190916,0.575,0.575,0.555,0.57,19825
IXI,20190916,79.48,79.48,78.82,78.99,4157
IXJ,20190916,89.26,89.26,88.5,88.85,9857
IXU,20190916,0.082,0.082,0.08,0.08,69594
IZZ,20190916,60.62,60.68,60.19,60.53,4936
JAL,20190916,0.2,0.2,0.2,0.2,86847
JAN,20190916,0.3,0.3,0.3,0.3,16666
JAT,20190916,0.058,0.058,0.055,0.056,2513830
JBH,20190916,34.08,34.28,33.77,34.24,394946
JCS,20190916,0.033,0.033,0.031,0.033,342383
JDR,20190916,0.013,0.013,0.012,0.012,15694348
JHC,20190916,1.22,1.25,1.18,1.195,784483
JHG,20190916,31.42,31.92,31.41,31.77,296594
JHX,20190916,23.28,23.6,23.05,23.41,1152711
JIN,20190916,23.4,23.87,22.77,22.79,415000
JLG,20190916,1.73,1.75,1.715,1.75,165743
JMS,20190916,0.4,0.4,0.39,0.395,2621635
JRL,20190916,0.32,0.32,0.32,0.32,33118
JRV,20190916,0.225,0.265,0.225,0.26,1130003
JXT,20190916,0.2,0.21,0.2,0.205,180000
JYC,20190916,1.56,1.56,1.56,1.56,3000
KAI,20190916,0.013,0.013,0.012,0.012,827650
KAM,20190916,0.049,0.049,0.042,0.042,263233
KAR,20190916,1.32,1.33,1.285,1.31,2408304
KCN,20190916,0.395,0.42,0.395,0.41,274076
KEY,20190916,0.008,0.008,0.008,0.008,4322352
KFE,20190916,0.049,0.049,0.049,0.049,99679
KGL,20190916,0.27,0.27,0.24,0.24,72767
KGM,20190916,0.006,0.006,0.006,0.006,10000
KGN,20190916,6.48,6.52,6.13,6.15,444760
KII,20190916,2.45,2.45,2.45,2.45,65514
KIN,20190916,0.044,0.044,0.042,0.042,273941
KIS,20190916,0.07,0.071,0.07,0.07,111476
KKT,20190916,0.28,0.28,0.28,0.28,3571
KLA,20190916,64.65,64.7,62.7,62.8,7021
KLL,20190916,0.52,0.53,0.515,0.515,413341
KMD,20190916,2.43,2.53,2.42,2.49,46495
KME,20190916,0.96,0.99,0.96,0.99,33543
KMT,20190916,0.007,0.007,0.007,0.007,650000
KNL,20190916,0.1,0.1,0.095,0.095,86336
KNM,20190916,0.037,0.039,0.036,0.039,76866
KP2,20190916,0.028,0.03,0.025,0.025,185127
KPE,20190916,1.15,1.15,1.15,1.15,324
KPT,20190916,2.15,2.15,2.12,2.12,14479
KRM,20190916,0.038,0.04,0.038,0.04,65001
KRR,20190916,0.035,0.035,0.035,0.035,323250
KRX,20190916,0.15,0.17,0.15,0.155,55333
KSC,20190916,1.81,1.81,1.8,1.8,5005
KSL,20190916,1.35,1.35,1.31,1.31,80346
KSN,20190916,0.018,0.018,0.017,0.018,1438899
KSS,20190916,0.34,0.38,0.34,0.36,1680900
KTD,20190916,0.44,0.445,0.42,0.435,584474
KTE,20190916,0.005,0.005,0.005,0.005,74404
KWR,20190916,0.27,0.28,0.27,0.28,76735
KYK,20190916,0.105,0.105,0.105,0.105,130602
KZA,20190916,0.41,0.45,0.41,0.435,111665
KZR,20190916,0.26,0.28,0.26,0.275,922656
LAA,20190916,0.062,0.069,0.06,0.06,127192
LAU,20190916,0.36,0.365,0.36,0.365,103066
LAW,20190916,0.065,0.066,0.065,0.066,402488
LBL,20190916,0.68,0.68,0.655,0.675,57392
LBT,20190916,0.125,0.135,0.125,0.13,1447704
LCK,20190916,0.225,0.23,0.22,0.23,565448
LCM,20190916,0.235,0.245,0.235,0.245,6000
LCT,20190916,0.018,0.018,0.018,0.018,262000
LEG,20190916,0.034,0.034,0.033,0.034,1692606
LEP,20190916,5.3,5.34,5.27,5.33,44326
LER,20190916,0.035,0.035,0.03,0.03,816558
LEX,20190916,0.205,0.205,0.205,0.205,8041
LHB,20190916,0.004,0.005,0.004,0.005,400
LI3,20190916,0.046,0.048,0.046,0.048,240017
LIC,20190916,7.8,8.11,7.67,8,1190347
LIN,20190916,0.015,0.015,0.015,0.015,2602452
LIT,20190916,0.046,0.048,0.046,0.046,181540
LKE,20190916,0.042,0.042,0.041,0.041,471269
LKO,20190916,0.001,0.001,0.001,0.001,1000000
LLC,20190916,17.09,17.37,17.01,17.15,1514136
LLO,20190916,0.795,0.8,0.795,0.8,11193
LMG,20190916,0.014,0.014,0.012,0.013,2434727
LMW,20190916,0.13,0.135,0.13,0.135,15407
LNG,20190916,0.3,0.325,0.28,0.295,9819136
LNK,20190916,5.6,5.69,5.57,5.61,2794316
LNU,20190916,0.039,0.039,0.036,0.036,66465
LNY,20190916,0.007,0.007,0.007,0.007,4863429
LOM,20190916,0.15,0.15,0.15,0.15,737530
LON,20190916,0.16,0.16,0.16,0.16,2900
LOV,20190916,12.79,13.04,12.78,12.92,121653
LPD,20190916,0.023,0.023,0.019,0.02,27956350
LPE,20190916,0.685,0.685,0.67,0.67,567
LPI,20190916,0.36,0.375,0.36,0.37,88307
LRT,20190916,5.05,5.05,5.05,5.05,440
LSA,20190916,0.008,0.008,0.008,0.008,80000
LSF,20190916,1.56,1.59,1.56,1.565,2864490
LSR,20190916,0.007,0.007,0.007,0.007,1956280
LSX,20190916,0.41,0.41,0.41,0.41,13790
LTR,20190916,0.097,0.105,0.093,0.099,8790072
LVH,20190916,0.295,0.295,0.295,0.295,831
LVT,20190916,0.4,0.41,0.395,0.405,797330
LYC,20190916,2.54,2.61,2.51,2.6,2735370
LYL,20190916,5.59,5.6,5.51,5.6,7936
M7T,20190916,0.64,0.675,0.64,0.67,255739
MA1,20190916,0.965,0.965,0.96,0.96,667679
MAG,20190916,0.049,0.073,0.049,0.06,2535715
MAH,20190916,0.22,0.22,0.21,0.21,34856
MAI,20190916,0.505,0.505,0.5,0.505,54150
MAN,20190916,0.017,0.018,0.017,0.018,1200002
MAQ,20190916,22.5,22.5,22.5,22.5,44
MAR,20190916,0.001,0.001,0.001,0.001,480046
MAT,20190916,0.165,0.17,0.165,0.17,63000
MAU,20190916,0.455,0.5,0.455,0.485,320707
MAY,20190916,0.011,0.011,0.01,0.01,489483
MCA,20190916,0.17,0.17,0.17,0.17,38000
MCE,20190916,0.385,0.385,0.375,0.38,12391
MCM,20190916,0.515,0.515,0.515,0.515,22572
MCP,20190916,2.24,2.28,2.18,2.26,215041
MCR,20190916,0.62,0.63,0.595,0.595,647892
MCT,20190916,0.005,0.006,0.005,0.005,1477179
MCY,20190916,4.71,4.79,4.67,4.72,7980
MDC,20190916,0.475,0.505,0.465,0.5,138601
MDI,20190916,0.008,0.008,0.007,0.007,300000
MDR,20190916,0.046,0.046,0.046,0.046,10921
MEA,20190916,0.21,0.22,0.205,0.22,78545
MEB,20190916,0.014,0.014,0.013,0.013,3940823
MEC,20190916,0.885,0.885,0.885,0.885,18000
MEL,20190916,0.05,0.05,0.045,0.045,401754
MEM,20190916,0.048,0.048,0.047,0.047,389525
MEP,20190916,0.06,0.06,0.058,0.058,391359
MEU,20190916,0.035,0.037,0.034,0.034,1624780
MEY,20190916,0.105,0.105,0.105,0.105,64918
MEZ,20190916,4.85,4.85,4.68,4.84,47694
MFD,20190916,0.96,0.985,0.95,0.955,60049
MFF,20190916,3.17,3.18,3.15,3.16,210508
MFG,20190916,51.09,52.24,50.62,50.68,1110271
MGC,20190916,0.39,0.395,0.39,0.39,72066
MGE,20190916,3.81,3.82,3.8,3.8,722590
MGG,20190916,1.75,1.76,1.72,1.735,2554695
MGL,20190916,0.022,0.023,0.022,0.023,15620
MGR,20190916,3.05,3.07,3,3.04,13140861
MGV,20190916,0.082,0.084,0.082,0.083,1299688
MGX,20190916,0.765,0.795,0.755,0.785,8018933
MHC,20190916,0.005,0.005,0.005,0.005,500000
MHG,20190916,3.39,3.39,3.37,3.37,404425
MHJ,20190916,0.505,0.51,0.495,0.495,149521
MIL,20190916,0.245,0.245,0.24,0.245,74000
MIN,20190916,14.06,14.47,14.05,14.25,752086
MIR,20190916,2.47,2.51,2.47,2.48,23799
MKG,20190916,0.082,0.082,0.081,0.081,27300
MLD,20190916,0.955,0.965,0.92,0.92,1186999
MLL,20190916,0.105,0.115,0.1,0.1,113580
MLM,20190916,0.012,0.012,0.012,0.012,100773
MLS,20190916,0.002,0.002,0.002,0.002,1500000
MLT,20190916,4.74,4.76,4.7,4.74,126661
MLX,20190916,0.225,0.225,0.205,0.22,2915121
MMI,20190916,0.12,0.127,0.12,0.127,20264
MMJ,20190916,0.24,0.245,0.24,0.24,240467
MML,20190916,0.85,0.895,0.84,0.895,630455
MMM,20190916,0.455,0.455,0.45,0.45,2033
MMR,20190916,0.005,0.005,0.005,0.005,2500
MMS,20190916,15.7,15.985,15.55,15.78,399504
MNC,20190916,0.002,0.003,0.002,0.003,60399514
MND,20190916,15.5,15.68,14.96,15.38,572101
MNF,20190916,5.07,5.08,4.92,5,29932
MNS,20190916,0.165,0.17,0.165,0.165,66003
MNY,20190916,2.35,2.37,2.33,2.37,518934
MOB,20190916,0.084,0.084,0.084,0.084,25176
MOC,20190916,1.12,1.125,1.105,1.12,70246
MOD,20190916,0.43,0.435,0.42,0.435,801447
MOE,20190916,3.86,3.95,3.86,3.87,64259
MOH,20190916,0.084,0.084,0.084,0.084,11500
MOT,20190916,2.07,2.08,2.07,2.07,230466
MOY,20190916,0.082,0.084,0.081,0.082,1787718
MP1,20190916,8.3,8.33,7.88,8.12,376055
MPH,20190916,0.31,0.32,0.31,0.32,100000
MPL,20190916,3.37,3.39,3.35,3.37,4779582
MPR,20190916,0.02,0.02,0.02,0.02,24984
MPW,20190916,0.115,0.115,0.115,0.115,2446
MPX,20190916,0.3,0.3,0.3,0.3,1660
MQG,20190916,128.41,129.75,128.32,129.43,975468
MRC,20190916,0.215,0.215,0.21,0.21,32317
MRD,20190916,0.001,0.001,0.001,0.001,1530000
MRG,20190916,0.079,0.08,0.079,0.08,74308
MRL,20190916,0.5,0.505,0.5,0.5,16215
MRM,20190916,0.195,0.2,0.19,0.2,87003
MRN,20190916,1.44,1.45,1.44,1.45,26097
MRQ,20190916,0.009,0.009,0.009,0.009,127671
MSB,20190916,2.17,2.23,2.1,2.21,2139642
MSE,20190916,0.014,0.014,0.014,0.014,166800
MSM,20190916,0.016,0.017,0.016,0.016,1662200
MSR,20190916,0.003,0.004,0.003,0.004,410000
MSV,20190916,0.06,0.06,0.059,0.059,850522
MTC,20190916,0.015,0.015,0.015,0.015,3000
MTO,20190916,2.35,2.35,2.25,2.31,42004
MTS,20190916,3,3.05,2.97,3.05,2441435
MVA,20190916,25.18,25.18,24.86,24.89,8871
MVB,20190916,28.43,28.46,28.43,28.46,6355
MVE,20190916,28.83,28.85,28.83,28.85,2475
MVF,20190916,1.005,1.03,1,1.025,215456
MVP,20190916,4.65,4.67,4.63,4.67,4628
MVR,20190916,29.83,29.84,29.67,29.84,920
MVS,20190916,20.75,20.78,20.75,20.78,5034
MVW,20190916,30.77,31.07,30.77,31.07,52357
MWR,20190916,3.8,3.85,3.75,3.8,24226
MWY,20190916,2.7,2.77,2.7,2.73,33171
MX1,20190916,0.3,0.3,0.275,0.275,142106
MXC,20190916,0.041,0.041,0.04,0.04,1451752
MXI,20190916,0.235,0.235,0.23,0.23,63605
MXR,20190916,0.065,0.065,0.065,0.065,2609
MXT,20190916,2.06,2.06,2.05,2.05,839822
MYE,20190916,1.185,1.19,1.17,1.17,76780
MYL,20190916,0.049,0.049,0.047,0.047,1576601
MYQ,20190916,0.305,0.305,0.285,0.295,153892
MYR,20190916,0.61,0.61,0.59,0.6,1291457
MYS,20190916,4.66,4.66,4.56,4.61,41595
MYX,20190916,0.505,0.515,0.49,0.51,6110950
MZN,20190916,0.12,0.12,0.11,0.11,80620
MZZ,20190916,0.28,0.28,0.28,0.28,318736
N1H,20190916,0.045,0.045,0.045,0.045,39278
N27,20190916,0.04,0.04,0.04,0.04,1300
NAB,20190916,29.05,29.15,28.89,29.13,5557696
NAC,20190916,0.89,0.89,0.89,0.89,1123
NAG,20190916,0.061,0.062,0.061,0.062,30787
NAN,20190916,6.13,6.2,6.07,6.11,1259441
NBI,20190916,2.06,2.07,2.06,2.06,416254
NBL,20190916,2.87,2.99,2.85,2.89,27613
NC6,20190916,0.076,0.077,0.076,0.076,155300
NCC,20190916,1.06,1.06,1.05,1.055,23399
NCK,20190916,7.12,7.15,7.01,7.1,65247
NCM,20190916,33.65,34.77,33.65,34.6,5950478
NCR,20190916,0.021,0.022,0.021,0.022,437251
NCZ,20190916,0.32,0.34,0.315,0.33,1521099
NDQ,20190916,19.33,19.37,19.21,19.3,205211
NEA,20190916,2.51,2.6,2.51,2.56,2585732
NEC,20190916,2.02,2.07,2.02,2.05,3706582
NES,20190916,0.05,0.05,0.05,0.05,125500
NET,20190916,0.185,0.185,0.175,0.175,2221558
NEU,20190916,1.99,2.05,1.96,1.98,107879
NEW,20190916,1.265,1.265,1.26,1.26,89215
NGE,20190916,0.64,0.65,0.64,0.65,43282
NGI,20190916,3.18,3.31,3.16,3.31,122172
NHC,20190916,2.5,2.53,2.48,2.51,1307268
NHF,20190916,7.44,7.46,7.295,7.38,1331461
NHL,20190916,0.011,0.011,0.011,0.011,196978
NIC,20190916,0.745,0.75,0.722,0.73,4688700
NML,20190916,0.075,0.079,0.075,0.077,2570459
NMS,20190916,0.285,0.285,0.285,0.285,3947
NMT,20190916,0.18,0.185,0.175,0.175,234462
NNW,20190916,0.072,0.072,0.071,0.071,55000
NOR,20190916,0.004,0.004,0.004,0.004,472442
NOV,20190916,0.215,0.215,0.215,0.215,1500
NOX,20190916,0.37,0.395,0.36,0.395,168050
NSB,20190916,0.245,0.245,0.24,0.24,20000
NSC,20190916,0.69,0.7,0.69,0.69,292052
NSR,20190916,1.78,1.795,1.77,1.79,1362919
NST,20190916,10.51,11.17,10.49,11,6209847
NSX,20190916,0.21,0.21,0.18,0.18,18727
NTD,20190916,0.37,0.37,0.37,0.37,14222
NTI,20190916,0.015,0.016,0.014,0.016,92198
NTL,20190916,0.008,0.008,0.008,0.008,500000
NTM,20190916,0.056,0.058,0.056,0.056,568388
NTU,20190916,0.063,0.064,0.057,0.058,15308916
NUF,20190916,5.08,5.165,5.04,5.06,1433648
NUH,20190916,0.03,0.03,0.028,0.028,2006799
NVA,20190916,0.052,0.052,0.044,0.046,8641777
NVL,20190916,2.45,2.45,2.38,2.38,16396
NVO,20190916,0.01,0.011,0.01,0.011,7296788
NVX,20190916,0.51,0.51,0.465,0.48,33733
NWC,20190916,0.022,0.022,0.02,0.02,938525
NWE,20190916,0.007,0.007,0.006,0.006,15941500
NWH,20190916,2.38,2.48,2.38,2.43,1176959
NWL,20190916,8.38,8.69,8.32,8.59,594423
NWM,20190916,0.215,0.215,0.215,0.215,5003
NWS,20190916,21.14,21.67,20.58,21.6,130338
NXM,20190916,0.047,0.048,0.047,0.048,10000
NXS,20190916,2.85,3.15,2.83,3.1,445599
NXT,20190916,6.2,6.25,6.16,6.16,1448370
NZC,20190916,0.295,0.295,0.285,0.29,79266
NZK,20190916,2.17,2.17,2.17,2.17,700
NZM,20190916,0.395,0.395,0.395,0.395,1817
NZS,20190916,0.016,0.017,0.016,0.017,349477
OAR,20190916,0.011,0.011,0.01,0.01,3220038
OAU,20190916,0.011,0.012,0.01,0.011,1411742
OBJ,20190916,0.016,0.016,0.016,0.016,1522497
OBM,20190916,0.195,0.2,0.19,0.195,448314
OCC,20190916,0.375,0.395,0.375,0.39,395699
OEC,20190916,0.31,0.31,0.31,0.31,4000
OEL,20190916,0.053,0.054,0.052,0.052,7922490
OEX,20190916,0.004,0.004,0.004,0.004,295000
OFX,20190916,1.435,1.44,1.425,1.44,92072
OGA,20190916,0.14,0.15,0.14,0.14,294114
OGC,20190916,3.59,3.72,3.56,3.69,269693
OKU,20190916,0.115,0.115,0.115,0.115,236595
OLH,20190916,0.035,0.036,0.035,0.035,1015194
OLI,20190916,0.043,0.046,0.043,0.046,37797
OLV,20190916,0.007,0.007,0.007,0.007,537333
OMH,20190916,0.545,0.545,0.47,0.51,1194510
OML,20190916,3.16,3.19,3.13,3.17,951520
OMN,20190916,0.815,0.85,0.815,0.82,805759
ONE,20190916,0.27,0.28,0.27,0.28,9297
ONT,20190916,5.97,6,5.97,6,2085
ONX,20190916,0.12,0.12,0.12,0.12,81863
OOO,20190916,16.49,16.7,16.18,16.34,195875
OPC,20190916,3.14,3.3,3.14,3.25,111068
OPH,20190916,2.5,2.51,2.46,2.49,169544
OPN,20190916,0.039,0.043,0.039,0.04,662156
OPT,20190916,3.4,3.44,3.35,3.36,74534
ORA,20190916,2.77,2.82,2.76,2.8,4004186
ORE,20190916,2.56,2.67,2.55,2.65,817746
ORG,20190916,7.93,8.06,7.865,7.92,10346287
ORI,20190916,22.02,22.62,21.67,22.62,987591
ORR,20190916,0.455,0.5,0.455,0.47,311361
OSH,20190916,7.72,7.79,7.58,7.73,11993564
OSL,20190916,0.076,0.076,0.07,0.074,537083
OSP,20190916,0.046,0.047,0.044,0.044,1969326
OTW,20190916,4.64,4.71,4.52,4.7,85502
OVH,20190916,0.4,0.405,0.39,0.39,810305
OVN,20190916,0.555,0.56,0.55,0.55,42402
OVT,20190916,0.052,0.052,0.052,0.052,15000
OXX,20190916,0.01,0.01,0.01,0.01,240339
OZF,20190916,20.97,20.99,20.97,20.99,1038
OZG,20190916,0.17,0.17,0.165,0.165,45095
OZL,20190916,9.51,9.695,9.48,9.63,1799712
OZR,20190916,11.97,12.02,11.96,12.01,11329
P2P,20190916,0.135,0.135,0.135,0.135,50000
PAA,20190916,0.135,0.14,0.135,0.135,1020385
PAB,20190916,0.023,0.023,0.022,0.023,1634145
PAC,20190916,6.19,6.21,6.17,6.2,116155
PAF,20190916,0.805,0.805,0.785,0.785,183657
PAI,20190916,0.93,0.93,0.915,0.915,2052343
PAL,20190916,1.035,1.035,1.03,1.03,4457
PAN,20190916,0.3,0.315,0.29,0.31,1541904
PAR,20190916,1.99,2.18,1.99,2.13,867811
PBH,20190916,3.2,3.23,3.09,3.14,573933
PBP,20190916,1.635,1.68,1.635,1.635,35096
PCH,20190916,0.003,0.003,0.003,0.003,166667
PCI,20190916,1.155,1.165,1.155,1.16,351148
PCK,20190916,0.3,0.305,0.295,0.3,4137509
PCL,20190916,0.003,0.003,0.003,0.003,200000
PDL,20190916,7.08,7.185,7.04,7.09,1342800
PDN,20190916,0.12,0.125,0.117,0.12,1771258
PE1,20190916,1.5,1.5,1.445,1.445,80622
PEA,20190916,1.11,1.13,1.11,1.11,2065381
PEC,20190916,0.031,0.031,0.03,0.03,100000
PEK,20190916,0.04,0.042,0.04,0.042,2032921
PEN,20190916,0.195,0.21,0.195,0.2,77773
PET,20190916,1.45,1.46,1.375,1.42,1600327
PEX,20190916,0.27,0.28,0.265,0.27,40041
PFG,20190916,0.08,0.08,0.08,0.08,50000
PFP,20190916,3.11,3.13,3.1,3.12,16931
PG1,20190916,0.11,0.11,0.105,0.105,130108
PGC,20190916,0.385,0.395,0.38,0.395,602133
PGF,20190916,1.07,1.075,1.055,1.065,424374
PGH,20190916,2.33,2.37,2.3,2.33,706200
PGI,20190916,0.025,0.025,0.025,0.025,50000
PGL,20190916,4.8,4.8,4.72,4.75,27513
PGM,20190916,0.033,0.034,0.032,0.033,588897
PGR,20190916,0.125,0.16,0.125,0.15,77704
PGX,20190916,0.375,0.375,0.375,0.375,59917
PGY,20190916,0.046,0.046,0.037,0.037,371696
PIA,20190916,1.06,1.07,1.06,1.06,135569
PIC,20190916,1.045,1.05,1.035,1.05,232033
PIL,20190916,0.01,0.01,0.01,0.01,202340
PIO,20190916,0.02,0.021,0.02,0.021,1862207
PKS,20190916,0.185,0.185,0.18,0.185,214850
PL8,20190916,1.115,1.12,1.11,1.12,815647
PLL,20190916,0.105,0.105,0.1,0.105,417930
PLS,20190916,0.335,0.35,0.33,0.345,11559508
PLX,20190916,0.99,0.995,0.95,0.98,23364
PM1,20190916,0.019,0.019,0.018,0.018,384000
PM8,20190916,0.195,0.195,0.185,0.19,151279
PMC,20190916,1.47,1.48,1.425,1.425,253252
PME,20190916,27.55,28.41,27.245,27.57,613915
PMV,20190916,15.58,15.78,15.51,15.62,167942
PMY,20190916,0.009,0.01,0.009,0.01,9860564
PNI,20190916,4.75,4.75,4.6,4.6,315343
PNL,20190916,0.071,0.071,0.071,0.071,100000
PNN,20190916,0.003,0.003,0.003,0.003,370000
PNR,20190916,0.22,0.22,0.21,0.22,537550
PNV,20190916,2.1,2.13,2.03,2.07,3020232
PO3,20190916,4.94,5,4.85,5,4853
POD,20190916,0.038,0.038,0.037,0.038,173766
POS,20190916,0.058,0.058,0.054,0.054,4893668
POU,20190916,17.77,17.78,17.77,17.77,2307
POW,20190916,0.008,0.008,0.008,0.008,364454
PPC,20190916,1.17,1.18,1.165,1.17,98411
PPE,20190916,3.33,3.38,3.23,3.38,115663
PPG,20190916,0.13,0.13,0.13,0.13,427330
PPH,20190916,3.13,3.13,3.09,3.11,81902
PPK,20190916,3.24,3.29,3.21,3.26,42402
PPL,20190916,0.02,0.02,0.016,0.016,859303
PPS,20190916,0.48,0.48,0.46,0.46,1490846
PPT,20190916,36.31,37.12,36.17,37.12,244516
PRO,20190916,0.36,0.36,0.36,0.36,28463
PRT,20190916,0.17,0.175,0.165,0.175,14303967
PRU,20190916,0.72,0.76,0.72,0.75,7918260
PRX,20190916,0.11,0.115,0.11,0.115,193035
PSC,20190916,0.115,0.115,0.11,0.11,260597
PSI,20190916,2.76,2.8,2.75,2.76,47793
PSQ,20190916,1.585,1.62,1.58,1.62,18771
PSZ,20190916,0.052,0.052,0.052,0.052,242499
PTB,20190916,0.69,0.71,0.69,0.7,73278
PTL,20190916,0.31,0.31,0.31,0.31,3533
PTM,20190916,4.06,4.1,4.015,4.09,1622406
PTR,20190916,0.037,0.037,0.037,0.037,22908
PTX,20190916,0.059,0.062,0.056,0.056,4783606
PUA,20190916,0.03,0.032,0.03,0.032,139141
PUR,20190916,0.01,0.01,0.01,0.01,155000
PVD,20190916,0.019,0.019,0.016,0.016,257052
PVL,20190916,0.095,0.1,0.095,0.099,86400
PVS,20190916,1.43,1.43,1.43,1.43,23276
PWH,20190916,4.46,4.46,4.27,4.42,258345
PWL,20190916,0.25,0.25,0.25,0.25,63817
PXS,20190916,0.185,0.185,0.185,0.185,34800
PXX,20190916,0.098,0.098,0.095,0.095,249548
PYC,20190916,0.047,0.048,0.046,0.047,959581
PYG,20190916,0.76,0.76,0.76,0.76,4000
QAG,20190916,5.34,5.34,5.34,5.34,230
QAN,20190916,6.23,6.24,6.1,6.11,13651649
QAU,20190916,15.23,15.31,15.22,15.22,37137
QBE,20190916,12.31,12.56,12.31,12.53,4891822
QFE,20190916,0.51,0.56,0.51,0.55,1965595
QFN,20190916,11.88,11.88,11.88,11.88,750
QFY,20190916,0.004,0.004,0.004,0.004,7349840
QHL,20190916,0.125,0.13,0.12,0.13,1784066
QIP,20190916,1.32,1.33,1.28,1.29,390608
QMS,20190916,0.89,0.89,0.87,0.88,162833
QOZ,20190916,14.04,14.06,14.02,14.06,44317
QRE,20190916,6.52,6.53,6.51,6.53,13742
QRI,20190916,1.63,1.63,1.62,1.62,69290
QUB,20190916,3.23,3.275,3.19,3.19,4366185
QUS,20190916,36.9,36.97,36.9,36.95,4917
QVE,20190916,1.005,1.015,1,1.005,226712
RAC,20190916,0.115,0.115,0.115,0.115,1100
RAN,20190916,0.02,0.02,0.02,0.02,384741
RAP,20190916,0.195,0.2,0.19,0.195,574807
RBL,20190916,1.37,1.38,1.345,1.35,244865
RBR,20190916,0.013,0.014,0.013,0.014,377809
RCB,20190916,20.7,20.8,20.7,20.74,104152
RCE,20190916,0.225,0.24,0.225,0.24,206672
RCL,20190916,0.41,0.415,0.41,0.415,25556
RCT,20190916,2.26,2.29,2.26,2.29,2300
RCW,20190916,0.29,0.29,0.29,0.29,16306
RDC,20190916,1.075,1.08,1.07,1.08,124790
RDF,20190916,0.41,0.46,0.41,0.46,235275
RDH,20190916,2.46,2.46,2.46,2.46,3000
RDM,20190916,0.1,0.1,0.1,0.1,43858
RDN,20190916,0.008,0.008,0.008,0.008,468969
RDS,20190916,0.009,0.01,0.009,0.01,111269
RDV,20190916,30.97,30.97,30.82,30.95,6900
RDY,20190916,1.76,1.77,1.7,1.7,39574
REA,20190916,103.96,105.95,103.52,104.9,158615
RED,20190916,0.335,0.335,0.31,0.31,2571662
REF,20190916,0.01,0.01,0.01,0.01,307086
REG,20190916,2.66,2.685,2.6,2.65,376537
REH,20190916,10.95,10.95,10.82,10.9,70379
RES,20190916,0.11,0.11,0.1,0.1,799636
REX,20190916,1.44,1.44,1.42,1.43,272392
REY,20190916,0.29,0.29,0.29,0.29,10087
REZ,20190916,0.05,0.05,0.049,0.049,185142
RF1,20190916,2.6,2.67,2.6,2.62,93235
RFF,20190916,2.04,2.04,1.995,2,1046669
RFG,20190916,0.19,0.195,0.18,0.18,233483
RFN,20190916,0.004,0.004,0.004,0.004,1464095
RFT,20190916,0.057,0.058,0.054,0.056,2226427
RFX,20190916,0.036,0.037,0.035,0.035,325318
RGB,20190916,23.03,23.06,23.02,23.05,5797
RGI,20190916,0.165,0.165,0.155,0.16,32674
RGL,20190916,0.015,0.015,0.015,0.015,394265
RHC,20190916,64.87,65.87,64.82,65.2,533384
RHP,20190916,2.56,2.63,2.51,2.51,365314
RHT,20190916,0.125,0.13,0.125,0.13,520801
RHY,20190916,0.185,0.185,0.18,0.18,80798
RIC,20190916,1.03,1.045,1.02,1.02,383162
RIE,20190916,0.012,0.012,0.012,0.012,107072
RIM,20190916,0.003,0.003,0.002,0.002,6000000
RIO,20190916,94,94.22,92.24,94.11,1565519
RKN,20190916,0.7,0.7,0.7,0.7,18398
RLE,20190916,0.029,0.03,0.028,0.029,369050
RLT,20190916,1.08,1.21,1.08,1.21,292164
RMC,20190916,0.91,0.915,0.905,0.915,45150
RMD,20190916,19.02,19.26,18.97,19.14,1058657
RMP,20190916,0.011,0.011,0.011,0.011,50000
RMS,20190916,1.14,1.2,1.14,1.195,3188510
RMY,20190916,0.24,0.24,0.235,0.235,27049
RND,20190916,3.14,3.14,3.14,3.14,4000
RNE,20190916,0.03,0.03,0.03,0.03,43607
RNO,20190916,0.245,0.245,0.23,0.23,457577
RNT,20190916,0.031,0.031,0.031,0.031,67000
RNU,20190916,0.015,0.015,0.015,0.015,153546
ROG,20190916,0.002,0.002,0.002,0.002,5012682
ROO,20190916,0.049,0.05,0.048,0.05,731786
RPM,20190916,0.16,0.16,0.155,0.155,293510
RRL,20190916,4.55,4.73,4.53,4.67,6259259
RSG,20190916,1.495,1.57,1.492,1.53,16563722
RSH,20190916,0.088,0.09,0.086,0.09,131570
RSM,20190916,21.4,21.47,21.4,21.47,2232
RTR,20190916,0.091,0.094,0.09,0.093,418654
RUL,20190916,0.77,0.775,0.755,0.755,173419
RVR,20190916,0.145,0.15,0.135,0.145,3953951
RVS,20190916,1.395,1.395,1.39,1.39,1060
RWC,20190916,3.92,4.05,3.92,3.99,3849387
RXL,20190916,0.026,0.026,0.024,0.024,9383296
RXM,20190916,0.093,0.093,0.093,0.093,34925
RXP,20190916,0.53,0.55,0.52,0.545,150595
RYD,20190916,1.45,1.48,1.45,1.48,25000
RZI,20190916,1,1.01,0.985,0.985,51044
S2R,20190916,0.21,0.22,0.21,0.21,31868
S32,20190916,2.8,2.84,2.78,2.81,21178951
SAR,20190916,3.41,3.49,3.4,3.43,11488475
SAU,20190916,0.23,0.245,0.23,0.245,280167
SBM,20190916,2.94,3.06,2.92,3.04,9778887
SBR,20190916,0.004,0.004,0.004,0.004,1425000
SBW,20190916,0.155,0.16,0.15,0.15,203858
SCG,20190916,3.95,3.995,3.94,3.99,17462516
SCL,20190916,0.011,0.011,0.011,0.011,177600
SCP,20190916,2.59,2.6,2.57,2.58,1999266
SDA,20190916,1.265,1.265,1.21,1.225,2300357
SDF,20190916,3.54,3.56,3.43,3.49,3513896
SDG,20190916,1.65,1.655,1.65,1.655,888568
SDI,20190916,0.75,0.755,0.75,0.755,35435
SDV,20190916,0.405,0.415,0.37,0.405,1459172
SDX,20190916,0.042,0.042,0.04,0.04,40125
SEA,20190916,0.24,0.25,0.235,0.24,15497747
SEC,20190916,1.715,1.73,1.695,1.73,193358
SEI,20190916,0.048,0.05,0.048,0.048,759218
SEK,20190916,20.61,21.01,20.61,20.97,846432
SEN,20190916,0.073,0.073,0.072,0.072,176081
SEQ,20190916,0.215,0.215,0.19,0.19,70846
SER,20190916,0.006,0.006,0.006,0.006,3493994
SES,20190916,0.07,0.075,0.068,0.068,57214
SF1,20190916,0.025,0.026,0.025,0.025,257231
SFC,20190916,14.3,14.3,14.3,14.3,602
SFG,20190916,0.099,0.099,0.095,0.095,281905
SFL,20190916,0.05,0.05,0.05,0.05,216680
SFM,20190916,0.09,0.09,0.09,0.09,30000
SFR,20190916,6.48,6.53,6.365,6.49,947157
SFX,20190916,0.42,0.42,0.395,0.395,208415
SFY,20190916,62.16,62.42,62.16,62.42,7457
SG1,20190916,0.049,0.049,0.049,0.049,24420
SGC,20190916,0.027,0.027,0.027,0.027,417173
SGF,20190916,2.49,2.5,2.45,2.47,241238
SGH,20190916,1.13,1.14,1.13,1.13,17333
SGI,20190916,0.098,0.098,0.095,0.095,142320
SGM,20190916,10.5,11.23,10.41,10.9,2955745
SGP,20190916,4.37,4.41,4.34,4.41,9077360
SGQ,20190916,0.22,0.235,0.215,0.215,1570366
SGR,20190916,4.25,4.31,4.25,4.31,1748709
SHJ,20190916,0.85,0.86,0.85,0.86,31201
SHL,20190916,27.75,27.99,27.7,27.81,1258577
SHM,20190916,0.705,0.71,0.705,0.71,12095
SHO,20190916,0.063,0.065,0.06,0.063,3341677
SHV,20190916,7.45,7.51,7.29,7.39,80239
SIG,20190916,0.665,0.675,0.665,0.67,2894124
SIH,20190916,0.015,0.017,0.015,0.016,1884256
SIL,20190916,0.06,0.065,0.06,0.065,58000
SIO,20190916,0.37,0.37,0.37,0.37,13269
SIQ,20190916,12.09,12.21,11.99,12.04,567401
SIS,20190916,0.067,0.067,0.064,0.064,573139
SIT,20190916,0.07,0.071,0.07,0.071,196555
SIV,20190916,0.68,0.68,0.64,0.64,115058
SKC,20190916,3.74,3.8,3.74,3.78,405232
SKF,20190916,0.145,0.15,0.145,0.15,106243
SKI,20190916,2.14,2.16,2.12,2.14,4467347
SKN,20190916,0.021,0.021,0.021,0.021,25500
SKO,20190916,4,4,3.86,3.86,14005
SKT,20190916,1.06,1.06,1.045,1.055,25856
SKY,20190916,0.083,0.083,0.083,0.083,125000
SLC,20190916,1.05,1.055,1.03,1.05,392757
SLF,20190916,14.01,14.01,13.88,13.99,53391
SLK,20190916,3.58,3.67,3.5,3.6,99411
SLR,20190916,0.975,1.007,0.95,0.98,8809787
SLX,20190916,0.4,0.41,0.395,0.395,68513
SLZ,20190916,0.063,0.063,0.063,0.063,30000
SM1,20190916,8.56,8.73,8.52,8.61,187275
SM8,20190916,0.027,0.027,0.026,0.026,600000
SMD,20190916,0.01,0.01,0.01,0.01,165504
SMN,20190916,0.91,0.915,0.885,0.885,33618
SMR,20190916,1.42,1.43,1.41,1.415,407357
SMX,20190916,0.4,0.42,0.385,0.42,26016
SNC,20190916,0.805,0.81,0.805,0.81,54739
SND,20190916,0.28,0.28,0.27,0.27,50150
SNL,20190916,4.14,4.14,4.14,4.14,9700
SNS,20190916,0.105,0.115,0.105,0.115,42944
SNZ,20190916,5.92,5.92,5.88,5.88,508
SO4,20190916,0.835,0.84,0.83,0.84,37395
SOL,20190916,21.89,22.39,21.77,22.21,354031
SOM,20190916,2.09,2.1,2.09,2.1,4015
SOR,20190916,0.066,0.067,0.062,0.063,456495
SPK,20190916,4.19,4.19,4.14,4.14,591652
SPL,20190916,1.165,1.175,1.125,1.16,323860
SPQ,20190916,0.008,0.008,0.008,0.008,220550
SPT,20190916,0.52,0.52,0.49,0.495,1325235
SPX,20190916,0.085,0.1,0.085,0.1,8708763
SPY,20190916,436.24,436.24,435,435.8,69
SPZ,20190916,0.2,0.205,0.2,0.205,564999
SRG,20190916,0.43,0.44,0.43,0.435,144343
SRI,20190916,0.1,0.105,0.1,0.105,203654
SRK,20190916,0.046,0.046,0.046,0.046,88021
SRN,20190916,0.01,0.011,0.01,0.011,5028690
SRV,20190916,4.75,4.76,4.66,4.7,7805
SSG,20190916,0.53,0.55,0.52,0.53,325145
SSM,20190916,2.52,2.6,2.52,2.57,4190545
SSO,20190916,15.29,15.29,15.29,15.29,1000
ST1,20190916,0.235,0.24,0.23,0.24,709058
STA,20190916,0.11,0.11,0.11,0.11,363681
STG,20190916,1.735,1.75,1.735,1.75,12637
STM,20190916,0.025,0.027,0.024,0.027,1838929
STN,20190916,0.46,0.465,0.46,0.46,279088
STO,20190916,7.98,8.04,7.64,7.75,14875157
STW,20190916,62.38,62.68,62.35,62.68,186282
STX,20190916,0.265,0.27,0.255,0.255,8435466
SUD,20190916,0.003,0.004,0.003,0.004,3958129
SUL,20190916,9.64,9.75,9.49,9.75,778560
SUN,20190916,13.77,13.8,13.69,13.78,2448417
SUP,20190916,0.019,0.02,0.018,0.019,13555106
SUR,20190916,0.003,0.003,0.003,0.003,1345229
SVA,20190916,0.01,0.01,0.008,0.008,1300000
SVD,20190916,0.01,0.01,0.009,0.009,996119
SVL,20190916,0.1,0.105,0.097,0.105,17593166
SVM,20190916,0.093,0.093,0.09,0.091,541484
SVW,20190916,17.92,18.37,17.81,17.81,1206879
SVY,20190916,0.23,0.245,0.22,0.23,376800
SWF,20190916,0.18,0.19,0.18,0.19,296631
SWK,20190916,0.24,0.25,0.24,0.25,556969
SWM,20190916,0.45,0.45,0.43,0.445,4484010
SXA,20190916,0.054,0.054,0.054,0.054,100000
SXE,20190916,0.61,0.64,0.61,0.62,2130848
SXL,20190916,1.29,1.29,1.275,1.285,2349466
SXY,20190916,0.415,0.42,0.4,0.415,8976672
SYA,20190916,0.009,0.009,0.009,0.009,375646
SYD,20190916,8.02,8.05,7.91,7.91,5642236
SYI,20190916,30.6,30.6,30.39,30.49,241
SYR,20190916,0.52,0.545,0.51,0.535,2370494
SZL,20190916,2.13,2.13,2.07,2.08,164477
TAH,20190916,4.77,4.805,4.76,4.8,4089005
TAO,20190916,0.12,0.12,0.12,0.12,105259
TAP,20190916,0.12,0.13,0.12,0.13,596691
TAR,20190916,0.024,0.027,0.024,0.026,1285950
TAS,20190916,0.053,0.056,0.053,0.054,201744
TBR,20190916,8.5,8.6,8.39,8.6,27859
TCL,20190916,14.37,14.38,14.15,14.18,6323172
TCN,20190916,0.026,0.026,0.026,0.026,29858
TDL,20190916,0.03,0.03,0.03,0.03,1100
TDO,20190916,0.077,0.08,0.077,0.079,75844
TEG,20190916,0.076,0.084,0.075,0.078,3601851
TEK,20190916,0.26,0.26,0.25,0.25,426036
TER,20190916,0.41,0.41,0.38,0.4,23963
TFL,20190916,0.14,0.14,0.14,0.14,18396
TGF,20190916,1.94,1.965,1.9,1.94,90979
TGG,20190916,1.18,1.19,1.18,1.19,64889
TGM,20190916,0.16,0.16,0.16,0.16,10000
TGO,20190916,0.295,0.3,0.295,0.3,14998
TGP,20190916,1.115,1.115,1.075,1.08,62310
TGR,20190916,4.26,4.26,4.21,4.22,876843
THC,20190916,0.465,0.465,0.44,0.44,599593
THD,20190916,0.002,0.002,0.001,0.001,491006
TIE,20190916,0.215,0.215,0.215,0.215,30807
TIP,20190916,0.86,0.86,0.86,0.86,10000
TKL,20190916,0.01,0.01,0.01,0.01,1601762
TKM,20190916,0.004,0.004,0.004,0.004,142500
TLG,20190916,0.4,0.41,0.39,0.41,137421
TLM,20190916,0.1,0.1,0.095,0.095,380222
TLS,20190916,3.57,3.59,3.54,3.57,40596579
TLX,20190916,1.36,1.42,1.35,1.385,1151823
TMR,20190916,0.185,0.2,0.18,0.19,112841
TMT,20190916,0.175,0.175,0.175,0.175,4534
TMZ,20190916,0.03,0.03,0.03,0.03,4363
TNE,20190916,7.04,7.07,6.9,6.92,1052508
TNG,20190916,0.09,0.092,0.086,0.092,920647
TNK,20190916,1.34,1.345,1.32,1.345,94350
TNR,20190916,0.012,0.013,0.011,0.012,583898
TNT,20190916,0.045,0.045,0.045,0.045,224016
TNY,20190916,1.36,1.385,1.33,1.385,55902
TOE,20190916,0.02,0.021,0.019,0.019,542312
TON,20190916,0.04,0.04,0.038,0.04,529372
TOP,20190916,0.7,0.7,0.7,0.7,70000
TOT,20190916,1.2,1.2,1.2,1.2,31417
TOU,20190916,0.095,0.097,0.095,0.096,62570
TPD,20190916,0.002,0.003,0.002,0.003,500000
TPM,20190916,6.92,6.955,6.85,6.91,990640
TPP,20190916,0.042,0.042,0.042,0.042,16120
TPW,20190916,1.665,1.665,1.665,1.665,1119
TRS,20190916,1.96,1.98,1.91,1.98,74121
TRY,20190916,0.105,0.11,0.105,0.11,2464212
TSC,20190916,0.004,0.004,0.004,0.004,3705000
TSL,20190916,0.023,0.023,0.022,0.022,273500
TSN,20190916,0.011,0.011,0.01,0.01,4089335
TTB,20190916,0.062,0.064,0.056,0.057,2997958
TTI,20190916,0.019,0.019,0.019,0.019,1830000
TTL,20190916,0.009,0.009,0.009,0.009,227745
TTM,20190916,0.21,0.21,0.18,0.2,1251046
TTT,20190916,1.61,1.61,1.525,1.595,56175
TV2,20190916,0.009,0.01,0.009,0.01,2690510
TWE,20190916,17.93,18.47,17.73,18.38,1857210
TWR,20190916,0.725,0.725,0.72,0.72,10766
TYX,20190916,0.005,0.005,0.005,0.005,68794
UBI,20190916,0.19,0.19,0.19,0.19,1416092
UBJ,20190916,24.98,24.98,24.98,24.98,896
UBN,20190916,0.032,0.032,0.032,0.032,125000
UBP,20190916,26.04,26.05,26.04,26.05,66
UBW,20190916,28.3,28.43,28.3,28.43,1129
UCM,20190916,0.125,0.125,0.125,0.125,10000
UNL,20190916,0.029,0.03,0.025,0.027,2048390
UOS,20190916,0.78,0.79,0.765,0.765,9759
URB,20190916,1.035,1.05,1.035,1.05,12000
URF,20190916,0.71,0.71,0.7,0.71,65451
URW,20190916,10.17,10.345,10.16,10.33,1014080
USD,20190916,14.06,14.08,14.05,14.07,37746
UTR,20190916,0.002,0.002,0.002,0.002,5016395
UUV,20190916,0.006,0.006,0.005,0.006,12903315
UWL,20190916,1.385,1.405,1.35,1.39,230439
VAE,20190916,66.19,66.19,65.54,65.65,4288
VAF,20190916,52.31,52.33,52.25,52.25,56631
VAH,20190916,0.155,0.165,0.155,0.16,1202323
VAL,20190916,0.006,0.006,0.006,0.006,2037203
VAN,20190916,0.195,0.195,0.19,0.19,279887
VAP,20190916,90.4,90.4,88.99,89.5,72063
VAS,20190916,85.26,85.63,85.22,85.56,101140
VCF,20190916,50.2,50.2,50.05,50.14,10779
VCX,20190916,2.56,2.585,2.55,2.58,9858212
VEA,20190916,1.985,2.02,1.975,1.99,3766117
VEE,20190916,0.565,0.565,0.53,0.53,8544
VEN,20190916,0.155,0.155,0.15,0.155,276966
VEQ,20190916,56.32,56.89,56.32,56.89,8891
VEU,20190916,73.82,73.88,73.67,73.73,18899
VG1,20190916,2.35,2.36,2.35,2.36,301994
VGB,20190916,53.34,53.36,53.29,53.31,28738
VGE,20190916,68.2,68.2,67.65,67.77,10396
VGI,20190916,13.2,13.2,12.6,12.85,33551
VGL,20190916,3.66,3.66,3.65,3.65,12800
VGS,20190916,77.9,77.9,77.11,77.24,69009
VHT,20190916,1.6,1.61,1.56,1.575,329840
VHY,20190916,61.5,62.3,61.5,62.12,41174
VIC,20190916,0.001,0.001,0.001,0.001,1500000
VIF,20190916,50.95,50.95,50.76,50.86,16845
VLC,20190916,69.38,69.53,69.38,69.53,31
VLS,20190916,0.655,0.655,0.65,0.65,22740
VLT,20190916,0.31,0.325,0.31,0.32,250974
VLW,20190916,2.34,2.34,2.33,2.33,150555
VMC,20190916,0.19,0.195,0.19,0.195,26025
VML,20190916,0.01,0.01,0.009,0.009,1219357
VMS,20190916,0.02,0.02,0.019,0.02,643576
VMT,20190916,0.11,0.12,0.105,0.12,448692
VMX,20190916,0.32,0.322,0.31,0.32,95453
VMY,20190916,0.066,0.067,0.066,0.066,414448
VN8,20190916,0.088,0.088,0.085,0.085,177403
VOC,20190916,3.46,3.51,3.4,3.43,1990310
VOL,20190916,2.39,2.4,2.39,2.4,6070
VR8,20190916,0.049,0.049,0.047,0.048,347695
VRC,20190916,0.011,0.011,0.01,0.01,3624244
VRI,20190916,0.04,0.04,0.038,0.038,95673
VRL,20190916,2.83,2.85,2.7,2.82,88155
VRS,20190916,0.058,0.058,0.058,0.058,17000
VRT,20190916,4.2,4.27,4.18,4.22,141123
VRX,20190916,0.15,0.155,0.145,0.15,591581
VSO,20190916,59.28,59.68,59.17,59.53,3330
VTG,20190916,1.215,1.225,1.185,1.205,300353
VTH,20190916,0.865,0.87,0.86,0.86,220986
VTI,20190916,0.062,0.065,0.06,0.065,180070
VTS,20190916,221.9,222.36,220.53,222.11,33621
VVA,20190916,2,2,1.94,1.97,83095
VVR,20190916,2.73,2.75,2.7,2.75,1244043
VXR,20190916,0.18,0.18,0.18,0.18,19386
VYS,20190916,0.063,0.065,0.056,0.058,3405031
WAA,20190916,1.07,1.085,1.07,1.085,66275
WAF,20190916,0.505,0.555,0.5,0.55,3787702
WAM,20190916,2.26,2.28,2.25,2.27,696201
WAX,20190916,1.44,1.45,1.43,1.435,136122
WBA,20190916,1.275,1.3,1.275,1.3,112011
WBC,20190916,29.4,29.56,29.27,29.54,5846468
WBE,20190916,0.01,0.01,0.009,0.009,3899935
WBT,20190916,0.37,0.385,0.365,0.385,161612
WCN,20190916,0.006,0.008,0.006,0.008,8638175
WEB,20190916,12.17,12.2,12.01,12.13,840879
WEC,20190916,0.135,0.135,0.12,0.12,613386
WEL,20190916,0.085,0.09,0.079,0.085,14854962
WES,20190916,38.96,39.33,38.82,39.3,2077612
WGB,20190916,2.11,2.13,2.105,2.13,621840
WGN,20190916,1.9,1.98,1.88,1.89,412682
WGO,20190916,0.34,0.35,0.315,0.32,7941136
WGX,20190916,2.38,2.44,2.28,2.43,3980602
WHA,20190916,0.37,0.385,0.355,0.37,567761
WHC,20190916,3.34,3.42,3.34,3.37,3792335
WHF,20190916,4.95,4.95,4.93,4.95,2638
WHK,20190916,0.077,0.079,0.075,0.075,482969
WIC,20190916,1.065,1.065,1.06,1.06,13174
WJA,20190916,0.08,0.08,0.08,0.08,9800
WKT,20190916,0.2,0.26,0.2,0.26,1321397
WLD,20190916,0.051,0.055,0.051,0.052,68250
WLE,20190916,1.19,1.195,1.185,1.195,769918
WLL,20190916,6.85,6.85,6.85,6.85,7282
WMI,20190916,1.415,1.42,1.405,1.405,130774
WML,20190916,0.024,0.025,0.023,0.025,765740
WNB,20190916,0.013,0.013,0.013,0.013,300000
WOA,20190916,0.13,0.13,0.13,0.13,4551
WOR,20190916,14,14.45,13.88,13.91,4118768
WOW,20190916,35.97,36.26,35.88,36.24,3612270
WPL,20190916,33.84,33.84,32.7,32.7,10566737
WPP,20190916,0.58,0.585,0.57,0.58,140349
WQG,20190916,1.095,1.1,1.095,1.1,325335
WRM,20190916,0.006,0.006,0.006,0.006,1432810
WSA,20190916,3.21,3.35,3.2,3.26,4550043
WSI,20190916,0.028,0.028,0.027,0.027,463608
WSP,20190916,1.52,1.54,1.5,1.53,229366
WTC,20190916,33.82,34.98,33.7,34.17,1440477
WWG,20190916,0.215,0.23,0.215,0.23,110150
WWI,20190916,0.007,0.007,0.007,0.007,300000
WZR,20190916,0.14,0.14,0.135,0.14,781265
XAM,20190916,0.049,0.05,0.049,0.05,107061
XCD,20190916,0.009,0.009,0.009,0.009,1671817
XF1,20190916,0.39,0.39,0.375,0.375,87016
XPE,20190916,0.001,0.001,0.001,0.001,400000
XPL,20190916,0.085,0.086,0.085,0.086,30233
XRF,20190916,0.245,0.25,0.24,0.25,172336
XRO,20190916,62.77,62.81,60.82,61.16,385533
XTE,20190916,0.555,0.56,0.55,0.56,59225
YAL,20190916,2.97,3.03,2.96,2.96,5572
YBR,20190916,0.078,0.078,0.072,0.072,530061
YOJ,20190916,0.078,0.08,0.076,0.079,349387
YPB,20190916,0.006,0.008,0.006,0.008,50673924
YRL,20190916,0.26,0.26,0.26,0.26,30000
Z1P,20190916,3.63,3.7,3.48,3.5,3033352
ZEL,20190916,5.22,5.22,5.06,5.06,59134
ZEN,20190916,0.64,0.64,0.63,0.63,546322
ZER,20190916,0.325,0.325,0.325,0.325,1848
ZGL,20190916,0.081,0.081,0.081,0.081,5000
ZIM,20190916,10.25,10.25,9.5,9.85,1394
ZLD,20190916,0.07,0.07,0.067,0.067,671876
ZMI,20190916,0.105,0.105,0.105,0.105,65000
ZNC,20190916,0.061,0.061,0.057,0.057,311583
ZNO,20190916,0.068,0.075,0.068,0.074,64003
XAF,20190916,6581.4,6607.4,6557.3,6584.8,0
XAO,20190916,6777.1,6794.5,6757.9,6782,0
XAT,20190916,6628.6,6648.5,6607.1,6634.3,0
XDJ,20190916,2588.7,2588.9,2554.7,2588,0
XEC,20190916,1543.5,1549.2,1540.4,1543,0
XEJ,20190916,10583.5,11202.8,10583.5,11006.3,0
XFJ,20190916,6464.1,6464.1,6402.8,6431.6,0
XFL,20190916,6636.4,6659.2,6609.1,6637.6,0
XGD,20190916,7223.7,7489,7219.7,7475.7,0
XHJ,20190916,35354.2,35354.2,34949.4,35216.4,0
XIJ,20190916,1365.6,1366.4,1351.4,1352.3,0
XJO,20190916,6669.2,6688.5,6646.6,6673.5,0
XJR,20190916,4709.2,4849.4,4709.2,4828.9,0
XKO,20190916,6628.7,6647.3,6607.1,6633.3,0
XMD,20190916,7078.5,7100.7,7058.7,7096.9,0
XMJ,20190916,13375.4,13627,13375.4,13584.2,0
XMM,20190916,4365.5,4465.9,4365.5,4452.5,0
XNJ,20190916,6734.8,6734.8,6624.9,6632.2,0
XPJ,20190916,1599.9,1599.9,1575.3,1589.7,0
XSJ,20190916,12358.3,12489,12312.4,12447.3,0
XSO,20190916,2875,2882.3,2864,2881.4,0
XTJ,20190916,1291.3,1291.3,1269.3,1278,0
XTL,20190916,3708.3,3729.2,3693.3,3708.7,0
XTO,20190916,5529.4,5546.5,5509.5,5532.2,0
XUJ,20190916,8026.2,8026.2,7881.3,7931.7,0
XXJ,20190916,7209.7,7209.7,7141.3,7173.4,0
