14D,20190228,0.36,0.36,0.35,0.355,23396
1AD,20190228,0.25,0.25,0.24,0.25,105516
1AG,20190228,0.028,0.028,0.028,0.028,78420
3DP,20190228,0.046,0.046,0.042,0.043,2023659
3PL,20190228,1.09,1.1,1.08,1.095,127885
4CE,20190228,0.01,0.01,0.01,0.01,522712
4DS,20190228,0.079,0.082,0.076,0.077,14055603
5GN,20190228,0.68,0.71,0.67,0.67,225253
88E,20190228,0.018,0.018,0.018,0.018,6759146
A1G,20190228,0.24,0.265,0.24,0.25,267813
A2B,20190228,2.06,2.14,2.05,2.14,81889
A2M,20190228,13.88,13.9,13.62,13.77,3791443
A3D,20190228,0.455,0.455,0.42,0.435,308035
A40,20190228,0.195,0.195,0.19,0.19,439291
A4N,20190228,0.12,0.12,0.11,0.11,77396
AAA,20190228,50.14,50.15,50.14,50.14,154202
AAC,20190228,0.97,0.975,0.95,0.975,1257975
AAJ,20190228,0.007,0.007,0.007,0.007,341911
AAR,20190228,0.062,0.062,0.061,0.062,85562
AB1,20190228,0.089,0.089,0.088,0.089,628754
ABA,20190228,5.43,5.43,5.26,5.32,20994
ABC,20190228,4.74,4.82,4.58,4.76,4399401
ABL,20190228,0.004,0.004,0.004,0.004,15000
ABP,20190228,3.67,3.67,3.59,3.61,1289253
ABT,20190228,0.11,0.115,0.11,0.115,6000
ABX,20190228,0.105,0.105,0.1,0.105,229433
AC8,20190228,0.44,0.44,0.425,0.425,369323
ACF,20190228,0.4,0.42,0.4,0.41,226822
ACP,20190228,0.008,0.008,0.008,0.008,36172
ACQ,20190228,1.065,1.07,1.065,1.07,20635
ACR,20190228,0.165,0.17,0.165,0.17,21200
ACW,20190228,0.055,0.056,0.055,0.056,1112996
AD8,20190228,5.15,5.2,5.08,5.09,177701
ADA,20190228,0.78,0.8,0.765,0.78,182809
ADH,20190228,1.82,1.92,1.82,1.88,626148
ADI,20190228,2.78,2.8,2.76,2.79,29492
ADJ,20190228,0.039,0.039,0.039,0.039,776010
ADN,20190228,0.006,0.006,0.005,0.006,125091
ADO,20190228,0.02,0.021,0.019,0.019,3619740
ADR,20190228,0.029,0.03,0.029,0.03,289136
ADT,20190228,0.76,0.76,0.73,0.73,118469
ADV,20190228,0.003,0.003,0.003,0.003,100000
ADY,20190228,0.014,0.014,0.014,0.014,25000
AEE,20190228,0.015,0.015,0.015,0.015,1173750
AEF,20190228,1.8,1.895,1.8,1.88,26767
AEG,20190228,1,1.01,0.99,0.99,59044
AEI,20190228,0.13,0.13,0.13,0.13,5860
AEV,20190228,0.017,0.017,0.017,0.017,22116
AFG,20190228,1.27,1.295,1.26,1.285,181954
AFI,20190228,6.02,6.04,6,6,323867
AFR,20190228,0.016,0.016,0.016,0.016,8500
AGE,20190228,0.004,0.004,0.004,0.004,1993093
AGG,20190228,4.07,4.07,4.03,4.05,2348
AGH,20190228,0.43,0.43,0.39,0.425,1216211
AGI,20190228,0.805,0.845,0.795,0.84,196891
AGL,20190228,21.45,21.54,21.11,21.21,3517547
AGR,20190228,0.125,0.13,0.125,0.125,234052
AGY,20190228,0.13,0.14,0.127,0.13,3164749
AHF,20190228,0.13,0.135,0.13,0.135,107822
AHG,20190228,2.12,2.325,2.1,2.3,3643158
AHQ,20190228,0.042,0.042,0.042,0.042,15000
AHY,20190228,0.965,0.975,0.947,0.955,415265
AHZ,20190228,0.035,0.035,0.033,0.033,417219
AIA,20190228,7.28,7.46,7.22,7.41,111878
AIS,20190228,0.18,0.18,0.18,0.18,34132
AIY,20190228,0.079,0.079,0.079,0.079,5997
AIZ,20190228,2.47,2.47,2.37,2.39,239579
AJL,20190228,0.14,0.14,0.13,0.13,144359
AJM,20190228,0.145,0.16,0.145,0.16,11238408
AJX,20190228,0.12,0.12,0.115,0.12,1524713
AKM,20190228,0.018,0.019,0.018,0.019,4116687
AKP,20190228,21.54,21.7,21.01,21.5,23829
AL8,20190228,0.071,0.071,0.071,0.071,131243
ALC,20190228,0.041,0.042,0.04,0.04,252838
ALF,20190228,0.935,0.935,0.93,0.935,138097
ALG,20190228,1.595,1.645,1.55,1.625,1297275
ALI,20190228,2,2.09,2,2.09,374403
ALK,20190228,0.21,0.21,0.205,0.205,149727
ALL,20190228,25.1,25.1,24.6,24.62,2381743
ALQ,20190228,8,8,7.84,7.88,1243999
ALT,20190228,0.004,0.004,0.004,0.004,197000
ALU,20190228,33.2,33.5,32.68,33,596305
ALX,20190228,7.1,7.16,7.04,7.12,2065283
AMA,20190228,0.93,0.95,0.915,0.94,377786
AMB,20190228,0.08,0.08,0.08,0.08,98700
AMC,20190228,15.01,15.05,14.93,15.05,4279474
AMD,20190228,0.012,0.012,0.011,0.011,657159
AMG,20190228,0.07,0.075,0.07,0.072,502437
AMH,20190228,0.84,0.845,0.835,0.835,46115
AMI,20190228,0.9,0.91,0.877,0.88,2543978
AML,20190228,0.275,0.29,0.27,0.29,304822
AMN,20190228,0.615,0.615,0.57,0.57,74345
AMP,20190228,2.38,2.38,2.35,2.36,13021598
AMS,20190228,0.8,0.89,0.8,0.8,101153
AMT,20190228,0.11,0.11,0.11,0.11,34700
ANG,20190228,0.235,0.235,0.225,0.23,326453
ANL,20190228,0.002,0.002,0.002,0.002,17263146
ANN,20190228,24.84,24.84,24.42,24.62,523489
ANO,20190228,1.99,2.19,1.99,2.03,119033
ANP,20190228,0.039,0.039,0.038,0.038,250336
ANR,20190228,0.39,0.39,0.38,0.38,4265
ANW,20190228,0.016,0.017,0.015,0.015,884326
ANZ,20190228,27.85,28,27.69,28,5947499
AOA,20190228,0.004,0.004,0.004,0.004,519890
AOF,20190228,2.71,2.73,2.68,2.72,48930
AOG,20190228,2.14,2.17,2.11,2.12,2319683
AON,20190228,0.115,0.12,0.115,0.12,211833
AOP,20190228,0.2,0.21,0.2,0.2,99832
AOU,20190228,0.061,0.061,0.061,0.061,26177
AOW,20190228,0.02,0.02,0.02,0.02,1514486
APA,20190228,9.9,10.01,9.8,10.01,2958504
APC,20190228,0.081,0.081,0.081,0.081,74322
APD,20190228,0.435,0.44,0.425,0.44,331950
APE,20190228,7.47,7.81,7.42,7.74,40464
API,20190228,1.405,1.41,1.377,1.405,1227310
APL,20190228,1.05,1.06,1.05,1.06,486300
APT,20190228,17.7,18.56,17.65,18.44,4147040
APW,20190228,1.515,1.515,1.515,1.515,1000
APX,20190228,23.6,24.07,23.28,23.41,1200661
AQC,20190228,0.55,0.59,0.5,0.555,30835
AQD,20190228,0.013,0.013,0.013,0.013,33678
AQG,20190228,3.59,3.62,3.53,3.55,574035
AQR,20190228,3.03,3.05,3.02,3.05,64535
AQZ,20190228,2.59,2.63,2.56,2.63,68525
ARA,20190228,0.67,0.67,0.64,0.64,421793
ARB,20190228,17.05,17.21,16.8,16.92,207146
ARD,20190228,0.012,0.012,0.012,0.012,113405
ARE,20190228,0.021,0.022,0.02,0.022,1187954
ARF,20190228,2.61,2.64,2.6,2.61,145361
ARG,20190228,7.65,7.67,7.61,7.63,156373
ARL,20190228,0.54,0.545,0.525,0.53,129098
ARM,20190228,0.015,0.015,0.015,0.015,25000
ARQ,20190228,2.02,2.04,1.99,1.99,407816
ARS,20190228,0.026,0.027,0.026,0.027,551271
ARU,20190228,0.049,0.05,0.049,0.05,959038
ARV,20190228,0.076,0.078,0.073,0.073,1016161
ARX,20190228,0.16,0.16,0.15,0.16,29006
AS1,20190228,0.14,0.145,0.14,0.145,312389
ASB,20190228,2.4,2.42,2.16,2.22,1766435
ASG,20190228,1.117,1.15,1.105,1.15,39229
ASL,20190228,1.75,1.775,1.71,1.74,5426766
ASN,20190228,0.088,0.088,0.083,0.083,729326
ASP,20190228,0.009,0.009,0.009,0.009,1094
AST,20190228,1.77,1.77,1.725,1.735,8344569
ASW,20190228,0.685,0.685,0.685,0.685,1430
ASX,20190228,69.02,69.87,68.94,69.77,456966
ATC,20190228,0.115,0.115,0.11,0.11,130529
ATL,20190228,0.94,0.975,0.925,0.95,343872
ATP,20190228,0.017,0.017,0.017,0.017,9836
ATR,20190228,0.2,0.2,0.2,0.2,20000
ATS,20190228,0.275,0.28,0.265,0.265,3142155
ATU,20190228,0.205,0.25,0.2,0.25,11562828
ATX,20190228,0.125,0.125,0.125,0.125,6750
AU8,20190228,0.2,0.24,0.2,0.2,1944205
AUB,20190228,12.64,12.64,12.25,12.39,93840
AUC,20190228,0.023,0.023,0.021,0.022,37973924
AUI,20190228,8.37,8.37,8.25,8.35,17104
AUL,20190228,0.004,0.004,0.004,0.004,3127843
AUR,20190228,0.03,0.032,0.03,0.032,381990
AUZ,20190228,0.036,0.036,0.034,0.034,4785453
AV1,20190228,0.115,0.115,0.096,0.096,488108
AVA,20190228,0.165,0.165,0.155,0.155,130068
AVC,20190228,0.32,0.32,0.31,0.31,49800
AVG,20190228,0.5,0.5,0.49,0.5,326022
AVH,20190228,0.14,0.145,0.13,0.135,3396076
AVJ,20190228,0.51,0.515,0.49,0.5,613127
AVL,20190228,0.024,0.024,0.023,0.023,2833805
AVN,20190228,2.2,2.24,2.19,2.24,476242
AVZ,20190228,0.046,0.046,0.043,0.044,26015269
AWC,20190228,2.56,2.57,2.515,2.55,8018051
AX1,20190228,1.55,1.55,1.51,1.53,1167787
AXE,20190228,0.078,0.079,0.078,0.079,32820
AXP,20190228,0.036,0.039,0.036,0.038,515583
AYR,20190228,0.003,0.003,0.003,0.003,3603333
AYS,20190228,0.865,0.9,0.82,0.82,1615923
AZI,20190228,0.005,0.005,0.005,0.005,100000
AZJ,20190228,4.54,4.56,4.49,4.52,7133097
AZM,20190228,0.026,0.026,0.026,0.026,428407
AZS,20190228,0.14,0.14,0.14,0.14,24000
AZV,20190228,0.052,0.052,0.052,0.052,1962
AZY,20190228,0.028,0.028,0.024,0.024,56224879
B2Y,20190228,0.078,0.08,0.078,0.08,81305
BAF,20190228,0.86,0.865,0.845,0.865,27491
BAL,20190228,8.09,8.16,7.83,8.15,2266203
BAP,20190228,6.06,6.09,5.99,6.04,973220
BAR,20190228,0.034,0.034,0.033,0.033,102173
BAT,20190228,0.026,0.027,0.026,0.027,1392919
BBN,20190228,2.3,2.385,2.26,2.36,292203
BBX,20190228,0.16,0.16,0.16,0.16,71425
BC8,20190228,0.195,0.2,0.195,0.2,78644
BCB,20190228,0.02,0.02,0.02,0.02,3690000
BCC,20190228,0.2,0.2,0.17,0.185,50000
BCI,20190228,0.165,0.165,0.155,0.16,658902
BCN,20190228,0.02,0.02,0.019,0.019,362000
BCT,20190228,0.071,0.076,0.071,0.075,2764020
BD1,20190228,0.017,0.017,0.017,0.017,3924664
BDA,20190228,0.49,0.495,0.485,0.495,86900
BDC,20190228,0.048,0.048,0.044,0.045,1628832
BDG,20190228,0.1,0.1,0.085,0.089,365409
BEE,20190228,0.041,0.041,0.04,0.04,142400
BEM,20190228,0.076,0.076,0.069,0.069,551148
BEN,20190228,9.85,9.9,9.78,9.86,2590106
BFC,20190228,0.145,0.145,0.135,0.135,121767
BFG,20190228,0.88,0.905,0.88,0.885,296357
BGA,20190228,4.92,4.94,4.61,4.76,1212240
BGL,20190228,0.64,0.65,0.62,0.64,1350668
BGS,20190228,0.195,0.195,0.185,0.185,536495
BGT,20190228,0.105,0.105,0.1,0.1,178530
BHP,20190228,37.92,37.97,37.21,37.23,10667215
BID,20190228,1.07,1.102,1.035,1.06,462000
BIN,20190228,1.8,1.85,1.59,1.67,34707851
BIS,20190228,1.175,1.175,1.175,1.175,657
BIT,20190228,0.073,0.076,0.072,0.073,1257174
BKI,20190228,1.51,1.52,1.51,1.52,116820
BKL,20190228,94.38,95.7,92.19,93.25,56317
BKT,20190228,0.082,0.083,0.075,0.075,1871682
BKW,20190228,18.76,18.8,18.32,18.38,270227
BKY,20190228,0.415,0.44,0.415,0.435,719656
BLA,20190228,0.8,0.805,0.75,0.75,340684
BLD,20190228,4.97,5.02,4.87,4.98,6651051
BLG,20190228,0.2,0.2,0.195,0.195,310325
BLK,20190228,0.033,0.033,0.029,0.029,15085278
BLT,20190228,0.13,0.13,0.13,0.13,88251
BLX,20190228,1.16,1.185,1.16,1.185,16728
BLY,20190228,0.005,0.005,0.004,0.004,71265360
BLZ,20190228,0.026,0.026,0.026,0.026,15000
BMG,20190228,0.01,0.01,0.01,0.01,1192200
BMN,20190228,0.039,0.041,0.039,0.04,960501
BNO,20190228,0.2,0.25,0.195,0.24,4955713
BOC,20190228,0.15,0.15,0.15,0.15,14540
BOE,20190228,0.056,0.058,0.056,0.058,1935560
BOL,20190228,0.18,0.18,0.175,0.175,1300539
BOQ,20190228,8.95,9.08,8.92,9.01,2568846
BOT,20190228,0.115,0.115,0.11,0.11,250444
BPL,20190228,0.02,0.02,0.02,0.02,55000
BPP,20190228,0.022,0.022,0.022,0.022,1029151
BPT,20190228,2.08,2.11,2.07,2.08,8117847
BRB,20190228,0.42,0.435,0.42,0.435,158123
BRG,20190228,15.78,15.85,15.21,15.75,409713
BRK,20190228,0.012,0.012,0.012,0.012,900000
BRL,20190228,0.132,0.135,0.13,0.135,101143936
BRN,20190228,0.06,0.066,0.06,0.064,1127210
BRU,20190228,0.235,0.245,0.235,0.24,628082
BSA,20190228,0.27,0.29,0.27,0.28,365069
BSE,20190228,0.28,0.28,0.27,0.27,629806
BSL,20190228,13.55,13.64,13.345,13.46,4175851
BSM,20190228,0.013,0.013,0.012,0.012,6011245
BSR,20190228,0.018,0.018,0.018,0.018,400000
BSX,20190228,0.091,0.091,0.09,0.09,14062
BTH,20190228,0.37,0.38,0.36,0.375,296988
BTI,20190228,0.78,0.78,0.78,0.78,650
BUB,20190228,0.595,0.625,0.56,0.56,6655862
BUD,20190228,0.073,0.073,0.064,0.066,2859661
BUL,20190228,0.044,0.046,0.043,0.043,2269852
BUX,20190228,0.11,0.115,0.11,0.115,170174
BUY,20190228,0.004,0.004,0.004,0.004,790000
BVS,20190228,5.11,5.21,5.04,5.12,1802224
BWP,20190228,3.69,3.71,3.67,3.7,1282410
BWX,20190228,2.3,2.5,2.295,2.37,714322
BXB,20190228,11.68,11.81,11.64,11.76,5103445
BXN,20190228,0.022,0.022,0.022,0.022,23465
BYE,20190228,0.32,0.335,0.32,0.335,237960
BYI,20190228,0.9,0.9,0.86,0.86,16700
C6C,20190228,1.09,1.1,1.05,1.07,77315
CA8,20190228,0.115,0.115,0.115,0.115,15000
CAA,20190228,0.13,0.13,0.115,0.115,1293428
CAD,20190228,0.001,0.001,0.001,0.001,230000
CAE,20190228,0.015,0.015,0.015,0.015,25000
CAF,20190228,0.125,0.135,0.125,0.135,127544
CAG,20190228,1.305,1.37,1.25,1.37,27300
CAI,20190228,0.027,0.027,0.025,0.026,912547
CAJ,20190228,0.185,0.197,0.185,0.195,9470636
CAM,20190228,0.865,0.865,0.85,0.855,213883
CAN,20190228,1.745,1.79,1.73,1.75,147663
CAR,20190228,12.8,12.81,12.61,12.69,656033
CAT,20190228,0.805,0.81,0.8,0.8,59091
CAY,20190228,0.225,0.225,0.215,0.215,214445
CBA,20190228,73.51,73.95,73.16,73.95,3968439
CBC,20190228,0.94,0.945,0.94,0.945,40911
CCA,20190228,0.061,0.061,0.06,0.06,53046
CCE,20190228,0.003,0.003,0.003,0.003,2705170
CCL,20190228,7.93,8.01,7.92,7.97,2376419
CCP,20190228,21.85,21.85,21.57,21.68,158889
CCV,20190228,0.22,0.22,0.21,0.21,512661
CCX,20190228,1.435,1.45,1.41,1.42,131279
CD1,20190228,1.72,1.72,1.72,1.72,9302
CD2,20190228,2.13,2.13,2.12,2.13,15632
CD3,20190228,1.67,1.67,1.67,1.67,5800
CDA,20190228,3.06,3.09,3.06,3.08,43329
CDD,20190228,1.15,1.15,1.1,1.12,155591
CDM,20190228,0.885,0.9,0.885,0.89,302442
CDP,20190228,7.12,7.15,7.05,7.14,9905
CDV,20190228,0.385,0.385,0.38,0.385,209058
CDX,20190228,0.06,0.061,0.059,0.06,2845731
CDY,20190228,0.27,0.27,0.27,0.27,36000
CE1,20190228,0.044,0.044,0.044,0.044,418042
CEN,20190228,6.085,6.085,6.085,6.085,2150956
CFO,20190228,0.155,0.18,0.155,0.18,144486
CGC,20190228,5.49,5.55,5.2,5.34,3793140
CGF,20190228,7.95,8.05,7.82,8.05,3104590
CGL,20190228,6.73,6.79,6.71,6.79,77488
CGN,20190228,0.014,0.014,0.014,0.014,9375
CGR,20190228,0.53,0.55,0.53,0.55,360419
CGS,20190228,0.36,0.365,0.36,0.36,24115
CHC,20190228,8.72,8.8,8.69,8.8,1797885
CHK,20190228,0.013,0.013,0.013,0.013,5963772
CHN,20190228,0.157,0.157,0.15,0.15,192886
CHR,20190228,4.13,4.13,4,4,43800
CI1,20190228,0.015,0.015,0.014,0.014,259424
CIA,20190228,1.785,1.785,1.74,1.74,125072
CIE,20190228,0.78,0.79,0.775,0.79,42641
CIM,20190228,49.85,50.6,49.45,50.15,396097
CIO,20190228,0.002,0.003,0.002,0.002,1927848
CIP,20190228,2.96,2.96,2.92,2.95,196283
CIW,20190228,0.455,0.455,0.455,0.455,2525
CKA,20190228,0.064,0.067,0.061,0.065,455553
CKF,20190228,6.6,6.6,6.41,6.45,179052
CL1,20190228,1.47,1.48,1.47,1.48,89946
CL8,20190228,0.011,0.011,0.011,0.011,807240
CLB,20190228,0.17,0.17,0.17,0.17,166479
CLF,20190228,1.28,1.28,1.28,1.28,4006
CLH,20190228,1.43,1.43,1.36,1.37,434833
CLI,20190228,0.014,0.014,0.014,0.014,1404101
CLQ,20190228,0.335,0.345,0.33,0.335,971066
CLT,20190228,0.26,0.26,0.245,0.245,147359
CLV,20190228,1.85,1.85,1.72,1.785,171565
CLW,20190228,4.52,4.58,4.45,4.45,1493494
CLZ,20190228,0.002,0.002,0.002,0.002,1249000
CMA,20190228,2.45,2.47,2.45,2.45,299309
CMD,20190228,0.019,0.02,0.019,0.02,191720
CML,20190228,0.019,0.02,0.019,0.02,579436
CMM,20190228,0.069,0.07,0.068,0.07,907198
CMP,20190228,0.345,0.345,0.33,0.33,91396
CMW,20190228,1.1,1.115,1.097,1.105,7623843
CNI,20190228,1.34,1.35,1.34,1.35,1946885
CNU,20190228,4.99,5.01,4.905,4.98,514796
CNW,20190228,0.034,0.036,0.033,0.035,13268316
COB,20190228,0.165,0.17,0.16,0.165,225687
COE,20190228,0.515,0.52,0.51,0.52,3501327
COG,20190228,0.105,0.105,0.105,0.105,350000
COH,20190228,169.51,171.85,168.23,170.5,620569
COI,20190228,0.34,0.345,0.34,0.34,125563
COL,20190228,11.45,11.46,11.31,11.33,7435078
COY,20190228,0.006,0.006,0.006,0.006,250000
CP1,20190228,0.12,0.12,0.12,0.12,38050
CPH,20190228,0.39,0.39,0.385,0.387,104011
CPU,20190228,17.05,17.31,17.03,17.25,1805804
CPV,20190228,0.36,0.38,0.35,0.36,635869
CQE,20190228,3.27,3.34,3.25,3.34,230691
CQR,20190228,4.58,4.62,4.53,4.55,1583989
CR1,20190228,0.245,0.245,0.245,0.245,7000
CRD,20190228,0.82,0.84,0.78,0.835,85481
CRN,20190228,3.43,3.54,3.39,3.51,1981321
CSL,20190228,188.03,193.76,187.53,193.76,1170704
CSR,20190228,3.43,3.46,3.31,3.36,3217517
CSS,20190228,1.045,1.065,1.045,1.065,26450
CSV,20190228,0.175,0.19,0.175,0.19,563272
CT1,20190228,0.01,0.01,0.01,0.01,114186
CTD,20190228,27,27.12,26.4,26.81,461086
CTM,20190228,0.007,0.007,0.006,0.006,1336903
CTO,20190228,0.006,0.006,0.006,0.006,1049611
CTP,20190228,0.14,0.14,0.132,0.135,1111904
CTX,20190228,29.2,29.28,28.5,28.6,4078468
CUE,20190228,0.064,0.064,0.063,0.063,100191
CUL,20190228,0.013,0.013,0.013,0.013,140000
CUP,20190228,0.565,0.565,0.54,0.555,46246
CUV,20190228,25.81,27.25,25.385,26.73,130232
CV1,20190228,0.078,0.082,0.078,0.082,32500
CVC,20190228,2.53,2.53,2.53,2.53,390
CVL,20190228,0.495,0.495,0.495,0.495,10000
CVN,20190228,0.41,0.42,0.405,0.405,3151507
CVW,20190228,0.9,0.9,0.85,0.89,392201
CWN,20190228,11.41,11.5,11.38,11.46,1590344
CWP,20190228,5.36,5.4,5.32,5.36,86253
CWY,20190228,2.18,2.2,2.16,2.17,5629147
CXL,20190228,0.825,0.825,0.82,0.82,25000
CXM,20190228,0.11,0.11,0.11,0.11,50000
CXO,20190228,0.059,0.059,0.054,0.054,1941691
CXU,20190228,0.025,0.025,0.025,0.025,20000
CXX,20190228,0.095,0.095,0.09,0.09,346069
CXZ,20190228,0.014,0.014,0.011,0.013,8114834
CYB,20190228,3.59,3.59,3.55,3.58,2465378
CYC,20190228,1.175,1.18,1.175,1.18,6364
CYG,20190228,0.81,0.85,0.81,0.82,214619
CYP,20190228,1.57,1.59,1.52,1.585,21640
CYQ,20190228,0.004,0.004,0.004,0.004,3680115
CZI,20190228,0.092,0.092,0.089,0.091,360383
CZL,20190228,0.02,0.02,0.02,0.02,448095
CZR,20190228,0.01,0.01,0.01,0.01,128156
D2O,20190228,1.46,1.46,1.46,1.46,35953
DCC,20190228,0.052,0.054,0.052,0.054,647703
DCG,20190228,0.905,0.925,0.84,0.87,1576810
DCN,20190228,2.81,2.83,2.775,2.82,264661
DDD,20190228,0.002,0.002,0.002,0.002,6000000
DDR,20190228,3.3,3.33,3.27,3.33,146450
DDT,20190228,0.008,0.008,0.007,0.008,4922973
DEG,20190228,0.105,0.11,0.105,0.105,140828
DEV,20190228,0.043,0.043,0.043,0.043,2384
DFM,20190228,0.96,0.96,0.93,0.94,10118
DGR,20190228,0.125,0.125,0.125,0.125,77265
DHG,20190228,2.69,2.785,2.69,2.7,1342882
DHR,20190228,0.004,0.004,0.004,0.004,7898232
DIV,20190228,19.89,19.89,19.85,19.88,1111
DJW,20190228,3.19,3.22,3.18,3.18,126415
DLC,20190228,0.006,0.006,0.006,0.006,40000
DLX,20190228,7.4,7.405,7.25,7.28,1412751
DMG,20190228,0.019,0.019,0.019,0.019,5000
DMP,20190228,41.03,41.31,40.85,41.25,513592
DN8,20190228,0.095,0.095,0.095,0.095,20636
DNA,20190228,0.07,0.075,0.065,0.069,3748632
DNK,20190228,0.785,0.795,0.78,0.79,135827
DOR,20190228,0.076,0.076,0.076,0.076,16871
DOW,20190228,7.43,7.46,7.375,7.44,1553205
DRM,20190228,0.46,0.46,0.43,0.435,1885412
DRO,20190228,0.11,0.11,0.11,0.11,62825
DRX,20190228,0.013,0.015,0.013,0.015,1150000
DSE,20190228,0.029,0.031,0.028,0.03,1440461
DTL,20190228,1.63,1.64,1.605,1.64,1560564
DTR,20190228,0.003,0.003,0.003,0.003,466683
DTS,20190228,0.16,0.16,0.15,0.16,2109687
DTZ,20190228,0.082,0.09,0.079,0.09,1416797
DUB,20190228,0.78,0.795,0.76,0.76,1535793
DUI,20190228,4.05,4.06,4.03,4.03,77770
DVL,20190228,0.037,0.04,0.034,0.034,373917
DWS,20190228,1.195,1.205,1.195,1.205,60485
DXB,20190228,0.086,0.086,0.086,0.086,30000
DXN,20190228,0.11,0.11,0.105,0.105,15881
DXS,20190228,12.08,12.15,11.99,12.02,5818059
DYL,20190228,0.44,0.45,0.435,0.44,77679
E25,20190228,0.155,0.155,0.155,0.155,13696
E2E,20190228,0.006,0.006,0.005,0.005,2316802
E2M,20190228,0.15,0.16,0.15,0.16,112299
EAF,20190228,1.17,1.18,1.17,1.18,73121
EAR,20190228,0.215,0.215,0.205,0.21,1114333
EAX,20190228,0.31,0.31,0.3,0.3,75183
EBO,20190228,20.42,20.46,20.42,20.46,300
ECG,20190228,0.115,0.12,0.115,0.12,51029
ECL,20190228,1.425,1.43,1.42,1.43,31500
ECT,20190228,0.011,0.011,0.01,0.01,2846693
ECX,20190228,2,2.005,1.96,1.975,689871
ED1,20190228,1.555,1.6,1.55,1.6,57024
EDC,20190228,1,1,1,1,520
EDE,20190228,0.054,0.054,0.053,0.053,1814005
EEG,20190228,0.018,0.018,0.017,0.017,189611
EEU,20190228,15.38,15.38,15.38,15.38,325
EFF,20190228,1.58,1.58,1.58,1.58,7759
EGA,20190228,0.265,0.27,0.265,0.27,145959
EGD,20190228,1.95,1.975,1.95,1.975,50438
EGF,20190228,1.55,1.56,1.55,1.56,89340
EGH,20190228,0.26,0.27,0.26,0.265,167254
EGI,20190228,0.975,0.98,0.96,0.965,48955
EGN,20190228,0.46,0.46,0.46,0.46,37960
EGY,20190228,0.26,0.26,0.255,0.255,2090
EHE,20190228,2.32,2.39,2.32,2.37,1485072
EHH,20190228,0.24,0.25,0.225,0.24,63822
EHL,20190228,2.26,2.26,2.13,2.14,1003663
EHX,20190228,0.024,0.024,0.022,0.022,56296
ELD,20190228,6.3,6.3,6.09,6.2,615472
ELO,20190228,6.5,6.5,5.5,5.99,161752
ELS,20190228,0.52,0.525,0.5,0.5,4424
ELX,20190228,0.57,0.58,0.55,0.55,199704
EM1,20190228,0.022,0.023,0.02,0.02,44161571
EM2,20190228,0.16,0.16,0.15,0.15,50879
EMB,20190228,12.09,12.09,12.05,12.05,2000
EMH,20190228,0.325,0.325,0.32,0.325,56109
EML,20190228,1.65,1.68,1.57,1.62,1485673
EMN,20190228,0.255,0.28,0.255,0.27,157329
EMR,20190228,0.043,0.043,0.043,0.043,400000
EMV,20190228,0.4,0.415,0.4,0.415,166053
EN1,20190228,0.022,0.023,0.021,0.021,6561724
ENN,20190228,1.72,1.72,1.705,1.71,51364
ENR,20190228,0.068,0.073,0.068,0.072,307680
EOS,20190228,2.74,2.79,2.61,2.63,150297
EPD,20190228,0.495,0.495,0.475,0.49,442406
EPM,20190228,0.002,0.002,0.002,0.002,124065
EPW,20190228,1.74,1.75,1.73,1.75,191449
EQT,20190228,24.74,24.75,24.5,24.5,25303
EQX,20190228,0.29,0.29,0.29,0.29,11000
ERA,20190228,0.31,0.32,0.31,0.31,13920
ERF,20190228,1.22,1.22,1.205,1.205,20225
ERM,20190228,0.084,0.085,0.083,0.085,94444
ERX,20190228,0.079,0.08,0.079,0.08,538830
ESE,20190228,0.023,0.023,0.022,0.022,461347
ESH,20190228,0.018,0.018,0.018,0.018,640382
ESK,20190228,0.28,0.295,0.28,0.295,73630
ESV,20190228,0.11,0.11,0.11,0.11,627100
ETE,20190228,0.011,0.011,0.011,0.011,222000
EUC,20190228,0.022,0.024,0.022,0.022,995800
EUR,20190228,0.09,0.09,0.089,0.089,521924
EVE,20190228,0.005,0.005,0.005,0.005,774000
EVN,20190228,3.63,3.65,3.59,3.61,6005750
EVO,20190228,0.215,0.22,0.2,0.2,150346
EVS,20190228,0.095,0.095,0.092,0.092,540101
EVT,20190228,12.92,13.2,12.92,13.2,26099
EVZ,20190228,0.28,0.28,0.26,0.26,3966
EWC,20190228,0.099,0.1,0.09,0.09,2914871
EX1,20190228,0.495,0.495,0.47,0.49,122000
EXL,20190228,3.47,3.48,3.37,3.44,142503
EXP,20190228,0.335,0.34,0.325,0.34,1063600
EXU,20190228,0.17,0.17,0.17,0.17,246189
EZL,20190228,1.19,1.19,1.19,1.19,21390
FAM,20190228,0.001,0.001,0.001,0.001,2980155
FAR,20190228,0.057,0.06,0.057,0.06,5013742
FAU,20190228,0.017,0.017,0.017,0.017,125192
FBR,20190228,0.105,0.11,0.1,0.1,5981500
FBU,20190228,4.73,4.75,4.69,4.73,1266102
FCC,20190228,0.21,0.215,0.2,0.215,166005
FCT,20190228,0.3,0.33,0.3,0.32,583123
FDM,20190228,0.086,0.088,0.079,0.084,1674231
FDV,20190228,0.48,0.48,0.47,0.48,123038
FEX,20190228,0.063,0.064,0.061,0.062,1618417
FFG,20190228,0.012,0.012,0.012,0.012,1208955
FGF,20190228,0.007,0.007,0.007,0.007,5059065
FGG,20190228,1.36,1.37,1.36,1.365,132311
FGO,20190228,0.007,0.007,0.005,0.005,44009714
FGR,20190228,0.15,0.15,0.14,0.14,562894
FGX,20190228,1.185,1.205,1.185,1.205,146270
FHS,20190228,0.014,0.015,0.012,0.015,1550000
FID,20190228,5,5.06,5,5.05,2547
FIJ,20190228,0.1,0.105,0.094,0.094,289990
FLC,20190228,0.37,0.37,0.35,0.36,247998
FLN,20190228,0.655,0.66,0.65,0.66,23555
FLT,20190228,44.49,46.16,44.31,45.77,1020430
FMG,20190228,6.13,6.21,6.03,6.06,30795387
FML,20190228,0.255,0.26,0.255,0.26,34090
FMS,20190228,0.042,0.042,0.042,0.042,68695
FNP,20190228,4.88,4.99,4.81,4.89,369621
FOD,20190228,0.12,0.12,0.068,0.07,10186452
FOR,20190228,1.4,1.405,1.38,1.405,78021
FPC,20190228,0.87,0.87,0.87,0.87,25000
FPH,20190228,13.77,14.13,13.74,14.07,464133
FPL,20190228,0.008,0.008,0.007,0.008,6723650
FRI,20190228,0.85,0.85,0.84,0.84,124573
FRM,20190228,0.73,0.73,0.73,0.73,4500
FSA,20190228,1.1,1.155,1.07,1.135,64580
FSF,20190228,4.15,4.22,3.8,3.98,160648
FSI,20190228,1.73,1.74,1.73,1.74,14432
FTC,20190228,0.036,0.036,0.035,0.035,31078
FTT,20190228,0.005,0.005,0.004,0.004,224107
FUN,20190228,0.05,0.05,0.05,0.05,1344
FWD,20190228,1.67,1.71,1.65,1.71,292600
FXL,20190228,1.625,1.655,1.505,1.535,2689933
FZO,20190228,0.265,0.265,0.235,0.24,441304
G1A,20190228,0.37,0.375,0.36,0.36,484587
G88,20190228,0.09,0.09,0.09,0.09,28381
GAL,20190228,0.2,0.2,0.2,0.2,160975
GAP,20190228,0.34,0.34,0.335,0.34,243621
GAS,20190228,0.86,0.87,0.81,0.83,107045
GBR,20190228,0.155,0.17,0.155,0.17,6292
GBT,20190228,1.68,1.69,1.68,1.685,10106
GC1,20190228,0.88,0.88,0.855,0.855,28286
GCI,20190228,2.05,2.05,2.04,2.04,96136
GCM,20190228,1.6,1.6,1.6,1.6,650
GCY,20190228,0.099,0.1,0.098,0.098,569405
GDF,20190228,1.37,1.39,1.37,1.382,98825
GDG,20190228,0.615,0.615,0.595,0.6,108380
GDI,20190228,1.41,1.43,1.395,1.405,596657
GDX,20190228,31.36,31.36,31.12,31.18,14869
GEM,20190228,3.08,3.17,3.07,3.13,3538559
GEV,20190228,0.165,0.17,0.165,0.17,81422
GFL,20190228,1.995,1.995,1.965,1.965,10383
GGE,20190228,0.004,0.004,0.004,0.004,453690
GGG,20190228,0.055,0.059,0.055,0.055,3069914
GGX,20190228,0.004,0.004,0.004,0.004,95875
GIB,20190228,0.061,0.061,0.058,0.058,64141
GLA,20190228,0.002,0.003,0.002,0.003,18623016
GLB,20190228,1.72,1.8,1.72,1.8,40538
GLL,20190228,0.42,0.435,0.4,0.435,808098
GLN,20190228,0.485,0.5,0.485,0.5,163095
GLV,20190228,0.004,0.004,0.004,0.004,506993
GMA,20190228,2.65,2.66,2.61,2.64,1898607
GMC,20190228,0.008,0.009,0.008,0.009,1283333
GMD,20190228,0.038,0.038,0.037,0.037,432641
GME,20190228,0.083,0.083,0.083,0.083,8830
GMG,20190228,12.69,12.9,12.61,12.8,6196194
GMV,20190228,0.295,0.295,0.295,0.295,61455
GMY,20190228,0.685,0.685,0.68,0.68,3000
GNC,20190228,9.8,9.81,9.72,9.75,468427
GNE,20190228,2.66,2.68,2.66,2.68,3886
GNG,20190228,1.18,1.18,1.18,1.18,497
GNX,20190228,0.25,0.26,0.245,0.245,83451
GOR,20190228,0.93,0.935,0.92,0.925,2172600
GOW,20190228,2.61,2.61,2.61,2.61,742
GOZ,20190228,4.12,4.12,4.025,4.05,691663
GPR,20190228,0.012,0.012,0.012,0.012,1186071
GPT,20190228,5.84,5.9,5.825,5.85,7689059
GPX,20190228,0.25,0.25,0.24,0.24,30462
GRB,20190228,0.105,0.105,0.1,0.105,401493
GRR,20190228,0.265,0.27,0.25,0.255,5406555
GSM,20190228,0.1,0.125,0.1,0.125,69333
GSS,20190228,0.95,0.95,0.91,0.91,23353
GSW,20190228,0.295,0.295,0.28,0.28,531312
GTE,20190228,0.005,0.005,0.005,0.005,35670
GTG,20190228,0.008,0.008,0.008,0.008,970320
GTK,20190228,4.38,4.45,4.37,4.4,5526
GTN,20190228,1.325,1.375,1.25,1.35,178517
GUD,20190228,12.97,12.97,12.58,12.65,222479
GUL,20190228,0.027,0.027,0.027,0.027,25800
GVF,20190228,1.045,1.055,1.045,1.05,40003
GWA,20190228,3.14,3.15,3.09,3.1,1108148
GWR,20190228,0.1,0.1,0.1,0.1,43991
GXY,20190228,2.25,2.29,2.12,2.19,5542578
GZL,20190228,6.06,6.06,6.06,6.06,35709
HAS,20190228,0.15,0.15,0.145,0.145,51656
HAV,20190228,0.16,0.16,0.15,0.15,202127
HCH,20190228,0.031,0.032,0.029,0.029,4786526
HE8,20190228,0.12,0.13,0.12,0.13,655910
HFR,20190228,0.585,0.61,0.585,0.59,67070
HGL,20190228,0.042,0.042,0.04,0.04,20000
HGM,20190228,0.007,0.007,0.007,0.007,1717
HGO,20190228,0.075,0.084,0.075,0.084,173086
HHM,20190228,0.025,0.025,0.025,0.025,91523
HIG,20190228,0.102,0.102,0.102,0.102,661000
HIL,20190228,0.185,0.185,0.18,0.185,151854
HIP,20190228,0.012,0.012,0.011,0.011,557283
HIT,20190228,1.035,1.035,1.03,1.03,62949
HLA,20190228,0.97,0.97,0.97,0.97,246971
HLO,20190228,4.85,4.91,4.75,4.76,121985
HLS,20190228,2.8,2.84,2.75,2.78,1092832
HLX,20190228,0.021,0.023,0.021,0.023,1300000
HM1,20190228,2.77,2.77,2.76,2.77,136601
HMD,20190228,0.23,0.235,0.23,0.235,115579
HNG,20190228,0.425,0.425,0.425,0.425,3601
HNR,20190228,0.01,0.01,0.01,0.01,152587
HPI,20190228,3.17,3.2,3.15,3.18,31240
HPR,20190228,0.064,0.064,0.063,0.063,100000
HRL,20190228,0.087,0.091,0.087,0.09,94786
HRN,20190228,0.19,0.195,0.19,0.195,7270
HRR,20190228,0.57,0.57,0.57,0.57,92
HSC,20190228,0.03,0.031,0.03,0.03,1967873
HSN,20190228,3.15,3.23,3.12,3.19,351666
HSO,20190228,2.48,2.49,2.47,2.49,17277608
HT1,20190228,1.845,1.85,1.82,1.85,86438
HTA,20190228,0.135,0.14,0.13,0.135,7838
HUB,20190228,12.3,12.52,11.63,11.64,235791
HUO,20190228,4.79,4.9,4.79,4.86,80058
HVN,20190228,3.63,3.68,3.49,3.6,6957952
HWK,20190228,0.018,0.018,0.018,0.018,100014
HXG,20190228,0.14,0.15,0.14,0.15,197525
HYD,20190228,0.022,0.022,0.021,0.021,1017758
HZN,20190228,0.115,0.12,0.115,0.115,256809
HZR,20190228,0.24,0.24,0.23,0.23,56349
IAA,20190228,86.38,86.54,85.33,85.71,6888
IAB,20190228,0.105,0.105,0.105,0.105,201904
IAF,20190228,109.6,109.8,109.52,109.76,7712
IAG,20190228,7.29,7.36,7.26,7.35,6157549
IAM,20190228,0.006,0.006,0.005,0.005,6337000
IAU,20190228,0.3,0.3,0.3,0.3,239
IBG,20190228,0.028,0.029,0.028,0.028,561028
IBX,20190228,0.027,0.028,0.027,0.028,55027
ICG,20190228,0.004,0.004,0.004,0.004,3611000
ICI,20190228,0.052,0.059,0.052,0.059,84922
ICN,20190228,0.018,0.019,0.018,0.019,405933
ICQ,20190228,0.115,0.115,0.11,0.11,82750
ICS,20190228,0.95,0.98,0.95,0.96,8830
ICT,20190228,0.056,0.056,0.053,0.053,78568
ICU,20190228,0.017,0.017,0.017,0.017,57826
ID8,20190228,0.63,0.63,0.6,0.63,47500
IDT,20190228,0.16,0.16,0.155,0.16,531387
IDX,20190228,2.625,2.71,2.55,2.64,102069
IDZ,20190228,0.016,0.016,0.014,0.014,1196018
IEL,20190228,14.82,15.09,14.73,14.9,571260
IEM,20190228,60.31,60.42,60.08,60.08,17348
IEU,20190228,60,60.15,59.78,60.02,19506
IFL,20190228,6.79,6.85,6.37,6.58,1938067
IFM,20190228,1.55,1.575,1.545,1.56,546258
IFN,20190228,0.5,0.5,0.49,0.495,2640398
IFT,20190228,3.83,3.83,3.83,3.83,2400
IGB,20190228,107.04,107.31,107.04,107.27,8211
IGE,20190228,0.275,0.28,0.275,0.28,211923
IGL,20190228,2.25,2.28,2.25,2.25,74769
IGN,20190228,0.053,0.053,0.053,0.053,33176
IGO,20190228,4.92,4.97,4.85,4.88,1532831
IHD,20190228,13.72,13.72,13.62,13.67,10808
IHL,20190228,0.017,0.018,0.016,0.018,1775452
IHR,20190228,0.145,0.145,0.13,0.145,74153
IJH,20190228,271.15,271.15,268.52,269.06,126
IJP,20190228,76.72,76.92,76.38,76.71,12029
IJR,20190228,112,112.7,112,112.7,4700
IKO,20190228,90.73,91.46,90.73,90.93,837
ILB,20190228,120.65,120.65,119.61,119.84,1144
ILC,20190228,24.4,24.46,24.34,24.46,19780
ILU,20190228,9.4,9.42,9.15,9.17,1621549
IMA,20190228,0.175,0.175,0.17,0.175,231844
IMC,20190228,0.26,0.26,0.26,0.26,10000
IMD,20190228,1.175,1.185,1.125,1.125,582793
IME,20190228,0.026,0.026,0.024,0.024,276065
IMF,20190228,2.97,2.97,2.9,2.91,218129
IMM,20190228,0.03,0.031,0.03,0.031,1145906
IMS,20190228,0.012,0.012,0.009,0.01,4558313
IMU,20190228,0.018,0.02,0.017,0.02,18339733
INA,20190228,3.09,3.1,3.015,3.02,320447
INF,20190228,0.078,0.081,0.078,0.081,433000
ING,20190228,4.55,4.69,3.965,4.04,6416487
INP,20190228,0.09,0.092,0.089,0.09,740767
INR,20190228,0.17,0.175,0.165,0.165,1604436
IOD,20190228,0.025,0.025,0.025,0.025,17000
IOO,20190228,65.04,66,64.83,65.09,11540
IOZ,20190228,25.48,25.48,25.33,25.43,68071
IP1,20190228,0.022,0.022,0.021,0.021,282159
IPB,20190228,0.031,0.031,0.03,0.031,468209
IPD,20190228,0.25,0.25,0.245,0.25,701914
IPH,20190228,6.09,6.14,6,6.06,710414
IPL,20190228,3.4,3.405,3.345,3.37,8019755
IRC,20190228,0.15,0.15,0.15,0.15,66640
IRD,20190228,0.087,0.087,0.086,0.086,21554
IRE,20190228,12.13,12.2,11.93,12,1971636
IRI,20190228,2.31,2.34,2.28,2.33,185243
ISD,20190228,0.26,0.265,0.255,0.265,398918
ISO,20190228,5.01,5.01,4.97,4.97,8447
ISU,20190228,0.735,0.74,0.69,0.72,205931
ISX,20190228,0.22,0.23,0.215,0.225,1635508
ITW,20190228,48.04,48.04,48.04,48.04,23
IVC,20190228,14.75,14.96,14.49,14.96,1353601
IVE,20190228,90.2,91,89.67,90.21,7886
IVO,20190228,0.004,0.004,0.004,0.004,2500000
IVQ,20190228,0.072,0.075,0.07,0.075,50000
IVR,20190228,0.011,0.012,0.01,0.01,1327694
IVV,20190228,393.92,393.92,392.38,393.16,9650
IVX,20190228,0.016,0.016,0.014,0.014,3362184
IVZ,20190228,0.043,0.043,0.042,0.042,366520
IXI,20190228,69.1,69.5,69.1,69.24,1230
IXJ,20190228,84.6,85.54,84.6,84.97,2896
IZZ,20190228,61.85,61.9,61.4,61.64,4737
JAN,20190228,0.36,0.39,0.36,0.39,76000
JAT,20190228,0.06,0.061,0.059,0.059,2473692
JAY,20190228,0.36,0.36,0.36,0.36,4000
JBH,20190228,21.63,21.94,21.46,21.7,1980262
JHC,20190228,1.275,1.38,1.26,1.38,1603817
JHG,20190228,34.53,34.85,34.37,34.79,165360
JHL,20190228,0.031,0.031,0.031,0.031,99770
JHX,20190228,17.99,18.03,17.48,17.64,2791358
JIN,20190228,10.24,10.69,10.22,10.51,194133
JJF,20190228,0.096,0.1,0.09,0.09,102237
JLG,20190228,1.28,1.33,1.26,1.28,596063
JMS,20190228,0.35,0.35,0.34,0.34,2153840
JRV,20190228,0.26,0.26,0.25,0.25,50153
JXT,20190228,0.14,0.14,0.14,0.14,2700
JYC,20190228,1.44,1.445,1.41,1.445,14582
K2F,20190228,0.125,0.15,0.125,0.13,169065
KAI,20190228,0.018,0.018,0.017,0.017,622973
KAR,20190228,1.095,1.105,1.06,1.06,657855
KCN,20190228,0.165,0.165,0.16,0.16,407231
KDR,20190228,1.4,1.415,1.36,1.39,881856
KEY,20190228,0.006,0.006,0.006,0.006,100000
KFE,20190228,0.085,0.085,0.082,0.082,162316
KGL,20190228,0.31,0.31,0.29,0.29,111380
KGM,20190228,0.004,0.004,0.004,0.004,25400
KGN,20190228,4.09,4.15,4.06,4.09,625893
KIN,20190228,0.068,0.07,0.068,0.07,212104
KKT,20190228,0.2,0.22,0.2,0.22,61946
KLA,20190228,52,52,51,51,4920
KLL,20190228,0.43,0.44,0.43,0.43,36868
KMD,20190228,2.43,2.49,2.42,2.49,80901
KME,20190228,0.88,0.92,0.88,0.92,45857
KMT,20190228,0.014,0.015,0.014,0.015,229994
KNL,20190228,0.11,0.11,0.11,0.11,57000
KNM,20190228,0.021,0.021,0.018,0.018,891228
KOR,20190228,0.029,0.029,0.029,0.029,119768
KOV,20190228,2.64,2.64,2.64,2.64,425
KP2,20190228,0.053,0.053,0.052,0.052,100000
KPG,20190228,0.855,0.855,0.84,0.84,52500
KPL,20190228,0.049,0.049,0.048,0.048,63153
KPT,20190228,2.01,2.01,2.01,2.01,16942
KRM,20190228,0.053,0.054,0.053,0.054,61200
KRR,20190228,0.034,0.034,0.031,0.033,2192196
KRX,20190228,0.2,0.2,0.2,0.2,10111
KSC,20190228,1.55,1.6,1.55,1.6,2000
KSL,20190228,1.155,1.2,1.15,1.162,371742
KSM,20190228,2.17,2.17,2.17,2.17,18349
KSN,20190228,0.019,0.019,0.019,0.019,25000
KSS,20190228,0.15,0.17,0.15,0.16,282585
KTD,20190228,0.395,0.395,0.38,0.385,339261
KWR,20190228,0.155,0.16,0.155,0.16,10000
KYK,20190228,0.056,0.06,0.056,0.06,512955
KZA,20190228,0.53,0.53,0.53,0.53,7079
KZR,20190228,0.092,0.092,0.091,0.091,128000
LAA,20190228,0.14,0.14,0.14,0.14,68315
LAU,20190228,0.39,0.39,0.39,0.39,21470
LAW,20190228,0.058,0.069,0.058,0.069,300000
LBL,20190228,0.44,0.44,0.4,0.435,43177
LBT,20190228,0.071,0.073,0.07,0.07,168336
LCK,20190228,0.23,0.235,0.21,0.21,6921997
LCM,20190228,0.15,0.165,0.145,0.145,70140
LCT,20190228,0.04,0.041,0.038,0.038,74250
LEG,20190228,0.03,0.03,0.03,0.03,1076708
LEP,20190228,4.92,5,4.85,4.86,34641
LER,20190228,0.058,0.058,0.058,0.058,10000
LGD,20190228,0.32,0.33,0.32,0.325,126983
LI3,20190228,0.06,0.06,0.06,0.06,27543
LIC,20190228,5.25,5.28,5.19,5.25,16699
LIT,20190228,0.079,0.08,0.078,0.078,378575
LKE,20190228,0.058,0.064,0.058,0.064,1066462
LKO,20190228,0.001,0.001,0.001,0.001,6930000
LLC,20190228,12.76,12.92,12.73,12.88,6216486
LMG,20190228,0.008,0.008,0.008,0.008,389394
LML,20190228,0.006,0.006,0.006,0.006,433754
LNG,20190228,0.475,0.48,0.47,0.47,179597
LNK,20190228,7.53,7.6,7.5,7.6,1733705
LNU,20190228,0.033,0.033,0.031,0.031,1286851
LNY,20190228,0.006,0.006,0.006,0.006,282000
LOM,20190228,0.185,0.185,0.18,0.185,189544
LOV,20190228,10,10.38,9.82,10.02,314447
LPD,20190228,0.029,0.03,0.025,0.026,26372420
LPE,20190228,0.48,0.48,0.47,0.47,4887
LPI,20190228,0.24,0.24,0.225,0.225,137538
LRS,20190228,0.002,0.002,0.001,0.002,11078043
LSA,20190228,0.008,0.008,0.007,0.007,1926766
LSF,20190228,1.475,1.485,1.465,1.465,1163505
LSR,20190228,0.008,0.008,0.008,0.008,300824
LSX,20190228,0.37,0.37,0.37,0.37,101406
LTR,20190228,0.021,0.021,0.02,0.02,1033666
LVE,20190228,0.13,0.13,0.13,0.13,14421
LVH,20190228,0.55,0.57,0.55,0.56,361585
LVT,20190228,0.375,0.38,0.345,0.345,829564
LYC,20190228,1.69,1.76,1.625,1.76,10843927
LYL,20190228,5.05,5.08,5.04,5.08,53718
M7T,20190228,0.19,0.19,0.18,0.18,74388
MA1,20190228,0.8,0.8,0.795,0.795,93944
MAH,20190228,0.25,0.25,0.24,0.24,1957367
MAI,20190228,0.51,0.585,0.51,0.585,84424
MAM,20190228,0.41,0.41,0.41,0.41,115197
MAQ,20190228,19.52,19.9,19.52,19.6,2381
MAT,20190228,0.15,0.15,0.15,0.15,25000
MAU,20190228,0.24,0.245,0.24,0.245,103511
MBM,20190228,0.11,0.115,0.11,0.115,99169
MCA,20190228,0.175,0.175,0.17,0.17,270000
MCE,20190228,0.37,0.37,0.36,0.36,55296
MCP,20190228,1.315,1.32,1.29,1.32,435777
MCR,20190228,0.37,0.38,0.37,0.37,197483
MCT,20190228,0.013,0.015,0.013,0.013,2918608
MCY,20190228,3.46,3.46,3.46,3.46,326
MDC,20190228,0.385,0.385,0.37,0.375,115609
MDI,20190228,0.008,0.009,0.008,0.009,123838
MDR,20190228,0.039,0.04,0.038,0.04,1074187
MEA,20190228,0.26,0.265,0.26,0.265,62114
MEB,20190228,0.018,0.018,0.017,0.018,786937
MEC,20190228,0.9,0.9,0.89,0.9,23796
MEI,20190228,0.009,0.009,0.009,0.009,328820
MEM,20190228,0.025,0.025,0.023,0.023,133539
MEP,20190228,0.043,0.043,0.04,0.04,412790
MEY,20190228,0.097,0.12,0.097,0.12,348076
MEZ,20190228,3.52,3.55,3.4,3.54,1621680
MFD,20190228,1.05,1.09,1.05,1.06,164530
MFF,20190228,2.88,2.89,2.82,2.85,136757
MFG,20190228,34.53,34.92,33.5,34.86,612670
MGC,20190228,0.31,0.31,0.305,0.305,195240
MGE,20190228,3.38,3.38,3.36,3.37,477970
MGG,20190228,1.61,1.625,1.605,1.615,1707761
MGL,20190228,0.023,0.023,0.023,0.023,10686
MGP,20190228,0.12,0.12,0.105,0.11,1076935
MGR,20190228,2.57,2.59,2.55,2.57,17289929
MGT,20190228,0.005,0.006,0.005,0.006,5605538
MGV,20190228,0.081,0.081,0.074,0.075,1923834
MGX,20190228,0.755,0.76,0.74,0.76,2229980
MHC,20190228,0.004,0.004,0.004,0.004,500000
MHG,20190228,3.12,3.12,3.11,3.12,19219
MHJ,20190228,0.6,0.645,0.6,0.645,102041
MIL,20190228,0.22,0.22,0.17,0.18,1354193
MIN,20190228,15.55,15.55,14.96,15.05,1458213
MIR,20190228,2.46,2.54,2.45,2.54,39429
MLD,20190228,0.96,0.975,0.95,0.96,436714
MLS,20190228,0.003,0.003,0.003,0.003,1511849
MLT,20190228,4.47,4.47,4.45,4.45,71976
MLX,20190228,0.31,0.315,0.3,0.31,9140003
MMI,20190228,0.14,0.14,0.14,0.14,556993
MMJ,20190228,0.25,0.25,0.245,0.25,75759
MML,20190228,0.4,0.41,0.39,0.395,107498
MMM,20190228,0.53,0.53,0.495,0.495,16912
MMS,20190228,12.38,12.38,12.01,12.12,507879
MNC,20190228,0.002,0.002,0.002,0.002,620400
MND,20190228,17.68,17.87,17.56,17.81,298678
MNF,20190228,3.81,3.89,3.81,3.82,97693
MNS,20190228,0.28,0.285,0.28,0.285,119891
MNW,20190228,0.026,0.026,0.026,0.026,1190000
MNY,20190228,2.03,2.05,1.99,2.05,393695
MOB,20190228,0.078,0.078,0.078,0.078,4251
MOC,20190228,0.905,0.91,0.87,0.885,270318
MOD,20190228,0.35,0.355,0.34,0.34,333309
MOE,20190228,4.94,4.94,4.85,4.88,27667
MOH,20190228,0.15,0.17,0.15,0.155,229905
MOY,20190228,0.185,0.185,0.18,0.18,363781
MP1,20190228,4.29,4.38,4.21,4.26,1208535
MPH,20190228,0.22,0.22,0.215,0.215,540000
MPL,20190228,2.83,2.85,2.82,2.84,8180668
MPR,20190228,0.036,0.036,0.036,0.036,14000
MPW,20190228,0.11,0.11,0.11,0.11,11867
MQG,20190228,127.01,128.64,127.01,128.64,786309
MRC,20190228,0.185,0.185,0.185,0.185,10000
MRG,20190228,0.1,0.11,0.099,0.1,871332
MRL,20190228,0.54,0.55,0.5,0.55,36458
MRM,20190228,0.18,0.18,0.17,0.18,785097
MRV,20190228,0.005,0.005,0.005,0.005,2000000
MSB,20190228,1.27,1.275,1.2,1.235,1112771
MSE,20190228,0.007,0.007,0.007,0.007,1000000
MSG,20190228,0.012,0.012,0.012,0.012,200000
MSR,20190228,0.004,0.004,0.004,0.004,30516
MSV,20190228,0.058,0.062,0.058,0.061,5881041
MTB,20190228,0.004,0.004,0.004,0.004,406442
MTC,20190228,0.028,0.028,0.025,0.025,398569
MTH,20190228,0.007,0.007,0.006,0.006,635000
MTO,20190228,1.43,1.505,1.43,1.48,105070
MTS,20190228,2.65,2.655,2.58,2.61,2599308
MVA,20190228,22.79,22.86,22.76,22.8,28599
MVB,20190228,26.14,26.25,26.14,26.25,2223
MVE,20190228,26.97,27.02,26.96,27.02,7561
MVF,20190228,1.01,1.075,1,1.06,1783790
MVP,20190228,4.17,4.24,4.02,4.1,176340
MVR,20190228,28.25,28.25,28.06,28.06,983
MVS,20190228,20.19,20.19,20.11,20.11,7586
MVW,20190228,28.57,28.58,28.43,28.52,51428
MWR,20190228,3.22,3.22,3.22,3.22,804
MWY,20190228,3.79,3.79,3.6,3.6,52312
MX1,20190228,0.27,0.27,0.27,0.27,280840
MXC,20190228,0.039,0.039,0.039,0.039,835302
MXI,20190228,0.39,0.395,0.345,0.36,1042352
MXR,20190228,0.077,0.077,0.077,0.077,4348
MXT,20190228,2.09,2.11,2.09,2.11,633436
MYE,20190228,0.985,1,0.955,0.96,53203
MYL,20190228,0.082,0.083,0.078,0.078,4717375
MYO,20190228,3.38,3.41,3.375,3.41,3323868
MYR,20190228,0.375,0.385,0.365,0.385,1913046
MYS,20190228,4.68,4.74,4.65,4.66,57310
MYX,20190228,0.695,0.71,0.69,0.7,7159486
MZN,20190228,0.005,0.005,0.005,0.005,1600000
MZZ,20190228,0.2,0.2,0.2,0.2,23167
N27,20190228,0.04,0.04,0.04,0.04,30800
NAB,20190228,24.81,25.13,24.79,25.13,6590561
NAC,20190228,0.89,0.89,0.89,0.89,18317
NAE,20190228,0.006,0.006,0.006,0.006,13072569
NAN,20190228,4.18,4.185,4.06,4.15,1544703
NBI,20190228,2.07,2.07,2.06,2.07,357781
NBL,20190228,3.03,3.04,3,3,173817
NCC,20190228,1.08,1.08,1.055,1.07,24392
NCK,20190228,6.03,6.16,6.03,6.14,233387
NCM,20190228,24.36,24.65,24.26,24.32,4155012
NCR,20190228,0.015,0.015,0.014,0.014,53655
NCZ,20190228,0.915,0.915,0.855,0.865,1038688
NDQ,20190228,17.27,17.27,17.2,17.23,63448
NEA,20190228,2.71,2.72,2.59,2.6,1590192
NEC,20190228,1.7,1.707,1.675,1.705,13948975
NES,20190228,0.15,0.15,0.15,0.15,6600
NET,20190228,0.024,0.025,0.024,0.024,850655
NEU,20190228,1.185,1.2,1.14,1.14,68337
NEW,20190228,1.4,1.42,1.395,1.41,260388
NGE,20190228,0.765,0.78,0.765,0.78,50223
NGI,20190228,3.15,3.19,3.105,3.14,345163
NHC,20190228,4.25,4.25,4.17,4.2,1623095
NHF,20190228,5.66,5.79,5.62,5.77,835111
NHL,20190228,0.026,0.026,0.026,0.026,218593
NIC,20190228,0.455,0.455,0.435,0.455,3700594
NKP,20190228,0.081,0.081,0.081,0.081,12345
NML,20190228,0.086,0.086,0.083,0.084,408267
NMS,20190228,0.215,0.215,0.215,0.215,17012
NMT,20190228,0.23,0.24,0.23,0.235,1306281
NNW,20190228,0.1,0.105,0.099,0.099,86308
NOV,20190228,0.265,0.265,0.265,0.265,37786
NOX,20190228,0.43,0.43,0.43,0.43,12691
NSC,20190228,0.675,0.68,0.66,0.67,325093
NSR,20190228,1.84,1.842,1.75,1.76,4276399
NST,20190228,9.4,9.4,9.205,9.25,2380397
NTC,20190228,1.07,1.075,1.07,1.07,1057364
NTD,20190228,0.505,0.505,0.485,0.5,70722
NTI,20190228,0.026,0.028,0.026,0.026,113071
NTU,20190228,0.04,0.043,0.04,0.04,1120769
NUF,20190228,5.13,5.28,5.125,5.24,3011499
NUH,20190228,0.072,0.075,0.072,0.074,2101333
NUS,20190228,0.215,0.215,0.215,0.215,15000
NVA,20190228,0.017,0.017,0.016,0.016,18636
NVL,20190228,2.13,2.19,2.05,2.05,76914
NVO,20190228,0.004,0.004,0.004,0.004,5251705
NVT,20190228,5.64,5.64,5.62,5.64,1303843
NVU,20190228,0.087,0.09,0.087,0.09,83849
NVX,20190228,0.385,0.39,0.385,0.39,21897
NWE,20190228,0.003,0.003,0.003,0.003,950000
NWF,20190228,0.175,0.175,0.15,0.165,225902
NWH,20190228,2.4,2.4,2.31,2.38,2754943
NWL,20190228,7.95,8.05,7.87,8,295954
NWS,20190228,18.7,18.71,18.25,18.55,162429
NXE,20190228,0.027,0.027,0.027,0.027,205942
NXM,20190228,0.061,0.062,0.06,0.06,71929
NXT,20190228,6.15,6.33,6.1,6.24,8436575
NZC,20190228,0.325,0.33,0.31,0.315,1633462
NZK,20190228,2.13,2.13,2.12,2.12,2700
NZM,20190228,0.51,0.525,0.48,0.52,11357
OAR,20190228,0.012,0.015,0.012,0.015,110161
OBJ,20190228,0.02,0.02,0.02,0.02,537703
OCC,20190228,0.135,0.135,0.13,0.13,66476
OCL,20190228,2.66,2.76,2.65,2.76,28401
ODA,20190228,0.13,0.14,0.12,0.14,268783
OEC,20190228,0.39,0.39,0.39,0.39,50000
OEL,20190228,0.065,0.068,0.065,0.067,3209051
OFX,20190228,1.805,1.82,1.79,1.81,62102
OGA,20190228,0.17,0.17,0.16,0.17,105000
OGC,20190228,4.55,4.55,4.44,4.46,223585
OGX,20190228,0.004,0.005,0.004,0.005,2796920
OHE,20190228,1.155,1.16,1.155,1.16,2956
OIL,20190228,0.058,0.06,0.052,0.052,216635
OKU,20190228,0.245,0.25,0.24,0.245,130123
OLI,20190228,0.024,0.024,0.021,0.021,2200263
OLV,20190228,0.021,0.021,0.021,0.021,491645
OMH,20190228,1.315,1.325,1.3,1.31,402498
OML,20190228,3.56,3.59,3.505,3.55,969576
OMN,20190228,0.645,0.655,0.645,0.655,44600
ONE,20190228,0.56,0.56,0.55,0.56,22700
ONT,20190228,6.1,6.15,6.1,6.15,4944
OOK,20190228,0.019,0.02,0.018,0.018,1984778
OOO,20190228,15.85,15.91,15.83,15.9,22327
OPH,20190228,2.62,2.62,2.56,2.56,187034
OPN,20190228,0.058,0.058,0.049,0.055,1559872
OPT,20190228,0.77,0.77,0.72,0.735,208459
ORA,20190228,3.16,3.17,3.11,3.15,3771603
ORE,20190228,3.75,3.91,3.75,3.84,1596340
ORG,20190228,7.42,7.465,7.35,7.36,8355317
ORI,20190228,17.79,17.79,17.53,17.65,825397
ORN,20190228,0.031,0.032,0.031,0.031,1103284
ORR,20190228,0.305,0.305,0.3,0.3,170000
OSH,20190228,8.46,8.46,8.33,8.37,4022659
OSL,20190228,0.175,0.18,0.165,0.18,1049549
OSP,20190228,0.105,0.105,0.1,0.1,236491
OTW,20190228,5,5,4.97,4.99,39666
OVH,20190228,0.505,0.51,0.482,0.485,641215
OVN,20190228,0.29,0.29,0.29,0.29,20197
OVT,20190228,0.13,0.13,0.11,0.115,947741
OZF,20190228,19.23,19.23,19.23,19.23,6363
OZG,20190228,0.165,0.165,0.16,0.16,888365
OZL,20190228,10.57,10.6,10.22,10.3,2387171
OZR,20190228,11.85,11.85,11.68,11.68,25405
P2P,20190228,0.5,0.5,0.475,0.475,8926
PAA,20190228,0.032,0.032,0.032,0.032,44272
PAB,20190228,0.021,0.023,0.021,0.023,548803
PAC,20190228,5.64,5.65,5.56,5.56,52967
PAF,20190228,1.07,1.07,1.07,1.07,41674
PAI,20190228,1.14,1.15,1.135,1.135,185864
PAK,20190228,0.035,0.045,0.035,0.045,3114116
PAN,20190228,0.485,0.49,0.482,0.49,141906
PAR,20190228,1.14,1.15,1.115,1.15,132607
PBP,20190228,1.5,1.505,1.5,1.5,38300
PCH,20190228,0.002,0.002,0.002,0.002,500000
PCK,20190228,0.039,0.039,0.039,0.039,55696
PCL,20190228,0.002,0.003,0.002,0.003,35300211
PDI,20190228,0.01,0.01,0.01,0.01,3689516
PDL,20190228,8.74,8.75,8.53,8.58,2579663
PDN,20190228,0.18,0.18,0.17,0.175,4323911
PEA,20190228,0.64,0.66,0.64,0.66,374932
PEC,20190228,0.045,0.045,0.045,0.045,217000
PEK,20190228,0.026,0.026,0.026,0.026,130588
PEN,20190228,0.215,0.225,0.215,0.22,273201
PET,20190228,0.37,0.385,0.36,0.38,485418
PEX,20190228,0.46,0.495,0.46,0.485,290383
PFG,20190228,0.088,0.088,0.084,0.084,449112
PFP,20190228,3.06,3.06,2.95,2.95,83054
PG1,20190228,0.145,0.145,0.145,0.145,2199250
PGC,20190228,0.47,0.495,0.455,0.465,1668883
PGF,20190228,1.15,1.17,1.14,1.14,259594
PGH,20190228,2.92,2.97,2.89,2.91,1461317
PGI,20190228,0.035,0.035,0.034,0.035,80000
PGM,20190228,0.065,0.075,0.063,0.074,479751
PGR,20190228,0.18,0.185,0.18,0.185,3328
PGX,20190228,0.43,0.43,0.425,0.425,1447644
PGY,20190228,0.018,0.018,0.018,0.018,30000
PIA,20190228,1.145,1.155,1.125,1.13,438470
PIC,20190228,1.065,1.07,1.055,1.055,451317
PIL,20190228,0.012,0.012,0.012,0.012,2308
PIN,20190228,0.16,0.16,0.16,0.16,2450
PIO,20190228,0.016,0.016,0.016,0.016,309000
PIQ,20190228,0.335,0.335,0.325,0.325,81245
PKD,20190228,0.15,0.16,0.15,0.16,192193
PL8,20190228,1.015,1.045,1.015,1.04,952286
PLG,20190228,1.155,1.23,1.155,1.165,5629863
PLL,20190228,0.105,0.11,0.105,0.11,580212
PLS,20190228,0.75,0.76,0.74,0.745,4010810
PM1,20190228,0.014,0.015,0.014,0.015,448000
PM8,20190228,0.019,0.019,0.018,0.018,340000
PMC,20190228,1.685,1.69,1.65,1.69,197557
PME,20190228,13.4,13.95,13.35,13.75,111793
PMV,20190228,16.23,16.47,16.08,16.44,297565
PMY,20190228,0.005,0.005,0.004,0.004,660000
PNC,20190228,2.42,2.45,2.31,2.36,397030
PNI,20190228,4.97,5.2,4.86,5.1,384300
PNL,20190228,0.145,0.145,0.13,0.13,2731698
PNN,20190228,0.004,0.005,0.004,0.005,325000
PNR,20190228,0.255,0.26,0.255,0.255,433031
PNV,20190228,0.75,0.79,0.75,0.79,952226
PNW,20190228,0.315,0.315,0.315,0.315,1250
PO3,20190228,3.5,3.8,3.5,3.8,13930
POH,20190228,0.003,0.004,0.003,0.004,2793993
POS,20190228,0.039,0.04,0.039,0.039,122750
POU,20190228,18.2,18.32,18.2,18.29,6654
POW,20190228,0.011,0.012,0.011,0.012,13832
PPC,20190228,0.965,0.97,0.95,0.95,218277
PPE,20190228,2.55,2.59,2.52,2.52,227024
PPG,20190228,0.15,0.15,0.147,0.147,539554
PPH,20190228,3.1,3.18,3.1,3.13,31702
PPK,20190228,0.725,0.725,0.7,0.7,138416
PPL,20190228,0.035,0.035,0.023,0.025,6466070
PPS,20190228,0.62,0.62,0.6,0.6,772519
PPT,20190228,40.8,41.4,40.38,41.09,186489
PRO,20190228,0.28,0.28,0.275,0.275,22288
PRT,20190228,0.25,0.25,0.235,0.24,193992
PRU,20190228,0.43,0.45,0.43,0.445,4777923
PRX,20190228,0.085,0.085,0.08,0.08,495605
PRZ,20190228,0.09,0.09,0.09,0.09,25000
PSA,20190228,0.102,0.102,0.102,0.102,120000
PSC,20190228,0.021,0.022,0.021,0.022,457348
PSI,20190228,2.75,2.75,2.67,2.7,39146
PSQ,20190228,1.3,1.3,1.3,1.3,676
PSZ,20190228,0.093,0.093,0.086,0.086,215142
PTB,20190228,0.655,0.68,0.65,0.655,18286
PTM,20190228,5.2,5.52,5.05,5.52,1375054
PTR,20190228,0.038,0.038,0.038,0.038,88157
PTX,20190228,0.067,0.067,0.067,0.067,4226
PUA,20190228,0.043,0.043,0.039,0.042,136330
PUR,20190228,0.032,0.032,0.03,0.03,5242212
PVD,20190228,0.02,0.02,0.019,0.019,689059
PVL,20190228,0.048,0.048,0.045,0.045,134193
PVS,20190228,1.525,1.525,1.37,1.465,2869160
PWH,20190228,3.69,3.73,3.65,3.69,884268
PWN,20190228,0.005,0.005,0.005,0.005,2097937
PXS,20190228,0.26,0.26,0.26,0.26,220583
PXX,20190228,0.058,0.058,0.058,0.058,45972
PYC,20190228,0.025,0.025,0.025,0.025,439240
PYG,20190228,0.75,0.75,0.75,0.75,2000
QAN,20190228,5.74,5.75,5.67,5.73,10285599
QAU,20190228,13.58,13.58,13.42,13.43,25197
QBE,20190228,12.19,12.38,12.17,12.35,6745614
QFN,20190228,10.75,10.79,10.75,10.79,3434
QFY,20190228,0.008,0.008,0.007,0.007,65482
QGL,20190228,0.002,0.002,0.002,0.002,145922
QHL,20190228,0.097,0.097,0.086,0.086,1886903
QIP,20190228,1.68,1.68,1.68,1.68,340
QMS,20190228,0.68,0.735,0.67,0.735,589960
QOZ,20190228,13.15,13.15,13.09,13.14,30473
QRE,20190228,6.5,6.5,6.43,6.43,9501
QRI,20190228,1.685,1.685,1.675,1.675,31702
QUB,20190228,2.8,2.81,2.77,2.78,3549170
QUS,20190228,34.89,34.93,34.87,34.93,1807
QVE,20190228,1.07,1.07,1.02,1.04,266223
RAC,20190228,0.082,0.082,0.082,0.082,10000
RAN,20190228,0.023,0.024,0.022,0.023,417060
RAP,20190228,0.086,0.088,0.086,0.086,325531
RBL,20190228,0.995,1.01,0.98,1.01,104098
RBR,20190228,0.023,0.025,0.022,0.024,16114668
RCB,20190228,20.38,20.48,20.38,20.41,8733
RCE,20190228,0.145,0.145,0.145,0.145,106509
RCL,20190228,0.3,0.315,0.3,0.3,92834
RCT,20190228,3.01,3.01,3.01,3.01,896
RDC,20190228,1.04,1.04,1.035,1.04,649502
RDG,20190228,0.024,0.025,0.024,0.025,599402
RDH,20190228,2.68,2.68,2.67,2.67,3544
RDM,20190228,0.115,0.12,0.115,0.12,255000
RDS,20190228,0.015,0.015,0.015,0.015,46000
RDV,20190228,28.55,28.58,28.45,28.56,5628
REA,20190228,79.87,81.84,78.77,81.54,370289
RED,20190228,0.13,0.13,0.125,0.125,1285727
REF,20190228,0.028,0.028,0.028,0.028,107735
REG,20190228,3.2,3.21,3.16,3.21,353679
REH,20190228,10.61,10.73,10.3,10.44,283985
RES,20190228,0.073,0.076,0.073,0.076,590404
REX,20190228,1.515,1.515,1.49,1.49,76827
RFF,20190228,2.22,2.24,2.21,2.24,318463
RFG,20190228,0.275,0.285,0.27,0.27,610527
RFN,20190228,0.005,0.006,0.004,0.005,7235241
RFT,20190228,0.035,0.035,0.035,0.035,76131
RFX,20190228,0.071,0.071,0.067,0.067,2303133
RGB,20190228,21.95,21.95,21.925,21.95,463
RGI,20190228,0.27,0.28,0.265,0.265,36850
RGL,20190228,0.056,0.056,0.056,0.056,45000
RGP,20190228,0.075,0.075,0.075,0.075,20000
RGS,20190228,0.11,0.11,0.105,0.11,141276
RHC,20190228,62.11,65.29,61.87,64.78,1254678
RHL,20190228,4.48,4.51,4.45,4.47,2247319
RHP,20190228,1.67,1.68,1.6,1.6,354915
RHT,20190228,0.075,0.08,0.074,0.076,3471959
RHY,20190228,0.14,0.145,0.14,0.14,39545
RIC,20190228,1.4,1.4,1.375,1.4,481675
RIO,20190228,96.69,97.29,96,96.16,3216550
RKN,20190228,0.68,0.68,0.62,0.68,47224
RLC,20190228,0.005,0.005,0.005,0.005,191200
RMC,20190228,0.51,0.51,0.51,0.51,122796
RMD,20190228,14.23,14.575,14.22,14.51,3564180
RMG,20190228,0.009,0.009,0.008,0.008,295652
RMP,20190228,0.071,0.072,0.067,0.067,4463421
RMS,20190228,0.6,0.625,0.595,0.615,4168206
RMX,20190228,0.005,0.005,0.005,0.005,69282
RMY,20190228,0.2,0.205,0.2,0.205,9829
RND,20190228,1.68,1.7,1.6,1.695,124430
RNE,20190228,0.08,0.08,0.08,0.08,90582
RNO,20190228,0.145,0.145,0.14,0.145,328688
RNT,20190228,0.039,0.039,0.037,0.037,37976
RNU,20190228,0.017,0.017,0.016,0.016,596357
ROG,20190228,0.002,0.002,0.002,0.002,25607
RRL,20190228,5.37,5.44,5.32,5.34,3169339
RSG,20190228,1.12,1.122,1.095,1.1,4858068
RSH,20190228,0.081,0.083,0.081,0.083,33420
RSM,20190228,20.94,20.94,20.89,20.89,1349
RTG,20190228,0.12,0.12,0.12,0.12,5000
RTR,20190228,0.053,0.053,0.047,0.047,543822
RUL,20190228,0.59,0.59,0.575,0.575,48492
RVR,20190228,0.165,0.167,0.155,0.16,2814015
RVS,20190228,1.79,1.79,1.75,1.79,42009
RWC,20190228,4.58,4.64,4.49,4.51,8777887
RXL,20190228,0.008,0.008,0.008,0.008,300000
RXM,20190228,0.078,0.079,0.077,0.079,150790
RXP,20190228,0.51,0.51,0.49,0.495,198223
RYD,20190228,1.3,1.3,1.3,1.3,25000
RZI,20190228,0.68,0.72,0.68,0.68,61669
S2R,20190228,0.07,0.07,0.07,0.07,48562
S32,20190228,3.98,3.99,3.89,3.91,22988358
S66,20190228,0.64,0.66,0.64,0.64,4993
SAR,20190228,2.61,2.62,2.585,2.59,4838169
SAS,20190228,0.03,0.03,0.029,0.029,8578771
SAU,20190228,0.195,0.2,0.19,0.2,150411
SBB,20190228,0.011,0.012,0.011,0.012,1535349
SBM,20190228,4.51,4.515,4.43,4.47,4162963
SBW,20190228,0.285,0.285,0.285,0.285,5000
SCG,20190228,3.83,3.875,3.8,3.87,16606726
SCI,20190228,0.01,0.011,0.01,0.01,995455
SCP,20190228,2.43,2.43,2.38,2.41,4446653
SCU,20190228,0.022,0.022,0.021,0.021,1598236
SDA,20190228,3.65,3.89,3.61,3.88,3034695
SDF,20190228,3.11,3.165,3.1,3.12,1854743
SDG,20190228,1.5,1.51,1.5,1.5,34589
SDI,20190228,0.85,0.85,0.835,0.835,21910
SDX,20190228,0.06,0.06,0.06,0.06,6683
SE1,20190228,0.12,0.12,0.115,0.115,619885
SEA,20190228,0.39,0.405,0.385,0.395,2265398
SEC,20190228,1.715,1.73,1.71,1.715,40368
SEI,20190228,0.024,0.025,0.023,0.023,521872
SEK,20190228,17.84,18.67,17.5,18.42,11203680
SEN,20190228,0.068,0.068,0.068,0.068,629290
SEQ,20190228,0.25,0.25,0.25,0.25,25000
SER,20190228,0.005,0.006,0.005,0.006,857000
SES,20190228,0.048,0.049,0.043,0.049,44394
SF1,20190228,0.004,0.005,0.004,0.004,1842771
SFC,20190228,14.16,14.16,14.1,14.1,5319
SFG,20190228,0.115,0.12,0.11,0.11,133261
SFM,20190228,0.08,0.08,0.08,0.08,9321
SFR,20190228,7.36,7.47,7.24,7.32,996483
SFX,20190228,0.595,0.6,0.55,0.59,227612
SFY,20190228,56.92,56.94,56.82,56.93,8179
SGC,20190228,0.026,0.026,0.025,0.025,189502
SGF,20190228,2.55,2.585,2.54,2.58,96182
SGH,20190228,2.35,2.35,2.23,2.23,2592
SGI,20190228,0.15,0.155,0.15,0.155,96600
SGM,20190228,11.54,11.54,11.22,11.34,777859
SGP,20190228,3.52,3.545,3.485,3.5,15228373
SGQ,20190228,0.14,0.14,0.14,0.14,252220
SGR,20190228,4.48,4.51,4.39,4.43,3736599
SHJ,20190228,0.625,0.625,0.62,0.62,108739
SHL,20190228,24.18,24.23,23.98,24.12,2136560
SHM,20190228,0.615,0.65,0.615,0.64,112345
SHO,20190228,0.072,0.079,0.07,0.07,938828
SHV,20190228,6.05,6.05,5.9,5.94,152976
SI6,20190228,0.005,0.005,0.004,0.004,1060000
SIG,20190228,0.63,0.63,0.602,0.615,2270526
SIH,20190228,0.014,0.016,0.014,0.016,95443
SIL,20190228,0.275,0.285,0.275,0.285,44490
SIO,20190228,0.38,0.38,0.38,0.38,15790
SIQ,20190228,8.49,8.64,8.4,8.48,418543
SIS,20190228,0.09,0.135,0.09,0.096,1530431
SIT,20190228,0.02,0.02,0.019,0.019,389959
SIV,20190228,1.86,1.86,1.79,1.79,48726
SKC,20190228,3.73,3.73,3.57,3.6,430921
SKF,20190228,0.155,0.155,0.155,0.155,60760
SKI,20190228,2.36,2.38,2.33,2.33,4698261
SKN,20190228,0.02,0.02,0.017,0.02,165000
SKO,20190228,3.07,3.38,3.05,3.38,13844
SKT,20190228,1.445,1.45,1.375,1.4,160829
SL1,20190228,0.016,0.017,0.015,0.017,1272579
SLC,20190228,1.49,1.495,1.435,1.495,254639
SLF,20190228,13.3,13.39,13.3,13.31,36003
SLK,20190228,4.12,4.12,4.02,4.07,189442
SLM,20190228,0.575,0.575,0.57,0.57,4252
SLR,20190228,0.69,0.69,0.67,0.68,3037231
SLX,20190228,0.3,0.35,0.3,0.34,988139
SLZ,20190228,0.072,0.072,0.07,0.07,40240
SM1,20190228,10.1,10.26,9.95,9.99,381078
SMN,20190228,0.955,0.955,0.92,0.92,36859
SMP,20190228,0.185,0.185,0.185,0.185,156058
SMR,20190228,1.22,1.22,1.195,1.2,656243
SMX,20190228,0.35,0.35,0.335,0.34,85686
SNC,20190228,0.875,0.875,0.875,0.875,12500
SND,20190228,0.33,0.33,0.33,0.33,100000
SNL,20190228,3.93,3.94,3.93,3.93,1000
SNS,20190228,0.11,0.11,0.11,0.11,10000
SNZ,20190228,6.19,6.19,6.19,6.19,448
SO4,20190228,0.5,0.53,0.5,0.53,14630
SOL,20190228,29.28,29.69,28.94,29.43,495158
SOP,20190228,0.05,0.052,0.05,0.052,719680
SP3,20190228,0.14,0.14,0.125,0.125,111500
SPK,20190228,3.56,3.6,3.54,3.56,1828215
SPL,20190228,1.04,1.08,1.035,1.08,192536
SPO,20190228,1.65,1.65,1.635,1.65,59559
SPT,20190228,0.895,0.925,0.87,0.87,3706857
SPX,20190228,0.004,0.004,0.004,0.004,1000000
SPY,20190228,391.15,391.15,390.76,390.76,23
SPZ,20190228,0.14,0.14,0.13,0.13,552977
SRG,20190228,0.37,0.39,0.37,0.385,3634970
SRH,20190228,0.34,0.34,0.34,0.34,1400
SRI,20190228,0.008,0.008,0.008,0.008,10854850
SRO,20190228,0.001,0.001,0.001,0.001,300000
SRS,20190228,0.068,0.068,0.067,0.067,2481044
SRV,20190228,3.2,3.2,3.15,3.2,7292
SRZ,20190228,0.013,0.013,0.013,0.013,64800
SSG,20190228,0.375,0.38,0.375,0.375,164511
SSM,20190228,1.995,2.06,1.98,2.01,1253168
ST1,20190228,0.145,0.145,0.08,0.105,342734
STA,20190228,0.1,0.1,0.1,0.1,150000
STG,20190228,1.35,1.35,1.3,1.345,83286
STM,20190228,0.031,0.033,0.031,0.032,4065642
STN,20190228,0.19,0.2,0.19,0.2,73173
STO,20190228,7,7.085,6.91,6.92,5377418
STW,20190228,57.67,57.9,57.55,57.84,89963
STX,20190228,0.074,0.075,0.071,0.071,502849
SUD,20190228,0.005,0.005,0.004,0.004,700000
SUL,20190228,7.5,7.535,7.36,7.41,1316970
SUN,20190228,13.43,13.57,13.38,13.55,3748205
SUP,20190228,0.025,0.025,0.025,0.025,250000
SUR,20190228,0.003,0.003,0.003,0.003,2544236
SVD,20190228,0.012,0.012,0.012,0.012,562500
SVL,20190228,0.057,0.057,0.056,0.056,240251
SVM,20190228,0.078,0.08,0.077,0.08,477169
SVT,20190228,0.017,0.017,0.017,0.017,314898
SVW,20190228,19.6,19.6,19.22,19.35,796527
SVY,20190228,0.32,0.32,0.3,0.3,111072
SW1,20190228,0.28,0.28,0.275,0.275,120201
SWF,20190228,0.073,0.073,0.073,0.073,60000
SWK,20190228,0.21,0.21,0.2,0.2,223301
SWM,20190228,0.54,0.55,0.535,0.545,2216002
SXL,20190228,1.21,1.225,1.195,1.22,3306360
SXY,20190228,0.375,0.39,0.37,0.39,4700182
SYA,20190228,0.023,0.024,0.023,0.024,894306
SYD,20190228,7.19,7.21,7.13,7.2,4753044
SYI,20190228,28.22,28.3,28.22,28.3,1477
SYR,20190228,1.4,1.43,1.345,1.37,2937159
SYT,20190228,0.007,0.008,0.007,0.008,205618
TAH,20190228,4.73,4.735,4.68,4.72,4970039
TAM,20190228,0.042,0.043,0.037,0.039,288410
TAP,20190228,0.097,0.1,0.097,0.098,531748
TAS,20190228,0.045,0.045,0.043,0.043,142318
TAU,20190228,0.15,0.16,0.15,0.16,658333
TBH,20190228,0.05,0.05,0.035,0.035,1747129
TBR,20190228,4.11,4.11,4.08,4.1,18800
TCL,20190228,12.42,12.53,12.4,12.47,8845260
TCN,20190228,0.034,0.034,0.034,0.034,29267
TDO,20190228,0.13,0.13,0.13,0.13,191500
TEG,20190228,0.12,0.12,0.115,0.115,623494
TEK,20190228,0.22,0.22,0.215,0.22,138712
TER,20190228,0.6,0.625,0.595,0.625,399253
TFL,20190228,0.12,0.12,0.115,0.115,144960
TGA,20190228,0.46,0.47,0.46,0.46,69560
TGF,20190228,2.44,2.44,2.44,2.44,7000
TGG,20190228,1.29,1.295,1.29,1.295,136436
TGM,20190228,0.105,0.105,0.105,0.105,55021
TGN,20190228,0.245,0.255,0.245,0.25,56853
TGP,20190228,1.035,1.05,1.035,1.04,693956
TGR,20190228,4.92,4.97,4.87,4.91,935960
THC,20190228,0.51,0.51,0.505,0.505,51901
THD,20190228,0.002,0.002,0.002,0.002,2824316
THX,20190228,0.011,0.011,0.011,0.011,9100
TIE,20190228,0.096,0.105,0.096,0.105,364441
TKM,20190228,0.006,0.006,0.006,0.006,200
TLG,20190228,0.525,0.54,0.475,0.49,1093125
TLM,20190228,0.087,0.093,0.086,0.087,1864572
TLS,20190228,3.14,3.145,3.1,3.13,29070610
TLX,20190228,0.72,0.72,0.705,0.715,39766
TME,20190228,6.12,6.13,6.1,6.12,752914
TMR,20190228,0.26,0.26,0.25,0.255,67223
TMT,20190228,0.245,0.25,0.245,0.245,114164
TNE,20190228,7.41,7.41,7.265,7.38,864986
TNG,20190228,0.1,0.1,0.088,0.092,4338182
TNK,20190228,1.87,1.91,1.87,1.91,45337
TNO,20190228,0.1,0.11,0.1,0.11,869971
TNT,20190228,0.07,0.075,0.07,0.075,131651
TNY,20190228,0.28,0.28,0.28,0.28,22000
TOE,20190228,0.025,0.025,0.025,0.025,633223
TOM,20190228,0.007,0.007,0.007,0.007,500000
TON,20190228,0.042,0.042,0.041,0.041,262371
TOP,20190228,0.635,0.635,0.63,0.63,45510
TOT,20190228,1.195,1.195,1.195,1.195,85657
TOU,20190228,0.105,0.105,0.105,0.105,255063
TPE,20190228,0.92,0.98,0.92,0.98,1245436
TPM,20190228,6.61,6.73,6.53,6.66,1703721
TPP,20190228,0.12,0.12,0.115,0.115,60700
TPW,20190228,1.35,1.35,1.35,1.35,55604
TRS,20190228,2.7,2.71,2.7,2.71,253728
TRT,20190228,0.075,0.08,0.073,0.075,177957
TRY,20190228,0.115,0.115,0.112,0.115,375652
TSL,20190228,0.014,0.015,0.013,0.015,509906
TSN,20190228,0.007,0.007,0.007,0.007,550000
TTI,20190228,0.023,0.028,0.023,0.028,532054
TTL,20190228,0.014,0.014,0.012,0.012,672676
TTM,20190228,0.026,0.026,0.025,0.026,5584042
TTT,20190228,2.07,2.17,2.04,2.17,138627
TV2,20190228,0.008,0.008,0.007,0.007,4124999
TWD,20190228,3.97,3.97,3.91,3.91,7492
TWE,20190228,15.33,15.33,14.92,14.98,3339506
TWR,20190228,0.675,0.68,0.675,0.68,5468
TYM,20190228,0.33,0.33,0.31,0.32,112324
TYX,20190228,0.006,0.007,0.006,0.007,306550
TZL,20190228,0.25,0.25,0.25,0.25,16459
UBA,20190228,20.72,20.73,20.7,20.73,600
UBI,20190228,0.225,0.225,0.225,0.225,108519
UBP,20190228,25.92,25.92,25.91,25.91,198
UBW,20190228,26.26,26.29,26.26,26.27,415
UCM,20190228,0.125,0.125,0.125,0.125,21927
UNV,20190228,0.34,0.355,0.335,0.35,2589971
UOS,20190228,0.65,0.65,0.65,0.65,6000
URF,20190228,1.15,1.15,1.12,1.12,290734
URW,20190228,11.41,11.45,11.22,11.26,1327601
USD,20190228,13.71,13.74,13.69,13.69,82146
USR,20190228,0.31,0.31,0.31,0.31,18808
UTR,20190228,0.006,0.006,0.006,0.006,557584
UUV,20190228,0.03,0.035,0.03,0.03,461486
UWL,20190228,0.185,0.19,0.18,0.19,274297
VAE,20190228,65.62,65.62,65.12,65.12,6619
VAF,20190228,50.06,50.07,50,50.06,34259
VAH,20190228,0.202,0.202,0.2,0.2,111627
VAL,20190228,0.003,0.003,0.003,0.003,10000
VAN,20190228,0.14,0.14,0.14,0.14,48700
VAP,20190228,84.34,84.55,83.89,84.01,17704
VAS,20190228,78.6,78.69,78.21,78.52,105689
VCF,20190228,47.67,47.73,47.36,47.58,4226
VCX,20190228,2.48,2.49,2.45,2.46,29301728
VEA,20190228,2.37,2.41,2.35,2.41,4631139
VEE,20190228,0.545,0.56,0.545,0.56,30000
VEN,20190228,0.19,0.195,0.19,0.195,143540
VEQ,20190228,53.62,53.84,53.62,53.76,6484
VEU,20190228,70.46,70.46,69.99,70.08,19196
VG1,20190228,2.47,2.49,2.45,2.45,227663
VGB,20190228,50.66,50.68,50.61,50.63,17237
VGE,20190228,65.75,66.04,65.6,65.6,8912
VGL,20190228,4.25,4.25,4.2,4.2,1112
VGS,20190228,71.21,71.21,70.9,71.09,22847
VHT,20190228,1.055,1.075,1.035,1.075,183104
VHY,20190228,57.77,57.87,57.49,57.87,26946
VIC,20190228,0.003,0.003,0.002,0.002,23814287
VIF,20190228,48.25,48.41,48.2,48.21,8706
VIV,20190228,0.028,0.028,0.026,0.026,84204
VKA,20190228,0.011,0.011,0.011,0.011,23803
VLC,20190228,63.61,63.61,63.61,63.61,472
VLS,20190228,0.86,0.86,0.86,0.86,1600
VLT,20190228,0.17,0.17,0.145,0.17,125718
VLW,20190228,2,2.03,1.99,1.99,357690
VMC,20190228,0.155,0.155,0.155,0.155,11000
VML,20190228,0.007,0.007,0.007,0.007,1012000
VMT,20190228,0.063,0.066,0.063,0.066,123526
VMX,20190228,0.245,0.245,0.245,0.245,30289
VMY,20190228,0.062,0.066,0.062,0.065,1405441
VN8,20190228,0.105,0.105,0.105,0.105,81983
VOC,20190228,3.86,3.89,3.64,3.7,4357840
VPR,20190228,0.001,0.001,0.001,0.001,260000
VRC,20190228,0.022,0.022,0.021,0.021,169509
VRL,20190228,3.2,3.22,3.13,3.2,157143
VRM,20190228,0.014,0.014,0.014,0.014,350871
VRS,20190228,0.072,0.072,0.065,0.065,1214302
VRT,20190228,4.1,4.14,4.09,4.14,125330
VRX,20190228,0.115,0.12,0.115,0.12,30881
VSO,20190228,56.51,56.51,56.24,56.24,13993
VTG,20190228,1.52,1.55,1.5,1.54,375617
VTH,20190228,0.97,0.975,0.94,0.95,303981
VTI,20190228,0.096,0.1,0.095,0.099,613242
VTS,20190228,201.24,201.7,201,201.21,10573
VVR,20190228,2.39,2.45,2.39,2.42,2786419
VXR,20190228,0.245,0.25,0.24,0.245,191748
WAA,20190228,1.02,1.045,1.02,1.045,58139
WAF,20190228,0.275,0.28,0.27,0.27,260261
WAM,20190228,2.23,2.23,2.21,2.22,454499
WAX,20190228,1.385,1.4,1.37,1.4,165455
WBA,20190228,1.6,1.645,1.59,1.645,39254
WBC,20190228,26.78,26.96,26.62,26.96,5795387
WBE,20190228,0.004,0.004,0.004,0.004,1700000
WBT,20190228,0.515,0.515,0.47,0.515,188761
WCN,20190228,0.007,0.007,0.007,0.007,1398639
WEB,20190228,15.86,15.9,15.47,15.65,928227
WES,20190228,32.75,33.18,32.53,33.18,4522789
WGB,20190228,1.925,1.925,1.905,1.91,231094
WGF,20190228,0.972,0.975,0.97,0.97,116500
WGN,20190228,3.06,3.34,3.06,3.34,494515
WGX,20190228,1.19,1.215,1.16,1.21,956374
WHA,20190228,0.885,0.9,0.88,0.88,50847
WHC,20190228,4.46,4.48,4.375,4.4,4555872
WHF,20190228,4.38,4.39,4.35,4.35,37703
WHK,20190228,0.068,0.068,0.068,0.068,45706
WIC,20190228,1.065,1.065,1.06,1.06,3912
WKT,20190228,0.105,0.11,0.105,0.11,260708
WLD,20190228,0.053,0.054,0.052,0.052,217320
WLE,20190228,1.13,1.132,1.125,1.13,331179
WLL,20190228,5.29,5.36,5.25,5.25,4735
WMC,20190228,0.017,0.017,0.017,0.017,2312663
WMI,20190228,1.27,1.27,1.255,1.255,173436
WMK,20190228,0.84,0.84,0.835,0.835,166692
WML,20190228,0.042,0.042,0.033,0.033,467228
WND,20190228,1.06,1.13,1.06,1.13,12261
WNR,20190228,0.235,0.25,0.235,0.25,175719
WOA,20190228,0.175,0.18,0.17,0.18,24300
WOR,20190228,15.06,15.07,14.7,14.91,1557213
WOW,20190228,28.6,28.87,28.48,28.67,5421855
WPL,20190228,36.44,36.49,36.12,36.25,3061237
WPP,20190228,0.555,0.575,0.55,0.555,604604
WQG,20190228,1.065,1.07,1.05,1.05,122612
WRM,20190228,0.006,0.006,0.005,0.006,1099286
WSA,20190228,2.31,2.34,2.28,2.3,1024965
WSI,20190228,0.024,0.025,0.024,0.025,411063
WTC,20190228,18.88,19.7,18.57,19.26,1428009
WWG,20190228,0.4,0.43,0.4,0.43,1142681
WZR,20190228,0.055,0.057,0.055,0.057,583048
XAM,20190228,0.13,0.155,0.13,0.14,3170546
XF1,20190228,0.48,0.48,0.45,0.48,276308
XIP,20190228,1.5,1.5,1.415,1.465,26375
XPD,20190228,0.021,0.025,0.021,0.025,1339777
XPE,20190228,0.002,0.002,0.002,0.002,1855848
XRO,20190228,47.5,47.85,46.54,47.5,331761
XST,20190228,0.003,0.003,0.003,0.003,47591
XTD,20190228,0.023,0.024,0.023,0.023,424364
XTE,20190228,0.4,0.4,0.395,0.395,90055
YAL,20190228,4.05,4.25,4.01,4.18,57353
YBR,20190228,0.061,0.061,0.054,0.054,709963
YOJ,20190228,0.078,0.078,0.078,0.078,196726
YOW,20190228,0.074,0.077,0.074,0.077,501243
YPB,20190228,0.008,0.008,0.008,0.008,1170894
Z1P,20190228,1.57,1.58,1.545,1.55,1341048
ZEL,20190228,5.83,5.84,5.8,5.82,9420
ZEN,20190228,0.765,0.765,0.74,0.745,103465
ZER,20190228,0.345,0.345,0.345,0.345,4597
ZIM,20190228,6.55,6.7,6.55,6.55,1226
ZIP,20190228,0.014,0.014,0.013,0.013,219586
ZLD,20190228,0.054,0.057,0.054,0.057,1123330
ZNO,20190228,0.087,0.087,0.087,0.087,32019
XAF,20190228,6001.1,6027.2,5988.7,6025,0
XAO,20190228,6233.6,6257.3,6221.3,6252.7,0
XAT,20190228,6097.8,6119.3,6081.8,6115.4,0
XDJ,20190228,2295.8,2301.4,2279.7,2300.5,0
XEC,20190228,1315,1316.9,1304.2,1305.3,0
XEJ,20190228,11503,11623.8,11503,11525.9,0
XFJ,20190228,5954.3,6001.5,5939,6001.5,0
XFL,20190228,6046.6,6072.7,6034.1,6070.6,0
XGD,20190228,5835.8,5837.9,5763,5774.5,0
XHJ,20190228,29390.7,30158.8,29390.7,30158.8,0
XIJ,20190228,1243.9,1252.4,1237.9,1248,0
XJO,20190228,6150.3,6173.1,6135.4,6169,0
XJR,20190228,4732,4756.7,4701.2,4702.7,0
XKO,20190228,6099.2,6121.3,6084.7,6117.6,0
XMD,20190228,6658.9,6670.3,6629,6657.5,0
XMJ,20190228,12946.2,12989,12831.3,12840.7,0
XMM,20190228,4260.5,4278.7,4220.5,4221.4,0
XNJ,20190228,6186.7,6213.9,6167.9,6200.8,0
XPJ,20190228,1477.7,1485.1,1471.9,1477.9,0
XSJ,20190228,10532.5,10532.5,10340.7,10385.1,0
XSO,20190228,2764.3,2770.9,2755.6,2764.6,0
XTJ,20190228,1135.3,1139.9,1127.7,1137.9,0
XTL,20190228,3428,3447.8,3419.9,3447.8,0
XTO,20190228,5060.5,5080.5,5048.7,5077.7,0
XUJ,20190228,8069.7,8117.3,8034.4,8072.7,0
XXJ,20190228,6641,6693.7,6624,6693.7,0
