AAC,20070621,2.75,2.84,2.75,2.77,134242
AAE,20070621,0.325,0.33,0.32,0.325,133075
AAM,20070621,0.2,0.2,0.195,0.195,81300
AAN,20070621,15.25,15.25,15.18,15.2,2336106
AAO,20070621,0.15,0.16,0.15,0.15,74100
AAQ,20070621,0.59,0.59,0.56,0.565,336660
AAR,20070621,0.11,0.125,0.11,0.125,9241229
AAS,20070621,0.14,0.15,0.135,0.145,582297
AAT,20070621,0.098,0.098,0.094,0.094,160000
AAU,20070621,0.335,0.335,0.33,0.335,97318
AAX,20070621,8.35,8.5,8.1,8.47,239332
ABB,20070621,9.07,9.23,8.88,8.88,640698
ABC,20070621,3.5,3.53,3.49,3.5,2308065
ABI,20070621,0.033,0.036,0.033,0.034,250532
ABJ,20070621,0.066,0.069,0.066,0.069,585833
ABP,20070621,2,2,1.94,1.98,1787520
ABQ,20070621,0.4,0.405,0.395,0.4,58000
ABS,20070621,7.3,7.3,7.24,7.25,5430902
ABU,20070621,0.145,0.155,0.145,0.155,450000
ABW,20070621,11.8,12,11.8,11.8,1447
ABY,20070621,2.95,3.04,2.95,3.03,560941
ACB,20070621,1.71,1.87,1.705,1.87,798936
ACE,20070621,0.24,0.24,0.24,0.24,63606
ACL,20070621,0.96,0.96,0.93,0.94,162563
ACR,20070621,1.57,1.58,1.565,1.57,665180
ACS,20070621,0.15,0.16,0.15,0.15,70000
ADA,20070621,0.77,0.8,0.765,0.77,62598
ADB,20070621,15.58,16.03,15.45,15.95,1259479
ADE,20070621,0.17,0.18,0.165,0.18,1455703
ADI,20070621,0.51,0.55,0.51,0.535,845617
ADL,20070621,0.08,0.08,0.08,0.08,15000
ADN,20070621,0.49,0.5,0.485,0.485,218060
ADS,20070621,0.235,0.25,0.235,0.24,557390
ADT,20070621,0.66,0.66,0.66,0.66,1135
ADU,20070621,0.57,0.57,0.54,0.56,88000
ADX,20070621,0.065,0.066,0.065,0.066,720752
ADY,20070621,0.205,0.205,0.195,0.2,4684765
AEC,20070621,4.01,4.14,4,4.1,11304
AED,20070621,7.35,7.41,7.26,7.41,108848
AEE,20070621,0.43,0.445,0.43,0.44,74823
AEF,20070621,52,52,49,49,1445
AEI,20070621,0.53,0.53,0.52,0.52,57000
AEM,20070621,0.067,0.067,0.06,0.06,15797
AEO,20070621,1.95,2.04,1.95,2.01,366556
AEP,20070621,4.2,4.2,4.17,4.2,1265557
AET,20070621,1,1,1,1,1000
AEU,20070621,1.83,1.84,1.805,1.81,128521
AEX,20070621,0.045,0.047,0.045,0.047,4617921
AEZ,20070621,1.27,1.27,1.26,1.27,5846044
AFG,20070621,11.25,11.34,11.19,11.3,2886560
AFI,20070621,5.65,5.65,5.58,5.58,384159
AFR,20070621,0.835,0.835,0.835,0.835,55001
AFT,20070621,0.004,0.004,0.004,0.004,995000
AGD,20070621,0.29,0.3,0.27,0.27,27400
AGF,20070621,1.235,1.24,1.21,1.225,320465
AGG,20070621,9.34,9.34,9.34,9.34,5000
AGI,20070621,0.415,0.425,0.415,0.415,208968
AGK,20070621,15.8,15.84,15.62,15.65,10973830
AGM,20070621,0.8,0.815,0.8,0.815,4969647
AGO,20070621,1.37,1.63,1.37,1.51,2300255
AGP,20070621,3.2,3.2,3.2,3.2,3000
AGS,20070621,2.01,2.02,1.955,2,535270
AGX,20070621,0.14,0.14,0.135,0.14,1067562
AGY,20070621,0.33,0.465,0.3,0.385,7184620
AHD,20070621,6.5,6.5,6.32,6.32,19237
AHE,20070621,4.26,4.32,4.26,4.3,86117
AHG,20070621,0.018,0.022,0.016,0.022,777447
AHI,20070621,3.35,3.35,3.3,3.31,42132
AHN,20070621,0.41,0.41,0.36,0.4,36700
AHO,20070621,0.385,0.385,0.385,0.385,945
AHS,20070621,0.875,0.875,0.865,0.865,98597
AIA,20070621,2.91,2.95,2.9,2.94,2777245
AIE,20070621,0.125,0.135,0.125,0.135,193800
AIG,20070621,0.2,0.2,0.17,0.17,40000
AIM,20070621,0.39,0.395,0.35,0.355,40016761
AIO,20070621,11.54,11.54,11.33,11.38,5859100
AIX,20070621,3.35,3.35,3.28,3.28,2882606
AIZ,20070621,2.69,2.69,2.65,2.65,203400
AJL,20070621,1.65,1.65,1.63,1.63,106539
AKK,20070621,0.37,0.39,0.34,0.34,1675463
ALB,20070621,3.03,3.17,3,3.11,475546
ALD,20070621,0.49,0.5,0.49,0.5,182624
ALE,20070621,0.025,0.027,0.025,0.027,690111
ALK,20070621,0.44,0.44,0.415,0.415,265195
ALL,20070621,14.8,14.9,14.72,14.78,5072545
ALR,20070621,2,2,1.96,1.96,8025
ALS,20070621,13.8,14.05,13.76,13.98,628494
ALT,20070621,0.02,0.02,0.019,0.02,317550
ALU,20070621,1.255,1.28,1.25,1.28,73247
ALZ,20070621,2.23,2.23,2.19,2.21,3775138
AMA,20070621,0.415,0.46,0.41,0.45,663571
AMB,20070621,1.93,1.95,1.93,1.95,17700
AMC,20070621,7.41,7.53,7.37,7.4,8951092
AMH,20070621,0.76,0.77,0.76,0.76,84287
AMM,20070621,0.22,0.23,0.22,0.23,2777753
AMP,20070621,10.48,10.48,10.32,10.43,15332608
AMU,20070621,0.86,0.87,0.835,0.85,377009
AND,20070621,0.85,0.92,0.85,0.9,1271887
ANE,20070621,6.35,6.37,6.21,6.21,34565
ANG,20070621,1.61,1.64,1.61,1.64,88911
ANH,20070621,0.085,0.087,0.084,0.086,532360
ANM,20070621,0.285,0.285,0.275,0.275,96592
ANN,20070621,12.56,12.58,12.21,12.33,958975
ANO,20070621,0.15,0.15,0.14,0.14,78075
ANP,20070621,0.035,0.035,0.033,0.033,261539
ANX,20070621,0.175,0.18,0.175,0.175,180000
ANZ,20070621,29.4,29.58,29.32,29.4,13576831
AOC,20070621,0.13,0.13,0.13,0.13,90000
AOD,20070621,10.3,10.3,10.3,10.3,108
AOE,20070621,3.03,3.07,2.97,2.97,3506775
AOI,20070621,0.068,0.068,0.064,0.064,801250
AOM,20070621,0.018,0.018,0.016,0.016,69201
AOP,20070621,0.3,0.3,0.3,0.3,60000
APA,20070621,4.22,4.22,4.17,4.17,1174917
APB,20070621,0.135,0.135,0.135,0.135,64000
APD,20070621,3.08,3.09,3,3.09,60648
APG,20070621,0.125,0.13,0.125,0.125,1684300
API,20070621,2.24,2.32,2.24,2.32,1098613
APK,20070621,0.61,0.64,0.61,0.64,66300
APM,20070621,0.019,0.019,0.018,0.018,161500
APN,20070621,5.98,5.99,5.83,5.88,1473051
APV,20070621,0.098,0.098,0.092,0.092,226686
APZ,20070621,2.35,2.36,2.34,2.35,38084
AQA,20070621,5.8,6.05,5.8,6.05,44403
AQD,20070621,0.23,0.235,0.225,0.225,289210
AQP,20070621,38.5,38.62,37.92,38.2,322741
AQR,20070621,0.215,0.22,0.215,0.215,80000
ARA,20070621,0.68,0.68,0.68,0.68,9228
ARE,20070621,0.205,0.215,0.2,0.21,179750
ARG,20070621,8,8.05,7.96,7.96,110345
ARH,20070621,1.42,1.49,1.42,1.45,231495
ARJ,20070621,0.011,0.011,0.011,0.011,75640
ARM,20070621,0.48,0.52,0.46,0.515,285610
ARP,20070621,4.38,4.42,4.38,4.4,86623
ARQ,20070621,1.73,1.81,1.725,1.79,2492112
ARR,20070621,3.25,3.3,3.19,3.3,547130
ARU,20070621,1.82,1.94,1.8,1.92,567300
ARW,20070621,0.385,0.4,0.385,0.395,971745
ARX,20070621,0.025,0.025,0.024,0.024,1422602
ASB,20070621,3.8,3.85,3.79,3.8,379580
ASC,20070621,0.026,0.026,0.026,0.026,592183
ASL,20070621,2.55,2.6,2.54,2.58,112791
ASP,20070621,0.4,0.4,0.4,0.4,20000
ASV,20070621,0.02,0.02,0.02,0.02,10975
ASX,20070621,51.13,51.5,50.8,51.2,1726529
ASZ,20070621,1.53,1.56,1.5,1.52,131520
ATG,20070621,0.17,0.17,0.17,0.17,113925
ATN,20070621,0.047,0.047,0.045,0.045,317334
ATP,20070621,0.465,0.465,0.465,0.465,25000
ATR,20070621,2.67,2.67,2.67,2.67,3500
ATV,20070621,0.14,0.14,0.14,0.14,32686
AUB,20070621,4.51,4.61,4.49,4.51,36673
AUI,20070621,8.75,8.75,8.75,8.75,500
AUN,20070621,1.7,1.715,1.64,1.665,3709163
AUQ,20070621,0.285,0.29,0.28,0.28,262995
AUT,20070621,0.535,0.56,0.505,0.56,290479
AUW,20070621,2.67,2.67,2.6,2.64,3314514
AUX,20070621,0.055,0.055,0.052,0.053,405800
AUZ,20070621,0.185,0.215,0.185,0.19,29661586
AVA,20070621,0.34,0.37,0.34,0.35,77652
AVD,20070621,0.51,0.51,0.5,0.5,38777
AVE,20070621,3.35,3.35,3.31,3.31,23361
AVJ,20070621,1.39,1.39,1.355,1.365,129815
AVM,20070621,18.5,18.74,18.5,18.72,14318
AVO,20070621,1.425,1.45,1.425,1.45,506433
AVP,20070621,0.011,0.011,0.011,0.011,217750
AVQ,20070621,0.27,0.275,0.25,0.26,385300
AVR,20070621,1.66,1.66,1.66,1.66,20640
AVS,20070621,0.66,0.68,0.65,0.68,63863
AVX,20070621,0.57,0.59,0.57,0.58,1363150
AWB,20070621,4,4.04,3.96,4,3576716
AWC,20070621,7.94,7.94,7.77,7.93,9246182
AWE,20070621,3.48,3.64,3.43,3.53,5798720
AWG,20070621,0.13,0.13,0.125,0.125,366756
AWL,20070621,0.012,0.012,0.012,0.012,320402
AXA,20070621,7.75,7.85,7.74,7.8,6378630
AXC,20070621,0.13,0.14,0.13,0.13,158969
AXI,20070621,0.455,0.46,0.45,0.455,266433
AXM,20070621,0.93,1,0.9,0.91,611665
AXO,20070621,0.88,0.9,0.87,0.9,160599
AXQ,20070621,0.785,0.8,0.78,0.785,256343
AXT,20070621,0.57,0.58,0.565,0.58,85129
AYF,20070621,9.96,9.96,9.95,9.95,4405
AYR,20070621,0.125,0.125,0.11,0.11,378154
AZA,20070621,1.31,1.31,1.25,1.28,651811
AZC,20070621,0.325,0.33,0.32,0.33,354790
AZD,20070621,0.47,0.49,0.47,0.49,386151
AZM,20070621,0.25,0.25,0.25,0.25,209800
AZS,20070621,0.155,0.22,0.155,0.2,41842594
AZZ,20070621,0.78,0.81,0.77,0.805,1013683
BAS,20070621,0.08,0.081,0.078,0.08,718860
BBG,20070621,17.83,18.08,17.7,17.93,1150241
BBI,20070621,1.78,1.795,1.775,1.78,14643106
BBP,20070621,3.47,3.5,3.46,3.48,5436153
BBW,20070621,1.97,1.975,1.935,1.935,2680788
BCD,20070621,0.25,0.275,0.25,0.275,331632
BCF,20070621,1.75,1.75,1.7,1.75,120657
BCI,20070621,1.78,1.8,1.71,1.76,219679
BCM,20070621,5.24,5.24,5.16,5.2,1167390
BCN,20070621,0.34,0.37,0.34,0.37,151800
BDG,20070621,0.31,0.32,0.305,0.315,3484914
BDI,20070621,0.405,0.435,0.4,0.4,28353
BDL,20070621,0.245,0.245,0.235,0.235,525782
BDM,20070621,0.315,0.315,0.315,0.315,2000
BEC,20070621,3.35,3.5,3.35,3.5,527599
BEI,20070621,0.68,0.68,0.645,0.655,1113735
BEL,20070621,0.39,0.39,0.39,0.39,51545
BEN,20070621,16.49,16.49,16.28,16.37,495472
BFE,20070621,0.205,0.22,0.205,0.22,29000
BGD,20070621,0.48,0.48,0.48,0.48,51800
BGL,20070621,0.091,0.091,0.091,0.091,24000
BHP,20070621,34.6,35.09,34.43,35.09,31426006
BIT,20070621,0.26,0.26,0.245,0.245,29000
BJT,20070621,1.84,1.84,1.83,1.83,3796403
BKG,20070621,0.1,0.1,0.097,0.097,94000
BKI,20070621,1.51,1.51,1.5,1.5,63982
BKL,20070621,20.05,20.15,20,20,17628
BKM,20070621,0.009,0.009,0.009,0.009,71000
BKN,20070621,9.69,9.83,9.6,9.76,768774
BKP,20070621,0.135,0.135,0.13,0.135,1423846
BKR,20070621,0.49,0.53,0.49,0.53,39240
BKW,20070621,13.85,13.85,13.75,13.76,3138
BKY,20070621,1.9,2,1.89,2,1235689
BLD,20070621,9.04,9.1,8.9,8.99,5592766
BLG,20070621,0.63,0.64,0.625,0.64,122859
BLK,20070621,1.315,1.4,1.3,1.35,121772
BLP,20070621,0.9,0.915,0.9,0.915,767848
BLR,20070621,0.23,0.235,0.22,0.225,2531114
BLS,20070621,0.082,0.084,0.082,0.084,58828
BLT,20070621,0.13,0.14,0.13,0.13,404481
BLU,20070621,2.31,2.36,2.31,2.36,31910
BLY,20070621,2.29,2.29,2.23,2.27,15372772
BLZ,20070621,0.041,0.041,0.039,0.039,500000
BMN,20070621,3.17,3.18,3.08,3.1,335076
BMX,20070621,0.27,0.285,0.27,0.28,2187645
BMY,20070621,0.15,0.2,0.15,0.2,269750
BNB,20070621,33.5,34.28,33.4,33.94,1925444
BNE,20070621,0.33,0.33,0.33,0.33,23999
BNL,20070621,0.26,0.28,0.25,0.275,657048
BNO,20070621,0.38,0.395,0.37,0.395,512943
BNT,20070621,0.088,0.093,0.087,0.09,1022190
BOC,20070621,0.83,0.83,0.825,0.825,6374
BOD,20070621,0.16,0.16,0.14,0.14,82125
BOL,20070621,3.35,3.4,3.35,3.39,1702555
BON,20070621,0.125,0.125,0.125,0.125,123816
BOQ,20070621,18.03,18.05,17.8,17.81,530611
BOS,20070621,0.115,0.12,0.105,0.11,791643
BOW,20070621,0.18,0.18,0.17,0.17,855153
BPH,20070621,0.165,0.165,0.155,0.16,290442
BPK,20070621,0.029,0.03,0.029,0.03,700000
BPO,20070621,0.047,0.047,0.045,0.045,1915300
BPT,20070621,1.48,1.48,1.445,1.445,6602452
BQT,20070621,0.19,0.19,0.185,0.19,267256
BRO,20070621,0.008,0.01,0.008,0.01,104569406
BRT,20070621,0.09,0.1,0.09,0.1,45000
BRW,20070621,0.6,0.61,0.585,0.61,611467
BSA,20070621,0.735,0.75,0.735,0.75,2770117
BSG,20070621,2.83,2.84,2.78,2.78,2703343
BSL,20070621,10.45,10.6,10.25,10.6,8402560
BSM,20070621,0.37,0.37,0.37,0.37,27500
BSO,20070621,0.46,0.465,0.45,0.46,197440
BTA,20070621,1.79,1.8,1.76,1.79,828337
BTC,20070621,0.355,0.37,0.355,0.37,26263
BTV,20070621,0.12,0.13,0.12,0.13,517452
BUG,20070621,0.5,0.5,0.5,0.5,29010
BUL,20070621,0.275,0.275,0.265,0.265,684628
BUR,20070621,0.28,0.29,0.275,0.285,966094
BUY,20070621,0.057,0.057,0.055,0.055,296960
BVA,20070621,1.75,1.8,1.74,1.76,94562
BVP,20070621,0.275,0.285,0.275,0.285,250000
BWN,20070621,0.31,0.32,0.3,0.3,49225
BWP,20070621,2.31,2.31,2.26,2.26,1378933
BXB,20070621,12.36,12.44,11.99,12.08,27290502
BXP,20070621,0.22,0.22,0.22,0.22,457971
BZI,20070621,0.2,0.205,0.17,0.205,1018116
CAA,20070621,0.68,0.695,0.675,0.675,201857
CAB,20070621,13.19,13.19,13.01,13.02,794359
CAF,20070621,0.73,0.73,0.73,0.73,20455
CAL,20070621,0.85,0.85,0.85,0.85,205
CAM,20070621,1.3,1.35,1.29,1.33,9967
CAQ,20070621,0.2,0.2,0.195,0.2,22500
CAS,20070621,0.45,0.505,0.44,0.44,469850
CAT,20070621,1,1.1,0.99,1.06,9267
CAU,20070621,0.05,0.054,0.05,0.052,938000
CAV,20070621,1.1,1.14,1.1,1.13,103964
CAZ,20070621,0.625,0.625,0.62,0.625,97000
CBA,20070621,55.35,55.35,54.68,54.9,8248435
CBB,20070621,0.58,0.61,0.58,0.61,23995
CBD,20070621,0.13,0.135,0.13,0.135,60160
CBH,20070621,0.625,0.63,0.61,0.615,2293421
CBM,20070621,2.5,2.5,2.5,2.5,8771
CBR,20070621,2.74,2.74,2.74,2.74,4326
CCE,20070621,0.035,0.036,0.035,0.036,2182310
CCI,20070621,0.005,0.006,0.005,0.005,8998267
CCK,20070621,0.24,0.24,0.23,0.23,7500
CCL,20070621,9.53,9.54,9.36,9.43,3751655
CCP,20070621,12.05,12.3,11.9,12.1,22144
CCQ,20070621,0.985,0.985,0.97,0.97,1083500
CCS,20070621,0.076,0.076,0.07,0.07,396370
CCU,20070621,0.19,0.195,0.19,0.19,70000
CCV,20070621,0.68,0.685,0.67,0.685,357451
CDA,20070621,0.95,0.96,0.945,0.945,388806
CDD,20070621,6.8,6.9,6.8,6.9,89776
CDF,20070621,2.02,2.02,2.02,2.02,3500
CDI,20070621,1.07,1.095,1.07,1.08,322120
CDM,20070621,1.2,1.2,1.2,1.2,5000
CDO,20070621,6.13,6.13,6.13,6.13,1400
CDP,20070621,4.86,4.86,4.85,4.85,12772
CDR,20070621,1.47,1.47,1.435,1.45,4839543
CDT,20070621,0.305,0.305,0.305,0.305,5000
CDU,20070621,3.69,3.72,3.6,3.64,381509
CDX,20070621,1.21,1.27,1.21,1.26,64009
CEC,20070621,0.425,0.425,0.425,0.425,150
CEG,20070621,2.55,2.55,2.53,2.53,10399
CEO,20070621,0.04,0.041,0.04,0.041,210000
CER,20070621,1.745,1.745,1.725,1.745,3653176
CEU,20070621,1.625,1.63,1.615,1.615,9261012
CEY,20070621,3.1,3.1,3.03,3.06,4154652
CFE,20070621,0.66,0.69,0.66,0.69,2278274
CFI,20070621,0.81,0.815,0.81,0.815,12562
CFK,20070621,0.1,0.105,0.1,0.105,255754
CFR,20070621,0.008,0.009,0.008,0.009,352472
CFU,20070621,1.015,1.045,1.015,1.015,86125
CFX,20070621,2.34,2.34,2.29,2.32,9403952
CGF,20070621,6.01,6.05,5.94,5.99,3378358
CGI,20070621,0.11,0.115,0.11,0.115,150142
CGJ,20070621,16.64,16.64,16.43,16.55,16848577
CGM,20070621,0.25,0.25,0.24,0.24,109604
CGO,20070621,1.18,1.18,1.18,1.18,37400
CGS,20070621,0.17,0.17,0.16,0.16,31538
CGX,20070621,0.65,0.65,0.65,0.65,91100
CHB,20070621,50.7,51.2,50.7,50.87,627
CHC,20070621,2.95,2.95,2.85,2.92,134904
CHF,20070621,0.345,0.345,0.345,0.345,120000
CHL,20070621,0.575,0.58,0.575,0.58,650633
CHN,20070621,0.14,0.14,0.14,0.14,66663
CHO,20070621,6.34,6.34,6.34,6.34,500
CHP,20070621,0.028,0.032,0.028,0.032,2519000
CHZ,20070621,0.3,0.3,0.3,0.3,65000
CIF,20070621,4.11,4.16,4.11,4.14,268873
CIG,20070621,0.087,0.09,0.085,0.09,8278100
CII,20070621,0.16,0.165,0.16,0.165,155000
CIL,20070621,2.1,2.1,2,2.06,90878
CIN,20070621,22.25,22.25,22.25,22.25,3717
CIR,20070621,1.375,1.38,1.37,1.38,23300
CIW,20070621,1.1,1.1,1.1,1.1,7000
CIX,20070621,0.53,0.53,0.51,0.51,45595
CIY,20070621,3.98,4,3.96,3.97,472067
CJT,20070621,0.18,0.25,0.18,0.18,80121
CKK,20070621,0.195,0.195,0.185,0.19,566190
CKL,20070621,0.57,0.57,0.55,0.55,70000
CKP,20070621,1.43,1.45,1.43,1.45,18000
CKR,20070621,0.165,0.165,0.165,0.165,50000
CLD,20070621,0.095,0.095,0.095,0.095,20000
CLF,20070621,0.21,0.215,0.21,0.215,32500
CLH,20070621,0.78,0.79,0.76,0.76,113495
CLN,20070621,0.27,0.27,0.27,0.27,12500
CLO,20070621,0.535,0.55,0.53,0.545,126465
CLT,20070621,0.82,0.82,0.8,0.8,39000
CLV,20070621,0.1,0.1,0.093,0.095,1174867
CLX,20070621,1.29,1.29,1.29,1.29,1000
CME,20070621,0.082,0.093,0.079,0.093,9896660
CMI,20070621,1.54,1.54,1.5,1.5,43756
CMK,20070621,0.26,0.26,0.25,0.25,66000
CMO,20070621,0.037,0.04,0.036,0.039,19279389
CMP,20070621,0.13,0.135,0.12,0.135,174700
CMR,20070621,4.73,4.8,4.65,4.75,624246
CMV,20070621,0.44,0.45,0.44,0.445,167500
CMW,20070621,1.2,1.2,1.175,1.18,960488
CMY,20070621,0.35,0.35,0.35,0.35,9000
CNA,20070621,74.5,76,74.5,74.5,1815
CNB,20070621,1.62,1.62,1.62,1.62,2277
CND,20070621,3.36,3.39,3.34,3.35,22872
CNF,20070621,0.15,0.17,0.15,0.17,149800
CNM,20070621,0.195,0.195,0.175,0.175,2930881
CNN,20070621,0.135,0.145,0.135,0.14,774243
CNP,20070621,8.99,9.01,8.9,8.96,6510044
CNT,20070621,1.13,1.13,1.09,1.09,49700
COA,20070621,5.75,5.75,5.57,5.59,3621959
COE,20070621,0.735,0.775,0.735,0.77,619017
COF,20070621,4.4,4.4,4.29,4.3,171539
COH,20070621,61.85,62.02,61.5,62,442006
COI,20070621,0.24,0.25,0.22,0.23,287401
COK,20070621,0.2,0.205,0.195,0.2,870000
COM,20070621,0.19,0.19,0.19,0.19,15700
COO,20070621,0.155,0.16,0.15,0.15,10000
COS,20070621,0.1,0.1,0.1,0.1,1800
COU,20070621,3.06,3.09,3.04,3.05,36410
COZ,20070621,0.395,0.395,0.385,0.39,175261
CPA,20070621,1.71,1.73,1.7,1.71,12619328
CPB,20070621,28.12,28.25,28.12,28.17,18892
CPI,20070621,0.345,0.35,0.345,0.345,55667
CPK,20070621,0.71,0.71,0.67,0.68,150830
CPN,20070621,0.345,0.35,0.34,0.35,588651
CPR,20070621,2.05,2.05,1.935,1.97,298489
CPU,20070621,11.41,11.6,11.3,11.54,4479528
CQT,20070621,0.78,0.815,0.75,0.815,853308
CRB,20070621,0.405,0.41,0.4,0.41,41553
CRC,20070621,0.38,0.39,0.38,0.39,108641
CRE,20070621,0.385,0.39,0.38,0.38,175563
CRG,20070621,16.17,16.5,16.02,16.06,360956
CRJ,20070621,0.255,0.27,0.255,0.27,334610
CRK,20070621,1.675,1.68,1.67,1.67,26000
CRL,20070621,0.135,0.135,0.135,0.135,337197
CRT,20070621,0.64,0.645,0.64,0.64,60972
CSE,20070621,0.805,0.805,0.74,0.76,389553
CSF,20070621,1.295,1.3,1.285,1.285,10543558
CSH,20070621,1.99,1.99,1.99,1.99,1955
CSL,20070621,89.55,90.39,89.2,90.09,1581317
CSM,20070621,2.69,2.76,2.65,2.71,2274212
CSR,20070621,3.38,3.39,3.36,3.37,8877474
CSS,20070621,1.3,1.3,1.3,1.3,21400
CST,20070621,2.93,2.95,2.89,2.9,49417
CSV,20070621,1.3,1.3,1.28,1.28,167703
CSW,20070621,1.015,1.02,1,1,257960
CTF,20070621,0.036,0.04,0.036,0.04,139000
CTI,20070621,0.09,0.097,0.09,0.097,207427
CTN,20070621,2.16,2.18,2.12,2.12,19390
CTO,20070621,0.46,0.475,0.45,0.475,958996
CTP,20070621,0.19,0.195,0.185,0.195,1409969
CTS,20070621,0.52,0.54,0.52,0.54,215000
CTX,20070621,27.6,28.06,27.32,28,1397397
CUE,20070621,0.205,0.215,0.2,0.215,733260
CUL,20070621,0.049,0.049,0.045,0.046,1611250
CUO,20070621,0.795,0.795,0.76,0.775,957759
CUS,20070621,0.215,0.22,0.215,0.215,1512000
CUV,20070621,0.9,0.91,0.885,0.91,115938
CUX,20070621,0.395,0.425,0.395,0.395,453600
CUY,20070621,2,2.24,1.91,2.15,473698
CVB,20070621,0.13,0.13,0.13,0.13,40427
CVC,20070621,1.85,1.86,1.845,1.855,528036
CVG,20070621,0.26,0.26,0.26,0.26,58000
CVI,20070621,0.071,0.077,0.069,0.069,1036503
CVN,20070621,0.22,0.23,0.215,0.22,3366040
CWG,20070621,0.29,0.295,0.29,0.295,50000
CWP,20070621,5.2,5.2,5.2,5.2,2917
CWT,20070621,0.85,0.86,0.84,0.84,46500
CXG,20070621,1.99,1.99,1.95,1.95,8321
CXM,20070621,0.54,0.54,0.525,0.54,138483
CXN,20070621,0.155,0.155,0.155,0.155,5692
CXP,20070621,6.95,6.95,6.72,6.8,489466
CXS,20070621,1.04,1.075,1.01,1.075,66139
CXY,20070621,0.078,0.078,0.074,0.074,1294193
CYA,20070621,1.375,1.38,1.36,1.36,73156
CYC,20070621,0.39,0.4,0.38,0.38,95000
CYG,20070621,4.22,4.25,4.17,4.25,52413
CYL,20070621,0.22,0.23,0.22,0.22,60821
CYT,20070621,0.635,0.635,0.63,0.63,105664
CZR,20070621,0.38,0.4,0.38,0.4,38585
DBS,20070621,0.81,0.81,0.81,0.81,28865
DDD,20070621,0.145,0.145,0.14,0.14,127500
DDT,20070621,0.365,0.365,0.365,0.365,120000
DEG,20070621,0.12,0.125,0.115,0.12,1120658
DES,20070621,0.345,0.35,0.34,0.35,227757
DEX,20070621,2.86,2.86,2.62,2.75,132614
DGH,20070621,0.74,0.74,0.74,0.74,40000
DGR,20070621,0.43,0.465,0.43,0.455,573699
DIA,20070621,0.1,0.1,0.1,0.1,113289
DIO,20070621,0.1,0.11,0.098,0.105,21061228
DJS,20070621,5.36,5.4,5.32,5.37,4461244
DJW,20070621,4.8,4.8,4.78,4.78,145427
DLS,20070621,0.18,0.185,0.18,0.18,407000
DMA,20070621,0.28,0.28,0.28,0.28,136666
DML,20070621,0.41,0.43,0.395,0.4,863557
DMP,20070621,3.37,3.49,3.37,3.44,57510
DMX,20070621,0.54,0.55,0.5,0.5,3170169
DMY,20070621,0.04,0.04,0.04,0.04,12000
DOM,20070621,2.49,2.49,2.37,2.44,166364
DON,20070621,0.33,0.33,0.33,0.33,20000
DOW,20070621,7.08,7.23,7.03,7.18,3379354
DRA,20070621,0.115,0.12,0.11,0.12,1081675
DRT,20070621,2,2.01,1.98,2,35448534
DRX,20070621,0.245,0.245,0.245,0.245,25000
DSF,20070621,0.063,0.063,0.063,0.063,30000
DTM,20070621,0.185,0.185,0.185,0.185,69624
DUE,20070621,4.15,4.15,4,4.03,3354608
DUI,20070621,4,4,3.98,3.98,9783
DVM,20070621,0.072,0.072,0.072,0.072,100000
DVN,20070621,1.36,1.375,1.33,1.375,83221
DWS,20070621,2.39,2.39,2.39,2.39,22930
DWY,20070621,1,1,0.995,0.995,14800
DXL,20070621,2.49,2.52,2.48,2.51,15062893
DYE,20070621,1.095,1.13,1.065,1.13,510353
DYL,20070621,0.615,0.62,0.58,0.605,5307753
EAR,20070621,0.275,0.275,0.275,0.275,41000
EBB,20070621,3.77,3.83,3.75,3.83,35244
EBG,20070621,0.32,0.32,0.32,0.32,50000
EBI,20070621,3.75,3.78,3.75,3.78,360573
EBR,20070621,0.036,0.037,0.035,0.036,1919643
EBT,20070621,0.155,0.16,0.155,0.155,271453
ECH,20070621,1.3,1.35,1.25,1.25,81838
ECM,20070621,0.092,0.092,0.092,0.092,20000
ECU,20070621,0.025,0.025,0.025,0.025,1870000
EDE,20070621,0.65,0.66,0.64,0.66,29670
EDM,20070621,0.043,0.044,0.043,0.044,290000
EDN,20070621,0.375,0.375,0.36,0.37,70236
EEE,20070621,0.19,0.19,0.19,0.19,10000
EFT,20070621,0.1,0.105,0.1,0.1,28026
EGL,20070621,0.099,0.099,0.099,0.099,94000
EGO,20070621,0.007,0.007,0.007,0.007,24346161
EGX,20070621,0.9,0.9,0.895,0.895,1547
EHL,20070621,1.6,1.615,1.6,1.6,6616774
EIF,20070621,0.019,0.019,0.019,0.019,194737
EIG,20070621,1.1,1.145,1.1,1.145,18245
EKA,20070621,0.32,0.32,0.29,0.29,325644
EKM,20070621,0.58,0.58,0.58,0.58,10000
ELI,20070621,1.1,1.12,1.1,1.12,22000
ELK,20070621,0.33,0.33,0.31,0.325,197000
ELL,20070621,0.16,0.16,0.16,0.16,113068
ELM,20070621,0.24,0.24,0.23,0.24,181053
ELX,20070621,0.865,0.875,0.86,0.87,70000
EME,20070621,6.51,6.88,6.51,6.88,8850
EMM,20070621,0.095,0.095,0.095,0.095,171660
EMP,20070621,0.125,0.125,0.115,0.12,747694
EMR,20070621,0.235,0.235,0.225,0.225,305209
EMS,20070621,0.145,0.145,0.14,0.14,169362
ENE,20070621,4.45,4.45,4.33,4.36,1318479
ENG,20070621,0.22,0.22,0.21,0.215,713322
ENI,20070621,0.065,0.065,0.065,0.065,25000
ENR,20070621,0.57,0.57,0.565,0.565,98776
ENV,20070621,1.165,1.165,1.15,1.165,3466601
EON,20070621,0.68,0.69,0.68,0.69,61000
EOS,20070621,1.41,1.41,1.41,1.41,5500
EPE,20070621,0.077,0.083,0.077,0.079,566500
EPF,20070621,0.195,0.195,0.195,0.195,3145
EPG,20070621,0.975,0.99,0.97,0.975,1230200
EPR,20070621,0.046,0.046,0.045,0.045,826025
EPS,20070621,0.315,0.315,0.3,0.305,90791
EPY,20070621,0.235,0.235,0.23,0.23,430127
EQI,20070621,1.84,1.84,1.81,1.81,362860
EQN,20070621,3.82,3.9,3.82,3.85,1091624
EQT,20070621,31.2,31.2,31.2,31.2,500
EQX,20070621,0.17,0.17,0.17,0.17,8333
ERA,20070621,21.98,21.98,20.42,20.88,1205539
ERG,20070621,0.15,0.155,0.15,0.155,1990930
ERJ,20070621,0.032,0.032,0.031,0.031,401150
ERL,20070621,0.31,0.31,0.31,0.31,64100
ERN,20070621,0.915,0.915,0.88,0.915,413578
ERO,20070621,0.5,0.51,0.48,0.49,213000
ESG,20070621,0.665,0.67,0.63,0.67,1458976
ESI,20070621,0.185,0.185,0.17,0.185,311400
ESS,20070621,0.84,0.84,0.84,0.84,85700
ESV,20070621,0.92,0.98,0.91,0.95,235206
ETE,20070621,0.17,0.17,0.16,0.17,672000
ETW,20070621,0.16,0.165,0.155,0.155,340912
EVE,20070621,0.285,0.29,0.285,0.285,141199
EVG,20070621,0.175,0.175,0.16,0.16,137750
EVM,20070621,0.145,0.15,0.135,0.135,335706
EVZ,20070621,0.54,0.54,0.52,0.52,40675
EWC,20070621,1.02,1.02,0.995,1,323741
EXM,20070621,0.027,0.027,0.025,0.025,8930442
EXR,20070621,0.275,0.295,0.27,0.295,802652
EXS,20070621,0.365,0.37,0.36,0.36,315400
EXT,20070621,0.9,0.92,0.885,0.89,530051
EYE,20070621,0.165,0.19,0.165,0.19,477708
EZE,20070621,0.13,0.13,0.13,0.13,1650
EZL,20070621,3.9,3.91,3.9,3.91,60820
EZY,20070621,0.53,0.53,0.525,0.525,33684
FAC,20070621,0.485,0.485,0.485,0.485,5715
FAN,20070621,4.2,4.3,4.2,4.3,14016
FAR,20070621,0.165,0.175,0.165,0.17,2838343
FAS,20070621,0.86,0.88,0.8,0.8,401126
FAT,20070621,1.065,1.085,1.065,1.085,53823
FBU,20070621,11.65,11.66,11.54,11.55,452983
FCL,20070621,2.66,2.69,2.63,2.69,8169799
FCN,20070621,0.455,0.455,0.44,0.44,520700
FDL,20070621,0.012,0.012,0.012,0.012,1820000
FEA,20070621,0.68,0.68,0.66,0.665,633793
FER,20070621,2.24,2.24,2.1,2.12,134874
FFF,20070621,0.061,0.075,0.061,0.073,3753129
FFI,20070621,5,5,4.55,4.55,5000
FGI,20070621,1.4,1.4,1.4,1.4,40000
FGL,20070621,6.51,6.52,6.45,6.49,18131669
FIC,20070621,0.07,0.07,0.065,0.07,339887
FIS,20070621,0.235,0.235,0.205,0.22,949910
FKP,20070621,7.45,7.45,7.01,7.28,1583462
FLR,20070621,0.16,0.16,0.16,0.16,84197
FLT,20070621,18.53,19,18.53,18.91,259490
FLX,20070621,4.95,4.99,4.88,4.96,452698
FMG,20070621,36.4,37.36,36,37.34,705007
FML,20070621,0.115,0.115,0.11,0.11,12398344
FND,20070621,0.81,0.81,0.8,0.8,18000
FNP,20070621,0.48,0.48,0.48,0.48,25334
FNT,20070621,0.185,0.205,0.18,0.19,5577628
FPH,20070621,3.08,3.14,3.08,3.12,118278
FPS,20070621,2.66,2.69,2.64,2.64,52750
FRE,20070621,0.41,0.415,0.37,0.41,405162
FRI,20070621,0.74,0.77,0.74,0.74,12000
FRR,20070621,0.535,0.535,0.53,0.535,101800
FRS,20070621,0.98,0.98,0.92,0.925,467480
FSA,20070621,0.83,0.885,0.83,0.885,76800
FUL,20070621,0.059,0.059,0.056,0.056,158795
FUN,20070621,1.765,1.8,1.76,1.79,308779
FUT,20070621,0.005,0.005,0.004,0.004,784603
FWD,20070621,8.7,8.94,8.7,8.88,108486
FWL,20070621,0.52,0.555,0.51,0.55,656079
FXI,20070621,1,1,1,1,25000
FXJ,20070621,4.85,4.88,4.78,4.8,19396899
FXL,20070621,2.98,3,2.98,2.99,36709
FXR,20070621,0.85,0.895,0.85,0.86,941997
FZN,20070621,0.685,0.69,0.68,0.68,193014
GAA,20070621,0.575,0.58,0.545,0.58,133210
GAP,20070621,0.4,0.4,0.4,0.4,11923
GAU,20070621,0.27,0.27,0.265,0.265,422291
GBA,20070621,0.074,0.074,0.071,0.071,53000
GBE,20070621,0.97,0.97,0.95,0.97,120352
GBG,20070621,1.01,1.04,0.99,1.025,7124827
GBL,20070621,0.037,0.037,0.037,0.037,190000
GBP,20070621,0.155,0.155,0.145,0.145,901233
GBT,20070621,3.9,3.9,3.9,3.9,5110
GBX,20070621,0.25,0.25,0.225,0.25,17500
GCL,20070621,4.82,4.85,4.76,4.76,2434973
GCN,20070621,0.05,0.05,0.048,0.048,336500
GCR,20070621,0.048,0.048,0.044,0.045,4339255
GCX,20070621,0.56,0.58,0.535,0.535,16017
GDA,20070621,0.026,0.026,0.024,0.024,1944120
GDM,20070621,0.6,0.6,0.59,0.59,32348
GDN,20070621,0.38,0.38,0.35,0.37,1846981
GDR,20070621,0.49,0.5,0.48,0.5,87385
GDY,20070621,1.59,1.61,1.575,1.595,440620
GED,20070621,0.095,0.095,0.095,0.095,10000
GFF,20070621,2.44,2.44,2.38,2.4,7328059
GFL,20070621,0.915,0.915,0.91,0.91,22362
GGG,20070621,1.85,1.86,1.8,1.8,101878
GGP,20070621,0.245,0.255,0.245,0.255,281324
GGX,20070621,0.11,0.11,0.1,0.1,240913
GGY,20070621,0.15,0.155,0.145,0.145,2174290
GHT,20070621,1.76,1.91,1.76,1.9,26844
GIA,20070621,0.285,0.285,0.285,0.285,11000
GIP,20070621,0.115,0.115,0.115,0.115,14870
GIR,20070621,0.75,0.75,0.71,0.73,81734
GJT,20070621,1.02,1.03,1.02,1.03,843450
GLB,20070621,1.7,1.7,1.7,1.7,20280
GLC,20070621,0.155,0.16,0.15,0.15,595301
GLF,20070621,0.265,0.3,0.265,0.3,232500
GLI,20070621,0.18,0.19,0.18,0.18,758822
GLO,20070621,0.037,0.039,0.035,0.039,1016000
GLX,20070621,0.087,0.093,0.086,0.093,325000
GME,20070621,0.78,0.8,0.78,0.8,131020
GMI,20070621,1.89,1.93,1.88,1.88,61233
GML,20070621,0.115,0.115,0.115,0.115,148044
GMR,20070621,0.125,0.135,0.12,0.135,164608
GNC,20070621,12.85,13,12.81,13,117315
GNL,20070621,0.038,0.038,0.038,0.038,220000
GNS,20070621,3.35,3.36,3.31,3.33,2055642
GOA,20070621,0.11,0.11,0.11,0.11,79604
GOG,20070621,0.245,0.245,0.24,0.24,402155
GOP,20070621,0.255,0.27,0.255,0.265,582575
GOW,20070621,3.85,3.88,3.85,3.88,16450
GPG,20070621,1.85,1.89,1.85,1.88,327743
GPN,20070621,0.045,0.046,0.044,0.044,2367093
GPR,20070621,0.39,0.39,0.39,0.39,10423
GPT,20070621,4.92,4.93,4.82,4.91,18930223
GRB,20070621,0.2,0.2,0.2,0.2,39066
GRD,20070621,2.36,2.36,2.33,2.35,374722
GRK,20070621,0.195,0.215,0.18,0.205,3466573
GRL,20070621,0.26,0.28,0.26,0.28,367421
GRR,20070621,2.08,2.08,2.04,2.06,443192
GRV,20070621,0.565,0.565,0.565,0.565,600
GRY,20070621,0.425,0.425,0.42,0.425,106900
GSE,20070621,0.125,0.125,0.12,0.12,2271499
GSF,20070621,0.029,0.029,0.026,0.026,965000
GTE,20070621,0.35,0.35,0.34,0.345,157399
GTG,20070621,0.13,0.135,0.125,0.13,182190
GTP,20070621,2.83,2.86,2.8,2.86,2640797
GTX,20070621,0.135,0.135,0.135,0.135,50000
GUD,20070621,8.99,9.07,8.91,8.91,339638
GUJ,20070621,0.325,0.385,0.325,0.36,541890
GUN,20070621,0.27,0.3,0.27,0.285,281866
GVM,20070621,1.06,1.09,1.06,1.06,122000
GWR,20070621,2.15,2.29,2.13,2.2,64864
GWT,20070621,4.58,4.58,4.49,4.58,1651853
GWV,20070621,0.079,0.079,0.078,0.078,5540
GXL,20070621,1.45,1.47,1.44,1.47,43890
GXY,20070621,0.61,0.69,0.61,0.69,203586
GYN,20070621,0.305,0.315,0.305,0.315,23892
GZL,20070621,2.3,2.3,2.3,2.3,61500
HAN,20070621,25.07,25.07,25.07,25.07,600
HAO,20070621,0.03,0.03,0.028,0.028,30000
HAP,20070621,1.28,1.3,1.28,1.3,80768
HAV,20070621,2.1,2.25,2.1,2.2,66186
HAZ,20070621,0.325,0.325,0.31,0.31,76000
HCY,20070621,0.017,0.017,0.016,0.017,5545212
HDF,20070621,3.39,3.41,3.35,3.41,989701
HDG,20070621,0.76,0.76,0.715,0.76,56316
HDN,20070621,0.38,0.38,0.375,0.38,246176
HEG,20070621,0.15,0.15,0.15,0.15,635000
HEM,20070621,0.2,0.205,0.2,0.205,350000
HER,20070621,1.345,1.355,1.3,1.32,800528
HFA,20070621,2.52,2.52,2.46,2.48,90778
HGI,20070621,3.9,3.9,3.86,3.89,4113482
HGO,20070621,0.55,0.555,0.535,0.545,1169883
HGR,20070621,0.017,0.018,0.015,0.017,1180000
HHL,20070621,13,13.22,12.96,13,21257
HHM,20070621,0.24,0.24,0.24,0.24,193759
HHV,20070621,1.16,1.16,1.15,1.155,513189
HHY,20070621,2.1,2.1,2.08,2.08,19064
HIC,20070621,0.915,0.925,0.915,0.92,100260
HIG,20070621,0.17,0.175,0.165,0.165,1373082
HIL,20070621,5.49,5.49,5.36,5.36,882576
HIP,20070621,2.09,2.09,2.09,2.09,2000
HIT,20070621,0.05,0.05,0.05,0.05,10000
HJB,20070621,0.28,0.28,0.27,0.27,84784
HLD,20070621,0.175,0.175,0.165,0.165,138432
HLS,20070621,0.16,0.16,0.16,0.16,35000
HLX,20070621,0.185,0.225,0.18,0.215,750062
HMC,20070621,0.07,0.071,0.07,0.07,293080
HME,20070621,14.29,14.3,14.25,14.3,7813
HNG,20070621,2.3,2.3,2.13,2.13,10954
HNR,20070621,0.74,0.74,0.715,0.715,63000
HOM,20070621,0.94,0.94,0.94,0.94,15500
HPX,20070621,2.58,2.58,2.56,2.56,26743
HRD,20070621,0.115,0.115,0.11,0.11,105000
HRR,20070621,1.175,1.175,1.14,1.17,64047
HRS,20070621,0.135,0.14,0.135,0.14,140000
HSK,20070621,1.76,1.86,1.76,1.86,6266
HSN,20070621,0.27,0.285,0.27,0.28,156489
HSP,20070621,5.5,5.5,5.38,5.42,1920023
HST,20070621,3.52,3.6,3.52,3.54,220711
HTA,20070621,0.135,0.14,0.135,0.135,638159
HTE,20070621,0.02,0.02,0.02,0.02,25000
HTM,20070621,0.052,0.052,0.05,0.052,356799
HTW,20070621,0.635,0.66,0.635,0.65,127472
HTX,20070621,0.019,0.019,0.018,0.018,150000
HVN,20070621,5.25,5.27,5.2,5.25,5153645
HWG,20070621,0.235,0.235,0.235,0.235,50000
HWI,20070621,2.9,3,2.9,2.99,124133
HYO,20070621,0.27,0.28,0.27,0.28,2820639
HZN,20070621,0.365,0.37,0.365,0.37,109890
IAG,20070621,5.94,5.94,5.82,5.87,11977293
IAS,20070621,0.3,0.3,0.3,0.3,71191
IAT,20070621,0.061,0.061,0.061,0.061,26000
IAU,20070621,0.5,0.5,0.5,0.5,154368
IBA,20070621,1.12,1.12,1.1,1.105,2179652
IBC,20070621,0.62,0.635,0.615,0.635,100000
IBG,20070621,5.16,5.29,5.16,5.24,3900
IBT,20070621,1.81,1.85,1.81,1.85,432793
ICC,20070621,0.14,0.145,0.13,0.13,636836
ICD,20070621,0.7,0.705,0.7,0.7,21035
ICE,20070621,0.009,0.009,0.009,0.009,57500
ICN,20070621,0.049,0.049,0.045,0.045,380000
ICP,20070621,0.105,0.11,0.094,0.099,9983025
ICS,20070621,0.27,0.27,0.27,0.27,44000
ICV,20070621,0.095,0.095,0.09,0.09,15000
IDL,20070621,0.44,0.44,0.43,0.435,2932188
IDM,20070621,0.52,0.53,0.5,0.5,165000
IDO,20070621,1.24,1.24,1.16,1.19,68597
IDT,20070621,2.05,2.1,2.02,2.06,64414
IEF,20070621,1.27,1.27,1.26,1.26,70952
IFL,20070621,10,10.05,9.82,9.85,401919
IFM,20070621,0.64,0.65,0.64,0.64,163167
IGC,20070621,0.36,0.36,0.35,0.36,160346
IGO,20070621,7.44,7.44,7.17,7.19,1498112
IGR,20070621,0.155,0.16,0.15,0.16,585113
IHF,20070621,1.145,1.15,1.14,1.15,94680
IHG,20070621,0.11,0.115,0.105,0.105,32700
IIF,20070621,2.33,2.36,2.32,2.35,16216078
IIG,20070621,0.012,0.013,0.012,0.013,550000
IIN,20070621,1.795,1.795,1.72,1.77,142110
ILF,20070621,1.345,1.35,1.34,1.345,1144523
ILU,20070621,6.2,6.4,6.12,6.4,4839672
IMA,20070621,2.3,2.37,2.29,2.31,298792
IMD,20070621,1.52,1.52,1.475,1.515,480017
IMF,20070621,0.69,0.69,0.68,0.68,113000
IMI,20070621,0.021,0.022,0.02,0.022,5902952
IML,20070621,0.056,0.056,0.056,0.056,436039
IMP,20070621,0.016,0.017,0.016,0.016,7860000
IMU,20070621,0.28,0.28,0.275,0.275,504661
INL,20070621,0.155,0.16,0.15,0.155,2671989
INP,20070621,0.235,0.24,0.23,0.24,373082
INT,20070621,0.032,0.032,0.03,0.03,2181823
IOF,20070621,1.82,1.83,1.81,1.82,12856377
IOH,20070621,0.42,0.475,0.42,0.47,265390
IPA,20070621,0.73,0.73,0.72,0.73,127226
IPE,20070621,1,1.005,1,1.005,41650
IPG,20070621,3.02,3.02,3.01,3.02,93265717
IPL,20070621,71,72.26,70.11,71.41,374583
IPM,20070621,1.39,1.4,1.36,1.4,73303
IPN,20070621,0.3,0.3,0.29,0.29,54137
IPT,20070621,0.3,0.31,0.3,0.31,75097
IRE,20070621,9.25,9.29,9.21,9.21,708065
IRI,20070621,0.49,0.49,0.48,0.48,229141
IRL,20070621,0.34,0.345,0.325,0.325,708285
IRM,20070621,0.165,0.165,0.155,0.155,210500
IRN,20070621,1.1,1.1,1.035,1.08,77551
ISS,20070621,0.37,0.37,0.365,0.365,54000
ITC,20070621,0.062,0.062,0.061,0.061,1931603
ITD,20070621,0.39,0.395,0.375,0.38,344030
ITE,20070621,0.14,0.14,0.135,0.14,274112
ITT,20070621,0.24,0.24,0.24,0.24,43500
IVC,20070621,5.95,5.98,5.92,5.97,847270
IVK,20070621,7.75,7.75,7.7,7.72,2840
IVT,20070621,0.45,0.45,0.45,0.45,27250
IWI,20070621,1.7,1.71,1.695,1.7,45780
IWL,20070621,5.95,5.95,5.85,5.9,78606
JAG,20070621,0.125,0.125,0.12,0.12,105454
JAK,20070621,0.16,0.175,0.16,0.17,331498
JBH,20070621,10.52,10.61,10.5,10.53,1408001
JBM,20070621,17.05,17.3,16.88,17.15,1809454
JET,20070621,2.03,2.07,2.03,2.05,50050
JGL,20070621,0.255,0.27,0.25,0.265,393520
JHX,20070621,9.05,9.08,9.01,9.05,4901952
JMB,20070621,1.39,1.395,1.39,1.395,3400
JML,20070621,1.515,1.515,1.4,1.43,2002480
JMS,20070621,0.185,0.205,0.18,0.205,1938210
JPR,20070621,0.215,0.215,0.2,0.205,593970
JRL,20070621,2,2.09,2,2.03,67640
JRV,20070621,0.026,0.026,0.025,0.026,7127447
JST,20070621,4.3,4.43,4.21,4.31,1977117
JUM,20070621,0.032,0.032,0.029,0.03,912900
JUT,20070621,0.25,0.28,0.25,0.275,1286989
JVG,20070621,0.185,0.185,0.175,0.18,123055
JYC,20070621,1.25,1.25,1.25,1.25,72750
KAL,20070621,0.067,0.071,0.067,0.07,1960939
KAR,20070621,2.3,2.31,2.24,2.3,86227
KAS,20070621,0.415,0.415,0.395,0.41,300000
KAT,20070621,1.04,1.06,1.04,1.06,127950
KCN,20070621,5.58,5.62,5.55,5.6,672408
KEY,20070621,0.225,0.24,0.22,0.24,389476
KGL,20070621,0.145,0.16,0.145,0.16,87000
KHF,20070621,0.21,0.24,0.2,0.2,60020
KIL,20070621,1.17,1.175,1.17,1.175,75500
KIM,20070621,0.775,0.775,0.76,0.77,3504471
KIS,20070621,0.805,0.83,0.8,0.83,79440
KKT,20070621,0.135,0.15,0.135,0.15,68000
KLM,20070621,0.65,0.7,0.63,0.63,71000
KME,20070621,1.38,1.38,1.37,1.37,8830
KML,20070621,0.15,0.15,0.145,0.145,100000
KMN,20070621,1,1.01,0.97,1,117735
KNH,20070621,0.19,0.19,0.19,0.19,10000
KOR,20070621,0.54,0.57,0.52,0.55,77039
KOV,20070621,5.74,5.75,5.74,5.75,1275
KRS,20070621,0.265,0.27,0.265,0.27,652827
KSC,20070621,3.39,3.4,3.38,3.4,23423
KSO,20070621,0.215,0.225,0.215,0.22,518160
KSX,20070621,0.11,0.11,0.09,0.098,9571591
KTL,20070621,0.03,0.03,0.029,0.03,318441
KYC,20070621,0.365,0.38,0.365,0.365,58559
KZL,20070621,7.08,7.09,6.96,7,1617300
LAF,20070621,0.051,0.057,0.05,0.052,24336387
LAT,20070621,0.052,0.052,0.05,0.05,360000
LAU,20070621,0.265,0.265,0.25,0.25,169330
LBT,20070621,0.265,0.27,0.26,0.26,202918
LBY,20070621,0.24,0.245,0.23,0.245,183000
LCL,20070621,0.77,0.78,0.76,0.78,30710
LCT,20070621,0.135,0.14,0.135,0.14,238577
LEF,20070621,0.2,0.2,0.19,0.19,72485
LEG,20070621,0.078,0.079,0.076,0.077,839060
LEI,20070621,46.8,46.96,45.85,46.1,1824902
LEP,20070621,4.41,4.42,4.41,4.41,21180
LFE,20070621,1,1.05,0.99,1.05,485431
LGD,20070621,0.41,0.42,0.41,0.415,382825
LGL,20070621,3.1,3.13,3.08,3.09,22030914
LGO,20070621,0.025,0.025,0.024,0.024,84476
LIC,20070621,0.22,0.24,0.22,0.23,382800
LIN,20070621,0.34,0.345,0.34,0.345,25000
LIO,20070621,0.195,0.195,0.195,0.195,43750
LIP,20070621,0.805,0.81,0.805,0.805,146400
LKO,20070621,0.012,0.012,0.011,0.012,11773554
LLC,20070621,19.31,19.31,19.02,19.11,2743651
LMC,20070621,2.42,2.42,2.4,2.4,11000
LMG,20070621,0.02,0.021,0.02,0.02,1160000
LML,20070621,0.21,0.215,0.2,0.2,252500
LMP,20070621,0.135,0.14,0.135,0.14,158534
LMW,20070621,0.68,0.68,0.68,0.68,4000
LNC,20070621,0.645,0.67,0.615,0.63,788691
LNG,20070621,0.66,0.665,0.635,0.665,21535
LNN,20070621,9.2,9.2,9.03,9.11,3747612
LOK,20070621,4.26,4.26,4.26,4.26,500
LRF,20070621,1.335,1.34,1.335,1.34,336919
LRG,20070621,0.037,0.038,0.037,0.038,85744
LRL,20070621,0.54,0.54,0.54,0.54,1100
LSL,20070621,0.018,0.018,0.018,0.018,357300
LST,20070621,1.73,1.73,1.72,1.72,354139
LTR,20070621,0.26,0.305,0.26,0.29,834370
LUM,20070621,0.014,0.014,0.014,0.014,490000
LWB,20070621,1.675,1.685,1.675,1.685,2981
LYC,20070621,1.135,1.2,1.125,1.2,4977578
LYL,20070621,3.75,3.75,3.75,3.75,13500
MAA,20070621,0.12,0.12,0.12,0.12,40000
MAB,20070621,0.51,0.51,0.5,0.5,9000
MAE,20070621,1.5,1.545,1.465,1.49,583554
MAH,20070621,1.15,1.15,1.14,1.14,1349211
MAK,20070621,0.27,0.27,0.25,0.265,407058
MAL,20070621,0.66,0.705,0.66,0.685,274491
MAN,20070621,0.035,0.038,0.035,0.037,5860943
MAP,20070621,4.28,4.28,4.22,4.24,12823577
MAQ,20070621,0.92,0.92,0.92,0.92,1000
MAR,20070621,0.4,0.41,0.39,0.39,73578
MAU,20070621,0.31,0.31,0.28,0.28,143193
MBA,20070621,0.14,0.15,0.135,0.15,870000
MBI,20070621,0.006,0.006,0.005,0.005,2116000
MBL,20070621,92.58,92.58,91.25,92.51,2767980
MBN,20070621,5.79,5.85,5.66,5.79,325955
MBP,20070621,0.135,0.14,0.13,0.13,1323272
MBR,20070621,2.28,2.31,2.27,2.28,268389
MBT,20070621,1.255,1.33,1.255,1.27,45993
MCC,20070621,6.7,6.7,6.38,6.46,1140572
MCG,20070621,6.4,6.45,6.33,6.35,3103055
MCK,20070621,4.12,4.12,4.12,4.12,2500
MCL,20070621,0.03,0.034,0.03,0.031,6238484
MCO,20070621,0.22,0.22,0.215,0.215,246007
MCP,20070621,3.1,3.23,3.1,3.2,146937
MCQ,20070621,4.48,4.56,4.4,4.42,346248
MCR,20070621,4.5,4.54,4.33,4.48,2112357
MCU,20070621,1.24,1.32,1.24,1.3,719572
MCW,20070621,2.22,2.23,2.19,2.2,8047485
MDE,20070621,1.05,1.05,1.05,1.05,12
MDL,20070621,1.35,1.36,1.335,1.34,1126708
MDM,20070621,0.11,0.11,0.095,0.095,268046
MDS,20070621,0.19,0.195,0.19,0.195,99000
MDT,20070621,1.33,1.335,1.32,1.32,10597469
MDV,20070621,0.048,0.048,0.048,0.048,100000
MDX,20070621,0.135,0.135,0.135,0.135,10200
MEE,20070621,0.21,0.21,0.2,0.21,707600
MEI,20070621,0.19,0.195,0.19,0.195,158802
MEL,20070621,1.14,1.14,1.075,1.08,252089
MEO,20070621,1.46,1.475,1.415,1.47,1300625
MEP,20070621,0.875,0.88,0.86,0.88,85500
MFF,20070621,0.945,0.95,0.94,0.945,2248894
MFG,20070621,2.2,2.25,2.19,2.25,39799
MFI,20070621,0.725,0.725,0.71,0.72,360973
MFS,20070621,5.79,5.79,5.68,5.68,2409964
MFT,20070621,0.91,0.93,0.91,0.92,1231248
MGK,20070621,0.068,0.068,0.068,0.068,13598
MGN,20070621,1.65,1.65,1.65,1.65,394
MGO,20070621,0.36,0.37,0.35,0.355,239104
MGQ,20070621,7.06,7.06,6.89,7.03,14634516
MGR,20070621,5.85,5.89,5.8,5.86,10566520
MGU,20070621,0.265,0.265,0.265,0.265,338000
MGW,20070621,2.18,2.22,2.18,2.2,1346111
MGX,20070621,1.225,1.25,1.19,1.23,4366842
MGZ,20070621,0.1,0.1,0.1,0.1,6000
MHI,20070621,0.225,0.225,0.225,0.225,6000
MHL,20070621,0.035,0.035,0.033,0.033,1896838
MIG,20070621,3.44,3.5,3.42,3.5,24731956
MIK,20070621,0.3,0.305,0.3,0.3,240700
MIN,20070621,3.15,3.2,3.15,3.15,11347
MIR,20070621,2.38,2.38,2.36,2.36,12500
MIS,20070621,3.5,3.95,3.48,3.82,5833398
MIT,20070621,2.12,2.17,2.12,2.16,64051
MIX,20070621,1.08,1.08,1.07,1.075,421027
MKY,20070621,0.05,0.051,0.049,0.051,3632471
MLB,20070621,4.06,4.15,4.06,4.1,89530
MLE,20070621,3.2,3.26,3.2,3.2,1268369
MLI,20070621,0.95,0.95,0.88,0.88,2459582
MLM,20070621,0.895,0.92,0.895,0.895,60000
MLS,20070621,0.095,0.105,0.094,0.095,30212919
MLT,20070621,22.48,22.6,22.4,22.4,15457
MLX,20070621,0.37,0.38,0.365,0.375,5810102
MMA,20070621,1.04,1.05,1.04,1.045,259595
MMB,20070621,0.415,0.44,0.41,0.44,162929
MMG,20070621,4.57,4.73,4.5,4.7,1714591
MML,20070621,1.2,1.3,1.2,1.23,387117
MMN,20070621,0.3,0.3,0.295,0.295,293858
MMR,20070621,0.086,0.086,0.084,0.084,112750
MMS,20070621,5.2,5.26,5.1,5.26,45325
MMX,20070621,5.3,5.89,5.24,5.85,3913918
MMZ,20070621,0.18,0.18,0.15,0.15,20250
MND,20070621,14.7,14.89,14.5,14.79,526755
MNM,20070621,0.21,0.21,0.21,0.21,5000
MNY,20070621,0.82,0.85,0.82,0.85,3050
MOC,20070621,3.34,3.37,3.25,3.37,15489
MOF,20070621,1.715,1.73,1.705,1.72,13890619
MOG,20070621,0.081,0.081,0.08,0.08,198000
MOL,20070621,4.3,4.46,4.3,4.35,43618
MON,20070621,0.315,0.32,0.305,0.31,637437
MOO,20070621,0.185,0.19,0.185,0.19,59900
MOS,20070621,0.19,0.19,0.18,0.18,994460
MOX,20070621,0.895,0.895,0.88,0.885,37632
MPA,20070621,0.02,0.02,0.02,0.02,797148
MPD,20070621,0.046,0.05,0.039,0.04,377450
MPF,20070621,1.32,1.355,1.32,1.355,202564
MPG,20070621,0.88,0.88,0.87,0.87,113064
MPH,20070621,0.435,0.44,0.435,0.435,111360
MPI,20070621,0.052,0.052,0.051,0.052,285000
MPJ,20070621,0.006,0.01,0.006,0.009,140697219
MPO,20070621,0.24,0.255,0.24,0.245,8828885
MPR,20070621,1.44,1.44,1.435,1.435,3529674
MPS,20070621,1.09,1.09,1.085,1.09,59532
MRA,20070621,0.94,0.955,0.94,0.955,182678
MRC,20070621,0.26,0.29,0.26,0.29,293040
MRE,20070621,7.36,7.41,7.11,7.14,4211480
MRM,20070621,1.75,1.8,1.72,1.745,887962
MRO,20070621,1.66,1.7,1.65,1.65,12500
MRX,20070621,0.097,0.098,0.096,0.098,1159795
MRY,20070621,0.058,0.058,0.053,0.053,305800
MRZ,20070621,1.37,1.38,1.36,1.38,205329
MSB,20070621,2.08,2.08,2.02,2.02,6120
MSC,20070621,0.022,0.022,0.02,0.021,17176580
MSH,20070621,0.078,0.078,0.078,0.078,50000
MSL,20070621,2.17,2.2,2.15,2.16,74666
MSN,20070621,0.17,0.175,0.16,0.175,171363
MSO,20070621,0.03,0.03,0.029,0.029,60000
MST,20070621,0.14,0.15,0.135,0.135,2779619
MSX,20070621,2.1,2.1,2.1,2.1,182500
MTB,20070621,0.071,0.072,0.071,0.071,165000
MTH,20070621,0.32,0.32,0.31,0.31,65000
MTI,20070621,0.037,0.038,0.036,0.037,438540
MTN,20070621,6.17,6.17,6,6.08,222518
MTS,20070621,4.6,4.64,4.56,4.58,9997087
MTU,20070621,0.675,0.675,0.675,0.675,3000
MTY,20070621,0.16,0.16,0.14,0.14,21036
MUM,20070621,0.435,0.435,0.43,0.435,110248
MUN,20070621,0.475,0.475,0.47,0.475,89774
MUR,20070621,0.145,0.145,0.135,0.14,1342855
MUT,20070621,0.03,0.034,0.03,0.033,2132700
MVH,20070621,0.29,0.315,0.27,0.29,229131
MVP,20070621,0.57,0.57,0.56,0.56,22000
MVU,20070621,0.385,0.385,0.3,0.32,194000
MWE,20070621,0.285,0.285,0.285,0.285,300000
MWG,20070621,0.975,1,0.975,1,118126
MXG,20070621,5.05,5.05,5.04,5.04,8366582
MXI,20070621,0.6,0.615,0.585,0.6,868464
MXL,20070621,0.056,0.058,0.053,0.058,1207568
MXR,20070621,0.395,0.4,0.38,0.4,210716
MYG,20070621,0.2,0.2,0.2,0.2,20000
MYO,20070621,1.26,1.26,1.245,1.25,149779
MZM,20070621,0.3,0.3,0.295,0.295,326275
NAB,20070621,41.43,41.53,41.17,41.29,10639562
NAD,20070621,0.04,0.042,0.04,0.041,2798800
NAE,20070621,0.25,0.27,0.25,0.27,78065
NAL,20070621,0.084,0.084,0.082,0.084,427410
NAM,20070621,0.6,0.61,0.595,0.595,50125
NAN,20070621,0.67,0.69,0.67,0.67,201225
NAV,20070621,1.1,1.11,1.065,1.09,271338
NBL,20070621,4.33,4.33,4.21,4.21,36700
NCI,20070621,1.76,1.76,1.76,1.76,5000
NCK,20070621,2.65,2.69,2.65,2.69,4300
NCM,20070621,23.35,23.37,23.08,23.25,2541715
NDM,20070621,0.4,0.41,0.4,0.41,371100
NDO,20070621,0.3,0.31,0.295,0.3,1860154
NEC,20070621,0.76,0.76,0.74,0.75,117941
NEL,20070621,4.36,4.39,4.33,4.33,46115
NEM,20070621,4.75,4.78,4.69,4.78,115799
NEO,20070621,0.145,0.155,0.145,0.155,436072
NEU,20070621,0.4,0.4,0.4,0.4,30000
NFL,20070621,0.67,0.675,0.65,0.65,540149
NGF,20070621,0.26,0.26,0.24,0.24,144419
NGM,20070621,0.7,0.71,0.69,0.71,951408
NHC,20070621,1.935,1.98,1.9,1.935,524505
NHD,20070621,0.08,0.08,0.08,0.08,90000
NHR,20070621,1.63,1.645,1.63,1.64,45882
NIA,20070621,1.05,1.13,1.05,1.115,1836892
NKP,20070621,1.13,1.14,1.13,1.14,95260
NLB,20070621,0.7,0.7,0.7,0.7,5000
NLG,20070621,0.36,0.36,0.355,0.36,212500
NLX,20070621,1.33,1.35,1.32,1.32,117806
NMR,20070621,0.625,0.625,0.6,0.62,126054
NMS,20070621,0.97,0.97,0.935,0.96,703935
NOD,20070621,2.58,2.6,2.5,2.58,307940
NPH,20070621,4.95,4.95,4.95,4.95,200
NQM,20070621,0.23,0.23,0.22,0.22,40066
NRT,20070621,1.97,2.01,1.97,2,210364
NRU,20070621,0.295,0.295,0.28,0.29,231077
NSL,20070621,0.019,0.019,0.019,0.019,5000
NSP,20070621,0.42,0.42,0.4,0.4,9700
NST,20070621,0.14,0.14,0.14,0.14,60943
NSX,20070621,0.425,0.43,0.41,0.43,118475
NTC,20070621,0.062,0.062,0.061,0.062,174500
NTU,20070621,1.46,1.46,1.39,1.4,49000
NUF,20070621,14.6,14.6,14.25,14.44,816421
NUP,20070621,0.67,0.68,0.67,0.68,5550
NWA,20070621,0.031,0.032,0.03,0.032,5336520
NWE,20070621,0.29,0.29,0.275,0.28,734518
NWK,20070621,0.22,0.22,0.22,0.22,76988
NWR,20070621,0.3,0.3,0.295,0.3,137550
NWS,20070621,28.1,28.18,28,28.09,2942773
NWT,20070621,0.006,0.006,0.005,0.006,20915000
NXS,20070621,1.325,1.34,1.32,1.335,1608759
NZO,20070621,0.98,0.98,0.96,0.96,27429
OAK,20070621,2.05,2.05,2.05,2.05,4900
OBJ,20070621,0.055,0.055,0.054,0.054,988522
OBL,20070621,0.11,0.13,0.11,0.13,40000
ODG,20070621,0.25,0.25,0.25,0.25,4000
ODY,20070621,0.75,0.795,0.715,0.74,239816
OEC,20070621,0.33,0.33,0.32,0.33,1302112
OEL,20070621,0.325,0.325,0.305,0.31,955196
OEQ,20070621,1.405,1.41,1.385,1.385,15000
OEX,20070621,1.45,1.45,1.43,1.45,487505
OFG,20070621,2.26,2.27,2.26,2.27,1761
OGC,20070621,4.02,4.05,4.02,4.05,2500
OHL,20070621,0.125,0.125,0.125,0.125,200
OIL,20070621,0.45,0.48,0.45,0.48,272950
OKN,20070621,5.69,5.69,5.65,5.67,256410
OKU,20070621,0.28,0.28,0.27,0.28,256400
OLE,20070621,0.022,0.022,0.022,0.022,100000
OLY,20070621,0.093,0.094,0.092,0.092,536775
OMC,20070621,1.26,1.26,1.26,1.26,253600
OMH,20070621,0.75,0.8,0.75,0.77,459083
OMI,20070621,0.6,0.62,0.6,0.605,9000
ONC,20070621,0.4,0.4,0.385,0.395,174752
ONQ,20070621,0.255,0.255,0.255,0.255,50000
OPI,20070621,0.04,0.04,0.04,0.04,76750
ORD,20070621,0.6,0.66,0.595,0.62,1195618
ORG,20070621,9.67,9.67,9.38,9.64,6250227
ORH,20070621,0.14,0.14,0.125,0.125,253500
ORI,20070621,30.25,30.26,29.54,29.95,2755074
ORL,20070621,3.35,3.39,3.35,3.39,6842
ORO,20070621,0.024,0.025,0.024,0.025,278167
ORP,20070621,0.072,0.075,0.07,0.075,739600
ORT,20070621,0.012,0.013,0.012,0.012,540000
OSH,20070621,4.3,4.3,4.17,4.23,10595654
OST,20070621,6.66,6.75,6.63,6.75,8277235
OTL,20070621,0.165,0.165,0.15,0.15,210125
OVR,20070621,0.75,0.79,0.74,0.79,327160
OXR,20070621,3.61,3.65,3.58,3.59,19633302
OZB,20070621,0.09,0.09,0.09,0.09,201573
PAA,20070621,0.083,0.083,0.079,0.079,241422
PAU,20070621,0.095,0.095,0.095,0.095,50000
PBA,20070621,1.175,1.175,1.165,1.175,35000
PBB,20070621,1.795,1.795,1.78,1.79,50575
PBD,20070621,2.41,2.44,2.37,2.37,310048
PBG,20070621,3.4,3.42,3.35,3.4,4815816
PBL,20070621,19.12,19.39,19.07,19.3,5427915
PBO,20070621,0.31,0.32,0.31,0.31,85405
PBP,20070621,1.25,1.25,1.175,1.18,233000
PBT,20070621,0.345,0.35,0.345,0.35,14800
PCG,20070621,0.94,1,0.93,1,1267778
PCL,20070621,0.068,0.069,0.067,0.069,910133
PCP,20070621,0.057,0.057,0.057,0.057,5300
PDM,20070621,0.19,0.195,0.19,0.195,105000
PDN,20070621,9.08,9.1,8.85,9.1,5684012
PDO,20070621,0.76,0.77,0.76,0.76,58069
PDZ,20070621,1.25,1.28,1.215,1.215,112542
PEA,20070621,0.6,0.6,0.6,0.6,24612
PEK,20070621,0.175,0.175,0.17,0.17,200000
PEL,20070621,0.33,0.345,0.33,0.34,18118
PEM,20070621,4.8,4.88,4.75,4.86,1713552
PEN,20070621,0.085,0.09,0.084,0.085,11867745
PEO,20070621,0.061,0.061,0.061,0.061,147859
PEP,20070621,0.86,0.86,0.845,0.845,146450
PES,20070621,0.92,0.94,0.88,0.94,232512
PET,20070621,1.03,1.03,1.03,1.03,3000
PEV,20070621,0.165,0.17,0.16,0.16,1340100
PEX,20070621,0.325,0.33,0.32,0.33,152500
PFG,20070621,1.08,1.08,1.065,1.07,45073
PFL,20070621,1.51,1.535,1.5,1.5,532500
PFM,20070621,0.205,0.205,0.205,0.205,600
PGA,20070621,5.9,5.99,5.9,5.99,28087
PGL,20070621,4.8,5,4.7,4.96,546733
PGM,20070621,0.81,0.81,0.8,0.8,75750
PGS,20070621,0.365,0.365,0.35,0.355,270800
PHK,20070621,0.265,0.27,0.26,0.27,89000
PHL,20070621,0.5,0.5,0.5,0.5,18831
PIE,20070621,0.088,0.09,0.086,0.09,205000
PIM,20070621,1.15,1.15,1.14,1.14,20000
PIO,20070621,0.21,0.21,0.21,0.21,167360
PKT,20070621,0.088,0.088,0.083,0.085,688528
PLA,20070621,1.775,1.83,1.76,1.76,3274408
PLD,20070621,0.34,0.34,0.32,0.32,27928
PLF,20070621,1.155,1.16,1.14,1.15,854310
PLT,20070621,0.6,0.6,0.585,0.585,53542
PLV,20070621,0.85,0.86,0.82,0.84,158768
PMA,20070621,2.51,2.51,2.4,2.4,69480
PMC,20070621,1.91,1.91,1.885,1.89,293753
PME,20070621,1.37,1.37,1.35,1.35,163000
PMH,20070621,0.33,0.33,0.325,0.325,110000
PMM,20070621,9.15,9.15,8.9,9.04,47971
PMP,20070621,1.88,1.935,1.83,1.88,1854487
PMV,20070621,8.8,8.8,8.8,8.8,1136
PMX,20070621,0.03,0.03,0.03,0.03,583
PNA,20070621,0.7,0.705,0.68,0.68,3900774
PNN,20070621,1.99,2.05,1.96,2.05,119864
PNO,20070621,0.024,0.024,0.023,0.023,1022290
PNW,20070621,0.045,0.045,0.045,0.045,53388
POH,20070621,0.275,0.285,0.27,0.285,515185
POL,20070621,0.44,0.44,0.395,0.405,779387
PPC,20070621,4.05,4.06,4.02,4.06,15929
PPD,20070621,0.22,0.22,0.21,0.215,36600
PPI,20070621,0.6,0.62,0.6,0.62,355405
PPK,20070621,0.79,0.79,0.79,0.79,58058
PPN,20070621,0.12,0.12,0.12,0.12,2200
PPP,20070621,0.245,0.25,0.24,0.25,542498
PPS,20070621,0.95,0.95,0.92,0.95,107000
PPT,20070621,78.61,78.89,78.21,78.65,240448
PPX,20070621,3.68,3.68,3.61,3.63,5236998
PPY,20070621,0.85,0.85,0.83,0.83,21500
PRE,20070621,0.031,0.032,0.03,0.031,1345669
PRG,20070621,5.72,5.81,5.71,5.72,286959
PRR,20070621,0.029,0.029,0.028,0.028,156245
PRT,20070621,3.75,3.75,3.7,3.7,882783
PRU,20070621,0.87,0.995,0.87,0.95,263633
PRV,20070621,1.18,1.19,1.18,1.18,168100
PRW,20070621,0.17,0.17,0.165,0.17,139000
PRY,20070621,12.69,12.78,12.6,12.65,89755
PRZ,20070621,0.18,0.18,0.18,0.18,84200
PSA,20070621,1.5,1.5,1.48,1.48,858557
PSD,20070621,0.175,0.18,0.17,0.17,901202
PSH,20070621,1.26,1.285,1.26,1.285,354318
PSP,20070621,0.155,0.155,0.145,0.15,484800
PST,20070621,0.63,0.63,0.63,0.63,40411
PSV,20070621,0.3,0.305,0.295,0.3,2746493
PTB,20070621,2,2,2,2,115000
PTD,20070621,1.465,1.47,1.43,1.435,712956
PTM,20070621,7.29,7.29,7.06,7.21,877353
PTO,20070621,0.17,0.17,0.17,0.17,130000
PTR,20070621,1.2,1.2,1.175,1.2,215055
PTS,20070621,0.185,0.19,0.185,0.19,30000
PUN,20070621,0.2,0.215,0.2,0.21,91500
PVE,20070621,1.8,1.8,1.8,1.8,19736
PWK,20070621,3.31,3.33,3.3,3.31,25505
PWR,20070621,0.255,0.255,0.25,0.25,38102
PXL,20070621,0.335,0.36,0.315,0.315,171000
PXR,20070621,0.175,0.175,0.165,0.165,115000
PXS,20070621,3.22,3.29,3.19,3.26,243785
PYC,20070621,0.345,0.355,0.34,0.355,55000
PYM,20070621,0.45,0.455,0.445,0.455,67942
QAN,20070621,5.69,5.7,5.65,5.69,22532766
QBE,20070621,32.88,33.18,32.76,33,7505065
QCH,20070621,5.88,5.88,5.87,5.88,281789
QED,20070621,0.027,0.029,0.026,0.027,887857
QFX,20070621,0.23,0.23,0.23,0.23,88285
QGC,20070621,2.53,2.58,2.49,2.54,5783976
QGM,20070621,0.185,0.19,0.185,0.19,60000
QHL,20070621,0.855,0.92,0.855,0.92,167133
QMG,20070621,0.26,0.27,0.26,0.27,207000
QML,20070621,0.3,0.3,0.3,0.3,3560
QMT,20070621,3.34,3.34,3.32,3.32,6610
QOL,20070621,0.26,0.3,0.26,0.3,696882
QRX,20070621,1.75,1.75,1.75,1.75,1644
QTK,20070621,0.115,0.12,0.1,0.11,1015080
QTM,20070621,0.096,0.096,0.093,0.093,34000
QUE,20070621,0.36,0.36,0.36,0.36,16250
QUR,20070621,0.035,0.035,0.033,0.034,952365
QXQ,20070621,0.097,0.1,0.097,0.1,152223
RAT,20070621,1.135,1.135,1.125,1.13,559122
RAU,20070621,0.02,0.02,0.017,0.017,1480975
RAW,20070621,0.061,0.064,0.06,0.064,890333
RBH,20070621,0.064,0.064,0.061,0.061,62500
RBM,20070621,0.125,0.13,0.125,0.125,380000
RBR,20070621,0.15,0.155,0.14,0.155,770112
RBY,20070621,0.024,0.024,0.024,0.024,44444
RCI,20070621,0.165,0.165,0.165,0.165,27000
RCM,20070621,0.12,0.125,0.12,0.125,338447
RCO,20070621,0.9,1,0.9,1,45960
RCR,20070621,2.14,2.14,2.13,2.14,70125
RCT,20070621,4,4.18,4,4.18,11778
RDF,20070621,3.16,3.16,3.12,3.13,32724
RDM,20070621,0.415,0.415,0.39,0.41,292807
RDR,20070621,0.43,0.43,0.42,0.42,29548
RDS,20070621,1.39,1.39,1.33,1.36,20200
REA,20070621,5.96,5.97,5.95,5.97,27601
RED,20070621,0.093,0.095,0.093,0.094,367000
REF,20070621,5.79,5.8,5.69,5.7,15695
REH,20070621,28,28,28,28,350
REO,20070621,0.023,0.024,0.023,0.024,224600
RER,20070621,0.175,0.175,0.175,0.175,90000
REU,20070621,1.015,1.03,1.015,1.02,994134
REX,20070621,2.69,2.69,2.67,2.69,44008
RFE,20070621,0.51,0.55,0.51,0.55,435044
RFG,20070621,1.38,1.42,1.38,1.42,1096600
RHC,20070621,11,11,10.82,10.85,1033984
RHD,20070621,0.6,0.6,0.6,0.6,15612
RHI,20070621,2.35,2.35,2.35,2.35,455
RHL,20070621,3.99,3.99,3.98,3.98,7407
RHT,20070621,0.016,0.016,0.016,0.016,523652
RIA,20070621,0.48,0.5,0.48,0.5,19950
RIC,20070621,1.13,1.16,1.13,1.155,4851549
RIM,20070621,0.062,0.068,0.062,0.064,5541598
RIN,20070621,18.63,18.65,18.55,18.55,6059847
RIO,20070621,99.75,100.19,98.69,99.5,3105198
RIV,20070621,2.99,3.16,2.99,3.16,804119
RJT,20070621,1.01,1.02,1.005,1.02,2337223
RKN,20070621,1.25,1.25,1.25,1.25,18525
RLA,20070621,0.14,0.18,0.135,0.18,133369
RMA,20070621,0.023,0.024,0.019,0.019,4587766
RMC,20070621,0.165,0.165,0.15,0.15,60800
RMD,20070621,5.07,5.12,5.05,5.07,7747192
RMG,20070621,0.033,0.034,0.033,0.034,4064372
RMI,20070621,0.06,0.062,0.058,0.058,4166865
RML,20070621,0.69,0.7,0.67,0.695,472813
RMS,20070621,1.63,1.63,1.595,1.62,225682
RMT,20070621,1.51,1.8,1.51,1.79,48360
RNC,20070621,0.145,0.15,0.145,0.15,51450
RNG,20070621,0.083,0.083,0.081,0.083,1747227
RNI,20070621,0.3,0.3,0.295,0.3,179800
RNY,20070621,1.165,1.18,1.165,1.18,779384
ROC,20070621,3.46,3.47,3.42,3.44,2281078
ROG,20070621,0.2,0.2,0.195,0.195,23500
ROK,20070621,5.31,5.31,5.31,5.31,1042
ROY,20070621,0.38,0.45,0.38,0.45,438646
RPM,20070621,0.053,0.053,0.053,0.053,6444
RPX,20070621,2.15,2.15,2.15,2.15,800
RRA,20070621,0.9,0.9,0.86,0.87,97589
RRL,20070621,0.095,0.095,0.093,0.094,1014500
RRS,20070621,0.83,0.87,0.83,0.855,586268
RRT,20070621,0.845,0.855,0.84,0.85,3001062
RSG,20070621,1.355,1.38,1.355,1.38,281729
RSL,20070621,0.031,0.031,0.031,0.031,100000
RSN,20070621,0.072,0.072,0.066,0.066,1306898
RSP,20070621,2.18,2.18,2.1,2.14,2043022
RTL,20070621,0.044,0.045,0.041,0.041,243367
RUB,20070621,0.94,0.94,0.91,0.93,381970
RVM,20070621,0.22,0.25,0.2,0.25,152000
RVR,20070621,0.265,0.285,0.26,0.285,255514
RWD,20070621,0.98,0.98,0.95,0.95,284320
RXL,20070621,0.325,0.325,0.315,0.32,71534
SAE,20070621,0.43,0.46,0.43,0.43,2237609
SAF,20070621,0.049,0.049,0.048,0.048,220000
SAI,20070621,3.8,3.8,3.74,3.74,250190
SAQ,20070621,5.83,5.9,5.83,5.87,30600
SAR,20070621,0.39,0.4,0.38,0.4,350850
SAU,20070621,0.36,0.36,0.35,0.355,201500
SBC,20070621,15.9,15.95,15.75,15.78,619823
SBI,20070621,0.275,0.28,0.265,0.275,276000
SBL,20070621,0.04,0.042,0.04,0.042,2780115
SBM,20070621,0.495,0.505,0.49,0.505,1793373
SBP,20070621,0.039,0.04,0.039,0.04,247179
SBR,20070621,0.35,0.35,0.35,0.35,532
SBS,20070621,0.098,0.098,0.096,0.096,691348
SCB,20070621,1.065,1.065,1.06,1.06,28902
SCD,20070621,0.077,0.077,0.073,0.073,85957
SCE,20070621,0.029,0.029,0.027,0.028,500000
SCX,20070621,0.081,0.1,0.081,0.1,1249641
SDG,20070621,3.98,4.03,3.95,3.95,1983105
SDI,20070621,0.49,0.505,0.485,0.505,129909
SDL,20070621,0.425,0.455,0.42,0.44,13754436
SDM,20070621,2.7,2.74,2.7,2.74,28769
SEA,20070621,0.48,0.48,0.46,0.46,63133
SEG,20070621,0.155,0.155,0.155,0.155,9000
SEK,20070621,7.35,7.44,7.3,7.35,1320419
SEN,20070621,0.12,0.125,0.12,0.12,2586665
SEV,20070621,11.53,11.57,11.3,11.48,1280062
SFC,20070621,8.43,8.43,8.35,8.38,20991
SFH,20070621,1.69,1.71,1.69,1.71,200066
SFP,20070621,0.63,0.63,0.6,0.6,48500
SFR,20070621,0.43,0.44,0.43,0.44,200000
SFY,20070621,61.96,62.08,61.96,62.08,1763
SGB,20070621,35.94,36.15,35.7,36.15,3305534
SGH,20070621,1.66,1.66,1.65,1.65,13690
SGL,20070621,0.415,0.415,0.4,0.41,761537
SGM,20070621,26.9,26.9,26.33,26.75,626135
SGN,20070621,2.93,2.99,2.9,2.99,2921582
SGP,20070621,8.75,8.78,8.6,8.65,12640632
SGT,20070621,2.65,2.65,2.61,2.63,6881115
SGX,20070621,5.8,5.86,5.65,5.81,1401629
SHE,20070621,0.39,0.4,0.37,0.4,166891
SHG,20070621,1.155,1.155,1.14,1.155,542147
SHL,20070621,15.09,15.1,14.91,15.01,3064768
SHV,20070621,10.73,10.73,10.73,10.73,1885
SIE,20070621,0.09,0.09,0.09,0.09,10000
SIM,20070621,0.86,0.89,0.86,0.875,129616
SIP,20070621,2.27,2.29,2.23,2.23,11358507
SIV,20070621,1.65,1.65,1.65,1.65,2500
SKC,20070621,4.55,4.59,4.55,4.59,264671
SKE,20070621,5.1,5.15,5.05,5.1,126082
SKI,20070621,1.985,1.985,1.965,1.965,9568004
SKS,20070621,0.58,0.58,0.58,0.58,25000
SLA,20070621,1.275,1.28,1.24,1.26,148793
SLF,20070621,22.54,23.5,22.54,23.26,6036
SLM,20070621,4.13,4.2,4.07,4.17,25878
SLT,20070621,0.026,0.026,0.025,0.025,727412
SLV,20070621,2.45,2.5,2.45,2.5,14980
SLX,20070621,12.29,12.39,12.1,12.35,330117
SMA,20070621,0.048,0.048,0.048,0.048,100000
SMC,20070621,0.135,0.145,0.13,0.145,1067377
SML,20070621,0.022,0.022,0.022,0.022,365391
SMM,20070621,3.88,3.93,3.8,3.93,234191
SMN,20070621,0.17,0.17,0.165,0.165,175784
SMX,20070621,5.58,5.72,5.51,5.72,167582
SMY,20070621,4.29,4.29,4.22,4.24,2512739
SMZ,20070621,0.2,0.21,0.2,0.21,60000
SNN,20070621,0.165,0.17,0.165,0.165,1422077
SNO,20070621,0.805,0.83,0.805,0.83,494409
SNU,20070621,0.285,0.295,0.28,0.29,464273
SOE,20070621,0.245,0.245,0.24,0.245,395905
SOL,20070621,9.86,10,9.78,9.99,17249
SOM,20070621,0.018,0.018,0.017,0.017,2611323
SOO,20070621,0.12,0.12,0.115,0.12,112000
SOT,20070621,0.81,0.82,0.805,0.805,272385
SPD,20070621,0.32,0.32,0.32,0.32,3536
SPH,20070621,3.5,3.5,3.47,3.5,194197
SPL,20070621,0.39,0.43,0.39,0.43,301500
SPN,20070621,1.435,1.44,1.42,1.435,13843553
SPT,20070621,4.8,4.8,4.72,4.8,1660144
SRA,20070621,0.042,0.043,0.042,0.043,739124
SRB,20070621,1.5,1.52,1.5,1.52,100340
SRH,20070621,2.68,2.68,2.65,2.66,13730
SRI,20070621,0.15,0.155,0.14,0.145,956499
SRK,20070621,2.3,2.35,2.25,2.3,149910
SRL,20070621,4.81,4.81,4.54,4.67,3771857
SRR,20070621,0.18,0.18,0.18,0.18,13705
SRV,20070621,4.67,4.71,4.66,4.7,8705458
SRX,20070621,3.44,3.46,3.44,3.46,2468
SRZ,20070621,0.3,0.3,0.295,0.295,120389
SSC,20070621,0.046,0.048,0.045,0.048,5059253
SSI,20070621,2.28,2.28,2.12,2.2,60957
SSM,20070621,1.92,1.935,1.92,1.93,84587
SSN,20070621,0.21,0.22,0.21,0.22,350590
SST,20070621,8.65,8.65,8.65,8.65,1472
SSX,20070621,2.77,2.81,2.75,2.81,5489840
STB,20070621,0.215,0.215,0.21,0.21,200000
STC,20070621,1.05,1.08,1.05,1.08,14000
STE,20070621,0.14,0.145,0.14,0.145,18000
STG,20070621,1.535,1.55,1.535,1.54,671601
STI,20070621,0.073,0.073,0.073,0.073,185199
STO,20070621,14.5,14.5,14.11,14.48,5559693
STP,20070621,0.076,0.076,0.076,0.076,36000
STS,20070621,2.95,2.95,2.92,2.95,49272
STU,20070621,0.91,0.92,0.91,0.91,92023
STW,20070621,63.05,64,63.05,63.76,65492
STX,20070621,0.235,0.245,0.235,0.24,1063618
SUL,20070621,4.1,4.49,4.1,4.41,278854
SUN,20070621,20.6,20.6,20.31,20.35,8396558
SUR,20070621,0.086,0.09,0.082,0.082,381000
SVL,20070621,0.19,0.19,0.19,0.19,50000
SVM,20070621,0.525,0.55,0.525,0.55,95000
SWG,20070621,0.013,0.014,0.013,0.014,166740
SWK,20070621,1.09,1.1,1.075,1.1,110231
SXP,20070621,0.145,0.145,0.14,0.145,178827
SYB,20070621,4.21,4.22,4.16,4.16,12890175
SYG,20070621,0.016,0.016,0.016,0.016,75000
SYM,20070621,0.56,0.57,0.56,0.56,203799
SYN,20070621,0.8,0.8,0.79,0.79,30028
SYP,20070621,0.9,0.9,0.9,0.9,3000
TAG,20070621,0.34,0.34,0.34,0.34,40000
TAH,20070621,17.61,17.95,17.46,17.77,3833365
TAL,20070621,2.37,2.37,2.35,2.37,1956838
TAM,20070621,0.13,0.145,0.13,0.14,7525463
TAN,20070621,0.43,0.43,0.43,0.43,55000
TAP,20070621,1.92,1.925,1.9,1.915,1321650
TAS,20070621,0.285,0.285,0.27,0.27,454131
TAW,20070621,0.175,0.175,0.16,0.17,109483
TBG,20070621,2,2,2,2,1500
TBR,20070621,0.71,0.71,0.71,0.71,3000
TCL,20070621,8.3,8.33,8.24,8.3,12292603
TCQ,20070621,2.84,2.92,2.75,2.92,2553964
TDI,20070621,0.76,0.76,0.75,0.75,13692
TDR,20070621,0.03,0.033,0.03,0.033,1617872
TEE,20070621,0.02,0.02,0.019,0.02,1195000
TEL,20070621,4.22,4.22,4.18,4.2,10416126
TEN,20070621,2.84,2.85,2.77,2.81,9271800
TEX,20070621,0.175,0.175,0.17,0.175,838000
TEY,20070621,0.825,0.84,0.805,0.82,95865
TFC,20070621,0.88,0.885,0.88,0.885,92299
TFS,20070621,0.215,0.24,0.215,0.24,14657
TGF,20070621,0.57,0.575,0.57,0.575,71771
TGG,20070621,1.53,1.545,1.53,1.545,86988
TGP,20070621,2.36,2.38,2.32,2.32,146403
TGR,20070621,3.15,3.24,3.15,3.24,94957
TGS,20070621,0.6,0.63,0.6,0.63,182822
THG,20070621,1.135,1.16,1.1,1.16,62086
THK,20070621,0.31,0.31,0.3,0.3,258745
THO,20070621,0.95,0.95,0.95,0.95,22083
THR,20070621,0.34,0.365,0.33,0.365,729462
THX,20070621,0.6,0.63,0.6,0.625,288895
TIM,20070621,2.2,2.23,2.18,2.2,3446560
TIS,20070621,0.595,0.61,0.58,0.61,62500
TJN,20070621,1.17,1.17,1.17,1.17,69823
TKG,20070621,0.014,0.015,0.014,0.015,758000
TKL,20070621,0.29,0.29,0.29,0.29,72530
TLM,20070621,0.15,0.15,0.15,0.15,9110
TLS,20070621,4.72,4.72,4.69,4.7,42255936
TMR,20070621,0.28,0.28,0.27,0.27,2309497
TMX,20070621,0.18,0.18,0.18,0.18,319294
TNC,20070621,0.035,0.045,0.035,0.044,10247184
TNE,20070621,1.22,1.23,1.19,1.2,123572
TNG,20070621,0.82,0.88,0.82,0.865,1011787
TNL,20070621,0.56,0.56,0.56,0.56,50000
TOE,20070621,1.02,1.025,1,1.025,87768
TOL,20070621,15.2,15.43,15.16,15.37,5877976
TOX,20070621,2.3,2.36,2.29,2.36,252228
TPI,20070621,12.65,12.69,12.5,12.59,1410840
TPX,20070621,7.03,7.03,7.03,7.03,4610
TQH,20070621,0.3,0.3,0.3,0.3,2525
TRF,20070621,0.96,0.965,0.93,0.965,70698
TRG,20070621,15.2,15.3,15,15.25,2969
TRH,20070621,0.34,0.34,0.34,0.34,1981
TRJ,20070621,0.315,0.33,0.315,0.33,84000
TRM,20070621,0.19,0.19,0.19,0.19,2721
TRO,20070621,1.36,1.4,1.34,1.365,110563
TRS,20070621,13.04,13.05,12.9,12.9,20895
TRU,20070621,11.7,11.7,11.7,11.7,1386
TRY,20070621,2.52,2.62,2.52,2.55,66970
TSE,20070621,11.92,11.92,11.38,11.46,2132897
TSH,20070621,0.43,0.435,0.43,0.43,46701
TSI,20070621,2.33,2.34,2.3,2.31,1071460
TSM,20070621,2.15,2.15,2.15,2.15,266022
TSO,20070621,2.6,2.6,2.54,2.59,3187718
TSV,20070621,0.025,0.025,0.024,0.024,93126
TTH,20070621,0.063,0.063,0.063,0.063,2009
TTI,20070621,0.42,0.42,0.41,0.42,470265
TTR,20070621,0.11,0.11,0.105,0.11,534368
TTS,20070621,4.88,4.88,4.82,4.83,7858272
TTV,20070621,0.14,0.14,0.14,0.14,2020
TTY,20070621,1.295,1.35,1.29,1.34,799029
TUC,20070621,0.51,0.52,0.5,0.5,100000
TVL,20070621,0.33,0.345,0.33,0.345,47172
TVN,20070621,0.028,0.028,0.028,0.028,275000
TWO,20070621,2.6,2.9,2.57,2.9,488660
TWR,20070621,2.29,2.32,2.27,2.3,354738
TWT,20070621,0.63,0.63,0.63,0.63,7000
TXN,20070621,0.535,0.535,0.535,0.535,60000
TZL,20070621,2.5,2.5,2.45,2.5,57315
TZN,20070621,2.77,2.77,2.63,2.75,319253
UBI,20070621,1.245,1.3,1.245,1.3,65700
UCL,20070621,0.03,0.032,0.03,0.032,1088018
UCW,20070621,1.08,1.08,1.03,1.03,89300
UEQ,20070621,0.54,0.54,0.51,0.535,409680
UGL,20070621,16.48,16.77,16.35,16.62,1313089
UKL,20070621,1.21,1.25,1.21,1.23,115798
ULT,20070621,0.052,0.052,0.052,0.052,131250
UMC,20070621,1,1.135,1,1.135,1114176
UMS,20070621,1.42,1.42,1.2,1.205,977079
UNI,20070621,0.28,0.28,0.265,0.265,309316
UNW,20070621,0.26,0.27,0.26,0.265,248974
UNX,20070621,1.95,1.95,1.88,1.92,34528
UOG,20070621,0.13,0.13,0.13,0.13,48700
UOS,20070621,3.18,3.18,3.18,3.18,15000
URA,20070621,0.47,0.47,0.455,0.46,263483
URL,20070621,0.1,0.105,0.1,0.1,1091155
URM,20070621,0.235,0.285,0.235,0.275,2098540
USA,20070621,0.325,0.4,0.325,0.395,621450
UTO,20070621,0.675,0.675,0.645,0.65,90251
UUL,20070621,0.465,0.465,0.465,0.465,10000
UXA,20070621,0.33,0.355,0.33,0.35,611027
UXC,20070621,2.27,2.33,2.27,2.33,563119
VBA,20070621,2.56,2.56,2.48,2.5,250400
VCN,20070621,0.49,0.49,0.45,0.475,230915
VCR,20070621,0.78,0.785,0.775,0.78,561210
VEA,20070621,3.6,3.6,3.59,3.6,699924
VGH,20070621,2.57,2.66,2.55,2.66,616998
VGP,20070621,0.22,0.22,0.195,0.2,296000
VHL,20070621,0.125,0.125,0.125,0.125,202600
VIL,20070621,0.098,0.098,0.095,0.098,910000
VIR,20070621,1.08,1.09,1.05,1.09,394793
VKI,20070621,1.085,1.085,1.085,1.085,153143
VLA,20070621,0.088,0.088,0.085,0.085,143432
VLL,20070621,0.043,0.05,0.043,0.048,468162
VMG,20070621,2.62,2.7,2.6,2.6,215330
VML,20070621,0.66,0.69,0.64,0.69,117640
VMS,20070621,0.32,0.32,0.31,0.32,211714
VMT,20070621,0.17,0.185,0.17,0.18,163449
VNS,20070621,0.5,0.525,0.48,0.525,549810
VPE,20070621,0.185,0.185,0.18,0.18,245526
VPG,20070621,2.17,2.17,2.13,2.15,7887990
VRL,20070621,3.15,3.15,3.11,3.15,42637
VSG,20070621,0.025,0.027,0.024,0.024,6585320
VTP,20070621,1.405,1.405,1.405,1.405,16060
WAB,20070621,1.05,1.05,1.04,1.04,228715
WAG,20070621,0.022,0.023,0.022,0.022,628269
WAL,20070621,0.19,0.22,0.19,0.22,265540
WAM,20070621,1.84,1.845,1.825,1.825,78469
WAN,20070621,13.81,14.22,13.81,13.99,1172879
WAS,20070621,0.04,0.042,0.04,0.042,788000
WAT,20070621,1.54,1.54,1.51,1.53,25500
WBA,20070621,1.28,1.28,1.28,1.28,25000
WBB,20070621,11.92,11.92,11.9,11.9,1000
WBC,20070621,25.84,25.89,25.7,25.85,12459879
WCB,20070621,4.6,4.6,4.6,4.6,960
WCL,20070621,0.87,0.89,0.86,0.89,199020
WCP,20070621,0.165,0.19,0.155,0.19,3326660
WDC,20070621,21,21.05,20.85,20.95,13609781
WDS,20070621,2.53,2.57,2.52,2.57,31575
WEC,20070621,2.78,2.78,2.73,2.73,17630
WES,20070621,44.5,45,44.06,44.89,3212931
WEZ,20070621,0.082,0.082,0.079,0.079,689583
WFL,20070621,1.65,1.68,1.645,1.645,46640
WGP,20070621,0.155,0.16,0.15,0.16,359415
WGR,20070621,0.43,0.43,0.39,0.4,360472
WHC,20070621,1.84,1.84,1.8,1.84,29121
WHE,20070621,2.51,2.52,2.45,2.45,76390
WHF,20070621,4.7,4.75,4.68,4.72,30895
WHG,20070621,2.54,2.6,2.54,2.6,149598
WHS,20070621,5.48,5.48,5.44,5.48,355007
WIG,20070621,3.5,3.5,3.5,3.5,55370
WIL,20070621,1.17,1.17,1.165,1.17,258536
WKR,20070621,0.3,0.31,0.3,0.31,166600
WLL,20070621,3.16,3.16,3.16,3.16,6500
WLS,20070621,1.15,1.15,1.15,1.15,35000
WME,20070621,0.215,0.215,0.2,0.2,1396839
WMT,20070621,0.255,0.275,0.245,0.25,28187751
WOR,20070621,29.54,29.99,29.06,29.95,1292033
WOW,20070621,27.65,27.65,27.31,27.39,7494971
WPG,20070621,0.94,0.94,0.92,0.94,124095
WPL,20070621,47.89,47.89,46.61,46.83,3980971
WRK,20070621,0.515,0.52,0.5,0.5,282262
WRL,20070621,0.29,0.295,0.29,0.295,87984
WSA,20070621,5.1,5.12,5.01,5.1,765990
WSS,20070621,0.11,0.11,0.11,0.11,10000
WST,20070621,0.405,0.405,0.405,0.405,4060
WSY,20070621,0.037,0.039,0.032,0.039,2804086
WTE,20070621,0.125,0.13,0.12,0.12,1511030
WTF,20070621,5.44,5.45,5.27,5.38,238682
WTN,20070621,0.33,0.33,0.3,0.31,95000
WTP,20070621,5.45,5.53,5.45,5.5,49057
WWA,20070621,2.64,2.65,2.6,2.6,53442
WWM,20070621,0.21,0.21,0.205,0.205,149003
WWW,20070621,0.915,0.95,0.9,0.9,49270
WYL,20070621,3.37,3.4,3.36,3.4,155596
XAF,20070621,6156.1,6156.1,6156.1,6156.1,0
XAO,20070621,6417.7,6421,6388.6,6411.9,0
XAT,20070621,638790,638790,638790,638790,0
XBL,20070621,0.155,0.155,0.15,0.15,103215
XDJ,20070621,2900,2902.9,2887,2897.2,0
XEJ,20070621,15064.3,15075,14927.1,15018,0
XEN,20070621,0.12,0.13,0.11,0.11,1486976
XFJ,20070621,7263.1,7267.6,7226.5,7250.6,0
XFL,20070621,6161.9,6166.3,6128.4,6155,0
XGD,20070621,4863.8,4863.8,4863.8,4863.8,0
XHJ,20070621,8626.8,8626.8,8528.3,8563.7,0
XIJ,20070621,680.9,690.9,677.8,687.5,0
XJO,20070621,6393.5,6396.9,6361.7,6387,0
XKO,20070621,6413,6416.6,6381.2,6407.2,0
XMD,20070621,6650.4,6654.7,6626.7,6650.4,0
XMJ,20070621,13292.3,13358.4,13234.2,13358.4,0
XMM,20070621,4612.1,4612.1,4612.1,4612.1,0
XNJ,20070621,7260.8,7280.5,7219.1,7253,0
XPJ,20070621,2479.6,2480.5,2461.4,2472.2,0
XRF,20070621,0.13,0.14,0.13,0.14,114989
XSJ,20070621,8317.3,8319.6,8215.8,8234.5,0
XSO,20070621,4008.5,4012.7,3992.9,4006.6,0
XST,20070621,0.23,0.23,0.23,0.23,186640
XTE,20070621,15,15,15,15,98300
XTJ,20070621,1692.3,1695.7,1686.1,1688.4,0
XTL,20070621,3371.8,3375,3356,3369.2,0
XTO,20070621,5148.8,5152,5122.6,5143.9,0
XUJ,20070621,7693.3,7700.5,7645.1,7649.8,0
XXJ,20070621,7491.7,7497.5,7456.6,7481.7,0
YGL,20070621,0.21,0.215,0.205,0.21,393000
YML,20070621,0.355,0.38,0.355,0.38,155450
YRR,20070621,0.43,0.44,0.41,0.415,74681
YTC,20070621,1.39,1.39,1.3,1.35,31500
ZFX,20070621,18.99,19,18.81,18.87,5899203
ZGL,20070621,0.34,0.365,0.34,0.365,158452
ZGM,20070621,0.18,0.19,0.18,0.185,121818
ZNC,20070621,0.42,0.43,0.42,0.43,84736
ZYL,20070621,0.062,0.063,0.062,0.063,452095
