AAC,20070404,2.38,2.4,2.38,2.4,269331
AAE,20070404,0.335,0.335,0.32,0.33,60800
AAM,20070404,0.21,0.21,0.205,0.205,100000
AAN,20070404,14.83,14.93,14.8,14.8,5001786
AAO,20070404,0.16,0.16,0.16,0.16,241847
AAQ,20070404,0.475,0.49,0.475,0.49,67082
AAR,20070404,0.055,0.056,0.05,0.051,4630281
AAT,20070404,0.09,0.09,0.09,0.09,79336
AAU,20070404,0.43,0.43,0.425,0.43,121517
AAX,20070404,6.85,6.9,6.48,6.85,159679
ABB,20070404,7.62,7.82,7.6,7.73,193457
ABC,20070404,3.47,3.5,3.4,3.45,669108
ABI,20070404,0.04,0.043,0.04,0.043,638616
ABJ,20070404,0.13,0.13,0.12,0.12,490200
ABP,20070404,1.945,1.97,1.94,1.95,2174594
ABQ,20070404,0.27,0.27,0.27,0.27,47500
ABS,20070404,7.06,7.14,7.03,7.08,1586496
ABU,20070404,0.175,0.18,0.17,0.17,1651473
ABY,20070404,2.26,2.43,2.26,2.43,2901585
ACB,20070404,2,2.12,2,2.07,694648
ACE,20070404,0.275,0.29,0.275,0.29,538648
ACL,20070404,1.08,1.1,1.04,1.06,196733
ACR,20070404,1.39,1.45,1.39,1.405,341582
ACS,20070404,0.115,0.115,0.115,0.115,3400
ACX,20070404,0.075,0.075,0.075,0.075,25000
ADB,20070404,14,14,13.84,14,410041
ADG,20070404,3.6,3.6,3.6,3.6,6412
ADI,20070404,0.605,0.605,0.565,0.565,114100
ADL,20070404,0.06,0.076,0.06,0.076,93000
ADN,20070404,0.565,0.57,0.535,0.56,414402
ADS,20070404,0.185,0.21,0.185,0.2,4017840
ADU,20070404,0.63,0.64,0.615,0.63,293400
ADX,20070404,0.1,0.1,0.1,0.1,100000
ADY,20070404,0.135,0.15,0.135,0.15,14129552
AEC,20070404,3.7,3.75,3.7,3.7,7554
AED,20070404,5.1,5.15,5.03,5.06,225650
AEE,20070404,0.41,0.42,0.405,0.42,132256
AEI,20070404,0.6,0.6,0.59,0.6,34000
AEO,20070404,2.08,2.13,2.07,2.1,614824
AEP,20070404,4.28,4.28,4.26,4.26,87060
AET,20070404,0.95,0.97,0.95,0.97,113425
AEU,20070404,1.79,1.8,1.785,1.79,91415
AEX,20070404,0.04,0.042,0.039,0.042,2190000
AEZ,20070404,1.28,1.3,1.275,1.29,1946151
AFG,20070404,11.2,11.2,10.91,11.04,1269263
AFI,20070404,5.39,5.5,5.37,5.46,348419
AGC,20070404,1.83,1.95,1.83,1.93,116200
AGD,20070404,0.031,0.031,0.031,0.031,190000
AGF,20070404,1.165,1.17,1.16,1.17,273509
AGG,20070404,11,11.15,11,11.14,58451
AGK,20070404,16.34,16.34,16.05,16.09,1486927
AGM,20070404,0.745,0.76,0.74,0.76,3596966
AGO,20070404,0.63,0.64,0.625,0.635,36450
AGS,20070404,2.51,2.6,2.41,2.43,1595853
AGX,20070404,0.105,0.11,0.105,0.105,327390
AGY,20070404,0.47,0.48,0.45,0.48,375568
AHD,20070404,6.46,6.55,6.37,6.5,40161
AHE,20070404,3.4,3.5,3.4,3.45,62193
AHI,20070404,3.8,3.8,3.78,3.8,47111
AHN,20070404,0.53,0.55,0.49,0.49,684330
AHO,20070404,0.345,0.345,0.345,0.345,15000
AHS,20070404,0.795,0.8,0.785,0.785,103821
AIA,20070404,2.2,2.22,2.15,2.2,117659
AIE,20070404,0.245,0.245,0.24,0.24,286476
AII,20070404,0.175,0.175,0.175,0.175,55000
AIM,20070404,0.24,0.24,0.235,0.235,492146
AIV,20070404,0.115,0.115,0.115,0.115,25000
AIX,20070404,2.83,2.84,2.81,2.84,1116380
AIZ,20070404,2.16,2.16,2.11,2.14,30002
AJL,20070404,1.17,1.17,1.15,1.165,480292
AKK,20070404,0.225,0.23,0.21,0.22,490873
ALB,20070404,2.62,2.62,2.45,2.5,306400
ALD,20070404,0.36,0.38,0.36,0.375,708329
ALK,20070404,0.23,0.26,0.23,0.26,1482574
ALL,20070404,16.4,16.5,16.3,16.45,1065480
ALR,20070404,1.86,1.86,1.86,1.86,28100
ALS,20070404,12.69,12.9,12.61,12.79,89265
ALT,20070404,0.022,0.022,0.02,0.02,444500
ALU,20070404,0.95,0.95,0.95,0.95,3490
ALZ,20070404,2.18,2.18,2.15,2.17,676845
AMA,20070404,0.46,0.465,0.445,0.445,62380
AMB,20070404,2.11,2.13,2.1,2.13,76735
AMC,20070404,7.53,7.61,7.52,7.6,3197499
AMH,20070404,0.68,0.69,0.675,0.69,235488
AMM,20070404,0.19,0.205,0.19,0.205,955830
AMO,20070404,0.55,0.55,0.55,0.55,31867
AMP,20070404,10.55,10.61,10.5,10.6,8467724
AMU,20070404,0.73,0.76,0.73,0.735,179793
AND,20070404,0.48,0.495,0.48,0.485,72370
ANE,20070404,3.59,3.68,3.59,3.61,6568
ANG,20070404,1.23,1.26,1.23,1.26,73710
ANH,20070404,0.057,0.057,0.055,0.057,918963
ANM,20070404,0.39,0.4,0.38,0.38,22352
ANN,20070404,11.7,11.7,11.48,11.57,538438
ANO,20070404,0.17,0.17,0.17,0.17,230000
ANP,20070404,0.041,0.041,0.04,0.04,1356225
ANZ,20070404,29.85,29.93,29.75,29.84,5074139
AOD,20070404,9.75,9.75,9.75,9.75,1427
AOE,20070404,1.73,1.97,1.725,1.875,2646753
AOI,20070404,0.063,0.068,0.063,0.067,2800232
AOM,20070404,0.014,0.017,0.014,0.017,364092
AOP,20070404,0.385,0.385,0.38,0.38,181500
APA,20070404,4.28,4.34,4.26,4.34,532196
APB,20070404,0.175,0.175,0.17,0.17,20000
APD,20070404,3.55,3.55,3.5,3.5,185924
APE,20070404,11,11,11,11,3158
APG,20070404,0.16,0.16,0.155,0.16,445205
API,20070404,2.25,2.26,2.21,2.24,1598085
APK,20070404,0.74,0.745,0.72,0.72,32684
APM,20070404,0.024,0.024,0.024,0.024,65000
APN,20070404,6,6.08,5.98,6.05,593428
APR,20070404,2.01,2.05,2,2.05,10000
APZ,20070404,2.46,2.49,2.4,2.48,186752
AQA,20070404,4.43,4.53,4.4,4.4,18800
AQD,20070404,0.185,0.21,0.185,0.195,675453
AQP,20070404,40.2,40.25,39.7,39.84,196359
ARA,20070404,0.6,0.61,0.6,0.6,171002
ARE,20070404,0.205,0.205,0.195,0.195,725099
ARG,20070404,7.64,7.7,7.64,7.7,297357
ARJ,20070404,0.01,0.011,0.01,0.011,1345500
ARM,20070404,0.465,0.48,0.465,0.48,201075
ARQ,20070404,1.325,1.325,1.29,1.31,952836
ARR,20070404,3.75,3.86,3.65,3.86,831347
ARU,20070404,1.29,1.29,1.18,1.24,982827
ARV,20070404,0.41,0.45,0.4,0.45,287720
ARW,20070404,0.37,0.37,0.355,0.355,121200
ARX,20070404,0.022,0.022,0.021,0.021,1873639
ASB,20070404,3.35,3.48,3.35,3.44,1029814
ASL,20070404,2.07,2.08,2.06,2.08,123382
ASP,20070404,0.33,0.35,0.33,0.35,29975
ASU,20070404,0.032,0.033,0.032,0.033,703993
ASX,20070404,45.2,46.37,45.2,45.96,676252
ASZ,20070404,1.05,1.05,1.05,1.05,895
ATG,20070404,0.21,0.22,0.21,0.215,43300
ATM,20070404,3.85,3.85,3.85,3.85,1000
ATN,20070404,0.036,0.039,0.034,0.035,2203144
ATP,20070404,0.42,0.43,0.42,0.43,30000
ATR,20070404,2.08,2.12,2.08,2.1,46155
ATV,20070404,0.12,0.12,0.12,0.12,100000
AUB,20070404,4.62,4.69,4.61,4.67,29868
AUI,20070404,8.15,8.15,8.06,8.06,1026
AUN,20070404,1.64,1.74,1.625,1.695,6846481
AUS,20070404,1.23,1.24,1.22,1.24,90780
AUT,20070404,0.41,0.41,0.405,0.41,180858
AUW,20070404,2.67,2.74,2.62,2.74,730258
AUX,20070404,0.06,0.06,0.058,0.06,871952
AUZ,20070404,0.081,0.088,0.081,0.088,16927571
AVA,20070404,0.052,0.052,0.05,0.05,850000
AVD,20070404,0.435,0.48,0.43,0.48,270000
AVE,20070404,2.82,3.05,2.82,3.05,237553
AVI,20070404,0.215,0.215,0.215,0.215,46487
AVJ,20070404,1.26,1.28,1.26,1.27,354207
AVM,20070404,17,17.3,17,17.25,24510
AVO,20070404,1.44,1.44,1.375,1.4,2411247
AVQ,20070404,0.2,0.2,0.18,0.18,400749
AVR,20070404,1.6,1.61,1.6,1.6,40780
AVS,20070404,0.625,0.625,0.625,0.625,5000
AVX,20070404,0.735,0.74,0.71,0.74,2447878
AWB,20070404,3.55,3.56,3.5,3.53,506026
AWC,20070404,7.55,7.65,7.51,7.59,4875790
AWE,20070404,2.77,2.78,2.72,2.76,1871594
AWG,20070404,0.14,0.14,0.14,0.14,50000
AXA,20070404,7.29,7.33,7.25,7.32,3830682
AXC,20070404,0.145,0.145,0.125,0.125,312480
AXI,20070404,0.33,0.33,0.33,0.33,10000
AXM,20070404,0.33,0.35,0.33,0.35,299742
AXO,20070404,0.92,0.93,0.92,0.92,60855
AXQ,20070404,0.885,0.885,0.885,0.885,5000
AXT,20070404,0.37,0.37,0.35,0.36,159425
AYF,20070404,9.9,9.95,9.9,9.95,5000
AYR,20070404,0.12,0.125,0.105,0.105,326500
AZA,20070404,1.19,1.19,1.155,1.17,1026370
AZC,20070404,0.32,0.32,0.31,0.31,417547
AZD,20070404,0.28,0.28,0.28,0.28,165000
AZM,20070404,0.25,0.27,0.25,0.265,1508608
AZS,20070404,0.093,0.093,0.091,0.091,162800
AZX,20070404,1.87,1.9,1.87,1.9,20606
AZZ,20070404,0.75,0.77,0.75,0.77,222707
BAR,20070404,0.185,0.195,0.185,0.195,109446
BAS,20070404,0.075,0.075,0.074,0.074,100000
BBG,20070404,16.77,17.06,16.69,16.99,584370
BBI,20070404,1.825,1.83,1.81,1.815,7447749
BBP,20070404,2.94,2.96,2.86,2.9,1597199
BBW,20070404,1.805,1.85,1.805,1.835,5087036
BCF,20070404,1.385,1.42,1.385,1.42,14798
BCI,20070404,0.85,0.85,0.79,0.82,223738
BCM,20070404,4.2,4.22,4.18,4.21,723253
BCN,20070404,0.48,0.53,0.475,0.53,307863
BDG,20070404,0.38,0.38,0.355,0.36,2912875
BDI,20070404,0.52,0.52,0.52,0.52,3850
BDL,20070404,0.305,0.305,0.29,0.295,838978
BDM,20070404,0.315,0.33,0.315,0.33,56498
BDS,20070404,4.02,4.04,4.02,4.03,9947
BEC,20070404,4.19,4.2,4.16,4.17,179326
BEI,20070404,1.05,1.05,0.99,0.99,268461
BEN,20070404,17.07,17.07,16.78,17,115465
BER,20070404,0.59,0.6,0.59,0.6,73005
BET,20070404,2.35,2.4,2.35,2.4,3100
BGD,20070404,0.395,0.41,0.395,0.41,79000
BGL,20070404,0.12,0.12,0.12,0.12,5648
BHP,20070404,30.5,30.64,30.47,30.64,17764813
BIT,20070404,0.285,0.285,0.285,0.285,68072
BJT,20070404,1.99,2.02,1.98,2,1947122
BKG,20070404,0.115,0.115,0.115,0.115,20000
BKI,20070404,1.38,1.415,1.38,1.38,62659
BKL,20070404,22.3,22.3,22.2,22.22,6386
BKN,20070404,8.98,9.03,8.93,8.94,484970
BKP,20070404,0.165,0.165,0.155,0.165,875264
BKR,20070404,0.4,0.4,0.4,0.4,40000
BKW,20070404,13.21,13.26,13.21,13.23,28734
BKY,20070404,1.85,2,1.83,1.96,1193753
BLD,20070404,8.26,8.26,8.18,8.23,724571
BLG,20070404,0.85,0.87,0.83,0.835,752187
BLK,20070404,0.6,0.6,0.55,0.55,153000
BLP,20070404,0.9,0.9,0.88,0.88,56955
BLR,20070404,0.24,0.24,0.215,0.215,12673613
BLT,20070404,0.15,0.155,0.145,0.145,421557
BLZ,20070404,0.036,0.036,0.034,0.034,1265500
BMN,20070404,3.32,3.39,3.19,3.19,387530
BMX,20070404,0.22,0.23,0.22,0.23,583273
BNB,20070404,27.4,28.31,27.37,28,2145536
BNL,20070404,0.245,0.25,0.235,0.25,405862
BNO,20070404,0.27,0.28,0.27,0.28,25000
BNT,20070404,0.105,0.105,0.105,0.105,105000
BOC,20070404,0.8,0.81,0.8,0.81,2400
BOD,20070404,0.1,0.1,0.1,0.1,256
BOL,20070404,3.4,3.43,3.37,3.4,1578923
BOM,20070404,0.42,0.42,0.4,0.42,118650
BON,20070404,0.11,0.115,0.11,0.115,53478
BOQ,20070404,17.35,17.66,17.34,17.6,296468
BOS,20070404,0.12,0.125,0.11,0.115,163505
BOW,20070404,0.096,0.1,0.096,0.1,42000
BPG,20070404,0.04,0.042,0.04,0.042,140001
BPO,20070404,0.034,0.034,0.032,0.034,1355000
BPT,20070404,1.2,1.21,1.155,1.185,3934749
BQF,20070404,3.91,3.91,3.91,3.91,6153
BQT,20070404,0.18,0.185,0.18,0.18,477350
BRC,20070404,0.5,0.53,0.5,0.5,76440
BRO,20070404,0.01,0.01,0.009,0.009,48846391
BRT,20070404,0.14,0.14,0.14,0.14,58000
BRW,20070404,0.435,0.445,0.41,0.41,799157
BSA,20070404,0.57,0.58,0.57,0.58,107000
BSG,20070404,3,3.04,2.95,2.98,427230
BSL,20070404,10.86,11,10.73,10.94,3616173
BSM,20070404,0.3,0.3,0.29,0.3,244600
BSO,20070404,0.63,0.64,0.625,0.64,44000
BTA,20070404,1.6,1.62,1.59,1.6,266910
BTC,20070404,0.385,0.39,0.385,0.39,50000
BTV,20070404,0.115,0.115,0.11,0.11,151960
BUG,20070404,0.515,0.515,0.515,0.515,1372
BUR,20070404,0.205,0.22,0.205,0.22,458423
BUY,20070404,0.045,0.046,0.042,0.042,164545
BVA,20070404,2.34,2.38,2.27,2.3,140385
BWN,20070404,0.355,0.355,0.33,0.34,255128
BWP,20070404,2.25,2.26,2.2,2.23,340714
BXB,20070404,13.6,13.67,13.56,13.61,4044525
BXP,20070404,0.18,0.18,0.18,0.18,498231
BYI,20070404,0.99,0.99,0.99,0.99,10000
BYR,20070404,0.205,0.205,0.2,0.2,282000
CAA,20070404,0.8,0.82,0.8,0.82,76027
CAB,20070404,10.6,10.8,10.56,10.75,325655
CAF,20070404,0.89,0.89,0.88,0.88,4143
CAL,20070404,0.895,0.91,0.895,0.91,50000
CAM,20070404,1.32,1.32,1.29,1.32,15516
CAT,20070404,2.85,2.85,2.85,2.85,23
CAU,20070404,0.072,0.075,0.071,0.075,169572
CAZ,20070404,0.55,0.55,0.545,0.545,93371
CBA,20070404,50.9,51.04,50.76,51,2828182
CBD,20070404,0.105,0.105,0.1,0.105,117700
CBH,20070404,0.5,0.505,0.49,0.495,2396703
CBM,20070404,2.75,2.75,2.75,2.75,14654
CCE,20070404,0.056,0.057,0.055,0.055,1544334
CCI,20070404,0.005,0.005,0.004,0.004,5430000
CCK,20070404,0.2,0.2,0.2,0.2,39000
CCL,20070404,8.8,8.96,8.8,8.88,3090555
CCP,20070404,10.35,10.35,10.3,10.3,15344
CCU,20070404,0.375,0.375,0.375,0.375,4000
CCV,20070404,0.635,0.64,0.63,0.63,322912
CDD,20070404,5.99,5.99,5.9,5.91,20303
CDF,20070404,1.86,1.95,1.86,1.95,24207
CDH,20070404,0.047,0.047,0.047,0.047,99999
CDI,20070404,1.07,1.07,1.045,1.045,995437
CDM,20070404,1.21,1.21,1.18,1.18,57241
CDO,20070404,4.37,4.38,4.37,4.38,6130
CDP,20070404,4.76,4.94,4.76,4.94,47615
CDR,20070404,2,2.05,2,2.04,606694
CDS,20070404,0.025,0.025,0.024,0.024,505639
CDT,20070404,0.27,0.27,0.27,0.27,45000
CDU,20070404,3.95,4.02,3.94,4,194230
CDX,20070404,1.265,1.4,1.265,1.4,52675
CEG,20070404,2.1,2.2,2.1,2.2,7500
CEO,20070404,0.041,0.041,0.041,0.041,28000
CER,20070404,1.72,1.725,1.705,1.72,611057
CEU,20070404,1.49,1.53,1.485,1.525,4544459
CEY,20070404,2.95,3.11,2.94,3.1,2523577
CFE,20070404,0.44,0.465,0.44,0.45,1896797
CFI,20070404,0.78,0.78,0.78,0.78,23566
CFK,20070404,0.27,0.27,0.26,0.26,209352
CFR,20070404,0.013,0.013,0.012,0.012,1000700
CFU,20070404,1.19,1.22,1.19,1.2,182300
CFX,20070404,2.35,2.36,2.31,2.35,6660329
CGF,20070404,4.95,5.11,4.9,4.9,3749082
CGJ,20070404,16.93,17.08,16.86,16.86,22500473
CGM,20070404,0.24,0.24,0.24,0.24,44650
CGO,20070404,0.94,0.94,0.94,0.94,14275
CGT,20070404,0.18,0.18,0.18,0.18,103863
CGX,20070404,0.59,0.59,0.58,0.58,110906
CHB,20070404,49,49,49,49,38
CHC,20070404,2.73,2.87,2.73,2.8,677370
CHD,20070404,1.2,1.2,1.185,1.19,82331
CHF,20070404,0.38,0.38,0.38,0.38,81838
CHN,20070404,0.125,0.125,0.125,0.125,115632
CHO,20070404,6.2,6.26,6.11,6.11,7256
CHP,20070404,0.02,0.023,0.02,0.023,100000
CHQ,20070404,0.755,0.755,0.755,0.755,7530
CIF,20070404,4.05,4.1,4.04,4.1,155143
CIG,20070404,0.053,0.057,0.053,0.056,868151
CIL,20070404,2.63,2.76,2.63,2.7,32022
CIN,20070404,20.29,20.3,20.29,20.3,1490
CIR,20070404,1.34,1.35,1.33,1.35,25240
CIX,20070404,0.46,0.46,0.45,0.45,11000
CIY,20070404,4.24,4.24,4.18,4.18,590276
CKK,20070404,0.14,0.14,0.13,0.13,106646
CKR,20070404,0.145,0.145,0.145,0.145,23000
CLD,20070404,0.15,0.15,0.15,0.15,40583
CLF,20070404,0.22,0.22,0.22,0.22,9500
CLH,20070404,1.015,1.09,0.975,1.09,40965
CLN,20070404,0.18,0.18,0.165,0.165,57777
CLO,20070404,0.67,0.67,0.645,0.655,53503
CLT,20070404,1.15,1.17,1.11,1.17,29613
CLV,20070404,0.11,0.115,0.105,0.115,36479
CLX,20070404,1.09,1.15,1.09,1.15,2221
CME,20070404,0.065,0.065,0.062,0.065,2261045
CMI,20070404,1.645,1.645,1.64,1.64,30878
CMK,20070404,0.26,0.26,0.26,0.26,21000
CMO,20070404,0.023,0.023,0.021,0.022,19477185
CMQ,20070404,0.079,0.089,0.079,0.089,2309301
CMR,20070404,5.6,5.62,5.51,5.53,265181
CMV,20070404,0.47,0.49,0.47,0.485,309370
CMW,20070404,1.15,1.18,1.15,1.17,440351
CMY,20070404,0.445,0.7,0.445,0.485,1942492
CNA,20070404,74.5,74.5,74.5,74.5,1300
CND,20070404,3.32,3.32,3.3,3.32,88390
CNF,20070404,0.078,0.078,0.078,0.078,88800
CNM,20070404,0.029,0.029,0.029,0.029,700000
CNN,20070404,0.155,0.16,0.14,0.15,434316
CNP,20070404,9.04,9.04,8.81,9,5273940
CNR,20070404,0.51,0.51,0.51,0.51,5138
CNT,20070404,1.02,1.02,1.02,1.02,179576
COA,20070404,4.73,4.88,4.67,4.88,3469709
COE,20070404,0.54,0.54,0.525,0.525,431442
COF,20070404,3.83,3.88,3.83,3.86,52487
COH,20070404,63.75,64.65,63.75,64.49,453851
COI,20070404,0.24,0.255,0.22,0.255,462053
COK,20070404,0.16,0.16,0.16,0.16,371500
COO,20070404,0.175,0.175,0.17,0.17,65207
COU,20070404,2.65,2.76,2.64,2.64,55711
COZ,20070404,0.44,0.47,0.44,0.465,398350
CPA,20070404,1.405,1.41,1.39,1.41,3925923
CPB,20070404,21.7,22,21.7,21.78,91083
CPI,20070404,0.365,0.37,0.35,0.37,230319
CPK,20070404,0.81,0.81,0.8,0.81,36676
CPN,20070404,0.071,0.074,0.071,0.074,217500
CPR,20070404,3.44,3.5,3.44,3.46,72908
CPT,20070404,0.09,0.09,0.08,0.08,75300
CPU,20070404,10.8,11.04,10.73,10.99,2028527
CQT,20070404,0.8,0.8,0.77,0.775,1021426
CRB,20070404,0.275,0.275,0.245,0.26,57816
CRC,20070404,0.32,0.32,0.32,0.32,29000
CRE,20070404,0.4,0.4,0.395,0.4,171000
CRG,20070404,16.69,16.9,16.29,16.46,206483
CRJ,20070404,0.32,0.325,0.305,0.305,112350
CRK,20070404,1.305,1.35,1.305,1.35,53560
CRL,20070404,0.13,0.13,0.13,0.13,50000
CRT,20070404,0.685,0.705,0.685,0.705,94428
CSE,20070404,0.345,0.345,0.325,0.33,167526
CSH,20070404,2.35,2.35,2.35,2.35,1000
CSL,20070404,85.2,85.6,84.5,85.49,865999
CSM,20070404,2.51,2.59,2.5,2.59,1788514
CSR,20070404,3.5,3.55,3.48,3.55,4007944
CSS,20070404,1.42,1.65,1.42,1.58,337691
CST,20070404,3.78,3.8,3.75,3.75,66263
CTN,20070404,1.82,1.9,1.82,1.83,108634
CTO,20070404,0.425,0.43,0.41,0.41,1108549
CTS,20070404,0.545,0.56,0.53,0.55,161704
CTX,20070404,24.39,24.4,24.13,24.4,1301032
CUE,20070404,0.145,0.15,0.14,0.145,294146
CUL,20070404,0.051,0.052,0.047,0.049,13033964
CUO,20070404,0.525,0.54,0.52,0.52,805338
CUS,20070404,0.24,0.24,0.235,0.24,897089
CUV,20070404,1.215,1.215,1.12,1.12,574205
CUY,20070404,1.62,1.87,1.6,1.865,475694
CVB,20070404,0.165,0.17,0.16,0.16,146729
CVC,20070404,1.92,1.92,1.89,1.89,301585
CVG,20070404,0.21,0.21,0.2,0.2,55000
CVI,20070404,0.105,0.105,0.1,0.105,202201
CVN,20070404,0.115,0.12,0.115,0.12,2074778
CWG,20070404,0.28,0.28,0.28,0.28,100000
CWP,20070404,5,5.02,5,5,71726
CWT,20070404,0.86,0.86,0.845,0.845,12833
CXE,20070404,0.5,0.5,0.48,0.5,188100
CXG,20070404,1.24,1.35,1.24,1.3,757389
CXM,20070404,0.165,0.17,0.16,0.16,621000
CXN,20070404,0.135,0.135,0.135,0.135,8000
CXP,20070404,6.29,6.36,6.2,6.3,1118239
CXS,20070404,0.835,0.87,0.78,0.83,142224
CYA,20070404,1.325,1.325,1.315,1.325,117713
CYC,20070404,0.345,0.345,0.34,0.34,29000
CYG,20070404,4.23,4.25,4.23,4.25,8400
CYL,20070404,0.22,0.235,0.22,0.23,197300
CYN,20070404,0.4,0.4,0.4,0.4,192493
CYT,20070404,0.69,0.69,0.69,0.69,15000
CZR,20070404,0.63,0.63,0.63,0.63,20000
DBS,20070404,0.845,0.86,0.845,0.86,19250
DDD,20070404,0.175,0.185,0.175,0.185,149631
DDT,20070404,0.32,0.325,0.32,0.32,554728
DEG,20070404,0.135,0.135,0.13,0.13,633046
DES,20070404,0.25,0.26,0.25,0.26,269223
DEX,20070404,2.95,3,2.95,3,78076
DGH,20070404,0.8,0.81,0.795,0.81,57340
DGR,20070404,0.145,0.155,0.13,0.13,1706848
DIA,20070404,0.16,0.16,0.14,0.145,2079884
DIO,20070404,0.08,0.082,0.079,0.079,1321077
DJS,20070404,4.6,4.68,4.56,4.68,1086859
DJW,20070404,4.55,4.58,4.54,4.58,81800
DKN,20070404,1.445,1.445,1.415,1.415,23500
DKS,20070404,8.7,8.75,8.7,8.75,1500
DLS,20070404,0.135,0.135,0.13,0.13,649581
DMA,20070404,0.27,0.27,0.27,0.27,30000
DML,20070404,0.26,0.265,0.255,0.265,658779
DMP,20070404,2.82,2.83,2.7,2.75,240835
DMX,20070404,0.88,0.9,0.875,0.875,78407
DMY,20070404,0.062,0.062,0.062,0.062,20000
DOM,20070404,2.4,2.44,2.35,2.39,105582
DON,20070404,0.34,0.345,0.34,0.34,118790
DOW,20070404,6.99,7.05,6.94,7.05,1385394
DRA,20070404,0.135,0.145,0.135,0.145,482118
DRK,20070404,0.155,0.16,0.15,0.16,74919
DRT,20070404,1.76,1.785,1.76,1.785,8047588
DRX,20070404,0.255,0.26,0.25,0.26,42972
DSF,20070404,0.295,0.295,0.295,0.295,54000
DTL,20070404,5.35,5.35,5.35,5.35,14000
DUE,20070404,3.29,3.35,3.25,3.33,964891
DUI,20070404,3.59,3.59,3.57,3.57,13000
DVM,20070404,0.098,0.099,0.095,0.098,275020
DVN,20070404,1.43,1.45,1.425,1.45,90845
DWS,20070404,1.98,2.08,1.98,2.08,123518
DWY,20070404,0.34,0.34,0.34,0.34,14659
DXL,20070404,2.42,2.44,2.38,2.42,9160211
DYE,20070404,0.64,0.66,0.64,0.66,15025
DYL,20070404,0.51,0.52,0.475,0.475,10659502
EAR,20070404,0.27,0.275,0.255,0.27,90000
EBB,20070404,3.44,3.62,3.44,3.6,49096
EBI,20070404,4.1,4.1,3.65,3.89,616322
EBR,20070404,0.053,0.053,0.053,0.053,350000
EBT,20070404,0.155,0.155,0.15,0.15,421228
ECH,20070404,0.56,0.595,0.52,0.53,1829501
ECM,20070404,0.12,0.12,0.12,0.12,60000
ECU,20070404,0.032,0.032,0.031,0.031,200000
EDE,20070404,0.62,0.635,0.61,0.635,170040
EDM,20070404,0.051,0.051,0.05,0.05,100000
EDN,20070404,0.39,0.395,0.39,0.39,105434
EFT,20070404,0.09,0.09,0.09,0.09,62733
EGL,20070404,0.14,0.14,0.135,0.135,37250
EGO,20070404,0.008,0.008,0.007,0.008,8897117
EGX,20070404,0.85,0.85,0.795,0.8,110000
EHL,20070404,1.785,1.785,1.755,1.765,2394216
EIG,20070404,1.1,1.1,1.1,1.1,6145
EIV,20070404,0.13,0.13,0.13,0.13,197426
EKA,20070404,0.22,0.235,0.22,0.235,94500
EKM,20070404,0.375,0.375,0.375,0.375,542785
ELI,20070404,1.04,1.06,1.04,1.06,97000
ELK,20070404,0.33,0.35,0.325,0.35,56600
ELL,20070404,0.19,0.195,0.185,0.195,293880
ELM,20070404,0.355,0.36,0.35,0.35,35209
ELX,20070404,0.86,0.88,0.86,0.88,68000
EME,20070404,5.92,6.05,5.9,6.04,19225
EMI,20070404,1.375,1.375,1.35,1.35,68100
EMR,20070404,0.295,0.355,0.26,0.335,1747534
EMS,20070404,0.11,0.11,0.11,0.11,171762
ENB,20070404,0.315,0.315,0.315,0.315,31350
ENE,20070404,4.7,4.7,4.61,4.61,1238408
ENG,20070404,0.19,0.2,0.19,0.2,105870
ENR,20070404,0.545,0.58,0.545,0.58,192400
ENV,20070404,1.255,1.26,1.235,1.25,775688
EOL,20070404,0.89,0.89,0.85,0.85,64318
EON,20070404,0.645,0.645,0.63,0.63,56134
EOS,20070404,1.51,1.54,1.49,1.49,121674
EPE,20070404,0.026,0.026,0.026,0.026,1015000
EPF,20070404,0.195,0.195,0.195,0.195,10282
EPG,20070404,0.8,0.8,0.77,0.79,490834
EPR,20070404,0.032,0.035,0.032,0.035,616000
EPS,20070404,0.39,0.39,0.39,0.39,52000
EPY,20070404,0.3,0.3,0.29,0.29,35929
EQI,20070404,1.635,1.67,1.635,1.67,272830
EQN,20070404,2.55,2.62,2.55,2.55,492400
ERA,20070404,24.17,24.63,23.9,24,1599080
ERG,20070404,0.215,0.22,0.205,0.21,2564248
ERJ,20070404,0.03,0.03,0.03,0.03,350000
ERL,20070404,0.21,0.21,0.2,0.2,22000
ERN,20070404,0.79,0.79,0.715,0.77,1078174
ERO,20070404,0.275,0.275,0.27,0.27,326800
ESG,20070404,0.305,0.315,0.305,0.31,3276366
ESI,20070404,0.235,0.235,0.225,0.225,202000
ESS,20070404,0.65,0.665,0.65,0.665,3280500
ESV,20070404,0.82,0.83,0.81,0.83,138000
ETC,20070404,0.016,0.016,0.014,0.014,597470
ETE,20070404,0.225,0.225,0.185,0.195,2218359
ETR,20070404,4.16,4.19,4.15,4.19,838910
ETW,20070404,0.155,0.155,0.15,0.15,112261
EUG,20070404,0.022,0.022,0.021,0.021,136034
EVE,20070404,0.355,0.38,0.355,0.365,1213745
EVM,20070404,0.195,0.195,0.195,0.195,40000
EVZ,20070404,0.45,0.45,0.44,0.445,251014
EWC,20070404,0.885,0.89,0.82,0.86,1022328
EXM,20070404,0.019,0.019,0.018,0.019,8405373
EXR,20070404,0.22,0.22,0.215,0.22,135636
EXS,20070404,0.26,0.26,0.26,0.26,338223
EXT,20070404,0.895,0.895,0.88,0.89,413438
EYE,20070404,0.225,0.235,0.225,0.225,634200
EZE,20070404,0.16,0.16,0.16,0.16,29396
EZL,20070404,3.5,3.55,3.46,3.46,13233
EZY,20070404,0.62,0.62,0.615,0.615,62000
FAN,20070404,4.15,4.21,4.1,4.1,295172
FAR,20070404,0.115,0.125,0.115,0.125,2100007
FAS,20070404,0.98,0.99,0.97,0.98,71400
FAT,20070404,0.99,0.995,0.99,0.99,81200
FBU,20070404,9.83,10.1,9.83,9.98,4874
FCL,20070404,2.2,2.25,2.19,2.23,5276537
FCN,20070404,0.35,0.36,0.345,0.345,259284
FDL,20070404,0.015,0.015,0.014,0.015,628334
FEA,20070404,0.75,0.75,0.745,0.745,540100
FER,20070404,2.19,2.3,2.18,2.27,688871
FFF,20070404,0.061,0.064,0.061,0.064,157000
FGL,20070404,7,7.02,6.92,7.01,18311633
FKP,20070404,7.4,7.42,7.15,7.42,436879
FLK,20070404,0.8,0.815,0.8,0.815,133500
FLR,20070404,0.16,0.16,0.16,0.16,10000
FLT,20070404,16.2,16.4,16,16.4,63923
FLX,20070404,5.25,5.28,5.19,5.25,404189
FMG,20070404,21.75,23,21.7,22.99,555073
FML,20070404,0.052,0.052,0.051,0.051,1860962
FOF,20070404,0.53,0.53,0.53,0.53,26000
FPA,20070404,3.2,3.28,3.2,3.25,16804
FPH,20070404,3.22,3.25,3.22,3.22,26000
FRE,20070404,0.675,0.68,0.675,0.68,429118
FRL,20070404,0.075,0.075,0.075,0.075,85325
FRR,20070404,0.675,0.675,0.66,0.66,69732
FRS,20070404,0.49,0.49,0.47,0.47,370655
FRV,20070404,0.09,0.1,0.09,0.097,124250
FSA,20070404,0.735,0.75,0.73,0.75,40852
FUL,20070404,0.085,0.085,0.085,0.085,220000
FUN,20070404,1.945,1.945,1.915,1.93,191895
FWD,20070404,8.97,9.03,8.91,9,156881
FWL,20070404,0.23,0.23,0.23,0.23,24700
FXJ,20070404,5.18,5.18,5.06,5.1,5180491
FXL,20070404,2.98,3,2.95,3,41028
FXR,20070404,1.375,1.375,1.27,1.275,693518
FZN,20070404,0.64,0.64,0.635,0.635,20681
GAA,20070404,0.67,0.67,0.635,0.635,82981
GAU,20070404,0.17,0.17,0.17,0.17,6686
GBE,20070404,0.75,0.76,0.72,0.72,58303
GBG,20070404,0.56,0.57,0.55,0.57,643937
GBP,20070404,0.165,0.175,0.165,0.17,678715
GBT,20070404,3.89,3.9,3.85,3.85,36300
GCL,20070404,3.85,3.85,3.81,3.81,84291
GCN,20070404,0.066,0.066,0.063,0.063,695596
GCR,20070404,0.04,0.04,0.039,0.039,1410277
GCX,20070404,0.73,0.75,0.73,0.73,30799
GDA,20070404,0.013,0.014,0.013,0.013,988250
GDM,20070404,0.585,0.62,0.58,0.62,1186833
GDN,20070404,1.15,1.15,0.95,1.04,5079293
GDR,20070404,0.58,0.58,0.565,0.565,137600
GDY,20070404,1.03,1.13,1.03,1.08,357045
GED,20070404,0.1,0.12,0.1,0.12,340000
GEN,20070404,0.27,0.27,0.27,0.27,50000
GFF,20070404,2.57,2.8,2.56,2.6,8580255
GFL,20070404,0.9,0.91,0.9,0.91,9872
GGP,20070404,0.265,0.265,0.265,0.265,101002
GGY,20070404,0.19,0.2,0.175,0.175,16026712
GHT,20070404,0.685,0.7,0.685,0.7,14415
GIA,20070404,0.54,0.54,0.51,0.51,13900
GIP,20070404,0.1,0.1,0.1,0.1,100000
GIR,20070404,0.88,0.88,0.795,0.84,352001
GJT,20070404,1,1.015,0.995,1.01,8641584
GLA,20070404,0.13,0.13,0.13,0.13,8500
GLB,20070404,0.255,0.26,0.255,0.26,89967
GLC,20070404,0.6,0.6,0.58,0.58,77946
GLE,20070404,1,1,1,1,10000
GLF,20070404,0.195,0.195,0.195,0.195,96000
GLN,20070404,0.205,0.205,0.205,0.205,48000
GLO,20070404,0.032,0.032,0.032,0.032,100000
GLX,20070404,0.077,0.077,0.072,0.072,213333
GME,20070404,0.68,0.705,0.68,0.705,202680
GMI,20070404,1.42,1.43,1.42,1.425,280514
GML,20070404,0.135,0.135,0.13,0.13,35000
GMR,20070404,0.075,0.075,0.075,0.075,50000
GNC,20070404,10.45,10.59,10.45,10.55,26214
GNL,20070404,0.04,0.043,0.04,0.043,120000
GNS,20070404,3.17,3.17,3.14,3.16,566708
GOA,20070404,0.091,0.092,0.091,0.092,130240
GOG,20070404,0.25,0.25,0.235,0.235,315108
GOP,20070404,0.2,0.205,0.2,0.205,270000
GOW,20070404,3.8,3.8,3.8,3.8,1500
GPG,20070404,2.07,2.12,2.07,2.12,225434
GPN,20070404,0.045,0.05,0.045,0.048,13718207
GPT,20070404,5.18,5.23,5.12,5.22,6621917
GQH,20070404,0.92,0.92,0.92,0.92,3500
GRB,20070404,0.3,0.32,0.3,0.3,18000
GRD,20070404,2.19,2.25,2.19,2.24,579678
GRK,20070404,0.05,0.053,0.05,0.053,2147659
GRL,20070404,0.19,0.19,0.19,0.19,40000
GRN,20070404,0.27,0.27,0.27,0.27,672500
GRR,20070404,1.52,1.52,1.48,1.48,88889
GRV,20070404,0.66,0.66,0.65,0.65,14912
GRY,20070404,0.39,0.39,0.37,0.38,278762
GSA,20070404,1.185,1.185,1.165,1.18,3853686
GSE,20070404,0.14,0.14,0.125,0.14,4179623
GSF,20070404,0.024,0.025,0.023,0.025,1300000
GTG,20070404,0.145,0.15,0.145,0.15,400778
GTP,20070404,2.06,2.08,2.03,2.04,2677614
GTX,20070404,0.2,0.2,0.2,0.2,30000
GUD,20070404,8.22,8.26,8.03,8.18,163197
GUL,20070404,0.075,0.075,0.074,0.074,235000
GUN,20070404,0.33,0.335,0.32,0.32,335404
GVM,20070404,0.92,0.95,0.91,0.95,97343
GWR,20070404,2.41,2.41,2.3,2.3,83777
GWT,20070404,4.12,4.17,4.05,4.15,426579
GWV,20070404,0.1,0.1,0.1,0.1,480
GXY,20070404,0.31,0.31,0.295,0.31,139830
GZL,20070404,2.32,2.32,2.32,2.32,2701
HAN,20070404,18.5,18.5,18.5,18.5,4672
HAO,20070404,0.028,0.03,0.028,0.03,55000
HAP,20070404,1.06,1.06,1.055,1.06,35799
HAV,20070404,1.85,1.9,1.82,1.895,114757
HAZ,20070404,0.355,0.36,0.35,0.35,170000
HCY,20070404,0.02,0.02,0.019,0.019,5559980
HDF,20070404,3.26,3.26,3.18,3.23,257700
HDG,20070404,0.74,0.76,0.58,0.65,1002546
HDN,20070404,0.3,0.3,0.23,0.245,2230224
HEG,20070404,0.16,0.17,0.16,0.165,959516
HEM,20070404,0.205,0.205,0.2,0.2,290000
HER,20070404,1.065,1.085,1.055,1.06,440007
HFA,20070404,2.3,2.3,2.28,2.3,1158464
HGI,20070404,3.73,3.74,3.71,3.73,2287451
HGL,20070404,0.05,0.05,0.05,0.05,647
HGO,20070404,0.27,0.285,0.27,0.275,1011854
HHL,20070404,13,13,13,13,3911
HHV,20070404,1.01,1.02,1.01,1.015,2396915
HHY,20070404,1.98,2,1.97,2,225100
HIC,20070404,0.905,0.905,0.905,0.905,34895
HIG,20070404,0.2,0.205,0.19,0.195,6496833
HII,20070404,0.37,0.37,0.37,0.37,10000
HIL,20070404,5.54,5.57,5.42,5.55,149212
HJB,20070404,0.3,0.3,0.3,0.3,50000
HLD,20070404,0.25,0.25,0.25,0.25,16666
HLX,20070404,0.2,0.2,0.19,0.19,216256
HMC,20070404,0.079,0.079,0.079,0.079,547502
HME,20070404,15.2,15.3,15.17,15.3,12245
HNG,20070404,1.94,1.96,1.94,1.95,6453
HNR,20070404,0.48,0.48,0.45,0.46,419996
HPX,20070404,1.98,2,1.975,1.995,230540
HRD,20070404,0.17,0.17,0.17,0.17,11000
HRS,20070404,0.1,0.1,0.1,0.1,10000
HSK,20070404,1.4,1.45,1.4,1.45,55800
HSN,20070404,0.22,0.22,0.22,0.22,12964
HSP,20070404,5.7,5.75,5.51,5.57,1114392
HST,20070404,3.33,3.45,3.25,3.28,100303
HTA,20070404,0.18,0.18,0.175,0.175,187979
HTM,20070404,0.085,0.088,0.08,0.085,750000
HTW,20070404,0.75,0.77,0.73,0.77,123836
HTX,20070404,0.019,0.019,0.018,0.018,290834
HVN,20070404,4.7,4.86,4.7,4.86,1856883
HWG,20070404,0.205,0.205,0.205,0.205,22000
HWI,20070404,2.75,2.75,2.69,2.72,461541
HYO,20070404,0.275,0.275,0.26,0.26,816085
HZL,20070404,0.495,0.495,0.495,0.495,7711
HZN,20070404,0.32,0.32,0.305,0.31,718342
IAG,20070404,6,6.01,5.94,5.98,5362988
IAS,20070404,0.28,0.29,0.27,0.27,17780
IAT,20070404,0.062,0.062,0.062,0.062,70000
IAU,20070404,0.46,0.47,0.42,0.44,118917
IBA,20070404,1.33,1.34,1.31,1.32,907809
IBC,20070404,0.61,0.61,0.61,0.61,45762
IBG,20070404,4,4,3.74,3.74,16953
IBR,20070404,0.745,0.745,0.74,0.74,213460
IBT,20070404,1.95,1.98,1.935,1.97,242906
ICC,20070404,0.055,0.06,0.055,0.06,28304
ICD,20070404,0.67,0.67,0.67,0.67,135
ICE,20070404,0.008,0.008,0.008,0.008,722500
ICN,20070404,0.052,0.053,0.052,0.053,273140
ICP,20070404,0.043,0.044,0.042,0.042,1050000
IDL,20070404,0.405,0.41,0.4,0.41,1326906
IDM,20070404,0.475,0.475,0.475,0.475,3000
IDO,20070404,0.81,0.81,0.73,0.81,218676
IDT,20070404,1.95,2,1.93,2,44500
IEF,20070404,1.2,1.24,1.2,1.2,35605
IFC,20070404,0.32,0.32,0.32,0.32,30000
IFL,20070404,9.8,9.84,9.62,9.7,108193
IFM,20070404,0.68,0.69,0.68,0.69,189650
IGC,20070404,0.34,0.34,0.295,0.295,369822
IGO,20070404,5.13,5.27,5.11,5.26,1460641
IGR,20070404,0.14,0.14,0.135,0.135,1272750
IHF,20070404,1.12,1.12,1.11,1.12,96779
IHG,20070404,0.185,0.185,0.18,0.18,90476
IIF,20070404,2.43,2.45,2.41,2.45,3331249
IIG,20070404,0.017,0.017,0.016,0.016,3724981
IIN,20070404,1.31,1.31,1.25,1.28,184330
ILF,20070404,1.38,1.39,1.355,1.39,187425
ILU,20070404,5.94,5.94,5.84,5.88,3012051
IMA,20070404,2.32,2.35,2.3,2.35,61400
IMD,20070404,1.265,1.27,1.25,1.265,740848
IMF,20070404,0.73,0.73,0.73,0.73,10000
IMI,20070404,0.015,0.015,0.014,0.015,1471000
IML,20070404,0.06,0.06,0.06,0.06,49449
IMP,20070404,0.014,0.014,0.014,0.014,2536103
IMU,20070404,0.24,0.245,0.24,0.245,31179
INL,20070404,0.17,0.175,0.165,0.175,2659761
INP,20070404,0.25,0.25,0.24,0.245,266197
INT,20070404,0.027,0.029,0.027,0.027,4700185
IOF,20070404,1.58,1.595,1.575,1.585,3205454
IOH,20070404,0.85,0.89,0.83,0.89,59000
IPA,20070404,0.85,0.85,0.84,0.845,7790
IPE,20070404,0.985,0.985,0.985,0.985,33918
IPG,20070404,2.48,2.55,2.48,2.53,4844830
IPL,20070404,50,51.5,49.71,50.82,218645
IPM,20070404,1.41,1.41,1.38,1.395,370183
IPN,20070404,0.255,0.255,0.255,0.255,20000
IPR,20070404,0.21,0.21,0.175,0.2,360983
IPT,20070404,0.335,0.34,0.31,0.31,180014
IRE,20070404,8.02,8.1,7.95,7.99,449938
IRI,20070404,0.485,0.49,0.485,0.49,55000
IRN,20070404,0.78,0.785,0.75,0.77,428864
ISS,20070404,0.27,0.27,0.26,0.26,20000
ITC,20070404,0.084,0.084,0.082,0.083,139814
ITD,20070404,0.55,0.55,0.54,0.54,80062
ITE,20070404,0.175,0.19,0.175,0.19,644873
ITT,20070404,0.25,0.25,0.25,0.25,5000
IVC,20070404,5.7,5.7,5.63,5.7,118159
IVK,20070404,4.4,4.4,4.4,4.4,1000
IWF,20070404,2.54,2.75,2.54,2.6,209603
IWI,20070404,1.62,1.62,1.62,1.62,5338
IWL,20070404,4.9,4.9,4.85,4.86,93232
JAG,20070404,0.15,0.15,0.13,0.13,95000
JAK,20070404,0.19,0.2,0.19,0.195,824228
JBH,20070404,7.8,7.94,7.79,7.88,585388
JBM,20070404,17.12,17.92,17.12,17.65,1790384
JET,20070404,2.07,2.07,2.07,2.07,1191
JGL,20070404,0.235,0.245,0.23,0.23,254520
JHX,20070404,8.35,8.46,8.33,8.38,2593042
JMB,20070404,1.56,1.6,1.56,1.6,20247
JML,20070404,1.22,1.235,1.2,1.22,426400
JMS,20070404,0.23,0.23,0.22,0.225,1307190
JPR,20070404,0.062,0.062,0.06,0.06,578696
JRL,20070404,2.1,2.1,2.05,2.08,120891
JRV,20070404,0.021,0.021,0.017,0.018,69635410
JST,20070404,4.15,4.4,4.15,4.4,963658
JUM,20070404,0.025,0.027,0.025,0.027,255000
JVG,20070404,0.15,0.15,0.15,0.15,100000
JYC,20070404,1.29,1.3,1.29,1.3,39200
KAL,20070404,0.079,0.08,0.078,0.08,480533
KAR,20070404,1.79,1.79,1.67,1.77,136400
KCN,20070404,4.66,4.72,4.61,4.7,185078
KHF,20070404,0.5,0.5,0.48,0.48,11900
KIL,20070404,1.18,1.18,1.16,1.17,221900
KIM,20070404,0.89,0.9,0.87,0.875,2169016
KIS,20070404,1,1,0.95,0.95,69745
KLM,20070404,0.57,0.57,0.53,0.53,180000
KME,20070404,1.47,1.47,1.47,1.47,921
KMN,20070404,0.58,0.58,0.56,0.565,243997
KOR,20070404,1.04,1.18,1.03,1.045,159218
KOV,20070404,6.1,6.1,6.1,6.1,215
KRS,20070404,0.27,0.275,0.265,0.265,106150
KSC,20070404,3.85,3.95,3.85,3.95,3687
KSX,20070404,0.026,0.026,0.025,0.025,706000
KTL,20070404,0.038,0.038,0.038,0.038,140000
KTO,20070404,0.17,0.18,0.17,0.18,15000
KYC,20070404,0.41,0.41,0.395,0.395,89800
KZL,20070404,5.12,5.33,5.12,5.32,1645386
LAF,20070404,0.073,0.073,0.071,0.073,1828561
LBT,20070404,0.265,0.27,0.255,0.27,160417
LBY,20070404,0.245,0.245,0.235,0.24,268800
LCE,20070404,0.6,0.6,0.6,0.6,1000
LCL,20070404,0.76,0.8,0.76,0.79,291013
LCT,20070404,0.14,0.145,0.135,0.145,131800
LDW,20070404,7.85,7.85,7.85,7.85,4000
LEF,20070404,0.2,0.23,0.2,0.23,340000
LEG,20070404,0.075,0.075,0.07,0.07,2794000
LEI,20070404,36,36,35.43,35.9,1260947
LEP,20070404,3.9,3.9,3.9,3.9,8981
LFE,20070404,1.17,1.19,1.15,1.16,441988
LGD,20070404,0.6,0.6,0.59,0.59,102384
LGO,20070404,0.024,0.025,0.023,0.025,853333
LHG,20070404,3.23,3.27,3.22,3.27,6446668
LIM,20070404,20.32,20.34,20.32,20.34,12710
LIN,20070404,0.375,0.375,0.375,0.375,102500
LIO,20070404,0.23,0.25,0.23,0.25,19000
LIP,20070404,0.75,0.75,0.75,0.75,10000
LKO,20070404,0.02,0.02,0.019,0.019,23140000
LLC,20070404,20.1,20.54,20.08,20.39,1120244
LMC,20070404,2.49,2.49,2.49,2.49,1952
LMG,20070404,0.026,0.026,0.025,0.026,1998154
LML,20070404,0.265,0.27,0.26,0.27,135750
LMP,20070404,0.2,0.2,0.195,0.195,705798
LMW,20070404,0.75,0.76,0.74,0.74,62000
LNC,20070404,0.28,0.285,0.28,0.28,467042
LNG,20070404,0.475,0.475,0.455,0.455,54000
LNN,20070404,9.06,9.13,9.02,9.08,617995
LOK,20070404,4.72,4.86,4.72,4.86,46128
LPL,20070404,0.15,0.16,0.15,0.16,125700
LRF,20070404,1.12,1.12,1.12,1.12,57792
LRG,20070404,0.063,0.063,0.061,0.061,227000
LRL,20070404,0.6,0.61,0.6,0.61,52000
LSG,20070404,1.62,1.63,1.6,1.63,138163
LSL,20070404,0.016,0.016,0.014,0.014,439500
LTR,20070404,0.32,0.32,0.31,0.32,307759
LUM,20070404,0.016,0.016,0.015,0.015,498405
LVL,20070404,0.027,0.027,0.027,0.027,90000
LWB,20070404,1.7,1.7,1.7,1.7,5000
LYC,20070404,0.87,0.88,0.86,0.86,3347723
LYL,20070404,3.3,3.3,3.2,3.2,55122
MAA,20070404,0.165,0.165,0.16,0.16,72800
MAE,20070404,0.665,0.68,0.655,0.675,391121
MAH,20070404,0.86,0.87,0.86,0.87,2366085
MAL,20070404,0.53,0.56,0.53,0.56,54832
MAN,20070404,0.024,0.025,0.024,0.025,1470990
MAP,20070404,4.04,4.06,4.03,4.05,9021066
MAQ,20070404,0.975,0.975,0.975,0.975,250
MAR,20070404,0.195,0.2,0.195,0.2,64350
MBA,20070404,0.175,0.175,0.17,0.17,1347000
MBI,20070404,0.008,0.008,0.007,0.008,9584213
MBL,20070404,83.52,84.53,83.52,84.18,965912
MBN,20070404,5.15,5.43,5.15,5.3,338421
MBP,20070404,0.125,0.135,0.125,0.135,4289810
MBR,20070404,2.37,2.46,2.37,2.42,93012
MBT,20070404,1.45,1.55,1.45,1.55,43523
MCC,20070404,4.68,5.05,4.68,5.05,1662230
MCG,20070404,6.6,6.61,6.5,6.54,1249132
MCH,20070404,1.05,1.05,1.05,1.05,5901
MCK,20070404,4.2,4.2,4.2,4.2,13500
MCL,20070404,0.017,0.018,0.016,0.016,2575613
MCO,20070404,0.3,0.3,0.295,0.295,52000
MCP,20070404,2.88,2.9,2.82,2.82,41488
MCQ,20070404,4.08,4.08,4,4.03,110769
MCR,20070404,3.18,3.2,3.16,3.18,1529232
MCW,20070404,2.13,2.13,2.08,2.11,3715928
MDE,20070404,0.79,0.79,0.79,0.79,3978
MDG,20070404,0.2,0.21,0.2,0.21,3000
MDL,20070404,1.47,1.47,1.43,1.46,121210
MDS,20070404,0.185,0.185,0.185,0.185,38380
MDT,20070404,1.21,1.21,1.2,1.21,3900481
MDX,20070404,0.155,0.155,0.15,0.15,210000
MEE,20070404,0.105,0.11,0.105,0.105,304323
MEI,20070404,0.2,0.2,0.2,0.2,43500
MEL,20070404,1.01,1.015,0.97,0.985,675467
MEO,20070404,0.72,0.72,0.685,0.71,393146
MEP,20070404,0.73,0.73,0.72,0.72,5000
MFF,20070404,0.98,0.985,0.97,0.98,113894
MFI,20070404,1.66,1.75,1.65,1.68,273402
MFS,20070404,5.35,5.38,5.28,5.33,2152063
MFT,20070404,0.89,0.89,0.89,0.89,96121
MGK,20070404,0.07,0.081,0.065,0.065,260902
MGN,20070404,1.52,1.52,1.52,1.52,750
MGO,20070404,0.29,0.295,0.28,0.285,561269
MGQ,20070404,7.2,7.28,7.12,7.28,3115771
MGR,20070404,5.52,5.59,5.46,5.57,3089077
MGU,20070404,0.25,0.25,0.245,0.245,53188
MGW,20070404,2.9,2.94,2.88,2.88,223555
MGX,20070404,0.77,0.8,0.77,0.785,1189736
MHL,20070404,0.015,0.015,0.015,0.015,276247
MIG,20070404,3.94,3.95,3.89,3.94,9480126
MIK,20070404,0.38,0.42,0.375,0.375,373519
MIN,20070404,2.79,2.84,2.79,2.84,141306
MIR,20070404,2.1,2.15,2.1,2.15,18340
MIS,20070404,2.05,2.3,2.03,2.15,493764
MIT,20070404,2.06,2.07,2.06,2.06,12557
MIX,20070404,1.065,1.075,1.065,1.07,275108
MKY,20070404,0.066,0.067,0.059,0.059,5446072
MLB,20070404,3.73,3.73,3.68,3.7,125917
MLE,20070404,3.08,3.1,3.07,3.1,141078
MLI,20070404,0.365,0.365,0.345,0.345,83175
MLM,20070404,0.655,0.66,0.655,0.655,50440
MLS,20070404,0.066,0.066,0.065,0.066,2432518
MLT,20070404,22.2,22.2,21.83,21.83,5030
MLX,20070404,0.33,0.33,0.315,0.33,973385
MMA,20070404,1.03,1.035,1.025,1.025,94229
MMB,20070404,0.325,0.34,0.325,0.335,194900
MME,20070404,0.06,0.064,0.06,0.064,73834
MMG,20070404,4.51,4.56,4.5,4.54,621997
MML,20070404,1.01,1.02,1.01,1.01,163000
MMN,20070404,0.33,0.33,0.32,0.33,1620176
MMS,20070404,4.6,4.63,4.6,4.63,2141
MMX,20070404,2.1,2.2,2.08,2.17,734641
MMZ,20070404,0.305,0.305,0.29,0.29,22000
MND,20070404,10.92,11.49,10.9,11.3,228077
MOC,20070404,3.1,3.17,3.1,3.15,291425
MOF,20070404,1.525,1.58,1.515,1.58,7393837
MOG,20070404,0.079,0.082,0.075,0.075,249440
MOL,20070404,3.61,3.85,3.61,3.72,394272
MON,20070404,0.3,0.305,0.29,0.295,1559482
MOO,20070404,0.19,0.19,0.19,0.19,6716
MOS,20070404,0.15,0.155,0.15,0.15,67199
MPA,20070404,0.03,0.03,0.03,0.03,16700
MPF,20070404,1.25,1.28,1.25,1.28,299780
MPG,20070404,0.845,0.845,0.845,0.845,39240
MPH,20070404,0.39,0.39,0.385,0.385,297176
MPI,20070404,0.07,0.07,0.07,0.07,50000
MPJ,20070404,0.006,0.006,0.006,0.006,1700000
MPO,20070404,0.1,0.11,0.1,0.105,14782996
MPR,20070404,1.295,1.305,1.29,1.295,1530803
MPS,20070404,1.065,1.065,1.06,1.06,36624
MPY,20070404,0.98,0.985,0.98,0.98,216467
MRA,20070404,0.99,0.99,0.98,0.99,159246
MRC,20070404,0.14,0.14,0.135,0.135,250000
MRE,20070404,8.31,8.57,8.11,8.52,3769504
MRM,20070404,1.57,1.58,1.56,1.575,412907
MRN,20070404,1.34,1.355,1.34,1.355,28799
MRO,20070404,2.2,2.27,2.2,2.25,73140
MRU,20070404,0.9,0.9,0.88,0.88,12255
MRX,20070404,0.094,0.11,0.093,0.105,14291594
MRZ,20070404,1.325,1.345,1.325,1.345,340678
MSB,20070404,2.21,2.21,2.09,2.09,68503
MSC,20070404,0.029,0.029,0.028,0.029,3942500
MSF,20070404,3,3.05,2.95,3.05,7000
MST,20070404,0.16,0.16,0.15,0.16,448507
MTB,20070404,0.096,0.1,0.095,0.095,1440397
MTH,20070404,0.35,0.355,0.35,0.355,149301
MTI,20070404,0.075,0.08,0.075,0.08,149000
MTN,20070404,4.01,4.29,4.01,4.17,526207
MTS,20070404,4.97,5.1,4.95,5.09,4390610
MTU,20070404,0.49,0.49,0.49,0.49,25700
MTY,20070404,0.19,0.19,0.19,0.19,26300
MUN,20070404,0.34,0.35,0.33,0.35,54000
MUR,20070404,0.125,0.125,0.12,0.125,1384385
MVP,20070404,0.6,0.6,0.595,0.595,209980
MWE,20070404,0.22,0.24,0.22,0.24,80000
MWG,20070404,0.85,0.85,0.85,0.85,109484
MWR,20070404,0.082,0.082,0.08,0.08,152701
MWS,20070404,0.105,0.105,0.1,0.1,65000
MXG,20070404,4.5,4.54,4.47,4.53,4419831
MXI,20070404,0.7,0.71,0.695,0.695,251121
MXL,20070404,0.067,0.069,0.065,0.068,1523322
MXR,20070404,0.165,0.165,0.155,0.165,450000
MYO,20070404,1.17,1.2,1.17,1.18,369366
MZM,20070404,0.2,0.2,0.2,0.2,12000
NAB,20070404,40.95,41.35,40.85,41.2,4235398
NAD,20070404,0.036,0.036,0.035,0.036,1438501
NAE,20070404,0.4,0.41,0.39,0.4,129696
NAL,20070404,0.105,0.105,0.095,0.097,2662106
NAM,20070404,0.675,0.68,0.67,0.67,74600
NAV,20070404,0.505,0.545,0.505,0.545,787620
NBL,20070404,4.88,4.9,4.88,4.9,10169
NCI,20070404,1.72,1.78,1.7,1.78,24000
NCK,20070404,2.48,2.48,2.48,2.48,2000
NCM,20070404,23.95,24,23.63,24,1026637
NDL,20070404,0.205,0.205,0.2,0.2,62500
NDM,20070404,0.28,0.28,0.27,0.28,120000
NDO,20070404,0.19,0.2,0.19,0.195,2653810
NEC,20070404,0.525,0.61,0.525,0.575,614600
NEL,20070404,3.93,4.03,3.9,4.02,77418
NEM,20070404,5.26,5.3,5.24,5.26,86734
NEO,20070404,0.16,0.165,0.155,0.16,1553611
NEU,20070404,0.485,0.485,0.46,0.46,34737
NFL,20070404,1,1,0.985,0.99,288347
NGF,20070404,0.22,0.22,0.21,0.21,185980
NGM,20070404,0.48,0.49,0.475,0.49,209000
NHC,20070404,1.52,1.58,1.51,1.57,471725
NHH,20070404,2.05,2.05,2.05,2.05,250
NHM,20070404,0.004,0.005,0.004,0.005,1404000
NKP,20070404,1.195,1.195,1.195,1.195,10000
NLG,20070404,0.4,0.41,0.4,0.4,69870
NLS,20070404,0.065,0.067,0.062,0.067,121666
NLX,20070404,1.55,1.55,1.54,1.54,75014
NMB,20070404,0.025,0.025,0.025,0.025,110000
NMI,20070404,0.245,0.25,0.23,0.23,342100
NMR,20070404,0.39,0.43,0.39,0.43,163347
NMS,20070404,0.67,0.685,0.66,0.685,340683
NOD,20070404,2,2,1.99,1.99,311425
NPH,20070404,5.45,5.45,5.45,5.45,707
NPX,20070404,6.54,6.54,6.54,6.54,6000
NQM,20070404,0.24,0.28,0.24,0.26,340620
NRL,20070404,0.3,0.3,0.3,0.3,20000
NRT,20070404,2.37,2.42,2.36,2.42,157237
NRU,20070404,0.295,0.295,0.29,0.295,25950
NST,20070404,0.125,0.125,0.125,0.125,5000
NSX,20070404,0.51,0.525,0.51,0.52,111150
NTU,20070404,1.9,1.91,1.82,1.85,304463
NUF,20070404,12.85,12.88,12.7,12.75,704277
NUP,20070404,0.855,0.855,0.77,0.79,905699
NWA,20070404,0.015,0.015,0.015,0.015,150000
NWE,20070404,0.185,0.19,0.18,0.18,1196505
NWK,20070404,0.195,0.195,0.195,0.195,10000
NWR,20070404,0.32,0.33,0.315,0.32,70500
NWS,20070404,30.84,30.91,30.78,30.85,2427089
NWT,20070404,0.008,0.009,0.008,0.008,1325931
NXS,20070404,0.865,1.04,0.86,1.02,6632098
NZO,20070404,0.8,0.8,0.8,0.8,6000
OAK,20070404,1.86,1.9,1.86,1.9,27907
OBJ,20070404,0.062,0.064,0.061,0.064,703825
OCE,20070404,0.55,0.55,0.55,0.55,219930
OCL,20070404,0.56,0.57,0.56,0.57,43000
OCO,20070404,0.04,0.04,0.039,0.039,1259501
ODG,20070404,0.4,0.4,0.4,0.4,17000
ODY,20070404,0.42,0.42,0.42,0.42,50000
OEC,20070404,0.215,0.215,0.215,0.215,391433
OEL,20070404,0.225,0.225,0.22,0.22,179199
OEQ,20070404,1.295,1.295,1.29,1.29,8820
OEX,20070404,1.38,1.41,1.38,1.4,111000
OFG,20070404,2.31,2.31,2.3,2.31,51914
OGD,20070404,0.72,0.73,0.71,0.72,1409132
OIL,20070404,0.465,0.47,0.465,0.465,24179
OKN,20070404,4.37,4.38,4.35,4.35,364506
OLE,20070404,0.019,0.02,0.019,0.02,222000
OLY,20070404,0.15,0.15,0.15,0.15,14355
OMC,20070404,1.17,1.175,1.165,1.175,307143
OMH,20070404,0.28,0.31,0.28,0.3,172443
ONC,20070404,0.415,0.42,0.41,0.42,135996
OPC,20070404,0.135,0.145,0.135,0.135,331958
ORC,20070404,0.058,0.058,0.058,0.058,10000
ORD,20070404,0.585,0.595,0.5,0.51,357201
ORG,20070404,8.95,8.98,8.83,8.85,2722043
ORH,20070404,0.165,0.17,0.145,0.16,2062983
ORI,20070404,26.8,26.8,26.13,26.55,2063404
ORL,20070404,2.95,3.03,2.95,3.03,50409
ORO,20070404,0.021,0.021,0.02,0.021,1235500
OSH,20070404,3.5,3.51,3.46,3.49,7166495
OST,20070404,5.16,5.27,5.16,5.27,1846536
OTL,20070404,0.2,0.2,0.2,0.2,250575
OVR,20070404,0.68,0.68,0.66,0.665,64500
OXR,20070404,2.88,3.03,2.87,3.03,75004035
PAA,20070404,0.11,0.11,0.11,0.11,22500
PAU,20070404,0.11,0.11,0.11,0.11,22714
PBA,20070404,1,1,1,1,34000
PBB,20070404,1.9,1.9,1.84,1.85,1482
PBG,20070404,3.2,3.21,3.13,3.17,3401131
PBI,20070404,0.195,0.195,0.19,0.19,224880
PBL,20070404,20,20.23,20,20.21,2067758
PBO,20070404,0.37,0.37,0.37,0.37,43950
PBP,20070404,1.07,1.07,1.07,1.07,2752
PBT,20070404,0.35,0.37,0.35,0.36,291286
PCC,20070404,0.044,0.044,0.044,0.044,200000
PCG,20070404,0.845,0.845,0.835,0.845,684777
PCL,20070404,0.071,0.071,0.071,0.071,285900
PDM,20070404,0.16,0.175,0.16,0.175,156668
PDN,20070404,9.94,9.96,9.81,9.94,2897155
PDO,20070404,0.665,0.695,0.66,0.67,14250
PDZ,20070404,0.455,0.455,0.45,0.45,71350
PEK,20070404,0.165,0.17,0.15,0.17,160000
PEL,20070404,0.205,0.22,0.205,0.215,57220
PEM,20070404,3.7,3.77,3.69,3.73,1425931
PEN,20070404,0.095,0.096,0.089,0.092,17021059
PEP,20070404,0.78,0.78,0.755,0.775,408684
PES,20070404,0.26,0.27,0.26,0.27,83400
PET,20070404,0.955,0.955,0.95,0.95,89430
PFG,20070404,1.1,1.1,1.085,1.085,37050
PFL,20070404,1.67,1.68,1.65,1.66,60210
PGA,20070404,5.85,5.85,5.8,5.8,113517
PGL,20070404,7.49,7.75,7.47,7.65,443554
PGM,20070404,0.7,0.85,0.7,0.83,296835
PGS,20070404,0.3,0.325,0.3,0.32,946593
PHK,20070404,0.35,0.37,0.35,0.37,59112
PIE,20070404,0.1,0.105,0.1,0.105,1178596
PIM,20070404,1.07,1.1,1.07,1.1,82790
PIO,20070404,0.195,0.2,0.19,0.2,91000
PKT,20070404,0.065,0.069,0.065,0.068,4650249
PLA,20070404,1.4,1.45,1.395,1.45,449897
PLD,20070404,0.34,0.34,0.335,0.34,90000
PLF,20070404,1.06,1.08,1.05,1.075,345537
PLT,20070404,0.41,0.43,0.405,0.41,1400207
PLV,20070404,0.35,0.35,0.305,0.33,131540
PMA,20070404,1.54,1.66,1.54,1.65,71134
PMC,20070404,2.18,2.18,2.13,2.14,107579
PME,20070404,1.37,1.39,1.37,1.39,20000
PMH,20070404,0.47,0.47,0.47,0.47,23750
PMM,20070404,4.9,4.9,4.86,4.9,15280
PMP,20070404,1.8,1.82,1.78,1.82,2847594
PMV,20070404,8.7,8.9,8.7,8.8,93545
PNA,20070404,0.43,0.435,0.42,0.42,6247333
PNN,20070404,2.19,2.35,2.18,2.21,630187
PNO,20070404,0.032,0.033,0.03,0.033,2819178
PNW,20070404,0.052,0.052,0.052,0.052,100000
POH,20070404,0.265,0.27,0.26,0.26,329641
POL,20070404,0.29,0.29,0.29,0.29,159934
PPC,20070404,4.2,4.2,4.1,4.1,18501
PPD,20070404,0.15,0.15,0.15,0.15,5000
PPG,20070404,0.38,0.385,0.36,0.385,18600
PPI,20070404,0.55,0.6,0.55,0.6,180000
PPK,20070404,0.79,0.79,0.79,0.79,9000
PPN,20070404,0.125,0.125,0.125,0.125,2212
PPP,20070404,0.195,0.205,0.195,0.2,359589
PPS,20070404,1.16,1.18,1.16,1.18,19900
PPT,20070404,79.5,79.87,79,79.87,83999
PPX,20070404,4.15,4.18,4.09,4.1,806784
PPY,20070404,0.5,0.55,0.5,0.52,183600
PRE,20070404,0.022,0.022,0.021,0.021,405000
PRG,20070404,5.2,5.47,5.2,5.3,138122
PRR,20070404,0.049,0.049,0.047,0.047,869864
PRT,20070404,3.8,3.83,3.79,3.81,894983
PRU,20070404,0.475,0.485,0.47,0.48,533078
PRV,20070404,1.135,1.17,1.12,1.16,170525
PRW,20070404,0.19,0.2,0.19,0.2,55848
PRY,20070404,12.02,12.3,12.02,12.3,52586
PSA,20070404,2,2.03,1.925,1.955,852399
PSD,20070404,0.33,0.335,0.285,0.285,29820910
PSH,20070404,1.7,1.7,1.69,1.7,107365
PSP,20070404,0.13,0.13,0.13,0.13,307427
PSV,20070404,0.375,0.375,0.365,0.375,1493090
PTB,20070404,2.43,2.43,2.42,2.42,1677
PTD,20070404,1.875,1.89,1.87,1.875,278920
PTR,20070404,0.895,0.9,0.89,0.895,24000
PTS,20070404,0.14,0.15,0.14,0.145,214500
PUN,20070404,0.27,0.28,0.27,0.27,91991
PUR,20070404,0.08,0.08,0.08,0.08,160000
PVE,20070404,1.55,1.6,1.55,1.6,21000
PWK,20070404,3.3,3.5,3.3,3.47,35498
PWR,20070404,0.305,0.305,0.305,0.305,667
PWT,20070404,2.27,2.28,2.27,2.28,5400
PXL,20070404,0.25,0.26,0.25,0.26,1245000
PXR,20070404,0.215,0.22,0.2,0.22,97000
PXS,20070404,3.24,3.39,3.2,3.28,207482
PYC,20070404,0.35,0.375,0.35,0.375,25000
PYM,20070404,0.46,0.54,0.45,0.51,552592
QAN,20070404,5.2,5.22,5.18,5.18,13229631
QBE,20070404,32.25,32.67,32.15,32.62,3609132
QCH,20070404,4.9,4.92,4.9,4.91,88358
QGC,20070404,1.53,1.54,1.52,1.54,1465704
QGM,20070404,0.24,0.24,0.23,0.23,116400
QHL,20070404,0.665,0.68,0.655,0.655,193850
QMG,20070404,0.275,0.275,0.27,0.27,15000
QML,20070404,0.22,0.22,0.22,0.22,144000
QMT,20070404,3.21,3.24,3.21,3.23,9000
QOL,20070404,0.365,0.385,0.365,0.365,236550
QRS,20070404,0.39,0.39,0.35,0.35,217101
QTK,20070404,0.145,0.145,0.14,0.14,145900
QTM,20070404,0.1,0.1,0.1,0.1,67000
QUR,20070404,0.036,0.049,0.036,0.04,2389514
QXQ,20070404,0.055,0.055,0.054,0.054,120792
RAT,20070404,1.065,1.065,1.055,1.06,6670502
RAU,20070404,0.037,0.037,0.037,0.037,27025
RAW,20070404,0.066,0.066,0.066,0.066,40000
RBM,20070404,0.14,0.145,0.135,0.145,274787
RBR,20070404,0.165,0.165,0.16,0.16,156500
RBY,20070404,0.028,0.028,0.028,0.028,386000
RCG,20070404,0.16,0.165,0.16,0.16,306730
RCI,20070404,0.195,0.195,0.17,0.18,265000
RCL,20070404,1.74,1.74,1.735,1.74,107412
RCM,20070404,0.125,0.125,0.125,0.125,18477
RCR,20070404,1.83,1.835,1.82,1.82,63326
RCT,20070404,4.17,4.17,4.13,4.13,2135
RDF,20070404,3.39,3.43,3.35,3.41,68659
RDM,20070404,0.37,0.37,0.365,0.365,21000
RDR,20070404,0.52,0.52,0.5,0.52,97750
RDS,20070404,1.205,1.25,1.2,1.25,68020
REA,20070404,5.45,5.5,5.4,5.5,15666
RED,20070404,0.098,0.1,0.098,0.098,90000
REF,20070404,5.1,5.19,5.1,5.1,78113
REH,20070404,24.3,24.3,24.03,24.06,2678
REO,20070404,0.027,0.027,0.027,0.027,24960
RER,20070404,0.17,0.17,0.16,0.16,41235
REU,20070404,1.015,1.02,1.01,1.02,1594717
REX,20070404,2,2,1.96,1.96,40878
REY,20070404,0.08,0.08,0.08,0.08,19396
RFE,20070404,0.45,0.455,0.44,0.455,117500
RFG,20070404,1.35,1.4,1.31,1.4,513500
RHC,20070404,11.5,11.55,11.45,11.5,329953
RHD,20070404,0.64,0.67,0.64,0.65,61912
RHI,20070404,2.33,2.33,2.2,2.2,14700
RHL,20070404,3.62,3.62,3.57,3.57,7050
RHT,20070404,0.02,0.021,0.02,0.021,500000
RIA,20070404,0.29,0.32,0.29,0.32,56000
RIC,20070404,1.125,1.13,1.115,1.13,471360
RIM,20070404,0.028,0.033,0.026,0.033,3886459
RIN,20070404,18.19,18.19,18,18.07,1074463
RIO,20070404,80.31,81.18,80.2,80.99,2814483
RIS,20070404,0.15,0.15,0.15,0.15,10000
RIV,20070404,1.9,1.98,1.9,1.98,330953
RJT,20070404,1,1.02,1,1.02,2887080
RKN,20070404,1.06,1.11,1.06,1.1,107664
RLA,20070404,0.185,0.185,0.185,0.185,87000
RMD,20070404,6.25,6.28,6.2,6.26,1792687
RMG,20070404,0.019,0.02,0.019,0.02,5020847
RMI,20070404,0.04,0.043,0.04,0.041,1633673
RML,20070404,0.26,0.265,0.26,0.26,531962
RMS,20070404,0.47,0.485,0.46,0.46,192600
RNG,20070404,0.072,0.081,0.072,0.075,955681
RNI,20070404,0.32,0.32,0.32,0.32,44100
RNY,20070404,1.15,1.155,1.14,1.14,114609
ROC,20070404,2.96,2.97,2.93,2.96,777609
ROK,20070404,5.4,5.41,5.35,5.4,12400
ROL,20070404,0.255,0.275,0.25,0.25,71703
ROY,20070404,0.26,0.29,0.26,0.28,1101143
RPX,20070404,2.05,2.06,2.05,2.05,88705
RRA,20070404,0.78,0.78,0.76,0.77,218408
RRL,20070404,0.09,0.09,0.086,0.089,648827
RRS,20070404,0.028,0.029,0.026,0.027,57842831
RRT,20070404,0.88,0.88,0.875,0.88,320820
RSG,20070404,1.33,1.365,1.32,1.325,351145
RSL,20070404,0.02,0.023,0.02,0.023,1100000
RSN,20070404,0.081,0.084,0.08,0.08,786489
RSP,20070404,1.44,1.6,1.44,1.6,1385953
RTL,20070404,0.09,0.09,0.09,0.09,158000
RUP,20070404,13.91,13.95,13.79,13.88,611582
RUR,20070404,0.21,0.22,0.21,0.22,229000
RWD,20070404,0.6,0.6,0.6,0.6,19294
RXL,20070404,0.25,0.26,0.25,0.26,289371
SAE,20070404,0.325,0.335,0.32,0.325,187354
SAF,20070404,0.053,0.053,0.052,0.052,130000
SAI,20070404,3.7,3.7,3.63,3.66,977331
SAQ,20070404,5.53,5.55,5.47,5.55,1872
SAR,20070404,0.335,0.335,0.33,0.33,128333
SAU,20070404,0.54,0.545,0.44,0.445,1894338
SBC,20070404,17.2,17.2,17.07,17.13,151031
SBI,20070404,0.6,0.6,0.595,0.595,20844
SBL,20070404,0.033,0.035,0.033,0.035,5150455
SBM,20070404,0.53,0.535,0.515,0.53,884340
SBP,20070404,0.043,0.059,0.043,0.059,1418770
SBR,20070404,0.195,0.22,0.195,0.22,24000
SBS,20070404,0.08,0.086,0.077,0.086,3873546
SCB,20070404,1.005,1.01,1,1.01,21250
SCD,20070404,0.05,0.05,0.05,0.05,20000
SCE,20070404,0.028,0.032,0.028,0.029,5654500
SCV,20070404,0.945,0.95,0.94,0.94,116334
SCX,20070404,0.09,0.09,0.08,0.08,300555
SDG,20070404,3.4,3.4,3.28,3.28,1091856
SDI,20070404,0.9,0.9,0.88,0.88,31636
SDL,20070404,0.145,0.145,0.135,0.135,17198054
SDM,20070404,2.29,2.29,2.25,2.25,12050
SEA,20070404,0.34,0.34,0.32,0.33,83200
SEG,20070404,0.68,0.715,0.68,0.715,133000
SEK,20070404,7.48,7.48,7.33,7.4,747702
SEN,20070404,0.275,0.28,0.27,0.275,1236367
SEV,20070404,11.46,11.54,11.33,11.47,1176403
SFC,20070404,7.44,7.44,7.43,7.43,6174
SFH,20070404,1.94,1.96,1.9,1.93,666212
SFP,20070404,0.905,0.91,0.6,0.83,92930
SFR,20070404,0.48,0.49,0.48,0.49,19200
SFY,20070404,58.25,59.99,58.25,59.99,715
SGB,20070404,34.49,34.5,34.06,34.2,1043916
SGL,20070404,0.365,0.37,0.36,0.36,120900
SGM,20070404,23.33,24.18,23.2,24.03,421401
SGN,20070404,3.17,3.17,3.14,3.17,134607
SGP,20070404,8.54,8.67,8.46,8.65,4397506
SGT,20070404,2.69,2.74,2.68,2.74,1062367
SGX,20070404,6.18,6.2,6.06,6.16,608280
SHA,20070404,0.725,0.725,0.72,0.725,34000
SHC,20070404,0.17,0.17,0.17,0.17,80000
SHE,20070404,0.48,0.48,0.47,0.47,27128
SHG,20070404,0.6,0.65,0.6,0.65,2135066
SHL,20070404,15.32,15.32,15.11,15.29,638799
SHV,20070404,10.97,10.97,10.83,10.85,9554
SIE,20070404,0.09,0.098,0.09,0.098,44000
SIM,20070404,0.93,0.93,0.9,0.91,151552
SIP,20070404,2.5,2.51,2.47,2.5,5403382
SIU,20070404,0.075,0.075,0.075,0.075,8000
SIV,20070404,1.65,1.65,1.65,1.65,200202
SKC,20070404,4.27,4.27,4.16,4.18,29970
SKE,20070404,5.26,5.35,5.19,5.25,51622
SKI,20070404,2,2.02,1.98,1.995,1897188
SLA,20070404,0.71,0.725,0.71,0.715,173400
SLD,20070404,0.125,0.125,0.125,0.125,40000
SLF,20070404,24,24,22.7,23.05,11279
SLM,20070404,3.97,3.98,3.95,3.95,54657
SLV,20070404,1.49,1.5,1.46,1.46,890810
SLX,20070404,9.3,10.68,9.3,10.43,853726
SMA,20070404,0.038,0.038,0.038,0.038,88557
SMC,20070404,0.13,0.14,0.13,0.14,1030000
SML,20070404,0.024,0.024,0.024,0.024,1070000
SMM,20070404,5,5.07,4.95,5.05,2807888
SMN,20070404,0.21,0.21,0.2,0.2,791000
SMX,20070404,4.51,4.7,4.51,4.7,106333
SMY,20070404,4.26,4.39,4.23,4.34,1399972
SNN,20070404,0.115,0.115,0.1,0.1,1069751
SNU,20070404,0.485,0.485,0.42,0.43,3838175
SOE,20070404,0.22,0.22,0.21,0.215,1508596
SOL,20070404,9.2,9.3,9.2,9.3,42398
SOM,20070404,0.022,0.023,0.021,0.022,857000
SOO,20070404,0.088,0.089,0.086,0.086,373707
SOT,20070404,0.98,0.995,0.975,0.975,814252
SPD,20070404,0.22,0.22,0.22,0.22,25400
SPH,20070404,1.785,1.785,1.75,1.75,257888
SPL,20070404,0.43,0.43,0.425,0.425,38911
SPN,20070404,1.44,1.44,1.42,1.43,1827123
SPR,20070404,1.02,1.02,1.02,1.02,10000
SPT,20070404,4.64,4.65,4.55,4.6,373030
SRA,20070404,0.045,0.046,0.041,0.046,4544263
SRB,20070404,1.05,1.11,1.05,1.11,16091
SRG,20070404,1.35,1.35,1.335,1.345,1917547
SRH,20070404,2.27,2.27,2.27,2.27,750
SRK,20070404,1.97,1.98,1.95,1.97,87341
SRL,20070404,3.78,3.78,3.68,3.75,1017211
SRM,20070404,0.2,0.2,0.2,0.2,50000
SRV,20070404,5.2,5.29,5.2,5.29,88360
SRX,20070404,3.4,3.45,3.4,3.4,27520
SRZ,20070404,0.27,0.28,0.265,0.27,286549
SSC,20070404,0.02,0.02,0.019,0.019,1887778
SSI,20070404,2.96,3.04,2.96,3,28000
SSM,20070404,1.43,1.45,1.43,1.45,273872
SSN,20070404,0.21,0.22,0.21,0.22,79609
SSX,20070404,2.03,2.06,2.03,2.05,1407114
STB,20070404,0.24,0.245,0.23,0.235,128321
STE,20070404,0.095,0.095,0.09,0.09,60000
STG,20070404,1.6,1.6,1.54,1.55,130425
STI,20070404,0.086,0.086,0.085,0.085,91733
STO,20070404,10.3,10.4,10.25,10.29,3432779
STP,20070404,0.078,0.083,0.078,0.083,50000
STS,20070404,2.1,2.17,2.1,2.13,68157
STU,20070404,0.865,0.87,0.86,0.87,114029
STW,20070404,60,60.69,60,60.45,21892
STX,20070404,0.3,0.3,0.28,0.28,1238700
SUL,20070404,4.06,4.12,4.02,4.09,273885
SUN,20070404,20.56,20.6,20.29,20.48,5664923
SUR,20070404,0.08,0.085,0.08,0.085,510000
SVL,20070404,0.195,0.2,0.19,0.2,43351
SVM,20070404,0.37,0.37,0.36,0.36,57942
SWG,20070404,0.011,0.011,0.01,0.01,310000
SWK,20070404,0.9,0.9,0.855,0.87,44504
SWN,20070404,0.29,0.29,0.28,0.28,37100
SYB,20070404,3.71,3.75,3.7,3.72,3249026
SYG,20070404,0.012,0.012,0.011,0.011,586510
SYM,20070404,0.51,0.52,0.51,0.51,92827
SYN,20070404,1.15,1.17,1.1,1.1,14950
SYP,20070404,0.735,0.75,0.705,0.705,1011961
TAG,20070404,0.4,0.4,0.39,0.39,137000
TAH,20070404,16.55,16.72,16.48,16.6,1758967
TAL,20070404,2.65,2.69,2.56,2.69,942977
TAM,20070404,0.135,0.14,0.13,0.135,4676410
TAP,20070404,1.51,1.51,1.49,1.505,591699
TAS,20070404,0.21,0.225,0.21,0.22,457713
TAW,20070404,0.1,0.1,0.099,0.099,158000
TBG,20070404,1.465,1.47,1.465,1.465,58880
TCL,20070404,7.75,7.75,7.63,7.68,2546801
TCN,20070404,0.069,0.069,0.069,0.069,5824
TCQ,20070404,2.41,2.54,2.41,2.53,383262
TDR,20070404,0.022,0.023,0.022,0.023,123550
TEE,20070404,0.014,0.015,0.014,0.014,3000000
TEL,20070404,4.38,4.38,4.26,4.28,6591455
TEN,20070404,3.21,3.22,3.2,3.21,1520417
TEX,20070404,0.205,0.21,0.2,0.21,100000
TEY,20070404,0.35,0.36,0.35,0.355,406944
TFC,20070404,0.555,0.59,0.55,0.55,344217
TFE,20070404,0.69,0.695,0.675,0.68,593066
TFS,20070404,0.26,0.26,0.25,0.25,47000
TGF,20070404,0.51,0.52,0.5,0.52,65599
TGG,20070404,1.6,1.6,1.58,1.6,49968
TGP,20070404,2.31,2.4,2.31,2.4,30028
TGR,20070404,2.67,2.75,2.66,2.73,1206421
THG,20070404,1.03,1.03,0.97,0.99,116235
THK,20070404,0.265,0.265,0.25,0.25,238563
THO,20070404,0.81,0.81,0.81,0.81,3064
THR,20070404,0.37,0.41,0.355,0.385,3700650
THX,20070404,0.455,0.46,0.445,0.455,298841
TIM,20070404,1.865,1.88,1.84,1.855,837223
TIS,20070404,0.545,0.545,0.54,0.54,16233
TJN,20070404,1.15,1.16,1.14,1.14,28042
TKG,20070404,0.011,0.011,0.01,0.01,4971000
TKL,20070404,0.365,0.37,0.36,0.37,74000
TLS,20070404,4.64,4.69,4.59,4.67,23490402
TLZ,20070404,0.29,0.29,0.29,0.29,8620
TMO,20070404,0.225,0.23,0.22,0.22,218526
TMR,20070404,0.2,0.2,0.195,0.2,1179383
TMX,20070404,0.175,0.18,0.175,0.18,106002
TNC,20070404,0.025,0.028,0.025,0.028,1416408
TNE,20070404,1.02,1.04,1.005,1.04,309123
TNG,20070404,0.445,0.445,0.42,0.44,160350
TNL,20070404,0.5,0.5,0.5,0.5,144000
TOE,20070404,1.14,1.14,1.075,1.075,387980
TOL,20070404,21.44,21.49,21.04,21.49,1356127
TOX,20070404,2.22,2.29,2.21,2.22,351897
TPI,20070404,10.89,11.25,10.87,11.24,522573
TPX,20070404,7,7,7,7,1495
TQH,20070404,0.405,0.405,0.39,0.4,17000
TRF,20070404,1.095,1.28,1.085,1.2,418927
TRG,20070404,13.6,13.7,13.56,13.7,12856
TRO,20070404,1.1,1.18,1.1,1.12,147958
TRS,20070404,11.93,11.98,11.6,11.6,30759
TSE,20070404,12.65,12.65,12.31,12.43,370334
TSH,20070404,0.415,0.415,0.4,0.4,28400
TSO,20070404,2.59,2.59,2.54,2.57,340670
TSR,20070404,0.076,0.078,0.076,0.078,20779
TSV,20070404,0.02,0.02,0.02,0.02,1075000
TTI,20070404,0.48,0.48,0.47,0.475,160213
TTR,20070404,0.093,0.093,0.091,0.091,239800
TTS,20070404,5.18,5.34,5.14,5.28,7509019
TVN,20070404,0.027,0.029,0.027,0.028,1385250
TWD,20070404,2.2,2.25,2.2,2.25,3979
TWO,20070404,2.46,2.55,2.45,2.54,47267
TWR,20070404,1.99,1.995,1.93,1.935,406619
TZN,20070404,1.68,1.765,1.66,1.7,198281
UBI,20070404,1.2,1.2,1.2,1.2,12000
UCL,20070404,0.021,0.022,0.021,0.022,794938
UCM,20070404,0.5,0.5,0.49,0.49,3500
UEQ,20070404,0.78,0.79,0.745,0.745,662844
UGL,20070404,13.63,13.67,13.53,13.67,522890
UKL,20070404,1.35,1.39,1.32,1.38,128499
UMC,20070404,0.33,0.34,0.325,0.325,356400
UNI,20070404,0.26,0.26,0.255,0.26,231300
UNW,20070404,0.275,0.285,0.27,0.28,268650
UNX,20070404,1.99,2,1.875,1.88,442730
UOG,20070404,0.155,0.155,0.15,0.15,41300
URA,20070404,0.48,0.5,0.48,0.5,407746
URL,20070404,0.115,0.12,0.115,0.115,978500
USA,20070404,0.37,0.39,0.37,0.38,275546
UTO,20070404,0.72,0.72,0.655,0.67,606221
UXA,20070404,0.455,0.465,0.43,0.435,698469
UXC,20070404,1.76,1.83,1.76,1.81,241673
VBA,20070404,2.53,2.67,2.53,2.62,403614
VCN,20070404,0.3,0.31,0.3,0.31,408436
VCR,20070404,0.945,0.965,0.945,0.945,851420
VEA,20070404,3.52,3.53,3.52,3.52,2160246
VGH,20070404,2.83,2.85,2.75,2.82,180748
VGP,20070404,0.185,0.2,0.185,0.2,54400
VHL,20070404,0.14,0.145,0.14,0.14,26250
VII,20070404,0.155,0.155,0.155,0.155,55000
VIL,20070404,0.04,0.04,0.039,0.039,392500
VIR,20070404,1.05,1.06,1.045,1.05,3031400
VKI,20070404,1.01,1.01,1.01,1.01,3000
VLA,20070404,0.099,0.1,0.099,0.1,299373
VLL,20070404,0.076,0.076,0.076,0.076,70818
VMG,20070404,2.35,2.35,2.3,2.3,9600
VML,20070404,0.595,0.62,0.595,0.615,147849
VMS,20070404,0.36,0.38,0.36,0.375,182638
VPE,20070404,0.2,0.21,0.2,0.21,259200
VPG,20070404,2.08,2.08,2.03,2.04,3756827
VRE,20070404,0.345,0.365,0.345,0.365,3763416
VRL,20070404,3.4,3.45,3.32,3.4,124542
VSG,20070404,0.011,0.011,0.011,0.011,1636900
VTP,20070404,1.28,1.29,1.28,1.29,52958
WAB,20070404,1.135,1.135,1.12,1.12,248615
WAG,20070404,0.018,0.018,0.018,0.018,891626
WAL,20070404,0.22,0.23,0.22,0.22,49700
WAM,20070404,1.945,1.945,1.925,1.935,151274
WAN,20070404,16,17,15.92,17,850225
WAS,20070404,0.041,0.044,0.038,0.039,7715984
WAT,20070404,1.58,1.58,1.555,1.57,17000
WBA,20070404,1.05,1.05,1.05,1.05,3020
WBB,20070404,12.25,12.3,12.25,12.3,6563
WBC,20070404,26.37,26.38,26.16,26.17,4787891
WCB,20070404,3.66,3.66,3.66,3.66,1000
WCL,20070404,0.375,0.375,0.37,0.37,60000
WCP,20070404,0.2,0.2,0.2,0.2,50000
WDC,20070404,21.48,21.48,21.07,21.27,3647765
WDS,20070404,2.07,2.11,2.07,2.11,160623
WEB,20070404,0.325,0.33,0.325,0.33,766480
WEC,20070404,2.14,2.14,2.02,2.11,125250
WES,20070404,38.5,38.92,37.82,38.6,4241228
WEZ,20070404,0.125,0.125,0.12,0.12,237750
WFL,20070404,1.44,1.48,1.44,1.48,50101
WGP,20070404,0.18,0.26,0.17,0.17,15314439
WGR,20070404,0.34,0.34,0.34,0.34,85000
WHE,20070404,1.605,1.65,1.58,1.595,562750
WHF,20070404,4.7,4.7,4.63,4.7,14577
WHG,20070404,2.3,2.3,2.25,2.3,196585
WHS,20070404,6.08,6.12,6.02,6.02,167113
WIL,20070404,1.16,1.16,1.15,1.16,218957
WKR,20070404,0.35,0.35,0.335,0.335,81294
WLF,20070404,0.895,0.895,0.89,0.89,55070
WLL,20070404,2.8,2.8,2.8,2.8,500
WLS,20070404,1.18,1.185,1.18,1.185,102899
WME,20070404,0.195,0.205,0.195,0.205,2871701
WMT,20070404,0.265,0.275,0.265,0.265,27836417
WOR,20070404,27.9,27.9,27.13,27.3,453180
WOW,20070404,27.55,27.85,27.53,27.85,3512890
WPG,20070404,0.54,0.58,0.54,0.57,302500
WPL,20070404,39.2,39.49,38.7,38.78,1611791
WRF,20070404,0.48,0.48,0.48,0.48,10000
WRK,20070404,0.23,0.23,0.23,0.23,14000
WRL,20070404,0.25,0.26,0.25,0.26,50000
WSA,20070404,5,5.1,4.87,4.99,448740
WSS,20070404,0.056,0.07,0.056,0.07,67000
WTE,20070404,0.2,0.2,0.185,0.185,605040
WTF,20070404,4.33,4.5,4.27,4.31,202750
WTN,20070404,0.235,0.235,0.235,0.235,48000
WTP,20070404,4.01,4.05,4,4,46444
WWA,20070404,2.27,2.28,2.27,2.27,30629
WWM,20070404,0.28,0.28,0.265,0.265,58834
WYL,20070404,3.31,3.36,3.31,3.36,225156
XAO,20070404,6010.6,6079,5997.6,6079,0
XBL,20070404,0.165,0.165,0.165,0.165,40425
XDJ,20070404,2893.6,2941,2889.1,2938.6,0
XEJ,20070404,12900.4,12945.7,12800.2,12836.5,0
XFJ,20070404,7012.9,7087.5,7003.5,7083.6,0
XFL,20070404,5839.3,5902.1,5823,5902.1,0
XGD,20070404,4724.8,4724.8,4724.8,4724.8,0
XHJ,20070404,8464,8600.5,8461.4,8592.3,0
XIJ,20070404,653.7,665.4,649.2,662.9,0
XJO,20070404,6027.6,6097.2,6013.4,6097.2,0
XKO,20070404,6038.3,6108.4,6024.2,6108.4,0
XMD,20070404,6237.1,6336.6,6234.8,6336.6,0
XMJ,20070404,11753.7,11882.7,11667.9,11882.7,0
XMM,20070404,4035.2,4035.2,4035.2,4035.2,0
XNJ,20070404,6734.1,6826.8,6729.6,6826.8,0
XPJ,20070404,2400.2,2436.2,2399.9,2435.9,0
XRF,20070404,0.11,0.11,0.11,0.11,0
XSJ,20070404,8209.1,8422.7,8206.6,8416.5,0
XSO,20070404,3633.5,3678.4,3627.5,3677.4,0
XST,20070404,0.42,0.43,0.4,0.43,247961
XTJ,20070404,1672.5,1691,1650.5,1681.7,0
XTL,20070404,3191.2,3227.9,3181.7,3226.2,0
XTO,20070404,4871.5,4927.7,4859.7,4927.7,0
XUJ,20070404,7570.2,7580.2,7529.3,7544.4,0
XXJ,20070404,7228.6,7297,7216.4,7291.4,0
YGL,20070404,0.11,0.11,0.105,0.105,283022
YML,20070404,0.22,0.22,0.215,0.22,75000
YRR,20070404,0.51,0.53,0.5,0.53,102015
ZBB,20070404,0.31,0.31,0.31,0.31,111575
ZFX,20070404,15.48,15.49,15.19,15.36,9417560
ZGL,20070404,0.31,0.31,0.31,0.31,130000
ZGM,20070404,0.34,0.34,0.325,0.325,120000
ZIM,20070404,11.75,11.75,11.75,11.75,2000
ZYL,20070404,0.078,0.08,0.075,0.075,989260
