AAC,20070307,2.41,2.45,2.41,2.45,357818
AAE,20070307,0.33,0.335,0.315,0.315,197838
AAN,20070307,14.55,14.55,14.31,14.47,1790909
AAO,20070307,0.2,0.205,0.2,0.2,56434
AAQ,20070307,0.52,0.52,0.49,0.495,241861
AAR,20070307,0.062,0.062,0.059,0.059,2482100
AAT,20070307,0.075,0.08,0.075,0.08,34000
AAU,20070307,0.5,0.52,0.5,0.51,204932
AAX,20070307,5.8,5.81,5.76,5.8,104983
ABB,20070307,7.31,7.45,7.31,7.45,185757
ABC,20070307,3.33,3.33,3.2,3.28,959778
ABI,20070307,0.04,0.04,0.04,0.04,183600
ABJ,20070307,0.255,0.255,0.255,0.255,22000
ABP,20070307,1.89,1.905,1.865,1.9,1175221
ABQ,20070307,0.275,0.28,0.275,0.28,177950
ABS,20070307,6.8,6.97,6.78,6.97,1842982
ABU,20070307,0.12,0.125,0.12,0.12,178000
ABW,20070307,11.6,11.7,11.6,11.7,2166
ABY,20070307,2.14,2.15,2.1,2.13,2184335
ACB,20070307,1.7,1.825,1.69,1.825,1634023
ACE,20070307,0.27,0.28,0.27,0.28,95991
ACG,20070307,0.18,0.18,0.18,0.18,20000
ACL,20070307,1.08,1.1,1.04,1.045,280311
ACR,20070307,1.295,1.325,1.24,1.25,522512
ADA,20070307,0.62,0.66,0.62,0.62,175473
ADB,20070307,13.5,13.5,13.41,13.43,400039
ADG,20070307,3.5,3.5,3.5,3.5,1000
ADI,20070307,0.765,0.81,0.76,0.81,343281
ADL,20070307,0.086,0.086,0.083,0.083,32100
ADN,20070307,0.49,0.495,0.475,0.495,109800
ADS,20070307,0.145,0.15,0.145,0.15,489870
ADU,20070307,0.63,0.63,0.63,0.63,11200
ADX,20070307,0.12,0.12,0.12,0.12,3100
ADY,20070307,0.13,0.135,0.13,0.13,4431906
ADZ,20070307,2.53,2.53,2.52,2.53,182424
AEC,20070307,3.62,3.62,3.61,3.61,7000
AED,20070307,4.8,4.85,4.73,4.74,276949
AEE,20070307,0.46,0.505,0.46,0.48,249500
AEF,20070307,45,45,44.99,45,812
AEI,20070307,0.56,0.59,0.56,0.59,15000
AEM,20070307,0.032,0.032,0.032,0.032,105700
AEO,20070307,2.11,2.12,2.11,2.12,9400
AEP,20070307,4.15,4.35,4.15,4.35,36524
AET,20070307,0.86,0.9,0.86,0.9,58900
AEU,20070307,1.85,1.85,1.805,1.825,166106
AEX,20070307,0.04,0.041,0.04,0.041,1904500
AEZ,20070307,1.22,1.22,1.2,1.21,3046398
AFG,20070307,10.95,11.24,10.66,10.78,1706779
AFI,20070307,5.27,5.28,5.23,5.23,317184
AFT,20070307,0.009,0.009,0.009,0.009,2015897
AGC,20070307,1.74,1.745,1.725,1.735,449068
AGF,20070307,1.1,1.12,1.1,1.115,399988
AGG,20070307,11,11,10.75,10.78,2915
AGI,20070307,0.55,0.565,0.55,0.565,44826
AGK,20070307,15.6,15.91,15.57,15.72,2369374
AGM,20070307,0.61,0.62,0.605,0.62,2016480
AGO,20070307,0.585,0.585,0.58,0.585,473000
AGS,20070307,1.76,1.8,1.665,1.67,759892
AGX,20070307,0.12,0.125,0.115,0.115,418593
AGY,20070307,0.095,0.095,0.095,0.095,200000
AHD,20070307,6.3,6.34,6.25,6.25,47971
AHE,20070307,2.85,2.9,2.85,2.9,15500
AHI,20070307,3.79,3.79,3.75,3.77,54851
AHN,20070307,0.245,0.25,0.245,0.25,59000
AHO,20070307,0.35,0.35,0.35,0.35,12000
AHS,20070307,0.78,0.785,0.775,0.775,403206
AIA,20070307,2.03,2.08,2.03,2.08,60683
AIE,20070307,0.355,0.355,0.355,0.355,120000
AII,20070307,0.18,0.18,0.17,0.17,165000
AIM,20070307,0.245,0.25,0.235,0.25,3480164
AIX,20070307,2.7,2.78,2.7,2.72,1321904
AIZ,20070307,1.935,1.94,1.89,1.9,58444
AJL,20070307,1.1,1.14,1.1,1.1,65000
AKK,20070307,0.35,0.39,0.35,0.365,2526494
ALB,20070307,2.17,2.24,2.17,2.22,312598
ALD,20070307,0.33,0.345,0.33,0.345,10000
ALK,20070307,0.225,0.235,0.225,0.23,249429
ALL,20070307,16.27,16.47,16.02,16.43,915271
ALR,20070307,1.815,1.815,1.8,1.8,9224
ALS,20070307,12.63,12.63,12.32,12.32,90195
ALT,20070307,0.025,0.025,0.025,0.025,250428
ALU,20070307,1.075,1.1,1.07,1.08,102000
ALZ,20070307,2.28,2.28,2.22,2.26,957792
AMA,20070307,0.44,0.44,0.42,0.43,103223
AMB,20070307,1.69,1.745,1.69,1.745,30123
AMC,20070307,7.35,7.45,7.28,7.29,4744473
AMH,20070307,0.675,0.685,0.675,0.68,229598
AMM,20070307,0.205,0.21,0.19,0.2,577843
AMO,20070307,0.62,0.62,0.6,0.62,8543
AMP,20070307,10.2,10.38,10.16,10.38,18599706
AMU,20070307,0.775,0.78,0.76,0.77,123330
AND,20070307,0.36,0.36,0.35,0.36,254254
ANE,20070307,3.8,3.8,3.76,3.76,3400
ANG,20070307,1.1,1.23,1.1,1.15,352702
ANH,20070307,0.048,0.05,0.048,0.049,1858850
ANM,20070307,0.4,0.425,0.39,0.425,49260
ANN,20070307,11.75,12,11.64,11.95,407177
ANO,20070307,0.165,0.165,0.165,0.165,40000
ANP,20070307,0.04,0.041,0.04,0.04,1038000
ANZ,20070307,29.3,29.3,28.85,29.1,5501806
AOC,20070307,0.082,0.082,0.081,0.081,265000
AOD,20070307,9.6,9.6,9.6,9.6,3100
AOE,20070307,1.35,1.38,1.33,1.37,1763375
AOI,20070307,0.062,0.062,0.062,0.062,25000
AOM,20070307,0.013,0.013,0.013,0.013,10000
AOP,20070307,0.39,0.41,0.39,0.4,432877
AOS,20070307,0.073,0.075,0.069,0.07,682000
APA,20070307,4.25,4.25,4.16,4.2,393974
APB,20070307,0.155,0.16,0.15,0.16,157000
APD,20070307,3.4,3.4,3.4,3.4,10333
APE,20070307,10.52,11,10.52,11,3540
APG,20070307,0.195,0.2,0.16,0.175,19541994
API,20070307,1.92,1.94,1.905,1.91,652257
APK,20070307,0.63,0.64,0.6,0.6,99504
APM,20070307,0.03,0.03,0.029,0.029,1870000
APN,20070307,6,6,5.91,5.94,437350
APR,20070307,2.09,2.1,2.09,2.1,4690
APV,20070307,0.08,0.08,0.08,0.08,10000
APZ,20070307,2.24,2.24,2.22,2.23,110142
AQA,20070307,4.17,4.18,4,4,16810
AQD,20070307,0.18,0.185,0.18,0.18,124800
AQE,20070307,0.27,0.3,0.27,0.3,93870
AQL,20070307,0.021,0.021,0.021,0.021,200000
AQP,20070307,35.88,36.07,34.31,34.5,89465
ARE,20070307,0.18,0.19,0.18,0.19,13142
ARG,20070307,7.7,7.73,7.62,7.62,210030
ARJ,20070307,0.01,0.01,0.01,0.01,400000
ARM,20070307,0.43,0.45,0.43,0.43,37100
ARP,20070307,4.2,4.23,4.2,4.22,18576
ARQ,20070307,1.325,1.335,1.28,1.33,842082
ARR,20070307,3.3,3.3,3.25,3.25,75710
ARU,20070307,0.58,0.61,0.58,0.61,798282
ARW,20070307,0.42,0.43,0.415,0.43,162600
ASB,20070307,3.25,3.35,3.25,3.25,629388
ASC,20070307,0.03,0.03,0.03,0.03,15700
ASL,20070307,2.02,2.02,1.995,2.01,191766
ASU,20070307,0.03,0.032,0.03,0.032,723500
ASV,20070307,0.029,0.03,0.029,0.029,203333
ASX,20070307,41.9,41.95,41.08,41.28,1166239
ASZ,20070307,1.105,1.105,1.1,1.1,308668
ATG,20070307,0.245,0.26,0.245,0.25,63500
ATN,20070307,0.058,0.058,0.058,0.058,100000
ATP,20070307,0.445,0.45,0.43,0.45,21200
ATR,20070307,2.27,2.28,2.27,2.28,9885
ATV,20070307,0.125,0.13,0.125,0.13,40000
AUB,20070307,4.86,4.99,4.86,4.99,40305
AUN,20070307,1.315,1.315,1.285,1.315,2782281
AUS,20070307,1.17,1.18,1.155,1.175,183138
AUT,20070307,0.46,0.46,0.45,0.45,104125
AUW,20070307,2.73,2.73,2.66,2.69,1896308
AUX,20070307,0.045,0.048,0.045,0.046,227375
AUZ,20070307,0.08,0.081,0.075,0.077,6005968
AVA,20070307,0.056,0.056,0.056,0.056,28000
AVD,20070307,0.505,0.505,0.5,0.5,24242
AVE,20070307,3,3,2.94,2.95,64973
AVJ,20070307,1.36,1.365,1.36,1.365,140899
AVM,20070307,14.7,15.1,14.7,15,40662
AVO,20070307,1.28,1.295,1.27,1.28,275088
AVQ,20070307,0.24,0.24,0.23,0.23,45607
AVR,20070307,1.61,1.61,1.61,1.61,280
AVS,20070307,0.6,0.6,0.595,0.6,28000
AVX,20070307,0.66,0.7,0.64,0.65,3766831
AWB,20070307,3.13,3.2,3.11,3.18,862885
AWC,20070307,6.95,7.15,6.87,7.07,12064524
AWE,20070307,2.67,2.7,2.65,2.67,2931268
AWG,20070307,0.16,0.165,0.16,0.165,49180
AXA,20070307,7.2,7.2,7.04,7.11,3939611
AXI,20070307,0.34,0.35,0.335,0.34,703163
AXM,20070307,0.27,0.27,0.27,0.27,80000
AXO,20070307,0.85,0.85,0.84,0.84,8750
AXQ,20070307,0.89,0.93,0.89,0.925,25501
AXT,20070307,0.345,0.35,0.345,0.35,74622
AZA,20070307,1.065,1.13,1.065,1.115,451082
AZC,20070307,0.23,0.235,0.23,0.23,144985
AZD,20070307,0.265,0.275,0.255,0.275,237330
AZS,20070307,0.095,0.095,0.095,0.095,15270
AZX,20070307,1.95,1.95,1.95,1.95,5550
AZZ,20070307,0.82,0.85,0.82,0.85,126731
BAR,20070307,0.2,0.2,0.2,0.2,503390
BAS,20070307,0.08,0.081,0.08,0.08,102856
BBG,20070307,17.35,17.39,17.04,17.39,411052
BBI,20070307,1.83,1.845,1.83,1.84,5394464
BBL,20070307,0.24,0.24,0.24,0.24,8000
BBP,20070307,2.89,2.89,2.87,2.87,524323
BBW,20070307,1.645,1.655,1.64,1.65,1869641
BCF,20070307,1.25,1.25,1.21,1.215,7600
BCI,20070307,0.61,0.61,0.57,0.58,66500
BCM,20070307,4.16,4.17,4.13,4.16,134709
BCN,20070307,0.335,0.35,0.33,0.33,1044472
BDG,20070307,0.31,0.315,0.3,0.305,3165130
BDI,20070307,0.53,0.55,0.53,0.55,60000
BDL,20070307,0.255,0.27,0.255,0.27,1242946
BDM,20070307,0.26,0.3,0.26,0.3,24946
BDS,20070307,4.25,4.28,4.25,4.28,113264
BEC,20070307,3.49,3.5,3.45,3.5,2449757
BEI,20070307,1.13,1.135,1.04,1.055,163497
BEL,20070307,0.405,0.405,0.405,0.405,54000
BEN,20070307,13.67,13.69,13.5,13.66,190592
BER,20070307,0.6,0.6,0.6,0.6,20822
BGD,20070307,0.395,0.395,0.39,0.39,200000
BGL,20070307,0.11,0.115,0.1,0.115,55000
BHP,20070307,27.5,27.54,27.22,27.43,19086437
BIT,20070307,0.285,0.285,0.285,0.285,44100
BIX,20070307,0.155,0.155,0.155,0.155,100000
BJT,20070307,1.95,2,1.88,1.94,2611806
BKI,20070307,1.405,1.415,1.35,1.4,97550
BKL,20070307,20.9,20.9,20.68,20.8,2555
BKM,20070307,0.008,0.009,0.008,0.009,260000
BKN,20070307,8.53,8.61,8.41,8.45,638649
BKP,20070307,0.16,0.16,0.15,0.155,406450
BKR,20070307,0.33,0.33,0.33,0.33,10000
BKW,20070307,13.22,13.22,13.1,13.1,5948
BKY,20070307,1.6,1.63,1.575,1.625,460512
BLD,20070307,8.5,8.5,8.4,8.44,1486940
BLG,20070307,0.89,0.89,0.82,0.82,902312
BLP,20070307,0.89,0.89,0.88,0.89,248100
BLR,20070307,0.2,0.21,0.2,0.205,12226955
BLT,20070307,0.14,0.15,0.14,0.15,433080
BLU,20070307,1.395,1.45,1.39,1.45,53908
BLZ,20070307,0.032,0.032,0.031,0.031,884000
BMN,20070307,2.45,2.54,2.41,2.53,536043
BMX,20070307,0.255,0.255,0.25,0.25,253604
BNB,20070307,26,26.1,25.71,26.1,1116892
BNE,20070307,0.31,0.35,0.31,0.35,53039
BNL,20070307,0.26,0.27,0.26,0.27,66996
BNO,20070307,0.285,0.285,0.28,0.285,16915
BNT,20070307,0.11,0.11,0.105,0.11,190010
BOL,20070307,3.68,3.69,3.63,3.67,1164224
BOM,20070307,0.28,0.28,0.28,0.28,70000
BON,20070307,0.14,0.145,0.14,0.145,195000
BOQ,20070307,15.57,15.58,15.34,15.48,448432
BOS,20070307,0.145,0.145,0.145,0.145,69602
BOW,20070307,0.105,0.11,0.097,0.097,1020839
BPG,20070307,0.036,0.036,0.036,0.036,182822
BPH,20070307,0.095,0.105,0.095,0.105,35450
BPO,20070307,0.036,0.038,0.034,0.036,10610320
BPT,20070307,1.165,1.175,1.135,1.135,2569665
BQF,20070307,3.89,3.89,3.86,3.86,19149
BQT,20070307,0.19,0.2,0.19,0.195,728594
BRO,20070307,0.006,0.006,0.005,0.006,5000000
BRW,20070307,0.28,0.29,0.28,0.29,245753
BSG,20070307,2.81,2.84,2.66,2.71,2360807
BSL,20070307,9.39,9.39,9.15,9.15,1474459
BSO,20070307,0.62,0.63,0.61,0.63,41687
BTA,20070307,1.55,1.57,1.55,1.57,301532
BTV,20070307,0.1,0.1,0.1,0.1,120000
BUG,20070307,0.51,0.51,0.5,0.5,5589
BUR,20070307,0.215,0.215,0.2,0.205,352887
BUY,20070307,0.049,0.051,0.049,0.049,186000
BVA,20070307,2.36,2.36,2.28,2.28,591193
BWN,20070307,0.4,0.42,0.4,0.41,448201
BWP,20070307,2.17,2.18,2.15,2.18,540518
BXB,20070307,13.26,13.28,13.17,13.25,5829582
BXP,20070307,0.175,0.175,0.175,0.175,50000
BYR,20070307,0.2,0.215,0.2,0.215,91634
BZI,20070307,0.45,0.45,0.45,0.45,50920
CAA,20070307,0.76,0.805,0.76,0.8,2678713
CAB,20070307,10.98,10.98,10.5,10.56,260513
CAJ,20070307,0.088,0.088,0.085,0.085,100000
CAL,20070307,0.92,0.935,0.92,0.935,5952
CAM,20070307,1.19,1.19,1.15,1.15,52431
CAQ,20070307,0.22,0.22,0.22,0.22,8180
CAS,20070307,0.225,0.225,0.225,0.225,25000
CAU,20070307,0.065,0.068,0.065,0.065,59000
CAZ,20070307,0.615,0.645,0.61,0.62,341965
CBA,20070307,50.01,50.2,49.85,50.13,4652733
CBD,20070307,0.115,0.12,0.115,0.115,107000
CBH,20070307,0.565,0.59,0.56,0.59,3734241
CBM,20070307,2.49,2.49,2.49,2.49,3500
CBR,20070307,2.56,2.56,2.56,2.56,3000
CCE,20070307,0.071,0.073,0.069,0.07,2596269
CCI,20070307,0.004,0.004,0.004,0.004,2125000
CCL,20070307,8.28,8.6,8.23,8.42,4466736
CCP,20070307,9.46,9.6,9.4,9.42,36012
CCS,20070307,0.069,0.08,0.069,0.08,526967
CCV,20070307,0.66,0.67,0.655,0.66,645121
CDA,20070307,1.34,1.345,1.34,1.345,4811
CDD,20070307,5.65,5.71,5.65,5.71,256950
CDF,20070307,1.801,1.85,1.801,1.85,6165
CDI,20070307,1.09,1.09,1.08,1.08,400911
CDM,20070307,1.25,1.25,1.25,1.25,1600
CDO,20070307,4.25,4.25,4.24,4.24,4000
CDP,20070307,4.8,4.9,4.8,4.87,8209
CDR,20070307,1.94,1.97,1.93,1.97,469506
CDS,20070307,0.024,0.024,0.024,0.024,1218600
CDU,20070307,3.3,3.38,3.24,3.28,276321
CDX,20070307,1.105,1.105,1.1,1.1,87500
CEG,20070307,2.18,2.18,2.14,2.18,50017
CEO,20070307,0.05,0.05,0.05,0.05,15000
CER,20070307,1.745,1.75,1.71,1.74,1080558
CEU,20070307,1.41,1.425,1.38,1.385,4996309
CEY,20070307,2.71,2.78,2.71,2.75,659016
CFE,20070307,0.3,0.31,0.295,0.31,1232171
CFI,20070307,0.77,0.77,0.77,0.77,173123
CFK,20070307,0.33,0.345,0.325,0.325,118590
CFR,20070307,0.01,0.011,0.01,0.011,6692500
CFU,20070307,1.05,1.09,1.05,1.09,82120
CFX,20070307,2.34,2.34,2.28,2.3,3592266
CGF,20070307,4.72,4.74,4.61,4.64,1417030
CGJ,20070307,15.45,15.49,15.36,15.47,5854322
CGM,20070307,0.225,0.225,0.225,0.225,10000
CGO,20070307,1.1,1.1,1.1,1.1,5500
CGS,20070307,0.19,0.19,0.18,0.18,27000
CGT,20070307,0.19,0.19,0.19,0.19,2557
CGX,20070307,0.63,0.63,0.62,0.62,350008
CHB,20070307,49.5,50,45.28,49.5,866
CHC,20070307,2.77,2.77,2.7,2.72,239056
CHD,20070307,0.995,0.995,0.995,0.995,14500
CHF,20070307,0.37,0.4,0.37,0.375,208017
CHL,20070307,0.45,0.48,0.45,0.48,300012
CHN,20070307,0.13,0.13,0.13,0.13,4160
CHO,20070307,6.05,6.25,6.05,6.25,8056
CHQ,20070307,0.75,0.75,0.745,0.745,5000
CIF,20070307,3.9,3.9,3.88,3.9,135500
CIG,20070307,0.058,0.058,0.055,0.056,1487453
CIL,20070307,2.34,2.34,2.32,2.34,13488
CIN,20070307,20.1,20.1,20.1,20.1,1513
CIR,20070307,1.31,1.32,1.31,1.32,10700
CIX,20070307,0.46,0.46,0.455,0.455,49800
CIY,20070307,4.65,4.69,4.59,4.68,153974
CKL,20070307,0.52,0.53,0.51,0.53,44639
CKP,20070307,1.66,1.66,1.66,1.66,6000
CKR,20070307,0.165,0.17,0.165,0.17,40000
CLH,20070307,0.855,0.865,0.855,0.865,17450
CLO,20070307,0.56,0.58,0.555,0.58,227521
CLT,20070307,1.1,1.18,1.1,1.1,30740
CLV,20070307,0.1,0.1,0.1,0.1,20780
CLX,20070307,1.12,1.12,1.12,1.12,1000
CME,20070307,0.055,0.06,0.055,0.059,976537
CMI,20070307,1.45,1.55,1.45,1.55,118795
CMK,20070307,0.26,0.26,0.25,0.25,49500
CMO,20070307,0.024,0.026,0.023,0.024,57573819
CMP,20070307,0.155,0.155,0.145,0.145,148000
CMQ,20070307,0.047,0.05,0.042,0.045,845300
CMR,20070307,5.54,5.6,5.33,5.5,407077
CMW,20070307,1.16,1.165,1.14,1.14,780994
CNA,20070307,74.6,74.6,74.6,74.6,100
CND,20070307,3.3,3.3,3.25,3.27,52469
CNF,20070307,0.085,0.09,0.085,0.085,113600
CNM,20070307,0.028,0.03,0.028,0.03,75000
CNN,20070307,0.096,0.105,0.095,0.105,193860
CNP,20070307,9.65,9.75,9.54,9.7,3167344
CNT,20070307,0.95,1,0.95,0.98,122947
COA,20070307,5.1,5.11,5.04,5.07,1174826
COE,20070307,0.46,0.485,0.46,0.47,383738
COF,20070307,3.75,3.85,3.75,3.82,89323
COH,20070307,57.8,58.36,57.24,58.36,419335
COI,20070307,0.265,0.3,0.265,0.285,242116
COK,20070307,0.155,0.155,0.155,0.155,155235
COO,20070307,0.18,0.18,0.18,0.18,11600
COS,20070307,0.125,0.125,0.125,0.125,12000
COU,20070307,2.6,2.6,2.53,2.55,22639
COZ,20070307,0.395,0.395,0.385,0.39,207000
CPA,20070307,1.38,1.39,1.365,1.39,3474025
CPB,20070307,21.4,21.8,21.39,21.8,14512
CPI,20070307,0.385,0.4,0.385,0.4,17000
CPK,20070307,0.78,0.78,0.76,0.775,67332
CPR,20070307,3.03,3.1,3.03,3.09,51925
CPT,20070307,0.092,0.092,0.091,0.091,30334
CPU,20070307,9.68,9.77,9.59,9.69,1748035
CQT,20070307,0.91,0.94,0.77,0.785,5371825
CRC,20070307,0.29,0.3,0.29,0.3,200000
CRE,20070307,0.355,0.36,0.35,0.36,227857
CRG,20070307,16.04,16.3,16.03,16.19,305602
CRJ,20070307,0.335,0.34,0.335,0.34,131500
CRK,20070307,1.235,1.24,1.23,1.24,60702
CRT,20070307,0.67,0.67,0.66,0.67,155239
CSE,20070307,0.26,0.26,0.26,0.26,10000
CSL,20070307,78,78.3,77.31,78.2,454071
CSM,20070307,2.23,2.28,2.22,2.25,1543299
CSR,20070307,3.58,3.62,3.56,3.6,3297776
CSS,20070307,0.95,0.97,0.94,0.97,104829
CST,20070307,3.36,3.4,3.36,3.4,23545
CTF,20070307,0.078,0.078,0.06,0.067,438981
CTI,20070307,0.15,0.15,0.15,0.15,33000
CTN,20070307,1.74,1.765,1.74,1.74,56750
CTO,20070307,0.425,0.43,0.415,0.425,801394
CTP,20070307,0.17,0.17,0.155,0.155,427800
CTS,20070307,0.49,0.515,0.49,0.49,376992
CTX,20070307,23.25,23.26,22.57,22.81,913823
CUE,20070307,0.13,0.13,0.125,0.125,623517
CUL,20070307,0.035,0.035,0.032,0.033,1637695
CUO,20070307,0.495,0.495,0.48,0.485,593507
CUS,20070307,0.23,0.235,0.23,0.235,834250
CUV,20070307,0.9,0.965,0.9,0.915,491990
CUY,20070307,0.95,0.95,0.89,0.89,67231
CVB,20070307,0.15,0.15,0.15,0.15,662
CVC,20070307,1.96,1.96,1.92,1.96,68370
CVG,20070307,0.25,0.25,0.25,0.25,1000
CVI,20070307,0.095,0.1,0.095,0.1,159860
CVN,20070307,0.085,0.085,0.081,0.082,812677
CWP,20070307,5.31,5.31,5.25,5.25,5943
CWT,20070307,0.885,0.89,0.88,0.885,148600
CXD,20070307,2.2,2.2,2.15,2.15,6000
CXE,20070307,0.4,0.4,0.38,0.4,20000
CXG,20070307,1.1,1.12,1.1,1.11,76000
CXM,20070307,0.165,0.165,0.16,0.16,94793
CXN,20070307,0.15,0.16,0.15,0.16,86000
CXP,20070307,5.88,5.9,5.76,5.85,399286
CXS,20070307,0.72,0.73,0.72,0.72,237530
CXY,20070307,0.033,0.033,0.033,0.033,259857
CYA,20070307,1.275,1.295,1.27,1.28,137061
CYC,20070307,0.34,0.34,0.33,0.34,126000
CYG,20070307,4.4,4.41,4.35,4.35,22014
CYL,20070307,0.195,0.195,0.19,0.19,57901
CYN,20070307,0.36,0.36,0.36,0.36,2000
CYT,20070307,0.61,0.65,0.61,0.625,45800
CZR,20070307,0.66,0.66,0.66,0.66,1265
DBS,20070307,0.76,0.77,0.76,0.77,83012
DDT,20070307,0.325,0.325,0.32,0.325,29064
DEG,20070307,0.125,0.13,0.125,0.125,370000
DES,20070307,0.22,0.22,0.215,0.22,372983
DEX,20070307,3.15,3.19,3.03,3.03,74400
DGH,20070307,0.775,0.82,0.775,0.82,114036
DGR,20070307,0.1,0.1,0.1,0.1,10000
DIA,20070307,0.068,0.069,0.068,0.068,274585
DIO,20070307,0.087,0.087,0.083,0.085,679495
DJS,20070307,4.45,4.56,4.43,4.51,1254958
DJW,20070307,4.62,4.66,4.58,4.6,95525
DLS,20070307,0.115,0.115,0.115,0.115,183100
DMA,20070307,0.305,0.305,0.295,0.295,63400
DML,20070307,0.23,0.245,0.23,0.24,6034555
DMP,20070307,2.9,2.91,2.85,2.86,46451
DMX,20070307,0.87,0.92,0.87,0.9,173827
DOM,20070307,2.33,2.33,2.25,2.3,180594
DON,20070307,0.32,0.32,0.3,0.3,112050
DOW,20070307,7.12,7.24,7,7.03,3333439
DRA,20070307,0.135,0.135,0.135,0.135,178440
DRK,20070307,0.17,0.17,0.17,0.17,80000
DRT,20070307,1.72,1.745,1.715,1.73,16899901
DRX,20070307,0.27,0.27,0.27,0.27,3000
DTL,20070307,5.2,5.25,5.17,5.21,4564
DUE,20070307,3.13,3.15,3.1,3.12,1249096
DVM,20070307,0.09,0.09,0.09,0.09,435270
DVN,20070307,1.41,1.425,1.41,1.425,222795
DWS,20070307,2,2.01,1.95,2,157199
DWY,20070307,0.41,0.43,0.4,0.42,121000
DXL,20070307,2.28,2.31,2.26,2.3,3303500
DYE,20070307,0.69,0.715,0.68,0.68,88500
DYL,20070307,0.39,0.405,0.375,0.375,6586194
EAR,20070307,0.27,0.285,0.27,0.285,23605
EBB,20070307,3.2,3.2,3.06,3.06,41290
EBG,20070307,0.32,0.32,0.32,0.32,100000
EBI,20070307,4.22,4.22,4.1,4.2,55900
EBT,20070307,0.155,0.155,0.155,0.155,63300
ECI,20070307,0.019,0.019,0.019,0.019,50000
ECU,20070307,0.031,0.034,0.03,0.03,357046
EDE,20070307,0.585,0.585,0.55,0.55,86500
EDN,20070307,0.4,0.4,0.365,0.365,154031
EEE,20070307,0.26,0.26,0.245,0.245,33440
EFT,20070307,0.12,0.125,0.11,0.125,62950
EGL,20070307,0.15,0.165,0.15,0.165,90166
EGO,20070307,0.008,0.008,0.007,0.008,1189405
EHL,20070307,1.77,1.82,1.755,1.8,2626225
EIF,20070307,0.022,0.022,0.022,0.022,203000
EIV,20070307,0.13,0.135,0.13,0.13,624919
EKA,20070307,0.29,0.29,0.29,0.29,50000
EKM,20070307,0.29,0.29,0.29,0.29,21411
ELI,20070307,1.06,1.06,1.05,1.05,19000
ELK,20070307,0.34,0.36,0.34,0.34,202000
ELL,20070307,0.16,0.165,0.16,0.165,20390
ELX,20070307,0.78,0.78,0.78,0.78,6000
EME,20070307,4.24,4.5,4.2,4.5,35621
EMI,20070307,1.31,1.31,1.28,1.29,74378
EMP,20070307,0.09,0.09,0.086,0.089,168000
EMR,20070307,0.14,0.14,0.13,0.135,108866
ENB,20070307,0.27,0.27,0.27,0.27,5000
ENE,20070307,4.8,5.1,4.8,5.1,639855
ENG,20070307,0.22,0.22,0.215,0.22,35000
ENR,20070307,0.48,0.48,0.47,0.47,50560
ENV,20070307,1.24,1.25,1.23,1.25,1113386
EOL,20070307,1.12,1.12,1.11,1.11,9000
EON,20070307,0.65,0.695,0.65,0.67,29000
EOS,20070307,1.49,1.5,1.41,1.41,5870
EPE,20070307,0.026,0.027,0.026,0.027,466000
EPF,20070307,0.19,0.19,0.19,0.19,25000
EPG,20070307,0.74,0.74,0.72,0.735,96027
EPS,20070307,0.325,0.33,0.325,0.33,70000
EQI,20070307,1.56,1.575,1.52,1.555,41727
EQN,20070307,2.25,2.25,2.2,2.2,20460
EQT,20070307,28,28,28,28,175
EQX,20070307,0.11,0.11,0.11,0.11,1200
ERA,20070307,24.31,24.7,24.2,24.6,421576
ERG,20070307,0.22,0.225,0.215,0.215,1619310
ERJ,20070307,0.019,0.019,0.019,0.019,64000
ERL,20070307,0.22,0.225,0.21,0.22,260700
ERN,20070307,0.56,0.56,0.54,0.55,105901
ERO,20070307,0.19,0.19,0.18,0.19,59526
ESG,20070307,0.265,0.265,0.25,0.25,535651
ESI,20070307,0.2,0.22,0.2,0.22,903031
ESS,20070307,0.625,0.645,0.62,0.645,48200
ESV,20070307,0.765,0.77,0.765,0.77,58000
ETE,20070307,0.14,0.145,0.14,0.145,190000
ETR,20070307,4.21,4.21,4.2,4.21,430690
ETW,20070307,0.17,0.17,0.165,0.17,123000
EUG,20070307,0.02,0.02,0.02,0.02,36800
EVE,20070307,0.325,0.34,0.32,0.34,2303734
EVG,20070307,0.12,0.12,0.12,0.12,813000
EVM,20070307,0.19,0.19,0.19,0.19,26300
EVZ,20070307,0.43,0.43,0.415,0.425,216350
EWC,20070307,0.7,0.71,0.695,0.7,1909117
EXM,20070307,0.011,0.018,0.011,0.017,5094924
EXR,20070307,0.32,0.32,0.31,0.32,126000
EXS,20070307,0.255,0.265,0.255,0.26,559100
EXT,20070307,0.105,0.105,0.098,0.098,9865118
EYE,20070307,0.2,0.2,0.2,0.2,35953
EZE,20070307,0.15,0.15,0.14,0.14,58541
EZL,20070307,3.8,3.8,3.8,3.8,4000
EZY,20070307,0.495,0.55,0.495,0.55,87450
FAN,20070307,3.89,3.89,3.8,3.8,4473
FAR,20070307,0.115,0.12,0.11,0.11,540797
FAS,20070307,1.04,1.15,1.04,1.05,201032
FAT,20070307,1.02,1.025,1.02,1.02,72001
FBU,20070307,9.65,9.74,9.65,9.74,759590
FCL,20070307,2.23,2.24,2.17,2.2,3203628
FCN,20070307,0.315,0.315,0.3,0.3,314111
FDL,20070307,0.014,0.015,0.014,0.015,2907809
FEA,20070307,0.7,0.72,0.7,0.71,63100
FER,20070307,2.24,2.36,2.24,2.34,213830
FFI,20070307,3.25,3.25,3.25,3.25,10000
FGL,20070307,6.28,6.39,6.27,6.37,9081988
FIC,20070307,0.215,0.215,0.19,0.19,126729
FKP,20070307,6.78,7.07,6.78,7.07,384276
FLK,20070307,0.79,0.81,0.79,0.795,36112
FLT,20070307,14.8,15,14.79,14.9,183730
FLX,20070307,4.73,4.82,4.72,4.79,197969
FMG,20070307,16.93,18.1,16.93,18.1,435918
FML,20070307,0.052,0.052,0.049,0.049,810000
FNT,20070307,0.125,0.125,0.12,0.12,39000
FOF,20070307,0.52,0.55,0.52,0.55,638000
FPA,20070307,3.27,3.33,3.27,3.33,17492
FPH,20070307,3.44,3.44,3.43,3.43,12426
FPS,20070307,2.41,2.41,2.3,2.3,16249
FRE,20070307,0.63,0.64,0.63,0.63,250638
FRI,20070307,0.83,0.83,0.83,0.83,25000
FRR,20070307,0.7,0.71,0.69,0.695,303095
FRS,20070307,0.395,0.395,0.395,0.395,13970
FRV,20070307,0.083,0.083,0.083,0.083,50000
FSA,20070307,0.68,0.7,0.66,0.66,75262
FUL,20070307,0.087,0.089,0.087,0.088,358000
FUN,20070307,1.79,1.88,1.77,1.88,647205
FUT,20070307,0.004,0.005,0.004,0.005,301000
FWD,20070307,8.6,8.63,8.49,8.57,76808
FWL,20070307,0.23,0.25,0.23,0.25,133500
FXJ,20070307,4.85,4.85,4.78,4.84,2086633
FXL,20070307,2.76,2.82,2.73,2.8,378434
FXR,20070307,1.17,1.195,1.145,1.16,467960
FZN,20070307,0.75,0.75,0.71,0.72,429882
GAA,20070307,0.78,0.78,0.77,0.77,389914
GAP,20070307,0.67,0.725,0.67,0.725,37000
GAU,20070307,0.18,0.19,0.18,0.19,55000
GBE,20070307,0.73,0.73,0.71,0.71,52500
GBG,20070307,0.5,0.53,0.5,0.52,2551653
GBM,20070307,0.17,0.185,0.165,0.165,452789
GBP,20070307,0.16,0.18,0.16,0.165,162000
GBT,20070307,3.62,3.7,3.62,3.7,84750
GCL,20070307,3.61,3.66,3.55,3.63,952962
GCR,20070307,0.044,0.044,0.043,0.043,260000
GCX,20070307,0.8,0.93,0.8,0.93,33657
GDA,20070307,0.012,0.013,0.012,0.013,806811
GDM,20070307,0.6,0.61,0.6,0.61,185635
GDN,20070307,0.64,0.645,0.615,0.62,374442
GDR,20070307,0.58,0.6,0.58,0.585,86474
GDY,20070307,1.24,1.27,1.21,1.23,330537
GEN,20070307,0.23,0.23,0.23,0.23,30000
GFF,20070307,2.32,2.34,2.26,2.29,4617615
GFL,20070307,0.92,0.92,0.92,0.92,2600
GGP,20070307,0.225,0.26,0.225,0.26,312929
GGX,20070307,0.042,0.042,0.037,0.037,25000
GGY,20070307,0.068,0.072,0.068,0.07,2538145
GHG,20070307,1.29,1.31,1.29,1.31,7578
GHT,20070307,0.66,0.74,0.65,0.74,133954
GIL,20070307,0.47,0.47,0.47,0.47,1300
GIP,20070307,0.105,0.105,0.098,0.098,180000
GIR,20070307,0.76,0.76,0.7,0.7,217793
GJT,20070307,1.03,1.03,1.02,1.025,2237609
GLB,20070307,0.275,0.285,0.275,0.275,178002
GLC,20070307,0.58,0.58,0.575,0.575,44766
GLI,20070307,0.895,0.895,0.89,0.89,50175
GLN,20070307,0.225,0.23,0.22,0.22,157888
GME,20070307,0.59,0.615,0.59,0.615,284206
GMI,20070307,1.37,1.385,1.36,1.385,203244
GML,20070307,0.16,0.16,0.16,0.16,28891
GMR,20070307,0.084,0.085,0.084,0.085,160000
GNC,20070307,9.8,9.8,9.65,9.72,30349
GNL,20070307,0.037,0.038,0.036,0.037,613000
GNS,20070307,2.7,2.71,2.66,2.69,1882966
GOA,20070307,0.09,0.094,0.09,0.094,311000
GOG,20070307,0.22,0.22,0.21,0.21,214761
GOP,20070307,0.175,0.175,0.175,0.175,49000
GOW,20070307,3.68,3.68,3.68,3.68,2185
GPG,20070307,2.07,2.1,2.06,2.08,93850
GPN,20070307,0.046,0.048,0.044,0.045,6776463
GPT,20070307,5,5,4.88,4.9,6290347
GQH,20070307,0.96,0.96,0.96,0.96,10000
GRB,20070307,0.3,0.3,0.3,0.3,9000
GRD,20070307,2.27,2.34,2.27,2.34,459760
GRK,20070307,0.055,0.055,0.053,0.053,120000
GRL,20070307,0.25,0.25,0.25,0.25,9000
GRN,20070307,0.265,0.265,0.265,0.265,235750
GRP,20070307,0.05,0.05,0.04,0.04,110000
GRR,20070307,1.45,1.46,1.45,1.46,37700
GRV,20070307,0.81,0.82,0.81,0.81,9788
GRY,20070307,0.295,0.31,0.295,0.3,80502
GSA,20070307,1.26,1.265,1.235,1.265,3444780
GSE,20070307,0.091,0.092,0.085,0.085,1168350
GSF,20070307,0.02,0.02,0.019,0.019,210000
GTG,20070307,0.29,0.29,0.28,0.29,141376
GTP,20070307,2,2.04,1.99,2.04,857026
GTX,20070307,0.18,0.18,0.18,0.18,64350
GUD,20070307,7.6,7.79,7.55,7.65,371027
GUL,20070307,0.065,0.07,0.065,0.066,109285
GUN,20070307,0.28,0.28,0.27,0.27,91153
GVM,20070307,0.79,0.8,0.78,0.8,51167
GWR,20070307,1.79,1.8,1.725,1.8,173225
GWT,20070307,4.36,4.39,4.27,4.29,773624
GWV,20070307,0.003,0.004,0.003,0.004,1592512
GXY,20070307,0.205,0.21,0.2,0.21,102400
GYN,20070307,0.2,0.2,0.2,0.2,10000
GZL,20070307,2.34,2.34,2.34,2.34,3500
HAN,20070307,19.5,20,19.5,20,630
HAO,20070307,0.031,0.031,0.025,0.028,1489308
HAP,20070307,1.04,1.05,1.03,1.03,110000
HAV,20070307,1.44,1.49,1.44,1.46,66624
HAZ,20070307,0.3,0.33,0.28,0.33,277085
HCY,20070307,0.017,0.018,0.017,0.018,200000
HDF,20070307,3.3,3.3,3.17,3.25,223692
HDG,20070307,0.475,0.48,0.475,0.48,54000
HDN,20070307,0.125,0.125,0.125,0.125,20000
HEG,20070307,0.14,0.14,0.135,0.14,488250
HEM,20070307,0.195,0.21,0.19,0.19,147250
HER,20070307,1.11,1.11,1.085,1.1,54540
HFA,20070307,2.27,2.3,2.27,2.3,185479
HGI,20070307,3.47,3.51,3.44,3.51,3231061
HGO,20070307,0.23,0.23,0.225,0.225,346755
HGR,20070307,0.038,0.04,0.038,0.04,840000
HHL,20070307,12.5,12.7,12.5,12.7,3332
HHV,20070307,1.01,1.02,1.005,1.01,734965
HHY,20070307,1.97,1.97,1.96,1.97,44694
HIC,20070307,0.915,0.925,0.905,0.91,63150
HIG,20070307,0.27,0.285,0.265,0.27,764909
HIL,20070307,5.35,5.38,5.24,5.28,158004
HJB,20070307,0.3,0.3,0.29,0.3,6487192
HLD,20070307,0.23,0.23,0.22,0.23,233478
HLS,20070307,0.27,0.28,0.27,0.275,174873
HLX,20070307,0.18,0.19,0.17,0.17,282702
HMC,20070307,0.071,0.071,0.07,0.07,374647
HME,20070307,14.82,15,14.82,15,8055
HNG,20070307,2,2,1.98,1.98,6251
HNR,20070307,0.38,0.4,0.365,0.375,172799
HOM,20070307,0.97,0.97,0.92,0.92,8950
HPX,20070307,2.01,2.03,1.98,2.03,106800
HRD,20070307,0.19,0.2,0.19,0.2,141700
HRR,20070307,1.27,1.33,1.265,1.305,303082
HSK,20070307,1.3,1.35,1.3,1.33,79900
HSP,20070307,5.69,5.7,5.6,5.64,6385037
HST,20070307,3.21,3.22,3.15,3.15,173140
HTA,20070307,0.215,0.215,0.205,0.215,2338163
HTE,20070307,0.019,0.02,0.019,0.02,184000
HTM,20070307,0.039,0.04,0.039,0.04,500000
HTW,20070307,0.66,0.66,0.65,0.65,47910
HTX,20070307,0.019,0.019,0.019,0.019,1114000
HVN,20070307,4.4,4.44,4.35,4.41,4405501
HWI,20070307,2.37,2.45,2.37,2.44,167083
HYO,20070307,0.285,0.295,0.285,0.29,427710
HZL,20070307,0.53,0.575,0.53,0.56,24274
HZN,20070307,0.29,0.29,0.285,0.29,392818
IAG,20070307,5.68,5.8,5.68,5.78,12151343
IAS,20070307,0.3,0.33,0.3,0.305,121416
IAU,20070307,0.61,0.61,0.55,0.55,192552
IBA,20070307,1.375,1.375,1.305,1.305,2594829
IBC,20070307,0.62,0.62,0.62,0.62,23000
IBG,20070307,2.5,2.6,2.45,2.45,38600
IBR,20070307,0.78,0.78,0.76,0.76,248000
IBT,20070307,1.99,2,1.98,1.98,28965
ICC,20070307,0.06,0.06,0.057,0.058,39004
ICD,20070307,0.58,0.58,0.58,0.58,4200
ICE,20070307,0.009,0.009,0.009,0.009,180000
ICN,20070307,0.065,0.073,0.065,0.065,822050
ICP,20070307,0.046,0.046,0.045,0.046,2736155
ICS,20070307,0.225,0.235,0.21,0.21,219229
IDE,20070307,0.17,0.17,0.17,0.17,2947
IDL,20070307,0.385,0.39,0.385,0.39,2414717
IDM,20070307,0.33,0.335,0.33,0.335,68350
IDO,20070307,0.54,0.54,0.525,0.525,151560
IDT,20070307,1.98,1.99,1.98,1.98,12289
IEF,20070307,1.165,1.17,1.165,1.17,13500
IFL,20070307,9.49,9.71,9.49,9.58,237429
IFM,20070307,0.675,0.715,0.675,0.69,330741
IGC,20070307,0.26,0.26,0.26,0.26,70000
IGD,20070307,0.99,1.005,0.99,1.005,60001
IGO,20070307,4.59,4.59,4.36,4.45,384812
IGR,20070307,0.12,0.12,0.12,0.12,490148
IGX,20070307,0.6,0.6,0.54,0.54,27000
IHF,20070307,1.13,1.13,1.13,1.13,16859
IHG,20070307,0.2,0.2,0.2,0.2,1200
IIF,20070307,2.39,2.4,2.36,2.38,2054351
IIG,20070307,0.011,0.011,0.011,0.011,6477709
IIN,20070307,1.35,1.395,1.35,1.37,129500
ILF,20070307,1.305,1.325,1.305,1.325,163082
ILU,20070307,5.66,5.69,5.51,5.63,1057793
IMA,20070307,2.38,2.54,2.38,2.5,264577
IMD,20070307,1.08,1.08,1.02,1.03,125352
IMF,20070307,0.715,0.715,0.69,0.69,1475
IMI,20070307,0.019,0.02,0.019,0.019,3986000
IMP,20070307,0.012,0.013,0.012,0.013,4438250
IMU,20070307,0.24,0.255,0.23,0.255,217705
INL,20070307,0.2,0.205,0.19,0.2,3011251
INP,20070307,0.26,0.26,0.25,0.25,39360
IOF,20070307,1.57,1.575,1.56,1.575,2219913
IPA,20070307,0.855,0.855,0.855,0.855,13000
IPE,20070307,0.965,0.97,0.96,0.97,62000
IPG,20070307,2.47,2.48,2.42,2.47,2981715
IPL,20070307,46.75,46.75,46.12,46.5,134303
IPM,20070307,1.26,1.26,1.23,1.23,149599
IPN,20070307,0.25,0.25,0.24,0.24,129766
IPT,20070307,0.255,0.28,0.255,0.27,24160
IRC,20070307,0.23,0.23,0.23,0.23,28000
IRE,20070307,7.3,7.42,7.23,7.3,298085
IRI,20070307,0.5,0.525,0.475,0.5,322518
IRN,20070307,0.675,0.68,0.67,0.68,291156
ISS,20070307,0.285,0.285,0.285,0.285,5000
ITC,20070307,0.067,0.069,0.067,0.068,410000
ITD,20070307,0.56,0.56,0.55,0.55,19750
ITE,20070307,0.16,0.16,0.155,0.16,259990
IVC,20070307,5.64,5.66,5.51,5.51,103077
IVK,20070307,3.8,3.8,3.8,3.8,1064
IWF,20070307,2.58,2.6,2.56,2.59,131979
IWI,20070307,1.5,1.5,1.5,1.5,5000
IWL,20070307,4.69,4.8,4.69,4.8,111381
JAK,20070307,0.16,0.165,0.16,0.165,125733
JBH,20070307,7.5,7.55,7.29,7.53,680699
JBM,20070307,15.3,15.81,15.27,15.81,859168
JET,20070307,1.85,1.99,1.85,1.99,21500
JGL,20070307,0.3,0.3,0.29,0.29,221891
JHX,20070307,9.05,9.37,9.05,9.23,3624588
JMB,20070307,1.73,1.745,1.7,1.7,65880
JML,20070307,1.11,1.125,1.09,1.09,695971
JMS,20070307,0.32,0.32,0.295,0.3,574650
JPR,20070307,0.046,0.046,0.046,0.046,95000
JRL,20070307,1.24,1.26,1.22,1.26,32000
JRV,20070307,0.033,0.037,0.032,0.037,93307700
JST,20070307,3.8,4.22,3.75,4.15,4667102
JUM,20070307,0.027,0.028,0.027,0.027,668202
JVG,20070307,0.17,0.19,0.17,0.19,225000
KAL,20070307,0.097,0.097,0.09,0.09,207400
KAR,20070307,1.39,1.44,1.38,1.38,69854
KAT,20070307,1.1,1.1,1.1,1.1,30000
KCN,20070307,3.95,4.02,3.79,3.95,980646
KHF,20070307,0.485,0.485,0.485,0.485,20000
KIL,20070307,1.15,1.15,1.135,1.14,161343
KIM,20070307,0.96,0.97,0.935,0.96,4941566
KIS,20070307,0.98,1.025,0.98,0.98,22517
KKT,20070307,0.3,0.3,0.3,0.3,10000
KLM,20070307,0.56,0.56,0.56,0.56,7831
KME,20070307,1.15,1.19,1.15,1.15,30750
KMN,20070307,0.58,0.585,0.56,0.575,294000
KNH,20070307,0.17,0.17,0.17,0.17,40000
KOR,20070307,0.665,0.7,0.64,0.68,130400
KOV,20070307,5.9,6,5.9,6,5781
KRS,20070307,0.29,0.29,0.285,0.29,119400
KSC,20070307,3.73,3.79,3.73,3.74,3023
KSX,20070307,0.029,0.029,0.029,0.029,100100
KTL,20070307,0.03,0.03,0.03,0.03,20000
KTO,20070307,0.17,0.17,0.17,0.17,12500
KYC,20070307,0.41,0.43,0.34,0.43,3671185
KZL,20070307,5.1,5.14,5.02,5.1,1626377
LAF,20070307,0.084,0.087,0.083,0.084,3911605
LAU,20070307,0.235,0.235,0.235,0.235,6180
LBT,20070307,0.285,0.3,0.285,0.29,264536
LCL,20070307,0.78,0.8,0.78,0.8,120195
LCT,20070307,0.165,0.175,0.165,0.175,408702
LDW,20070307,7.9,7.9,7.9,7.9,3000
LEF,20070307,0.21,0.215,0.185,0.185,366311
LEG,20070307,0.061,0.064,0.06,0.062,707830
LEI,20070307,30.6,31.17,30,30,999021
LEP,20070307,4,4,3.87,3.9,20023
LFE,20070307,1.45,1.55,1.45,1.52,312352
LGD,20070307,0.54,0.54,0.525,0.54,4808904
LGO,20070307,0.029,0.03,0.029,0.03,31040
LHG,20070307,3.24,3.27,3.17,3.18,11887581
LIM,20070307,15.78,17.02,15.78,16.72,74160
LIO,20070307,0.27,0.27,0.27,0.27,3000
LIP,20070307,0.725,0.725,0.7,0.7,69834
LKO,20070307,0.02,0.021,0.02,0.021,4754795
LLC,20070307,18.38,18.52,18.01,18.52,1764285
LMC,20070307,2.65,2.65,2.58,2.59,77732
LMG,20070307,0.019,0.02,0.018,0.019,4620000
LMP,20070307,0.21,0.21,0.205,0.205,79622
LMW,20070307,0.81,0.82,0.81,0.82,16100
LNC,20070307,0.27,0.27,0.265,0.27,57460
LNG,20070307,0.51,0.51,0.5,0.5,78000
LNN,20070307,8.51,8.6,8.39,8.47,704442
LOD,20070307,0.064,0.064,0.062,0.062,451000
LRF,20070307,1.115,1.135,1.115,1.135,65656
LRG,20070307,0.089,0.089,0.088,0.088,206000
LSG,20070307,1.56,1.6,1.56,1.595,164151
LTR,20070307,0.21,0.21,0.205,0.21,230195
LUM,20070307,0.017,0.017,0.017,0.017,100000
LVL,20070307,0.032,0.032,0.027,0.027,800600
LWB,20070307,1.63,1.64,1.62,1.64,13000
LYC,20070307,0.715,0.735,0.71,0.725,975524
LYL,20070307,3.1,3.1,3.05,3.05,12975
MAE,20070307,0.55,0.62,0.55,0.61,519224
MAH,20070307,0.805,0.835,0.805,0.825,437082
MAK,20070307,0.175,0.175,0.175,0.175,157000
MAL,20070307,0.57,0.57,0.57,0.57,21100
MAN,20070307,0.025,0.025,0.021,0.022,5271074
MAP,20070307,3.76,3.92,3.76,3.83,16297150
MAQ,20070307,1.16,1.16,1.14,1.14,10000
MAR,20070307,0.19,0.2,0.19,0.2,40500
MBA,20070307,0.155,0.16,0.15,0.155,1512797
MBI,20070307,0.005,0.005,0.005,0.005,6577648
MBL,20070307,80.5,81.25,79.85,80.73,1490606
MBN,20070307,3.98,4.02,3.95,4,721978
MBP,20070307,0.155,0.165,0.15,0.165,1128296
MBR,20070307,2.35,2.37,2.34,2.37,208572
MBT,20070307,1.08,1.08,1.07,1.07,128271
MCC,20070307,4.8,4.81,4.65,4.7,449403
MCG,20070307,6.04,6.07,5.95,6.06,1061899
MCK,20070307,4.25,4.25,4.12,4.12,36000
MCL,20070307,0.012,0.012,0.012,0.012,450000
MCO,20070307,0.31,0.315,0.3,0.3,329295
MCP,20070307,2.9,2.9,2.89,2.9,28482
MCQ,20070307,4.2,4.22,4.11,4.14,278469
MCR,20070307,2.98,3.06,2.97,2.97,789283
MCW,20070307,2.09,2.1,2.08,2.1,3349038
MDG,20070307,0.25,0.25,0.25,0.25,74945
MDL,20070307,1.4,1.415,1.385,1.4,300092
MDT,20070307,1.245,1.26,1.23,1.26,5364577
MDX,20070307,0.16,0.16,0.16,0.16,10000
MEE,20070307,0.115,0.12,0.11,0.115,1011512
MEI,20070307,0.25,0.25,0.235,0.235,27000
MEL,20070307,0.775,0.83,0.775,0.8,408370
MEO,20070307,0.515,0.535,0.51,0.535,1278266
MEP,20070307,0.74,0.74,0.725,0.725,11375
MFF,20070307,0.97,0.98,0.97,0.975,415861
MFG,20070307,2.01,2.09,2.01,2.09,37502
MFI,20070307,1.72,1.73,1.68,1.685,181714
MFS,20070307,5.1,5.18,5,5.13,1996386
MFT,20070307,0.89,0.905,0.88,0.895,232177
MGK,20070307,0.081,0.081,0.081,0.081,57984
MGN,20070307,1.4,1.4,1.4,1.4,278
MGO,20070307,0.215,0.215,0.215,0.215,49700
MGQ,20070307,7.24,7.24,7.05,7.18,7257808
MGR,20070307,5.68,5.68,5.52,5.59,3705140
MGU,20070307,0.225,0.225,0.225,0.225,21600
MGW,20070307,3.06,3.18,3.05,3.17,1100234
MGX,20070307,0.675,0.695,0.67,0.675,1348505
MHL,20070307,0.013,0.013,0.013,0.013,1540000
MIG,20070307,3.83,3.84,3.79,3.83,14712441
MIK,20070307,0.36,0.385,0.36,0.385,230300
MIN,20070307,2.75,2.85,2.72,2.75,61184
MIR,20070307,2.15,2.15,2.06,2.1,38168
MIS,20070307,1.1,1.12,1.1,1.11,175981
MIT,20070307,2.09,2.1,2.08,2.08,90395
MIX,20070307,1.075,1.105,1.075,1.105,6071
MKY,20070307,0.052,0.057,0.052,0.055,5487916
MLB,20070307,3.14,3.21,3.11,3.21,35376
MLE,20070307,2.86,2.92,2.86,2.91,216222
MLI,20070307,0.38,0.39,0.38,0.39,766918
MLM,20070307,0.665,0.665,0.66,0.66,16000
MLS,20070307,0.07,0.079,0.068,0.073,19750200
MLT,20070307,22.9,22.9,22.72,22.79,5997
MLX,20070307,0.29,0.305,0.29,0.3,2815600
MMA,20070307,1.065,1.075,1.065,1.075,182389
MMB,20070307,0.58,0.61,0.55,0.61,84500
MME,20070307,0.05,0.05,0.05,0.05,34323
MMG,20070307,4.57,4.69,4.52,4.59,373124
MML,20070307,1.03,1.03,0.97,0.97,98673
MMN,20070307,0.285,0.3,0.285,0.295,622945
MMS,20070307,4.6,4.65,4.56,4.57,150153
MMX,20070307,1.62,1.69,1.62,1.63,243097
MMZ,20070307,0.66,0.66,0.66,0.66,20000
MND,20070307,10.45,10.51,10.34,10.34,208287
MNF,20070307,0.255,0.255,0.255,0.255,22500
MNM,20070307,0.285,0.285,0.285,0.285,10200
MOC,20070307,2.78,2.8,2.78,2.8,400
MOF,20070307,1.565,1.595,1.55,1.59,9356344
MOG,20070307,0.071,0.072,0.071,0.072,141500
MOL,20070307,1.45,1.45,1.38,1.45,193200
MON,20070307,0.265,0.265,0.26,0.265,667265
MOO,20070307,0.2,0.21,0.19,0.195,205000
MOS,20070307,0.145,0.15,0.145,0.15,302000
MOX,20070307,0.7,0.73,0.68,0.7,60712
MPA,20070307,0.028,0.028,0.028,0.028,136929
MPB,20070307,7.15,7.15,7.15,7.15,1979
MPD,20070307,0.024,0.024,0.024,0.024,150000
MPF,20070307,1.235,1.25,1.23,1.24,168697
MPG,20070307,0.9,0.9,0.88,0.88,33000
MPH,20070307,0.335,0.335,0.33,0.335,288027
MPI,20070307,0.069,0.069,0.069,0.069,12879
MPJ,20070307,0.007,0.007,0.007,0.007,675285
MPO,20070307,0.089,0.093,0.089,0.091,12506286
MPR,20070307,1.345,1.345,1.32,1.335,2914448
MPS,20070307,1.07,1.085,1.07,1.07,109040
MPY,20070307,0.98,0.98,0.955,0.955,613317
MRA,20070307,0.98,0.99,0.975,0.99,166158
MRC,20070307,0.165,0.165,0.165,0.165,35000
MRE,20070307,6.5,6.59,6.33,6.37,1469445
MRI,20070307,0.22,0.22,0.22,0.22,2500
MRM,20070307,1.3,1.34,1.3,1.32,265008
MRO,20070307,2.05,2.1,2,2.1,331117
MRU,20070307,0.88,0.9,0.87,0.9,125055
MRX,20070307,0.085,0.089,0.085,0.086,2156820
MRZ,20070307,1.38,1.4,1.35,1.395,150163
MSB,20070307,1.94,2.01,1.94,2.01,58138
MSC,20070307,0.025,0.026,0.024,0.025,7484143
MSF,20070307,12.1,12.1,12,12,6616
MSH,20070307,0.06,0.061,0.057,0.061,627152
MSI,20070307,0.02,0.02,0.02,0.02,100000
MSO,20070307,0.023,0.023,0.023,0.023,450000
MST,20070307,0.165,0.165,0.16,0.16,833901
MTB,20070307,0.082,0.084,0.08,0.084,520000
MTD,20070307,0.165,0.165,0.15,0.15,104274
MTH,20070307,0.3,0.335,0.3,0.335,65948
MTI,20070307,0.12,0.12,0.12,0.12,10000
MTN,20070307,3.36,3.49,3.19,3.19,377466
MTS,20070307,4.69,4.73,4.57,4.71,1705753
MTU,20070307,0.48,0.48,0.48,0.48,12000
MTY,20070307,0.195,0.195,0.185,0.185,30000
MUN,20070307,0.27,0.27,0.27,0.27,125790
MUR,20070307,0.092,0.098,0.092,0.098,1361001
MUT,20070307,0.042,0.042,0.041,0.041,811400
MVP,20070307,0.545,0.545,0.545,0.545,3300
MVU,20070307,0.28,0.28,0.28,0.28,30000
MWE,20070307,0.245,0.26,0.24,0.24,310390
MWG,20070307,0.91,0.91,0.91,0.91,20000
MWR,20070307,0.07,0.073,0.07,0.073,211237
MXG,20070307,4.57,4.62,4.46,4.48,3613914
MXI,20070307,0.69,0.72,0.69,0.72,520130
MXL,20070307,0.076,0.077,0.075,0.075,670000
MXR,20070307,0.15,0.15,0.15,0.15,210000
MYG,20070307,0.175,0.175,0.175,0.175,20133
MYO,20070307,1.2,1.205,1.18,1.19,280154
MZM,20070307,0.17,0.17,0.17,0.17,73400
NAB,20070307,40.2,40.4,39.88,40.04,5231300
NAD,20070307,0.037,0.038,0.037,0.037,888356
NAE,20070307,0.42,0.42,0.42,0.42,24000
NAL,20070307,0.069,0.073,0.068,0.073,141100
NAM,20070307,0.67,0.73,0.67,0.7,1158970
NAV,20070307,0.46,0.47,0.45,0.45,296200
NBL,20070307,4.89,4.9,4.82,4.85,19188
NCI,20070307,1.75,1.78,1.75,1.78,11220
NCK,20070307,2.2,2.2,2.2,2.2,650
NCM,20070307,21.4,21.7,21.31,21.51,1493533
NDM,20070307,0.35,0.35,0.35,0.35,150000
NDO,20070307,0.175,0.175,0.17,0.17,606490
NEC,20070307,0.38,0.41,0.38,0.41,51380
NEL,20070307,3.98,4,3.94,3.95,30319
NEM,20070307,5.58,5.59,5.56,5.57,129922
NEO,20070307,0.155,0.175,0.14,0.14,10541107
NEU,20070307,0.48,0.49,0.48,0.49,39902
NFL,20070307,1.08,1.1,1.06,1.1,42600
NGF,20070307,0.105,0.115,0.105,0.115,158434
NGM,20070307,0.33,0.36,0.33,0.35,869280
NHC,20070307,1.42,1.43,1.355,1.355,141300
NHM,20070307,0.005,0.005,0.005,0.005,83610
NHR,20070307,1.53,1.58,1.53,1.58,10000
NIA,20070307,0.215,0.22,0.21,0.21,857000
NLB,20070307,0.5,0.6,0.5,0.6,14550
NLG,20070307,0.42,0.42,0.42,0.42,60572
NLS,20070307,0.05,0.058,0.049,0.058,68000
NLX,20070307,1.345,1.37,1.345,1.355,79845
NMI,20070307,0.165,0.165,0.165,0.165,16900
NMR,20070307,0.35,0.35,0.35,0.35,16000
NMS,20070307,0.51,0.52,0.505,0.51,376884
NOD,20070307,2,2,1.99,2,308543
NPH,20070307,4.85,4.9,4.85,4.9,21800
NPX,20070307,6,6,6,6,2000
NQM,20070307,0.175,0.175,0.175,0.175,142500
NRL,20070307,0.35,0.35,0.33,0.33,25000
NRT,20070307,2.56,2.59,2.5,2.51,85023
NRU,20070307,0.3,0.305,0.29,0.29,334160
NSL,20070307,0.04,0.04,0.04,0.04,7500
NTC,20070307,0.066,0.066,0.065,0.065,66280
NTU,20070307,1.45,1.5,1.45,1.5,61184
NUF,20070307,11.4,11.87,11.4,11.8,997043
NWA,20070307,0.015,0.017,0.015,0.017,100000
NWE,20070307,0.165,0.17,0.16,0.165,3146342
NWR,20070307,0.33,0.34,0.33,0.335,522367
NWS,20070307,30.3,30.4,30.21,30.31,1787910
NWT,20070307,0.008,0.008,0.007,0.008,23772355
NXS,20070307,0.855,0.875,0.845,0.87,2214698
NZO,20070307,0.765,0.8,0.765,0.8,27680
OAK,20070307,2.06,2.15,2.06,2.15,7128
OBJ,20070307,0.056,0.059,0.056,0.059,155075
OBL,20070307,0.1,0.1,0.1,0.1,11468
OCE,20070307,0.515,0.515,0.515,0.515,16000
OCL,20070307,0.65,0.66,0.65,0.66,46500
ODY,20070307,0.43,0.445,0.43,0.445,109699
OEC,20070307,0.195,0.195,0.19,0.19,383613
OEL,20070307,0.175,0.175,0.17,0.17,20000
OEQ,20070307,1.36,1.4,1.36,1.365,13950
OEX,20070307,1.36,1.37,1.31,1.31,97351
OFG,20070307,2.3,2.3,2.3,2.3,28924
OGD,20070307,0.725,0.725,0.715,0.725,949133
OIL,20070307,0.475,0.475,0.475,0.475,26700
OKN,20070307,4.3,4.4,4.3,4.31,497683
OLE,20070307,0.02,0.02,0.02,0.02,40000
OLH,20070307,0.89,0.89,0.87,0.89,737628
OMC,20070307,1.16,1.16,1.12,1.155,178302
OMH,20070307,0.24,0.26,0.24,0.25,157931
OMI,20070307,0.685,0.7,0.685,0.7,23090
ONC,20070307,0.475,0.485,0.43,0.43,673622
ONQ,20070307,0.45,0.45,0.45,0.45,105416
ONT,20070307,2.95,2.95,2.95,2.95,15800
OPC,20070307,0.14,0.145,0.135,0.145,487294
OPL,20070307,0.8,0.8,0.8,0.8,1031587
ORD,20070307,0.565,0.59,0.54,0.59,160910
ORG,20070307,8.87,8.88,8.46,8.65,13138511
ORH,20070307,0.155,0.17,0.155,0.165,886989
ORI,20070307,23.8,24.3,23.8,24.17,989162
ORL,20070307,2.21,2.22,2.2,2.2,7830
ORO,20070307,0.019,0.019,0.019,0.019,290000
ORP,20070307,0.059,0.059,0.055,0.058,180480
ORT,20070307,0.016,0.016,0.016,0.016,72031
OSH,20070307,3.45,3.47,3.4,3.47,5899808
OST,20070307,5.11,5.19,5.08,5.17,1824705
OVR,20070307,0.6,0.65,0.6,0.6,245777
OXR,20070307,2.76,2.78,2.71,2.72,16177939
OZB,20070307,0.12,0.12,0.12,0.12,36000
PAA,20070307,0.11,0.12,0.11,0.12,57666
PAU,20070307,0.145,0.145,0.14,0.14,42535
PAY,20070307,2.78,2.78,2.78,2.78,800
PBB,20070307,2.2,2.2,2.15,2.15,14019
PBD,20070307,2.35,2.55,2.35,2.45,321829
PBG,20070307,2.97,3.01,2.96,2.99,2421564
PBI,20070307,0.16,0.17,0.155,0.17,247100
PBL,20070307,19.09,19.42,19.08,19.25,1690355
PBO,20070307,0.36,0.36,0.36,0.36,6000
PBP,20070307,1.05,1.05,1.05,1.05,5000
PBT,20070307,0.34,0.35,0.335,0.335,45500
PCC,20070307,0.037,0.037,0.035,0.035,134959
PCG,20070307,0.81,0.83,0.81,0.83,396081
PCL,20070307,0.067,0.07,0.067,0.07,828964
PDL,20070307,3.66,3.89,3.66,3.77,33030
PDN,20070307,8.73,8.95,8.6,8.85,7117781
PDO,20070307,0.65,0.7,0.65,0.7,42500
PDZ,20070307,0.42,0.42,0.395,0.4,60000
PEK,20070307,0.18,0.19,0.18,0.19,67933
PEL,20070307,0.185,0.2,0.185,0.19,718000
PEM,20070307,4.35,4.41,4.22,4.41,968797
PEN,20070307,0.09,0.094,0.088,0.089,33838583
PEO,20070307,0.07,0.072,0.07,0.072,325000
PEP,20070307,0.78,0.78,0.78,0.78,5775
PES,20070307,0.215,0.22,0.215,0.22,12670
PET,20070307,0.96,0.96,0.96,0.96,21300
PFG,20070307,1.12,1.145,1.11,1.14,57397
PFL,20070307,1.74,1.76,1.74,1.75,93135
PGA,20070307,5.84,5.84,5.75,5.8,25675
PGL,20070307,6.14,6.25,5.86,5.99,132578
PGM,20070307,0.35,0.39,0.35,0.39,309428
PGS,20070307,0.29,0.29,0.285,0.285,148800
PHK,20070307,0.405,0.41,0.405,0.41,164181
PIE,20070307,0.072,0.075,0.07,0.075,771947
PIM,20070307,0.65,0.65,0.65,0.65,35000
PIO,20070307,0.185,0.185,0.185,0.185,3334
PKT,20070307,0.033,0.038,0.033,0.035,515402
PLA,20070307,1.33,1.33,1.31,1.315,184567
PLD,20070307,0.325,0.33,0.325,0.325,101500
PLF,20070307,1.08,1.08,1.05,1.055,419428
PLT,20070307,0.35,0.355,0.33,0.35,143137
PLV,20070307,0.345,0.345,0.345,0.345,28000
PMA,20070307,1.75,1.75,1.73,1.73,22411
PMC,20070307,2.2,2.22,2.14,2.15,86884
PME,20070307,1.31,1.325,1.31,1.325,30116
PMH,20070307,0.44,0.46,0.44,0.44,386050
PMM,20070307,4.79,4.96,4.79,4.95,7692
PMN,20070307,7.13,7.22,7.1,7.13,13448169
PMP,20070307,1.83,1.83,1.755,1.78,2070452
PMV,20070307,7.2,7.33,7.2,7.33,10120
PNA,20070307,0.355,0.36,0.34,0.35,6264070
PNN,20070307,1.48,1.54,1.48,1.49,183895
PNO,20070307,0.022,0.024,0.022,0.024,105000
POH,20070307,0.275,0.28,0.265,0.27,317000
POL,20070307,0.29,0.295,0.285,0.285,165724
PPC,20070307,4.15,4.17,4.15,4.17,53201
PPD,20070307,0.15,0.15,0.14,0.14,312190
PPG,20070307,0.37,0.37,0.37,0.37,6000
PPI,20070307,0.51,0.51,0.51,0.51,26000
PPK,20070307,0.835,0.835,0.835,0.835,29023
PPN,20070307,0.145,0.15,0.145,0.15,23500
PPP,20070307,0.15,0.16,0.145,0.15,331750
PPS,20070307,1.05,1.08,1.05,1.05,29200
PPT,20070307,75.2,76.1,75.07,75.75,101196
PPX,20070307,4,4.02,3.92,4.02,1720604
PPY,20070307,0.45,0.45,0.435,0.45,47783
PRE,20070307,0.021,0.021,0.02,0.02,1750000
PRG,20070307,5.1,5.2,5.1,5.18,92187
PRO,20070307,0.39,0.39,0.39,0.39,10000
PRR,20070307,0.04,0.04,0.04,0.04,523778
PRU,20070307,0.445,0.47,0.445,0.465,187998
PRV,20070307,1.155,1.165,1.15,1.16,635319
PRW,20070307,0.21,0.21,0.21,0.21,5000
PRY,20070307,12.3,12.35,12.06,12.22,195010
PRZ,20070307,0.17,0.17,0.17,0.17,9000
PSA,20070307,1.89,1.89,1.84,1.86,238712
PSD,20070307,0.23,0.23,0.215,0.215,273154
PSH,20070307,1.86,1.86,1.83,1.83,71483
PSP,20070307,0.115,0.12,0.11,0.11,343856
PST,20070307,0.76,0.8,0.75,0.75,296960
PSV,20070307,0.39,0.395,0.385,0.39,789470
PTB,20070307,2.45,2.45,2.41,2.41,788
PTD,20070307,1.665,1.665,1.64,1.64,760721
PTR,20070307,0.91,0.94,0.9,0.93,40221
PTS,20070307,0.12,0.12,0.12,0.12,87269
PUN,20070307,0.3,0.33,0.265,0.265,2406890
PWK,20070307,3.36,3.4,3.36,3.36,7596
PWR,20070307,0.41,0.41,0.41,0.41,4200
PWT,20070307,2.27,2.28,2.27,2.27,704865
PXL,20070307,0.27,0.27,0.27,0.27,45000
PXR,20070307,0.24,0.24,0.23,0.23,88000
PXS,20070307,3.16,3.22,3.08,3.09,246140
PYC,20070307,0.34,0.365,0.34,0.365,62785
PYM,20070307,0.48,0.485,0.44,0.44,152041
QAN,20070307,5.32,5.33,5.3,5.32,38741809
QBE,20070307,31.25,31.25,30.61,31.18,7344162
QCH,20070307,4.74,4.85,4.73,4.78,312739
QFX,20070307,0.21,0.22,0.21,0.215,283000
QGC,20070307,1.485,1.485,1.46,1.465,2032094
QGM,20070307,0.2,0.2,0.2,0.2,7385
QHL,20070307,0.445,0.455,0.445,0.445,49978
QMG,20070307,0.27,0.27,0.27,0.27,111667
QMT,20070307,3.2,3.2,3.2,3.2,9291
QOL,20070307,0.4,0.42,0.395,0.395,58315
QRS,20070307,0.39,0.4,0.39,0.4,18700
QST,20070307,0.3,0.3,0.3,0.3,2000
QTK,20070307,0.17,0.17,0.15,0.165,253500
QXQ,20070307,0.053,0.061,0.051,0.059,1119799
RAT,20070307,1.08,1.105,1.08,1.1,763194
RAU,20070307,0.045,0.045,0.045,0.045,30000
RBH,20070307,0.095,0.095,0.095,0.095,10001
RBM,20070307,0.14,0.145,0.135,0.14,866116
RBR,20070307,0.17,0.17,0.17,0.17,185500
RBY,20070307,0.029,0.03,0.029,0.03,330000
RCG,20070307,0.16,0.16,0.16,0.16,3430
RCI,20070307,0.185,0.195,0.185,0.195,545500
RCL,20070307,1.685,1.685,1.675,1.68,125302
RCO,20070307,0.78,0.78,0.78,0.78,10000
RCR,20070307,1.96,1.96,1.95,1.96,147822
RCT,20070307,4.29,4.29,4.29,4.29,10000
RDF,20070307,3.35,3.38,3.35,3.37,70200
RDR,20070307,0.49,0.5,0.49,0.5,14500
RDS,20070307,0.74,0.79,0.715,0.715,16560
REA,20070307,5.74,5.74,5.7,5.7,20190
REB,20070307,4.31,4.33,4.29,4.29,411948
RED,20070307,0.097,0.097,0.096,0.096,330008
REF,20070307,4.44,4.6,4.44,4.55,81316
REH,20070307,25,25,25,25,2602
REO,20070307,0.029,0.029,0.029,0.029,5000
RER,20070307,0.18,0.18,0.18,0.18,20000
REU,20070307,1.02,1.025,1.015,1.02,3368949
REX,20070307,2.05,2.05,2,2.01,13400
REY,20070307,0.1,0.1,0.1,0.1,54000
RFE,20070307,0.4,0.43,0.4,0.43,747217
RHC,20070307,11.7,12,11.63,11.85,138866
RHD,20070307,0.68,0.68,0.68,0.68,9775
RHI,20070307,2.19,2.19,2.15,2.19,45000
RHL,20070307,3.53,3.59,3.5,3.59,26847
RHT,20070307,0.027,0.027,0.027,0.027,142695
RIC,20070307,1.06,1.075,1.06,1.07,1002194
RIM,20070307,0.026,0.026,0.022,0.022,887945
RIN,20070307,18.98,19.05,18.78,19.01,2268716
RIO,20070307,75.4,75.7,74.17,74.8,2724288
RIS,20070307,0.13,0.13,0.13,0.13,3100
RIV,20070307,1.93,1.98,1.93,1.98,533425
RJT,20070307,1.055,1.055,1.035,1.035,1188751
RKN,20070307,1.07,1.08,1.05,1.05,129294
RLA,20070307,0.16,0.18,0.16,0.18,149050
RMD,20070307,6.01,6.17,5.97,6.1,1588557
RMG,20070307,0.016,0.018,0.016,0.017,4603544
RMI,20070307,0.034,0.034,0.031,0.031,701280
RML,20070307,0.19,0.22,0.18,0.21,1956808
RMS,20070307,0.39,0.41,0.39,0.39,170736
RNC,20070307,0.145,0.145,0.145,0.145,93500
RND,20070307,0.345,0.345,0.345,0.345,4240
RNG,20070307,0.06,0.064,0.06,0.064,558754
RNI,20070307,0.42,0.42,0.385,0.42,131774
RNY,20070307,1.15,1.165,1.15,1.165,10311940
ROC,20070307,2.96,3.02,2.96,3.01,2565087
ROK,20070307,5.45,5.6,5.45,5.6,5039
ROL,20070307,0.165,0.165,0.165,0.165,35000
ROY,20070307,0.27,0.29,0.27,0.285,1491523
RPG,20070307,1.2,1.2,1.2,1.2,5000
RPM,20070307,0.069,0.069,0.069,0.069,25000
RPX,20070307,1.75,1.78,1.75,1.78,122000
RRA,20070307,0.705,0.705,0.7,0.7,395000
RRL,20070307,0.095,0.097,0.09,0.09,612000
RRS,20070307,0.029,0.029,0.028,0.028,2598191
RRT,20070307,0.855,0.865,0.855,0.855,424687
RSG,20070307,1.44,1.47,1.39,1.41,191906
RSL,20070307,0.021,0.024,0.021,0.021,663680
RSN,20070307,0.115,0.12,0.115,0.115,256800
RSP,20070307,1.34,1.37,1.275,1.31,310809
RTL,20070307,0.092,0.097,0.092,0.097,60500
RUP,20070307,13,13.1,12.98,13.03,60297
RUR,20070307,0.205,0.205,0.205,0.205,150000
RWD,20070307,0.46,0.46,0.46,0.46,35000
RXL,20070307,0.265,0.27,0.26,0.26,215877
SAE,20070307,0.27,0.29,0.26,0.29,656876
SAF,20070307,0.056,0.059,0.055,0.059,309905
SAI,20070307,3.65,3.73,3.65,3.72,216889
SAQ,20070307,5.4,5.4,5.4,5.4,7717
SAR,20070307,0.34,0.34,0.335,0.335,48212
SAU,20070307,0.46,0.48,0.45,0.46,303483
SBC,20070307,16.82,16.9,16.02,16.59,52262
SBI,20070307,0.635,0.635,0.63,0.63,30000
SBL,20070307,0.031,0.032,0.03,0.03,8328924
SBM,20070307,0.55,0.555,0.535,0.555,993886
SBP,20070307,0.036,0.043,0.036,0.043,544939
SBS,20070307,0.082,0.088,0.081,0.081,2501729
SCB,20070307,1.02,1.02,1.02,1.02,5500
SCD,20070307,0.041,0.041,0.041,0.041,1385
SCX,20070307,0.072,0.075,0.071,0.075,136400
SDG,20070307,3.75,3.85,3.69,3.76,661745
SDI,20070307,0.845,0.845,0.845,0.845,10000
SDL,20070307,0.077,0.078,0.074,0.075,23092575
SDM,20070307,2.34,2.34,2.27,2.27,88162
SEA,20070307,0.26,0.275,0.26,0.27,1835770
SEG,20070307,0.7,0.7,0.7,0.7,9500
SEK,20070307,7.76,7.76,7.41,7.51,860617
SEN,20070307,0.215,0.22,0.205,0.22,2232562
SEV,20070307,11.32,11.39,11.18,11.28,226673
SFC,20070307,7.9,7.92,7.85,7.92,13500
SFH,20070307,1.915,1.92,1.87,1.87,593048
SFP,20070307,1.14,1.17,1.13,1.155,69516
SFR,20070307,0.51,0.51,0.465,0.465,109286
SFY,20070307,57.5,57.5,55.99,56.44,1010
SGB,20070307,33.5,33.79,33.22,33.7,1149700
SGL,20070307,0.355,0.38,0.355,0.365,764929
SGM,20070307,22.81,22.85,22.2,22.2,188220
SGN,20070307,2.98,3,2.92,3,249471
SGP,20070307,8.45,8.45,8.3,8.39,5195047
SGT,20070307,2.72,2.81,2.71,2.78,3760469
SGX,20070307,7.28,7.45,7.05,7.21,719107
SHE,20070307,0.485,0.485,0.455,0.455,111597
SHG,20070307,0.39,0.39,0.38,0.385,30150
SHL,20070307,13.26,13.51,13.15,13.42,704685
SHV,20070307,10.25,10.25,10.15,10.22,50938
SIE,20070307,0.088,0.094,0.088,0.094,68005
SIM,20070307,0.55,0.57,0.54,0.54,188611
SIP,20070307,2.51,2.55,2.51,2.53,1816606
SKC,20070307,4.25,4.25,4.13,4.14,121800
SKE,20070307,5.86,5.86,5.7,5.82,17853
SKI,20070307,1.99,2,1.92,1.98,1417163
SLA,20070307,0.68,0.745,0.68,0.735,359252
SLF,20070307,23.48,23.48,22.78,22.88,18473
SLM,20070307,3.85,3.99,3.8,3.91,53509
SLT,20070307,0.027,0.028,0.027,0.027,1654466
SLV,20070307,0.95,1,0.92,1,57700
SLX,20070307,6.79,7.05,6.79,7.02,312557
SMC,20070307,0.125,0.125,0.125,0.125,9000
SML,20070307,0.023,0.023,0.022,0.022,1285000
SMM,20070307,4.26,4.5,4.26,4.5,4297291
SMN,20070307,0.2,0.21,0.2,0.21,418967
SMX,20070307,4.19,4.25,4.18,4.25,24956
SMY,20070307,4.18,4.3,4.17,4.22,2034459
SNN,20070307,0.073,0.073,0.071,0.071,837500
SOE,20070307,0.205,0.21,0.205,0.205,1362346
SOL,20070307,9.06,9.14,9.03,9.1,19408
SOM,20070307,0.019,0.019,0.019,0.019,3720000
SOO,20070307,0.093,0.093,0.093,0.093,16500
SOT,20070307,0.78,0.82,0.78,0.785,304398
SPD,20070307,0.185,0.185,0.185,0.185,27000
SPH,20070307,1.87,1.9,1.87,1.9,88894
SPL,20070307,0.47,0.47,0.47,0.47,40711
SPN,20070307,1.4,1.42,1.39,1.415,3387989
SPR,20070307,0.96,0.96,0.955,0.955,20275
SPT,20070307,4.91,4.94,4.88,4.9,3093489
SRA,20070307,0.057,0.057,0.055,0.056,1091505
SRB,20070307,0.9,0.93,0.9,0.92,69463
SRG,20070307,1.3,1.32,1.3,1.32,5489214
SRH,20070307,2.11,2.11,2.09,2.09,5000
SRI,20070307,0.076,0.08,0.076,0.08,334090
SRK,20070307,2.02,2.1,2,2.1,380251
SRL,20070307,3.35,3.5,3.3,3.5,595608
SRM,20070307,0.2,0.2,0.2,0.2,50000
SRR,20070307,0.175,0.175,0.175,0.175,25000
SRV,20070307,5.25,5.25,5.24,5.24,2900
SRX,20070307,3.3,3.34,3.3,3.34,24188
SRZ,20070307,0.24,0.24,0.24,0.24,14000
SSC,20070307,0.02,0.02,0.02,0.02,346523
SSI,20070307,3.03,3.05,2.87,2.93,26617
SSM,20070307,1.44,1.49,1.44,1.46,124450
SSN,20070307,0.26,0.265,0.26,0.265,35000
SSX,20070307,1.94,1.97,1.94,1.96,1234945
STB,20070307,0.215,0.215,0.19,0.2,260500
STG,20070307,1.55,1.57,1.55,1.55,40750
STI,20070307,0.09,0.092,0.09,0.092,80000
STO,20070307,9.32,9.45,9.31,9.42,3353019
STP,20070307,0.068,0.068,0.068,0.068,22200
STS,20070307,1.865,1.89,1.865,1.89,7400
STU,20070307,0.9,0.92,0.88,0.88,104108
STW,20070307,57.74,57.74,57.25,57.7,88974
STX,20070307,0.225,0.23,0.225,0.23,130000
SUL,20070307,3.85,3.91,3.83,3.91,954107
SUN,20070307,21,21.08,20.6,20.75,3476301
SUR,20070307,0.095,0.095,0.095,0.095,74800
SVL,20070307,0.19,0.19,0.19,0.19,10500
SVM,20070307,0.375,0.375,0.375,0.375,293
SWG,20070307,0.01,0.011,0.009,0.009,1625000
SWK,20070307,0.625,0.64,0.6,0.6,206913
SWN,20070307,0.28,0.28,0.28,0.28,10000
SYB,20070307,3.79,3.79,3.7,3.78,1280418
SYG,20070307,0.012,0.012,0.012,0.012,80000
SYM,20070307,0.57,0.57,0.55,0.55,273963
SYN,20070307,1.68,1.68,1.53,1.65,11512
SYP,20070307,0.5,0.51,0.5,0.5,178762
TAH,20070307,16.25,16.71,16.2,16.45,3192610
TAL,20070307,2.7,2.75,2.64,2.75,3458053
TAM,20070307,0.125,0.125,0.115,0.12,1946208
TAP,20070307,1.51,1.54,1.505,1.53,1433861
TAS,20070307,0.215,0.215,0.21,0.21,99700
TAW,20070307,0.11,0.12,0.11,0.12,230000
TBG,20070307,1.45,1.45,1.45,1.45,15000
TBR,20070307,0.75,0.75,0.75,0.75,20000
TCL,20070307,7.7,7.72,7.64,7.67,3887963
TCN,20070307,0.08,0.084,0.08,0.084,25000
TCQ,20070307,1.985,2.01,1.98,1.995,1951450
TDR,20070307,0.026,0.026,0.024,0.024,1300000
TEE,20070307,0.013,0.014,0.013,0.013,2350846
TEL,20070307,4.2,4.21,4.15,4.17,6214034
TEN,20070307,3.28,3.3,3.22,3.3,429833
TEX,20070307,0.215,0.22,0.215,0.22,198500
TFC,20070307,0.555,0.565,0.55,0.55,296837
TFE,20070307,0.495,0.5,0.47,0.48,713275
TFS,20070307,0.28,0.28,0.28,0.28,15000
TGF,20070307,0.45,0.46,0.45,0.45,63000
TGG,20070307,1.6,1.6,1.55,1.59,89310
TGP,20070307,2.54,2.56,2.54,2.56,26940
TGR,20070307,2.59,2.6,2.54,2.58,634776
THG,20070307,0.9,0.9,0.895,0.9,330565
THK,20070307,0.29,0.29,0.27,0.27,125000
THO,20070307,0.85,0.85,0.85,0.85,8438
THR,20070307,0.215,0.225,0.21,0.21,239900
THX,20070307,0.395,0.395,0.38,0.395,168340
TIM,20070307,1.85,1.875,1.85,1.875,1924716
TIS,20070307,0.54,0.55,0.54,0.55,23131
TJN,20070307,1.195,1.21,1.195,1.21,58300
TKG,20070307,0.01,0.012,0.01,0.011,3818199
TLS,20070307,4.17,4.23,4.17,4.22,30584731
TLZ,20070307,0.26,0.26,0.26,0.26,2500
TMO,20070307,0.215,0.225,0.21,0.22,578484
TMR,20070307,0.215,0.22,0.21,0.21,808277
TMX,20070307,0.18,0.18,0.17,0.17,21200
TNC,20070307,0.029,0.029,0.026,0.026,50000
TNE,20070307,1.005,1.015,1,1.015,102507
TNG,20070307,0.38,0.38,0.365,0.365,40000
TOE,20070307,1,1.03,0.945,0.97,1548262
TOL,20070307,19.47,19.58,19.3,19.48,2926428
TOX,20070307,1.99,2.11,1.99,2.06,199807
TPI,20070307,10.16,10.2,9.97,10.03,409553
TPX,20070307,7.23,7.23,7.2,7.2,1692
TQH,20070307,0.285,0.285,0.285,0.285,58400
TRF,20070307,0.61,0.61,0.58,0.59,140668
TRG,20070307,13.8,13.8,13.3,13.3,12860
TRH,20070307,0.175,0.18,0.175,0.18,17500
TRO,20070307,1.25,1.28,1.19,1.19,70604
TRS,20070307,10.28,10.3,10.28,10.3,7570
TRY,20070307,2.85,3,2.85,3,50675
TSE,20070307,11,11.08,10.85,11.01,375954
TSH,20070307,0.44,0.44,0.43,0.43,47000
TSO,20070307,2.67,2.75,2.64,2.74,1154170
TSR,20070307,0.062,0.062,0.062,0.062,100000
TTH,20070307,0.07,0.073,0.07,0.073,95576
TTI,20070307,0.4,0.4,0.39,0.39,259136
TTR,20070307,0.099,0.105,0.099,0.105,314000
TTS,20070307,4.63,4.68,4.62,4.63,4874389
TTV,20070307,0.25,0.28,0.25,0.28,29500
TVL,20070307,0.39,0.395,0.39,0.395,135000
TVN,20070307,0.02,0.021,0.02,0.021,644000
TWD,20070307,1.875,1.875,1.87,1.87,9000
TWO,20070307,2.49,2.5,2.49,2.5,37822
TWR,20070307,2.19,2.19,2.06,2.08,365444
TZL,20070307,0.56,0.575,0.55,0.56,79083
TZN,20070307,1.67,1.71,1.58,1.645,328778
UBI,20070307,1.3,1.3,1.25,1.25,20664
UCL,20070307,0.022,0.022,0.022,0.022,630000
UCM,20070307,0.65,0.65,0.65,0.65,6750
UEQ,20070307,0.63,0.63,0.59,0.62,311384
UGL,20070307,13.73,13.8,13.61,13.78,1001790
UKL,20070307,0.9,0.91,0.88,0.885,168425
UMC,20070307,0.265,0.28,0.26,0.265,182391
UNI,20070307,0.33,0.33,0.32,0.32,245000
UNW,20070307,0.31,0.33,0.31,0.32,176955
UNX,20070307,1.78,1.83,1.73,1.77,213152
UOG,20070307,0.15,0.155,0.15,0.155,36250
UOS,20070307,1.85,1.9,1.85,1.9,2160
URA,20070307,0.64,0.66,0.6,0.62,481794
URL,20070307,0.16,0.165,0.155,0.165,5017428
USA,20070307,0.355,0.365,0.355,0.365,103387
UTO,20070307,0.6,0.61,0.575,0.575,216978
UXA,20070307,0.36,0.37,0.36,0.36,22500
UXC,20070307,1.69,1.75,1.69,1.75,379824
VBA,20070307,2.65,2.69,2.63,2.69,483598
VCN,20070307,0.23,0.23,0.23,0.23,429250
VCR,20070307,0.9,0.91,0.89,0.905,533885
VEA,20070307,3.35,3.36,3.32,3.35,209364
VGH,20070307,2.98,3.02,2.9,2.9,641915
VGP,20070307,0.265,0.265,0.25,0.265,87518
VHL,20070307,0.145,0.15,0.145,0.15,61301
VIR,20070307,1.015,1.03,1.015,1.03,44435
VKI,20070307,1.07,1.07,1.07,1.07,63400
VLL,20070307,0.091,0.095,0.091,0.092,110490
VMG,20070307,2.33,2.36,2.33,2.36,9900
VML,20070307,0.53,0.53,0.53,0.53,51280
VMS,20070307,0.55,0.55,0.465,0.5,331583
VOF,20070307,1.02,1.02,1.02,1.02,194000
VPE,20070307,0.22,0.22,0.215,0.215,307900
VPG,20070307,1.945,2,1.945,2,2186791
VRE,20070307,0.275,0.285,0.275,0.28,1598601
VRL,20070307,3.25,3.27,3.25,3.25,16076
VSG,20070307,0.011,0.011,0.011,0.011,3006500
VTP,20070307,1.26,1.26,1.26,1.26,23477
WAB,20070307,1.12,1.12,1.12,1.12,43900
WAG,20070307,0.016,0.025,0.016,0.018,6609846
WAL,20070307,0.235,0.235,0.23,0.235,64000
WAM,20070307,1.91,1.915,1.9,1.915,50172
WAN,20070307,15,15.4,15,15.25,574136
WAS,20070307,0.035,0.039,0.035,0.036,804000
WAT,20070307,2.25,2.25,2.25,2.25,724
WBA,20070307,1.04,1.1,1.04,1.1,98126
WBB,20070307,12.25,12.25,12.18,12.18,3000
WBC,20070307,25.72,25.8,25.51,25.74,7576573
WCB,20070307,3.6,3.6,3.5,3.55,5493
WCL,20070307,0.39,0.39,0.37,0.37,10000
WCP,20070307,0.17,0.175,0.17,0.175,68875
WDC,20070307,21.69,21.74,21.12,21.37,10799817
WDS,20070307,1.85,1.87,1.84,1.84,262756
WEB,20070307,0.29,0.295,0.29,0.295,2137680
WEC,20070307,1.86,1.96,1.86,1.96,16550
WES,20070307,36.05,36.39,36.05,36.16,1653314
WEZ,20070307,0.145,0.145,0.135,0.135,205200
WFL,20070307,1.47,1.47,1.47,1.47,20000
WGP,20070307,0.08,0.08,0.08,0.08,50000
WGR,20070307,0.33,0.35,0.33,0.35,255000
WHE,20070307,1.64,1.64,1.56,1.56,71637
WHF,20070307,4.55,4.57,4.52,4.52,27764
WHG,20070307,2.29,2.29,2.27,2.29,189669
WHS,20070307,6.11,6.11,6.08,6.08,6800
WIL,20070307,1.125,1.13,1.125,1.13,47730
WKR,20070307,0.255,0.255,0.255,0.255,33333
WLF,20070307,0.77,0.79,0.76,0.76,124100
WLL,20070307,2.45,2.46,2.31,2.31,7058
WLS,20070307,1.17,1.185,1.17,1.18,84710
WME,20070307,0.155,0.165,0.155,0.16,439736
WMT,20070307,0.315,0.32,0.24,0.25,125105252
WOR,20070307,27.24,27.45,26.23,26.88,2556232
WOW,20070307,27.7,28.08,27.51,27.81,2877685
WPG,20070307,0.3,0.335,0.3,0.335,244242
WPL,20070307,36,36.15,35.6,35.77,1910970
WRF,20070307,0.435,0.435,0.43,0.43,74670
WRK,20070307,0.21,0.215,0.2,0.215,48000
WSA,20070307,3.8,3.89,3.8,3.88,185083
WTE,20070307,0.195,0.195,0.19,0.19,590750
WTF,20070307,4.25,4.34,4.25,4.34,70310
WTN,20070307,0.245,0.245,0.245,0.245,27829
WTP,20070307,3.87,4,3.87,3.99,158699
WWA,20070307,2.31,2.38,2.31,2.35,46868
WWM,20070307,0.35,0.37,0.35,0.365,1238732
WYL,20070307,3.38,3.43,3.38,3.43,571753
XAO,20070307,5755.7,5808.5,5749.9,5803.3,0
XBL,20070307,0.185,0.185,0.165,0.165,244164
XDJ,20070307,2765.6,2808.7,2761.4,2804.3,0
XEJ,20070307,12075.3,12266.4,11990.9,12102.7,0
XFJ,20070307,6881.8,6925.9,6866,6912.5,0
XFL,20070307,5605.1,5648.2,5599.1,5643.8,0
XGD,20070307,4420.6,4420.6,4420.6,4420.6,0
XHJ,20070307,7914.6,8082.7,7914.4,8079.8,0
XIJ,20070307,591.1,597.2,582.1,594.6,0
XJO,20070307,5777.9,5830.1,5771.8,5825.3,0
XKO,20070307,5786.3,5838.8,5780.3,5834.6,0
XMD,20070307,5941.4,6033.1,5938.9,6023.3,0
XMJ,20070307,10871,11038.6,10865.7,11011.5,0
XMM,20070307,3669.6,3669.6,3669.6,3669.6,0
XNJ,20070307,6494.6,6576.5,6492.2,6552.3,0
XPJ,20070307,2405,2434.3,2401.6,2420.7,0
XRF,20070307,0.14,0.14,0.14,0.14,50000
XSJ,20070307,7943.9,8031.4,7922.9,8002,0
XSO,20070307,3464.9,3506.5,3459.7,3506.5,0
XST,20070307,0.5,0.51,0.49,0.51,91812
XTE,20070307,19,19,19,19,20364
XTJ,20070307,1496.4,1510.3,1488.2,1510.3,0
XTL,20070307,3064.5,3086.5,3060.4,3082.6,0
XTO,20070307,4670.8,4712.1,4666.2,4707.9,0
XUJ,20070307,7352.4,7419.9,7343.3,7412,0
XXJ,20070307,7050.4,7083.4,7031.1,7077.4,0
YGL,20070307,0.115,0.12,0.115,0.12,48000
YML,20070307,0.21,0.21,0.205,0.205,70000
YRR,20070307,0.58,0.59,0.53,0.53,121350
ZDX,20070307,0.17,0.17,0.17,0.17,300000
ZFX,20070307,16.7,16.75,16.47,16.71,4770071
ZGM,20070307,0.34,0.365,0.32,0.365,104984
ZIM,20070307,10.5,10.5,10.5,10.5,625
ZYL,20070307,0.039,0.045,0.039,0.045,2108309
