AAC,20070703,3.1,3.14,3.05,3.1,165221
AAE,20070703,0.31,0.31,0.29,0.29,294704
AAM,20070703,0.19,0.19,0.185,0.185,133234
AAN,20070703,15.19,15.2,15.12,15.18,2345749
AAO,20070703,0.19,0.19,0.17,0.17,16000
AAQ,20070703,0.62,0.62,0.6,0.61,221260
AAR,20070703,0.1,0.105,0.098,0.098,8333643
AAS,20070703,0.145,0.15,0.14,0.14,393500
AAT,20070703,0.086,0.086,0.086,0.086,60779
AAU,20070703,0.34,0.355,0.34,0.355,229810
AAX,20070703,8.9,9.33,8.9,9.25,659490
ABB,20070703,9.13,9.15,8.74,8.9,233430
ABC,20070703,3.54,3.67,3.53,3.55,1429385
ABI,20070703,0.035,0.036,0.034,0.036,383700
ABJ,20070703,0.072,0.072,0.07,0.07,495885
ABP,20070703,1.95,1.95,1.895,1.95,1296911
ABQ,20070703,0.41,0.41,0.395,0.41,59158
ABS,20070703,6.94,6.99,6.83,6.83,1837773
ABU,20070703,0.17,0.17,0.165,0.165,481629
ABY,20070703,2.91,3,2.91,2.95,1646969
ACB,20070703,1.8,1.8,1.78,1.8,320184
ACE,20070703,0.23,0.23,0.23,0.23,44490
ACL,20070703,0.84,0.84,0.805,0.81,190280
ACR,20070703,1.525,1.65,1.52,1.65,349452
ACS,20070703,0.14,0.14,0.135,0.135,100000
ADA,20070703,0.78,0.79,0.77,0.77,33490
ADB,20070703,15.32,15.39,15.15,15.2,214030
ADE,20070703,0.15,0.16,0.15,0.16,168068
ADG,20070703,4.25,4.38,4.25,4.33,19451
ADI,20070703,0.545,0.55,0.52,0.52,95874
ADL,20070703,0.079,0.079,0.079,0.079,25000
ADN,20070703,0.545,0.545,0.52,0.52,103949
ADS,20070703,0.255,0.26,0.255,0.26,1210136
ADU,20070703,0.58,0.61,0.58,0.6,380272
ADX,20070703,0.081,0.083,0.078,0.08,1009800
ADY,20070703,0.285,0.285,0.27,0.27,11590408
AEC,20070703,4.14,4.18,4.14,4.18,10024
AED,20070703,8.7,8.81,8.21,8.25,709309
AEE,20070703,0.43,0.435,0.43,0.435,54194
AEF,20070703,50,50,50,50,40
AEM,20070703,0.079,0.079,0.079,0.079,6500
AEO,20070703,2,2.04,1.955,1.96,187918
AEP,20070703,4.34,4.42,4.34,4.39,600914
AEU,20070703,1.75,1.795,1.73,1.79,462560
AEX,20070703,0.048,0.05,0.046,0.046,11609673
AEZ,20070703,1.24,1.285,1.225,1.235,1342344
AFG,20070703,10.63,10.79,10.51,10.6,874782
AFI,20070703,5.62,5.64,5.61,5.63,370911
AFR,20070703,0.82,0.82,0.82,0.82,20000
AFT,20070703,0.004,0.004,0.004,0.004,118000
AGD,20070703,0.28,0.28,0.255,0.255,6000
AGF,20070703,1.235,1.26,1.23,1.26,361388
AGG,20070703,8.95,8.95,8.95,8.95,215
AGI,20070703,0.4,0.4,0.4,0.4,97500
AGK,20070703,15.3,15.49,15.25,15.25,1505458
AGM,20070703,0.785,0.81,0.785,0.795,4469318
AGO,20070703,1.38,1.38,1.3,1.32,608848
AGS,20070703,1.755,1.785,1.74,1.75,374577
AGX,20070703,0.28,0.285,0.27,0.27,1373671
AGY,20070703,0.3,0.3,0.23,0.29,744217
AHD,20070703,6.45,6.45,6.45,6.45,11656
AHE,20070703,4.3,4.3,3.9,4.28,175417
AHG,20070703,0.02,0.021,0.02,0.021,300000
AHI,20070703,3.48,3.48,3.48,3.48,1100
AHN,20070703,0.55,0.55,0.53,0.53,24000
AHS,20070703,0.84,0.85,0.84,0.84,61225
AIA,20070703,2.95,3,2.95,3,146908
AIE,20070703,0.1,0.11,0.1,0.11,369000
AII,20070703,0.29,0.29,0.29,0.29,1000
AIM,20070703,0.365,0.365,0.34,0.35,4917505
AIO,20070703,10.2,10.3,10.18,10.29,3621033
AIV,20070703,0.14,0.14,0.14,0.14,20000
AIX,20070703,3.19,3.21,3.07,3.14,942500
AIZ,20070703,2.35,2.36,2.31,2.31,333368
AJL,20070703,2.11,2.12,2.08,2.09,243534
AKK,20070703,0.335,0.335,0.315,0.32,375550
ALB,20070703,3.35,3.35,3.3,3.3,17428
ALD,20070703,0.49,0.5,0.49,0.5,715327
ALK,20070703,0.42,0.42,0.39,0.39,322911
ALL,20070703,14.21,14.42,14.14,14.15,2262690
ALR,20070703,2.04,2.04,2.04,2.04,12019
ALS,20070703,13.75,13.92,13.7,13.8,247145
ALU,20070703,1.255,1.255,1.25,1.25,9000
ALZ,20070703,2.19,2.29,2.17,2.25,3096661
AMA,20070703,0.49,0.5,0.47,0.5,329400
AMC,20070703,7.59,7.59,7.42,7.45,2032436
AMH,20070703,0.745,0.76,0.745,0.76,325907
AMM,20070703,0.22,0.22,0.215,0.22,368727
AMO,20070703,0.65,0.65,0.65,0.65,1000
AMP,20070703,10.23,10.24,10.15,10.18,3460596
AMU,20070703,0.9,0.915,0.9,0.915,639129
AND,20070703,0.96,1.02,0.96,1.02,319482
ANE,20070703,6.19,6.22,6.17,6.2,253264
ANG,20070703,1.76,1.79,1.75,1.75,74839
ANH,20070703,0.1,0.105,0.099,0.099,1863105
ANM,20070703,0.24,0.26,0.15,0.15,589097
ANN,20070703,12.45,12.78,12.33,12.4,484197
ANO,20070703,0.145,0.145,0.145,0.145,5500
ANP,20070703,0.041,0.042,0.039,0.041,1045000
ANZ,20070703,28.94,29.15,28.83,29.14,6284771
AOC,20070703,0.135,0.14,0.135,0.14,187280
AOD,20070703,9.85,9.85,9.85,9.85,4100
AOE,20070703,2.68,2.82,2.6,2.82,1640002
AOM,20070703,0.014,0.014,0.014,0.014,193500
AOP,20070703,0.29,0.3,0.29,0.3,17142
APA,20070703,4.18,4.21,4.18,4.21,229234
APB,20070703,0.145,0.145,0.14,0.14,52000
APD,20070703,3.15,3.22,3.05,3.16,27501
APE,20070703,14.5,14.5,14.47,14.47,129
APG,20070703,0.145,0.145,0.13,0.13,5932931
API,20070703,2.16,2.19,2.14,2.18,739504
APK,20070703,0.64,0.64,0.64,0.64,35000
APN,20070703,5.72,5.84,5.72,5.78,500936
APP,20070703,0.55,0.55,0.55,0.55,25418
APR,20070703,1.83,1.95,1.83,1.95,42227
APV,20070703,0.095,0.1,0.095,0.1,78000
APZ,20070703,2.5,2.51,2.45,2.47,38603
AQA,20070703,6.3,6.55,6.3,6.55,11792
AQD,20070703,0.28,0.28,0.265,0.265,135100
AQE,20070703,0.38,0.39,0.38,0.39,138000
AQL,20070703,0.016,0.016,0.016,0.016,72887
AQP,20070703,37,37.94,36.87,37.89,40503
AQR,20070703,0.215,0.24,0.215,0.24,947459
ARA,20070703,0.69,0.69,0.69,0.69,3304
ARE,20070703,0.21,0.21,0.195,0.2,517352
ARG,20070703,8,8.04,7.97,7.98,153853
ARH,20070703,1.43,1.43,1.37,1.37,273002
ARJ,20070703,0.013,0.016,0.013,0.014,11555090
ARM,20070703,0.46,0.5,0.46,0.48,97917
ARO,20070703,0.032,0.032,0.032,0.032,320
ARP,20070703,4.35,4.4,4.35,4.4,49975
ARQ,20070703,1.55,1.55,1.52,1.53,3138973
ARR,20070703,3,3.03,2.97,2.99,269768
ARU,20070703,1.68,1.7,1.645,1.645,160612
ARV,20070703,0.37,0.37,0.34,0.34,21400
ARW,20070703,0.41,0.43,0.4,0.41,413561
ARX,20070703,0.021,0.022,0.02,0.021,4957275
ASB,20070703,3.71,3.71,3.67,3.69,43696
ASC,20070703,0.022,0.022,0.022,0.022,215000
ASL,20070703,2.6,2.6,2.58,2.59,61014
ASU,20070703,0.029,0.029,0.029,0.029,20000
ASV,20070703,0.017,0.021,0.017,0.02,906490
ASX,20070703,48.78,49.5,48.75,48.98,394688
ASZ,20070703,1.44,1.44,1.44,1.44,43152
ATN,20070703,0.044,0.048,0.044,0.047,439000
ATP,20070703,0.47,0.47,0.47,0.47,5000
ATR,20070703,2.73,2.73,2.72,2.72,6000
ATV,20070703,0.13,0.13,0.13,0.13,75000
AUB,20070703,4.36,4.47,4.35,4.41,91437
AUN,20070703,1.68,1.68,1.66,1.68,1557480
AUQ,20070703,0.27,0.27,0.26,0.26,63995
AUT,20070703,0.52,0.52,0.515,0.515,299950
AUW,20070703,2.62,2.65,2.61,2.65,761932
AUX,20070703,0.047,0.047,0.046,0.046,290000
AUZ,20070703,0.17,0.175,0.165,0.165,1423919
AVA,20070703,0.42,0.425,0.42,0.425,59308
AVD,20070703,0.5,0.51,0.5,0.5,80000
AVE,20070703,3.6,3.6,3.4,3.5,108446
AVI,20070703,0.27,0.34,0.26,0.29,464494
AVJ,20070703,1.3,1.315,1.29,1.3,157835
AVM,20070703,18.5,18.6,18.5,18.5,5500
AVO,20070703,1.335,1.34,1.3,1.335,1041719
AVP,20070703,0.011,0.011,0.011,0.011,750
AVQ,20070703,0.26,0.26,0.255,0.255,70868
AVR,20070703,1.8,1.83,1.8,1.83,510082
AVS,20070703,0.7,0.72,0.69,0.7,7689310
AVX,20070703,0.72,0.745,0.71,0.715,2228498
AWB,20070703,4.3,4.38,4.25,4.3,1759550
AWC,20070703,7.8,7.85,7.77,7.81,4477006
AWE,20070703,3.65,3.68,3.6,3.64,3187061
AXA,20070703,7.56,7.57,7.51,7.53,1846914
AXC,20070703,0.26,0.3,0.25,0.25,1077957
AXI,20070703,0.475,0.52,0.475,0.5,3820206
AXM,20070703,0.945,0.95,0.93,0.93,645436
AXO,20070703,0.95,0.95,0.92,0.92,138700
AXQ,20070703,0.785,0.8,0.78,0.785,154003
AXT,20070703,0.55,0.55,0.55,0.55,24390
AXY,20070703,0.55,0.55,0.505,0.53,530471
AYF,20070703,9.82,9.9,9.82,9.9,12000
AYR,20070703,0.155,0.175,0.155,0.17,434000
AZA,20070703,1,1.025,0.975,0.975,1710104
AZC,20070703,0.3,0.315,0.3,0.3,1040781
AZD,20070703,0.44,0.445,0.38,0.435,635939
AZS,20070703,0.165,0.195,0.16,0.195,7478490
AZX,20070703,1.35,1.37,1.35,1.37,8397
AZZ,20070703,0.765,0.8,0.765,0.8,288801
BAR,20070703,0.56,0.56,0.525,0.53,433516
BAS,20070703,0.095,0.098,0.088,0.093,1264288
BBG,20070703,18,18.15,17.8,17.86,423627
BBI,20070703,1.75,1.76,1.67,1.675,9739896
BBP,20070703,3.43,3.46,3.38,3.42,2738230
BBW,20070703,1.97,1.97,1.96,1.965,3586606
BCD,20070703,0.275,0.28,0.275,0.28,47800
BCI,20070703,1.75,1.765,1.71,1.72,52427
BCM,20070703,5.37,5.47,5.37,5.39,624519
BCN,20070703,0.39,0.4,0.385,0.385,701100
BDG,20070703,0.325,0.325,0.31,0.315,1743510
BDI,20070703,0.45,0.45,0.43,0.43,216286
BDL,20070703,0.265,0.265,0.25,0.25,276669
BEC,20070703,3.95,3.95,3.86,3.9,161209
BEI,20070703,0.73,0.73,0.7,0.7,285374
BEL,20070703,0.395,0.395,0.395,0.395,30000
BEN,20070703,15.45,15.45,15.28,15.34,139727
BFE,20070703,0.205,0.205,0.205,0.205,50000
BGD,20070703,0.48,0.495,0.475,0.495,151882
BHP,20070703,35.7,35.93,35.64,35.88,14402320
BIT,20070703,0.25,0.25,0.24,0.24,114285
BJT,20070703,1.785,1.8,1.755,1.8,811916
BKI,20070703,1.49,1.52,1.49,1.52,230647
BKL,20070703,21,21.15,20.55,20.55,3397
BKM,20070703,0.008,0.008,0.008,0.008,400000
BKN,20070703,10.61,10.79,10.61,10.73,550664
BKP,20070703,0.12,0.12,0.12,0.12,612651
BKR,20070703,0.485,0.5,0.485,0.5,49929
BKW,20070703,14,14,13.86,13.9,56619
BKY,20070703,2.01,2.05,1.99,1.995,364934
BLD,20070703,8.9,8.92,8.74,8.81,2526467
BLG,20070703,0.59,0.635,0.59,0.635,567582
BLK,20070703,1.055,1.055,1.05,1.05,31000
BLP,20070703,0.89,0.9,0.88,0.9,63800
BLR,20070703,0.205,0.215,0.205,0.21,2742920
BLS,20070703,0.074,0.074,0.074,0.074,35000
BLT,20070703,0.115,0.115,0.115,0.115,12500
BLU,20070703,2.34,2.34,2.32,2.33,123348
BLY,20070703,2.22,2.22,2.16,2.17,7905292
BLZ,20070703,0.04,0.042,0.038,0.04,248000
BMN,20070703,3.06,3.06,2.96,3.05,255186
BMX,20070703,0.25,0.255,0.25,0.25,120158
BMY,20070703,0.19,0.2,0.19,0.2,77500
BNB,20070703,31.79,31.83,31.15,31.4,1480361
BNE,20070703,0.2,0.2,0.2,0.2,533
BNL,20070703,0.27,0.28,0.27,0.28,140000
BNO,20070703,0.385,0.385,0.38,0.385,220000
BNT,20070703,0.092,0.11,0.092,0.11,1176651
BOC,20070703,0.845,0.845,0.845,0.845,1676
BOD,20070703,0.155,0.155,0.155,0.155,907
BOL,20070703,3.47,3.49,3.42,3.44,679808
BOM,20070703,0.57,0.6,0.57,0.58,75003
BON,20070703,0.125,0.135,0.125,0.135,730881
BOQ,20070703,16.96,17.15,16.81,16.84,350985
BOS,20070703,0.125,0.125,0.12,0.125,290000
BOW,20070703,0.175,0.185,0.175,0.175,305783
BPH,20070703,0.22,0.23,0.21,0.225,302503
BPO,20070703,0.045,0.046,0.044,0.046,627371
BPT,20070703,1.44,1.455,1.43,1.445,2671301
BQT,20070703,0.165,0.165,0.155,0.155,879830
BRO,20070703,0.009,0.01,0.009,0.009,12147916
BRW,20070703,0.665,0.715,0.65,0.715,549523
BSA,20070703,0.74,0.77,0.74,0.77,121168
BSG,20070703,2.68,2.73,2.67,2.72,797501
BSL,20070703,10.62,10.66,10.43,10.45,2802716
BSM,20070703,0.34,0.375,0.34,0.37,140111
BTA,20070703,1.83,1.85,1.82,1.82,192444
BTC,20070703,0.35,0.385,0.35,0.385,48706
BTV,20070703,0.13,0.13,0.125,0.125,39899
BUL,20070703,0.3,0.32,0.3,0.305,2525917
BUR,20070703,0.35,0.355,0.33,0.34,1068131
BUY,20070703,0.053,0.053,0.05,0.051,306612
BVA,20070703,1.75,1.8,1.75,1.75,306671
BVP,20070703,0.23,0.23,0.23,0.23,12400
BWN,20070703,0.27,0.27,0.265,0.265,15000
BWP,20070703,2.5,2.52,2.35,2.45,1198291
BXB,20070703,12.29,12.29,12.16,12.2,4403437
BXP,20070703,0.24,0.24,0.23,0.23,1399000
BYR,20070703,0.27,0.29,0.26,0.29,158000
BZI,20070703,0.3,0.3,0.3,0.3,21930
CAA,20070703,0.68,0.7,0.68,0.695,66800
CAB,20070703,12.02,12.5,12.02,12.48,224274
CAF,20070703,0.79,0.79,0.79,0.79,1950
CAL,20070703,0.85,0.85,0.85,0.85,7500
CAM,20070703,1.39,1.39,1.39,1.39,21870
CAQ,20070703,0.18,0.18,0.18,0.18,10000
CAS,20070703,0.65,0.65,0.62,0.65,298117
CAU,20070703,0.059,0.06,0.055,0.055,410877
CAV,20070703,1.695,1.7,1.46,1.6,197630
CAZ,20070703,0.66,0.68,0.66,0.68,141203
CBA,20070703,54.99,55.1,54.65,54.7,2931826
CBB,20070703,0.81,0.81,0.8,0.8,82300
CBD,20070703,0.145,0.16,0.145,0.16,87100
CBH,20070703,0.57,0.58,0.56,0.575,2810159
CBM,20070703,2.7,2.8,2.7,2.8,35711
CCE,20070703,0.043,0.044,0.042,0.042,3451008
CCL,20070703,9.4,9.48,9.24,9.28,4202539
CCP,20070703,12.39,12.39,12.16,12.19,53538
CCQ,20070703,0.97,0.995,0.97,0.995,333195
CCS,20070703,0.089,0.089,0.077,0.077,403334
CCU,20070703,0.28,0.28,0.28,0.28,75750
CCV,20070703,0.705,0.71,0.7,0.705,413160
CDA,20070703,1,1.08,1,1.03,36000
CDD,20070703,7.06,7.2,6.99,7.07,67802
CDF,20070703,1.85,1.9,1.85,1.86,14969
CDI,20070703,1.05,1.09,1.05,1.08,170259
CDM,20070703,1.25,1.25,1.25,1.25,4000
CDP,20070703,4.9,4.9,4.68,4.7,21810
CDR,20070703,1.2,1.21,1.13,1.15,2619791
CDS,20070703,0.027,0.027,0.026,0.027,1209348
CDT,20070703,0.31,0.31,0.31,0.31,31340
CDU,20070703,3.44,3.75,3.39,3.72,874961
CDX,20070703,1.37,1.39,1.37,1.39,5000
CEC,20070703,0.36,0.36,0.255,0.255,14167
CEG,20070703,2.43,2.43,2.4,2.4,32422
CER,20070703,1.74,1.745,1.69,1.7,1378948
CES,20070703,0.27,0.27,0.26,0.26,15000
CEU,20070703,1.6,1.61,1.585,1.59,2179347
CEY,20070703,3.15,3.18,3.13,3.14,1968307
CFE,20070703,0.65,0.665,0.645,0.655,1509090
CFI,20070703,0.81,0.81,0.805,0.81,46777
CFK,20070703,0.093,0.105,0.092,0.105,539040
CFR,20070703,0.008,0.008,0.008,0.008,400000
CFU,20070703,1.08,1.09,1.05,1.06,210438
CFX,20070703,2.17,2.18,2.13,2.17,18927559
CGF,20070703,5.87,5.89,5.64,5.73,1995334
CGJ,20070703,15.86,15.94,15.39,15.62,30415586
CGM,20070703,0.22,0.22,0.215,0.215,29086
CGO,20070703,1.18,1.2,1.18,1.2,1359
CGS,20070703,0.2,0.2,0.2,0.2,25000
CGX,20070703,0.675,0.685,0.675,0.68,491000
CHC,20070703,2.89,2.89,2.73,2.74,766540
CHF,20070703,0.34,0.34,0.335,0.34,88000
CHN,20070703,0.14,0.14,0.14,0.14,209611
CHO,20070703,6.11,6.3,6.11,6.3,11182
CHP,20070703,0.027,0.027,0.024,0.024,1976800
CHZ,20070703,0.36,0.36,0.36,0.36,23600
CIF,20070703,4.03,4.08,4,4.01,192420
CIG,20070703,0.095,0.097,0.092,0.092,4526092
CII,20070703,0.15,0.16,0.15,0.16,200000
CIL,20070703,2.1,2.1,2.04,2.08,29000
CIR,20070703,1.285,1.33,1.27,1.27,35600
CIW,20070703,1.2,1.2,1.2,1.2,1000
CIX,20070703,0.5,0.525,0.5,0.52,197847
CIY,20070703,3.88,3.9,3.85,3.88,314856
CJT,20070703,0.2,0.2,0.2,0.2,24440
CKK,20070703,0.2,0.205,0.185,0.185,277000
CKL,20070703,0.525,0.525,0.525,0.525,195735
CKR,20070703,0.155,0.16,0.155,0.16,4451693
CLD,20070703,0.12,0.13,0.12,0.13,80000
CLH,20070703,0.78,0.78,0.78,0.78,45000
CLO,20070703,0.52,0.525,0.5,0.505,142026
CLT,20070703,0.91,0.915,0.91,0.91,20954
CLV,20070703,0.115,0.12,0.115,0.12,85172
CME,20070703,0.085,0.085,0.077,0.079,3544386
CMI,20070703,1.42,1.42,1.42,1.42,6000
CMO,20070703,0.035,0.036,0.034,0.036,3324746
CMP,20070703,0.16,0.16,0.16,0.16,83000
CMR,20070703,4.7,4.78,4.58,4.61,1653770
CMS,20070703,0.033,0.033,0.033,0.033,30000
CMV,20070703,0.485,0.485,0.475,0.48,134033
CMW,20070703,1.18,1.19,1.18,1.19,1031777
CMY,20070703,0.37,0.37,0.37,0.37,2500
CND,20070703,3.35,3.35,3.33,3.33,18076
CNF,20070703,0.2,0.2,0.19,0.19,110080
CNM,20070703,0.18,0.185,0.18,0.18,655555
CNN,20070703,0.125,0.125,0.12,0.125,118000
CNP,20070703,8.79,8.87,8.73,8.83,6539340
CNT,20070703,1.145,1.16,1.14,1.16,354778
COA,20070703,5.88,5.94,5.88,5.94,1285674
COE,20070703,0.755,0.755,0.73,0.74,896707
COF,20070703,4.36,4.56,4.36,4.56,455228
COH,20070703,62,62.5,60.47,60.89,136262
COI,20070703,0.295,0.295,0.275,0.28,315540
COK,20070703,0.21,0.245,0.21,0.235,2452556
COU,20070703,3.18,3.2,3.15,3.16,114610
COZ,20070703,0.385,0.385,0.375,0.375,225779
CPA,20070703,1.7,1.71,1.685,1.695,8795652
CPB,20070703,28.76,28.85,28.62,28.69,197551
CPK,20070703,0.74,0.75,0.74,0.745,105435
CPN,20070703,0.36,0.36,0.355,0.36,144300
CPR,20070703,1.97,2,1.96,1.97,924477
CPT,20070703,0.07,0.071,0.07,0.071,50000
CPU,20070703,11.14,11.23,10.98,11.1,1426354
CQT,20070703,0.805,0.84,0.8,0.84,548720
CRB,20070703,0.35,0.35,0.35,0.35,5548
CRC,20070703,0.45,0.46,0.45,0.45,225493
CRE,20070703,0.395,0.4,0.38,0.385,749505
CRJ,20070703,0.26,0.26,0.255,0.255,65000
CRK,20070703,1.55,1.55,1.55,1.55,12586
CRT,20070703,0.665,0.685,0.66,0.67,218070
CSE,20070703,0.67,0.69,0.67,0.69,137997
CSF,20070703,1.21,1.21,1.155,1.18,13183641
CSH,20070703,2.06,2.11,2.06,2.11,180467
CSL,20070703,90.7,90.71,88.54,88.9,475114
CSM,20070703,3.11,3.14,3.09,3.09,2776601
CSR,20070703,3.55,3.59,3.48,3.49,7757965
CSS,20070703,1.27,1.32,1.27,1.285,6757
CST,20070703,3.25,3.27,3.2,3.26,47937
CSV,20070703,1.39,1.4,1.38,1.39,258102
CSW,20070703,0.99,0.99,0.99,0.99,5900
CTE,20070703,0.18,0.18,0.18,0.18,100000
CTN,20070703,2.15,2.18,2.11,2.13,175992
CTO,20070703,0.46,0.46,0.45,0.46,246578
CTP,20070703,0.225,0.235,0.22,0.22,1040970
CTS,20070703,0.51,0.56,0.51,0.56,594500
CTX,20070703,24.3,24.42,23.88,23.9,773914
CUE,20070703,0.185,0.195,0.185,0.195,507888
CUL,20070703,0.076,0.076,0.07,0.07,13920101
CUO,20070703,0.8,0.85,0.78,0.84,1567251
CUS,20070703,0.215,0.215,0.205,0.21,4315324
CUV,20070703,0.85,0.85,0.84,0.85,395219
CUX,20070703,0.35,0.35,0.33,0.33,434500
CUY,20070703,2.1,2.17,2,2.17,102839
CVB,20070703,0.16,0.16,0.16,0.16,3334
CVC,20070703,1.9,1.91,1.88,1.91,35721
CVG,20070703,0.35,0.35,0.345,0.35,129000
CVI,20070703,0.078,0.078,0.07,0.07,1795012
CVN,20070703,0.235,0.24,0.195,0.215,9499001
CWH,20070703,0.15,0.15,0.15,0.15,3417
CWP,20070703,5.15,5.15,5.05,5.05,5970
CWT,20070703,0.84,0.84,0.84,0.84,20000
CXG,20070703,2.15,2.15,2.15,2.15,44100
CXM,20070703,0.46,0.485,0.46,0.47,103072
CXP,20070703,6.94,6.96,6.84,6.85,60915
CXS,20070703,1.13,1.13,1.1,1.13,120727
CXY,20070703,0.099,0.1,0.098,0.098,770980
CYA,20070703,1.39,1.41,1.38,1.4,265246
CYC,20070703,0.37,0.375,0.365,0.37,98941
CYG,20070703,4.3,4.37,4.3,4.3,4205
CYL,20070703,0.23,0.23,0.225,0.23,98000
CYT,20070703,0.61,0.61,0.6,0.6,173000
DBS,20070703,0.86,0.86,0.86,0.86,14470
DDD,20070703,0.145,0.145,0.13,0.14,365000
DDT,20070703,0.34,0.35,0.34,0.35,89744
DEG,20070703,0.115,0.115,0.115,0.115,32899
DES,20070703,0.35,0.35,0.34,0.34,616213
DEX,20070703,2.59,2.63,2.59,2.63,1056691
DGR,20070703,0.405,0.41,0.385,0.385,549499
DIA,20070703,0.1,0.1,0.097,0.097,91666
DIO,20070703,0.145,0.15,0.14,0.145,4982908
DJS,20070703,5.65,5.65,5.5,5.53,1985246
DJW,20070703,4.92,4.97,4.88,4.95,105426
DKN,20070703,1.72,1.75,1.7,1.7,73647
DKS,20070703,9,9,9,9,35223
DLS,20070703,0.19,0.195,0.185,0.195,753298
DMA,20070703,0.29,0.305,0.28,0.28,223858
DML,20070703,0.435,0.44,0.42,0.42,182996
DMP,20070703,3.37,3.46,3.37,3.44,39076
DMX,20070703,0.58,0.6,0.58,0.58,136100
DOM,20070703,2.23,2.28,2.21,2.25,255681
DON,20070703,0.31,0.31,0.31,0.31,29800
DOW,20070703,7.37,7.39,7.23,7.26,938444
DRA,20070703,0.11,0.115,0.11,0.11,222000
DRK,20070703,0.13,0.13,0.13,0.13,35000
DRT,20070703,1.945,1.955,1.93,1.935,36941935
DRX,20070703,0.235,0.245,0.23,0.24,380760
DTL,20070703,6,6,5.95,5.95,11300
DTM,20070703,0.25,0.25,0.245,0.25,132817
DUE,20070703,3.83,3.85,3.75,3.79,564835
DUI,20070703,4,4,4,4,22904
DVM,20070703,0.045,0.05,0.045,0.05,20150
DVN,20070703,1.36,1.385,1.35,1.35,67607
DWS,20070703,2.54,2.6,2.5,2.6,230190
DWY,20070703,0.97,0.99,0.97,0.99,150084
DXL,20070703,2.33,2.39,2.32,2.38,5123441
DYE,20070703,1.335,1.35,1.28,1.28,410715
DYL,20070703,0.525,0.54,0.52,0.52,2990318
EAR,20070703,0.31,0.315,0.31,0.31,125000
EBB,20070703,3.7,3.76,3.66,3.76,264730
EBG,20070703,0.34,0.35,0.34,0.35,60000
EBI,20070703,3.52,3.52,3.49,3.51,1584968
EBR,20070703,0.043,0.043,0.042,0.042,500000
EBT,20070703,0.165,0.165,0.16,0.16,123445
ECH,20070703,1.4,1.4,1.35,1.4,79523
ECM,20070703,0.1,0.1,0.1,0.1,4675
ECU,20070703,0.027,0.027,0.026,0.026,317000
EDM,20070703,0.045,0.054,0.045,0.05,386400
EDN,20070703,0.34,0.34,0.33,0.33,111620
EDS,20070703,0.62,0.64,0.62,0.62,374266
EEE,20070703,0.19,0.19,0.19,0.19,6000
EFT,20070703,0.09,0.09,0.09,0.09,100000
EGF,20070703,2.47,2.5,2.44,2.5,8057598
EGL,20070703,0.085,0.085,0.078,0.079,959554
EGO,20070703,0.008,0.008,0.007,0.007,3516256
EHL,20070703,1.675,1.68,1.65,1.65,1921601
EIF,20070703,0.018,0.019,0.018,0.019,220000
EIG,20070703,1.115,1.12,1.115,1.12,35000
EKA,20070703,0.3,0.3,0.28,0.28,46000
EKM,20070703,0.64,0.64,0.6,0.6,80032
ELI,20070703,1.12,1.12,1.12,1.12,13777
ELK,20070703,0.27,0.275,0.265,0.275,840081
ELL,20070703,0.145,0.15,0.145,0.145,320753
ELM,20070703,0.235,0.25,0.235,0.25,206800
ELX,20070703,0.83,0.84,0.825,0.84,7000
EME,20070703,6.6,6.6,6.26,6.26,3620
EMM,20070703,0.091,0.091,0.09,0.09,150000
EMP,20070703,0.12,0.12,0.11,0.115,429086
EMR,20070703,0.235,0.235,0.205,0.21,193552
EMS,20070703,0.16,0.215,0.16,0.19,2420979
ENB,20070703,0.295,0.3,0.295,0.3,55000
ENE,20070703,4.55,4.65,4.54,4.61,1004885
ENG,20070703,0.175,0.175,0.16,0.175,1358320
ENI,20070703,0.062,0.062,0.062,0.062,1888
ENR,20070703,0.56,0.6,0.56,0.56,117600
ENV,20070703,1.14,1.16,1.135,1.16,848097
EOL,20070703,0.21,0.21,0.2,0.2,56200
EON,20070703,0.655,0.655,0.625,0.625,3150
EOS,20070703,1.38,1.45,1.38,1.45,9924
EPE,20070703,0.067,0.068,0.067,0.067,141707
EPG,20070703,1.05,1.05,1,1.05,339700
EPR,20070703,0.044,0.046,0.042,0.043,475000
EPS,20070703,0.29,0.3,0.29,0.3,25019
EPY,20070703,0.215,0.22,0.215,0.22,233814
EQI,20070703,1.82,1.85,1.81,1.83,298061
EQN,20070703,3.99,4.05,3.93,3.93,645650
EQT,20070703,31.5,31.5,31.5,31.5,7499
EQX,20070703,0.165,0.17,0.165,0.17,150000
ERA,20070703,19.76,19.8,18.9,19,422674
ERG,20070703,0.15,0.155,0.145,0.145,1373361
ERJ,20070703,0.035,0.039,0.035,0.035,240858
ERL,20070703,0.27,0.295,0.27,0.295,192500
ERN,20070703,0.84,0.84,0.78,0.81,523036
ERO,20070703,0.415,0.425,0.41,0.425,96190
ESG,20070703,0.66,0.67,0.65,0.67,1958794
ESI,20070703,0.175,0.175,0.16,0.175,493361
ESS,20070703,0.825,0.825,0.825,0.825,85397
ESV,20070703,0.98,1,0.98,0.99,143400
ETC,20070703,0.082,0.082,0.079,0.079,572676
ETE,20070703,0.2,0.2,0.195,0.195,413692
ETT,20070703,0.025,0.025,0.024,0.024,285767
ETW,20070703,0.16,0.16,0.155,0.155,101000
EUG,20070703,0.023,0.023,0.023,0.023,434700
EVE,20070703,0.315,0.32,0.315,0.32,206495
EVG,20070703,0.195,0.195,0.185,0.185,74459
EVM,20070703,0.145,0.145,0.135,0.135,293520
EVZ,20070703,0.49,0.495,0.49,0.49,139547
EWC,20070703,1.02,1.04,0.965,1.04,1561132
EXM,20070703,0.025,0.026,0.025,0.026,2619393
EXR,20070703,0.27,0.28,0.27,0.28,80000
EXS,20070703,0.335,0.34,0.33,0.34,323991
EXT,20070703,0.85,0.86,0.84,0.86,265918
EYE,20070703,0.16,0.18,0.16,0.17,100800
EZE,20070703,0.15,0.15,0.145,0.145,33925
EZL,20070703,4.45,4.95,4.45,4.94,50466
FAC,20070703,0.55,0.55,0.55,0.55,31428
FAN,20070703,4.2,4.2,4.12,4.13,12951
FAR,20070703,0.16,0.165,0.16,0.16,1118277
FAS,20070703,0.795,0.795,0.715,0.74,358797
FBU,20070703,11.09,11.23,11.04,11.22,650736
FCL,20070703,2.77,2.8,2.75,2.77,1824400
FCN,20070703,0.41,0.41,0.385,0.39,259835
FDL,20070703,0.012,0.012,0.011,0.011,1285610
FEA,20070703,0.665,0.67,0.665,0.67,886274
FER,20070703,2.01,2.02,1.975,1.98,77500
FFF,20070703,0.068,0.069,0.068,0.069,400350
FFI,20070703,4.62,4.62,4.61,4.61,1032
FGE,20070703,0.54,0.55,0.51,0.52,89178
FGI,20070703,1.5,1.65,1.5,1.65,9800
FGL,20070703,6.42,6.44,6.37,6.38,6721404
FIS,20070703,0.19,0.195,0.19,0.195,221364
FKP,20070703,7.25,7.34,7.18,7.29,912759
FLK,20070703,0.855,0.88,0.855,0.88,34545
FLT,20070703,19.6,19.65,19.3,19.54,147462
FLX,20070703,5.27,5.34,5.27,5.31,325831
FMG,20070703,34.6,36.35,34.6,36.25,611601
FML,20070703,0.105,0.115,0.105,0.115,11089125
FND,20070703,0.76,0.76,0.755,0.755,12650
FNP,20070703,0.48,0.48,0.48,0.48,2106
FNT,20070703,0.205,0.205,0.195,0.205,2243227
FPA,20070703,3.17,3.17,3.15,3.15,147977
FPH,20070703,3.04,3.04,3,3.01,646856
FRE,20070703,0.39,0.395,0.39,0.39,53250
FRI,20070703,0.84,0.85,0.84,0.85,48500
FRM,20070703,0.37,0.37,0.37,0.37,6341
FRR,20070703,0.53,0.54,0.53,0.54,46000
FRS,20070703,0.9,0.9,0.84,0.84,727474
FRV,20070703,0.067,0.067,0.067,0.067,100000
FSA,20070703,0.87,0.87,0.85,0.87,95285
FUL,20070703,0.056,0.056,0.054,0.054,230180
FUN,20070703,1.85,1.85,1.83,1.85,286702
FUT,20070703,0.006,0.006,0.005,0.005,2763000
FWD,20070703,8.9,8.95,8.83,8.88,55239
FWL,20070703,0.62,0.62,0.53,0.54,437867
FXI,20070703,1,1,1,1,33000
FXJ,20070703,4.7,4.72,4.5,4.55,8728492
FXL,20070703,2.96,3,2.88,3,82845
FXR,20070703,1,1.055,0.995,1.05,7046960
FZN,20070703,0.68,0.68,0.66,0.66,382708
GAP,20070703,0.56,0.56,0.54,0.54,61000
GAU,20070703,0.26,0.27,0.26,0.27,269535
GBE,20070703,0.86,0.86,0.805,0.82,60150
GBG,20070703,1.12,1.26,1.11,1.18,10321076
GBM,20070703,0.07,0.07,0.07,0.07,116666
GBP,20070703,0.17,0.17,0.17,0.17,260000
GBT,20070703,4,4,4,4,500
GBX,20070703,0.235,0.235,0.235,0.235,10000
GCL,20070703,5,5.05,4.94,5.04,467045
GCN,20070703,0.047,0.047,0.047,0.047,100000
GCR,20070703,0.046,0.046,0.044,0.046,714500
GCX,20070703,0.6,0.6,0.58,0.58,20737
GDA,20070703,0.024,0.024,0.022,0.022,1057000
GDM,20070703,0.595,0.6,0.575,0.575,169462
GDN,20070703,0.455,0.46,0.405,0.42,3166010
GDR,20070703,0.455,0.455,0.45,0.45,121730
GDY,20070703,1.8,1.82,1.745,1.77,388827
GFF,20070703,2.44,2.46,2.43,2.46,2436132
GFL,20070703,1,1,1,1,1000
GGE,20070703,0.061,0.061,0.06,0.06,400000
GGG,20070703,1.5,1.5,1.45,1.5,137000
GGP,20070703,0.255,0.26,0.255,0.26,80000
GGX,20070703,0.105,0.105,0.095,0.095,183465
GGY,20070703,0.135,0.14,0.13,0.13,1094990
GHT,20070703,2.07,2.07,2.07,2.07,3699
GIP,20070703,0.13,0.135,0.13,0.135,304600
GIR,20070703,0.71,0.71,0.69,0.695,320594
GLB,20070703,1.605,1.61,1.6,1.6,2400
GLC,20070703,0.155,0.155,0.155,0.155,14160
GLE,20070703,0.79,0.79,0.79,0.79,3000
GLF,20070703,0.28,0.28,0.26,0.26,255000
GLI,20070703,0.21,0.21,0.2,0.21,227270
GLO,20070703,0.051,0.055,0.05,0.05,1665250
GLX,20070703,0.12,0.12,0.12,0.12,204510
GME,20070703,0.8,0.89,0.8,0.89,118001
GMI,20070703,1.89,1.93,1.89,1.925,196767
GML,20070703,0.12,0.12,0.12,0.12,184588
GNC,20070703,13.4,13.45,13.29,13.4,46033
GNL,20070703,0.035,0.036,0.034,0.034,547000
GNS,20070703,3.34,3.36,3.17,3.23,1590147
GOA,20070703,0.1,0.1,0.095,0.095,242342
GOG,20070703,0.245,0.245,0.245,0.245,8300
GOP,20070703,0.29,0.31,0.285,0.31,988760
GPG,20070703,1.865,1.875,1.865,1.875,1220654
GPN,20070703,0.042,0.042,0.04,0.042,1767600
GPR,20070703,0.39,0.39,0.39,0.39,20000
GPT,20070703,4.72,4.74,4.57,4.6,10810799
GRB,20070703,0.205,0.21,0.205,0.21,10750
GRD,20070703,2.83,2.85,2.81,2.84,1656358
GRK,20070703,0.19,0.19,0.17,0.17,942765
GRL,20070703,0.275,0.275,0.275,0.275,53342
GRR,20070703,1.89,1.89,1.83,1.85,148156
GRY,20070703,0.395,0.4,0.385,0.39,149000
GSE,20070703,0.099,0.099,0.096,0.099,569336
GTE,20070703,0.325,0.33,0.315,0.32,132985
GTG,20070703,0.155,0.155,0.15,0.155,353292
GTP,20070703,2.9,2.92,2.86,2.88,1316917
GUD,20070703,9.52,9.63,9.44,9.45,121017
GUN,20070703,0.305,0.305,0.28,0.29,171700
GVM,20070703,1.09,1.09,1.06,1.06,17750
GWR,20070703,2.26,2.35,2.24,2.26,211321
GWT,20070703,4.43,4.45,4.33,4.43,319048
GWV,20070703,0.071,0.071,0.061,0.061,900
GXL,20070703,1.92,2.1,1.92,2.1,55445
GXY,20070703,0.65,0.675,0.64,0.66,139057
GYN,20070703,0.325,0.325,0.31,0.31,22173
GZL,20070703,2.33,2.33,2.33,2.33,2587
HAN,20070703,25.02,25.02,25.01,25.01,1125
HAP,20070703,1.305,1.305,1.29,1.305,48952
HAV,20070703,2.48,2.7,2.48,2.58,145754
HAZ,20070703,0.31,0.31,0.31,0.31,111176
HCY,20070703,0.02,0.02,0.019,0.02,1505352
HDF,20070703,3.42,3.47,3.4,3.45,310554
HDG,20070703,0.765,0.8,0.69,0.72,939000
HDN,20070703,0.37,0.37,0.34,0.34,120900
HEG,20070703,0.15,0.155,0.15,0.155,459345
HEM,20070703,0.27,0.27,0.25,0.25,559800
HER,20070703,1.35,1.46,1.35,1.4,220282
HFA,20070703,2.54,2.6,2.51,2.55,161830
HGI,20070703,3.7,3.82,3.7,3.8,2148432
HGL,20070703,0.045,0.045,0.045,0.045,400
HGN,20070703,0.54,0.54,0.5,0.5,759260
HGO,20070703,0.58,0.605,0.58,0.585,2189547
HGR,20070703,0.016,0.016,0.014,0.014,272200
HHL,20070703,13.65,13.75,13.65,13.7,8420
HHM,20070703,0.255,0.26,0.255,0.26,57712
HHV,20070703,1.15,1.165,1.15,1.16,561136
HHY,20070703,2.1,2.14,2.08,2.14,109470
HIC,20070703,0.95,0.95,0.94,0.94,119277
HIG,20070703,0.195,0.2,0.19,0.195,2890040
HIL,20070703,5.35,5.4,5.32,5.34,161162
HLD,20070703,0.18,0.18,0.17,0.17,65000
HLX,20070703,0.21,0.21,0.195,0.195,224500
HMC,20070703,0.081,0.081,0.08,0.08,350000
HME,20070703,13.99,14.01,13.95,14,24096
HNG,20070703,2.28,2.28,2.2,2.2,24720
HNR,20070703,0.605,0.645,0.605,0.62,602595
HOM,20070703,1,1,1,1,87493
HPX,20070703,2.6,2.69,2.6,2.69,86839
HRD,20070703,0.12,0.12,0.11,0.11,225000
HRR,20070703,1.14,1.16,1.08,1.08,30858
HRS,20070703,0.125,0.125,0.12,0.12,320000
HSK,20070703,1.8,1.82,1.8,1.82,22820
HSN,20070703,0.305,0.305,0.305,0.305,10000
HSP,20070703,5.36,5.36,5.25,5.3,1765918
HST,20070703,3.5,3.64,3.5,3.55,928496
HTA,20070703,0.135,0.135,0.135,0.135,48560
HTE,20070703,0.02,0.021,0.02,0.021,25000
HTM,20070703,0.055,0.055,0.055,0.055,174000
HTW,20070703,0.625,0.63,0.61,0.62,181417
HTX,20070703,0.022,0.022,0.022,0.022,250000
HVN,20070703,5.24,5.34,5.22,5.28,1251593
HWG,20070703,0.23,0.23,0.23,0.23,305700
HWI,20070703,2.99,3,2.85,2.95,235127
HYO,20070703,0.29,0.29,0.28,0.29,1502829
HZL,20070703,0.45,0.45,0.45,0.45,5000
HZN,20070703,0.38,0.38,0.37,0.37,214413
IAG,20070703,5.7,5.73,5.63,5.63,6526846
IAU,20070703,0.425,0.425,0.42,0.42,46393
IBA,20070703,1.16,1.195,1.16,1.185,4808588
IBC,20070703,0.63,0.63,0.63,0.63,30050
IBR,20070703,0.8,0.8,0.8,0.8,4950
IBT,20070703,1.9,1.91,1.86,1.9,184397
ICC,20070703,0.13,0.13,0.13,0.13,400000
ICD,20070703,0.665,0.665,0.665,0.665,15335
ICH,20070703,0.21,0.21,0.21,0.21,100927
ICP,20070703,0.12,0.125,0.11,0.12,4200136
ICS,20070703,0.28,0.28,0.275,0.275,63000
ICV,20070703,0.1,0.1,0.1,0.1,670189
IDE,20070703,0.145,0.145,0.145,0.145,3106
IDL,20070703,0.44,0.45,0.435,0.45,6236771
IDM,20070703,0.515,0.515,0.51,0.51,422832
IDO,20070703,1.43,1.43,1.4,1.405,69650
IDT,20070703,2.07,2.07,2.06,2.07,47060
IEF,20070703,1.28,1.31,1.28,1.28,75418
IFL,20070703,9.86,9.97,9.71,9.85,148740
IFM,20070703,0.635,0.655,0.635,0.655,138846
IGC,20070703,0.34,0.34,0.335,0.335,134055
IGO,20070703,6.65,6.93,6.65,6.93,222357
IGR,20070703,0.165,0.185,0.165,0.18,2855162
IHF,20070703,1.11,1.11,1.105,1.11,20123
IHG,20070703,0.09,0.098,0.09,0.098,10500
IIF,20070703,2.38,2.42,2.38,2.42,26551314
IIG,20070703,0.012,0.012,0.012,0.012,1968338
III,20070703,0.5,0.5,0.5,0.5,72000
IIN,20070703,1.95,1.99,1.89,1.91,193787
ILF,20070703,1.345,1.35,1.31,1.335,1754611
ILU,20070703,6.15,6.15,6,6.03,463175
IMA,20070703,2.32,2.37,2.32,2.33,22367
IMD,20070703,1.445,1.47,1.445,1.45,654635
IMF,20070703,0.71,0.71,0.69,0.69,41145
IMI,20070703,0.022,0.024,0.021,0.023,24255305
IMP,20070703,0.016,0.018,0.016,0.017,4088359
IMU,20070703,0.265,0.295,0.265,0.265,141770
INL,20070703,0.155,0.155,0.145,0.145,2543931
INP,20070703,0.28,0.285,0.28,0.285,108070
INT,20070703,0.032,0.038,0.031,0.038,70226169
IOF,20070703,1.745,1.745,1.72,1.73,23239645
IOH,20070703,0.615,0.615,0.565,0.565,76091
IPA,20070703,0.72,0.72,0.7,0.71,126166
IPE,20070703,1.005,1.005,1,1,5000
IPG,20070703,2.92,2.92,2.91,2.91,19141685
IPL,20070703,80,80,76.28,76.68,307925
IPM,20070703,1.39,1.4,1.39,1.39,232215
IPN,20070703,0.3,0.305,0.3,0.305,307703
IPR,20070703,0.17,0.17,0.165,0.165,128500
IPT,20070703,0.31,0.31,0.3,0.3,74870
IRE,20070703,9.07,9.1,8.95,9,220852
IRI,20070703,0.515,0.545,0.515,0.54,81204
IRL,20070703,0.32,0.32,0.305,0.32,162850
IRM,20070703,0.21,0.21,0.2,0.2,343500
IRN,20070703,1.07,1.1,1.07,1.09,125659
ISS,20070703,0.46,0.58,0.46,0.58,307139
ITC,20070703,0.071,0.072,0.069,0.069,1195193
ITD,20070703,0.37,0.375,0.36,0.36,264635
ITE,20070703,0.14,0.14,0.135,0.135,213713
ITT,20070703,0.255,0.255,0.255,0.255,4000
ITX,20070703,0.8,0.8,0.8,0.8,8000
IUL,20070703,0.16,0.16,0.16,0.16,23666
IVC,20070703,6.07,6.11,5.9,6.01,110965
IVK,20070703,6.9,6.9,6.9,6.9,7360
IWI,20070703,1.605,1.605,1.605,1.605,8690
IWL,20070703,6.05,6.05,5.8,5.85,861055
JAG,20070703,0.125,0.125,0.125,0.125,25300
JAK,20070703,0.16,0.16,0.155,0.155,143150
JBH,20070703,11.25,11.43,11.16,11.2,505000
JBM,20070703,16.4,16.48,15.94,16.24,748003
JET,20070703,2.17,2.19,2.15,2.19,49112
JGL,20070703,0.21,0.21,0.185,0.185,1019661
JHX,20070703,8.85,8.99,8.82,8.85,1728445
JML,20070703,1.4,1.425,1.39,1.425,1011221
JMS,20070703,0.255,0.26,0.25,0.26,358245
JPR,20070703,0.31,0.31,0.265,0.28,4103729
JRL,20070703,2.04,2.05,1.98,1.98,21843
JRV,20070703,0.023,0.024,0.023,0.023,4162240
JST,20070703,4.56,4.7,4.53,4.65,1102925
JUM,20070703,0.034,0.034,0.032,0.033,825754
JUT,20070703,0.275,0.275,0.275,0.275,34900
JYC,20070703,1.35,1.35,1.35,1.35,3179
KAL,20070703,0.083,0.086,0.082,0.084,166039
KAR,20070703,2.77,2.8,2.59,2.75,404280
KAS,20070703,0.405,0.405,0.4,0.4,104000
KCN,20070703,5.5,5.7,5.49,5.7,571126
KEY,20070703,0.25,0.255,0.25,0.25,69500
KGL,20070703,0.15,0.15,0.15,0.15,50000
KIL,20070703,1.17,1.18,1.15,1.155,632427
KIM,20070703,0.73,0.775,0.705,0.72,5870879
KIS,20070703,0.98,0.98,0.98,0.98,78854
KKT,20070703,0.17,0.17,0.17,0.17,45000
KLM,20070703,0.67,0.67,0.66,0.66,138700
KMN,20070703,1,1.02,1,1,227345
KOR,20070703,0.65,0.66,0.59,0.66,223520
KOV,20070703,5.81,5.81,5.8,5.8,769
KRS,20070703,0.255,0.265,0.255,0.265,125384
KSC,20070703,3.45,3.5,3.45,3.5,6835
KSO,20070703,0.24,0.245,0.23,0.245,141170
KSX,20070703,0.105,0.105,0.096,0.099,4164100
KTL,20070703,0.032,0.032,0.032,0.032,65400
KYC,20070703,0.355,0.36,0.355,0.36,29221
KZL,20070703,6.41,6.49,6.33,6.39,541972
LAF,20070703,0.05,0.052,0.047,0.047,5086945
LAT,20070703,0.051,0.051,0.051,0.051,550000
LAU,20070703,0.275,0.275,0.275,0.275,9000
LBT,20070703,0.24,0.24,0.24,0.24,14178
LBY,20070703,0.25,0.25,0.25,0.25,450000
LCL,20070703,0.77,0.77,0.75,0.765,46622
LCT,20070703,0.135,0.135,0.135,0.135,39000
LDW,20070703,8.16,8.16,8.15,8.15,8272
LEF,20070703,0.2,0.2,0.2,0.2,285411
LEG,20070703,0.075,0.079,0.075,0.075,854549
LEI,20070703,41.8,43.38,41.8,42.75,475576
LEP,20070703,4.3,4.3,4.26,4.3,107449
LFE,20070703,0.68,0.705,0.655,0.68,111339
LGD,20070703,0.475,0.485,0.46,0.46,95580
LGL,20070703,3.04,3.1,3.04,3.1,12359887
LIC,20070703,0.26,0.26,0.26,0.26,53163
LIN,20070703,0.38,0.38,0.375,0.38,96000
LIO,20070703,0.185,0.185,0.18,0.18,77882
LIP,20070703,0.78,0.785,0.78,0.785,311500
LKO,20070703,0.012,0.012,0.011,0.011,5194166
LLC,20070703,18.28,18.5,18.2,18.34,1434020
LMC,20070703,2.48,2.48,2.47,2.47,15417
LMG,20070703,0.02,0.02,0.019,0.02,2585000
LML,20070703,0.19,0.19,0.18,0.19,302400
LMP,20070703,0.135,0.135,0.135,0.135,52000
LNC,20070703,0.655,0.655,0.63,0.63,516264
LNG,20070703,0.67,0.67,0.655,0.66,68436
LNN,20070703,9.25,9.29,9.2,9.23,6379439
LOD,20070703,0.063,0.063,0.061,0.061,253500
LPL,20070703,0.2,0.2,0.2,0.2,20000
LPM,20070703,0.19,0.19,0.17,0.175,273166
LRF,20070703,1.295,1.295,1.27,1.275,192955
LRG,20070703,0.035,0.035,0.03,0.032,1212324
LRL,20070703,0.625,0.625,0.625,0.625,60670
LSL,20070703,0.027,0.027,0.025,0.025,2010939
LST,20070703,1.745,1.755,1.74,1.75,176705
LTR,20070703,0.27,0.28,0.27,0.28,207765
LWB,20070703,1.66,1.66,1.66,1.66,635
LYC,20070703,1.475,1.475,1.41,1.425,4822900
LYL,20070703,3.7,3.7,3.7,3.7,24200
MAA,20070703,0.125,0.125,0.125,0.125,13202
MAE,20070703,1.49,1.5,1.43,1.445,410959
MAH,20070703,1.34,1.34,1.3,1.325,1769753
MAK,20070703,0.31,0.315,0.295,0.295,83819
MAL,20070703,0.69,0.69,0.65,0.65,161500
MAN,20070703,0.036,0.036,0.035,0.035,292552
MAP,20070703,4.09,4.14,4.09,4.11,3316902
MAQ,20070703,0.92,0.92,0.92,0.92,2300
MAR,20070703,0.37,0.39,0.37,0.39,108486
MAU,20070703,0.27,0.27,0.26,0.27,191181
MBA,20070703,0.135,0.135,0.135,0.135,1744834
MBI,20070703,0.006,0.006,0.006,0.006,6112500
MBL,20070703,84.8,85.69,83.99,85.6,1796963
MBN,20070703,5.24,5.28,5.2,5.24,110984
MBP,20070703,0.13,0.13,0.125,0.13,776028
MBR,20070703,2.31,2.38,2.31,2.35,278291
MBT,20070703,1.28,1.3,1.27,1.28,88000
MCC,20070703,6.82,7.08,6.82,7.08,1599886
MCG,20070703,6.39,6.39,6.08,6.08,3856353
MCK,20070703,4.12,4.12,4.12,4.12,5000
MCL,20070703,0.033,0.033,0.032,0.032,667500
MCO,20070703,0.205,0.21,0.205,0.21,92939
MCP,20070703,3.42,3.42,3.37,3.42,52917
MCQ,20070703,4.3,4.47,4.3,4.46,709962
MCR,20070703,4.72,4.85,4.7,4.85,1523990
MCU,20070703,1.22,1.235,1.22,1.235,118265
MCW,20070703,2.04,2.04,1.985,1.99,13028887
MDE,20070703,1.1,1.1,1.04,1.04,142833
MDG,20070703,0.19,0.21,0.19,0.21,59486
MDL,20070703,1.29,1.355,1.26,1.31,967715
MDM,20070703,0.12,0.12,0.105,0.115,295247
MDS,20070703,0.18,0.18,0.18,0.18,13889
MDT,20070703,1.245,1.25,1.225,1.24,8951659
MDV,20070703,0.043,0.043,0.042,0.042,95000
MEE,20070703,0.205,0.205,0.195,0.205,1509600
MEI,20070703,0.22,0.225,0.22,0.22,265764
MEL,20070703,1.22,1.22,1.16,1.17,189915
MEO,20070703,1.37,1.37,1.3,1.335,1097834
MEP,20070703,0.87,0.87,0.87,0.87,2470
MFF,20070703,0.935,0.94,0.93,0.94,292231
MFG,20070703,2.08,2.09,2.05,2.05,32169
MFI,20070703,0.78,0.8,0.78,0.79,262076
MFS,20070703,5.79,5.85,5.73,5.79,1445957
MFT,20070703,0.89,0.9,0.89,0.9,1192632
MGK,20070703,0.072,0.08,0.072,0.08,106383
MGO,20070703,0.42,0.425,0.415,0.42,313126
MGQ,20070703,6.62,6.71,6.61,6.63,12665570
MGR,20070703,5.7,5.78,5.67,5.73,12831479
MGU,20070703,0.285,0.3,0.285,0.29,671263
MGW,20070703,2.25,2.25,2.18,2.19,332649
MGX,20070703,1.295,1.305,1.255,1.295,3295362
MHL,20070703,0.04,0.04,0.035,0.035,6307215
MIG,20070703,3.55,3.6,3.55,3.58,10140173
MIK,20070703,0.31,0.31,0.3,0.3,141900
MIN,20070703,3.42,3.7,3.42,3.69,59602
MIR,20070703,2.42,2.42,2.38,2.42,19096
MIS,20070703,3.2,3.2,2.97,2.97,1344974
MIT,20070703,2.1,2.1,2.1,2.1,13673
MIX,20070703,1.02,1.035,1.02,1.03,254553
MKY,20070703,0.059,0.059,0.057,0.057,2904851
MLB,20070703,4.09,4.09,4.02,4.02,148073
MLE,20070703,3.33,3.35,3.31,3.33,858386
MLI,20070703,0.84,0.85,0.775,0.8,1219259
MLM,20070703,0.88,0.88,0.87,0.87,40402
MLS,20070703,0.088,0.088,0.086,0.086,3053343
MLT,20070703,22.25,22.59,22.25,22.5,63139
MLX,20070703,0.365,0.37,0.355,0.36,682056
MMA,20070703,1.04,1.045,1.035,1.04,470673
MMB,20070703,0.46,0.46,0.43,0.43,108000
MME,20070703,0.03,0.03,0.03,0.03,32500
MMG,20070703,5,5.08,4.88,4.96,2065505
MML,20070703,1.27,1.3,1.26,1.295,110172
MMN,20070703,0.29,0.3,0.29,0.3,320500
MMR,20070703,0.115,0.115,0.11,0.11,36500
MMS,20070703,5.2,5.3,5.17,5.3,161303
MMX,20070703,5.86,5.98,5.55,5.65,2463149
MMZ,20070703,0.2,0.2,0.19,0.19,37080
MND,20070703,14.75,15.17,14.73,15.17,208128
MNF,20070703,0.16,0.165,0.16,0.165,50018
MNM,20070703,0.225,0.225,0.225,0.225,45000
MOC,20070703,3.15,3.15,3.1,3.15,97713
MOD,20070703,0.028,0.028,0.028,0.028,8920
MOF,20070703,1.665,1.67,1.615,1.645,6651310
MOG,20070703,0.105,0.105,0.099,0.099,110762
MOL,20070703,4.03,4.1,4,4,57133
MON,20070703,0.34,0.34,0.315,0.315,1129988
MOO,20070703,0.21,0.22,0.205,0.21,261000
MOS,20070703,0.18,0.18,0.175,0.175,247642
MOX,20070703,0.865,0.87,0.86,0.87,29484
MPA,20070703,0.02,0.022,0.019,0.022,1109800
MPD,20070703,0.045,0.045,0.045,0.045,12000
MPF,20070703,1.3,1.33,1.3,1.3,193220
MPG,20070703,0.85,0.865,0.85,0.865,9707
MPI,20070703,0.053,0.054,0.053,0.054,236556
MPJ,20070703,0.008,0.008,0.007,0.008,1440000
MPO,20070703,0.275,0.31,0.275,0.31,31261718
MPS,20070703,1.09,1.1,1.08,1.08,99500
MPY,20070703,0.97,0.98,0.96,0.965,277750
MRA,20070703,0.935,0.935,0.91,0.91,126650
MRC,20070703,0.305,0.32,0.295,0.295,527525
MRE,20070703,7.25,7.27,7.19,7.24,838963
MRM,20070703,1.87,1.885,1.835,1.84,229594
MRO,20070703,1.54,1.54,1.54,1.54,4500
MRU,20070703,0.99,0.99,0.97,0.97,16776
MRX,20070703,0.135,0.135,0.125,0.125,10776558
MRZ,20070703,1.35,1.35,1.32,1.34,1360262
MSB,20070703,2.04,2.04,2,2,235291
MSC,20070703,0.018,0.019,0.017,0.018,3018500
MSF,20070703,3.09,3.09,3.09,3.09,3200
MSH,20070703,0.074,0.074,0.07,0.07,90667
MSL,20070703,2.4,2.45,2.4,2.4,66004
MSN,20070703,0.245,0.245,0.22,0.225,260200
MSO,20070703,0.03,0.033,0.03,0.033,100000
MST,20070703,0.135,0.135,0.13,0.13,119595
MTB,20070703,0.074,0.075,0.07,0.07,288000
MTI,20070703,0.039,0.039,0.039,0.039,30000
MTN,20070703,6.74,6.74,6.45,6.7,259394
MTS,20070703,4.7,4.73,4.66,4.73,5069966
MTU,20070703,0.845,0.845,0.78,0.78,32000
MTY,20070703,0.135,0.16,0.135,0.16,122090
MUE,20070703,0.99,0.995,0.95,0.995,591793
MUM,20070703,0.4,0.43,0.4,0.4,218673
MUN,20070703,0.53,0.545,0.53,0.545,209393
MUR,20070703,0.14,0.14,0.135,0.14,1434227
MVH,20070703,0.275,0.275,0.275,0.275,119800
MVP,20070703,0.575,0.58,0.56,0.56,60000
MVU,20070703,0.36,0.36,0.34,0.34,145499
MWE,20070703,0.295,0.31,0.295,0.31,901380
MWR,20070703,0.185,0.185,0.175,0.175,67800
MWS,20070703,0.115,0.115,0.1,0.1,145000
MXG,20070703,4.94,4.94,4.92,4.93,16547193
MXI,20070703,0.635,0.64,0.615,0.62,581317
MXL,20070703,0.052,0.059,0.052,0.059,451700
MXR,20070703,0.39,0.4,0.38,0.38,240336
MYO,20070703,1.295,1.295,1.255,1.27,257170
NAB,20070703,40.9,41.06,40.51,40.78,3004141
NAD,20070703,0.038,0.039,0.038,0.039,1484000
NAE,20070703,0.3,0.3,0.3,0.3,10000
NAL,20070703,0.075,0.075,0.073,0.073,161400
NAM,20070703,0.62,0.625,0.61,0.625,116509
NAN,20070703,0.64,0.64,0.635,0.635,78500
NAV,20070703,1.25,1.25,1.2,1.2,238036
NBL,20070703,4.16,4.22,4.15,4.2,95602
NCI,20070703,1.75,1.75,1.75,1.75,53000
NCK,20070703,2.65,2.65,2.65,2.65,27415
NCM,20070703,23.47,23.47,22.9,22.9,1203020
NDL,20070703,0.195,0.195,0.195,0.195,10256
NDM,20070703,0.35,0.35,0.35,0.35,10000
NDO,20070703,0.305,0.305,0.29,0.29,854000
NEC,20070703,0.92,0.94,0.9,0.92,354000
NEL,20070703,4.35,4.35,4.1,4.1,36109
NEM,20070703,4.61,4.64,4.61,4.62,94899
NEO,20070703,0.15,0.15,0.15,0.15,353424
NEU,20070703,0.39,0.39,0.38,0.38,130845
NFL,20070703,0.58,0.58,0.565,0.565,188464
NGF,20070703,0.255,0.27,0.255,0.27,377545
NGM,20070703,0.81,0.84,0.81,0.84,334381
NHC,20070703,2.18,2.18,2.06,2.1,279534
NHR,20070703,1.64,1.665,1.635,1.64,54541
NIA,20070703,1.09,1.1,1.02,1.055,1336794
NKP,20070703,1.17,1.17,1.15,1.17,264488
NLG,20070703,0.375,0.39,0.375,0.39,90600
NLS,20070703,0.046,0.046,0.046,0.046,70000
NLX,20070703,1.285,1.285,1.28,1.285,107765
NMI,20070703,0.175,0.185,0.175,0.185,150000
NMR,20070703,0.795,0.795,0.75,0.75,218856
NMS,20070703,0.855,0.88,0.855,0.875,324002
NOD,20070703,2.58,2.58,2.55,2.56,74700
NQM,20070703,0.235,0.235,0.23,0.23,60000
NRT,20070703,1.96,1.975,1.93,1.93,83027
NRU,20070703,0.26,0.265,0.245,0.245,43907
NSP,20070703,0.38,0.38,0.38,0.38,900
NTU,20070703,1.2,1.2,1.14,1.14,21000
NUF,20070703,14.4,14.46,14.11,14.38,335373
NUP,20070703,0.66,0.66,0.615,0.65,97628
NWA,20070703,0.029,0.029,0.028,0.028,650000
NWE,20070703,0.295,0.295,0.29,0.29,877035
NWK,20070703,0.22,0.225,0.22,0.225,62352
NWR,20070703,0.27,0.27,0.27,0.27,106050
NWS,20070703,26.89,26.89,26.67,26.68,3229322
NWT,20070703,0.006,0.006,0.005,0.005,1877500
NXS,20070703,1.245,1.265,1.245,1.255,1401964
NZO,20070703,1.02,1.03,1.02,1.03,86141
OAK,20070703,2.13,2.15,2.08,2.15,21577
OCL,20070703,0.76,0.76,0.755,0.755,24000
OCO,20070703,0.07,0.07,0.062,0.063,3846867
ODY,20070703,0.78,0.78,0.75,0.75,30000
OEC,20070703,0.315,0.325,0.31,0.325,783326
OEL,20070703,0.32,0.32,0.315,0.315,279685
OEX,20070703,1.45,1.49,1.445,1.49,406791
OFG,20070703,2.2,2.21,2.1,2.1,15496
OGC,20070703,3.76,3.88,3.69,3.88,244834
OIL,20070703,0.51,0.605,0.5,0.565,1057126
OKN,20070703,5.7,5.92,5.67,5.67,127356
OKU,20070703,0.31,0.31,0.3,0.3,56318
OLE,20070703,0.019,0.019,0.017,0.018,1994480
OLH,20070703,1.15,1.15,1.15,1.15,9162
OLY,20070703,0.093,0.094,0.093,0.093,316270
OMC,20070703,1.29,1.29,1.28,1.29,53766
OMH,20070703,0.83,0.85,0.82,0.845,260644
OMI,20070703,0.58,0.75,0.58,0.75,292240
ONC,20070703,0.385,0.385,0.385,0.385,42000
ONT,20070703,3,3,3,3,2500
OPI,20070703,0.036,0.036,0.036,0.036,765
ORD,20070703,0.58,0.59,0.565,0.565,169150
ORG,20070703,9.99,10.22,9.95,9.97,1935171
ORH,20070703,0.11,0.13,0.11,0.125,428500
ORI,20070703,29.99,29.99,29.63,29.79,832149
ORL,20070703,3.4,3.4,3.4,3.4,96495
ORO,20070703,0.025,0.025,0.025,0.025,100000
ORP,20070703,0.064,0.064,0.064,0.064,53950
ORT,20070703,0.014,0.014,0.014,0.014,460136
OSH,20070703,4.18,4.25,4.17,4.22,3791558
OST,20070703,6.47,6.52,6.28,6.34,2752967
OTL,20070703,0.215,0.215,0.215,0.215,196000
OVR,20070703,0.76,0.76,0.73,0.73,7000
OXR,20070703,3.57,3.65,3.56,3.65,13281683
OZB,20070703,0.092,0.092,0.092,0.092,200000
PAU,20070703,0.1,0.1,0.1,0.1,150000
PBA,20070703,1.21,1.24,1.21,1.24,58236
PBB,20070703,1.79,1.79,1.79,1.79,9635
PBD,20070703,2.3,2.3,2.25,2.28,219421
PBG,20070703,3.55,3.59,3.51,3.59,1468770
PBL,20070703,19.69,19.79,19.37,19.43,2305390
PBP,20070703,1.25,1.25,1.25,1.25,14529
PBT,20070703,0.34,0.35,0.34,0.35,90000
PCC,20070703,0.041,0.041,0.041,0.041,200000
PCG,20070703,1.04,1.055,1.03,1.05,659966
PCL,20070703,0.073,0.075,0.073,0.074,356470
PCP,20070703,0.062,0.062,0.062,0.062,10000
PDM,20070703,0.19,0.195,0.18,0.18,75314
PDN,20070703,8.15,8.32,8.07,8.25,3958363
PDO,20070703,0.87,0.87,0.86,0.86,171550
PDZ,20070703,1.06,1.12,1.06,1.12,301687
PEA,20070703,0.66,0.68,0.66,0.68,13011
PEK,20070703,0.21,0.21,0.185,0.19,84839
PEL,20070703,0.42,0.42,0.41,0.41,9550
PEM,20070703,4.42,4.49,4.37,4.44,996421
PEN,20070703,0.082,0.082,0.08,0.08,1637364
PEO,20070703,0.057,0.057,0.057,0.057,3750
PEP,20070703,0.85,0.865,0.85,0.86,83400
PES,20070703,0.8,0.82,0.735,0.77,517015
PET,20070703,1.02,1.02,1.02,1.02,22000
PEV,20070703,0.135,0.14,0.135,0.135,745600
PFG,20070703,1.04,1.08,1.04,1.05,148136
PFL,20070703,1.61,1.62,1.61,1.62,49182
PGA,20070703,6.01,6.17,6,6.17,115817
PGL,20070703,4.6,4.64,4.5,4.5,162954
PGM,20070703,0.82,0.82,0.82,0.82,10000
PGS,20070703,0.36,0.36,0.35,0.35,109750
PHK,20070703,0.26,0.26,0.26,0.26,14000
PIE,20070703,0.087,0.087,0.087,0.087,100000
PIM,20070703,1,1,0.95,0.95,5000
PIO,20070703,0.195,0.195,0.19,0.19,105853
PKT,20070703,0.074,0.074,0.071,0.071,653801
PLA,20070703,1.81,1.85,1.795,1.83,55103
PLF,20070703,1.17,1.175,1.16,1.17,211430
PLT,20070703,0.605,0.605,0.58,0.58,117797
PLV,20070703,0.89,0.9,0.88,0.88,58277
PMA,20070703,2.35,2.39,2.34,2.34,54509
PMC,20070703,2.05,2.07,2.02,2.07,177331
PME,20070703,1.35,1.355,1.35,1.355,56092
PMH,20070703,0.3,0.31,0.3,0.31,149130
PMM,20070703,9.88,10.35,9.86,10.17,105919
PMP,20070703,1.745,1.745,1.71,1.72,1303282
PMV,20070703,8.6,8.6,8.55,8.55,20800
PMX,20070703,0.031,0.031,0.031,0.031,26209
PNA,20070703,0.63,0.655,0.63,0.64,4897191
PNN,20070703,1.63,1.68,1.63,1.65,90219
PNO,20070703,0.023,0.023,0.022,0.022,322580
POH,20070703,0.28,0.285,0.28,0.28,106193
POL,20070703,0.45,0.47,0.43,0.45,345872
PPC,20070703,4.09,4.12,4.02,4.03,71205
PPD,20070703,0.18,0.18,0.18,0.18,308000
PPG,20070703,0.405,0.435,0.4,0.4,207500
PPI,20070703,0.62,0.62,0.61,0.61,68219
PPK,20070703,0.79,0.79,0.79,0.79,27495
PPN,20070703,0.12,0.12,0.12,0.12,6000
PPP,20070703,0.295,0.31,0.29,0.3,3736583
PPS,20070703,0.9,0.92,0.9,0.92,96100
PPT,20070703,80.5,81.16,80.5,80.89,72277
PPX,20070703,3.74,3.74,3.66,3.68,1351246
PPY,20070703,0.85,0.855,0.83,0.83,56524
PRE,20070703,0.034,0.034,0.032,0.032,8583257
PRG,20070703,6.1,6.12,5.92,5.94,185553
PRO,20070703,0.38,0.38,0.38,0.38,19909
PRR,20070703,0.025,0.025,0.025,0.025,250000
PRT,20070703,3.72,3.75,3.72,3.75,18501
PRU,20070703,1.15,1.15,1.115,1.115,402920
PRV,20070703,1.19,1.22,1.185,1.185,171497
PRW,20070703,0.21,0.21,0.2,0.2,108034
PRY,20070703,12.7,12.72,12.59,12.69,90579
PSA,20070703,1.47,1.475,1.45,1.455,336579
PSD,20070703,0.15,0.15,0.14,0.145,3674324
PSH,20070703,1.4,1.43,1.385,1.43,52184
PST,20070703,0.645,0.645,0.63,0.63,15000
PSV,20070703,0.22,0.225,0.205,0.21,20862540
PTD,20070703,1.475,1.49,1.445,1.45,280560
PTM,20070703,7.4,7.41,7.19,7.2,385854
PTO,20070703,0.165,0.165,0.165,0.165,13655
PTR,20070703,1.27,1.3,1.225,1.26,117008
PTS,20070703,0.24,0.24,0.225,0.225,12145
PUN,20070703,0.205,0.22,0.19,0.19,101000
PVE,20070703,1.62,1.62,1.62,1.62,2000
PWK,20070703,3.43,3.45,3.42,3.42,23512
PWR,20070703,0.225,0.225,0.225,0.225,1100
PXR,20070703,0.195,0.2,0.195,0.195,31663
PXS,20070703,3.21,3.21,3.11,3.16,279663
PYC,20070703,0.33,0.33,0.315,0.32,124000
PYM,20070703,0.525,0.53,0.48,0.485,382576
QAN,20070703,5.58,5.59,5.38,5.46,68953622
QBE,20070703,31.2,31.23,30.85,30.9,2623397
QCH,20070703,5.88,5.88,5.88,5.88,45702
QGC,20070703,2.93,3,2.93,3,1087037
QGM,20070703,0.17,0.175,0.17,0.17,56643
QHL,20070703,0.95,1,0.94,0.94,114120
QMG,20070703,0.27,0.27,0.255,0.255,78863
QMT,20070703,3.15,3.17,3.1,3.11,48394
QOL,20070703,0.365,0.385,0.355,0.355,3232215
QRX,20070703,1.7,1.7,1.7,1.7,79499
QTK,20070703,0.115,0.115,0.115,0.115,5000
QUR,20070703,0.034,0.036,0.034,0.036,287050
QXQ,20070703,0.089,0.09,0.084,0.09,531100
RAT,20070703,1.09,1.095,1.08,1.095,6195578
RAU,20070703,0.016,0.017,0.016,0.017,5810496
RBM,20070703,0.13,0.13,0.13,0.13,567569
RBR,20070703,0.155,0.155,0.15,0.15,106014
RBY,20070703,0.024,0.024,0.024,0.024,90000
RCH,20070703,0.007,0.007,0.007,0.007,150000
RCO,20070703,0.95,0.955,0.95,0.95,20000
RCR,20070703,2.13,2.16,2.1,2.16,232432
RCT,20070703,3.96,3.96,3.95,3.95,4200
RDF,20070703,3.04,3.06,3.04,3.05,106196
RDM,20070703,0.42,0.42,0.395,0.42,78068
RDR,20070703,0.46,0.46,0.46,0.46,10800
RDS,20070703,1.65,1.65,1.475,1.57,27500
REA,20070703,5.79,5.79,5.65,5.73,30185
RED,20070703,0.092,0.092,0.09,0.091,284500
REF,20070703,6,6,5.88,6,44019
REH,20070703,28.05,28.05,28,28,171482
REO,20070703,0.025,0.025,0.024,0.024,1001054
REU,20070703,0.99,0.99,0.95,0.98,2682176
REX,20070703,2.74,2.77,2.72,2.75,43658
REY,20070703,0.09,0.095,0.09,0.095,111930
RFE,20070703,0.6,0.62,0.58,0.59,200500
RFG,20070703,1.5,1.5,1.5,1.5,3000
RGP,20070703,0.155,0.155,0.155,0.155,20000
RHC,20070703,11.45,11.56,11.43,11.5,327282
RHD,20070703,0.6,0.61,0.6,0.61,16800
RHI,20070703,2.73,2.75,2.7,2.75,43040
RHL,20070703,4.1,4.15,4,4.1,65620
RHT,20070703,0.015,0.015,0.015,0.015,2076
RIA,20070703,0.49,0.49,0.48,0.48,25611
RIC,20070703,1.155,1.17,1.15,1.16,527539
RIM,20070703,0.059,0.059,0.054,0.059,676500
RIN,20070703,18.6,18.63,18.51,18.55,5365929
RIO,20070703,100.85,100.99,100.05,100.7,2296161
RIV,20070703,3.25,3.29,3.2,3.2,397576
RJT,20070703,0.98,0.99,0.97,0.975,670190
RKN,20070703,1.27,1.27,1.255,1.27,90684
RLC,20070703,0.24,0.255,0.24,0.255,113500
RMA,20070703,0.022,0.024,0.022,0.024,557363
RMC,20070703,0.18,0.18,0.18,0.18,75000
RMD,20070703,4.88,4.9,4.81,4.83,2095968
RMG,20070703,0.036,0.038,0.035,0.035,6219113
RMI,20070703,0.064,0.065,0.061,0.062,4540395
RML,20070703,0.61,0.62,0.55,0.56,529078
RMS,20070703,1.55,1.62,1.54,1.61,189691
RMT,20070703,1.65,1.67,1.65,1.67,10950
RNC,20070703,0.13,0.13,0.13,0.13,15000
RNG,20070703,0.09,0.094,0.085,0.089,2299768
RNI,20070703,0.28,0.28,0.28,0.28,400
RNY,20070703,1.145,1.16,1.145,1.155,908070
ROC,20070703,3.45,3.45,3.36,3.36,723664
ROG,20070703,0.18,0.18,0.18,0.18,28495
ROK,20070703,5.27,5.27,5.21,5.25,34792
ROY,20070703,0.515,0.515,0.48,0.48,135006
RPG,20070703,1.3,1.3,1.3,1.3,300
RPX,20070703,2.2,2.2,2.2,2.2,23100
RRA,20070703,0.81,0.83,0.78,0.82,712696
RRL,20070703,0.105,0.11,0.105,0.105,4205922
RRS,20070703,0.99,0.995,0.93,0.985,1435161
RRT,20070703,0.89,0.895,0.875,0.885,3360840
RSG,20070703,1.54,1.55,1.5,1.5,1624629
RSL,20070703,0.03,0.03,0.026,0.026,2886765
RSN,20070703,0.071,0.072,0.071,0.072,200000
RSP,20070703,2.07,2.15,2.05,2.15,390556
RUB,20070703,0.93,0.93,0.92,0.92,35000
RUR,20070703,0.22,0.22,0.22,0.22,25000
RVM,20070703,0.3,0.31,0.29,0.31,122500
RVR,20070703,0.24,0.24,0.22,0.23,143500
RWD,20070703,0.925,0.93,0.87,0.88,253585
RXL,20070703,0.385,0.415,0.385,0.395,640490
SAE,20070703,0.49,0.495,0.475,0.475,1416290
SAI,20070703,3.78,3.78,3.69,3.72,446430
SAQ,20070703,5.9,5.91,5.9,5.91,9841
SAR,20070703,0.45,0.45,0.43,0.43,431343
SAU,20070703,0.345,0.345,0.33,0.33,250100
SBC,20070703,17.3,17.54,17.22,17.28,337260
SBI,20070703,0.28,0.28,0.28,0.28,17523
SBL,20070703,0.041,0.041,0.039,0.039,3185600
SBM,20070703,0.5,0.5,0.48,0.48,1358012
SBP,20070703,0.038,0.043,0.038,0.043,564400
SBR,20070703,0.34,0.34,0.34,0.34,5000
SBS,20070703,0.097,0.098,0.096,0.096,347983
SCB,20070703,1.06,1.06,1.06,1.06,4713
SCE,20070703,0.024,0.025,0.023,0.024,1899000
SDG,20070703,4.1,4.12,4.06,4.1,958729
SDI,20070703,0.49,0.5,0.49,0.5,76403
SDL,20070703,0.505,0.53,0.465,0.465,42685584
SDM,20070703,3.35,3.37,3.33,3.34,197028
SEA,20070703,0.495,0.51,0.495,0.505,551496
SEG,20070703,0.16,0.16,0.16,0.16,12533
SEK,20070703,7.59,7.82,7.58,7.75,1454009
SEN,20070703,0.135,0.14,0.13,0.135,1157500
SEV,20070703,11.39,11.39,11.09,11.15,536228
SFC,20070703,8.68,8.68,8.68,8.68,18710
SFH,20070703,1.775,1.82,1.77,1.78,60996
SFP,20070703,0.54,0.54,0.54,0.54,6500
SFY,20070703,59.11,59.4,59.11,59.4,5467
SGB,20070703,35.42,35.84,35.39,35.82,1007943
SGH,20070703,1.685,1.69,1.67,1.69,279972
SGL,20070703,0.38,0.385,0.375,0.38,961056
SGM,20070703,27,27,26.63,26.8,251949
SGN,20070703,2.92,2.95,2.87,2.91,803926
SGP,20070703,8.37,8.45,8.21,8.45,10029790
SGT,20070703,2.65,2.65,2.61,2.61,3400251
SGX,20070703,5.72,5.72,5.51,5.54,487385
SHC,20070703,0.2,0.2,0.2,0.2,15000
SHE,20070703,0.4,0.4,0.4,0.4,7460
SHG,20070703,1.27,1.27,1.23,1.23,205609
SHL,20070703,15,15.1,14.91,14.97,705014
SHV,20070703,11.25,11.25,11.19,11.25,27957
SHX,20070703,0.39,0.39,0.39,0.39,1628
SIE,20070703,0.085,0.085,0.085,0.085,224775
SIM,20070703,0.88,0.9,0.855,0.9,182747
SIP,20070703,1.88,1.88,1.695,1.745,53746215
SIV,20070703,1.65,1.65,1.62,1.62,3700
SKC,20070703,4.54,4.62,4.54,4.61,5768
SKE,20070703,5.16,5.19,5.16,5.17,19494
SKI,20070703,1.96,1.975,1.945,1.97,1447906
SKS,20070703,0.6,0.6,0.6,0.6,5000
SLA,20070703,1.23,1.3,1.23,1.29,342100
SLD,20070703,0.25,0.25,0.225,0.25,93800
SLF,20070703,21.87,22.1,21.87,21.87,12462
SLM,20070703,4.45,4.5,4.41,4.46,92169
SLT,20070703,0.024,0.024,0.023,0.023,350000
SLV,20070703,2.61,2.62,2.55,2.59,91138
SLX,20070703,12.48,12.48,12.21,12.21,69453
SMA,20070703,0.041,0.041,0.04,0.04,40000
SMC,20070703,0.13,0.13,0.13,0.13,89113
SML,20070703,0.026,0.029,0.025,0.027,6162347
SMM,20070703,3.6,3.6,3.55,3.58,67220
SMN,20070703,0.17,0.17,0.165,0.17,76500
SMX,20070703,5.8,5.8,5.72,5.77,129078
SMY,20070703,4.06,4.22,4.06,4.2,878938
SMZ,20070703,0.2,0.2,0.195,0.2,85000
SNN,20070703,0.165,0.17,0.165,0.165,375000
SNO,20070703,0.83,0.83,0.81,0.83,47275
SNU,20070703,0.255,0.265,0.25,0.25,347477
SOE,20070703,0.245,0.245,0.24,0.24,2261712
SOL,20070703,10.06,10.06,10,10,127821
SOM,20070703,0.018,0.018,0.017,0.017,1217352
SOO,20070703,0.105,0.11,0.105,0.11,80000
SOT,20070703,0.905,0.92,0.89,0.9,998069
SPH,20070703,3.5,3.6,3.5,3.52,77770
SPL,20070703,0.37,0.38,0.37,0.38,56900
SPN,20070703,1.475,1.48,1.465,1.475,5153763
SPT,20070703,4.87,4.92,4.82,4.92,264974
SRA,20070703,0.039,0.041,0.039,0.04,944052
SRB,20070703,1.63,1.63,1.55,1.55,42895
SRH,20070703,2.7,2.79,2.7,2.79,36975
SRI,20070703,0.12,0.125,0.115,0.12,990542
SRK,20070703,2.04,2.21,2.04,2.15,403080
SRL,20070703,4.75,4.95,4.75,4.9,3039372
SRR,20070703,0.185,0.19,0.17,0.19,109650
SRV,20070703,4.9,4.9,4.72,4.9,34609
SRX,20070703,3.55,3.55,3.47,3.5,27977
SRZ,20070703,0.28,0.285,0.275,0.275,54150
SSC,20070703,0.049,0.049,0.047,0.047,2929100
SSI,20070703,2.29,2.29,2.25,2.25,9200
SSM,20070703,1.84,1.945,1.835,1.94,516894
SSN,20070703,0.21,0.21,0.21,0.21,473000
SST,20070703,8.65,8.65,8.65,8.65,269
SSX,20070703,2.68,2.69,2.61,2.63,2179337
STB,20070703,0.215,0.215,0.215,0.215,36000
STC,20070703,0.94,0.94,0.91,0.91,10000
STE,20070703,0.14,0.15,0.14,0.15,307296
STG,20070703,1.575,1.575,1.575,1.575,72627
STI,20070703,0.07,0.07,0.065,0.066,50400
STO,20070703,13.91,13.91,13.72,13.77,4433031
STP,20070703,0.08,0.084,0.077,0.084,727781
STS,20070703,2.68,2.74,2.66,2.66,62861
STU,20070703,0.92,0.93,0.9,0.93,31901
STW,20070703,60.76,60.77,60.5,60.5,40981
STX,20070703,0.26,0.26,0.255,0.255,379485
SUL,20070703,4.6,4.6,4.42,4.42,110552
SUN,20070703,20.15,20.24,20.03,20.08,3014461
SUR,20070703,0.083,0.083,0.083,0.083,18991
SVL,20070703,0.19,0.205,0.19,0.19,95000
SVM,20070703,0.535,0.535,0.53,0.53,160000
SWG,20070703,0.013,0.013,0.012,0.012,2500000
SWK,20070703,1.12,1.18,1.12,1.17,184396
SWN,20070703,0.38,0.4,0.35,0.35,206825
SXP,20070703,0.285,0.285,0.26,0.27,4594318
SXX,20070703,0.105,0.105,0.105,0.105,125000
SYB,20070703,4.07,4.09,4.06,4.07,10083972
SYG,20070703,0.017,0.017,0.016,0.016,868165
SYL,20070703,5.5,5.5,5.46,5.46,4700
SYM,20070703,0.67,0.67,0.63,0.63,218907
SYN,20070703,0.8,0.8,0.705,0.705,21512
SYP,20070703,0.86,0.86,0.855,0.855,38450
TAH,20070703,17.27,17.57,17.08,17.25,1889504
TAL,20070703,2.32,2.33,2.27,2.28,157890
TAM,20070703,0.145,0.15,0.145,0.145,1057422
TAN,20070703,0.415,0.415,0.415,0.415,1100
TAP,20070703,1.85,1.86,1.835,1.85,558598
TAS,20070703,0.27,0.27,0.26,0.26,219780
TBG,20070703,1.82,1.86,1.82,1.82,16255
TCL,20070703,7.98,8.15,7.98,8.06,2139934
TCN,20070703,0.135,0.16,0.135,0.16,10000
TCQ,20070703,2.81,2.81,2.66,2.8,191875
TDR,20070703,0.04,0.041,0.037,0.037,1504825
TEE,20070703,0.019,0.019,0.019,0.019,100000
TEL,20070703,4.15,4.24,4.15,4.22,14966400
TEN,20070703,2.74,2.74,2.71,2.72,1128449
TEX,20070703,0.175,0.175,0.17,0.175,86000
TEY,20070703,0.81,0.815,0.8,0.815,103500
TFC,20070703,0.97,0.98,0.96,0.97,127527
TGF,20070703,0.58,0.58,0.58,0.58,35000
TGG,20070703,1.54,1.58,1.525,1.525,98754
TGP,20070703,2.25,2.25,2.16,2.2,7979
TGR,20070703,3.28,3.28,3.21,3.21,72961
TGS,20070703,0.62,0.62,0.61,0.61,57822
THG,20070703,1.125,1.13,1.125,1.125,471358
THK,20070703,0.265,0.265,0.255,0.255,344565
THO,20070703,0.96,0.96,0.95,0.95,34453
THR,20070703,0.37,0.37,0.345,0.345,254578
THX,20070703,0.63,0.63,0.6,0.6,320547
TIM,20070703,2.1,2.14,2.1,2.13,781240
TJN,20070703,1.155,1.155,1.155,1.155,4000
TKG,20070703,0.012,0.012,0.012,0.012,1119600
TLM,20070703,0.17,0.17,0.17,0.17,30000
TLS,20070703,4.63,4.64,4.6,4.61,19643339
TMM,20070703,1.02,1.02,1.02,1.02,8000
TMR,20070703,0.265,0.27,0.26,0.27,1643951
TMX,20070703,0.185,0.2,0.185,0.19,397462
TNC,20070703,0.047,0.048,0.045,0.045,880000
TNE,20070703,1.165,1.2,1.155,1.16,135469
TNG,20070703,1.03,1.07,1.02,1.02,320351
TNL,20070703,0.505,0.53,0.505,0.53,502260
TOE,20070703,0.92,0.93,0.89,0.91,259465
TOL,20070703,14.95,15.12,14.92,15.01,3767709
TOX,20070703,2.32,2.34,2.29,2.31,386855
TPF,20070703,1.02,1.02,1.02,1.02,36335
TPI,20070703,13.5,13.54,13.1,13.25,451593
TPX,20070703,7.3,7.3,7.12,7.12,2383
TQH,20070703,0.3,0.3,0.3,0.3,700
TRF,20070703,1.12,1.19,1.1,1.11,432824
TRG,20070703,15.5,15.55,15.4,15.5,62385
TRH,20070703,0.35,0.35,0.33,0.35,94000
TRJ,20070703,0.325,0.33,0.325,0.33,3050
TRO,20070703,1.28,1.38,1.28,1.37,165184
TRS,20070703,12.8,13.01,12.74,12.95,19434
TRU,20070703,11.85,11.85,11.8,11.8,15020
TRY,20070703,2.35,2.35,2.31,2.32,62985
TSE,20070703,11.33,11.47,11.29,11.47,383974
TSH,20070703,0.4,0.4,0.4,0.4,1250
TSI,20070703,2.32,2.4,2.32,2.36,543707
TSM,20070703,2.17,2.19,2.14,2.15,99052
TSO,20070703,2.4,2.4,2.35,2.38,1886816
TSV,20070703,0.025,0.025,0.024,0.024,300000
TTI,20070703,0.43,0.435,0.43,0.43,201169
TTR,20070703,0.1,0.1,0.1,0.1,427012
TTS,20070703,4.77,4.78,4.67,4.7,3815847
TTV,20070703,0.25,0.295,0.25,0.295,75984
TTY,20070703,1.25,1.35,0.99,1.05,3051665
TUC,20070703,0.48,0.5,0.475,0.5,50000
TVL,20070703,0.31,0.31,0.28,0.28,348810
TWO,20070703,2.87,2.9,2.84,2.84,57418
TWR,20070703,2.17,2.17,2.1,2.13,1307855
TWT,20070703,0.6,0.63,0.6,0.63,15700
TXN,20070703,0.6,0.6,0.56,0.56,38600
TZL,20070703,2.43,2.5,2.42,2.5,6045
TZN,20070703,2.94,2.95,2.88,2.92,150413
UBI,20070703,1.43,1.47,1.4,1.4,314000
UCL,20070703,0.027,0.028,0.027,0.028,315784
UCM,20070703,0.39,0.39,0.39,0.39,11400
UCW,20070703,1.04,1.04,1.03,1.03,3500
UEQ,20070703,0.47,0.5,0.465,0.48,329991
UGL,20070703,17,18.1,17,17.74,1209378
UKL,20070703,1.21,1.31,1.21,1.29,232260
ULT,20070703,0.054,0.054,0.054,0.054,50000
UMC,20070703,0.975,1.005,0.92,0.92,442928
UMS,20070703,1.16,1.16,1.16,1.16,67455
UNI,20070703,0.27,0.275,0.27,0.275,502218
UNW,20070703,0.25,0.275,0.25,0.275,135610
UNX,20070703,1.815,1.82,1.8,1.8,72406
UOG,20070703,0.135,0.135,0.135,0.135,35000
URA,20070703,0.385,0.385,0.35,0.36,228900
URL,20070703,0.105,0.105,0.1,0.1,525150
URM,20070703,0.25,0.25,0.24,0.24,227850
URO,20070703,0.17,0.18,0.165,0.165,292338
USA,20070703,0.33,0.355,0.33,0.35,34250
UTO,20070703,0.58,0.595,0.575,0.595,38177
UUL,20070703,0.46,0.46,0.45,0.45,23548
UXA,20070703,0.35,0.36,0.345,0.35,47174
UXC,20070703,2.5,2.5,2.41,2.41,282155
VBA,20070703,2.4,2.41,2.37,2.38,132715
VCN,20070703,0.465,0.49,0.465,0.485,527200
VCR,20070703,0.815,0.815,0.8,0.8,409623
VGH,20070703,2.89,2.92,2.89,2.9,784620
VGP,20070703,0.205,0.205,0.2,0.2,18482
VHL,20070703,0.11,0.11,0.1,0.1,714000
VIL,20070703,0.1,0.105,0.1,0.105,1671557
VIR,20070703,1.09,1.09,1.06,1.06,195857
VKI,20070703,1.08,1.08,1.08,1.08,5000
VLA,20070703,0.09,0.09,0.086,0.09,674950
VLL,20070703,0.04,0.041,0.04,0.041,56000
VMG,20070703,2.8,2.81,2.76,2.79,339322
VML,20070703,0.65,0.66,0.645,0.65,93134
VMS,20070703,0.28,0.3,0.28,0.3,57000
VMT,20070703,0.205,0.205,0.19,0.19,272338
VNS,20070703,0.65,0.665,0.65,0.665,62274
VPE,20070703,0.175,0.175,0.17,0.175,247071
VPG,20070703,2.02,2.03,1.99,2.01,23430830
VRE,20070703,0.42,0.43,0.415,0.425,1244946
VRL,20070703,3.34,3.45,3.24,3.4,61257
VSG,20070703,0.022,0.022,0.021,0.022,4018355
VTP,20070703,1.36,1.36,1.36,1.36,10477
WAB,20070703,1.04,1.04,1.03,1.03,109385
WAG,20070703,0.02,0.02,0.019,0.019,3856929
WAL,20070703,0.26,0.265,0.23,0.23,275089
WAM,20070703,1.83,1.835,1.81,1.835,70750
WAN,20070703,14.34,14.71,14.28,14.55,643523
WAS,20070703,0.041,0.043,0.041,0.041,1730073
WAT,20070703,1.6,1.6,1.6,1.6,1139
WBA,20070703,1.25,1.295,1.25,1.25,46200
WBB,20070703,12,12.05,11.95,12.05,8153
WBC,20070703,26.04,26.11,25.82,26.11,6465202
WCP,20070703,0.14,0.15,0.14,0.14,2919087
WDC,20070703,20.17,20.22,19.93,20.05,5913265
WDS,20070703,2.5,2.5,2.32,2.5,231298
WEB,20070703,1.25,1.3,1.25,1.3,72990
WEC,20070703,2.83,2.85,2.83,2.85,16102
WES,20070703,44,44,42.55,42.6,6950258
WEZ,20070703,0.09,0.098,0.087,0.087,999088
WFL,20070703,1.65,1.65,1.6,1.6,28790
WGP,20070703,0.155,0.155,0.155,0.155,10000
WGR,20070703,0.37,0.37,0.355,0.355,89499
WHC,20070703,2.01,2.05,1.97,1.97,207071
WHE,20070703,2.62,2.62,2.5,2.6,491760
WHF,20070703,4.75,4.79,4.75,4.78,16850
WHG,20070703,2.57,2.57,2.5,2.51,267003
WHS,20070703,5.53,5.55,5.53,5.55,5165
WIG,20070703,3.16,3.18,3.15,3.18,164050
WIL,20070703,1.18,1.18,1.17,1.175,68170
WKR,20070703,0.3,0.31,0.3,0.31,62300
WLS,20070703,1.15,1.155,1.15,1.155,85048
WME,20070703,0.25,0.25,0.24,0.245,1159002
WMT,20070703,0.21,0.215,0.205,0.205,3499354
WOR,20070703,33.73,33.91,33.18,33.23,752774
WOW,20070703,27.7,28.04,27.7,27.82,3647916
WPG,20070703,1.32,1.32,1.255,1.255,285297
WPL,20070703,46.5,46.69,46.1,46.33,1190053
WRK,20070703,0.6,0.61,0.595,0.6,248741
WRL,20070703,0.355,0.38,0.355,0.38,373958
WSA,20070703,4.85,4.95,4.76,4.95,849366
WST,20070703,0.45,0.45,0.45,0.45,10331
WSY,20070703,0.038,0.038,0.038,0.038,3000000
WTE,20070703,0.094,0.094,0.073,0.089,9269032
WTF,20070703,5.4,5.42,5.27,5.31,726109
WTN,20070703,0.305,0.31,0.3,0.305,59470
WTP,20070703,6,6,5.95,6,66302
WWA,20070703,2.45,2.46,2.45,2.46,10900
WWM,20070703,0.23,0.23,0.225,0.225,170245
WYL,20070703,3.15,3.15,3.08,3.1,270912
XAF,20070703,6074.8,6074.8,6074.8,6074.8,0
XAO,20070703,6315.2,6353.4,6298.6,6333.8,0
XAT,20070703,630100,630100,630100,630100,0
XBL,20070703,0.165,0.165,0.165,0.165,12000
XDJ,20070703,2864,2886.2,2850.8,2855.2,0
XEJ,20070703,14690.8,14923.9,14681.2,14827.5,0
XEN,20070703,0.11,0.11,0.11,0.11,824000
XFJ,20070703,7049.1,7095.2,7038.1,7078.4,0
XFL,20070703,6056.3,6090.7,6034.9,6072.3,0
XGD,20070703,4802.8,4802.8,4802.8,4802.8,0
XHJ,20070703,8513,8553.6,8338,8365.9,0
XIJ,20070703,660.2,665.5,651.1,657.4,0
XJO,20070703,6282.1,6319.3,6263.3,6299,0
XKO,20070703,6303,6340.2,6284.4,6319.7,0
XMD,20070703,6485.5,6534.4,6473.8,6488.2,0
XMJ,20070703,13381.9,13488.3,13249.9,13479.2,0
XMM,20070703,4648.8,4648.8,4648.8,4648.8,0
XNJ,20070703,7167.8,7181.7,7094.2,7114.5,0
XPJ,20070703,2367.9,2387.5,2363.8,2376.6,0
XRF,20070703,0.13,0.13,0.13,0.13,0
XSJ,20070703,8044.2,8238.6,8044.2,8188.8,0
XSO,20070703,3976,4005.6,3972.4,3997,0
XST,20070703,0.2,0.2,0.19,0.2,142000
XTJ,20070703,1661,1668.5,1643.4,1658.8,0
XTL,20070703,3326.8,3343.4,3312.9,3337.3,0
XTO,20070703,5054.3,5083.3,5038.1,5065.9,0
XUJ,20070703,7573.1,7607.2,7532.6,7544.3,0
XXJ,20070703,7305.4,7350.8,7291.1,7336.8,0
YGL,20070703,0.23,0.23,0.22,0.225,209328
YML,20070703,0.49,0.54,0.49,0.51,445480
YRR,20070703,0.4,0.41,0.4,0.4,80048
ZDX,20070703,0.35,0.4,0.35,0.35,464360
ZFX,20070703,18.77,18.99,18.72,18.98,2773849
ZGM,20070703,0.25,0.26,0.25,0.25,378140
ZIM,20070703,14.5,15,14.5,15,8920
ZNC,20070703,0.41,0.43,0.405,0.405,65282
ZYL,20070703,0.06,0.06,0.058,0.058,605182
