AAC,20070618,2.75,2.75,2.61,2.67,190685
AAE,20070618,0.335,0.335,0.32,0.325,362568
AAM,20070618,0.205,0.21,0.2,0.21,75000
AAN,20070618,15.18,15.2,15.13,15.16,1378782
AAO,20070618,0.185,0.185,0.185,0.185,45000
AAR,20070618,0.12,0.125,0.11,0.11,9797852
AAS,20070618,0.14,0.15,0.14,0.145,846000
AAT,20070618,0.085,0.087,0.085,0.087,160000
AAU,20070618,0.335,0.34,0.335,0.335,116668
AAX,20070618,7.85,7.97,7.65,7.97,220713
ABB,20070618,9,9.05,8.8,8.82,170500
ABC,20070618,3.55,3.56,3.48,3.48,474150
ABI,20070618,0.034,0.036,0.034,0.036,176800
ABJ,20070618,0.068,0.07,0.066,0.066,901950
ABP,20070618,1.99,1.995,1.915,1.94,663545
ABQ,20070618,0.4,0.415,0.4,0.415,214500
ABS,20070618,7.11,7.18,7.1,7.15,2263566
ABU,20070618,0.15,0.16,0.15,0.155,592413
ABW,20070618,11.75,11.8,11.75,11.8,886
ABY,20070618,2.78,3.02,2.78,2.9,3131339
ACB,20070618,1.815,1.86,1.78,1.8,645333
ACE,20070618,0.25,0.25,0.25,0.25,5000
ACG,20070618,0.145,0.145,0.145,0.145,12000
ACL,20070618,1.04,1.04,0.98,0.98,194970
ACR,20070618,1.555,1.6,1.54,1.56,422125
ACS,20070618,0.14,0.14,0.14,0.14,572000
ACX,20070618,0.065,0.065,0.065,0.065,12000
ADA,20070618,0.785,0.785,0.78,0.78,16948
ADB,20070618,15.13,15.3,15.09,15.3,168015
ADE,20070618,0.2,0.2,0.17,0.18,5543967
ADG,20070618,4.02,4.02,4.02,4.02,520
ADI,20070618,0.58,0.58,0.555,0.57,241385
ADL,20070618,0.08,0.08,0.073,0.077,527300
ADN,20070618,0.55,0.555,0.52,0.54,291837
ADS,20070618,0.24,0.285,0.24,0.265,11846845
ADT,20070618,0.8,0.8,0.625,0.695,103160
ADU,20070618,0.565,0.59,0.565,0.59,233195
ADX,20070618,0.06,0.06,0.057,0.06,1062867
ADY,20070618,0.2,0.21,0.195,0.195,8100960
AEC,20070618,4.1,4.15,4.08,4.15,17680
AED,20070618,7.14,7.3,7.1,7.29,479296
AEE,20070618,0.44,0.48,0.43,0.48,311830
AEF,20070618,54.01,54.01,54.01,54.01,150
AEI,20070618,0.48,0.48,0.48,0.48,7000
AEO,20070618,1.99,1.99,1.94,1.97,80935
AEP,20070618,4.2,4.21,4.2,4.2,556539
AET,20070618,1.05,1.05,1.05,1.05,25519
AEU,20070618,1.85,1.875,1.83,1.83,129245
AEX,20070618,0.046,0.047,0.046,0.046,1669370
AEZ,20070618,1.255,1.295,1.25,1.29,3376126
AFG,20070618,11.22,11.44,11.16,11.37,817558
AFI,20070618,5.68,5.69,5.64,5.65,419907
AFR,20070618,0.78,0.78,0.775,0.775,38000
AFT,20070618,0.004,0.005,0.004,0.004,2534890
AGD,20070618,0.28,0.28,0.27,0.27,29575
AGF,20070618,1.25,1.25,1.225,1.225,452175
AGG,20070618,9.8,9.8,9.7,9.75,5145
AGI,20070618,0.42,0.425,0.415,0.42,119660
AGK,20070618,15.33,15.47,15.26,15.31,1316298
AGM,20070618,0.86,0.9,0.86,0.89,3712606
AGO,20070618,1.195,1.4,1.195,1.38,2796015
AGS,20070618,2.08,2.13,2,2,699671
AGX,20070618,0.14,0.14,0.13,0.13,1077925
AHD,20070618,6.06,6.11,6.06,6.1,13199
AHE,20070618,4.1,4.1,4.07,4.1,13043
AHI,20070618,3.4,3.4,3.4,3.4,20082
AHN,20070618,0.43,0.43,0.425,0.425,1800
AHS,20070618,0.905,0.905,0.9,0.9,127374
AIA,20070618,2.7,2.94,2.7,2.85,3338938
AIE,20070618,0.13,0.135,0.115,0.135,825974
AII,20070618,0.225,0.225,0.22,0.22,177000
AIM,20070618,0.35,0.35,0.34,0.34,5332615
AIO,20070618,11.25,11.63,11.22,11.38,4645152
AIV,20070618,0.145,0.15,0.145,0.145,49540
AIX,20070618,3.19,3.23,3.18,3.2,7424983
AIY,20070618,0.06,0.06,0.06,0.06,6666
AIZ,20070618,2.75,2.8,2.75,2.77,65428
AJL,20070618,1.695,1.695,1.665,1.665,37609
AKK,20070618,0.375,0.385,0.365,0.37,800391
ALB,20070618,2.93,2.93,2.81,2.85,82819
ALD,20070618,0.465,0.53,0.465,0.52,3517745
ALK,20070618,0.37,0.385,0.365,0.385,365659
ALL,20070618,15.1,15.12,14.91,14.95,3476694
ALR,20070618,1.96,1.98,1.96,1.98,17488
ALS,20070618,13.98,14,13.8,13.99,128497
ALT,20070618,0.017,0.019,0.017,0.019,175000
ALU,20070618,1.29,1.3,1.27,1.27,10416
ALZ,20070618,2.29,2.29,2.23,2.23,756347
AMA,20070618,0.42,0.42,0.41,0.415,64000
AMC,20070618,7.2,7.35,7.19,7.3,1906909
AMH,20070618,0.75,0.75,0.74,0.75,234105
AMM,20070618,0.225,0.245,0.22,0.22,6550525
AMO,20070618,0.68,0.72,0.68,0.72,43000
AMP,20070618,10.15,10.25,10.14,10.22,4386881
AMU,20070618,0.83,0.835,0.81,0.825,522971
AND,20070618,0.735,0.75,0.725,0.75,423519
ANE,20070618,6.3,6.35,6.3,6.35,26761
ANG,20070618,1.55,1.56,1.54,1.56,85608
ANH,20070618,0.08,0.082,0.08,0.08,1111172
ANM,20070618,0.305,0.305,0.3,0.3,20102
ANN,20070618,12.3,12.43,12.22,12.32,324968
ANO,20070618,0.14,0.14,0.14,0.14,20000
ANP,20070618,0.033,0.04,0.033,0.035,5487552
ANX,20070618,0.19,0.19,0.185,0.185,30638
ANZ,20070618,29.15,29.32,29.13,29.27,6448567
AOC,20070618,0.125,0.125,0.12,0.12,180000
AOE,20070618,2.91,3.08,2.91,3.06,2427635
AOI,20070618,0.059,0.061,0.058,0.06,2564311
AOM,20070618,0.015,0.018,0.015,0.018,522686
AOP,20070618,0.31,0.31,0.285,0.305,172204
APA,20070618,4.27,4.29,4.21,4.23,341459
APB,20070618,0.135,0.135,0.125,0.125,1161533
APD,20070618,2.95,3.1,2.95,3.07,221735
APE,20070618,15,15,15,15,550
APG,20070618,0.13,0.13,0.125,0.125,1022171
API,20070618,2.31,2.34,2.26,2.28,1292070
APK,20070618,0.65,0.65,0.63,0.65,48999
APM,20070618,0.021,0.021,0.02,0.02,250000
APN,20070618,5.76,5.8,5.71,5.8,511675
APR,20070618,1.84,1.84,1.83,1.83,9890
APV,20070618,0.095,0.1,0.095,0.1,100000
APZ,20070618,2.26,2.27,2.21,2.26,196051
AQA,20070618,5.5,5.5,5.5,5.5,14801
AQD,20070618,0.24,0.25,0.225,0.24,329925
AQL,20070618,0.019,0.019,0.019,0.019,270000
AQP,20070618,36.1,36.1,35.5,36,79757
AQR,20070618,0.24,0.24,0.22,0.24,860000
ARA,20070618,0.66,0.665,0.66,0.66,57092
ARE,20070618,0.22,0.22,0.22,0.22,38290
ARG,20070618,8.05,8.09,7.99,8,203427
ARH,20070618,1.58,1.6,1.535,1.545,198266
ARJ,20070618,0.012,0.012,0.012,0.012,1927850
ARM,20070618,0.61,0.65,0.54,0.57,981612
ARO,20070618,0.034,0.039,0.034,0.034,237333
ARP,20070618,4.45,4.45,4.45,4.45,5000
ARQ,20070618,1.835,1.845,1.805,1.805,2435862
ARR,20070618,3.25,3.26,3.05,3.07,701558
ARU,20070618,1.55,1.56,1.5,1.51,179399
ARW,20070618,0.405,0.415,0.395,0.395,655660
ARX,20070618,0.024,0.025,0.023,0.023,1432000
ASB,20070618,3.9,3.92,3.81,3.85,506858
ASC,20070618,0.025,0.026,0.025,0.026,59523
ASL,20070618,2.59,2.69,2.59,2.69,82424
ASP,20070618,0.4,0.4,0.4,0.4,20000
ASQ,20070618,0.385,0.385,0.38,0.38,50300
ASU,20070618,0.035,0.035,0.034,0.034,436136
ASV,20070618,0.021,0.021,0.02,0.02,1555920
ASX,20070618,49.11,49.65,49.11,49.6,690913
ASZ,20070618,1.5,1.55,1.48,1.55,74735
ATG,20070618,0.175,0.175,0.175,0.175,46899
ATN,20070618,0.048,0.049,0.044,0.044,439058
ATP,20070618,0.465,0.475,0.46,0.475,14500
ATR,20070618,2.7,2.7,2.7,2.7,8550
ATV,20070618,0.14,0.15,0.14,0.15,115300
AUB,20070618,4.7,4.7,4.65,4.68,166050
AUN,20070618,1.61,1.635,1.605,1.625,1641839
AUQ,20070618,0.31,0.31,0.29,0.29,310619
AUT,20070618,0.535,0.54,0.51,0.53,574195
AUW,20070618,2.6,2.62,2.59,2.6,772591
AUX,20070618,0.049,0.05,0.048,0.05,1781354
AUZ,20070618,0.22,0.23,0.2,0.205,35250793
AVA,20070618,0.38,0.38,0.38,0.38,13000
AVD,20070618,0.52,0.52,0.515,0.52,131961
AVE,20070618,3.36,3.37,3.19,3.25,215746
AVI,20070618,0.24,0.24,0.22,0.24,146826
AVJ,20070618,1.38,1.38,1.335,1.335,52921
AVM,20070618,19.55,19.92,19.55,19.92,26991
AVO,20070618,1.435,1.445,1.43,1.435,261240
AVP,20070618,0.011,0.011,0.011,0.011,3850
AVQ,20070618,0.27,0.27,0.27,0.27,162800
AVR,20070618,1.62,1.66,1.62,1.66,54470
AVS,20070618,0.545,0.6,0.54,0.6,6380542
AVX,20070618,0.6,0.6,0.57,0.57,1087871
AWB,20070618,3.95,4,3.88,3.96,1542941
AWC,20070618,7.87,8.06,7.87,8.04,7293566
AWE,20070618,3.36,3.41,3.36,3.4,1966859
AWG,20070618,0.125,0.13,0.125,0.13,179561
AXA,20070618,7.84,7.96,7.81,7.87,2477298
AXC,20070618,0.13,0.15,0.13,0.145,803196
AXI,20070618,0.43,0.435,0.43,0.435,733360
AXM,20070618,0.85,0.85,0.81,0.83,836832
AXO,20070618,0.88,0.89,0.87,0.87,24192
AXQ,20070618,0.8,0.8,0.78,0.785,1249052
AXT,20070618,0.59,0.595,0.58,0.59,58825
AYF,20070618,9.92,9.96,9.92,9.96,1455
AYR,20070618,0.115,0.115,0.11,0.115,207913
AZA,20070618,1.24,1.26,1.22,1.26,580320
AZC,20070618,0.325,0.325,0.32,0.325,350313
AZD,20070618,0.44,0.45,0.44,0.45,1015800
AZM,20070618,0.235,0.24,0.235,0.24,171340
AZS,20070618,0.093,0.098,0.093,0.098,785991
AZX,20070618,1.4,1.515,1.4,1.515,75782
AZZ,20070618,0.925,0.925,0.87,0.88,317338
BAR,20070618,0.47,0.485,0.47,0.48,398705
BAS,20070618,0.079,0.079,0.078,0.079,777000
BBG,20070618,17.63,18,17.61,17.7,404372
BBI,20070618,1.81,1.815,1.78,1.785,13279856
BBP,20070618,3.48,3.5,3.42,3.43,2305652
BBW,20070618,1.96,1.98,1.955,1.97,2614140
BCD,20070618,0.3,0.3,0.265,0.27,164762
BCF,20070618,1.685,1.78,1.685,1.78,60000
BCI,20070618,1.515,1.66,1.5,1.66,252998
BCM,20070618,5.2,5.26,5.14,5.2,829033
BCN,20070618,0.345,0.43,0.325,0.39,2471401
BDG,20070618,0.33,0.33,0.315,0.315,5006897
BDI,20070618,0.43,0.43,0.42,0.42,27000
BDL,20070618,0.25,0.255,0.25,0.25,997665
BDM,20070618,0.31,0.31,0.3,0.3,20000
BEC,20070618,3.4,3.4,3.36,3.39,86111
BEI,20070618,0.735,0.755,0.725,0.75,323749
BEL,20070618,0.395,0.395,0.395,0.395,36390
BEN,20070618,16.5,16.6,16.34,16.6,259886
BGD,20070618,0.56,0.58,0.54,0.54,573277
BGL,20070618,0.098,0.1,0.098,0.1,87029
BHP,20070618,34.42,34.72,34.28,34.68,13097648
BIT,20070618,0.26,0.27,0.26,0.27,34000
BJT,20070618,1.825,1.825,1.76,1.775,2197144
BKG,20070618,0.105,0.105,0.1,0.1,23000
BKI,20070618,1.5,1.515,1.5,1.515,130499
BKL,20070618,20.7,20.7,20,20,14686
BKN,20070618,9.5,9.51,9.42,9.42,159778
BKP,20070618,0.135,0.14,0.125,0.14,5237804
BKW,20070618,14,14,13.9,13.9,2512
BKY,20070618,1.68,1.73,1.68,1.73,571517
BLD,20070618,8.97,9.07,8.95,9.05,1367441
BLG,20070618,0.66,0.67,0.64,0.64,553652
BLK,20070618,1.05,1.25,1.02,1.15,185473
BLP,20070618,0.86,0.865,0.855,0.86,192968
BLR,20070618,0.21,0.215,0.195,0.2,6907800
BLS,20070618,0.084,0.084,0.084,0.084,200000
BLT,20070618,0.135,0.135,0.13,0.13,249261
BLU,20070618,2.4,2.43,2.37,2.38,180489
BLY,20070618,2.23,2.28,2.22,2.28,10593792
BLZ,20070618,0.04,0.04,0.04,0.04,180000
BMN,20070618,2.77,2.82,2.74,2.77,413105
BMX,20070618,0.255,0.255,0.245,0.25,1668295
BMY,20070618,0.18,0.18,0.17,0.17,24000
BNB,20070618,33.35,33.9,33,33.84,640584
BNE,20070618,0.37,0.37,0.37,0.37,4600
BNL,20070618,0.25,0.25,0.245,0.245,128200
BNO,20070618,0.42,0.42,0.42,0.42,98768
BNT,20070618,0.091,0.093,0.09,0.09,256200
BOC,20070618,0.83,0.83,0.83,0.83,2603
BOD,20070618,0.155,0.165,0.14,0.165,295000
BOL,20070618,3.5,3.5,3.42,3.48,650093
BOM,20070618,0.56,0.56,0.51,0.51,22300
BON,20070618,0.125,0.13,0.125,0.125,324000
BOQ,20070618,18,18.05,17.9,17.9,201592
BOS,20070618,0.125,0.13,0.125,0.13,85000
BOW,20070618,0.125,0.145,0.125,0.145,855100
BPG,20070618,0.035,0.035,0.035,0.035,6667
BPH,20070618,0.145,0.18,0.145,0.16,1233882
BPK,20070618,0.03,0.03,0.03,0.03,250000
BPO,20070618,0.047,0.05,0.047,0.048,7271334
BPT,20070618,1.49,1.495,1.465,1.475,2361888
BQT,20070618,0.18,0.185,0.175,0.18,1274444
BRC,20070618,0.37,0.37,0.37,0.37,64096
BRO,20070618,0.007,0.008,0.007,0.007,17262555
BRW,20070618,0.67,0.675,0.635,0.635,765989
BSA,20070618,0.69,0.75,0.69,0.75,145751
BSG,20070618,2.9,2.9,2.75,2.87,1758308
BSL,20070618,10.16,10.25,10.09,10.2,2318064
BSM,20070618,0.38,0.38,0.375,0.375,115500
BSO,20070618,0.455,0.455,0.45,0.45,188375
BTA,20070618,1.7,1.71,1.67,1.71,639385
BTC,20070618,0.37,0.385,0.37,0.37,159500
BTV,20070618,0.13,0.13,0.12,0.125,567525
BUG,20070618,0.52,0.52,0.52,0.52,16816
BUL,20070618,0.245,0.275,0.245,0.27,4182662
BUR,20070618,0.25,0.27,0.245,0.265,322626
BUY,20070618,0.061,0.063,0.061,0.062,228604
BVA,20070618,1.75,1.93,1.75,1.88,260283
BVP,20070618,0.28,0.28,0.275,0.275,28215
BWN,20070618,0.32,0.33,0.31,0.31,145741
BWP,20070618,2.28,2.28,2.21,2.21,476834
BXB,20070618,12.61,13.04,12.61,12.88,11500379
BXP,20070618,0.24,0.24,0.235,0.24,560249
BYI,20070618,1,1.03,1,1.03,20000
BZI,20070618,0.23,0.23,0.225,0.225,62900
CAA,20070618,0.68,0.695,0.675,0.675,775099
CAB,20070618,13.1,13.4,13.1,13.2,386298
CAF,20070618,0.72,0.72,0.72,0.72,11557
CAL,20070618,0.835,0.87,0.835,0.87,7750
CAM,20070618,1.28,1.28,1.27,1.27,12795
CAQ,20070618,0.195,0.2,0.19,0.195,152766
CAS,20070618,0.37,0.39,0.37,0.39,30000
CAT,20070618,1.68,1.7,1.68,1.68,872
CAU,20070618,0.061,0.061,0.058,0.058,536800
CAZ,20070618,0.66,0.66,0.655,0.655,40814
CBA,20070618,54.71,55.4,54.71,55.3,2390530
CBD,20070618,0.14,0.14,0.12,0.12,23600
CBH,20070618,0.615,0.64,0.605,0.625,10445529
CBM,20070618,2.45,2.45,2.42,2.42,33805
CBR,20070618,2.76,2.76,2.76,2.76,5880
CCE,20070618,0.036,0.037,0.036,0.037,2437172
CCI,20070618,0.006,0.006,0.005,0.005,3258750
CCK,20070618,0.24,0.24,0.24,0.24,8500
CCL,20070618,9.25,9.25,9.1,9.24,1260478
CCP,20070618,11.57,11.63,11.56,11.58,63456
CCQ,20070618,0.965,0.975,0.965,0.97,292000
CCS,20070618,0.09,0.09,0.09,0.09,106667
CCU,20070618,0.17,0.17,0.16,0.16,1330692
CCV,20070618,0.66,0.66,0.66,0.66,146973
CDA,20070618,0.95,0.95,0.94,0.95,56270
CDD,20070618,6.48,6.6,6.44,6.45,45415
CDF,20070618,1.96,2.02,1.95,2.02,37072
CDH,20070618,0.032,0.032,0.032,0.032,5000
CDI,20070618,1.07,1.08,1.06,1.06,1175235
CDO,20070618,6.13,6.13,6.13,6.13,2100
CDP,20070618,4.85,4.85,4.85,4.85,16000
CDR,20070618,1.475,1.495,1.47,1.475,1968295
CDS,20070618,0.022,0.022,0.021,0.022,1769166
CDT,20070618,0.32,0.32,0.315,0.315,6500
CDU,20070618,3.68,3.73,3.65,3.69,254484
CDX,20070618,1.215,1.25,1.215,1.25,126210
CEC,20070618,0.5,0.54,0.5,0.54,8500
CEG,20070618,2.6,2.6,2.6,2.6,15199
CEO,20070618,0.04,0.04,0.04,0.04,10000
CER,20070618,1.77,1.78,1.735,1.735,2044197
CEU,20070618,1.635,1.655,1.63,1.645,2544846
CEY,20070618,3.18,3.25,3.15,3.22,1687043
CFE,20070618,0.69,0.695,0.685,0.69,1839220
CFI,20070618,0.81,0.82,0.81,0.82,35407
CFK,20070618,0.12,0.125,0.105,0.11,513340
CFR,20070618,0.009,0.009,0.008,0.008,2005200
CFU,20070618,1.05,1.13,1.05,1.11,630752
CFX,20070618,2.24,2.26,2.22,2.24,4412445
CGF,20070618,5.7,5.76,5.6,5.6,1616424
CGI,20070618,0.105,0.105,0.105,0.105,2625
CGJ,20070618,16.66,16.88,16.64,16.78,2968591
CGM,20070618,0.245,0.245,0.245,0.245,23769
CGO,20070618,1.13,1.13,1.13,1.13,18533
CGX,20070618,0.69,0.69,0.68,0.68,178700
CHC,20070618,2.9,2.97,2.9,2.94,845004
CHD,20070618,1.05,1.05,1.05,1.05,20000
CHF,20070618,0.34,0.34,0.335,0.335,85500
CHL,20070618,0.575,0.58,0.575,0.575,121000
CHN,20070618,0.14,0.14,0.14,0.14,70000
CHO,20070618,6.35,6.35,6.3,6.35,12700
CHZ,20070618,0.31,0.31,0.3,0.3,220981
CIG,20070618,0.073,0.077,0.073,0.077,3908644
CIL,20070618,2.2,2.21,2.19,2.2,28425
CIN,20070618,22.4,22.4,22.4,22.4,3908
CIR,20070618,1.42,1.43,1.4,1.4,18260
CIW,20070618,1.05,1.05,1.05,1.05,9023
CIX,20070618,0.485,0.52,0.48,0.52,397845
CIY,20070618,4,4.06,3.97,4,492927
CJT,20070618,0.25,0.25,0.25,0.25,28217
CKK,20070618,0.2,0.215,0.2,0.21,131000
CKL,20070618,0.55,0.56,0.55,0.55,54675
CKP,20070618,1.45,1.45,1.4,1.4,47000
CKR,20070618,0.185,0.19,0.185,0.19,159500
CLH,20070618,0.765,0.78,0.76,0.76,386285
CLN,20070618,0.31,0.32,0.31,0.32,53300
CLO,20070618,0.5,0.53,0.5,0.51,313235
CLT,20070618,0.87,0.87,0.82,0.87,9415
CLV,20070618,0.105,0.105,0.1,0.1,403500
CME,20070618,0.066,0.068,0.064,0.067,6945856
CMI,20070618,1.53,1.53,1.53,1.53,41000
CMK,20070618,0.265,0.265,0.265,0.265,34000
CMO,20070618,0.034,0.036,0.034,0.036,20593951
CMP,20070618,0.135,0.14,0.135,0.14,19125
CMR,20070618,4.94,4.95,4.87,4.95,157460
CMS,20070618,0.034,0.038,0.033,0.038,153000
CMV,20070618,0.44,0.46,0.44,0.46,140661
CMW,20070618,1.18,1.2,1.18,1.2,1053674
CMY,20070618,0.37,0.375,0.37,0.375,33000
CNA,20070618,74.5,74.5,74.5,74.5,17828
CND,20070618,3.45,3.45,3.4,3.4,17297
CNM,20070618,0.19,0.2,0.185,0.185,3024092
CNN,20070618,0.15,0.15,0.145,0.15,558057
CNP,20070618,8.85,8.92,8.71,8.79,4224563
CNT,20070618,1.13,1.14,1.11,1.14,95274
COA,20070618,5.75,5.77,5.63,5.7,1810193
COE,20070618,0.715,0.73,0.715,0.73,261225
COF,20070618,4.24,4.4,4.21,4.35,226057
COH,20070618,60.48,61.94,60.24,61.74,199396
COI,20070618,0.27,0.27,0.25,0.25,122800
COK,20070618,0.185,0.21,0.185,0.21,2275224
COO,20070618,0.145,0.15,0.145,0.15,10045
COU,20070618,3.03,3.03,2.92,2.98,55501
COZ,20070618,0.385,0.405,0.385,0.39,324959
CPA,20070618,1.65,1.675,1.645,1.66,12562198
CPB,20070618,27.82,28.38,27.82,28.13,286606
CPI,20070618,0.355,0.355,0.34,0.355,51697
CPK,20070618,0.74,0.745,0.705,0.705,264713
CPN,20070618,0.36,0.37,0.345,0.36,1536350
CPR,20070618,2.11,2.2,2.11,2.2,1528767
CPT,20070618,0.075,0.075,0.071,0.071,125000
CPU,20070618,11.19,11.46,11.19,11.36,1139406
CQT,20070618,0.825,0.845,0.82,0.845,808069
CRB,20070618,0.38,0.425,0.38,0.425,217826
CRC,20070618,0.36,0.4,0.36,0.38,385237
CRE,20070618,0.395,0.4,0.39,0.39,765638
CRG,20070618,16.14,16.49,16.07,16.1,104404
CRJ,20070618,0.295,0.295,0.25,0.27,228968
CRK,20070618,1.7,1.7,1.7,1.7,7000
CRL,20070618,0.16,0.175,0.155,0.155,74400
CRT,20070618,0.655,0.67,0.655,0.665,607159
CSE,20070618,0.77,0.85,0.76,0.78,1083267
CSF,20070618,1.26,1.28,1.24,1.24,3904515
CSL,20070618,88.15,88.86,87.45,87.45,669902
CSM,20070618,2.68,2.7,2.66,2.67,1269840
CSR,20070618,3.41,3.44,3.4,3.42,5239787
CSS,20070618,1.35,1.35,1.3,1.35,25882
CST,20070618,3.01,3.1,3,3,37072
CSV,20070618,1.275,1.295,1.275,1.28,23957
CSW,20070618,1,1.015,1,1.01,75000
CTE,20070618,0.165,0.17,0.165,0.17,25834
CTF,20070618,0.04,0.04,0.037,0.037,36523
CTI,20070618,0.091,0.095,0.091,0.095,256300
CTN,20070618,2.1,2.15,2.1,2.15,39737
CTO,20070618,0.455,0.475,0.455,0.475,2346642
CTP,20070618,0.2,0.2,0.195,0.2,284292
CTS,20070618,0.51,0.515,0.51,0.51,86088
CTX,20070618,26.5,27.85,26.5,27.45,723211
CUE,20070618,0.21,0.215,0.205,0.21,1246273
CUL,20070618,0.046,0.047,0.044,0.044,2595000
CUO,20070618,0.7,0.705,0.69,0.7,401442
CUS,20070618,0.215,0.22,0.215,0.215,2010743
CUV,20070618,0.9,0.9,0.86,0.89,155951
CUX,20070618,0.38,0.38,0.36,0.36,215102
CUY,20070618,1.71,1.725,1.7,1.71,95862
CVB,20070618,0.135,0.135,0.125,0.13,261000
CVC,20070618,1.855,1.86,1.85,1.85,3468724
CVG,20070618,0.255,0.255,0.255,0.255,26463
CVI,20070618,0.063,0.063,0.062,0.062,335000
CVN,20070618,0.21,0.215,0.19,0.19,4714077
CWH,20070618,0.15,0.15,0.15,0.15,4561
CWP,20070618,5.2,5.2,5.2,5.2,12000
CWT,20070618,0.85,0.86,0.85,0.855,183341
CXD,20070618,2.4,2.4,2.4,2.4,4000
CXE,20070618,0.415,0.415,0.415,0.415,10000
CXG,20070618,1.96,2,1.96,2,200048
CXM,20070618,0.5,0.525,0.495,0.52,1243884
CXN,20070618,0.155,0.155,0.155,0.155,2500
CXP,20070618,6.83,6.83,6.71,6.82,98872
CXS,20070618,1.1,1.15,1.06,1.095,152408
CXY,20070618,0.079,0.084,0.078,0.081,7379061
CYA,20070618,1.37,1.37,1.35,1.37,80424
CYC,20070618,0.34,0.355,0.335,0.335,233677
CYG,20070618,4.39,4.4,4.26,4.26,44672
CYL,20070618,0.22,0.22,0.21,0.21,203018
CYT,20070618,0.64,0.64,0.63,0.63,5223
CZR,20070618,0.38,0.38,0.38,0.38,31025
DBS,20070618,0.81,0.82,0.81,0.82,42247
DDD,20070618,0.15,0.15,0.145,0.145,50000
DDT,20070618,0.375,0.375,0.37,0.375,97613
DEG,20070618,0.115,0.115,0.11,0.115,374633
DES,20070618,0.355,0.355,0.35,0.35,482736
DEX,20070618,2.9,2.9,2.89,2.89,19560
DGH,20070618,0.75,0.75,0.74,0.74,29661
DGR,20070618,0.47,0.475,0.46,0.465,676448
DIA,20070618,0.11,0.11,0.105,0.105,349000
DIO,20070618,0.099,0.1,0.095,0.095,4449338
DJS,20070618,5.2,5.37,5.19,5.32,3679312
DJW,20070618,4.81,4.83,4.79,4.81,101257
DKN,20070618,1.72,1.72,1.71,1.72,38216
DKS,20070618,8.8,8.8,8.75,8.75,1000
DLS,20070618,0.185,0.19,0.18,0.185,892871
DMA,20070618,0.3,0.3,0.285,0.29,135756
DML,20070618,0.4,0.47,0.395,0.465,2628087
DMP,20070618,3.37,3.37,3.3,3.33,61628
DMX,20070618,0.49,0.495,0.48,0.49,502661
DOM,20070618,2.5,2.5,2.4,2.42,274616
DON,20070618,0.36,0.37,0.36,0.37,12850
DOW,20070618,7.15,7.15,6.99,6.99,1155701
DRA,20070618,0.12,0.12,0.11,0.11,1721044
DRK,20070618,0.145,0.145,0.145,0.145,1000000
DRT,20070618,1.95,1.955,1.9,1.9,10508048
DRX,20070618,0.235,0.235,0.225,0.23,77870
DSF,20070618,0.066,0.068,0.065,0.065,145899
DTL,20070618,6.1,6.1,6,6,6320
DTM,20070618,0.19,0.19,0.19,0.19,61200
DUE,20070618,3.84,3.89,3.77,3.88,1143531
DUI,20070618,4,4,3.85,3.85,17334
DUL,20070618,0.06,0.07,0.06,0.07,21500
DVM,20070618,0.075,0.077,0.074,0.074,543023
DVN,20070618,1.38,1.38,1.34,1.34,112976
DWS,20070618,2.34,2.34,2.3,2.3,61629
DWY,20070618,1,1,1,1,9400
DXL,20070618,2.54,2.57,2.54,2.55,4125320
DYE,20070618,0.99,1.035,0.99,1,119520
DYL,20070618,0.555,0.57,0.55,0.555,1621076
EAR,20070618,0.315,0.315,0.315,0.315,20000
EBB,20070618,3.73,3.73,3.67,3.68,59144
EBI,20070618,3.71,3.72,3.7,3.71,437398
EBR,20070618,0.04,0.04,0.037,0.038,3120446
EBT,20070618,0.165,0.165,0.16,0.16,15414
ECH,20070618,1.22,1.3,1.22,1.25,126389
ECM,20070618,0.1,0.1,0.1,0.1,30000
ECU,20070618,0.029,0.029,0.025,0.025,2739500
EDE,20070618,0.65,0.66,0.64,0.66,37313
EDM,20070618,0.044,0.045,0.044,0.045,245000
EDN,20070618,0.36,0.4,0.36,0.38,139759
EEE,20070618,0.2,0.2,0.195,0.195,92169
EFT,20070618,0.094,0.098,0.094,0.097,43884
EGL,20070618,0.092,0.092,0.088,0.09,180197
EGO,20070618,0.008,0.008,0.007,0.007,8879675
EGX,20070618,0.89,0.9,0.89,0.9,31700
EHL,20070618,1.57,1.585,1.56,1.57,4937805
EIF,20070618,0.018,0.018,0.018,0.018,140874
EIG,20070618,1.13,1.13,1.11,1.11,40261
EKA,20070618,0.3,0.35,0.3,0.35,1208853
EKM,20070618,0.56,0.6,0.55,0.6,27300
ELI,20070618,1.09,1.095,1.08,1.095,108000
ELK,20070618,0.31,0.33,0.305,0.32,407088
ELL,20070618,0.155,0.155,0.155,0.155,8796
ELM,20070618,0.275,0.275,0.25,0.26,225000
ELX,20070618,0.875,0.875,0.865,0.875,5640
EME,20070618,6.93,6.93,6.5,6.5,9230
EMM,20070618,0.105,0.105,0.1,0.1,5144
EMP,20070618,0.115,0.12,0.115,0.115,931646
EMR,20070618,0.225,0.24,0.225,0.23,213626
EMS,20070618,0.14,0.14,0.135,0.14,139000
ENB,20070618,0.35,0.38,0.35,0.38,80046
ENE,20070618,4.39,4.45,4.37,4.45,856603
ENG,20070618,0.2,0.22,0.2,0.21,1803931
ENI,20070618,0.09,0.09,0.07,0.07,296000
ENR,20070618,0.53,0.53,0.52,0.53,155638
ENV,20070618,1.135,1.14,1.125,1.125,760098
EOL,20070618,0.525,0.58,0.525,0.58,9055
EON,20070618,0.7,0.7,0.7,0.7,34955
EOS,20070618,1.42,1.49,1.42,1.45,25450
EPE,20070618,0.072,0.073,0.072,0.073,438230
EPF,20070618,0.19,0.195,0.19,0.195,540886
EPG,20070618,0.92,0.985,0.92,0.97,326483
EPR,20070618,0.048,0.048,0.041,0.042,918025
EPS,20070618,0.35,0.365,0.325,0.325,122785
EPY,20070618,0.22,0.22,0.215,0.215,1023250
EQI,20070618,1.815,1.815,1.785,1.8,375126
EQN,20070618,4.2,4.2,4.05,4.06,1188343
EQT,20070618,31,31,31,31,300
EQX,20070618,0.155,0.155,0.155,0.155,100000
ERA,20070618,19.05,19.79,19,19.15,1116723
ERG,20070618,0.155,0.16,0.15,0.15,2513904
ERJ,20070618,0.037,0.038,0.032,0.032,413500
ERL,20070618,0.32,0.32,0.315,0.32,160200
ERN,20070618,0.885,0.915,0.88,0.915,506298
ERO,20070618,0.44,0.5,0.44,0.5,401916
ESG,20070618,0.54,0.555,0.525,0.555,2058913
ESI,20070618,0.2,0.205,0.195,0.195,788141
ESS,20070618,0.83,0.83,0.82,0.82,43500
ESV,20070618,0.85,0.86,0.85,0.86,10800
ETC,20070618,0.077,0.077,0.072,0.072,1149000
ETE,20070618,0.175,0.18,0.17,0.17,789399
ETT,20070618,0.028,0.028,0.028,0.028,10000
EUG,20070618,0.025,0.025,0.025,0.025,140000
EVE,20070618,0.275,0.295,0.275,0.29,590611
EVG,20070618,0.185,0.185,0.18,0.18,102000
EVM,20070618,0.14,0.155,0.14,0.155,34879
EVZ,20070618,0.56,0.58,0.54,0.56,333226
EWC,20070618,1.05,1.085,1.02,1.035,489430
EXM,20070618,0.023,0.028,0.023,0.028,28864196
EXR,20070618,0.26,0.26,0.245,0.25,333000
EXS,20070618,0.38,0.38,0.375,0.38,304800
EXT,20070618,0.9,0.92,0.89,0.89,642469
EYE,20070618,0.17,0.17,0.145,0.145,360242
EZL,20070618,3.83,3.83,3.71,3.71,19433
FAC,20070618,0.58,0.58,0.55,0.55,71500
FAN,20070618,4.11,4.12,4.11,4.12,53162
FAR,20070618,0.185,0.185,0.17,0.17,3905178
FAS,20070618,0.78,0.8,0.73,0.75,189512
FAT,20070618,1.03,1.04,1.03,1.03,73883
FBU,20070618,11.45,11.55,11.45,11.49,777557
FCL,20070618,2.55,2.6,2.54,2.55,3449257
FCN,20070618,0.48,0.485,0.455,0.46,1499798
FDL,20070618,0.013,0.013,0.012,0.012,4007632
FEA,20070618,0.675,0.675,0.66,0.66,57263
FER,20070618,1.91,1.99,1.91,1.98,82900
FFF,20070618,0.06,0.06,0.059,0.059,60000
FFI,20070618,5,5,5,5,8000
FGL,20070618,6.5,6.6,6.5,6.55,4125109
FIC,20070618,0.078,0.078,0.078,0.078,400
FIS,20070618,0.295,0.295,0.24,0.245,2968580
FKP,20070618,6.88,6.99,6.82,6.93,462660
FLR,20070618,0.15,0.15,0.15,0.15,20000
FLT,20070618,18.49,18.73,18.08,18.61,83377
FLX,20070618,5.24,5.24,5,5.11,244094
FMG,20070618,36.4,36.75,35.2,36.2,550570
FML,20070618,0.11,0.12,0.11,0.12,15749469
FND,20070618,0.85,0.86,0.84,0.85,222230
FNT,20070618,0.18,0.21,0.165,0.205,45525624
FPA,20070618,3.28,3.34,3.28,3.34,64776
FPH,20070618,3.08,3.1,3.08,3.1,351272
FPS,20070618,2.63,2.63,2.62,2.63,247000
FRE,20070618,0.43,0.455,0.405,0.45,690336
FRI,20070618,0.715,0.72,0.71,0.72,104400
FRM,20070618,0.38,0.38,0.38,0.38,22000
FRR,20070618,0.56,0.56,0.54,0.54,134000
FRS,20070618,0.86,0.88,0.85,0.87,407738
FSA,20070618,0.85,0.85,0.835,0.835,43034
FUL,20070618,0.058,0.058,0.058,0.058,50000
FUN,20070618,1.82,1.82,1.785,1.8,217337
FUT,20070618,0.005,0.006,0.005,0.005,1037867
FWD,20070618,8.58,8.58,8.24,8.3,199822
FWL,20070618,0.34,0.36,0.33,0.34,107765
FXI,20070618,0.97,1.04,0.97,1.04,68351
FXJ,20070618,4.75,4.78,4.73,4.78,5954585
FXL,20070618,3.1,3.1,3.05,3.06,96481
FXR,20070618,0.905,0.925,0.87,0.88,1006546
FZN,20070618,0.7,0.7,0.68,0.685,311119
GAA,20070618,0.575,0.595,0.575,0.59,213950
GAP,20070618,0.41,0.41,0.4,0.4,142176
GAU,20070618,0.31,0.315,0.295,0.315,726498
GBA,20070618,0.079,0.079,0.074,0.074,60000
GBE,20070618,0.965,0.975,0.96,0.97,127784
GBG,20070618,0.95,0.985,0.94,0.96,3299312
GBL,20070618,0.04,0.04,0.04,0.04,100000
GBM,20070618,0.086,0.086,0.085,0.085,31000
GBP,20070618,0.15,0.15,0.145,0.15,365144
GBT,20070618,3.87,3.87,3.86,3.86,4316
GBX,20070618,0.215,0.225,0.21,0.225,88500
GCL,20070618,5.02,5.07,5.01,5.03,979155
GCN,20070618,0.051,0.051,0.051,0.051,92000
GCR,20070618,0.049,0.049,0.047,0.047,1650325
GCX,20070618,0.58,0.58,0.54,0.54,170782
GDA,20070618,0.024,0.025,0.024,0.025,1727630
GDM,20070618,0.63,0.63,0.62,0.62,103000
GDN,20070618,0.455,0.455,0.41,0.415,5726785
GDR,20070618,0.415,0.445,0.415,0.43,274197
GDY,20070618,1.425,1.59,1.425,1.59,1244335
GEN,20070618,0.25,0.25,0.25,0.25,1600
GFF,20070618,2.34,2.36,2.32,2.36,2487158
GFL,20070618,0.91,0.91,0.905,0.905,13000
GGG,20070618,1.85,1.9,1.85,1.9,145650
GGP,20070618,0.28,0.3,0.23,0.25,410685
GGX,20070618,0.098,0.12,0.098,0.12,772496
GGY,20070618,0.12,0.135,0.12,0.13,3270203
GHT,20070618,2.21,2.21,1.85,1.89,84698
GIP,20070618,0.12,0.12,0.12,0.12,200000
GIR,20070618,0.74,0.78,0.74,0.745,58400
GJT,20070618,1.03,1.03,0.99,0.99,988667
GLC,20070618,0.195,0.195,0.17,0.17,409500
GLE,20070618,0.8,0.8,0.8,0.8,10000
GLF,20070618,0.29,0.305,0.29,0.305,135000
GLI,20070618,0.215,0.22,0.19,0.195,869050
GLO,20070618,0.037,0.037,0.037,0.037,50001
GLX,20070618,0.092,0.092,0.091,0.092,57000
GME,20070618,0.9,0.9,0.88,0.88,111743
GMI,20070618,1.85,1.99,1.85,1.99,143833
GML,20070618,0.11,0.115,0.105,0.115,429000
GMR,20070618,0.11,0.11,0.11,0.11,214874
GNC,20070618,12.78,12.87,12.7,12.75,49276
GNL,20070618,0.037,0.039,0.037,0.038,350000
GNS,20070618,3.44,3.48,3.32,3.35,1932181
GOA,20070618,0.115,0.12,0.11,0.11,332629
GOG,20070618,0.255,0.26,0.25,0.25,194345
GOP,20070618,0.235,0.255,0.235,0.25,1497341
GPB,20070618,0.3,0.3,0.3,0.3,10000
GPG,20070618,1.84,1.84,1.805,1.83,206837
GPN,20070618,0.05,0.051,0.047,0.048,7156052
GPT,20070618,4.9,4.93,4.81,4.83,18114232
GQH,20070618,0.85,0.85,0.85,0.85,5000
GRB,20070618,0.2,0.2,0.2,0.2,7184
GRD,20070618,2.33,2.34,2.31,2.32,578883
GRK,20070618,0.15,0.185,0.15,0.185,3857928
GRL,20070618,0.245,0.265,0.24,0.24,202000
GRP,20070618,0.07,0.07,0.07,0.07,23990
GRR,20070618,2.13,2.13,2.07,2.13,156833
GRV,20070618,0.65,0.65,0.62,0.63,35100
GRY,20070618,0.425,0.43,0.42,0.42,113764
GSE,20070618,0.12,0.125,0.12,0.125,1527263
GSF,20070618,0.03,0.032,0.029,0.029,5465431
GTE,20070618,0.38,0.38,0.34,0.345,365862
GTG,20070618,0.16,0.16,0.145,0.145,792791
GTP,20070618,2.81,2.83,2.79,2.81,857674
GTX,20070618,0.13,0.145,0.12,0.145,43800
GUD,20070618,8.89,8.95,8.85,8.95,122034
GUJ,20070618,0.325,0.33,0.32,0.33,240684
GUL,20070618,0.094,0.1,0.09,0.1,583600
GUN,20070618,0.275,0.28,0.275,0.28,164040
GVM,20070618,1.055,1.095,1.055,1.095,25000
GWR,20070618,2.2,2.23,1.99,2.08,329376
GWT,20070618,4.35,4.36,4.26,4.26,313669
GWV,20070618,0.08,0.09,0.08,0.09,18317
GXL,20070618,1.49,1.49,1.46,1.46,146726
GXY,20070618,0.63,0.65,0.63,0.63,28183
GYN,20070618,0.3,0.3,0.29,0.29,30000
HAN,20070618,25.06,25.07,25.05,25.07,17049
HAO,20070618,0.033,0.034,0.033,0.033,220535
HAP,20070618,1.27,1.28,1.27,1.28,111161
HAV,20070618,2.19,2.19,2.1,2.12,32001
HAZ,20070618,0.325,0.325,0.3,0.3,76600
HCY,20070618,0.017,0.017,0.016,0.017,1948600
HDF,20070618,3.32,3.35,3.3,3.31,289978
HDG,20070618,0.75,0.75,0.71,0.75,75000
HDN,20070618,0.4,0.4,0.35,0.35,35000
HEG,20070618,0.15,0.15,0.145,0.145,504500
HEM,20070618,0.195,0.195,0.18,0.18,200000
HER,20070618,1.24,1.27,1.23,1.23,224694
HFA,20070618,2.51,2.51,2.47,2.5,622003
HGI,20070618,3.94,4,3.89,3.96,3502239
HGO,20070618,0.525,0.53,0.515,0.515,664732
HGR,20070618,0.021,0.021,0.018,0.018,394800
HHL,20070618,13.03,13.18,13.03,13.1,2784
HHM,20070618,0.24,0.24,0.24,0.24,32000
HHV,20070618,1.12,1.13,1.12,1.125,862829
HHY,20070618,2.12,2.12,2.05,2.05,164439
HIC,20070618,0.92,0.92,0.92,0.92,52202
HIG,20070618,0.2,0.2,0.18,0.18,1433920
HII,20070618,0.38,0.415,0.38,0.41,58500
HIL,20070618,5.45,5.49,5.34,5.4,177931
HIP,20070618,2.06,2.06,2.06,2.06,6000
HIT,20070618,0.055,0.059,0.055,0.059,20000
HJB,20070618,0.28,0.28,0.28,0.28,30000
HLD,20070618,0.18,0.185,0.175,0.175,116298
HLS,20070618,0.16,0.16,0.15,0.15,45226
HLX,20070618,0.195,0.215,0.195,0.215,1465245
HMC,20070618,0.073,0.073,0.071,0.071,883468
HME,20070618,14.4,14.64,14.25,14.25,9624
HNR,20070618,0.75,0.76,0.7,0.75,163400
HPX,20070618,2.55,2.56,2.53,2.55,32600
HRD,20070618,0.12,0.12,0.11,0.115,320333
HRR,20070618,1.18,1.18,1.15,1.15,155568
HSK,20070618,1.8,1.8,1.72,1.75,153790
HSN,20070618,0.265,0.265,0.265,0.265,120000
HSP,20070618,5.49,5.53,5.46,5.46,299946
HST,20070618,3.67,3.67,3.52,3.65,94135
HTA,20070618,0.145,0.15,0.14,0.14,639245
HTE,20070618,0.021,0.021,0.02,0.02,341334
HTM,20070618,0.058,0.058,0.055,0.055,1890000
HTW,20070618,0.64,0.645,0.63,0.64,322920
HTX,20070618,0.02,0.02,0.019,0.02,1296550
HVN,20070618,5.1,5.17,5.1,5.13,1650156
HWG,20070618,0.23,0.23,0.23,0.23,86600
HWI,20070618,3,3,2.9,2.96,151223
HYO,20070618,0.26,0.265,0.255,0.265,238373
HZL,20070618,0.43,0.47,0.43,0.43,47000
HZN,20070618,0.36,0.365,0.345,0.36,902890
IAG,20070618,5.86,5.86,5.79,5.79,6510790
IAS,20070618,0.305,0.305,0.305,0.305,21950
IAT,20070618,0.057,0.06,0.057,0.057,108588
IAU,20070618,0.5,0.5,0.48,0.5,229674
IBA,20070618,1.175,1.21,1.125,1.125,5119224
IBC,20070618,0.63,0.64,0.63,0.64,9000
IBG,20070618,5.22,5.39,5.22,5.35,19085
IBT,20070618,1.82,1.85,1.81,1.82,158900
ICC,20070618,0.15,0.15,0.135,0.15,894832
ICD,20070618,0.675,0.675,0.675,0.675,20400
ICE,20070618,0.009,0.009,0.008,0.008,331000
ICH,20070618,0.165,0.165,0.165,0.165,500
ICN,20070618,0.041,0.043,0.041,0.042,1072568
ICP,20070618,0.079,0.086,0.078,0.085,7195098
ICS,20070618,0.27,0.275,0.27,0.27,64616
ICV,20070618,0.095,0.095,0.095,0.095,25000
IDL,20070618,0.405,0.405,0.395,0.395,5843373
IDM,20070618,0.45,0.52,0.45,0.51,1036302
IDO,20070618,1.32,1.32,1.23,1.25,87810
IDT,20070618,2.12,2.12,2.02,2.02,39699
IFL,20070618,9.85,9.97,9.85,9.85,144116
IFM,20070618,0.655,0.655,0.64,0.64,408290
IGC,20070618,0.365,0.37,0.355,0.355,190025
IGO,20070618,7.9,7.92,7.72,7.89,496834
IGR,20070618,0.155,0.155,0.155,0.155,491797
IHF,20070618,1.14,1.15,1.14,1.15,26600
IHG,20070618,0.12,0.125,0.12,0.125,52080
IIF,20070618,2.33,2.34,2.3,2.32,8228822
IIG,20070618,0.013,0.013,0.013,0.013,66500
III,20070618,0.5,0.5,0.5,0.5,15150
IIN,20070618,1.855,1.86,1.71,1.71,413968
ILF,20070618,1.35,1.35,1.33,1.34,625625
ILU,20070618,5.65,5.73,5.65,5.73,864690
IMA,20070618,2.29,2.29,2.2,2.2,74491
IMD,20070618,1.52,1.54,1.47,1.47,577904
IMF,20070618,0.66,0.66,0.64,0.66,45250
IMI,20070618,0.022,0.023,0.022,0.022,4934849
IMP,20070618,0.016,0.016,0.015,0.016,1671050
IMU,20070618,0.31,0.31,0.295,0.295,753509
INL,20070618,0.165,0.17,0.165,0.165,891173
INP,20070618,0.245,0.245,0.24,0.24,406052
INT,20070618,0.027,0.027,0.026,0.026,1875000
IOF,20070618,1.775,1.78,1.76,1.77,7717111
IOH,20070618,0.45,0.45,0.445,0.45,81900
IPA,20070618,0.75,0.76,0.75,0.76,54500
IPE,20070618,0.995,1,0.99,1,136000
IPG,20070618,3,3.02,3,3,20242798
IPL,20070618,71.01,73.62,71.01,72.25,239105
IPM,20070618,1.36,1.37,1.36,1.36,40338
IPN,20070618,0.3,0.31,0.295,0.3,480587
IPR,20070618,0.175,0.175,0.175,0.175,301333
IPT,20070618,0.285,0.285,0.265,0.265,185655
IRC,20070618,0.46,0.48,0.46,0.46,288001
IRE,20070618,9.2,9.36,9.2,9.33,790085
IRI,20070618,0.48,0.49,0.48,0.48,70334
IRL,20070618,0.385,0.39,0.34,0.34,1413102
IRM,20070618,0.165,0.165,0.155,0.155,50000
IRN,20070618,1.03,1.06,1.03,1.05,393395
ISS,20070618,0.365,0.365,0.35,0.35,77200
ITC,20070618,0.061,0.063,0.061,0.063,2110558
ITD,20070618,0.34,0.375,0.34,0.355,630208
ITE,20070618,0.145,0.145,0.14,0.145,609285
ITX,20070618,0.75,0.75,0.75,0.75,7000
IUL,20070618,0.135,0.14,0.13,0.14,23000
IVC,20070618,5.93,5.98,5.88,5.91,260374
IVK,20070618,8,8,7.8,7.8,58080
IVT,20070618,0.415,0.415,0.415,0.415,17300
IWI,20070618,1.72,1.725,1.72,1.725,29263
IWL,20070618,5.85,5.85,5.75,5.85,118498
JAK,20070618,0.165,0.17,0.165,0.17,190231
JBH,20070618,10.24,10.67,10.24,10.5,1053733
JBM,20070618,17.56,17.95,17.55,17.84,1133921
JET,20070618,2.02,2.02,2,2.01,43120
JGL,20070618,0.32,0.32,0.27,0.27,1413451
JHX,20070618,9.25,9.48,9.18,9.37,1560598
JMB,20070618,1.39,1.39,1.38,1.39,17170
JML,20070618,1.43,1.45,1.42,1.425,1451637
JMS,20070618,0.185,0.185,0.185,0.185,328238
JPR,20070618,0.22,0.225,0.215,0.22,645315
JRL,20070618,1.9,1.92,1.9,1.9,44200
JRV,20070618,0.027,0.027,0.026,0.026,7062324
JST,20070618,4.14,4.27,4.12,4.2,1358097
JUM,20070618,0.025,0.027,0.025,0.027,5580334
JUT,20070618,0.25,0.25,0.25,0.25,27880
JVG,20070618,0.185,0.185,0.175,0.175,65000
KAL,20070618,0.072,0.072,0.067,0.068,1029231
KAR,20070618,2.25,2.33,2.25,2.26,66227
KAS,20070618,0.44,0.44,0.42,0.43,211301
KAT,20070618,1.01,1.045,1.01,1.045,304000
KCN,20070618,5.76,5.82,5.61,5.61,1017050
KEY,20070618,0.24,0.245,0.24,0.24,208850
KGL,20070618,0.16,0.16,0.15,0.15,66167
KHF,20070618,0.47,0.47,0.46,0.46,11000
KIL,20070618,1.165,1.18,1.165,1.165,576952
KIM,20070618,0.725,0.73,0.71,0.72,6161743
KIS,20070618,0.925,0.925,0.9,0.9,37929
KKT,20070618,0.15,0.15,0.145,0.145,81726
KLM,20070618,0.57,0.57,0.57,0.57,314500
KME,20070618,1.42,1.42,1.4,1.4,70366
KML,20070618,0.15,0.15,0.15,0.15,10000
KMN,20070618,1,1.03,0.965,1.01,660714
KOR,20070618,0.61,0.63,0.6,0.61,143000
KOV,20070618,5.74,5.74,5.72,5.72,3544
KRS,20070618,0.265,0.27,0.26,0.27,182418
KSC,20070618,3.47,3.47,3.37,3.37,35931
KSO,20070618,0.215,0.215,0.215,0.215,210000
KSX,20070618,0.075,0.083,0.074,0.076,8764408
KTL,20070618,0.031,0.031,0.031,0.031,200000
KYC,20070618,0.39,0.39,0.365,0.365,82150
KZL,20070618,7.1,7.14,7.05,7.05,708290
LAF,20070618,0.059,0.059,0.055,0.055,12719203
LAS,20070618,0.045,0.045,0.045,0.045,800
LAT,20070618,0.049,0.05,0.049,0.049,303058
LAU,20070618,0.275,0.285,0.27,0.285,104900
LBY,20070618,0.23,0.25,0.23,0.24,297600
LCL,20070618,0.76,0.76,0.75,0.76,58393
LCT,20070618,0.14,0.14,0.135,0.135,476442
LDW,20070618,8.15,8.23,8.15,8.23,2820
LEF,20070618,0.19,0.19,0.19,0.19,20000
LEG,20070618,0.08,0.081,0.077,0.078,1040343
LEI,20070618,45.19,46.79,45.08,45.8,871435
LEP,20070618,4.3,4.35,4.3,4.35,39263
LFE,20070618,1,1,0.97,0.99,710001
LGD,20070618,0.41,0.435,0.41,0.42,198500
LGL,20070618,3.13,3.16,3.12,3.13,13235288
LIC,20070618,0.22,0.3,0.22,0.3,725401
LIN,20070618,0.34,0.34,0.34,0.34,16600
LIO,20070618,0.195,0.195,0.195,0.195,139333
LIP,20070618,0.81,0.81,0.8,0.8,167272
LKE,20070618,0.18,0.18,0.18,0.18,50000
LKO,20070618,0.013,0.014,0.013,0.013,40590231
LLC,20070618,18.8,19.18,18.8,19.1,623165
LMC,20070618,2.45,2.45,2.4,2.4,5156
LMG,20070618,0.021,0.022,0.021,0.022,821695
LML,20070618,0.19,0.195,0.19,0.195,66240
LMP,20070618,0.155,0.155,0.15,0.15,81466
LMW,20070618,0.71,0.71,0.685,0.685,33050
LNC,20070618,0.65,0.66,0.63,0.65,441249
LNG,20070618,0.635,0.635,0.62,0.62,74754
LNN,20070618,8.78,8.92,8.78,8.92,650953
LOD,20070618,0.073,0.075,0.07,0.075,235876
LOK,20070618,4,4.04,4,4.04,2706
LPL,20070618,0.19,0.19,0.17,0.17,59922
LRF,20070618,1.31,1.32,1.31,1.32,234394
LRG,20070618,0.037,0.038,0.036,0.037,247361
LRL,20070618,0.525,0.525,0.48,0.52,22000
LSL,20070618,0.017,0.017,0.015,0.015,2987004
LST,20070618,1.77,1.77,1.74,1.74,454469
LTR,20070618,0.25,0.26,0.25,0.26,50000
LUM,20070618,0.015,0.015,0.015,0.015,293500
LWB,20070618,1.67,1.685,1.66,1.685,6598
LYC,20070618,1.06,1.07,1.05,1.07,814931
LYL,20070618,3.83,3.83,3.81,3.81,13391
MAB,20070618,0.56,0.56,0.55,0.55,17300
MAE,20070618,1.435,1.435,1.4,1.435,292864
MAH,20070618,1.175,1.18,1.125,1.16,1034149
MAK,20070618,0.23,0.23,0.215,0.22,358250
MAL,20070618,0.68,0.7,0.63,0.7,180640
MAN,20070618,0.035,0.035,0.033,0.035,3608342
MAP,20070618,4.32,4.34,4.25,4.25,11443120
MAR,20070618,0.4,0.4,0.385,0.39,213205
MAU,20070618,0.3,0.31,0.29,0.31,139965
MBA,20070618,0.145,0.15,0.145,0.15,227967
MBI,20070618,0.006,0.006,0.006,0.006,3995669
MBL,20070618,89.4,90.74,89.11,90.1,1149796
MBN,20070618,6.15,6.24,6.15,6.2,277896
MBP,20070618,0.145,0.145,0.14,0.14,886664
MBR,20070618,2.2,2.3,2.17,2.27,760558
MBT,20070618,1.25,1.3,1.24,1.24,95350
MCC,20070618,6,6.05,5.9,5.91,799028
MCG,20070618,6.24,6.36,6.22,6.31,796690
MCL,20070618,0.026,0.028,0.026,0.028,1325616
MCO,20070618,0.215,0.225,0.215,0.225,45014
MCP,20070618,3.19,3.19,3.02,3.07,174112
MCQ,20070618,4.44,4.5,4.41,4.49,338333
MCR,20070618,4.72,4.72,4.52,4.52,1489237
MCU,20070618,1.23,1.23,1.16,1.165,517436
MCW,20070618,2.21,2.23,2.16,2.21,7881355
MDE,20070618,1.07,1.07,1.05,1.05,22275
MDL,20070618,1.36,1.37,1.345,1.36,519447
MDM,20070618,0.1,0.11,0.1,0.11,40000
MDS,20070618,0.21,0.22,0.21,0.21,259100
MDT,20070618,1.29,1.295,1.27,1.28,5500332
MDV,20070618,0.055,0.055,0.055,0.055,40000
MEE,20070618,0.19,0.19,0.18,0.185,712055
MEI,20070618,0.2,0.21,0.195,0.195,455541
MEL,20070618,1.17,1.2,1.165,1.2,185884
MEO,20070618,1.36,1.4,1.315,1.395,1263996
MEP,20070618,0.84,0.89,0.84,0.89,48517
MFF,20070618,0.935,0.94,0.93,0.94,785319
MFG,20070618,2.3,2.3,2.2,2.2,57277
MFI,20070618,0.75,0.75,0.72,0.73,244290
MFS,20070618,5.82,5.85,5.72,5.72,2152270
MFT,20070618,0.925,0.925,0.905,0.905,5677012
MGK,20070618,0.089,0.089,0.075,0.085,135469
MGO,20070618,0.355,0.36,0.355,0.36,292899
MGQ,20070618,6.8,6.84,6.66,6.66,6856249
MGR,20070618,5.72,5.8,5.72,5.76,7495886
MGU,20070618,0.27,0.28,0.26,0.275,414316
MGW,20070618,2.19,2.19,2.15,2.16,486709
MGX,20070618,1.18,1.29,1.175,1.29,5807724
MHL,20070618,0.034,0.035,0.032,0.032,5800298
MIG,20070618,3.44,3.49,3.41,3.48,16011262
MIK,20070618,0.345,0.345,0.33,0.33,425245
MIN,20070618,2.95,3.07,2.95,3.07,6696
MIR,20070618,2.45,2.45,2.4,2.4,9859
MIS,20070618,2.81,3.23,2.81,3.17,3502467
MIT,20070618,2.1,2.1,2.1,2.1,9000
MIX,20070618,1.06,1.07,1.06,1.07,878543
MKY,20070618,0.053,0.056,0.053,0.053,4310908
MLB,20070618,3.85,3.99,3.84,3.99,59958
MLE,20070618,3.2,3.22,3.14,3.14,172799
MLI,20070618,0.69,0.69,0.675,0.68,949168
MLM,20070618,0.93,0.93,0.91,0.915,42250
MLS,20070618,0.093,0.099,0.093,0.096,17258538
MLT,20070618,22.8,22.8,22.58,22.58,8721
MLX,20070618,0.345,0.36,0.345,0.36,2299211
MMA,20070618,1.035,1.04,1.035,1.035,340384
MMB,20070618,0.43,0.45,0.43,0.43,307157
MMG,20070618,4.42,4.48,4.41,4.44,892572
MML,20070618,1.05,1.05,1.04,1.05,83208
MMN,20070618,0.305,0.305,0.29,0.295,983244
MMR,20070618,0.1,0.1,0.1,0.1,125000
MMS,20070618,5.2,5.37,5.2,5.25,27887
MMZ,20070618,0.18,0.18,0.18,0.18,62000
MND,20070618,14.6,14.79,14.27,14.45,218647
MNF,20070618,0.16,0.18,0.16,0.18,114000
MOC,20070618,3.21,3.35,3.21,3.3,23495
MOD,20070618,0.028,0.028,0.028,0.028,82000
MOF,20070618,1.63,1.64,1.615,1.615,5149885
MOG,20070618,0.08,0.08,0.08,0.08,26666
MOL,20070618,4.27,4.49,4.27,4.3,73848
MON,20070618,0.335,0.335,0.31,0.315,3842667
MOO,20070618,0.185,0.19,0.18,0.18,87731
MOS,20070618,0.185,0.19,0.185,0.19,764129
MOX,20070618,0.91,0.92,0.89,0.89,53680
MPA,20070618,0.023,0.023,0.022,0.022,1865000
MPB,20070618,7,7,7,7,5000
MPD,20070618,0.033,0.033,0.033,0.033,100000
MPF,20070618,1.325,1.345,1.32,1.345,180498
MPG,20070618,0.86,0.86,0.86,0.86,214202
MPH,20070618,0.435,0.435,0.43,0.435,142869
MPI,20070618,0.056,0.056,0.056,0.056,16000
MPJ,20070618,0.006,0.007,0.006,0.006,11562206
MPO,20070618,0.255,0.26,0.22,0.235,21963686
MPR,20070618,1.435,1.44,1.435,1.435,11096713
MPS,20070618,1.09,1.09,1.075,1.08,388741
MPY,20070618,1,1,0.985,0.995,124967
MRA,20070618,0.94,0.945,0.93,0.935,327765
MRC,20070618,0.33,0.33,0.28,0.3,705966
MRE,20070618,7.33,7.48,7.22,7.26,3106567
MRM,20070618,1.98,2,1.975,1.995,99182
MRN,20070618,1.27,1.27,1.27,1.27,19200
MRO,20070618,1.57,1.57,1.5,1.53,85827
MRX,20070618,0.096,0.097,0.095,0.095,1280690
MRZ,20070618,1.385,1.385,1.36,1.36,461888
MSB,20070618,2.13,2.18,2.13,2.18,27300
MSC,20070618,0.021,0.021,0.02,0.02,4867636
MSF,20070618,3.05,3.05,3.05,3.05,5000
MSH,20070618,0.08,0.08,0.08,0.08,300000
MSL,20070618,2.2,2.21,2.1,2.1,127000
MSN,20070618,0.18,0.18,0.16,0.16,137079
MSO,20070618,0.03,0.033,0.03,0.033,1255600
MST,20070618,0.135,0.135,0.13,0.13,501849
MSX,20070618,2.1,2.1,2.1,2.1,2000
MTB,20070618,0.073,0.078,0.073,0.074,274000
MTH,20070618,0.33,0.33,0.32,0.32,41551
MTI,20070618,0.039,0.04,0.039,0.039,252680
MTN,20070618,6.05,6.05,5.81,5.87,84907
MTS,20070618,4.6,4.61,4.57,4.57,5635202
MTU,20070618,0.67,0.69,0.67,0.69,46969
MTY,20070618,0.14,0.14,0.14,0.14,40000
MUM,20070618,0.43,0.47,0.43,0.44,83800
MUN,20070618,0.46,0.46,0.46,0.46,21800
MUR,20070618,0.165,0.17,0.16,0.16,8858861
MUT,20070618,0.03,0.03,0.03,0.03,300000
MVH,20070618,0.31,0.31,0.29,0.3,982415
MVP,20070618,0.565,0.58,0.565,0.58,50000
MVU,20070618,0.4,0.425,0.4,0.425,69095
MWE,20070618,0.28,0.295,0.265,0.295,450286
MWG,20070618,0.985,0.985,0.955,0.97,119445
MWR,20070618,0.14,0.14,0.14,0.14,20000
MXG,20070618,5.02,5.07,5.02,5.04,28729333
MXI,20070618,0.63,0.63,0.59,0.615,676411
MXL,20070618,0.057,0.06,0.055,0.06,1563547
MXR,20070618,0.36,0.375,0.36,0.365,192221
MYG,20070618,0.2,0.205,0.185,0.185,86700
MYO,20070618,1.29,1.29,1.255,1.275,167012
MZM,20070618,0.285,0.285,0.285,0.285,15000
NAB,20070618,40.72,41.18,40.72,41.03,3911858
NAD,20070618,0.042,0.043,0.039,0.04,4609198
NAE,20070618,0.28,0.28,0.28,0.28,22235
NAL,20070618,0.082,0.082,0.082,0.082,251700
NAM,20070618,0.62,0.62,0.6,0.62,134051
NAN,20070618,0.695,0.695,0.64,0.675,566400
NAV,20070618,1.11,1.155,1.11,1.12,195652
NBL,20070618,4.33,4.33,4.31,4.31,9296
NCK,20070618,2.61,2.61,2.61,2.61,4000
NCM,20070618,23.39,23.98,23.39,23.71,2215255
NDM,20070618,0.32,0.33,0.32,0.325,275250
NDO,20070618,0.31,0.315,0.31,0.31,767738
NEC,20070618,0.64,0.655,0.63,0.65,492603
NEL,20070618,4.05,4.05,3.95,4,12750
NEM,20070618,4.75,4.78,4.75,4.77,138902
NEO,20070618,0.155,0.155,0.15,0.15,775649
NEU,20070618,0.42,0.42,0.4,0.4,57500
NFL,20070618,0.655,0.68,0.65,0.66,627943
NGF,20070618,0.21,0.21,0.21,0.21,50000
NGM,20070618,0.655,0.675,0.65,0.675,333555
NHC,20070618,1.98,2.02,1.965,1.985,85442
NHM,20070618,0.004,0.004,0.004,0.004,10850000
NHR,20070618,1.625,1.66,1.62,1.66,45236
NIA,20070618,1.195,1.2,1.155,1.19,2125502
NKP,20070618,1.16,1.17,1.155,1.16,118000
NLB,20070618,0.75,0.75,0.75,0.75,295
NLG,20070618,0.37,0.37,0.355,0.355,130000
NLS,20070618,0.045,0.046,0.045,0.046,45022
NLX,20070618,1.34,1.36,1.32,1.33,111398
NMI,20070618,0.18,0.18,0.18,0.18,60606
NMR,20070618,0.6,0.6,0.56,0.57,36968
NMS,20070618,0.8,0.81,0.795,0.81,774369
NOD,20070618,2.3,2.3,2.3,2.3,18000
NPH,20070618,4.95,4.95,4.95,4.95,2000
NQM,20070618,0.255,0.255,0.255,0.255,3000
NRL,20070618,0.28,0.28,0.28,0.28,2125
NRT,20070618,1.995,2.02,1.98,1.99,212071
NRU,20070618,0.25,0.26,0.25,0.25,76584
NSP,20070618,0.41,0.41,0.4,0.4,27000
NST,20070618,0.15,0.15,0.15,0.15,4000
NSX,20070618,0.425,0.43,0.425,0.43,23500
NTU,20070618,1.5,1.5,1.46,1.46,2500
NUF,20070618,14.27,14.68,14.05,14.5,450538
NUP,20070618,0.6,0.6,0.57,0.59,64863
NWA,20070618,0.033,0.034,0.032,0.034,990000
NWE,20070618,0.27,0.27,0.265,0.27,440199
NWK,20070618,0.19,0.215,0.185,0.215,126234
NWR,20070618,0.32,0.33,0.315,0.32,584184
NWS,20070618,28.5,28.59,28.15,28.15,4371760
NWT,20070618,0.006,0.006,0.005,0.006,82145703
NXS,20070618,1.365,1.365,1.34,1.35,913964
NZO,20070618,0.95,0.95,0.91,0.95,142629
OAK,20070618,2.01,2.02,2.01,2.02,20884
OBJ,20070618,0.055,0.056,0.055,0.055,414109
OBL,20070618,0.105,0.105,0.1,0.1,310000
OCL,20070618,0.655,0.66,0.655,0.66,20000
ODY,20070618,0.6,0.6,0.59,0.59,95050
OEC,20070618,0.345,0.345,0.33,0.33,1278632
OEL,20070618,0.33,0.335,0.29,0.31,1210820
OEX,20070618,1.49,1.55,1.49,1.55,320941
OFG,20070618,2.37,2.37,2.31,2.31,126005
OGD,20070618,0.79,0.805,0.785,0.79,2900726
OIL,20070618,0.45,0.45,0.44,0.44,459374
OKN,20070618,5.68,5.69,5.6,5.6,195500
OKU,20070618,0.3,0.3,0.28,0.29,86000
OLE,20070618,0.018,0.018,0.017,0.017,263500
OLY,20070618,0.1,0.1,0.1,0.1,140000
OMC,20070618,1.26,1.26,1.26,1.26,50000
OMH,20070618,0.725,0.73,0.71,0.725,391040
OMI,20070618,0.63,0.63,0.63,0.63,18186
ONC,20070618,0.43,0.445,0.43,0.43,288167
ONT,20070618,3.05,3.05,3.05,3.05,1250
OPI,20070618,0.04,0.04,0.036,0.036,89763
ORD,20070618,0.64,0.72,0.595,0.62,2454621
ORG,20070618,9.25,9.45,9.25,9.4,2357594
ORH,20070618,0.13,0.13,0.115,0.12,228333
ORI,20070618,29.65,30.16,29.61,30.1,1428202
ORL,20070618,3.3,3.3,3.3,3.3,160
ORO,20070618,0.028,0.028,0.027,0.028,416667
ORP,20070618,0.072,0.072,0.072,0.072,139150
ORT,20070618,0.016,0.016,0.015,0.015,215000
OSH,20070618,4.27,4.31,4.26,4.28,7398305
OST,20070618,6.54,6.62,6.54,6.58,2098093
OTL,20070618,0.17,0.17,0.16,0.17,127700
OVR,20070618,0.64,0.69,0.64,0.67,420789
OXR,20070618,3.53,3.61,3.5,3.57,13915153
OZB,20070618,0.08,0.08,0.076,0.076,26500
PAA,20070618,0.09,0.09,0.09,0.09,15000
PAU,20070618,0.09,0.09,0.086,0.086,35000
PAY,20070618,3,3,3,3,8000
PBA,20070618,1.145,1.145,1.145,1.145,10000
PBB,20070618,1.8,1.81,1.79,1.81,16795
PBD,20070618,2.45,2.45,2.39,2.45,223976
PBG,20070618,3.46,3.56,3.46,3.54,1959003
PBL,20070618,19.16,19.38,18.97,19.15,3233144
PBO,20070618,0.3,0.3,0.3,0.3,49000
PBP,20070618,1.21,1.21,1.21,1.21,30500
PBT,20070618,0.35,0.35,0.34,0.34,203000
PCC,20070618,0.041,0.041,0.041,0.041,30000
PCG,20070618,0.85,0.85,0.835,0.845,432851
PCL,20070618,0.07,0.07,0.067,0.067,1473416
PCP,20070618,0.062,0.068,0.062,0.066,868000
PDM,20070618,0.2,0.21,0.185,0.2,417742
PDN,20070618,8.4,8.5,8.32,8.47,3917921
PDO,20070618,0.79,0.8,0.78,0.8,86585
PDZ,20070618,1.23,1.29,1.23,1.28,390881
PEK,20070618,0.195,0.195,0.16,0.16,87000
PEL,20070618,0.27,0.415,0.27,0.395,846928
PEM,20070618,4.66,4.71,4.6,4.62,1258641
PEN,20070618,0.087,0.09,0.084,0.086,8924906
PEO,20070618,0.065,0.065,0.065,0.065,1700
PEP,20070618,0.86,0.87,0.85,0.86,373324
PES,20070618,0.88,0.93,0.865,0.9,156079
PET,20070618,1.02,1.02,1.01,1.02,34581
PEV,20070618,0.175,0.18,0.165,0.165,1784500
PEX,20070618,0.32,0.32,0.32,0.32,15000
PFG,20070618,1.05,1.165,1.05,1.08,355468
PFL,20070618,1.57,1.6,1.57,1.575,213685
PGA,20070618,5.96,6.03,5.82,5.82,39835
PGL,20070618,5.19,5.2,5.05,5.2,318426
PGM,20070618,0.85,0.85,0.81,0.81,44000
PGS,20070618,0.36,0.365,0.36,0.36,307220
PHK,20070618,0.265,0.265,0.25,0.25,359450
PHL,20070618,0.37,0.49,0.37,0.49,560
PIE,20070618,0.089,0.089,0.087,0.087,146000
PIM,20070618,1.2,1.2,1.1,1.12,38000
PIO,20070618,0.2,0.205,0.195,0.2,247999
PKT,20070618,0.09,0.09,0.082,0.082,1547750
PLA,20070618,1.76,1.76,1.72,1.72,157528
PLD,20070618,0.315,0.36,0.315,0.34,179311
PLF,20070618,1.125,1.165,1.125,1.16,1346461
PLT,20070618,0.64,0.64,0.615,0.615,129665
PLV,20070618,0.71,0.725,0.7,0.725,79815
PMA,20070618,2.41,2.5,2.41,2.46,36207
PMC,20070618,1.95,1.975,1.93,1.96,279290
PME,20070618,1.38,1.38,1.35,1.36,45500
PMH,20070618,0.33,0.34,0.315,0.335,276493
PMM,20070618,8.6,8.9,8.6,8.75,66818
PMP,20070618,1.775,1.82,1.77,1.81,451722
PMV,20070618,8.75,8.75,8.75,8.75,50
PMX,20070618,0.033,0.033,0.033,0.033,375
PNA,20070618,0.7,0.7,0.675,0.685,6536934
PNN,20070618,1.97,1.97,1.92,1.95,57225
PNO,20070618,0.024,0.025,0.024,0.025,712140
POH,20070618,0.285,0.285,0.275,0.275,153232
POL,20070618,0.33,0.34,0.33,0.34,106100
PPC,20070618,4.16,4.16,4,4.07,21032
PPG,20070618,0.395,0.395,0.385,0.385,23735
PPI,20070618,0.6,0.61,0.6,0.61,249998
PPK,20070618,0.78,0.78,0.78,0.78,55998
PPN,20070618,0.125,0.125,0.125,0.125,10200
PPP,20070618,0.26,0.265,0.25,0.265,996704
PPS,20070618,0.95,0.97,0.93,0.97,77978
PPT,20070618,79.2,79.41,78.5,78.8,95016
PPX,20070618,3.74,3.79,3.68,3.7,2141461
PPY,20070618,0.88,0.88,0.825,0.825,73950
PRE,20070618,0.032,0.033,0.031,0.032,3647825
PRG,20070618,5.7,5.82,5.6,5.6,255433
PRO,20070618,0.375,0.375,0.365,0.365,17000
PRR,20070618,0.032,0.032,0.032,0.032,50000
PRT,20070618,3.7,3.7,3.65,3.65,20000
PRU,20070618,0.9,0.9,0.86,0.88,554034
PRV,20070618,1.19,1.19,1.18,1.18,180967
PRW,20070618,0.18,0.185,0.17,0.17,22325
PRY,20070618,12.46,12.6,12.46,12.56,43345
PRZ,20070618,0.18,0.18,0.18,0.18,63154
PSA,20070618,1.48,1.52,1.47,1.485,1489387
PSD,20070618,0.17,0.175,0.165,0.17,2962000
PSH,20070618,1.32,1.33,1.295,1.3,677896
PSP,20070618,0.14,0.155,0.14,0.155,2086493
PST,20070618,0.65,0.65,0.65,0.65,175515
PSV,20070618,0.31,0.315,0.295,0.3,4101125
PTD,20070618,1.51,1.51,1.49,1.49,733346
PTM,20070618,7.59,7.61,7.54,7.6,2227730
PTO,20070618,0.185,0.185,0.185,0.185,50000
PTR,20070618,1.11,1.18,1.105,1.125,276656
PTS,20070618,0.17,0.175,0.17,0.17,90000
PUN,20070618,0.215,0.215,0.21,0.21,39912
PVE,20070618,1.8,1.8,1.8,1.8,86500
PWK,20070618,3.31,3.34,3.31,3.31,7486
PWR,20070618,0.26,0.265,0.26,0.26,12001
PXL,20070618,0.365,0.365,0.36,0.365,71000
PXR,20070618,0.175,0.175,0.16,0.17,80000
PXS,20070618,3.3,3.32,3.29,3.3,311412
PYC,20070618,0.39,0.39,0.38,0.38,20800
PYM,20070618,0.5,0.5,0.47,0.47,109974
QAN,20070618,5.79,5.83,5.77,5.81,20270869
QBE,20070618,32,32.27,31.81,32.12,1917983
QCH,20070618,5.91,5.93,5.91,5.92,36554
QED,20070618,0.029,0.029,0.025,0.025,806447
QFX,20070618,0.23,0.235,0.22,0.235,378626
QGC,20070618,2.45,2.59,2.45,2.52,2730278
QGM,20070618,0.19,0.19,0.19,0.19,60000
QHL,20070618,0.845,0.85,0.845,0.85,62800
QMG,20070618,0.27,0.28,0.265,0.28,203028
QML,20070618,0.305,0.305,0.305,0.305,10000
QMT,20070618,3.3,3.3,3.24,3.24,12300
QOL,20070618,0.285,0.285,0.265,0.28,1269267
QRX,20070618,1.8,1.8,1.7,1.7,46042
QTK,20070618,0.125,0.125,0.12,0.12,223797
QTM,20070618,0.092,0.095,0.09,0.095,57485
QUR,20070618,0.037,0.038,0.037,0.038,458000
QXQ,20070618,0.09,0.091,0.09,0.09,423724
RAB,20070618,1.5,1.5,1.5,1.5,5600
RAT,20070618,1.125,1.13,1.115,1.125,927142
RAU,20070618,0.02,0.02,0.02,0.02,929434
RAW,20070618,0.065,0.065,0.057,0.057,289151
RBH,20070618,0.065,0.065,0.065,0.065,160000
RBM,20070618,0.13,0.13,0.125,0.125,1232340
RBR,20070618,0.16,0.16,0.15,0.15,155783
RBY,20070618,0.026,0.026,0.024,0.024,1727150
RCA,20070618,0.047,0.047,0.047,0.047,153500
RCG,20070618,0.215,0.22,0.21,0.21,30200
RCI,20070618,0.19,0.19,0.19,0.19,10000
RCM,20070618,0.13,0.14,0.13,0.14,28750
RCO,20070618,0.84,0.865,0.84,0.865,8750
RCR,20070618,2.09,2.09,2.02,2.03,49058
RCT,20070618,4.05,4.05,4.02,4.02,4250
RDF,20070618,3.1,3.18,3.05,3.17,36868
RDM,20070618,0.41,0.41,0.41,0.41,91766
RDR,20070618,0.45,0.45,0.44,0.44,161200
RDS,20070618,1.41,1.49,1.39,1.4,57601
REA,20070618,5.91,5.99,5.91,5.92,37494
RED,20070618,0.095,0.095,0.093,0.094,87969
REF,20070618,5.45,5.53,5.45,5.52,9041
REH,20070618,28.2,28.2,24.75,27.8,200888
REO,20070618,0.027,0.027,0.026,0.026,23000
RER,20070618,0.17,0.17,0.17,0.17,5000
REU,20070618,1.02,1.025,1.01,1.01,1345636
REX,20070618,2.72,2.72,2.68,2.68,33141
REY,20070618,0.093,0.093,0.093,0.093,14000
RFE,20070618,0.52,0.52,0.475,0.5,466700
RFG,20070618,1.41,1.41,1.36,1.39,10295
RGP,20070618,0.16,0.165,0.16,0.165,21650
RHC,20070618,11.17,11.2,11.02,11.08,222524
RHD,20070618,0.595,0.6,0.595,0.595,85718
RHI,20070618,2.29,2.29,2.25,2.25,15115
RHL,20070618,4.05,4.05,3.97,4,37500
RHT,20070618,0.017,0.017,0.016,0.017,804274
RIA,20070618,0.44,0.5,0.44,0.5,183471
RIC,20070618,1.21,1.215,1.18,1.2,397712
RIM,20070618,0.061,0.062,0.059,0.059,2494435
RIN,20070618,18.91,18.93,18.72,18.72,13992475
RIO,20070618,99,100.09,98.8,99.99,2028179
RIS,20070618,0.125,0.125,0.125,0.125,10000
RIV,20070618,2.84,3,2.82,2.87,245251
RJT,20070618,1.01,1.025,1.01,1.01,3620602
RKN,20070618,1.28,1.285,1.25,1.285,79265
RLA,20070618,0.14,0.15,0.14,0.15,105171
RMC,20070618,0.16,0.16,0.16,0.16,50000
RMD,20070618,5.23,5.28,5.21,5.26,6027062
RMG,20070618,0.033,0.034,0.031,0.033,6354155
RMI,20070618,0.059,0.06,0.057,0.058,2837535
RML,20070618,0.65,0.65,0.635,0.65,1091199
RMS,20070618,1.5,1.55,1.5,1.535,1165863
RMT,20070618,1.8,1.8,1.65,1.7,18665
RNC,20070618,0.14,0.145,0.14,0.145,148592
RND,20070618,0.425,0.425,0.425,0.425,8000
RNG,20070618,0.08,0.081,0.078,0.078,1894098
RNI,20070618,0.3,0.3,0.3,0.3,42500
RNY,20070618,1.15,1.17,1.15,1.155,168328
ROC,20070618,3.42,3.45,3.35,3.35,1104721
ROG,20070618,0.165,0.21,0.165,0.205,2207245
ROK,20070618,5.27,5.27,5.25,5.25,8500
ROL,20070618,0.2,0.2,0.2,0.2,10000
ROY,20070618,0.425,0.425,0.395,0.4,146139
RPG,20070618,1.27,1.27,1.27,1.27,13999
RPM,20070618,0.058,0.065,0.056,0.06,443000
RPX,20070618,2.18,2.18,2.15,2.15,28500
RRA,20070618,0.805,0.81,0.805,0.805,283945
RRL,20070618,0.094,0.095,0.093,0.093,512582
RRS,20070618,0.935,0.94,0.91,0.925,432172
RRT,20070618,0.85,0.85,0.845,0.85,618500
RSG,20070618,1.32,1.335,1.275,1.33,633591
RSL,20070618,0.033,0.034,0.033,0.034,895695
RSN,20070618,0.075,0.075,0.071,0.071,1197530
RSP,20070618,1.925,1.98,1.915,1.98,484406
RTL,20070618,0.051,0.052,0.047,0.052,837317
RUB,20070618,0.96,0.97,0.94,0.95,841471
RVR,20070618,0.21,0.21,0.2,0.21,465685
RWD,20070618,1.03,1.085,1.03,1.045,355375
RXL,20070618,0.325,0.325,0.32,0.32,10000
SAE,20070618,0.385,0.4,0.385,0.39,254200
SAF,20070618,0.051,0.053,0.05,0.051,527108
SAI,20070618,3.69,3.71,3.66,3.7,510341
SAQ,20070618,5.83,5.83,5.71,5.71,1815
SAR,20070618,0.41,0.415,0.4,0.405,207043
SAU,20070618,0.345,0.345,0.34,0.34,116900
SBC,20070618,16.1,16.18,16,16.18,322781
SBI,20070618,0.3,0.3,0.295,0.295,542495
SBL,20070618,0.044,0.045,0.042,0.043,3472680
SBM,20070618,0.49,0.5,0.485,0.485,1955631
SBP,20070618,0.042,0.042,0.042,0.042,146500
SBS,20070618,0.1,0.105,0.1,0.1,1213162
SCB,20070618,1.07,1.07,1.065,1.065,18125
SCC,20070618,0.38,0.38,0.38,0.38,14359
SCD,20070618,0.078,0.078,0.078,0.078,90000
SCE,20070618,0.031,0.032,0.028,0.028,3671230
SCV,20070618,1.15,1.15,1.15,1.15,17052
SCX,20070618,0.09,0.09,0.08,0.085,109109
SDG,20070618,3.9,3.97,3.86,3.94,1582415
SDI,20070618,0.51,0.52,0.51,0.515,40113
SDL,20070618,0.44,0.48,0.44,0.48,56708552
SDM,20070618,2.65,2.76,2.65,2.65,76869
SEA,20070618,0.52,0.53,0.46,0.475,339598
SEG,20070618,0.17,0.17,0.15,0.15,118572
SEK,20070618,7.23,7.34,7.22,7.26,435860
SEN,20070618,0.14,0.14,0.125,0.13,6289466
SEV,20070618,11.2,11.27,11,11.16,495666
SFC,20070618,8.21,8.4,8.12,8.31,42156
SFH,20070618,1.665,1.68,1.65,1.655,195057
SFP,20070618,0.635,0.635,0.635,0.635,17000
SFR,20070618,0.46,0.46,0.45,0.46,39750
SFY,20070618,61.52,61.85,60.98,60.98,962
SGB,20070618,35.6,35.93,35.54,35.8,1982074
SGH,20070618,1.66,1.66,1.63,1.63,148165
SGL,20070618,0.405,0.405,0.395,0.4,1533093
SGM,20070618,25.9,26.7,25.75,26.7,308918
SGN,20070618,2.81,2.89,2.81,2.85,632541
SGP,20070618,8.6,8.6,8.27,8.33,14598738
SGT,20070618,2.6,2.66,2.59,2.64,8208126
SGV,20070618,0.056,0.056,0.056,0.056,42500
SGX,20070618,5.65,5.7,5.62,5.68,403589
SHC,20070618,0.2,0.2,0.2,0.2,125520
SHE,20070618,0.43,0.43,0.42,0.42,34480
SHG,20070618,1.16,1.23,1.16,1.22,964946
SHL,20070618,14.97,15.22,14.97,15.17,940326
SHX,20070618,0.45,0.45,0.45,0.45,15250
SIM,20070618,0.82,0.88,0.82,0.88,31550
SIP,20070618,2.32,2.34,2.3,2.31,4189722
SIU,20070618,0.035,0.035,0.035,0.035,10000
SKC,20070618,4.48,4.65,4.48,4.58,130983
SKE,20070618,5,5,4.92,4.94,36124
SKI,20070618,1.9,1.93,1.895,1.91,3367910
SLA,20070618,1.31,1.31,1.23,1.285,149759
SLF,20070618,23,23,22.74,22.74,4305
SLM,20070618,4.11,4.12,4.11,4.12,19715
SLT,20070618,0.027,0.027,0.025,0.026,802722
SLV,20070618,2.39,2.57,2.39,2.55,805021
SLX,20070618,12.45,12.45,12.27,12.43,177040
SMA,20070618,0.046,0.05,0.046,0.046,239571
SMC,20070618,0.135,0.14,0.135,0.135,294159
SML,20070618,0.021,0.021,0.021,0.021,345300
SMM,20070618,3.7,3.76,3.52,3.66,213183
SMN,20070618,0.165,0.165,0.16,0.16,190279
SMX,20070618,5.8,5.8,5.75,5.75,83222
SMY,20070618,4.02,4.05,3.95,4,2159385
SMZ,20070618,0.21,0.21,0.2,0.2,179000
SNN,20070618,0.155,0.155,0.15,0.15,492092
SNO,20070618,0.805,0.805,0.805,0.805,4500
SNU,20070618,0.3,0.3,0.29,0.295,236998
SOE,20070618,0.24,0.245,0.24,0.24,747712
SOL,20070618,10.29,10.4,9.76,10.15,66375
SOM,20070618,0.016,0.016,0.016,0.016,1254200
SOO,20070618,0.12,0.13,0.115,0.125,118686
SOT,20070618,0.84,0.84,0.82,0.83,387841
SPD,20070618,0.285,0.285,0.28,0.28,11667
SPH,20070618,3.34,3.45,3.3,3.45,643195
SPL,20070618,0.405,0.42,0.395,0.4,234304
SPN,20070618,1.415,1.43,1.41,1.425,6711098
SPT,20070618,4.64,4.67,4.59,4.62,1411954
SRA,20070618,0.04,0.04,0.039,0.039,1125690
SRB,20070618,1.52,1.52,1.5,1.5,159202
SRH,20070618,2.8,2.9,2.8,2.9,7000
SRI,20070618,0.155,0.185,0.15,0.17,6124584
SRK,20070618,2.06,2.29,2.05,2.28,268233
SRL,20070618,4.35,4.55,4.31,4.52,3101470
SRM,20070618,0.2,0.2,0.2,0.2,6199
SRR,20070618,0.175,0.18,0.155,0.18,133646
SRV,20070618,4.75,4.75,4.66,4.66,5968
SRX,20070618,3.41,3.46,3.4,3.4,23084
SRZ,20070618,0.275,0.285,0.275,0.275,309177
SSC,20070618,0.046,0.047,0.044,0.047,8650458
SSI,20070618,2.37,2.37,2.22,2.22,16854
SSM,20070618,1.935,1.945,1.87,1.88,182137
SSN,20070618,0.22,0.22,0.205,0.21,225650
SSX,20070618,2.73,2.74,2.7,2.71,1263375
STB,20070618,0.23,0.23,0.23,0.23,5000
STC,20070618,0.98,1,0.97,1,19060
STE,20070618,0.13,0.14,0.13,0.14,75990
STG,20070618,1.54,1.58,1.54,1.58,278105
STI,20070618,0.079,0.079,0.079,0.079,50000
STO,20070618,14.15,14.15,13.95,13.97,2052630
STP,20070618,0.076,0.078,0.076,0.076,80000
STS,20070618,3,3.05,2.95,3.01,83135
STU,20070618,0.94,0.94,0.91,0.91,300550
STW,20070618,62.89,63.3,62.89,63.1,59557
STX,20070618,0.245,0.265,0.245,0.255,3138777
SUL,20070618,4.38,4.42,4.26,4.26,142451
SUN,20070618,20.64,20.78,20.57,20.7,2479362
SUR,20070618,0.09,0.09,0.085,0.085,456240
SVL,20070618,0.19,0.19,0.185,0.185,25000
SWK,20070618,1.05,1.05,1.03,1.05,49600
SWN,20070618,0.33,0.33,0.33,0.33,15049
SXP,20070618,0.145,0.145,0.145,0.145,114780
SYB,20070618,4.31,4.31,4.22,4.27,9166088
SYG,20070618,0.016,0.016,0.016,0.016,1706667
SYL,20070618,5.58,5.58,5.58,5.58,1785
SYM,20070618,0.56,0.565,0.555,0.565,307850
SYN,20070618,0.85,0.85,0.85,0.85,1000
SYP,20070618,0.935,0.935,0.875,0.91,236590
TAG,20070618,0.37,0.37,0.37,0.37,10000
TAH,20070618,17.35,17.59,17.34,17.49,611241
TAL,20070618,2.44,2.46,2.38,2.41,573295
TAM,20070618,0.135,0.14,0.13,0.135,1803579
TAN,20070618,0.43,0.43,0.43,0.43,38400
TAP,20070618,1.915,1.915,1.88,1.885,2122275
TAS,20070618,0.3,0.31,0.28,0.28,1464081
TAW,20070618,0.18,0.18,0.17,0.175,209218
TBG,20070618,1.9,1.96,1.9,1.94,137103
TCL,20070618,8.06,8.14,8.05,8.11,3562782
TCQ,20070618,2.9,2.94,2.9,2.94,82624
TDI,20070618,0.76,0.76,0.76,0.76,400
TDR,20070618,0.026,0.028,0.026,0.027,1853520
TEE,20070618,0.017,0.017,0.017,0.017,1162000
TEL,20070618,4.17,4.2,4.16,4.19,1932233
TEN,20070618,2.99,3.02,2.85,2.97,2243440
TEX,20070618,0.18,0.195,0.175,0.195,447144
TEY,20070618,0.91,0.92,0.87,0.9,247713
TFC,20070618,0.9,0.9,0.875,0.89,255172
TFS,20070618,0.2,0.2,0.19,0.19,68800
TGF,20070618,0.545,0.545,0.545,0.545,35000
TGG,20070618,1.53,1.53,1.52,1.52,126430
TGP,20070618,2.38,2.38,2.31,2.31,44800
TGR,20070618,3.07,3.17,3.05,3.17,310574
TGS,20070618,0.645,0.65,0.64,0.65,440615
THG,20070618,1.05,1.07,1.04,1.055,109243
THK,20070618,0.3,0.3,0.29,0.29,149816
THO,20070618,0.95,0.95,0.95,0.95,7000
THR,20070618,0.31,0.33,0.31,0.315,432276
THX,20070618,0.56,0.57,0.555,0.555,215512
TIM,20070618,2.15,2.17,2.1,2.11,3104464
TIS,20070618,0.59,0.59,0.58,0.58,36000
TJN,20070618,1.185,1.185,1.185,1.185,2200
TKG,20070618,0.013,0.015,0.013,0.013,6039574
TKL,20070618,0.3,0.3,0.3,0.3,20000
TLM,20070618,0.16,0.16,0.15,0.15,10000
TLS,20070618,4.82,4.82,4.73,4.74,25415970
TLZ,20070618,0.405,0.405,0.405,0.405,17500
TMR,20070618,0.29,0.305,0.285,0.29,10290308
TMX,20070618,0.18,0.18,0.18,0.18,160000
TNC,20070618,0.033,0.036,0.033,0.035,3782333
TNE,20070618,1.2,1.24,1.155,1.24,1238812
TNG,20070618,0.73,0.76,0.73,0.735,686070
TNL,20070618,0.52,0.55,0.52,0.55,71150
TOE,20070618,1.035,1.035,0.99,0.995,92400
TOL,20070618,15.11,15.44,15.09,15.35,4841286
TOX,20070618,2.3,2.35,2.3,2.3,47480
TPF,20070618,1.025,1.03,1.025,1.03,30000
TPI,20070618,12.62,12.85,12.62,12.84,1835426
TPX,20070618,7.4,7.4,7.4,7.4,2435
TRF,20070618,0.92,0.97,0.92,0.95,115600
TRG,20070618,14.85,15.25,14.85,15.01,3002
TRJ,20070618,0.31,0.33,0.31,0.33,35100
TRO,20070618,1.335,1.375,1.33,1.375,153334
TRS,20070618,13.05,13.1,13,13.02,26268
TRU,20070618,11.9,11.9,11.61,11.7,32102
TRY,20070618,2.68,2.7,2.58,2.62,32480
TSE,20070618,11.82,11.95,11.78,11.88,455020
TSH,20070618,0.45,0.45,0.44,0.44,46955
TSI,20070618,2.35,2.35,2.32,2.33,2117902
TSM,20070618,2.3,2.3,2.21,2.22,1426934
TSO,20070618,2.51,2.51,2.48,2.49,3169953
TSV,20070618,0.03,0.03,0.029,0.029,336576
TTH,20070618,0.063,0.063,0.063,0.063,673
TTI,20070618,0.42,0.43,0.42,0.42,70830
TTR,20070618,0.11,0.11,0.105,0.105,1335640
TTS,20070618,4.82,4.84,4.8,4.83,4135640
TTV,20070618,0.195,0.195,0.175,0.175,87340
TTY,20070618,1.02,1.1,1.02,1.05,551237
TUC,20070618,0.46,0.48,0.46,0.48,29500
TVL,20070618,0.345,0.345,0.34,0.345,143172
TVN,20070618,0.029,0.03,0.029,0.03,250000
TWD,20070618,2.15,2.15,2.15,2.15,2360
TWO,20070618,2.69,2.69,2.66,2.66,4819
TWR,20070618,2.31,2.37,2.27,2.28,1095292
TWT,20070618,0.63,0.63,0.63,0.63,4000
TXN,20070618,0.535,0.535,0.535,0.535,34000
TZL,20070618,2.46,2.46,2.45,2.45,18197
TZN,20070618,3.02,3.02,3,3.01,185794
UBI,20070618,1.23,1.23,1.2,1.23,58800
UCL,20070618,0.034,0.035,0.033,0.033,9844000
UCM,20070618,0.43,0.46,0.4,0.4,31000
UCW,20070618,1.1,1.1,1.1,1.1,3000
UEQ,20070618,0.53,0.53,0.5,0.53,267460
UGL,20070618,15.85,16.03,15.8,16,688216
UKL,20070618,1.3,1.3,1.23,1.26,261308
UMC,20070618,0.88,0.9,0.85,0.85,543598
UNI,20070618,0.285,0.285,0.28,0.28,259893
UNW,20070618,0.28,0.28,0.26,0.27,500001
UNX,20070618,1.72,1.82,1.72,1.82,277161
UOG,20070618,0.135,0.14,0.135,0.14,98000
URA,20070618,0.455,0.485,0.435,0.47,593993
URL,20070618,0.105,0.105,0.1,0.1,876855
USA,20070618,0.31,0.31,0.31,0.31,26375
UTO,20070618,0.68,0.7,0.67,0.67,220755
UUL,20070618,0.45,0.47,0.435,0.46,130278
UXA,20070618,0.33,0.33,0.32,0.325,184000
UXC,20070618,2.21,2.21,2.18,2.21,174812
VBA,20070618,2.45,2.5,2.45,2.49,186380
VBP,20070618,10.55,10.55,10.55,10.55,450
VCN,20070618,0.475,0.51,0.475,0.5,664150
VCR,20070618,0.795,0.795,0.78,0.79,822377
VEA,20070618,3.59,3.6,3.59,3.6,132155
VGH,20070618,2.61,2.69,2.6,2.62,98810
VGP,20070618,0.22,0.235,0.22,0.235,48475
VHL,20070618,0.13,0.13,0.13,0.13,62900
VIL,20070618,0.088,0.1,0.088,0.1,3071056
VIR,20070618,1.045,1.05,1.045,1.05,214797
VKI,20070618,1.085,1.085,1.085,1.085,70143
VLA,20070618,0.092,0.092,0.089,0.09,890305
VLL,20070618,0.04,0.041,0.039,0.04,611479
VMG,20070618,2.69,2.69,2.58,2.58,3029310
VML,20070618,0.68,0.7,0.68,0.7,201930
VMS,20070618,0.32,0.345,0.32,0.33,85000
VMT,20070618,0.19,0.19,0.18,0.18,143389
VNS,20070618,0.445,0.45,0.4,0.4,164750
VPE,20070618,0.185,0.19,0.185,0.185,495333
VPG,20070618,2.13,2.18,2.07,2.09,3394778
VRE,20070618,0.485,0.49,0.43,0.44,2182869
VRL,20070618,3.18,3.2,3.13,3.15,64139
VSG,20070618,0.019,0.021,0.019,0.021,9955968
VTP,20070618,1.41,1.41,1.4,1.4,41650
WAB,20070618,1.065,1.065,1.05,1.05,103129
WAG,20070618,0.021,0.021,0.021,0.021,1122401
WAL,20070618,0.19,0.19,0.17,0.18,213926
WAM,20070618,1.835,1.835,1.83,1.83,45300
WAN,20070618,13.77,13.84,13.5,13.5,771275
WAS,20070618,0.041,0.043,0.039,0.039,1603000
WAT,20070618,1.55,1.55,1.54,1.54,2279
WBA,20070618,1.28,1.28,1.23,1.27,153762
WBB,20070618,11.9,12.14,11.9,11.95,9737
WBC,20070618,25.72,25.85,25.66,25.7,5601715
WCB,20070618,4.65,4.7,4.65,4.65,12970
WCL,20070618,0.86,0.88,0.84,0.84,81777
WCP,20070618,0.16,0.175,0.145,0.16,2185635
WDC,20070618,20.3,20.38,20.13,20.3,16787015
WDS,20070618,2.62,2.63,2.6,2.6,78825
WEC,20070618,2.89,2.89,2.83,2.83,25710
WES,20070618,43,44,42.75,43.5,2536329
WEZ,20070618,0.085,0.085,0.081,0.081,751911
WFL,20070618,1.69,1.69,1.645,1.65,13502
WGP,20070618,0.16,0.165,0.16,0.165,35000
WGR,20070618,0.49,0.54,0.49,0.49,551585
WHC,20070618,1.9,1.99,1.88,1.9,44654
WHE,20070618,2.32,2.32,2.21,2.28,115385
WHF,20070618,4.71,4.73,4.69,4.69,43488
WHG,20070618,2.51,2.56,2.5,2.5,641598
WHS,20070618,5.4,5.4,5.4,5.4,2904
WIL,20070618,1.18,1.185,1.17,1.185,103209
WKR,20070618,0.3,0.31,0.3,0.3,39113
WLL,20070618,3.17,3.17,3.17,3.17,1000
WLS,20070618,1.16,1.16,1.15,1.155,108277
WME,20070618,0.215,0.215,0.21,0.215,372000
WMT,20070618,0.25,0.26,0.235,0.235,17420287
WOR,20070618,29.2,29.94,29.16,29.69,729161
WOW,20070618,27.7,27.93,27.56,27.79,2549559
WPG,20070618,0.96,0.96,0.95,0.95,89804
WPL,20070618,45.42,45.98,45.2,45.95,1234875
WRK,20070618,0.57,0.57,0.55,0.56,86856
WRL,20070618,0.27,0.27,0.26,0.26,70000
WSA,20070618,5.5,5.63,5.4,5.63,309308
WSS,20070618,0.105,0.15,0.105,0.115,623500
WSY,20070618,0.035,0.035,0.03,0.03,295000
WTE,20070618,0.135,0.14,0.13,0.135,639236
WTF,20070618,5.3,5.34,5.29,5.33,219985
WTN,20070618,0.38,0.38,0.38,0.38,10000
WTP,20070618,5.41,5.42,5.4,5.4,27897
WWA,20070618,2.55,2.55,2.55,2.55,7030
WWM,20070618,0.22,0.23,0.215,0.23,196575
WWW,20070618,0.94,0.94,0.89,0.89,172000
WYL,20070618,3.45,3.48,3.43,3.47,194086
XAF,20070618,6118.5,6118.5,6118.5,6118.5,0
XAO,20070618,6314,6376.2,6314,6365.3,0
XAT,20070618,634370,634370,634370,634370,0
XBL,20070618,0.16,0.17,0.16,0.17,14214
XDJ,20070618,2876.6,2884.9,2871.3,2878.8,0
XEJ,20070618,14416.6,14681.5,14414.7,14678.6,0
XEN,20070618,0.14,0.14,0.13,0.13,264877
XFJ,20070618,7140.5,7184.7,7135.2,7166.8,0
XFL,20070618,6080.1,6128.4,6067.9,6117.3,0
XGD,20070618,4906.5,4906.5,4906.5,4906.5,0
XHJ,20070618,8455.9,8566.6,8454.8,8503.2,0
XIJ,20070618,671.6,685.3,669.7,681,0
XJO,20070618,6304,6355.8,6293.8,6343.4,0
XKO,20070618,6333,6374.1,6313.4,6362.2,0
XMD,20070618,6536.9,6598.5,6535.7,6584,0
XMJ,20070618,13162,13305.6,13094.6,13295.8,0
XMM,20070618,4570.7,4570.7,4570.7,4570.7,0
XNJ,20070618,7169.4,7302.1,7158.3,7277.6,0
XPJ,20070618,2428.2,2441.1,2396.9,2400.3,0
XRF,20070618,0.12,0.12,0.12,0.12,32452
XSJ,20070618,8225.9,8316.7,8221.3,8290.1,0
XSO,20070618,3950.7,3977.6,3947.6,3969.6,0
XST,20070618,0.24,0.26,0.24,0.25,207222
XTE,20070618,15,15,14.5,14.5,5000
XTJ,20070618,1730.2,1732,1698.8,1702.8,0
XTL,20070618,3335,3360.6,3326.5,3356.1,0
XTO,20070618,5077.4,5118.8,5068.6,5109.3,0
XUJ,20070618,7573.7,7596.5,7557.9,7564.9,0
XXJ,20070618,7373.8,7446.8,7366.9,7433.7,0
YGL,20070618,0.22,0.225,0.21,0.21,180800
YML,20070618,0.485,0.5,0.455,0.485,316514
YRR,20070618,0.455,0.47,0.435,0.46,251227
YTC,20070618,1.23,1.3,1.23,1.28,123915
ZDX,20070618,0.3,0.3,0.3,0.3,200000
ZFX,20070618,18.85,18.93,18.67,18.88,2692975
ZGL,20070618,0.35,0.35,0.33,0.33,50487
ZGM,20070618,0.18,0.18,0.175,0.18,28000
ZIM,20070618,13,13,12.01,13,4700
ZNC,20070618,0.46,0.48,0.46,0.46,97256
ZYL,20070618,0.065,0.065,0.064,0.064,811986
