AAC,20070212,2.2,2.22,2.15,2.2,354913
AAE,20070212,0.35,0.355,0.34,0.35,633472
AAM,20070212,0.185,0.185,0.175,0.18,127717
AAN,20070212,14.4,14.45,14.3,14.44,1552396
AAO,20070212,0.21,0.215,0.205,0.205,210000
AAQ,20070212,0.625,0.64,0.625,0.625,11600
AAR,20070212,0.067,0.067,0.066,0.066,446000
AAT,20070212,0.09,0.09,0.09,0.09,100000
AAU,20070212,0.64,0.645,0.635,0.645,171098
AAX,20070212,5.11,5.39,5.11,5.34,150427
ABB,20070212,7.6,7.6,7.16,7.54,175606
ABC,20070212,2.8,2.85,2.8,2.82,1179234
ABI,20070212,0.051,0.051,0.05,0.051,783000
ABJ,20070212,0.265,0.32,0.265,0.3,661593
ABP,20070212,1.95,1.97,1.93,1.95,1878497
ABQ,20070212,0.295,0.305,0.295,0.305,138198
ABS,20070212,7.61,7.63,7.55,7.57,687426
ABU,20070212,0.12,0.12,0.115,0.12,381951
ABW,20070212,11,11,11,11,200
ABY,20070212,2.2,2.23,2.18,2.21,552955
ACE,20070212,0.26,0.3,0.26,0.285,2244828
ACG,20070212,0.18,0.18,0.175,0.175,85000
ACL,20070212,1.2,1.2,1.17,1.175,141625
ACR,20070212,1.045,1.045,0.97,1.01,605419
ACS,20070212,0.125,0.125,0.125,0.125,48296
ADA,20070212,0.67,0.67,0.66,0.66,13539
ADB,20070212,14.34,14.34,14.1,14.12,424282
ADG,20070212,3.46,3.46,3.46,3.46,22000
ADI,20070212,0.84,0.84,0.79,0.805,364327
ADL,20070212,0.099,0.1,0.095,0.1,600857
ADN,20070212,0.55,0.55,0.535,0.535,40650
ADS,20070212,0.17,0.17,0.16,0.165,1333179
ADT,20070212,0.84,0.84,0.84,0.84,16733
ADU,20070212,0.65,0.65,0.65,0.65,97000
ADX,20070212,0.1,0.1,0.098,0.098,222000
ADY,20070212,0.155,0.165,0.15,0.155,29727007
ADZ,20070212,2.51,2.52,2.5,2.52,1947513
AEC,20070212,4.24,4.25,4.2,4.25,45793
AED,20070212,4.72,4.83,4.72,4.78,503028
AEE,20070212,0.59,0.59,0.54,0.57,369797
AEF,20070212,48,48,48,48,100
AEI,20070212,0.66,0.66,0.66,0.66,9916
AEO,20070212,2.05,2.17,2.05,2.06,297442
AEP,20070212,4.25,4.25,4.21,4.21,6729
AET,20070212,1.02,1.05,1.02,1.05,11614
AEU,20070212,1.97,1.97,1.935,1.96,255187
AEX,20070212,0.045,0.046,0.045,0.045,2533759
AEZ,20070212,1.21,1.24,1.21,1.24,2871809
AFG,20070212,13.22,13.24,12.9,12.91,585511
AFI,20070212,5.74,5.76,5.66,5.7,301176
AFT,20070212,0.012,0.012,0.011,0.011,6224300
AGC,20070212,1.77,1.78,1.745,1.745,989187
AGD,20070212,0.039,0.039,0.039,0.039,100000
AGF,20070212,1.145,1.15,1.13,1.13,441228
AGG,20070212,12.32,12.37,12.32,12.37,9700
AGI,20070212,0.705,0.71,0.695,0.695,83405
AGK,20070212,17.5,17.7,17.35,17.6,129180
AGM,20070212,0.645,0.645,0.615,0.63,2603002
AGO,20070212,0.57,0.58,0.57,0.58,99854
AGS,20070212,1.75,1.75,1.67,1.69,946565
AGX,20070212,0.125,0.125,0.125,0.125,11000
AHD,20070212,6.5,6.5,6.5,6.5,5300
AHE,20070212,2.62,2.63,2.6,2.63,88252
AHN,20070212,0.28,0.3,0.28,0.29,104000
AHS,20070212,0.9,0.925,0.9,0.925,203613
AIA,20070212,2.02,2.04,2.02,2.04,10000
AIE,20070212,0.375,0.38,0.37,0.37,346995
AIG,20070212,0.15,0.195,0.15,0.195,2420
AII,20070212,0.205,0.205,0.205,0.205,110000
AIM,20070212,0.23,0.23,0.215,0.22,3279002
AIV,20070212,0.13,0.14,0.13,0.13,100000
AIX,20070212,2.68,2.7,2.66,2.69,487577
AIZ,20070212,1.93,1.93,1.92,1.925,12640
AJL,20070212,1.175,1.185,1.175,1.185,305424
AKK,20070212,0.8,0.95,0.8,0.95,1440090
ALB,20070212,1.85,1.865,1.84,1.84,93200
ALD,20070212,0.365,0.37,0.36,0.36,577340
ALK,20070212,0.23,0.235,0.22,0.22,290000
ALL,20070212,16.18,16.3,16.11,16.29,979828
ALR,20070212,1.835,1.835,1.83,1.83,2880
ALS,20070212,12.6,12.69,12.5,12.67,226088
ALT,20070212,0.024,0.024,0.024,0.024,366169
ALU,20070212,1.22,1.22,1.22,1.22,28320
ALZ,20070212,2.18,2.19,2.17,2.17,1574614
AMA,20070212,0.44,0.44,0.43,0.44,153600
AMB,20070212,1.35,1.35,1.35,1.35,12469
AMC,20070212,7.31,7.42,7.31,7.39,3457041
AMH,20070212,0.685,0.685,0.685,0.685,19350
AMM,20070212,0.205,0.205,0.185,0.2,448293
AMO,20070212,0.635,0.64,0.635,0.64,18750
AMP,20070212,10.6,10.65,10.56,10.61,2580357
AMU,20070212,0.9,0.9,0.87,0.89,367161
ANC,20070212,6.33,6.33,6.33,6.33,88
AND,20070212,0.375,0.38,0.375,0.38,302251
ANE,20070212,4.1,4.11,4.1,4.11,343172
ANG,20070212,1.3,1.3,1.21,1.225,164067
ANH,20070212,0.051,0.053,0.05,0.053,1265000
ANM,20070212,0.44,0.445,0.43,0.445,84171
ANN,20070212,11,11.07,10.92,11.06,540980
ANO,20070212,0.185,0.185,0.18,0.18,329000
ANP,20070212,0.051,0.053,0.05,0.051,1076470
ANX,20070212,0.275,0.275,0.25,0.25,36375
ANZ,20070212,29.54,29.54,29.21,29.36,5038140
AOD,20070212,9.5,9.75,9.5,9.75,2052
AOE,20070212,1.2,1.25,1.19,1.235,398556
AOI,20070212,0.07,0.071,0.07,0.071,146500
AOM,20070212,0.013,0.013,0.013,0.013,20000
AOP,20070212,0.48,0.485,0.47,0.485,151000
AOS,20070212,0.08,0.08,0.08,0.08,45000
APA,20070212,4.23,4.3,4.23,4.24,224084
APB,20070212,0.15,0.16,0.14,0.16,323500
APD,20070212,3.9,3.9,3.76,3.76,6704
APE,20070212,10.17,10.17,10,10,3021
APG,20070212,0.084,0.089,0.084,0.087,1371350
API,20070212,2.11,2.14,2.11,2.11,610483
APK,20070212,0.68,0.68,0.66,0.68,65478
APM,20070212,0.033,0.033,0.032,0.032,90000
APN,20070212,6.07,6.07,5.97,5.98,1488899
APP,20070212,0.69,0.69,0.69,0.69,13500
APR,20070212,2.04,2.04,2.04,2.04,7600
APV,20070212,0.11,0.11,0.105,0.105,40550
APZ,20070212,2.15,2.16,2.08,2.14,356386
AQA,20070212,3.8,3.85,3.8,3.82,82700
AQD,20070212,0.215,0.215,0.205,0.21,348470
AQL,20070212,0.03,0.03,0.03,0.03,40000
AQP,20070212,36.3,36.8,36.09,36.4,46042
ARE,20070212,0.2,0.2,0.2,0.2,49120
ARG,20070212,8.72,8.72,8.28,8.28,396541
ARJ,20070212,0.011,0.011,0.01,0.01,100000
ARM,20070212,0.56,0.62,0.56,0.6,1199332
ARP,20070212,4.05,4.06,3.98,4.05,92329
ARQ,20070212,1.36,1.365,1.345,1.36,1081368
ARR,20070212,3.17,3.21,3.17,3.18,134741
ARU,20070212,0.93,0.945,0.915,0.925,747178
ARW,20070212,0.415,0.435,0.415,0.43,273292
ARX,20070212,0.022,0.024,0.022,0.022,8663000
ASB,20070212,3.65,3.71,3.58,3.68,631902
ASC,20070212,0.031,0.031,0.03,0.031,332123
ASL,20070212,1.95,2,1.95,1.985,223117
ASP,20070212,0.35,0.35,0.35,0.35,2864
ASQ,20070212,0.365,0.365,0.36,0.36,50000
ASV,20070212,0.036,0.036,0.035,0.036,181000
ASX,20070212,39.5,39.85,39.16,39.4,407644
ASZ,20070212,1.12,1.12,1.08,1.08,128750
ATG,20070212,0.325,0.325,0.32,0.32,37800
ATN,20070212,0.056,0.056,0.053,0.053,186667
ATP,20070212,0.435,0.455,0.435,0.455,60000
ATR,20070212,2.4,2.43,2.4,2.41,14564
ATV,20070212,0.135,0.135,0.135,0.135,345000
ATZ,20070212,0.145,0.145,0.14,0.14,140750
AUB,20070212,5.38,5.38,5.12,5.12,2927499
AUN,20070212,1.22,1.26,1.21,1.235,3022317
AUO,20070212,0.965,0.965,0.935,0.935,21858
AUS,20070212,1.19,1.2,1.185,1.19,207453
AUT,20070212,0.5,0.51,0.495,0.495,487478
AUW,20070212,2.85,2.85,2.81,2.82,314564
AUX,20070212,0.057,0.058,0.057,0.058,711174
AUZ,20070212,0.079,0.079,0.076,0.077,2427977
AVA,20070212,0.063,0.063,0.06,0.06,411850
AVD,20070212,0.56,0.56,0.53,0.53,131000
AVE,20070212,2.72,2.8,2.67,2.79,39019
AVJ,20070212,1.28,1.285,1.275,1.285,102145
AVM,20070212,12.56,12.83,12.56,12.8,58840
AVO,20070212,1.27,1.29,1.25,1.25,151100
AVP,20070212,0.011,0.011,0.011,0.011,175000
AVQ,20070212,0.245,0.245,0.24,0.24,92000
AVR,20070212,1.66,1.66,1.66,1.66,6000
AVS,20070212,0.705,0.715,0.7,0.7,292542
AVX,20070212,0.6,0.6,0.58,0.6,1206294
AWB,20070212,3.14,3.19,3.14,3.19,783991
AWC,20070212,6.85,6.87,6.79,6.83,5842492
AWE,20070212,2.72,2.77,2.71,2.76,1958172
AWG,20070212,0.18,0.19,0.165,0.19,35490
AWL,20070212,0.014,0.014,0.014,0.014,300000
AXA,20070212,7.39,7.4,7.32,7.39,1962802
AXC,20070212,0.09,0.09,0.09,0.09,17500
AXI,20070212,0.29,0.305,0.29,0.295,697298
AXM,20070212,0.28,0.28,0.26,0.275,355700
AXO,20070212,0.79,0.8,0.79,0.79,142115
AXQ,20070212,0.87,0.875,0.86,0.86,425093
AXT,20070212,0.32,0.35,0.32,0.35,63175
AZA,20070212,1.18,1.18,1.13,1.135,1634737
AZC,20070212,0.245,0.265,0.245,0.26,171395
AZD,20070212,0.2,0.2,0.195,0.2,3527214
AZM,20070212,0.27,0.28,0.26,0.28,141400
AZS,20070212,0.097,0.097,0.095,0.097,56000
AZX,20070212,1.7,1.7,1.69,1.7,42100
AZZ,20070212,0.84,0.84,0.825,0.84,277777
BAR,20070212,0.215,0.215,0.175,0.21,1106350
BAS,20070212,0.09,0.09,0.09,0.09,219000
BBG,20070212,17.27,17.4,17.07,17.28,353887
BBI,20070212,1.93,1.965,1.93,1.95,6124323
BBP,20070212,2.88,2.89,2.88,2.88,1301073
BBW,20070212,1.7,1.72,1.69,1.71,1439479
BCF,20070212,1.285,1.37,1.285,1.36,670031
BCI,20070212,0.63,0.63,0.585,0.585,126222
BCM,20070212,4.29,4.29,4.24,4.26,141648
BCN,20070212,0.525,0.53,0.515,0.515,331255
BDG,20070212,0.395,0.41,0.38,0.38,4162392
BDI,20070212,0.54,0.54,0.48,0.485,133151
BDL,20070212,0.31,0.31,0.3,0.3,443839
BDM,20070212,0.3,0.3,0.3,0.3,15000
BDS,20070212,4.24,4.25,4.22,4.22,356288
BEC,20070212,3.47,3.48,3.46,3.46,359402
BEI,20070212,1.435,1.435,1.35,1.37,283908
BEL,20070212,0.425,0.425,0.425,0.425,1463
BEN,20070212,14.2,14.45,14.2,14.31,465429
BER,20070212,0.645,0.645,0.645,0.645,8000
BGD,20070212,0.445,0.445,0.43,0.435,175000
BGF,20070212,0.29,0.305,0.29,0.305,31688979
BGL,20070212,0.13,0.13,0.13,0.13,8000
BHP,20070212,27.93,28.63,27.9,28.59,23182909
BIT,20070212,0.3,0.3,0.3,0.3,165100
BIX,20070212,0.18,0.195,0.175,0.195,489593
BJT,20070212,2.15,2.18,2.13,2.14,1918897
BKG,20070212,0.175,0.175,0.175,0.175,16000
BKI,20070212,1.56,1.56,1.55,1.56,41160
BKN,20070212,9.8,10.1,9.8,10,824851
BKP,20070212,0.21,0.22,0.21,0.22,557329
BKR,20070212,0.335,0.34,0.335,0.34,100488
BKW,20070212,13.45,13.45,13.4,13.43,11783
BKY,20070212,1.545,1.65,1.545,1.65,587840
BLD,20070212,8.66,8.79,8.61,8.69,2444927
BLG,20070212,0.555,0.56,0.55,0.555,64500
BLK,20070212,0.295,0.295,0.295,0.295,31437
BLP,20070212,0.95,0.95,0.915,0.915,80000
BLR,20070212,0.23,0.23,0.215,0.215,15304874
BLS,20070212,0.14,0.14,0.14,0.14,3576
BLT,20070212,0.17,0.18,0.165,0.17,1812170
BLU,20070212,1.55,1.585,1.55,1.57,165442
BLZ,20070212,0.025,0.025,0.024,0.024,260000
BMN,20070212,2.72,2.72,2.58,2.63,324698
BMX,20070212,0.25,0.255,0.25,0.255,373401
BNB,20070212,25.77,26.2,25.71,26.11,613034
BNE,20070212,0.2,0.2,0.2,0.2,9750
BNL,20070212,0.295,0.295,0.28,0.28,50000
BNO,20070212,0.315,0.32,0.31,0.31,266500
BNT,20070212,0.13,0.13,0.12,0.13,599843
BOC,20070212,0.815,0.815,0.81,0.815,16008
BOD,20070212,0.155,0.155,0.15,0.15,77000
BOL,20070212,4.15,4.24,4.14,4.17,972459
BON,20070212,0.14,0.14,0.13,0.14,810096
BOQ,20070212,15.3,15.48,15.29,15.37,231652
BOS,20070212,0.15,0.15,0.15,0.15,147000
BOW,20070212,0.16,0.165,0.16,0.165,59000
BPG,20070212,0.04,0.04,0.04,0.04,148871
BPT,20070212,1.18,1.185,1.16,1.16,3927116
BQT,20070212,0.2,0.2,0.195,0.195,1052025
BRT,20070212,0.105,0.105,0.105,0.105,10000
BRW,20070212,0.3,0.3,0.295,0.3,1020657
BSA,20070212,0.625,0.63,0.625,0.63,264150
BSG,20070212,2.87,2.99,2.87,2.96,1289417
BSL,20070212,9.11,9.34,9.11,9.31,2658004
BSM,20070212,0.3,0.32,0.295,0.315,144159
BSO,20070212,0.695,0.695,0.675,0.675,47509
BTA,20070212,1.66,1.685,1.655,1.68,653617
BTC,20070212,0.41,0.42,0.41,0.42,39100
BTV,20070212,0.115,0.12,0.115,0.115,223400
BUR,20070212,0.24,0.24,0.22,0.235,506495
BUY,20070212,0.052,0.053,0.052,0.053,245800
BVA,20070212,2.45,2.45,2.35,2.42,134779
BWP,20070212,2.2,2.2,2.15,2.15,407832
BXB,20070212,13.9,13.95,13.82,13.9,3019357
BXP,20070212,0.21,0.215,0.205,0.21,321370
BYR,20070212,0.28,0.295,0.28,0.285,383966
CAA,20070212,0.925,0.93,0.9,0.905,218351
CAB,20070212,10.1,10.37,10.06,10.15,391786
CAF,20070212,1.18,1.18,1.18,1.18,55500
CAJ,20070212,0.09,0.09,0.09,0.09,100000
CAL,20070212,1,1,1,1,20
CAM,20070212,1.125,1.14,1.125,1.13,50047
CAQ,20070212,0.2,0.21,0.2,0.21,20000
CAS,20070212,0.24,0.24,0.225,0.225,32000
CAU,20070212,0.072,0.072,0.07,0.07,2806000
CAZ,20070212,0.735,0.75,0.725,0.73,254699
CBA,20070212,51,51.39,51,51.3,1957936
CBD,20070212,0.13,0.165,0.125,0.165,85000
CBH,20070212,0.59,0.6,0.57,0.57,5452849
CBM,20070212,2.65,2.65,2.6,2.6,1238
CBR,20070212,3.12,3.12,3.12,3.12,3540
CCE,20070212,0.13,0.13,0.125,0.13,2914454
CCI,20070212,0.005,0.005,0.004,0.004,1159667
CCL,20070212,7.87,7.87,7.75,7.8,1521647
CCP,20070212,9.26,9.6,9.26,9.37,21304
CCS,20070212,0.09,0.093,0.09,0.092,215914
CCU,20070212,0.42,0.42,0.405,0.405,25000
CCV,20070212,0.75,0.76,0.745,0.745,1838325
CDA,20070212,1.55,1.55,1.5,1.53,43059
CDD,20070212,6.14,6.2,6.1,6.15,10359
CDF,20070212,1.84,1.84,1.84,1.84,8377
CDI,20070212,1.145,1.15,1.145,1.15,162639
CDM,20070212,1.295,1.32,1.28,1.32,93621
CDO,20070212,4.06,4.08,4.06,4.08,12668
CDP,20070212,4.85,4.85,4.85,4.85,7000
CDR,20070212,2.05,2.07,2.04,2.06,2839887
CDS,20070212,0.035,0.035,0.029,0.029,6312270
CDU,20070212,3.63,3.7,3.6,3.67,234909
CDX,20070212,1.14,1.14,1.13,1.13,58702
CEO,20070212,0.043,0.043,0.043,0.043,10000
CER,20070212,1.96,1.96,1.905,1.935,649942
CEU,20070212,1.43,1.43,1.405,1.405,2272620
CEY,20070212,2.76,2.76,2.72,2.73,792672
CFE,20070212,0.315,0.33,0.315,0.325,521852
CFI,20070212,0.72,0.725,0.72,0.725,33426
CFK,20070212,0.36,0.36,0.35,0.35,134828
CFR,20070212,0.013,0.013,0.012,0.013,799833
CFU,20070212,1.28,1.31,1.28,1.295,155649
CFX,20070212,2.45,2.48,2.41,2.43,3411696
CGF,20070212,4.44,4.45,4.37,4.38,979469
CGJ,20070212,14.8,14.81,14.62,14.65,2181035
CGM,20070212,0.25,0.25,0.245,0.245,68000
CGO,20070212,1.19,1.19,1.19,1.19,15734
CGX,20070212,0.69,0.69,0.65,0.65,687370
CHB,20070212,49.5,49.5,47.27,47.27,1178
CHC,20070212,2.44,2.49,2.43,2.45,260329
CHD,20070212,1.01,1.04,1.01,1.04,341420
CHF,20070212,0.42,0.42,0.405,0.405,97350
CHL,20070212,0.41,0.415,0.41,0.415,29000
CHN,20070212,0.13,0.14,0.13,0.14,64959
CHO,20070212,6.51,6.51,6.51,6.51,1000
CHP,20070212,0.022,0.022,0.022,0.022,18696
CHQ,20070212,0.745,0.75,0.745,0.75,117350
CIF,20070212,3.7,3.75,3.69,3.73,67884
CIG,20070212,0.067,0.067,0.065,0.067,1412634
CIL,20070212,2.24,2.3,2.24,2.3,465038
CIN,20070212,21,21,21,21,800
CIR,20070212,1.64,1.7,1.64,1.7,89688
CIW,20070212,0.72,0.72,0.72,0.72,82000
CIX,20070212,0.52,0.52,0.51,0.51,92791
CIY,20070212,4.76,4.76,4.64,4.64,596282
CKL,20070212,0.535,0.535,0.53,0.53,154000
CKR,20070212,0.17,0.185,0.17,0.185,48135
CLF,20070212,0.24,0.24,0.24,0.24,12000
CLH,20070212,0.94,0.945,0.94,0.94,55447
CLO,20070212,0.59,0.59,0.56,0.565,229869
CLT,20070212,1.385,1.39,1.365,1.365,27500
CLV,20070212,0.105,0.11,0.105,0.11,66000
CLX,20070212,1,1,1,1,1000
CME,20070212,0.067,0.071,0.067,0.069,10691897
CMI,20070212,1.84,1.96,1.83,1.95,250996
CMK,20070212,0.31,0.31,0.3,0.305,20100
CMO,20070212,0.02,0.02,0.017,0.019,21848931
CMP,20070212,0.19,0.19,0.19,0.19,80000
CMR,20070212,5.35,5.52,5.35,5.5,532246
CMS,20070212,0.029,0.029,0.029,0.029,10000
CMV,20070212,0.47,0.47,0.465,0.465,19729
CMW,20070212,1.2,1.205,1.195,1.2,3923691
CND,20070212,3.5,3.5,3.45,3.45,97967
CNM,20070212,0.033,0.034,0.033,0.034,1025000
CNN,20070212,0.105,0.125,0.1,0.125,1616600
CNP,20070212,9.63,9.64,9.46,9.49,3473520
CNT,20070212,0.895,0.93,0.895,0.91,64967
COA,20070212,5.84,5.87,5.81,5.86,1394726
COE,20070212,0.42,0.425,0.415,0.425,546530
COF,20070212,4.7,4.85,4.65,4.85,87754
COH,20070212,55.4,55.59,55.18,55.4,169343
COI,20070212,0.34,0.34,0.315,0.315,115000
COK,20070212,0.165,0.17,0.165,0.165,123958
COO,20070212,0.195,0.195,0.195,0.195,2500
COS,20070212,0.135,0.135,0.135,0.135,564100
COU,20070212,2.77,2.8,2.76,2.8,128707
COZ,20070212,0.45,0.5,0.435,0.46,903539
CPA,20070212,1.41,1.41,1.39,1.39,9231795
CPB,20070212,23.1,23.22,23.05,23.22,8808
CPI,20070212,0.37,0.37,0.365,0.365,27980
CPK,20070212,0.855,0.86,0.83,0.83,3414838
CPN,20070212,0.067,0.067,0.065,0.065,600000
CPR,20070212,2.63,2.63,2.6,2.6,519457
CPT,20070212,0.091,0.091,0.085,0.085,200000
CPU,20070212,9.53,9.54,9.32,9.37,1656468
CQT,20070212,0.895,0.895,0.87,0.87,779916
CRC,20070212,0.3,0.3,0.27,0.3,83227
CRE,20070212,0.4,0.4,0.39,0.39,232420
CRG,20070212,14.5,15.67,14.5,15.07,218749
CRJ,20070212,0.39,0.42,0.39,0.42,81250
CRK,20070212,1.245,1.245,1.19,1.2,192051
CRL,20070212,0.12,0.12,0.12,0.12,7000
CRT,20070212,0.675,0.68,0.675,0.675,234214
CSE,20070212,0.37,0.375,0.35,0.35,151403
CSH,20070212,2.55,2.55,2.55,2.55,2660
CSL,20070212,71.16,71.7,70.86,71.7,259220
CSM,20070212,2.26,2.31,2.18,2.29,1312307
CSR,20070212,3.75,3.85,3.7,3.82,3484844
CSS,20070212,0.9,0.905,0.9,0.9,20724
CST,20070212,3.68,3.68,3.56,3.56,67260
CTE,20070212,0.19,0.19,0.19,0.19,349814
CTI,20070212,0.13,0.135,0.13,0.135,100000
CTN,20070212,1.76,1.76,1.72,1.74,108025
CTO,20070212,0.425,0.425,0.42,0.42,370300
CTP,20070212,0.215,0.225,0.215,0.215,235000
CTS,20070212,0.6,0.615,0.6,0.605,271550
CTX,20070212,22.05,22.07,21.93,22,836824
CUE,20070212,0.14,0.155,0.14,0.155,7567793
CUL,20070212,0.034,0.034,0.033,0.033,240000
CUO,20070212,0.51,0.52,0.505,0.505,265294
CUS,20070212,0.24,0.24,0.235,0.24,575076
CUV,20070212,0.89,0.89,0.85,0.85,87969
CUY,20070212,0.66,0.66,0.61,0.62,35400
CVB,20070212,0.16,0.16,0.16,0.16,64937
CVC,20070212,2.5,2.5,2.4,2.45,46287
CVG,20070212,0.315,0.315,0.31,0.31,20000
CVI,20070212,0.14,0.14,0.14,0.14,778321
CVN,20070212,0.091,0.091,0.088,0.088,602253
CWG,20070212,0.245,0.255,0.245,0.255,40995
CWP,20070212,5.08,5.1,5.08,5.1,4880
CWT,20070212,0.93,0.945,0.93,0.94,171939
CXD,20070212,2.04,2.05,2.04,2.05,11750
CXE,20070212,0.245,0.245,0.205,0.245,24100
CXG,20070212,1.225,1.24,1.225,1.225,100000
CXM,20070212,0.16,0.17,0.16,0.17,150000
CXN,20070212,0.15,0.155,0.15,0.155,28000
CXP,20070212,6.19,6.62,6.17,6.52,3874294
CXS,20070212,0.705,0.765,0.705,0.765,1121515
CYA,20070212,1.32,1.35,1.32,1.33,226927
CYC,20070212,0.4,0.4,0.4,0.4,85750
CYG,20070212,5.08,5.08,5.05,5.05,7170
CYL,20070212,0.25,0.25,0.22,0.22,480000
CYN,20070212,0.385,0.405,0.385,0.405,44923
CYT,20070212,0.7,0.7,0.67,0.67,14600
CZP,20070212,0.19,0.205,0.19,0.205,52500
CZR,20070212,0.755,0.76,0.74,0.76,62823
DBS,20070212,0.81,0.81,0.81,0.81,26260
DDT,20070212,0.365,0.365,0.36,0.365,391950
DEG,20070212,0.145,0.145,0.145,0.145,100150
DES,20070212,0.25,0.26,0.24,0.255,248919
DEX,20070212,2.56,2.56,2.5,2.5,15210
DGR,20070212,0.1,0.1,0.095,0.1,22000
DIA,20070212,0.055,0.055,0.053,0.053,123243
DIO,20070212,0.092,0.093,0.09,0.093,1068510
DJS,20070212,4.75,4.8,4.71,4.71,797441
DJW,20070212,5.09,5.09,4.96,5.08,60555
DKN,20070212,1.5,1.5,1.45,1.45,23500
DKS,20070212,7.55,7.55,7.55,7.55,1000
DLS,20070212,0.14,0.14,0.13,0.13,670143
DMA,20070212,0.32,0.32,0.315,0.315,71500
DML,20070212,0.225,0.235,0.225,0.23,252957
DMP,20070212,3.8,3.84,3.8,3.8,5740
DMX,20070212,1.02,1.05,1.01,1.05,105825
DOM,20070212,1.95,1.96,1.92,1.96,104697
DON,20070212,0.355,0.355,0.34,0.34,55400
DOW,20070212,7.03,7.09,7.02,7.05,1587627
DRA,20070212,0.145,0.15,0.145,0.15,413111
DRT,20070212,1.81,1.83,1.795,1.805,5355526
DRX,20070212,0.27,0.27,0.265,0.27,90000
DTL,20070212,5.45,5.45,5.45,5.45,323
DUE,20070212,3.17,3.19,3.16,3.17,875599
DUI,20070212,3.7,3.7,3.7,3.7,636
DVM,20070212,0.087,0.089,0.084,0.086,739121
DVN,20070212,1.31,1.37,1.295,1.37,350327
DWS,20070212,1.97,1.98,1.96,1.98,104520
DWY,20070212,0.39,0.39,0.39,0.39,2000
DXL,20070212,2.53,2.56,2.52,2.54,6714278
DYE,20070212,0.525,0.56,0.525,0.55,74430
DYL,20070212,0.445,0.465,0.44,0.45,7009827
EAR,20070212,0.28,0.28,0.26,0.26,193811
EBB,20070212,3,3.03,2.98,3,36186
EBI,20070212,4.81,4.81,4.8,4.8,15986
EBR,20070212,0.059,0.059,0.057,0.057,661700
EBT,20070212,0.17,0.175,0.165,0.165,2220269
ECH,20070212,0.37,0.37,0.37,0.37,154
ECU,20070212,0.035,0.037,0.035,0.037,903340
EDE,20070212,0.62,0.68,0.6,0.675,814359
EDM,20070212,0.056,0.056,0.052,0.052,238044
EDN,20070212,0.375,0.375,0.37,0.375,71951
EEE,20070212,0.24,0.24,0.24,0.24,30804
EFT,20070212,0.13,0.13,0.115,0.115,142396
EGL,20070212,0.18,0.18,0.17,0.17,521300
EGO,20070212,0.008,0.008,0.007,0.008,2421012
EGX,20070212,0.87,0.87,0.86,0.86,26500
EHL,20070212,1.96,2.02,1.96,2,3833938
EIF,20070212,0.022,0.022,0.022,0.022,68100
EIG,20070212,1.12,1.12,1.12,1.12,30000
EIV,20070212,0.165,0.165,0.165,0.165,106950
EKA,20070212,0.32,0.32,0.315,0.315,14710
EKM,20070212,0.29,0.29,0.275,0.29,88000
ELI,20070212,1.085,1.085,1.085,1.085,2000
ELK,20070212,0.355,0.37,0.34,0.35,274909
ELL,20070212,0.185,0.19,0.18,0.185,380819
ELM,20070212,0.405,0.405,0.405,0.405,40000
ELX,20070212,0.9,0.9,0.895,0.895,81444
EME,20070212,3.85,3.85,3.65,3.65,30874
EMI,20070212,1.33,1.36,1.32,1.32,273000
EMM,20070212,0.115,0.12,0.115,0.12,537500
EMP,20070212,0.105,0.105,0.099,0.1,4851449
EMR,20070212,0.145,0.16,0.135,0.135,116530
EMS,20070212,0.13,0.145,0.13,0.13,3691785
ENB,20070212,0.26,0.26,0.24,0.24,102000
ENE,20070212,4.56,4.61,4.56,4.6,195110
ENG,20070212,0.22,0.22,0.21,0.22,284896
ENR,20070212,0.475,0.475,0.46,0.46,82000
ENV,20070212,1.23,1.235,1.23,1.23,405865
EOL,20070212,1.19,1.19,1.19,1.19,10000
EON,20070212,0.58,0.58,0.575,0.575,44158
EOS,20070212,1.71,1.71,1.69,1.7,49960
EPE,20070212,0.023,0.023,0.023,0.023,19271
EPF,20070212,0.205,0.205,0.195,0.195,191325
EPG,20070212,0.675,0.68,0.67,0.67,308300
EPR,20070212,0.035,0.035,0.034,0.034,197813
EPS,20070212,0.36,0.39,0.36,0.39,40402
EPY,20070212,0.46,0.475,0.45,0.475,460500
EQI,20070212,1.55,1.55,1.52,1.54,162089
EQN,20070212,1.87,1.91,1.87,1.89,34061
EQX,20070212,0.115,0.115,0.115,0.115,5000
ERA,20070212,23,23.4,22.53,22.67,409688
ERG,20070212,0.265,0.275,0.265,0.27,5641698
ERJ,20070212,0.025,0.025,0.024,0.024,100000
ERL,20070212,0.19,0.19,0.18,0.18,114000
ERN,20070212,0.56,0.56,0.545,0.56,46510
ERO,20070212,0.215,0.215,0.215,0.215,8000
ESG,20070212,0.305,0.305,0.295,0.295,614366
ESI,20070212,0.21,0.21,0.2,0.205,159241
ESS,20070212,0.71,0.71,0.685,0.7,38460
ESV,20070212,0.74,0.8,0.74,0.755,294966
ETE,20070212,0.15,0.18,0.15,0.165,330045
ETR,20070212,3.62,3.66,3.62,3.65,275333
ETW,20070212,0.195,0.2,0.195,0.195,167851
EUG,20070212,0.034,0.034,0.032,0.032,398500
EVE,20070212,0.26,0.27,0.255,0.255,554537
EVG,20070212,0.082,0.085,0.082,0.085,29999
EVM,20070212,0.14,0.25,0.14,0.2,1595701
EVZ,20070212,0.45,0.46,0.44,0.46,582111
EXR,20070212,0.35,0.35,0.345,0.345,42270
EXS,20070212,0.275,0.28,0.275,0.275,318501
EXT,20070212,0.092,0.096,0.092,0.092,12832220
EYE,20070212,0.22,0.23,0.22,0.23,261500
EZE,20070212,0.165,0.165,0.165,0.165,3549
EZL,20070212,3.96,4,3.95,3.95,45216
EZY,20070212,0.415,0.63,0.41,0.59,2110373
FAN,20070212,3.48,3.49,3.48,3.49,4162
FAR,20070212,0.13,0.13,0.13,0.13,1497800
FAS,20070212,1.43,1.47,1.41,1.43,261790
FAT,20070212,0.985,0.99,0.98,0.99,172145
FBU,20070212,10.02,10.19,10.01,10.19,522363
FCL,20070212,2.17,2.18,2.14,2.14,3463224
FCN,20070212,0.33,0.33,0.32,0.32,151000
FDL,20070212,0.015,0.015,0.014,0.014,4283350
FEA,20070212,0.78,0.79,0.77,0.775,228847
FER,20070212,1.685,1.73,1.66,1.665,161596
FFF,20070212,0.069,0.069,0.069,0.069,50000
FFI,20070212,3.5,3.5,3.5,3.5,1800
FGI,20070212,1.27,1.27,1.27,1.27,10000
FGL,20070212,7.08,7.08,6.97,7.04,4238053
FIC,20070212,0.255,0.255,0.25,0.25,26100
FKP,20070212,6.95,7.07,6.95,7.06,646595
FLK,20070212,0.81,0.81,0.81,0.81,6500
FLR,20070212,0.19,0.19,0.19,0.19,54000
FLT,20070212,17.05,17.09,17.02,17.04,113860
FLX,20070212,4.65,4.65,4.49,4.52,88940
FMG,20070212,15.77,16.08,15.77,15.95,155005
FML,20070212,0.062,0.064,0.061,0.063,1646087
FNP,20070212,0.49,0.49,0.49,0.49,50000
FNT,20070212,0.135,0.135,0.13,0.13,269939
FPA,20070212,3.21,3.24,3.21,3.22,428266
FPS,20070212,2.65,2.65,2.6,2.65,11000
FRE,20070212,0.765,0.765,0.745,0.76,66226
FRI,20070212,0.885,0.885,0.865,0.865,125000
FRL,20070212,0.085,0.09,0.085,0.085,255196
FRR,20070212,0.78,0.78,0.765,0.765,65621
FRS,20070212,0.42,0.425,0.42,0.425,105000
FRV,20070212,0.091,0.095,0.091,0.091,114337
FSA,20070212,0.63,0.66,0.63,0.66,203211
FUL,20070212,0.086,0.091,0.086,0.09,272980
FUN,20070212,1.635,1.68,1.635,1.64,222746
FWD,20070212,8.7,8.89,8.61,8.78,255242
FXJ,20070212,5.03,5.03,4.95,4.97,3882492
FXL,20070212,3.02,3.09,3.02,3.09,81445
FXR,20070212,1.4,1.4,1.35,1.36,402268
FZN,20070212,0.75,0.75,0.75,0.75,86000
GAA,20070212,1,1,0.96,0.96,89494
GAP,20070212,0.8,0.8,0.8,0.8,2500
GAU,20070212,0.2,0.2,0.195,0.2,58500
GBE,20070212,0.81,0.81,0.795,0.795,32000
GBG,20070212,0.625,0.665,0.62,0.665,1112076
GBL,20070212,0.034,0.035,0.034,0.035,229953
GBP,20070212,0.2,0.205,0.2,0.2,139350
GBT,20070212,3.06,3.06,2.97,2.97,14100
GCL,20070212,3.64,3.64,3.54,3.6,93771
GCN,20070212,0.071,0.071,0.07,0.07,56500
GCR,20070212,0.05,0.05,0.049,0.049,744705
GCX,20070212,0.96,0.96,0.91,0.94,31018
GDM,20070212,0.65,0.68,0.65,0.68,751472
GDN,20070212,0.615,0.62,0.605,0.615,444670
GDR,20070212,0.59,0.64,0.58,0.64,693455
GDY,20070212,1.15,1.17,1.15,1.17,387139
GEN,20070212,0.23,0.23,0.23,0.23,360
GFD,20070212,0.89,0.89,0.89,0.89,20507
GFF,20070212,2.39,2.41,2.39,2.41,5521026
GFL,20070212,0.88,0.9,0.85,0.9,18635
GGP,20070212,0.23,0.23,0.23,0.23,43563
GGX,20070212,0.056,0.056,0.056,0.056,14000
GGY,20070212,0.056,0.056,0.055,0.055,908849
GHG,20070212,1.32,1.33,1.32,1.32,60070
GHT,20070212,0.31,0.345,0.31,0.345,77716
GIP,20070212,0.105,0.105,0.105,0.105,100000
GIR,20070212,0.81,0.81,0.805,0.805,79450
GJT,20070212,1.1,1.1,1.08,1.09,1917539
GLA,20070212,0.17,0.17,0.15,0.15,132800
GLB,20070212,0.295,0.295,0.29,0.29,209171
GLC,20070212,0.6,0.6,0.59,0.59,11200
GLE,20070212,1.125,1.125,1.125,1.125,10000
GLI,20070212,1,1.005,1,1,81040
GLN,20070212,0.21,0.21,0.185,0.205,148987
GLX,20070212,0.053,0.059,0.051,0.055,1071815
GME,20070212,0.58,0.58,0.565,0.565,304162
GMI,20070212,1.35,1.365,1.345,1.36,759678
GML,20070212,0.195,0.195,0.185,0.185,82650
GMR,20070212,0.09,0.09,0.09,0.09,7298
GNC,20070212,10,10,9.9,10,35843
GNL,20070212,0.045,0.045,0.042,0.044,455881
GNS,20070212,3.1,3.11,3.04,3.04,969792
GOA,20070212,0.105,0.105,0.092,0.105,170523
GOG,20070212,0.265,0.265,0.25,0.25,338899
GOP,20070212,0.225,0.225,0.21,0.21,103300
GOW,20070212,3.63,3.65,3.63,3.65,2050
GPG,20070212,2.26,2.3,2.26,2.3,534949
GPN,20070212,0.053,0.054,0.05,0.05,5553311
GPR,20070212,0.55,0.55,0.525,0.525,40000
GPT,20070212,5.52,5.53,5.36,5.36,7082317
GQH,20070212,0.97,0.97,0.97,0.97,2000
GRB,20070212,0.33,0.33,0.33,0.33,34000
GRD,20070212,2.4,2.4,2.37,2.4,319716
GRK,20070212,0.059,0.059,0.057,0.058,364651
GRN,20070212,0.27,0.27,0.265,0.265,9245
GRR,20070212,1.54,1.54,1.52,1.52,66609
GRV,20070212,0.85,0.88,0.78,0.88,18100
GRY,20070212,0.36,0.385,0.36,0.375,865100
GSA,20070212,1.28,1.28,1.255,1.26,5766244
GSE,20070212,0.078,0.08,0.073,0.077,2705476
GSF,20070212,0.023,0.027,0.022,0.023,4772936
GTG,20070212,0.335,0.335,0.335,0.335,140000
GTP,20070212,2.34,2.4,2.24,2.39,7616865
GTX,20070212,0.205,0.205,0.2,0.2,22700
GUD,20070212,8.63,8.66,8.47,8.52,372807
GUL,20070212,0.071,0.071,0.07,0.07,302105
GUN,20070212,0.285,0.285,0.275,0.285,140731
GVM,20070212,0.785,0.785,0.71,0.71,151633
GWR,20070212,2.34,2.38,2.22,2.35,138052
GWT,20070212,3.72,3.73,3.59,3.73,179011
GWV,20070212,0.003,0.003,0.003,0.003,12000
GXY,20070212,0.225,0.23,0.22,0.22,420345
GYN,20070212,0.245,0.245,0.22,0.22,73045
GZL,20070212,2.3,2.3,2.3,2.3,579
HAN,20070212,19.6,20.01,19.6,20,26991
HAP,20070212,1.01,1.035,1,1.035,199686
HAV,20070212,1.47,1.47,1.41,1.41,66070
HAZ,20070212,0.35,0.4,0.34,0.4,473585
HCY,20070212,0.02,0.021,0.02,0.021,2180000
HDF,20070212,3.14,3.15,3.13,3.13,299794
HDN,20070212,0.14,0.15,0.14,0.14,253811
HEG,20070212,0.14,0.15,0.14,0.145,976641
HER,20070212,1.085,1.095,1.08,1.095,73404
HFA,20070212,2.2,2.25,2.2,2.25,20494
HGI,20070212,3.6,3.65,3.6,3.63,1488544
HGL,20070212,0.045,0.045,0.045,0.045,10000
HGO,20070212,0.245,0.25,0.245,0.25,529600
HHL,20070212,13.3,13.3,13.3,13.3,644
HHV,20070212,1.07,1.075,1.065,1.075,1117419
HHY,20070212,1.89,1.91,1.89,1.91,157627
HIC,20070212,0.99,0.99,0.99,0.99,2500
HIG,20070212,0.28,0.295,0.275,0.275,2866091
HII,20070212,0.32,0.365,0.32,0.365,259077
HIL,20070212,5.62,5.62,5.6,5.6,94783
HLD,20070212,0.24,0.24,0.235,0.235,135090
HLS,20070212,0.24,0.24,0.24,0.24,20000
HLX,20070212,0.215,0.25,0.185,0.235,4213037
HMC,20070212,0.087,0.087,0.084,0.084,232927
HME,20070212,14.8,14.87,14.76,14.84,13131
HNG,20070212,2.09,2.1,2.06,2.06,31889
HNR,20070212,0.35,0.36,0.34,0.34,284000
HOM,20070212,0.64,0.64,0.64,0.64,13000
HPX,20070212,2.27,2.3,2.27,2.3,145177
HRD,20070212,0.21,0.21,0.21,0.21,15000
HRR,20070212,1.045,1.24,1.045,1.24,530814
HRS,20070212,0.13,0.13,0.13,0.13,77000
HSK,20070212,1.07,1.09,1.07,1.07,129660
HSP,20070212,6.12,6.22,6.12,6.2,324974
HST,20070212,3.15,3.15,3.12,3.15,73139
HTA,20070212,0.225,0.23,0.225,0.225,197635
HTE,20070212,0.024,0.024,0.023,0.023,902552
HTW,20070212,0.78,0.79,0.77,0.79,252930
HTX,20070212,0.024,0.024,0.022,0.023,447500
HVN,20070212,4.15,4.17,4.1,4.13,759894
HWG,20070212,0.205,0.205,0.2,0.2,200000
HWI,20070212,2.42,2.48,2.42,2.44,311560
HYO,20070212,0.285,0.285,0.26,0.26,492518
HZL,20070212,0.475,0.475,0.47,0.47,50771
HZN,20070212,0.305,0.31,0.305,0.31,898229
IAG,20070212,6.41,6.42,6.35,6.38,3475060
IAS,20070212,0.28,0.28,0.275,0.275,34600
IAU,20070212,0.525,0.56,0.525,0.56,170839
IBA,20070212,1.42,1.45,1.415,1.44,816139
IBC,20070212,0.64,0.645,0.635,0.64,260917
IBG,20070212,1.65,1.7,1.65,1.65,266051
IBR,20070212,0.65,0.65,0.635,0.65,183028
IBT,20070212,1.98,2.1,1.98,2.1,16534
ICC,20070212,0.054,0.055,0.054,0.054,72947
ICD,20070212,0.56,0.56,0.56,0.56,400
ICN,20070212,0.069,0.07,0.069,0.069,398754
ICP,20070212,0.046,0.047,0.046,0.046,1893000
ICS,20070212,0.24,0.24,0.24,0.24,5000
IDE,20070212,0.16,0.16,0.16,0.16,30000
IDL,20070212,0.345,0.36,0.335,0.35,11965492
IDM,20070212,0.3,0.32,0.3,0.32,43700
IDO,20070212,0.56,0.56,0.53,0.53,55000
IDT,20070212,1.88,1.88,1.82,1.83,37661
IEF,20070212,1.16,1.17,1.16,1.16,94143
IFL,20070212,11.55,11.59,11.35,11.59,44113
IFM,20070212,0.76,0.76,0.75,0.75,466836
IGC,20070212,0.32,0.345,0.31,0.345,448279
IGD,20070212,1.09,1.1,1.08,1.1,73987
IGO,20070212,4.24,4.24,4.11,4.11,190475
IGR,20070212,0.14,0.14,0.14,0.14,872645
IGX,20070212,0.63,0.63,0.6,0.6,8000
IHF,20070212,1.125,1.125,1.11,1.11,41660
IHG,20070212,0.185,0.185,0.185,0.185,5500
IIF,20070212,2.47,2.47,2.42,2.47,5309130
III,20070212,0.3,0.3,0.29,0.29,41236
IIN,20070212,1.255,1.255,1.15,1.2,546806
ILF,20070212,1.33,1.345,1.32,1.32,486946
ILU,20070212,6.5,6.54,6.41,6.42,204690
IMA,20070212,2.76,2.77,2.65,2.75,139194
IMD,20070212,0.965,0.975,0.945,0.975,280800
IMF,20070212,0.745,0.75,0.74,0.74,72000
IMI,20070212,0.018,0.019,0.018,0.019,3389496
IMP,20070212,0.015,0.015,0.015,0.015,525000
IMU,20070212,0.29,0.325,0.29,0.32,677944
INL,20070212,0.22,0.22,0.205,0.205,1094647
INP,20070212,0.265,0.265,0.265,0.265,16000
IOF,20070212,1.63,1.635,1.61,1.615,3430815
IPA,20070212,0.88,0.88,0.85,0.85,42884
IPE,20070212,1,1,1,1,16371
IPG,20070212,2.43,2.44,2.39,2.41,8162400
IPL,20070212,38.56,38.91,38.01,38.7,75173
IPM,20070212,1.31,1.31,1.285,1.285,138017
IPN,20070212,0.305,0.305,0.305,0.305,186000
IPR,20070212,0.245,0.245,0.205,0.23,2364726
IPT,20070212,0.24,0.24,0.24,0.24,41000
IRC,20070212,0.235,0.235,0.22,0.23,220000
IRE,20070212,7.8,7.85,7.78,7.85,221950
IRI,20070212,0.495,0.495,0.475,0.475,42500
IRN,20070212,0.69,0.69,0.685,0.69,121799
ISS,20070212,0.325,0.325,0.325,0.325,10000
ITC,20070212,0.076,0.076,0.075,0.075,807638
ITD,20070212,0.58,0.59,0.58,0.585,230175
ITE,20070212,0.19,0.21,0.19,0.2,413918
ITT,20070212,0.24,0.24,0.225,0.225,61398
IVC,20070212,5.57,5.77,5.56,5.76,306621
IVK,20070212,4,4.1,4,4.1,10000
IWF,20070212,2.43,2.63,2.43,2.61,890435
IWI,20070212,1.85,1.85,1.85,1.85,19580
IWL,20070212,4.85,4.85,4.73,4.75,87868
JAK,20070212,0.18,0.18,0.175,0.175,120000
JBH,20070212,6.51,6.65,6.48,6.61,501408
JBM,20070212,15.52,15.98,15.41,15.94,431802
JET,20070212,1.9,1.9,1.88,1.89,6000
JFM,20070212,1.425,1.435,1.42,1.435,84889
JGL,20070212,0.36,0.37,0.33,0.35,432174
JHX,20070212,9.97,9.97,9.9,9.95,1847737
JMB,20070212,1.68,1.75,1.68,1.75,4600
JML,20070212,0.95,0.96,0.94,0.945,1120316
JMS,20070212,0.355,0.355,0.345,0.345,396345
JPR,20070212,0.054,0.054,0.054,0.054,31000
JRL,20070212,1.34,1.34,1.25,1.25,13921
JRV,20070212,0.015,0.015,0.014,0.014,14368026
JST,20070212,3.62,3.63,3.6,3.62,300435
JUM,20070212,0.028,0.031,0.027,0.029,3544922
JVG,20070212,0.18,0.18,0.17,0.17,35000
JYC,20070212,1.3,1.3,1.3,1.3,500
KAL,20070212,0.13,0.135,0.125,0.135,1066377
KAR,20070212,1.56,1.56,1.54,1.55,61479
KCN,20070212,3.86,3.9,3.82,3.82,297247
KHF,20070212,0.58,0.58,0.58,0.58,6238
KIL,20070212,1.255,1.255,1.235,1.25,302200
KIM,20070212,0.85,0.885,0.845,0.875,5044535
KIS,20070212,1.1,1.1,1.1,1.1,11800
KKT,20070212,0.285,0.3,0.285,0.3,27992
KLM,20070212,0.57,0.57,0.565,0.565,48455
KME,20070212,1.415,1.42,1.415,1.42,6470
KMN,20070212,0.6,0.6,0.59,0.6,132760
KOR,20070212,0.84,0.86,0.825,0.825,153931
KRS,20070212,0.38,0.38,0.375,0.38,216038
KSC,20070212,3.86,3.86,3.86,3.86,2520
KSX,20070212,0.04,0.04,0.04,0.04,175206
KTL,20070212,0.032,0.032,0.03,0.03,300000
KYC,20070212,0.72,0.735,0.69,0.735,179144
KZL,20070212,5.19,5.42,5.15,5.42,2221256
LAF,20070212,0.11,0.12,0.11,0.11,6546781
LAT,20070212,0.059,0.059,0.055,0.056,242716
LAU,20070212,0.225,0.225,0.225,0.225,146440
LBT,20070212,0.27,0.3,0.265,0.29,372000
LCL,20070212,0.71,0.715,0.7,0.7,73344
LCT,20070212,0.205,0.205,0.205,0.205,28400
LDW,20070212,7.75,7.8,7.75,7.78,3508
LEF,20070212,0.25,0.25,0.25,0.25,5000
LEG,20070212,0.07,0.07,0.068,0.068,1723711
LEI,20070212,24.5,24.5,24,24.03,1039348
LEP,20070212,3.88,3.94,3.88,3.94,15841
LFE,20070212,1.55,1.57,1.55,1.57,43665
LGD,20070212,0.79,0.79,0.785,0.785,50739
LHG,20070212,3.21,3.31,3.2,3.3,21655847
LIM,20070212,14,14.05,14,14.01,6905
LIN,20070212,0.33,0.33,0.33,0.33,34104
LIP,20070212,0.815,0.815,0.81,0.81,34875
LKE,20070212,0.155,0.155,0.155,0.155,213990
LKO,20070212,0.021,0.021,0.02,0.02,6068236
LLC,20070212,18.77,18.77,18.4,18.58,5036974
LMC,20070212,2.58,2.62,2.55,2.62,60830
LMG,20070212,0.02,0.02,0.018,0.019,7849117
LMP,20070212,0.22,0.22,0.21,0.21,571385
LMW,20070212,0.87,0.88,0.87,0.88,5900
LNC,20070212,0.26,0.26,0.26,0.26,100000
LNG,20070212,0.64,0.64,0.61,0.62,81629
LNN,20070212,8.59,8.59,8.3,8.45,1418383
LOD,20070212,0.062,0.065,0.06,0.064,252000
LOK,20070212,6.19,6.5,6,6,5062
LRF,20070212,1.095,1.105,1.095,1.1,521441
LRL,20070212,0.82,0.82,0.78,0.78,83907
LSG,20070212,1.71,1.73,1.71,1.72,220500
LSL,20070212,0.008,0.008,0.008,0.008,350000
LTR,20070212,0.29,0.29,0.28,0.28,64844
LUM,20070212,0.019,0.019,0.019,0.019,410000
LVL,20070212,0.044,0.045,0.044,0.045,29800
LWB,20070212,1.63,1.65,1.63,1.65,18500
LYC,20070212,0.675,0.675,0.645,0.645,625552
LYL,20070212,3.38,3.38,3.29,3.34,16700
MAA,20070212,0.16,0.16,0.16,0.16,30000
MAE,20070212,0.7,0.705,0.695,0.7,139059
MAH,20070212,0.925,0.935,0.91,0.915,921345
MAL,20070212,0.59,0.59,0.59,0.59,34680
MAP,20070212,3.79,3.84,3.71,3.73,8613831
MAR,20070212,0.21,0.21,0.205,0.21,108209
MBA,20070212,0.21,0.215,0.205,0.205,764838
MBI,20070212,0.007,0.007,0.006,0.006,9589039
MBL,20070212,83.85,83.99,83.2,83.53,573403
MBN,20070212,3.75,3.75,3.59,3.7,192720
MBP,20070212,0.885,0.925,0.875,0.89,940036
MBR,20070212,2.9,3,2.9,2.9,212549
MBT,20070212,1.06,1.09,1.045,1.06,224725
MCC,20070212,5.1,5.12,5.07,5.1,206327
MCG,20070212,6.22,6.28,6.21,6.26,438948
MCK,20070212,3.81,3.81,3.81,3.81,415
MCL,20070212,0.01,0.01,0.01,0.01,689616
MCO,20070212,0.33,0.36,0.33,0.35,288363
MCP,20070212,2.99,2.99,2.94,2.94,10282
MCQ,20070212,4.4,4.44,4.37,4.44,38000
MCR,20070212,2.68,2.84,2.66,2.84,1798183
MCW,20070212,2.19,2.22,2.18,2.21,3489405
MDE,20070212,0.705,0.705,0.705,0.705,20000
MDL,20070212,1.52,1.53,1.49,1.49,168138
MDM,20070212,0.135,0.145,0.135,0.145,180000
MDS,20070212,0.235,0.235,0.225,0.235,429710
MDT,20070212,1.36,1.36,1.34,1.345,2870809
MDX,20070212,0.175,0.175,0.175,0.175,4300
MEE,20070212,0.17,0.175,0.17,0.175,650608
MEI,20070212,0.255,0.26,0.25,0.25,108800
MEL,20070212,0.8,0.8,0.775,0.775,275367
MEO,20070212,0.75,0.79,0.75,0.79,568348
MEP,20070212,0.7,0.74,0.7,0.74,41100
MFF,20070212,1.005,1.01,1,1.01,169000
MFI,20070212,2.1,2.1,2.1,2.1,108179
MFS,20070212,5.59,5.67,5.59,5.67,1244320
MFT,20070212,0.905,0.905,0.905,0.905,124074
MGK,20070212,0.105,0.105,0.105,0.105,42050
MGO,20070212,0.22,0.23,0.22,0.23,335846
MGQ,20070212,7.55,7.6,7.38,7.55,3144932
MGR,20070212,5.84,5.86,5.78,5.8,6136559
MGU,20070212,0.225,0.225,0.225,0.225,15111
MGW,20070212,3.6,3.6,3.5,3.6,98186
MGX,20070212,0.775,0.785,0.76,0.78,895457
MHI,20070212,0.265,0.265,0.265,0.265,4650
MHL,20070212,0.014,0.014,0.014,0.014,196067
MIG,20070212,3.76,3.83,3.74,3.8,6167426
MIK,20070212,0.44,0.44,0.43,0.43,163000
MIN,20070212,2.5,2.5,2.4,2.4,45750
MIR,20070212,2.15,2.16,2.12,2.16,28779
MIS,20070212,1.01,1.045,1.01,1.04,120957
MIT,20070212,2.1,2.12,2.1,2.1,23220
MIX,20070212,1.115,1.12,1.11,1.12,880644
MKY,20070212,0.067,0.072,0.067,0.069,1514965
MLB,20070212,3.07,3.14,3.06,3.06,20021
MLE,20070212,2.9,2.93,2.89,2.92,187446
MLI,20070212,0.365,0.37,0.35,0.365,1400108
MLM,20070212,0.85,0.85,0.81,0.82,60519
MLS,20070212,0.071,0.072,0.069,0.07,6305064
MLT,20070212,23.7,23.85,23.6,23.85,7766
MLX,20070212,0.245,0.25,0.225,0.225,2096348
MMA,20070212,1.07,1.075,1.065,1.065,1066152
MMB,20070212,0.705,0.71,0.65,0.7,149226
MMG,20070212,4.95,4.95,4.84,4.84,424692
MML,20070212,0.86,0.86,0.8,0.8,391850
MMN,20070212,0.32,0.32,0.31,0.31,337841
MMR,20070212,0.165,0.165,0.165,0.165,25000
MMS,20070212,4.2,4.2,4.2,4.2,1700
MMX,20070212,1.71,1.71,1.655,1.69,216958
MND,20070212,9.79,9.9,9.76,9.85,135890
MNF,20070212,0.295,0.295,0.265,0.28,179500
MNM,20070212,0.31,0.31,0.3,0.3,140000
MOC,20070212,2.95,3,2.95,2.95,15290
MOD,20070212,0.03,0.03,0.029,0.029,550000
MOF,20070212,1.67,1.675,1.655,1.67,5202680
MOG,20070212,0.076,0.076,0.076,0.076,29500
MOL,20070212,1.3,1.34,1.25,1.3,78875
MON,20070212,0.255,0.26,0.255,0.255,623450
MOO,20070212,0.23,0.24,0.21,0.21,94000
MOS,20070212,0.15,0.155,0.15,0.15,515660
MOX,20070212,0.64,0.67,0.63,0.64,107287
MPA,20070212,0.03,0.03,0.028,0.028,1404000
MPF,20070212,1.265,1.29,1.265,1.29,133313
MPG,20070212,0.845,0.845,0.82,0.845,162498
MPH,20070212,0.355,0.355,0.345,0.345,473292
MPI,20070212,0.074,0.075,0.072,0.072,656251
MPJ,20070212,0.008,0.008,0.007,0.008,10963570
MPO,20070212,0.073,0.085,0.073,0.082,39491219
MPR,20070212,1.32,1.32,1.305,1.305,1114657
MPS,20070212,1.065,1.07,1.055,1.065,233034
MPY,20070212,0.845,0.88,0.845,0.88,95640
MRA,20070212,0.985,0.99,0.985,0.985,19601
MRE,20070212,6.15,6.4,6.13,6.33,1657848
MRM,20070212,1.22,1.24,1.21,1.24,94482
MRN,20070212,1.185,1.185,1.185,1.185,1773
MRO,20070212,2.16,2.18,2.1,2.16,77581
MRU,20070212,0.9,0.9,0.865,0.88,164439
MRX,20070212,0.09,0.094,0.087,0.089,10893632
MRY,20070212,0.079,0.079,0.079,0.079,12000
MSB,20070212,2.22,2.23,2.06,2.23,112714
MSC,20070212,0.021,0.022,0.021,0.021,6919491
MSF,20070212,11.8,11.9,11.8,11.9,8308
MSH,20070212,0.08,0.08,0.08,0.08,275825
MST,20070212,0.18,0.185,0.18,0.185,221844
MTB,20070212,0.064,0.068,0.064,0.066,70756
MTH,20070212,0.34,0.34,0.34,0.34,20000
MTI,20070212,0.135,0.14,0.13,0.135,139728
MTN,20070212,3.2,3.3,3.19,3.25,225198
MTS,20070212,4.75,4.86,4.75,4.84,2300879
MTU,20070212,0.49,0.495,0.475,0.495,296587
MTY,20070212,0.15,0.175,0.15,0.175,232121
MUN,20070212,0.275,0.31,0.275,0.295,1209070
MUR,20070212,0.086,0.086,0.08,0.08,1870457
MVP,20070212,0.555,0.555,0.555,0.555,30000
MVU,20070212,0.315,0.315,0.305,0.305,65000
MWE,20070212,0.24,0.245,0.23,0.24,260647
MWG,20070212,0.98,0.99,0.97,0.97,98164
MWR,20070212,0.066,0.066,0.066,0.066,20000
MXG,20070212,4.77,4.82,4.56,4.56,11220939
MXI,20070212,0.62,0.62,0.61,0.61,238776
MXL,20070212,0.09,0.09,0.086,0.09,2437218
MYG,20070212,0.19,0.19,0.19,0.19,11865
MYO,20070212,1.205,1.205,1.19,1.195,232929
MZM,20070212,0.175,0.18,0.175,0.18,8150
NAB,20070212,41.08,41.2,40.91,40.96,3288963
NAD,20070212,0.037,0.048,0.036,0.044,40915354
NAE,20070212,0.36,0.36,0.36,0.36,1400
NAL,20070212,0.081,0.088,0.081,0.084,1305130
NAM,20070212,0.61,0.62,0.61,0.61,58646
NAV,20070212,0.485,0.5,0.48,0.49,357411
NBL,20070212,5.15,5.2,5.15,5.2,4191
NCK,20070212,2.01,2.01,2.01,2.01,7000
NCM,20070212,22.06,22.37,21.99,22.21,1125401
NDL,20070212,0.22,0.22,0.22,0.22,25000
NDM,20070212,0.42,0.42,0.41,0.41,100000
NDO,20070212,0.19,0.195,0.185,0.185,2169190
NEC,20070212,0.42,0.42,0.42,0.42,57951
NEL,20070212,2.9,2.91,2.9,2.91,67687
NEM,20070212,5.85,5.9,5.85,5.9,24058
NEO,20070212,0.145,0.15,0.14,0.145,490180
NEU,20070212,0.57,0.58,0.56,0.58,63195
NFL,20070212,1.17,1.195,1.165,1.195,118525
NGF,20070212,0.11,0.11,0.11,0.11,40000
NGM,20070212,0.265,0.275,0.265,0.275,129864
NHC,20070212,1.35,1.365,1.35,1.365,124484
NHM,20070212,0.006,0.006,0.005,0.005,8176914
NHR,20070212,1.7,1.75,1.69,1.69,44898
NIA,20070212,0.275,0.275,0.265,0.265,970938
NKP,20070212,1.04,1.04,1.03,1.03,93291
NLB,20070212,0.75,0.75,0.75,0.75,1500
NLS,20070212,0.062,0.062,0.05,0.056,372300
NLX,20070212,1.57,1.6,1.55,1.55,44280
NMB,20070212,0.023,0.024,0.022,0.024,305216
NMI,20070212,0.18,0.22,0.18,0.215,432000
NMS,20070212,0.52,0.525,0.5,0.505,414446
NOD,20070212,1.86,1.9,1.86,1.87,86526
NPH,20070212,4.65,4.65,4.65,4.65,14980
NPX,20070212,6.3,6.3,6.3,6.3,10913
NQM,20070212,0.195,0.195,0.185,0.185,67000
NRL,20070212,0.32,0.32,0.29,0.29,55000
NRT,20070212,3.11,3.11,2.93,2.98,163630
NRU,20070212,0.28,0.295,0.28,0.28,104709
NSX,20070212,0.59,0.59,0.545,0.545,23220
NTC,20070212,0.079,0.079,0.077,0.077,112000
NTU,20070212,0.75,0.75,0.715,0.715,43964
NUF,20070212,11.4,11.5,11.35,11.47,271959
NWA,20070212,0.022,0.022,0.019,0.02,2039000
NWE,20070212,0.17,0.19,0.17,0.19,6228129
NWK,20070212,0.18,0.18,0.17,0.17,28000
NWR,20070212,0.355,0.365,0.35,0.36,714186
NWS,20070212,32.17,32.4,32.17,32.35,2552642
NWT,20070212,0.011,0.011,0.01,0.01,25384123
NXS,20070212,1.035,1.035,0.96,0.975,2933002
NZO,20070212,0.8,0.8,0.79,0.79,8877
OAK,20070212,2.29,2.29,2.29,2.29,9800
OBJ,20070212,0.064,0.065,0.064,0.065,385139
OBL,20070212,0.13,0.13,0.13,0.13,50000
OCE,20070212,0.595,0.595,0.595,0.595,500
OCL,20070212,0.66,0.66,0.65,0.65,26882
OCO,20070212,0.04,0.04,0.04,0.04,8980
ODY,20070212,0.56,0.56,0.55,0.56,80000
OEC,20070212,0.21,0.21,0.205,0.205,551689
OEL,20070212,0.195,0.2,0.185,0.19,1191435
OEQ,20070212,1.41,1.41,1.41,1.41,20000
OEX,20070212,1.665,1.68,1.6,1.6,557762
OFG,20070212,2.49,2.5,2.45,2.5,15219
OGD,20070212,0.76,0.765,0.745,0.755,1708341
OIL,20070212,0.525,0.53,0.52,0.52,107357
OKN,20070212,4.43,4.47,4.4,4.47,99863
OLE,20070212,0.02,0.02,0.02,0.02,62200
OLY,20070212,0.155,0.155,0.15,0.15,225000
OMC,20070212,1.125,1.13,1.12,1.13,269038
OMH,20070212,0.32,0.34,0.32,0.34,195895
OMI,20070212,0.735,0.755,0.61,0.61,120830
ONC,20070212,0.23,0.235,0.19,0.19,107375
ONQ,20070212,0.415,0.42,0.4,0.42,7973
OPC,20070212,0.14,0.14,0.14,0.14,180533
OPL,20070212,0.795,0.795,0.795,0.795,1070000
ORC,20070212,0.051,0.051,0.051,0.051,10000
ORD,20070212,0.6,0.69,0.6,0.66,708837
ORG,20070212,9.05,9.05,8.85,8.91,2007647
ORH,20070212,0.12,0.12,0.1,0.1,100425
ORI,20070212,25,25,24.58,24.82,807565
ORL,20070212,2.24,2.24,2.24,2.24,2200
ORO,20070212,0.026,0.026,0.026,0.026,500000
ORP,20070212,0.09,0.09,0.09,0.09,3360
ORT,20070212,0.017,0.017,0.017,0.017,239611
OSH,20070212,3.61,3.68,3.58,3.66,17878827
OST,20070212,4.72,4.9,4.71,4.87,3065194
OVR,20070212,0.515,0.61,0.515,0.61,408632
OXR,20070212,2.81,2.83,2.76,2.77,17056395
PAY,20070212,2.77,2.77,2.77,2.77,13000
PBA,20070212,1.115,1.125,1.11,1.125,26200
PBB,20070212,2.17,2.17,2.17,2.17,28882
PBD,20070212,4.12,4.12,3.83,4,281736
PBG,20070212,2.74,2.74,2.69,2.71,1028019
PBI,20070212,0.17,0.175,0.165,0.17,257500
PBL,20070212,20.31,20.46,20.28,20.35,1230728
PBO,20070212,0.375,0.375,0.375,0.375,11500
PBP,20070212,1.14,1.14,1.12,1.135,271250
PBT,20070212,0.37,0.37,0.365,0.365,40487
PCE,20070212,0.031,0.032,0.026,0.028,5554204
PCG,20070212,0.73,0.735,0.72,0.72,248749
PCL,20070212,0.065,0.065,0.065,0.065,65782
PCP,20070212,0.063,0.063,0.06,0.06,254500
PDL,20070212,3.58,3.59,3.58,3.59,48548
PDM,20070212,0.17,0.17,0.17,0.17,22000
PDN,20070212,9.75,9.9,9.74,9.87,1257672
PDO,20070212,0.7,0.7,0.7,0.7,49139
PDZ,20070212,0.46,0.465,0.455,0.455,38270
PEK,20070212,0.185,0.185,0.185,0.185,12500
PEL,20070212,0.165,0.17,0.16,0.17,604261
PEM,20070212,4.41,4.62,4.4,4.62,2349716
PEN,20070212,0.08,0.093,0.08,0.093,48237953
PEO,20070212,0.079,0.08,0.079,0.08,120000
PEP,20070212,0.76,0.845,0.76,0.845,106758
PES,20070212,0.21,0.21,0.205,0.205,108700
PET,20070212,0.94,0.97,0.94,0.97,85495
PFG,20070212,1.26,1.3,1.25,1.29,63155
PFL,20070212,1.89,1.91,1.89,1.89,464334
PGA,20070212,5.6,5.7,5.6,5.7,25259
PGL,20070212,6.75,6.77,6.72,6.73,152838
PGM,20070212,0.36,0.365,0.36,0.365,64000
PGS,20070212,0.305,0.305,0.3,0.3,84939
PHK,20070212,0.41,0.42,0.405,0.415,415315
PIE,20070212,0.089,0.092,0.088,0.089,1698791
PIM,20070212,0.77,0.77,0.75,0.75,27925
PIO,20070212,0.215,0.215,0.205,0.215,91773
PKT,20070212,0.035,0.036,0.033,0.036,1592500
PLA,20070212,1.385,1.385,1.305,1.34,363714
PLD,20070212,0.39,0.39,0.39,0.39,59886
PLF,20070212,1.25,1.25,1.24,1.25,150986
PLT,20070212,0.335,0.34,0.31,0.33,642145
PLV,20070212,0.305,0.305,0.3,0.3,139958
PMA,20070212,1.94,1.94,1.91,1.91,48267
PMC,20070212,2.35,2.35,2.31,2.35,428214
PME,20070212,1.325,1.34,1.325,1.33,39594
PMH,20070212,0.485,0.52,0.485,0.515,577579
PMM,20070212,5.08,5.08,5,5,36590
PMN,20070212,7.35,7.38,7.31,7.35,4406868
PMP,20070212,2.07,2.08,2.04,2.04,2597569
PMV,20070212,6.25,6.3,6.25,6.3,6600
PMX,20070212,0.035,0.04,0.035,0.04,275000
PNA,20070212,0.3,0.305,0.3,0.3,3511173
PNN,20070212,1.68,1.7,1.61,1.66,177270
PNO,20070212,0.025,0.025,0.024,0.024,720000
PNW,20070212,0.056,0.056,0.056,0.056,50000
POH,20070212,0.31,0.31,0.3,0.305,353150
POL,20070212,0.255,0.255,0.24,0.245,72859
PPC,20070212,4.05,4.06,4.05,4.06,35400
PPD,20070212,0.125,0.13,0.12,0.13,185322
PPG,20070212,0.37,0.39,0.37,0.39,21057
PPK,20070212,0.83,0.83,0.825,0.83,21801
PPN,20070212,0.145,0.145,0.145,0.145,1000
PPP,20070212,0.155,0.155,0.155,0.155,83000
PPR,20070212,2.19,2.19,2.19,2.19,4500
PPS,20070212,1.2,1.2,1.19,1.195,36588
PPT,20070212,80.5,80.5,79.04,79.2,64557
PPX,20070212,3.71,3.78,3.7,3.75,2254540
PPY,20070212,0.49,0.49,0.49,0.49,11500
PRE,20070212,0.021,0.021,0.02,0.02,1165617
PRG,20070212,5.17,5.42,5.17,5.4,432854
PRO,20070212,0.45,0.45,0.45,0.45,502
PRR,20070212,0.051,0.051,0.05,0.05,514084
PRU,20070212,0.45,0.47,0.45,0.465,60268
PRV,20070212,1.26,1.265,1.24,1.25,414232
PRW,20070212,0.29,0.29,0.27,0.27,82928
PRY,20070212,13.07,13.07,12.9,12.96,71478
PRZ,20070212,0.21,0.245,0.21,0.21,323000
PSA,20070212,2.19,2.19,2.17,2.19,230526
PSD,20070212,0.25,0.25,0.235,0.235,1599502
PSH,20070212,1.98,2,1.965,2,83300
PSP,20070212,0.1,0.1,0.09,0.1,96830
PSV,20070212,0.4,0.41,0.4,0.405,3369600
PTB,20070212,2.44,2.45,2.44,2.45,5000
PTD,20070212,1.85,1.91,1.82,1.875,1349982
PTR,20070212,0.71,0.715,0.7,0.71,128755
PTS,20070212,0.125,0.125,0.125,0.125,135000
PVE,20070212,1.6,1.6,1.6,1.6,60000
PWK,20070212,3.7,3.75,3.62,3.65,50215
PWR,20070212,0.44,0.44,0.425,0.425,29239
PWT,20070212,2.28,2.29,2.28,2.28,58806
PXL,20070212,0.295,0.295,0.295,0.295,10000
PXR,20070212,0.285,0.285,0.27,0.27,70333
PXS,20070212,3.6,3.6,3.5,3.58,100495
PYC,20070212,0.39,0.4,0.37,0.4,208091
PYM,20070212,0.5,0.5,0.46,0.495,100441
QAN,20070212,5.36,5.39,5.35,5.36,8966045
QBE,20070212,30.2,30.72,30.18,30.49,2761615
QCH,20070212,3.33,3.33,3.31,3.31,23169
QED,20070212,0.033,0.033,0.033,0.033,20000
QFX,20070212,0.18,0.18,0.175,0.175,337000
QGC,20070212,1.55,1.555,1.545,1.545,646546
QGM,20070212,0.19,0.19,0.18,0.18,90000
QHL,20070212,0.57,0.585,0.56,0.585,113307
QMG,20070212,0.305,0.31,0.305,0.305,271750
QMT,20070212,3.1,3.1,3.03,3.08,25814
QOL,20070212,0.4,0.41,0.4,0.41,120000
QRS,20070212,0.63,0.63,0.595,0.6,506800
QTK,20070212,0.17,0.17,0.16,0.17,322000
QTM,20070212,0.12,0.13,0.12,0.13,100000
QUE,20070212,0.35,0.35,0.35,0.35,16600
QUR,20070212,0.039,0.039,0.039,0.039,150000
QXQ,20070212,0.056,0.069,0.056,0.068,11780864
RAT,20070212,1.14,1.14,1.13,1.13,806881
RAU,20070212,0.047,0.047,0.043,0.045,594195
RAW,20070212,0.085,0.085,0.085,0.085,50000
RBM,20070212,0.17,0.175,0.155,0.175,1114508
RBR,20070212,0.205,0.205,0.195,0.2,140000
RBY,20070212,0.03,0.03,0.029,0.029,1300001
RCA,20070212,0.038,0.038,0.038,0.038,5000
RCG,20070212,0.2,0.2,0.195,0.195,29168
RCI,20070212,0.235,0.235,0.2,0.2,159600
RCL,20070212,1.715,1.715,1.715,1.715,102220
RCM,20070212,0.11,0.11,0.11,0.11,50000
RCO,20070212,0.66,0.69,0.66,0.69,22000
RCR,20070212,1.94,1.975,1.935,1.975,62893
RCT,20070212,4.4,4.4,4.39,4.4,5350
RDF,20070212,3.3,3.43,3.3,3.42,24858
RDR,20070212,0.505,0.505,0.5,0.5,82410
RDS,20070212,0.85,0.9,0.85,0.88,30988
REA,20070212,5.61,5.65,5.61,5.65,13391
REB,20070212,4.51,4.52,4.51,4.52,13893
RED,20070212,0.105,0.105,0.105,0.105,273000
REF,20070212,4.25,4.25,4.19,4.2,55664
REH,20070212,22.89,22.89,22.05,22.75,3780
REO,20070212,0.033,0.035,0.032,0.032,614301
RER,20070212,0.18,0.185,0.18,0.185,42000
REU,20070212,1.135,1.14,1.12,1.125,624268
REX,20070212,2,2.05,1.855,1.9,105068
REY,20070212,0.115,0.14,0.115,0.125,364850
RFE,20070212,0.425,0.425,0.4,0.41,350000
RFG,20070212,1.52,1.52,1.52,1.52,7572
RHC,20070212,11.58,11.71,11.58,11.65,138623
RHD,20070212,0.73,0.73,0.7,0.71,55089
RHI,20070212,1.45,1.51,1.45,1.45,35000
RHT,20070212,0.028,0.03,0.027,0.028,1282353
RIA,20070212,0.27,0.27,0.27,0.27,25000
RIC,20070212,1.16,1.17,1.155,1.16,264799
RIM,20070212,0.027,0.027,0.027,0.027,125000
RIN,20070212,18.88,19,18.84,18.9,4109219
RIO,20070212,75.01,76.05,74.82,75.84,1848462
RIV,20070212,2,2.01,1.99,1.99,43051
RKN,20070212,1.16,1.195,1.15,1.185,100727
RLA,20070212,0.215,0.22,0.215,0.22,232000
RMA,20070212,0.066,0.07,0.063,0.063,882796
RMD,20070212,6.24,6.37,6.17,6.33,3465534
RMG,20070212,0.017,0.017,0.016,0.016,300285
RMI,20070212,0.042,0.042,0.037,0.037,6305606
RML,20070212,0.16,0.16,0.16,0.16,1240
RMS,20070212,0.48,0.485,0.46,0.46,109218
RNC,20070212,0.155,0.16,0.155,0.155,58420
RND,20070212,0.305,0.305,0.305,0.305,4000
RNG,20070212,0.069,0.07,0.068,0.07,216339
RNI,20070212,0.26,0.26,0.26,0.26,8000
RNY,20070212,1.225,1.23,1.225,1.23,824599
ROC,20070212,3.17,3.23,3.16,3.21,911610
ROY,20070212,0.175,0.175,0.17,0.17,199643
RPC,20070212,0.125,0.125,0.115,0.115,354000
RPG,20070212,1.1,1.16,1.1,1.16,9041
RPX,20070212,1.85,1.855,1.82,1.84,35700
RRA,20070212,0.82,0.83,0.805,0.815,136915
RRL,20070212,0.097,0.099,0.096,0.099,819500
RRS,20070212,0.031,0.031,0.03,0.031,4865517
RRT,20070212,0.94,0.94,0.93,0.935,618993
RSG,20070212,1.65,1.66,1.635,1.635,142737
RSL,20070212,0.022,0.022,0.022,0.022,295000
RSN,20070212,0.145,0.15,0.135,0.15,2621176
RSP,20070212,1.31,1.33,1.31,1.33,314654
RTL,20070212,0.1,0.105,0.1,0.1,48778
RTM,20070212,0.031,0.032,0.031,0.032,930000
RUP,20070212,13.56,13.67,13.55,13.6,110688
RVR,20070212,0.15,0.15,0.15,0.15,25000
RWD,20070212,0.375,0.38,0.375,0.375,86654
RXL,20070212,0.28,0.28,0.27,0.28,108000
SAE,20070212,0.275,0.28,0.275,0.28,413542
SAF,20070212,0.075,0.076,0.075,0.076,666936
SAI,20070212,3.78,3.78,3.7,3.73,159868
SAQ,20070212,5.15,5.25,5.15,5.21,55504
SAR,20070212,0.385,0.4,0.385,0.4,225494
SAU,20070212,0.68,0.68,0.59,0.59,338303
SAX,20070212,0.099,0.099,0.099,0.099,5000
SBC,20070212,16.09,16.2,15.9,16.2,23742
SBI,20070212,0.635,0.665,0.63,0.65,317500
SBL,20070212,0.021,0.022,0.021,0.022,1483450
SBM,20070212,0.53,0.53,0.5,0.53,2574354
SBP,20070212,0.043,0.043,0.043,0.043,50000
SBS,20070212,0.082,0.087,0.082,0.083,4069600
SCB,20070212,1.01,1.02,1.01,1.02,18750
SCC,20070212,0.365,0.365,0.365,0.365,30000
SCE,20070212,0.013,0.014,0.013,0.014,584000
SCX,20070212,0.094,0.094,0.085,0.085,49820
SDG,20070212,3.92,3.96,3.83,3.89,441588
SDI,20070212,0.97,0.98,0.96,0.98,73333
SDL,20070212,0.091,0.092,0.089,0.09,4103778
SDM,20070212,1.99,2.15,1.95,2.14,97767
SEA,20070212,0.26,0.27,0.26,0.27,270061
SEG,20070212,1.06,1.06,0.9,0.9,104082
SEK,20070212,6.35,6.35,6.25,6.32,800542
SEN,20070212,0.265,0.285,0.265,0.28,2462370
SEV,20070212,11.61,11.77,11.55,11.74,473812
SFC,20070212,7.9,8,7.9,7.9,2697
SFH,20070212,1.73,1.775,1.73,1.775,266347
SFP,20070212,1.07,1.15,1.07,1.15,62100
SFR,20070212,0.68,0.68,0.67,0.67,64285
SFY,20070212,57.22,57.23,57.21,57.21,321
SGB,20070212,34.25,34.38,34.02,34.21,880796
SGL,20070212,0.43,0.455,0.43,0.435,2945681
SGM,20070212,22.14,22.14,21.7,22,205814
SGN,20070212,3.17,3.19,3.11,3.12,369379
SGP,20070212,8.7,8.75,8.6,8.66,4298807
SGT,20070212,2.86,2.86,2.81,2.82,3929342
SGV,20070212,0.069,0.069,0.068,0.068,225000
SGX,20070212,7.12,7.12,6.79,6.8,354518
SHA,20070212,0.57,0.57,0.56,0.56,62444
SHC,20070212,0.215,0.215,0.2,0.2,30000
SHE,20070212,0.46,0.48,0.45,0.46,82547
SHG,20070212,0.39,0.39,0.385,0.385,30109
SHL,20070212,14.87,14.89,14.72,14.77,794169
SHV,20070212,11.2,11.5,11.15,11.5,267004
SHX,20070212,0.19,0.2,0.185,0.2,60683
SIE,20070212,0.085,0.085,0.085,0.085,41000
SIM,20070212,0.655,0.655,0.61,0.655,216194
SIP,20070212,2.67,2.71,2.66,2.7,1713895
SKE,20070212,5.72,5.85,5.72,5.72,23003
SKY,20070212,0.35,0.35,0.35,0.35,3591
SLA,20070212,0.515,0.54,0.51,0.53,550887
SLF,20070212,24.18,24.18,23.93,24.01,13081
SLM,20070212,3.91,3.96,3.88,3.95,91360
SLT,20070212,0.045,0.05,0.039,0.039,11374247
SLV,20070212,0.88,0.88,0.82,0.86,220120
SLX,20070212,7.08,7.08,6.92,6.97,122308
SMA,20070212,0.029,0.029,0.029,0.029,261180
SMC,20070212,0.14,0.145,0.135,0.14,325201
SML,20070212,0.028,0.029,0.025,0.025,1846244
SMM,20070212,3.48,3.51,3.46,3.47,613483
SMN,20070212,0.17,0.17,0.17,0.17,86985
SMX,20070212,4.4,4.44,4.4,4.4,110223
SMY,20070212,3,3.15,3,3.13,2155926
SNL,20070212,0.35,0.35,0.33,0.33,41000
SNN,20070212,0.083,0.083,0.081,0.081,190000
SNO,20070212,0.85,0.88,0.85,0.88,67519
SOE,20070212,0.205,0.21,0.205,0.205,675733
SOL,20070212,9.2,9.23,9.17,9.23,53989
SOM,20070212,0.027,0.028,0.027,0.027,3417000
SOO,20070212,0.077,0.1,0.077,0.1,375119
SOT,20070212,0.855,0.865,0.84,0.865,262507
SPD,20070212,0.26,0.26,0.26,0.26,170000
SPH,20070212,1.85,1.87,1.85,1.85,612065
SPL,20070212,0.46,0.48,0.46,0.46,111425
SPN,20070212,1.4,1.41,1.39,1.39,4051079
SPT,20070212,4.79,4.93,4.79,4.87,430595
SRA,20070212,0.064,0.064,0.061,0.061,419700
SRB,20070212,1.04,1.04,1.03,1.04,21742
SRG,20070212,1.295,1.3,1.285,1.295,22917485
SRH,20070212,2.25,2.25,2.2,2.2,36700
SRI,20070212,0.092,0.1,0.086,0.1,1143980
SRK,20070212,2.35,2.5,2.25,2.48,281043
SRL,20070212,3.26,3.28,3.22,3.26,1003781
SRM,20070212,0.24,0.24,0.24,0.24,50000
SRR,20070212,0.185,0.195,0.185,0.19,70800
SRV,20070212,5.8,5.83,5.8,5.8,5699
SRX,20070212,3.26,3.37,3.26,3.27,31786
SRZ,20070212,0.29,0.3,0.28,0.3,230227
SSC,20070212,0.019,0.019,0.019,0.019,1456000
SSI,20070212,2.6,2.6,2.59,2.6,14300
SSM,20070212,1.7,1.7,1.68,1.7,539549
SSN,20070212,0.305,0.305,0.305,0.305,69980
SSX,20070212,1.91,1.94,1.9,1.925,2112937
STB,20070212,0.295,0.3,0.27,0.295,78200
STE,20070212,0.097,0.097,0.097,0.097,21555
STG,20070212,1.5,1.5,1.47,1.47,3015
STI,20070212,0.09,0.09,0.09,0.09,10000
STO,20070212,9.97,10.05,9.91,9.97,4625230
STP,20070212,0.082,0.082,0.082,0.082,15000
STS,20070212,1.89,1.89,1.86,1.875,22169
STU,20070212,1.07,1.08,1.05,1.08,28235
STW,20070212,58.09,58.3,57.95,58.24,32235
STX,20070212,0.265,0.27,0.26,0.27,343300
SUL,20070212,3.85,3.85,3.8,3.8,48689
SUN,20070212,21.94,22,21.85,21.95,2167388
SUR,20070212,0.096,0.096,0.092,0.092,31749
SVL,20070212,0.21,0.215,0.2,0.2,88500
SVM,20070212,0.38,0.38,0.35,0.35,240000
SWG,20070212,0.01,0.011,0.01,0.01,2710000
SWK,20070212,0.475,0.52,0.475,0.52,90743
SYB,20070212,3.9,3.92,3.76,3.78,10760458
SYG,20070212,0.016,0.016,0.015,0.015,856000
SYL,20070212,5.5,5.5,5.5,5.5,850
SYM,20070212,0.61,0.61,0.6,0.605,105138
SYN,20070212,1.755,1.8,1.7,1.8,13700
SYP,20070212,0.445,0.56,0.445,0.5,757371
TAH,20070212,17.8,17.8,17.57,17.65,555485
TAL,20070212,2.81,2.82,2.77,2.78,995551
TAM,20070212,0.14,0.14,0.13,0.13,1223693
TAN,20070212,0.425,0.425,0.425,0.425,1500
TAP,20070212,1.495,1.495,1.47,1.49,613096
TAS,20070212,0.245,0.28,0.235,0.245,3654539
TBG,20070212,1.63,1.67,1.63,1.67,12480
TBR,20070212,0.72,0.72,0.67,0.67,24500
TCL,20070212,7.66,7.71,7.65,7.69,7292614
TCN,20070212,0.07,0.07,0.07,0.07,6500
TCQ,20070212,2.04,2.08,2.03,2.04,355179
TDR,20070212,0.03,0.03,0.027,0.027,500000
TEE,20070212,0.015,0.015,0.014,0.014,424600
TEL,20070212,4.29,4.36,4.29,4.35,2239269
TEN,20070212,3.4,3.4,3.36,3.4,497578
TEX,20070212,0.25,0.26,0.25,0.26,767702
TFC,20070212,0.595,0.605,0.59,0.605,258537
TFS,20070212,0.315,0.32,0.315,0.32,39666
TGF,20070212,0.41,0.41,0.4,0.4,34017
TGG,20070212,1.73,1.745,1.73,1.73,60037
TGP,20070212,2.59,2.65,2.59,2.59,204620
TGR,20070212,2.2,2.2,2.15,2.15,360210
TGS,20070212,0.48,0.48,0.47,0.47,65883
THG,20070212,0.89,0.89,0.88,0.88,188392
THK,20070212,0.355,0.355,0.35,0.35,241858
THO,20070212,0.8,0.8,0.8,0.8,500
THR,20070212,0.19,0.2,0.18,0.19,241000
THX,20070212,0.46,0.46,0.445,0.45,467429
TIM,20070212,2.09,2.18,2.06,2.17,6177075
TIS,20070212,0.58,0.63,0.58,0.615,45694
TJN,20070212,1.22,1.23,1.22,1.23,18694
TKG,20070212,0.014,0.015,0.014,0.014,2323633
TKL,20070212,0.255,0.255,0.255,0.255,4334
TLM,20070212,0.125,0.125,0.12,0.12,105000
TLS,20070212,4.37,4.38,4.35,4.36,14142932
TLZ,20070212,0.31,0.31,0.3,0.3,104975
TMO,20070212,0.265,0.265,0.245,0.26,1706746
TMR,20070212,0.195,0.195,0.19,0.19,544333
TMX,20070212,0.16,0.165,0.16,0.165,125825
TNC,20070212,0.028,0.029,0.028,0.029,261000
TNE,20070212,1.025,1.04,1.01,1.04,333835
TNG,20070212,0.42,0.42,0.39,0.42,162400
TNL,20070212,0.52,0.52,0.52,0.52,7800
TOE,20070212,0.78,0.78,0.76,0.76,194907
TOL,20070212,20.95,20.99,20.8,20.9,833220
TOX,20070212,1.48,1.485,1.48,1.48,33550
TPI,20070212,10.85,10.89,10.66,10.8,448663
TPX,20070212,7.5,7.5,7.5,7.5,5500
TQH,20070212,0.21,0.21,0.21,0.21,21840
TRF,20070212,0.61,0.61,0.51,0.545,2571722
TRG,20070212,14.67,14.78,14.67,14.75,14109
TRH,20070212,0.2,0.2,0.2,0.2,44988
TRO,20070212,1.21,1.21,1.2,1.2,25000
TRS,20070212,9.95,9.99,9.91,9.91,10300
TRU,20070212,11.65,11.65,11.5,11.5,9500
TRY,20070212,2.76,2.79,2.76,2.79,4500
TSE,20070212,10.65,10.7,10.5,10.66,446741
TSH,20070212,0.475,0.48,0.475,0.475,28800
TSO,20070212,2.95,2.99,2.93,2.96,1719165
TSR,20070212,0.045,0.045,0.045,0.045,50000
TSV,20070212,0.015,0.017,0.015,0.016,557627
TTH,20070212,0.066,0.066,0.066,0.066,10000
TTI,20070212,0.36,0.36,0.355,0.355,332110
TTR,20070212,0.12,0.12,0.115,0.12,2172580
TTS,20070212,4.18,4.2,4.14,4.16,1562277
TVL,20070212,0.36,0.37,0.36,0.37,19500
TWD,20070212,1.92,1.92,1.86,1.86,34527
TWO,20070212,2.2,2.51,2.2,2.5,311641
TWR,20070212,2.19,2.23,2.19,2.22,361567
TZL,20070212,0.675,0.68,0.655,0.655,330000
TZN,20070212,1.71,1.73,1.705,1.71,147364
UBI,20070212,1.1,1.12,1.1,1.12,147653
UCL,20070212,0.026,0.028,0.026,0.026,593301
UCM,20070212,0.7,0.7,0.7,0.7,1500
UEQ,20070212,0.565,0.59,0.53,0.585,783708
UGL,20070212,14.1,14.96,14.08,14.85,1636979
UKL,20070212,0.78,0.8,0.745,0.745,552245
ULT,20070212,0.07,0.07,0.07,0.07,7285
UMC,20070212,0.385,0.385,0.37,0.38,541970
UNI,20070212,0.3,0.32,0.28,0.285,655037
UNW,20070212,0.365,0.365,0.35,0.35,144669
UNX,20070212,1.96,1.99,1.88,1.9,151570
UOG,20070212,0.17,0.17,0.17,0.17,62500
UOS,20070212,1.84,1.84,1.84,1.84,8500
URA,20070212,1.03,1.04,0.92,0.98,393502
URL,20070212,0.15,0.15,0.145,0.15,151333
USA,20070212,0.36,0.36,0.35,0.35,138192
UTO,20070212,0.57,0.6,0.57,0.6,181831
UXA,20070212,0.34,0.34,0.33,0.33,168050
UXC,20070212,1.92,1.96,1.92,1.95,305273
VBA,20070212,2.48,2.48,2.32,2.4,681160
VCN,20070212,0.23,0.23,0.225,0.23,59667
VCR,20070212,0.91,0.925,0.905,0.915,549528
VEA,20070212,3.54,3.54,3.51,3.53,841826
VGH,20070212,4.26,4.26,3.69,3.69,493419
VHL,20070212,0.17,0.17,0.17,0.17,100000
VII,20070212,0.16,0.16,0.16,0.16,75000
VIL,20070212,0.09,0.09,0.09,0.09,1020000
VIR,20070212,1.03,1.04,1.03,1.04,117560
VKI,20070212,1.1,1.11,1.1,1.11,48000
VLA,20070212,0.125,0.125,0.12,0.12,386462
VLL,20070212,0.11,0.125,0.11,0.11,581384
VMG,20070212,2.43,2.43,2.43,2.43,17200
VML,20070212,0.46,0.46,0.455,0.455,47897
VOF,20070212,1.04,1.04,1.04,1.04,138110
VPE,20070212,0.25,0.255,0.245,0.245,561563
VPG,20070212,1.84,1.89,1.785,1.795,4215538
VRE,20070212,0.335,0.335,0.325,0.325,1358982
VRL,20070212,3.38,3.4,3.32,3.32,15751
VSG,20070212,0.013,0.013,0.013,0.013,2291000
VTP,20070212,1.25,1.255,1.24,1.24,29000
WAB,20070212,1.1,1.1,1.08,1.1,75500
WAL,20070212,0.255,0.255,0.255,0.255,20000
WAM,20070212,2.01,2.03,2,2.02,255181
WAN,20070212,13.64,13.75,13.53,13.7,315961
WAS,20070212,0.05,0.05,0.047,0.048,1944322
WAT,20070212,2.24,2.24,2.2,2.2,10000
WBA,20070212,0.9,0.91,0.9,0.91,60000
WBB,20070212,12.28,12.75,12.25,12.28,5915
WBC,20070212,25.39,25.47,25.3,25.35,3303154
WCB,20070212,3.62,3.62,3.6,3.6,10000
WCL,20070212,0.455,0.455,0.45,0.45,99500
WCP,20070212,0.22,0.22,0.215,0.215,13200
WDC,20070212,23.1,23.17,22.92,23.08,5866437
WDS,20070212,2.1,2.1,2.03,2.1,414415
WEB,20070212,0.35,0.355,0.345,0.345,763123
WEC,20070212,2.15,2.15,2.1,2.1,280295
WES,20070212,38.15,38.19,37.8,37.96,505342
WEZ,20070212,0.145,0.15,0.145,0.145,571285
WFL,20070212,1.65,1.67,1.65,1.67,17013
WGP,20070212,0.086,0.092,0.086,0.092,167900
WGR,20070212,0.365,0.365,0.365,0.365,175500
WHE,20070212,1.75,1.75,1.69,1.72,60168
WHF,20070212,4.74,4.74,4.74,4.74,20228
WHG,20070212,2.44,2.44,2.4,2.41,1171125
WHS,20070212,6.28,6.28,6.27,6.28,5065
WIL,20070212,1.19,1.19,1.165,1.165,73095
WKR,20070212,0.26,0.265,0.25,0.26,199500
WLL,20070212,2.51,2.55,2.5,2.55,19428
WLS,20070212,1.22,1.23,1.22,1.22,22500
WME,20070212,0.16,0.16,0.155,0.155,638372
WMT,20070212,0.14,0.155,0.14,0.155,79500390
WOW,20070212,25.75,25.94,25.4,25.52,2682877
WPG,20070212,0.34,0.375,0.34,0.36,658561
WPL,20070212,36.69,37.18,36.53,36.77,2057478
WRF,20070212,0.42,0.42,0.41,0.41,28451
WRL,20070212,0.205,0.23,0.205,0.23,101593
WSA,20070212,3.8,3.8,3.74,3.78,169650
WST,20070212,0.48,0.48,0.48,0.48,77962
WSY,20070212,0.026,0.026,0.026,0.026,50000
WTE,20070212,0.22,0.22,0.205,0.22,1559357
WTF,20070212,4.49,4.59,4.41,4.49,98545
WTN,20070212,0.265,0.27,0.265,0.265,116540
WTP,20070212,4.17,4.2,4.13,4.13,26750
WWA,20070212,2.4,2.4,2.4,2.4,19800
WWM,20070212,0.55,0.55,0.53,0.53,67502
WYL,20070212,3.28,3.28,3.24,3.27,94917
XAO,20070212,5894.6,5905.3,5878.2,5895,0
XBL,20070212,0.24,0.24,0.225,0.225,190143
XDJ,20070212,2827.7,2832.4,2813.6,2822.5,0
XEJ,20070212,12282.3,12342.7,12246,12284.7,0
XFJ,20070212,7108,7112.2,7067.2,7078.7,0
XFL,20070212,5758.7,5768.6,5741.1,5759.9,0
XGD,20070212,4521.4,4521.4,4521.4,4521.4,0
XHJ,20070212,7934.3,7943.9,7872.5,7925.5,0
XIJ,20070212,596.3,598.5,588.7,591.4,0
XJO,20070212,5921.6,5934.7,5905.4,5924.1,0
XKO,20070212,5929.6,5943.1,5913.9,5932.7,0
XMD,20070212,6040.5,6054.5,6023.3,6035.8,0
XMJ,20070212,11068.1,11249.9,11064.7,11232.8,0
XMM,20070212,3744.9,3744.9,3744.9,3744.9,0
XNJ,20070212,6661.5,6682.9,6643.9,6668.3,0
XPJ,20070212,2558.4,2560.8,2534.2,2537.9,0
XRF,20070212,0.16,0.16,0.15,0.15,9163
XSJ,20070212,7808.9,7815.6,7740.4,7759.4,0
XSO,20070212,3519.4,3542.7,3517.6,3535.2,0
XST,20070212,0.5,0.5,0.47,0.48,522000
XTE,20070212,20,21.5,19.5,19.5,117500
XTJ,20070212,1575.7,1583.1,1569.3,1575.7,0
XTL,20070212,3139.2,3148.6,3131.1,3143.3,0
XTO,20070212,4791.3,4799.9,4777.3,4791.6,0
XUJ,20070212,7650.1,7703.8,7633.8,7682.9,0
XXJ,20070212,7218.4,7224.2,7183.5,7197.1,0
YGL,20070212,0.125,0.125,0.12,0.12,404232
YML,20070212,0.25,0.25,0.25,0.25,122000
ZBB,20070212,0.26,0.26,0.245,0.245,233777
ZDX,20070212,0.185,0.185,0.185,0.185,200000
ZFX,20070212,15.3,15.98,15.3,15.9,4153727
ZGL,20070212,0.16,0.16,0.16,0.16,101860
ZGM,20070212,0.38,0.39,0.38,0.39,12800
ZIM,20070212,9.8,9.8,9.8,9.8,1100
ZYL,20070212,0.03,0.03,0.029,0.03,737836
