AAC,20070725,3.1,3.22,3.09,3.18,205890
AAE,20070725,0.305,0.315,0.29,0.315,968681
AAM,20070725,0.24,0.25,0.24,0.25,1562212
AAN,20070725,15.04,15.08,15.03,15.07,3325645
AAO,20070725,0.165,0.165,0.16,0.165,225930
AAQ,20070725,0.61,0.635,0.605,0.61,143119
AAR,20070725,0.13,0.13,0.12,0.125,6228833
AAS,20070725,0.16,0.165,0.15,0.16,494971
AAT,20070725,0.09,0.09,0.09,0.09,10800
AAU,20070725,0.39,0.4,0.39,0.4,84250
AAX,20070725,10.7,10.79,10.42,10.42,267456
ABB,20070725,9.5,9.5,9.41,9.5,183978
ABC,20070725,3.44,3.44,3.27,3.33,1013803
ABI,20070725,0.035,0.037,0.035,0.035,187000
ABJ,20070725,0.062,0.062,0.062,0.062,211666
ABP,20070725,1.93,1.935,1.915,1.915,569414
ABQ,20070725,0.44,0.44,0.435,0.44,240439
ABS,20070725,7.13,7.16,7.02,7.02,992620
ABU,20070725,0.19,0.195,0.18,0.195,1813300
ABY,20070725,3.72,3.75,3.6,3.7,2532420
ACB,20070725,1.62,1.66,1.57,1.64,143983
ACE,20070725,0.245,0.245,0.24,0.245,134857
ACG,20070725,0.135,0.135,0.135,0.135,145000
ACL,20070725,0.915,0.915,0.895,0.895,414786
ACR,20070725,1.65,1.68,1.63,1.64,193452
ACS,20070725,0.275,0.275,0.25,0.265,883417
ADA,20070725,0.56,0.58,0.56,0.58,53711
ADB,20070725,15.4,15.4,15.22,15.31,284301
ADE,20070725,0.17,0.17,0.16,0.16,489500
ADG,20070725,4.3,4.3,4.3,4.3,332
ADI,20070725,0.745,0.75,0.73,0.75,184953
ADL,20070725,0.077,0.077,0.075,0.075,115658
ADN,20070725,0.52,0.535,0.52,0.535,82050
ADS,20070725,0.3,0.305,0.29,0.3,768699
ADU,20070725,0.58,0.58,0.55,0.565,328300
ADX,20070725,0.12,0.125,0.12,0.125,742344
AEC,20070725,4.3,4.44,4.3,4.3,21297
AED,20070725,8.07,8.13,8.01,8.06,331123
AEE,20070725,0.435,0.44,0.43,0.44,55830
AEM,20070725,0.05,0.05,0.05,0.05,6500
AEO,20070725,2.06,2.06,2,2.01,304063
AEP,20070725,4.39,4.39,4.22,4.22,1026280
AET,20070725,1.015,1.015,1.015,1.015,5551
AEU,20070725,1.775,1.8,1.75,1.8,116388
AEX,20070725,0.046,0.046,0.045,0.045,3135828
AEZ,20070725,1.23,1.24,1.22,1.23,2295049
AFG,20070725,11.21,11.25,10.87,10.87,1489320
AFI,20070725,5.95,6.09,5.95,6.03,271536
AFR,20070725,0.74,0.79,0.74,0.79,23512
AFT,20070725,0.005,0.005,0.005,0.005,1280000
AGF,20070725,1.33,1.36,1.32,1.335,493712
AGG,20070725,10.14,10.2,10.03,10.03,3340
AGI,20070725,0.46,0.465,0.46,0.46,46000
AGK,20070725,16.39,16.39,16.27,16.28,1580037
AGM,20070725,0.77,0.78,0.76,0.77,3357195
AGO,20070725,1.965,2.01,1.9,1.985,1925689
AGS,20070725,1.9,1.93,1.83,1.86,767393
AGX,20070725,0.225,0.235,0.225,0.235,843000
AGY,20070725,0.465,0.465,0.44,0.44,190288
AHD,20070725,6.85,6.9,6.8,6.83,13782
AHE,20070725,4.08,4.11,3.95,3.95,43652
AHG,20070725,0.02,0.02,0.02,0.02,303674
AHI,20070725,3.5,3.5,3.5,3.5,4364
AHN,20070725,0.485,0.485,0.47,0.47,15400
AHR,20070725,0.19,0.19,0.19,0.19,49567
AHS,20070725,0.93,0.95,0.93,0.95,313884
AIA,20070725,3.09,3.1,3.04,3.08,1339234
AIE,20070725,0.12,0.125,0.12,0.12,250000
AII,20070725,0.33,0.35,0.325,0.33,711352
AIM,20070725,0.34,0.34,0.33,0.33,5668660
AIO,20070725,10.1,10.25,10.02,10.2,1504306
AIV,20070725,0.13,0.13,0.13,0.13,70000
AIX,20070725,3.29,3.32,3.25,3.28,983409
AIZ,20070725,2.35,2.35,2.3,2.32,95487
AJL,20070725,2.49,2.52,2.35,2.42,286658
AKK,20070725,0.27,0.27,0.25,0.27,179571
ALB,20070725,2.9,3,2.8,3,59102
ALD,20070725,0.53,0.53,0.475,0.51,1507762
ALK,20070725,0.38,0.38,0.365,0.365,278723
ALL,20070725,13.8,13.8,13.65,13.68,2668533
ALR,20070725,2.05,2.05,2.05,2.05,254
ALT,20070725,0.018,0.018,0.018,0.018,220000
ALU,20070725,1.07,1.07,1.05,1.05,10950
ALZ,20070725,2.3,2.35,2.3,2.33,873528
AMA,20070725,0.625,0.64,0.62,0.63,2960837
AMB,20070725,2.16,2.16,2.15,2.15,8000
AMC,20070725,7.26,7.33,7.24,7.28,3425151
AMH,20070725,0.855,0.865,0.85,0.865,335055
AMM,20070725,0.2,0.205,0.2,0.205,466482
AMP,20070725,10.4,10.42,10.29,10.34,4668993
AMU,20070725,0.93,0.935,0.915,0.915,488297
AND,20070725,0.995,1.01,0.965,1,338260
ANE,20070725,6.5,6.5,6.48,6.5,52000
ANG,20070725,1.93,1.93,1.845,1.885,232095
ANH,20070725,0.1,0.105,0.1,0.105,1669992
ANM,20070725,0.155,0.155,0.155,0.155,2945
ANN,20070725,12.48,12.68,12.2,12.62,390004
ANO,20070725,0.135,0.135,0.135,0.135,3900
ANP,20070725,0.04,0.043,0.039,0.04,1151700
ANX,20070725,0.185,0.185,0.18,0.18,113000
ANZ,20070725,29.15,29.25,29.12,29.15,3589366
AOC,20070725,0.165,0.165,0.16,0.16,300000
AOE,20070725,2.63,2.68,2.6,2.63,2646768
AOM,20070725,0.016,0.016,0.016,0.016,37134
AOP,20070725,0.24,0.24,0.2,0.205,289028
APA,20070725,4.2,4.2,4.14,4.17,315531
APD,20070725,3,3,3,3,2898
APE,20070725,15.7,15.7,15.65,15.65,1000
APG,20070725,0.14,0.14,0.135,0.135,783965
API,20070725,1.98,2,1.98,2,347357
APK,20070725,0.55,0.55,0.51,0.51,174245
APM,20070725,0.014,0.014,0.014,0.014,35000
APN,20070725,5.83,5.89,5.8,5.81,204615
APP,20070725,0.58,0.58,0.58,0.58,894
APZ,20070725,2.6,2.69,2.6,2.66,77831
AQA,20070725,6.59,6.59,6.37,6.42,28178
AQD,20070725,0.25,0.25,0.245,0.245,102654
AQP,20070725,35.63,37,35.46,35.71,158250
AQR,20070725,0.245,0.25,0.24,0.245,459000
ARE,20070725,0.24,0.245,0.24,0.24,100480
ARG,20070725,8.27,8.36,8.24,8.28,116633
ARH,20070725,1.3,1.31,1.3,1.31,92929
ARJ,20070725,0.015,0.015,0.015,0.015,3765000
ARM,20070725,0.485,0.49,0.47,0.49,75000
ARO,20070725,0.038,0.038,0.037,0.038,311000
ARP,20070725,4.12,4.16,4.12,4.15,10737
ARQ,20070725,1.57,1.58,1.55,1.57,1457317
ARR,20070725,3.09,3.19,3.09,3.17,440755
ARU,20070725,2.13,2.2,2.13,2.15,360830
ARV,20070725,0.345,0.345,0.345,0.345,500
ARW,20070725,0.375,0.375,0.36,0.365,258043
ARX,20070725,0.016,0.017,0.016,0.017,2138863
ASB,20070725,3.34,3.5,3.32,3.5,650425
ASC,20070725,0.021,0.021,0.021,0.021,121000
ASL,20070725,2.8,2.81,2.72,2.78,109959
ASP,20070725,0.46,0.46,0.46,0.46,11000
ASQ,20070725,0.335,0.335,0.325,0.33,29730
ASV,20070725,0.021,0.021,0.021,0.021,60000
ASX,20070725,51.34,51.34,50.62,50.68,436185
ASZ,20070725,1.465,1.48,1.46,1.475,23000
ATG,20070725,0.195,0.235,0.19,0.23,184600
ATN,20070725,0.081,0.09,0.081,0.09,2164083
ATP,20070725,0.5,0.5,0.48,0.485,42200
ATQ,20070725,0.22,0.22,0.205,0.215,615013
ATR,20070725,2.6,2.6,2.51,2.56,15156
ATV,20070725,0.14,0.14,0.14,0.14,25000
AUB,20070725,4.51,4.56,4.5,4.55,199694
AUI,20070725,9.37,9.4,9.37,9.4,8775
AUN,20070725,1.64,1.665,1.63,1.635,1337994
AUQ,20070725,0.3,0.3,0.28,0.28,57622
AUT,20070725,0.62,0.63,0.6,0.63,443318
AUW,20070725,2.69,2.72,2.68,2.72,984111
AUX,20070725,0.044,0.045,0.044,0.044,329587
AUZ,20070725,0.145,0.15,0.14,0.15,2726134
AVA,20070725,0.65,0.75,0.65,0.75,268195
AVD,20070725,0.5,0.5,0.49,0.49,35500
AVE,20070725,3.67,3.71,3.67,3.7,50428
AVI,20070725,0.31,0.31,0.3,0.3,350676
AVJ,20070725,1.28,1.3,1.28,1.3,117936
AVM,20070725,20.1,20.1,19,19.35,8465
AVO,20070725,1.605,1.635,1.6,1.63,633470
AVQ,20070725,0.26,0.26,0.255,0.255,71670
AVS,20070725,0.63,0.63,0.615,0.62,273582
AVX,20070725,0.64,0.66,0.63,0.65,664549
AWB,20070725,3.62,3.76,3.62,3.67,894978
AWC,20070725,8.09,8.09,7.49,7.59,20568345
AWE,20070725,3.57,3.57,3.46,3.46,1439996
AWG,20070725,0.105,0.105,0.105,0.105,222338
AWL,20070725,0.014,0.02,0.014,0.019,52398515
AXA,20070725,7.67,7.69,7.55,7.55,1953117
AXC,20070725,0.23,0.24,0.23,0.24,193820
AXI,20070725,0.55,0.56,0.55,0.56,46620
AXM,20070725,1.15,1.19,1.14,1.18,2670604
AXO,20070725,1.355,1.36,1.28,1.31,680749
AXQ,20070725,0.77,0.77,0.75,0.755,235370
AXT,20070725,0.455,0.46,0.455,0.46,29183
AXY,20070725,0.55,0.55,0.525,0.54,106632
AYF,20070725,9.86,9.86,9.86,9.86,3000
AYR,20070725,0.175,0.175,0.14,0.15,446601
AZA,20070725,0.985,1.02,0.975,1.02,2857358
AZC,20070725,0.315,0.32,0.31,0.32,355290
AZD,20070725,0.415,0.415,0.4,0.4,408260
AZM,20070725,0.21,0.225,0.21,0.225,78881
AZS,20070725,0.28,0.29,0.26,0.27,1800049
AZZ,20070725,0.7,0.7,0.625,0.625,2268899
BAR,20070725,0.62,0.62,0.58,0.61,324500
BAS,20070725,0.1,0.105,0.1,0.105,533394
BBG,20070725,16.88,16.88,16.57,16.6,1531448
BBI,20070725,1.75,1.75,1.715,1.72,6957270
BBP,20070725,3.33,3.33,3.23,3.29,3248513
BBW,20070725,1.98,1.98,1.935,1.935,1951643
BCD,20070725,0.285,0.29,0.28,0.28,223279
BCF,20070725,1.44,1.44,1.43,1.43,816000
BCI,20070725,1.855,1.855,1.8,1.83,56678
BCM,20070725,5.35,5.49,5.35,5.41,1249367
BCN,20070725,0.345,0.345,0.325,0.325,205950
BDG,20070725,0.355,0.36,0.35,0.355,1391486
BDI,20070725,0.41,0.41,0.41,0.41,152500
BDL,20070725,0.34,0.34,0.33,0.335,2163969
BDM,20070725,0.27,0.27,0.26,0.26,45276
BEC,20070725,4.25,4.31,4.16,4.16,327789
BEI,20070725,0.68,0.68,0.655,0.655,262809
BEN,20070725,16.39,16.4,16.2,16.35,262752
BGD,20070725,0.42,0.45,0.41,0.42,272900
BHP,20070725,37.95,38.23,37.95,38.05,16356494
BIT,20070725,0.225,0.23,0.22,0.22,299000
BJT,20070725,1.82,1.83,1.79,1.8,4035145
BKG,20070725,0.11,0.25,0.11,0.225,1836893
BKI,20070725,1.52,1.54,1.52,1.53,25765
BKL,20070725,21.99,21.99,21.85,21.95,6666
BKN,20070725,10.87,11.05,10.81,10.86,188776
BKP,20070725,0.125,0.125,0.12,0.125,345550
BKW,20070725,13.61,13.61,13.6,13.61,9739
BKY,20070725,2.09,2.11,2,2.06,1126854
BLD,20070725,8.1,8.17,8.01,8.1,2552182
BLG,20070725,0.59,0.6,0.57,0.6,123000
BLK,20070725,0.81,0.9,0.8,0.9,62595
BLP,20070725,0.87,0.875,0.87,0.875,49431
BLR,20070725,0.23,0.24,0.22,0.225,7436069
BLT,20070725,0.175,0.18,0.16,0.17,2092039
BLU,20070725,2.25,2.25,2.21,2.24,9726
BLY,20070725,2.39,2.4,2.36,2.36,5371774
BLZ,20070725,0.038,0.038,0.034,0.036,1443067
BMN,20070725,2.63,2.73,2.53,2.73,300959
BMX,20070725,0.255,0.26,0.25,0.255,387648
BMY,20070725,0.16,0.16,0.16,0.16,7000
BNB,20070725,31.49,31.61,31.3,31.31,734058
BNL,20070725,0.24,0.24,0.24,0.24,41770
BNO,20070725,0.36,0.365,0.36,0.365,38603
BNT,20070725,0.095,0.095,0.095,0.095,10000
BOC,20070725,0.91,0.91,0.86,0.865,19905
BOE,20070725,0.3,0.4,0.29,0.4,1263745
BOL,20070725,3.04,3.05,3,3.01,1123778
BOM,20070725,0.47,0.49,0.47,0.49,23300
BOQ,20070725,17.75,17.9,17.26,17.49,214018
BOS,20070725,0.14,0.14,0.125,0.125,206500
BOW,20070725,0.175,0.175,0.165,0.165,201794
BPH,20070725,0.195,0.195,0.195,0.195,12500
BPO,20070725,0.056,0.058,0.056,0.056,3733678
BPT,20070725,1.4,1.41,1.385,1.39,6802572
BQT,20070725,0.29,0.29,0.21,0.245,6252326
BRC,20070725,0.51,0.55,0.47,0.47,133000
BRO,20070725,0.009,0.01,0.009,0.009,9413855
BRT,20070725,0.11,0.11,0.11,0.11,6750
BRW,20070725,0.65,0.67,0.65,0.67,267610
BSA,20070725,0.85,0.865,0.825,0.83,189378
BSG,20070725,3.02,3.07,2.97,3.06,519195
BSL,20070725,12.05,12.27,11.94,12,6759735
BSM,20070725,0.35,0.37,0.35,0.36,125947
BSN,20070725,0.155,0.155,0.15,0.155,55600
BTA,20070725,1.805,1.82,1.79,1.8,267314
BTC,20070725,0.37,0.37,0.365,0.365,23830
BTV,20070725,0.16,0.16,0.155,0.16,438143
BUL,20070725,0.405,0.405,0.38,0.385,836117
BUR,20070725,0.305,0.31,0.295,0.305,532478
BUY,20070725,0.049,0.049,0.049,0.049,45917
BVA,20070725,1.62,1.62,1.6,1.61,155470
BVP,20070725,0.225,0.225,0.225,0.225,45000
BWN,20070725,0.3,0.3,0.295,0.3,210000
BWP,20070725,2.4,2.45,2.38,2.44,273474
BXB,20070725,10.91,11.24,10.88,11.17,9804831
BXP,20070725,0.22,0.225,0.21,0.225,228255
BYI,20070725,0.98,0.98,0.98,0.98,2000
BYR,20070725,0.24,0.25,0.22,0.25,531344
BZI,20070725,0.25,0.25,0.25,0.25,2000
CAA,20070725,0.545,0.56,0.54,0.56,234048
CAB,20070725,12.9,12.9,12.62,12.63,230896
CAF,20070725,0.71,0.71,0.7,0.7,33386
CAL,20070725,0.79,0.8,0.79,0.8,24500
CAM,20070725,1.46,1.48,1.46,1.48,22643
CAQ,20070725,0.185,0.19,0.185,0.19,90000
CAS,20070725,0.82,0.82,0.755,0.76,259264
CAU,20070725,0.055,0.055,0.055,0.055,246841
CAV,20070725,1.7,1.75,1.7,1.73,391225
CAZ,20070725,0.63,0.645,0.625,0.63,189272
CBA,20070725,56.05,56.58,56.02,56.5,4103861
CBD,20070725,0.15,0.16,0.15,0.15,161710
CBH,20070725,0.64,0.685,0.625,0.675,11004175
CBM,20070725,2.75,2.75,2.75,2.75,5357
CBR,20070725,2.56,2.56,2.56,2.56,740
CCE,20070725,0.037,0.039,0.037,0.039,938007
CCI,20070725,0.22,0.225,0.215,0.22,1030938
CCL,20070725,9.5,9.51,9.38,9.4,1426303
CCP,20070725,11.68,12,11.67,11.9,66197
CCQ,20070725,0.98,0.99,0.975,0.975,354403
CCS,20070725,0.071,0.071,0.069,0.069,54000
CCV,20070725,0.685,0.69,0.68,0.69,111413
CDA,20070725,0.95,0.95,0.93,0.93,52789
CDD,20070725,7.28,7.44,7.28,7.32,32031
CDF,20070725,1.89,1.89,1.89,1.89,2000
CDI,20070725,1.06,1.065,1.05,1.05,537735
CDM,20070725,1.29,1.29,1.28,1.28,4379
CDR,20070725,1.17,1.19,1.16,1.18,1014115
CDS,20070725,0.027,0.027,0.026,0.026,914816
CDT,20070725,0.355,0.355,0.355,0.355,27000
CDU,20070725,4.44,4.79,4.33,4.63,849033
CDX,20070725,1.8,1.8,1.765,1.765,1037
CEC,20070725,0.33,0.35,0.33,0.35,7000
CEG,20070725,2.57,2.57,2.57,2.57,9051
CER,20070725,1.705,1.725,1.7,1.705,997943
CES,20070725,0.25,0.27,0.25,0.27,17500
CEU,20070725,1.555,1.57,1.51,1.535,3045336
CEY,20070725,3.4,3.45,3.38,3.44,2085959
CFE,20070725,0.6,0.61,0.59,0.6,1184010
CFI,20070725,0.79,0.795,0.79,0.795,83975
CFK,20070725,0.1,0.105,0.093,0.1,3336134
CFR,20070725,0.009,0.011,0.009,0.011,15927877
CFU,20070725,1.06,1.065,1.03,1.035,356570
CFX,20070725,2.2,2.21,2.17,2.18,12037450
CGF,20070725,5.85,5.88,5.73,5.75,1079580
CGI,20070725,0.125,0.125,0.125,0.125,3478
CGJ,20070725,14.98,15.08,14.83,14.85,4649501
CGM,20070725,0.25,0.25,0.245,0.245,24000
CGT,20070725,0.155,0.155,0.155,0.155,20000
CGX,20070725,0.75,0.75,0.75,0.75,35900
CHB,20070725,51.01,52.01,51.01,52.01,1066
CHC,20070725,2.89,2.89,2.81,2.89,217111
CHF,20070725,0.345,0.345,0.33,0.33,345258
CHN,20070725,0.17,0.18,0.17,0.18,191370
CHO,20070725,6.45,6.55,6.45,6.55,13179
CHQ,20070725,0.77,0.77,0.77,0.77,10700
CHZ,20070725,0.345,0.345,0.33,0.33,59000
CIF,20070725,4.15,4.15,4.12,4.14,183030
CIG,20070725,0.125,0.14,0.12,0.13,16731071
CII,20070725,0.145,0.145,0.145,0.145,3500
CIL,20070725,2.29,2.31,2.26,2.28,54018
CIN,20070725,24.85,24.85,24.85,24.85,2943
CIR,20070725,1.34,1.34,1.335,1.34,12725
CIW,20070725,1.25,1.25,1.22,1.24,24800
CIX,20070725,0.57,0.57,0.57,0.57,49205
CIY,20070725,4.2,4.25,4.19,4.21,268666
CKK,20070725,0.22,0.23,0.22,0.23,126025
CKL,20070725,0.535,0.535,0.51,0.53,55910
CKR,20070725,0.135,0.14,0.135,0.135,1208150
CLF,20070725,0.21,0.21,0.21,0.21,150000
CLH,20070725,0.83,0.835,0.805,0.835,95365
CLO,20070725,0.525,0.525,0.52,0.52,22140
CLT,20070725,0.9,0.9,0.9,0.9,66600
CLV,20070725,0.105,0.105,0.1,0.1,100000
CLX,20070725,1.21,1.21,1.21,1.21,1000
CLY,20070725,0.175,0.175,0.17,0.17,91411
CME,20070725,0.086,0.087,0.084,0.086,13725463
CMK,20070725,0.55,0.55,0.55,0.55,26650
CMO,20070725,0.028,0.029,0.026,0.029,6619422
CMP,20070725,0.19,0.19,0.185,0.185,25544
CMR,20070725,5.5,5.55,5.39,5.5,421528
CMV,20070725,0.485,0.49,0.48,0.49,90700
CMW,20070725,1.3,1.31,1.3,1.3,229793
CMY,20070725,0.36,0.36,0.35,0.35,15000
CNA,20070725,76.5,76.5,76.5,76.5,33
CND,20070725,3.85,3.85,3.73,3.73,100905
CNF,20070725,0.165,0.165,0.165,0.165,5000
CNM,20070725,0.175,0.18,0.17,0.175,811632
CNN,20070725,0.13,0.135,0.125,0.135,220000
CNP,20070725,8.48,8.48,8.27,8.36,2947066
CNT,20070725,1.37,1.38,1.365,1.365,138709
COA,20070725,5.8,5.82,5.77,5.81,667438
COE,20070725,0.865,0.875,0.84,0.855,585506
COF,20070725,4.38,4.38,4.34,4.38,53809
COH,20070725,65.16,65.54,64.56,64.89,176562
COI,20070725,0.31,0.31,0.29,0.29,293466
COM,20070725,0.185,0.185,0.185,0.185,13000
COO,20070725,0.165,0.165,0.15,0.155,121500
COS,20070725,0.105,0.105,0.105,0.105,20168
COU,20070725,3.38,3.49,3.38,3.49,85291
COZ,20070725,0.345,0.35,0.34,0.34,391080
CPA,20070725,1.615,1.67,1.615,1.645,4327014
CPB,20070725,27.14,27.34,27.14,27.15,7683
CPI,20070725,0.385,0.385,0.385,0.385,22527
CPK,20070725,0.705,0.725,0.705,0.71,57012
CPN,20070725,0.285,0.285,0.285,0.285,2000
CPR,20070725,1.92,2,1.92,2,143230
CPU,20070725,10.76,10.78,10.51,10.51,1313468
CQT,20070725,0.895,0.9,0.85,0.85,768903
CRE,20070725,0.365,0.37,0.365,0.37,178962
CRG,20070725,19.11,19.8,19.06,19.06,105727
CRJ,20070725,0.29,0.3,0.29,0.3,104387
CRK,20070725,1.5,1.5,1.48,1.5,96990
CRL,20070725,0.17,0.17,0.16,0.17,129485
CRT,20070725,0.635,0.645,0.635,0.635,14508
CSE,20070725,0.68,0.71,0.67,0.71,210951
CSF,20070725,1.195,1.225,1.19,1.215,3177746
CSH,20070725,2.01,2.02,2.01,2.02,13500
CSL,20070725,90.1,90.3,88,90.01,435175
CSM,20070725,3.47,3.48,3.44,3.48,990978
CSR,20070725,3.6,3.61,3.58,3.59,5735055
CSS,20070725,1.3,1.3,1.29,1.3,90680
CST,20070725,3.02,3.02,3,3,83620
CSV,20070725,1.55,1.57,1.53,1.55,99000
CTN,20070725,2.43,2.45,2.4,2.41,110794
CTO,20070725,0.505,0.53,0.505,0.525,1893832
CTP,20070725,0.21,0.21,0.2,0.2,596228
CTS,20070725,0.71,0.71,0.655,0.695,873125
CTX,20070725,24.5,24.92,24.21,24.68,417220
CTY,20070725,2.64,2.64,2.64,2.64,195
CUE,20070725,0.23,0.23,0.22,0.23,2797911
CUL,20070725,0.14,0.155,0.135,0.155,29704347
CUO,20070725,1.025,1.03,0.98,1.01,1649416
CUS,20070725,0.22,0.225,0.22,0.22,1647733
CUV,20070725,0.78,0.79,0.78,0.79,70000
CUX,20070725,0.37,0.395,0.37,0.395,672100
CUY,20070725,1.91,1.975,1.9,1.9,39600
CVC,20070725,1.97,1.975,1.96,1.965,266503
CVG,20070725,0.255,0.255,0.255,0.255,16941
CVI,20070725,0.071,0.072,0.065,0.065,2123553
CVN,20070725,0.18,0.195,0.175,0.19,3288867
CVR,20070725,0.235,0.235,0.22,0.22,784200
CVS,20070725,0.022,0.022,0.022,0.022,50000
CWG,20070725,0.26,0.26,0.26,0.26,36200
CWH,20070725,0.4,0.45,0.355,0.45,13750
CWP,20070725,5,5.03,4.95,5.03,21605
CWT,20070725,0.875,0.875,0.86,0.87,182822
CXG,20070725,3.11,3.16,2.85,2.85,36092
CXM,20070725,0.61,0.64,0.59,0.625,434893
CXP,20070725,6.93,7.08,6.93,7,299367
CXS,20070725,0.97,1,0.955,0.97,82261
CXY,20070725,0.093,0.093,0.085,0.089,4335981
CYA,20070725,1.39,1.41,1.38,1.41,173773
CYC,20070725,0.37,0.37,0.355,0.355,265800
CYG,20070725,4.41,4.49,4.4,4.45,18890
CYL,20070725,0.22,0.22,0.22,0.22,100000
CZR,20070725,0.285,0.285,0.285,0.285,20000
DBS,20070725,0.86,0.86,0.84,0.86,19380
DDD,20070725,0.15,0.15,0.15,0.15,34000
DDT,20070725,0.335,0.335,0.335,0.335,12500
DEG,20070725,0.11,0.11,0.105,0.11,413900
DES,20070725,0.375,0.385,0.37,0.375,561736
DEX,20070725,2.89,2.93,2.83,2.89,295290
DGH,20070725,0.77,0.78,0.77,0.78,20000
DGR,20070725,0.33,0.365,0.33,0.335,886700
DIA,20070725,0.085,0.086,0.082,0.082,365000
DIO,20070725,0.145,0.15,0.14,0.145,1790615
DJS,20070725,5.61,5.67,5.6,5.6,663653
DJW,20070725,5.1,5.13,5.09,5.13,62770
DKN,20070725,1.76,1.8,1.75,1.8,26644
DLS,20070725,0.165,0.175,0.165,0.165,1486291
DMA,20070725,0.29,0.29,0.29,0.29,67800
DML,20070725,0.45,0.465,0.445,0.455,445873
DMM,20070725,0.37,0.39,0.365,0.375,108131
DMP,20070725,3.19,3.24,3.19,3.2,269580
DMX,20070725,0.575,0.595,0.565,0.58,51550
DOM,20070725,2.71,2.74,2.66,2.73,78235
DON,20070725,0.355,0.36,0.355,0.36,4509
DOW,20070725,7.21,7.42,7.19,7.36,1105046
DRA,20070725,0.13,0.135,0.13,0.135,500354
DRT,20070725,1.89,1.89,1.865,1.865,6986786
DRX,20070725,0.535,0.535,0.505,0.515,1243067
DSF,20070725,0.063,0.063,0.063,0.063,3059
DTL,20070725,6.25,6.33,6.25,6.31,78988
DTM,20070725,0.2,0.2,0.2,0.2,10000
DUE,20070725,3.53,3.55,3.48,3.53,850977
DVM,20070725,0.043,0.045,0.04,0.045,1400000
DVN,20070725,1.315,1.33,1.315,1.325,29451
DWS,20070725,2.77,2.79,2.75,2.79,208958
DWY,20070725,1.38,1.38,1.35,1.35,40096
DXL,20070725,2.25,2.26,2.22,2.23,6955628
DYE,20070725,1.675,1.8,1.63,1.8,1280678
DYL,20070725,0.52,0.53,0.515,0.52,1307124
EAR,20070725,0.27,0.27,0.27,0.27,50000
EBB,20070725,3.83,3.83,3.77,3.8,79502
EBG,20070725,0.33,0.33,0.33,0.33,30000
EBI,20070725,3.51,3.54,3.48,3.52,221049
EBR,20070725,0.058,0.058,0.054,0.058,1533500
EBT,20070725,0.18,0.18,0.17,0.175,189000
ECH,20070725,1.32,1.37,1.32,1.37,106075
ECM,20070725,0.115,0.115,0.115,0.115,58333
ECU,20070725,0.027,0.029,0.025,0.028,1741000
EDE,20070725,0.65,0.65,0.625,0.625,43800
EDM,20070725,0.051,0.051,0.051,0.051,1204763
EDN,20070725,0.41,0.41,0.395,0.4,50692
EDS,20070725,0.74,0.755,0.73,0.755,229804
EEE,20070725,0.185,0.185,0.175,0.175,100000
EFT,20070725,0.084,0.084,0.084,0.084,40000
EGF,20070725,2.27,2.27,2.22,2.26,897147
EGL,20070725,0.095,0.1,0.095,0.096,120879
EGO,20070725,0.007,0.008,0.007,0.008,2923231
EGX,20070725,0.88,0.9,0.88,0.9,66000
EHL,20070725,1.56,1.58,1.55,1.57,2103587
EIG,20070725,1.09,1.1,1.09,1.1,97000
EKA,20070725,0.375,0.38,0.36,0.38,197186
ELI,20070725,1.135,1.145,1.13,1.13,206940
ELK,20070725,0.27,0.28,0.27,0.28,21607
ELL,20070725,0.135,0.135,0.13,0.13,57420
ELX,20070725,0.815,0.815,0.815,0.815,35078
EME,20070725,6.4,6.4,5.97,6.33,14078
EMM,20070725,0.097,0.1,0.097,0.1,207248
EMP,20070725,0.12,0.12,0.115,0.12,244600
EMR,20070725,0.185,0.19,0.185,0.185,67553
EMS,20070725,0.2,0.2,0.19,0.19,271876
ENB,20070725,0.24,0.24,0.24,0.24,50000
ENE,20070725,4.35,4.45,4.35,4.4,348077
ENG,20070725,0.18,0.18,0.18,0.18,60000
ENI,20070725,0.052,0.052,0.052,0.052,32884
ENR,20070725,0.62,0.62,0.6,0.6,92000
ENV,20070725,1.145,1.155,1.14,1.14,544840
EOL,20070725,0.19,0.2,0.16,0.16,30000
EOS,20070725,1.47,1.47,1.47,1.47,5000
EPE,20070725,0.078,0.08,0.07,0.08,2228358
EPF,20070725,0.195,0.2,0.195,0.2,25000
EPG,20070725,1.035,1.035,1,1.025,171562
EPR,20070725,0.065,0.066,0.06,0.06,1553400
EPS,20070725,0.275,0.28,0.275,0.28,26671
EPY,20070725,0.079,0.084,0.079,0.079,349957
EQI,20070725,2.26,2.36,2.26,2.36,527806
EQN,20070725,4.4,4.56,4.35,4.42,2130777
EQX,20070725,0.21,0.22,0.21,0.215,389666
ERA,20070725,19.07,19.3,19.01,19.26,643632
ERG,20070725,0.17,0.17,0.165,0.17,1360366
ERH,20070725,0.19,0.2,0.19,0.19,328000
ERJ,20070725,0.034,0.036,0.034,0.036,821910
ERL,20070725,0.31,0.31,0.3,0.3,47000
ERN,20070725,0.585,0.62,0.565,0.62,686716
ERO,20070725,0.35,0.35,0.32,0.325,326300
ESG,20070725,0.65,0.665,0.63,0.64,958234
ESI,20070725,0.17,0.19,0.17,0.185,764950
ESS,20070725,1.115,1.15,1.115,1.14,157977
ETC,20070725,0.077,0.08,0.077,0.08,288009
ETE,20070725,0.245,0.255,0.245,0.245,1058040
ETW,20070725,0.15,0.155,0.15,0.15,33300
EVE,20070725,0.275,0.275,0.27,0.275,153177
EVG,20070725,0.16,0.18,0.16,0.18,30600
EVM,20070725,0.135,0.14,0.13,0.135,295586
EVZ,20070725,0.55,0.56,0.545,0.56,382700
EWC,20070725,0.98,0.98,0.955,0.975,834101
EXM,20070725,0.038,0.039,0.037,0.038,17938478
EXR,20070725,0.32,0.32,0.31,0.32,413200
EXS,20070725,0.38,0.39,0.37,0.38,919250
EXT,20070725,0.84,0.84,0.825,0.825,131685
EYE,20070725,0.15,0.15,0.15,0.15,27433
EZE,20070725,0.14,0.14,0.14,0.14,46357
EZL,20070725,4.36,4.37,4.36,4.36,9451
FAN,20070725,3.9,3.9,3.9,3.9,1354
FAR,20070725,0.16,0.165,0.16,0.16,1195238
FAS,20070725,0.68,0.695,0.66,0.675,158360
FAT,20070725,1.085,1.095,1.085,1.095,36229
FBU,20070725,11.79,11.88,11.7,11.75,719020
FCL,20070725,2.48,2.49,2.46,2.48,2825341
FCN,20070725,0.44,0.47,0.44,0.46,1069395
FDL,20070725,0.018,0.021,0.017,0.019,30548056
FDY,20070725,0.235,0.235,0.23,0.235,125000
FEA,20070725,0.7,0.7,0.68,0.68,220200
FER,20070725,2.02,2.03,1.98,1.98,127975
FFF,20070725,0.072,0.072,0.072,0.072,13801
FGE,20070725,0.775,0.775,0.77,0.77,30000
FGL,20070725,6.29,6.32,6.2,6.24,8961179
FIS,20070725,0.22,0.22,0.21,0.22,82362
FKP,20070725,7.06,7.16,6.96,7.15,428774
FLT,20070725,19.55,19.65,19.53,19.62,85309
FLX,20070725,5.43,5.5,5.3,5.5,162816
FMG,20070725,36.8,36.8,36.1,36.38,572968
FML,20070725,0.105,0.105,0.097,0.098,17330455
FND,20070725,0.82,0.82,0.82,0.82,15000
FNP,20070725,0.5,0.5,0.5,0.5,2500
FNT,20070725,0.16,0.165,0.155,0.16,654400
FOF,20070725,0.55,0.55,0.55,0.55,3000
FPA,20070725,3.32,3.35,3.32,3.35,175861
FPH,20070725,2.94,2.98,2.94,2.98,12874
FPS,20070725,2.9,2.9,2.8,2.88,47310
FRE,20070725,0.52,0.53,0.52,0.53,198033
FRI,20070725,0.9,0.9,0.87,0.87,55000
FRR,20070725,0.57,0.57,0.55,0.55,78959
FRS,20070725,1.03,1.13,1,1.055,1700135
FRV,20070725,0.079,0.079,0.076,0.078,365772
FSA,20070725,0.77,0.8,0.77,0.8,46792
FUL,20070725,0.053,0.053,0.051,0.053,275000
FUN,20070725,1.71,1.72,1.7,1.705,467944
FUT,20070725,0.005,0.006,0.005,0.005,1170350
FWD,20070725,9.3,9.42,9.25,9.4,64612
FWL,20070725,0.85,0.86,0.805,0.86,121730
FXI,20070725,0.965,0.965,0.965,0.965,10000
FXJ,20070725,4.93,4.93,4.88,4.89,3779090
FXL,20070725,2.9,2.9,2.87,2.9,809444
FXR,20070725,1.26,1.26,1.19,1.22,1413973
FZN,20070725,0.66,0.66,0.65,0.655,60480
GAA,20070725,0.48,0.5,0.465,0.485,147432
GAP,20070725,0.5,0.505,0.5,0.505,3219200
GAU,20070725,0.32,0.34,0.32,0.34,450870
GBE,20070725,0.69,0.69,0.67,0.67,24000
GBG,20070725,1.62,1.67,1.615,1.65,5156911
GBP,20070725,0.21,0.25,0.21,0.23,4124181
GBT,20070725,3.9,3.98,3.84,3.97,28531
GBX,20070725,0.255,0.255,0.255,0.255,20000
GCL,20070725,4.91,4.96,4.87,4.92,172147
GCN,20070725,0.055,0.055,0.055,0.055,539400
GCR,20070725,0.055,0.057,0.052,0.053,5490204
GCX,20070725,0.9,0.9,0.89,0.9,93721
GDA,20070725,0.018,0.018,0.018,0.018,1303561
GDM,20070725,0.675,0.69,0.675,0.685,105881
GDN,20070725,0.21,0.225,0.205,0.21,5263083
GDR,20070725,0.43,0.43,0.42,0.42,75200
GDY,20070725,1.82,1.82,1.78,1.8,502251
GEN,20070725,0.28,0.33,0.28,0.3,109715
GFF,20070725,2.58,2.59,2.52,2.54,3824852
GFL,20070725,0.95,0.995,0.95,0.995,15500
GGE,20070725,0.091,0.091,0.088,0.089,2438554
GGG,20070725,1.445,1.45,1.445,1.45,49781
GGP,20070725,0.27,0.3,0.27,0.295,714757
GGX,20070725,0.074,0.075,0.074,0.075,104865
GGY,20070725,0.115,0.12,0.115,0.115,560000
GHT,20070725,1.7,1.71,1.68,1.71,21309
GIA,20070725,0.425,0.425,0.39,0.39,55000
GIP,20070725,0.125,0.125,0.12,0.125,200000
GIR,20070725,0.81,0.81,0.795,0.8,91461
GJT,20070725,0.945,0.945,0.94,0.945,4561559
GLC,20070725,0.225,0.235,0.225,0.235,45000
GLI,20070725,0.195,0.195,0.185,0.185,57094
GLO,20070725,0.045,0.045,0.045,0.045,1408955
GLX,20070725,0.11,0.11,0.105,0.105,150000
GME,20070725,0.8,0.81,0.78,0.78,37000
GMG,20070725,6.4,6.54,6.38,6.5,7367503
GMI,20070725,1.96,1.96,1.93,1.94,688136
GML,20070725,0.1,0.1,0.1,0.1,7966
GMR,20070725,0.11,0.115,0.1,0.115,288500
GNC,20070725,12.9,12.9,12.5,12.7,63617
GNL,20070725,0.035,0.036,0.035,0.036,199999
GNS,20070725,3.45,3.5,3.41,3.46,1274666
GOA,20070725,0.105,0.105,0.1,0.105,345000
GOG,20070725,0.26,0.265,0.26,0.26,327192
GOP,20070725,0.395,0.395,0.37,0.37,239600
GPG,20070725,1.78,1.79,1.77,1.77,367006
GPN,20070725,0.043,0.043,0.042,0.043,1541207
GPR,20070725,0.34,0.34,0.34,0.34,40000
GPT,20070725,4.78,4.83,4.73,4.78,8155384
GQH,20070725,0.78,0.78,0.78,0.78,1000
GRD,20070725,2.88,2.9,2.82,2.9,211468
GRK,20070725,0.135,0.135,0.13,0.135,525100
GRL,20070725,0.285,0.285,0.285,0.285,115737
GRR,20070725,2.5,2.54,2.48,2.53,523467
GRV,20070725,0.52,0.6,0.52,0.6,8200
GRY,20070725,0.44,0.44,0.415,0.415,179741
GSE,20070725,0.1,0.1,0.096,0.096,358403
GSF,20070725,0.032,0.032,0.029,0.031,7825000
GTE,20070725,0.26,0.26,0.24,0.24,144065
GTG,20070725,0.14,0.145,0.14,0.145,23000
GTP,20070725,2.66,2.82,2.61,2.67,1773701
GTX,20070725,0.135,0.135,0.125,0.125,100350
GUD,20070725,11.45,11.58,11.24,11.52,156667
GUJ,20070725,0.35,0.35,0.35,0.35,58666
GUL,20070725,0.085,0.085,0.085,0.085,200000
GUN,20070725,0.295,0.3,0.28,0.29,580886
GVM,20070725,1.15,1.15,1.15,1.15,219
GWR,20070725,2.3,2.3,2.2,2.25,65825
GWT,20070725,4.45,4.51,4.39,4.39,208541
GWV,20070725,0.081,0.081,0.081,0.081,4000
GXL,20070725,1.76,1.76,1.76,1.76,9612
GXY,20070725,0.69,0.71,0.685,0.69,47000
GZL,20070725,2.46,2.46,2.46,2.46,3600
HAN,20070725,25,25,25,25,220
HAO,20070725,0.038,0.038,0.036,0.036,150000
HAP,20070725,1.295,1.295,1.27,1.27,97771
HAV,20070725,2.59,2.6,2.55,2.6,30583
HAZ,20070725,0.29,0.29,0.285,0.285,82600
HCY,20070725,0.027,0.027,0.026,0.026,6362863
HDF,20070725,3.7,3.74,3.66,3.71,243008
HDG,20070725,0.6,0.6,0.6,0.6,5000
HDN,20070725,0.265,0.29,0.265,0.29,66886
HEG,20070725,0.155,0.16,0.155,0.16,332912
HEM,20070725,0.22,0.22,0.215,0.22,112000
HER,20070725,1.51,1.53,1.5,1.53,171692
HFA,20070725,2.8,3.07,2.8,3,659391
HGI,20070725,3.85,3.93,3.84,3.89,1091796
HGN,20070725,0.52,0.52,0.52,0.52,44900
HGO,20070725,0.52,0.52,0.505,0.52,1215837
HGR,20070725,0.015,0.015,0.013,0.015,14766000
HHL,20070725,15.95,16,15.95,16,620
HHM,20070725,0.34,0.34,0.34,0.34,14100
HHV,20070725,1.185,1.19,1.175,1.175,781066
HHY,20070725,2.11,2.12,2.1,2.11,110339
HIC,20070725,0.95,0.95,0.945,0.945,21000
HIG,20070725,0.19,0.195,0.19,0.195,853609
HII,20070725,0.38,0.38,0.38,0.38,5550
HIL,20070725,5.97,6,5.93,5.97,127104
HJB,20070725,0.28,0.28,0.28,0.28,36000
HLX,20070725,0.25,0.26,0.23,0.26,1398525
HMC,20070725,0.08,0.08,0.08,0.08,60974
HME,20070725,13.55,13.55,13.5,13.53,11184
HNG,20070725,2.22,2.22,2.22,2.22,1000
HNR,20070725,0.55,0.55,0.49,0.49,768576
HPX,20070725,2.76,2.78,2.74,2.78,229585
HRD,20070725,0.115,0.115,0.115,0.115,5000
HRR,20070725,1.09,1.17,1.07,1.15,216180
HRS,20070725,0.14,0.145,0.14,0.145,153000
HSK,20070725,1.7,1.7,1.7,1.7,2025
HSN,20070725,0.305,0.31,0.305,0.31,26971
HSP,20070725,5.5,5.55,5.47,5.5,385985
HST,20070725,4.3,4.3,4.18,4.24,169349
HTA,20070725,0.175,0.175,0.165,0.17,989455
HTI,20070725,0.3,0.31,0.295,0.3,357885
HTM,20070725,0.065,0.07,0.065,0.07,460967
HTW,20070725,0.64,0.64,0.625,0.625,67452
HVN,20070725,5.26,5.33,5.14,5.28,1872006
HWG,20070725,0.225,0.225,0.225,0.225,7769
HWI,20070725,3,3,2.97,2.98,843418
HYO,20070725,0.25,0.25,0.245,0.245,213779
HZN,20070725,0.39,0.39,0.38,0.39,231420
IAG,20070725,5.98,6,5.93,5.94,6591932
IAS,20070725,0.32,0.32,0.32,0.32,9100
IAT,20070725,0.063,0.063,0.061,0.061,16000
IAU,20070725,0.5,0.5,0.46,0.46,34122
IBA,20070725,1.095,1.155,1.09,1.11,4125410
IBC,20070725,0.645,0.645,0.645,0.645,9760
IBG,20070725,0.96,1,0.96,1,57000
IBT,20070725,2.04,2.04,2,2,32909
ICC,20070725,0.14,0.145,0.14,0.145,203663
ICD,20070725,0.63,0.63,0.62,0.62,34000
ICE,20070725,0.009,0.009,0.008,0.008,791111
ICH,20070725,0.26,0.26,0.26,0.26,23000
ICN,20070725,0.058,0.059,0.057,0.058,441262
ICP,20070725,0.125,0.13,0.125,0.125,4604874
ICS,20070725,0.32,0.325,0.31,0.315,198500
IDL,20070725,0.44,0.44,0.435,0.44,1729209
IDM,20070725,0.5,0.5,0.5,0.5,883933
IDO,20070725,1.45,1.51,1.45,1.5,122898
IDT,20070725,2.21,2.25,2.19,2.19,10749
IEF,20070725,1.315,1.32,1.3,1.3,48063
IFC,20070725,0.3,0.3,0.27,0.27,58500
IFE,20070725,1.66,1.72,1.57,1.72,413755
IFL,20070725,10.74,10.9,10.74,10.84,187894
IFM,20070725,0.645,0.65,0.64,0.645,402358
IGC,20070725,0.335,0.34,0.33,0.34,199885
IGO,20070725,6.6,6.66,6.42,6.52,448057
IGR,20070725,0.185,0.19,0.18,0.185,915483
IHF,20070725,1.12,1.14,1.12,1.14,18581
IIF,20070725,2.6,2.62,2.6,2.61,14215475
IIG,20070725,0.016,0.016,0.015,0.015,2072501
III,20070725,0.4,0.4,0.37,0.37,35336
IIN,20070725,1.87,1.91,1.865,1.88,263299
ILF,20070725,1.335,1.34,1.33,1.34,647977
ILU,20070725,6.28,6.29,6.19,6.21,1137444
IMA,20070725,2.55,2.55,2.49,2.5,87766
IMD,20070725,1.565,1.6,1.555,1.565,126427
IMF,20070725,0.68,0.68,0.68,0.68,2900
IMI,20070725,0.032,0.033,0.031,0.033,6942368
IML,20070725,0.057,0.057,0.057,0.057,148800
IMP,20070725,0.02,0.02,0.019,0.02,22322904
IMU,20070725,0.26,0.26,0.25,0.25,73534
INL,20070725,0.155,0.165,0.155,0.16,3554834
INP,20070725,0.335,0.4,0.335,0.4,3363084
INR,20070725,0.525,0.525,0.525,0.525,10500
INT,20070725,0.032,0.032,0.031,0.032,3260748
IOF,20070725,1.77,1.775,1.74,1.765,4759858
IOH,20070725,0.9,1.03,0.85,0.98,1918998
IPA,20070725,0.705,0.705,0.7,0.7,15000
IPE,20070725,1.085,1.085,1.085,1.085,500
IPG,20070725,2.96,2.96,2.95,2.96,12123387
IPL,20070725,73,73.09,72.05,72.47,211761
IPM,20070725,1.52,1.54,1.51,1.52,205896
IPN,20070725,0.335,0.335,0.335,0.335,10000
IPR,20070725,0.17,0.17,0.16,0.16,351297
IPT,20070725,0.295,0.295,0.295,0.295,19000
IPX,20070725,1.14,1.14,1.14,1.14,131000
IRC,20070725,0.355,0.355,0.355,0.355,25000
IRE,20070725,8.96,8.99,8.82,8.9,153915
IRI,20070725,0.445,0.445,0.44,0.44,30000
IRL,20070725,0.295,0.31,0.285,0.29,475000
IRM,20070725,0.18,0.185,0.175,0.175,145000
IRN,20070725,1.095,1.1,1.07,1.075,464544
ISS,20070725,0.68,0.69,0.67,0.68,254160
ITC,20070725,0.073,0.074,0.071,0.073,1034000
ITD,20070725,0.34,0.35,0.34,0.35,52400
ITE,20070725,0.12,0.125,0.12,0.12,285899
ITT,20070725,0.225,0.225,0.21,0.21,41500
ITX,20070725,0.95,1.12,0.95,1.12,28300
IUL,20070725,0.17,0.17,0.17,0.17,12000
IVC,20070725,6.24,6.29,6.23,6.23,122832
IVK,20070725,6.13,6.25,6.13,6.25,9500
IWI,20070725,1.55,1.55,1.55,1.55,2520
IWL,20070725,5.99,6.1,5.97,6.1,87476
JAK,20070725,0.175,0.18,0.175,0.175,120000
JBH,20070725,11.53,11.64,11.34,11.35,635540
JBM,20070725,16.8,16.99,16.76,16.79,400321
JET,20070725,2.24,2.24,2.17,2.2,46542
JGL,20070725,0.205,0.205,0.2,0.2,355934
JHX,20070725,8.29,8.47,8.28,8.3,7394789
JMB,20070725,1.39,1.39,1.39,1.39,20000
JML,20070725,1.56,1.56,1.5,1.55,752712
JMS,20070725,0.265,0.27,0.255,0.27,1126340
JPR,20070725,0.215,0.22,0.205,0.22,862800
JRL,20070725,1.96,1.96,1.94,1.94,14975
JRV,20070725,0.023,0.024,0.023,0.023,10037335
JST,20070725,4.73,4.82,4.73,4.78,397712
JUM,20070725,0.031,0.033,0.03,0.032,421118
JUT,20070725,0.255,0.255,0.255,0.255,162000
JVG,20070725,0.165,0.165,0.165,0.165,50000
KAL,20070725,0.105,0.105,0.097,0.1,1858527
KAR,20070725,2.5,2.5,2.35,2.42,217193
KAS,20070725,0.445,0.445,0.44,0.44,248885
KCN,20070725,5.01,5.19,5,5.15,238256
KEY,20070725,0.245,0.245,0.23,0.23,225300
KGL,20070725,0.14,0.14,0.14,0.14,72801
KHF,20070725,0.18,0.18,0.18,0.18,4980
KIL,20070725,1.335,1.35,1.335,1.345,317176
KIM,20070725,0.68,0.685,0.675,0.68,14286827
KKT,20070725,0.15,0.15,0.15,0.15,20000
KLM,20070725,0.83,0.83,0.8,0.81,59500
KME,20070725,1.33,1.33,1.3,1.33,52000
KML,20070725,0.185,0.185,0.175,0.175,56322
KMN,20070725,0.98,0.98,0.95,0.96,197558
KOR,20070725,0.555,0.56,0.545,0.545,137600
KOV,20070725,5.81,5.81,5.81,5.81,900
KRS,20070725,0.295,0.295,0.28,0.28,107240
KSC,20070725,3.41,3.41,3.38,3.39,11211
KSO,20070725,0.215,0.215,0.215,0.215,372500
KSX,20070725,0.235,0.265,0.23,0.265,6716476
KTL,20070725,0.045,0.055,0.044,0.048,2019905
KYC,20070725,0.34,0.34,0.335,0.335,79650
KZL,20070725,6.59,6.67,6.47,6.51,758127
LAF,20070725,0.039,0.052,0.039,0.049,32238828
LBT,20070725,0.26,0.26,0.26,0.26,46502
LBY,20070725,0.2,0.2,0.2,0.2,45000
LCL,20070725,0.785,0.8,0.785,0.785,96760
LCT,20070725,0.125,0.13,0.125,0.125,85442
LEF,20070725,0.27,0.27,0.265,0.265,37999
LEG,20070725,0.083,0.088,0.083,0.085,4298604
LEI,20070725,39,40.55,38.15,40.16,900378
LEP,20070725,4.16,4.24,4.16,4.24,532659
LFE,20070725,0.58,0.58,0.545,0.57,202096
LGD,20070725,0.46,0.47,0.46,0.47,54450
LGL,20070725,3.16,3.16,3.12,3.13,12321268
LGO,20070725,0.028,0.028,0.028,0.028,1080000
LIC,20070725,0.16,0.16,0.16,0.16,12500
LIN,20070725,0.5,0.5,0.5,0.5,14000
LIO,20070725,0.16,0.16,0.16,0.16,1000
LIP,20070725,0.785,0.785,0.78,0.785,39769
LKE,20070725,0.16,0.16,0.16,0.16,14000
LKO,20070725,0.015,0.016,0.014,0.014,98045544
LLC,20070725,18.69,19.14,18.69,19.06,3419329
LMC,20070725,2.55,2.57,2.55,2.57,2960
LMG,20070725,0.021,0.022,0.02,0.02,745000
LMP,20070725,0.095,0.096,0.09,0.09,1177062
LMW,20070725,0.7,0.71,0.7,0.71,42278
LNC,20070725,0.77,0.78,0.75,0.765,714763
LNG,20070725,0.725,0.725,0.7,0.7,91988
LNN,20070725,9.02,9.1,8.91,8.94,565130
LPL,20070725,0.19,0.19,0.185,0.185,125000
LPM,20070725,0.16,0.16,0.16,0.16,26430
LRF,20070725,1.53,1.53,1.51,1.52,220886
LRG,20070725,0.034,0.035,0.034,0.034,12801
LSL,20070725,0.025,0.03,0.025,0.03,5078543
LST,20070725,1.83,1.835,1.81,1.82,139839
LTR,20070725,0.34,0.34,0.32,0.325,343125
LUM,20070725,0.015,0.016,0.015,0.016,625000
LWB,20070725,1.71,1.71,1.7,1.7,8000
LYC,20070725,1.46,1.485,1.455,1.46,2073625
LYL,20070725,3.8,3.88,3.8,3.88,282934
MAE,20070725,1.54,1.565,1.5,1.5,458837
MAH,20070725,1.32,1.33,1.305,1.305,521021
MAK,20070725,0.395,0.41,0.37,0.405,897532
MAL,20070725,0.57,0.57,0.57,0.57,15000
MAN,20070725,0.033,0.037,0.033,0.037,6559055
MAP,20070725,4.27,4.33,4.27,4.28,4343137
MAR,20070725,0.38,0.39,0.37,0.39,164834
MAU,20070725,0.28,0.28,0.28,0.28,445
MBA,20070725,0.11,0.11,0.11,0.11,85000
MBI,20070725,0.006,0.007,0.006,0.006,8728119
MBL,20070725,87.5,88,86.95,87,2585757
MBN,20070725,5.5,5.52,5.36,5.52,65962
MBP,20070725,0.15,0.15,0.145,0.15,1198968
MBR,20070725,2.05,2.09,2,2.02,956248
MBT,20070725,1.485,1.485,1.485,1.485,14610
MCC,20070725,6.96,7.14,6.88,6.99,786077
MCG,20070725,6.11,6.11,5.98,5.98,1027526
MCK,20070725,4,4.05,4,4.05,20500
MCL,20070725,0.042,0.046,0.04,0.045,5362065
MCP,20070725,3.95,3.98,3.8,3.94,68457
MCQ,20070725,4.12,4.13,4.02,4.1,90689
MCR,20070725,4,4.05,3.89,3.98,1352494
MCU,20070725,1.235,1.24,1.195,1.23,237441
MCW,20070725,2.05,2.06,2.03,2.05,3850058
MDE,20070725,1.16,1.16,1.16,1.16,59
MDL,20070725,1.49,1.5,1.48,1.5,562180
MDS,20070725,0.16,0.16,0.155,0.155,72067
MDT,20070725,1.26,1.26,1.24,1.26,2503261
MDV,20070725,0.041,0.041,0.041,0.041,124600
MDX,20070725,0.13,0.13,0.13,0.13,10000
MEE,20070725,0.2,0.2,0.195,0.195,151770
MEI,20070725,0.195,0.195,0.19,0.19,129000
MEL,20070725,1.08,1.14,1.06,1.1,1107661
MEO,20070725,1.25,1.255,1.22,1.255,1167606
MEP,20070725,0.87,0.87,0.87,0.87,1150
MFF,20070725,0.93,0.93,0.925,0.93,404322
MFG,20070725,2.01,2.06,2.01,2.06,80001
MFI,20070725,0.7,0.7,0.69,0.69,171135
MFS,20070725,5.9,5.92,5.81,5.91,1157344
MFT,20070725,0.94,0.94,0.915,0.935,247340
MGK,20070725,0.08,0.08,0.075,0.078,734846
MGO,20070725,0.4,0.41,0.39,0.41,269768
MGR,20070725,5.56,5.64,5.54,5.59,5755100
MGU,20070725,0.375,0.375,0.34,0.35,2840007
MGW,20070725,2.15,2.16,2.12,2.15,276936
MGX,20070725,1.64,1.665,1.615,1.63,3910761
MGZ,20070725,0.12,0.125,0.12,0.125,32800
MHL,20070725,0.038,0.038,0.036,0.036,3155154
MIG,20070725,3.48,3.48,3.39,3.39,6801977
MIK,20070725,0.435,0.5,0.43,0.48,1056150
MIN,20070725,3.54,3.61,3.5,3.54,142804
MIR,20070725,2.66,2.66,2.6,2.6,20700
MIS,20070725,3.65,3.68,3.58,3.64,478915
MIT,20070725,2.14,2.17,2.13,2.13,75450
MIX,20070725,1.03,1.035,1.025,1.025,3369291
MKY,20070725,0.068,0.068,0.064,0.067,5064484
MLB,20070725,3.85,3.85,3.72,3.75,140830
MLE,20070725,3.2,3.24,3.2,3.22,410227
MLI,20070725,0.715,0.725,0.695,0.715,395295
MLM,20070725,0.86,0.92,0.855,0.88,248199
MLS,20070725,0.089,0.092,0.088,0.09,5344990
MLT,20070725,23.94,23.94,23.9,23.9,2439
MLX,20070725,0.42,0.43,0.415,0.43,3263711
MMA,20070725,1.05,1.055,1.05,1.05,341977
MMB,20070725,0.38,0.385,0.38,0.38,64127
MMG,20070725,4.56,4.62,4.55,4.58,384947
MML,20070725,1.48,1.48,1.46,1.48,40425
MMN,20070725,0.295,0.305,0.295,0.295,98319
MMR,20070725,0.12,0.12,0.12,0.12,18550
MMS,20070725,5.15,5.18,5.14,5.18,31170
MMX,20070725,5.9,5.98,5.79,5.94,2734473
MND,20070725,16.22,16.22,15.8,16.05,227696
MNM,20070725,0.2,0.2,0.2,0.2,16000
MOC,20070725,3,3,2.97,2.97,22567
MOD,20070725,0.032,0.032,0.032,0.032,795016
MOF,20070725,1.6,1.62,1.595,1.605,8986637
MOG,20070725,0.11,0.12,0.11,0.11,1025178
MOL,20070725,6.5,6.72,6.49,6.52,72519
MON,20070725,0.325,0.33,0.32,0.325,641013
MOO,20070725,0.23,0.23,0.22,0.22,234400
MOS,20070725,0.18,0.18,0.17,0.175,3979867
MOX,20070725,0.73,0.73,0.72,0.72,59794
MPA,20070725,0.018,0.019,0.016,0.019,4072135
MPD,20070725,0.036,0.037,0.036,0.037,295000
MPF,20070725,1.35,1.35,1.32,1.32,94847
MPG,20070725,0.87,0.88,0.855,0.88,126877
MPH,20070725,0.49,0.49,0.47,0.48,232436
MPJ,20070725,0.009,0.01,0.008,0.009,31070789
MPO,20070725,0.31,0.325,0.305,0.32,7776407
MPS,20070725,1.11,1.11,1.09,1.095,146000
MPY,20070725,0.925,0.94,0.92,0.93,325223
MRA,20070725,0.905,0.91,0.9,0.9,227303
MRC,20070725,0.24,0.24,0.24,0.24,62000
MRE,20070725,7.03,7.09,6.85,7.07,1343218
MRM,20070725,1.9,1.92,1.86,1.86,149180
MRO,20070725,1.5,1.5,1.48,1.48,36500
MRU,20070725,1.045,1.055,0.97,1.055,106226
MRX,20070725,0.14,0.18,0.14,0.18,36604818
MRY,20070725,0.046,0.046,0.045,0.045,1000000
MRZ,20070725,1.425,1.43,1.4,1.425,339765
MSB,20070725,2.05,2.05,1.97,2,42129
MSC,20070725,0.019,0.02,0.019,0.019,10497906
MSF,20070725,3.28,3.28,3.2,3.2,21111
MSH,20070725,0.083,0.085,0.083,0.084,730000
MSL,20070725,2.6,2.66,2.6,2.64,29500
MSN,20070725,0.2,0.2,0.195,0.195,237500
MST,20070725,0.13,0.15,0.13,0.14,4920502
MTB,20070725,0.092,0.093,0.091,0.091,435803
MTD,20070725,0.16,0.165,0.16,0.165,312603
MTH,20070725,0.34,0.34,0.335,0.34,70000
MTI,20070725,0.033,0.038,0.033,0.038,77000
MTN,20070725,5.58,5.58,5.3,5.48,246750
MTS,20070725,4.63,4.64,4.56,4.59,3470065
MTU,20070725,0.995,0.995,0.97,0.97,94640
MUE,20070725,0.98,0.98,0.97,0.97,277884
MUM,20070725,0.49,0.505,0.49,0.505,635982
MUN,20070725,0.66,0.665,0.635,0.65,456967
MUR,20070725,0.135,0.155,0.135,0.15,5672656
MUT,20070725,0.033,0.033,0.033,0.033,200000
MVH,20070725,0.27,0.27,0.265,0.27,152760
MVP,20070725,0.62,0.62,0.62,0.62,8000
MWE,20070725,0.315,0.335,0.31,0.33,2051230
MWG,20070725,0.975,0.99,0.96,0.96,85492
MWR,20070725,0.18,0.2,0.18,0.2,413000
MXG,20070725,4.97,4.99,4.97,4.98,4530293
MXI,20070725,0.68,0.705,0.68,0.7,163025
MXL,20070725,0.053,0.057,0.053,0.055,205000
MXR,20070725,0.34,0.345,0.315,0.325,254977
MYG,20070725,0.2,0.2,0.195,0.195,65000
MYO,20070725,1.225,1.225,1.2,1.205,161067
MZM,20070725,0.31,0.31,0.285,0.285,60000
NAB,20070725,40.2,40.29,40,40,3298447
NAD,20070725,0.043,0.044,0.041,0.041,7717145
NAE,20070725,0.25,0.25,0.25,0.25,50000
NAL,20070725,0.055,0.057,0.054,0.054,2718350
NAM,20070725,0.62,0.63,0.62,0.625,122435
NAN,20070725,0.73,0.73,0.7,0.72,201950
NAV,20070725,1.05,1.08,1.02,1.08,162090
NBL,20070725,4.6,4.68,4.6,4.68,8167
NCI,20070725,1.8,1.8,1.8,1.8,1500
NCK,20070725,2.59,2.59,2.59,2.59,370
NCM,20070725,25.99,26.54,25.8,26.09,2469763
NDM,20070725,0.255,0.255,0.255,0.255,50000
NDO,20070725,0.29,0.29,0.285,0.29,607500
NEC,20070725,1.06,1.065,1.05,1.06,101969
NEL,20070725,3.91,3.91,3.89,3.9,13166
NEM,20070725,4.94,4.97,4.92,4.94,144748
NEO,20070725,0.14,0.14,0.13,0.135,1686907
NEU,20070725,0.355,0.355,0.35,0.35,136940
NFL,20070725,0.49,0.5,0.47,0.475,414568
NGF,20070725,0.3,0.3,0.29,0.29,231200
NGM,20070725,0.64,0.64,0.59,0.6,279496
NGY,20070725,0.11,0.11,0.105,0.105,110835
NHC,20070725,2.16,2.29,2.16,2.28,295637
NHR,20070725,1.66,1.67,1.65,1.65,10220
NKP,20070725,1.14,1.18,1.14,1.16,446444
NLB,20070725,0.5,0.615,0.5,0.615,74295
NLG,20070725,0.35,0.35,0.345,0.35,259849
NLX,20070725,1.5,1.5,1.47,1.49,36398
NMI,20070725,0.21,0.21,0.205,0.205,215007
NMR,20070725,0.6,0.6,0.58,0.58,118550
NMS,20070725,1.055,1.07,1.04,1.06,205608
NOD,20070725,3,3.04,2.96,3.04,168203
NPH,20070725,4.19,4.19,4.19,4.19,120
NPX,20070725,6.25,6.25,6.25,6.25,3000
NQM,20070725,0.3,0.3,0.29,0.29,101600
NRL,20070725,0.2,0.2,0.18,0.18,122750
NRT,20070725,1.98,2.02,1.925,2.01,122237
NRU,20070725,0.23,0.24,0.23,0.235,299351
NSP,20070725,0.3,0.34,0.285,0.285,55458
NSX,20070725,0.485,0.485,0.475,0.475,154459
NTU,20070725,0.955,0.96,0.955,0.955,21573
NUF,20070725,13,13.23,12.63,13.2,499613
NUP,20070725,0.52,0.52,0.485,0.505,49590
NWA,20070725,0.018,0.018,0.018,0.018,1600000
NWE,20070725,0.33,0.335,0.325,0.325,1181526
NWK,20070725,0.22,0.22,0.22,0.22,10000
NWR,20070725,0.29,0.295,0.29,0.295,139000
NWS,20070725,27.25,27.55,27.17,27.21,1913287
NWT,20070725,0.005,0.006,0.005,0.005,2840000
NXS,20070725,1.615,1.655,1.595,1.655,1863822
NZO,20070725,1.1,1.14,1.1,1.12,111155
OAK,20070725,1.95,1.96,1.95,1.96,11141
OBJ,20070725,0.056,0.056,0.055,0.055,433500
OBL,20070725,0.145,0.15,0.14,0.14,166779
OCL,20070725,0.74,0.74,0.74,0.74,3000
OCO,20070725,0.06,0.062,0.058,0.062,881536
ODY,20070725,0.62,0.63,0.605,0.63,47000
OEC,20070725,0.36,0.36,0.345,0.355,1102928
OEQ,20070725,1.41,1.41,1.4,1.4,14000
OEX,20070725,1.57,1.57,1.51,1.55,567844
OFG,20070725,2.1,2.1,2.07,2.07,5748
OGC,20070725,3.75,3.79,3.71,3.78,213974
OHL,20070725,0.115,0.115,0.115,0.115,2000
OIF,20070725,0.95,0.95,0.94,0.95,1841833
OIL,20070725,0.54,0.54,0.52,0.535,153280
OKN,20070725,5.62,5.63,5.57,5.62,198101
OKU,20070725,0.275,0.275,0.27,0.27,115000
OLE,20070725,0.018,0.018,0.017,0.018,1462712
OLH,20070725,1.1,1.1,1.05,1.1,130190
OLY,20070725,0.094,0.095,0.091,0.091,158688
OMC,20070725,1.3,1.3,1.3,1.3,11183116
OMH,20070725,0.87,0.925,0.87,0.91,821688
OMI,20070725,0.64,0.65,0.64,0.64,9208
ONC,20070725,0.355,0.355,0.34,0.345,23500
OPI,20070725,0.038,0.038,0.038,0.038,72556
ORC,20070725,0.039,0.039,0.039,0.039,8100
ORD,20070725,0.51,0.61,0.51,0.61,511315
ORG,20070725,9.41,9.67,9.37,9.56,2954816
ORH,20070725,0.12,0.12,0.115,0.115,80000
ORI,20070725,30.66,30.72,30.25,30.3,1301668
ORL,20070725,3.21,3.21,3.21,3.21,2000
ORO,20070725,0.025,0.025,0.024,0.024,450000
ORP,20070725,0.077,0.077,0.071,0.071,539500
OSH,20070725,4,4.04,3.95,3.98,12842355
OST,20070725,7.08,7.09,7.02,7.07,1863105
OTL,20070725,0.26,0.26,0.255,0.255,46875
OVR,20070725,0.885,0.96,0.885,0.945,343917
OXR,20070725,3.98,4.01,3.93,3.96,12501429
OZB,20070725,0.1,0.1,0.1,0.1,45000
PAA,20070725,0.07,0.07,0.07,0.07,50000
PAB,20070725,0.64,0.65,0.63,0.63,60000
PAU,20070725,0.094,0.094,0.094,0.094,20000
PBA,20070725,1.035,1.11,1.035,1.11,13405
PBD,20070725,2.05,2.07,2.03,2.06,646992
PBG,20070725,3.61,3.7,3.58,3.6,2491820
PBL,20070725,18.9,18.9,18.6,18.75,7681451
PBP,20070725,1.25,1.25,1.25,1.25,25000
PCC,20070725,0.038,0.038,0.038,0.038,42000
PCG,20070725,1.03,1.035,1.025,1.035,143621
PCL,20070725,0.077,0.08,0.075,0.075,964275
PCP,20070725,0.078,0.078,0.075,0.075,51411
PDM,20070725,0.16,0.165,0.16,0.165,342626
PDN,20070725,7.98,8.13,7.92,8.01,3617892
PDO,20070725,0.8,0.81,0.785,0.81,933033
PDZ,20070725,0.935,0.96,0.905,0.94,584732
PEA,20070725,0.63,0.66,0.63,0.66,13500
PEL,20070725,0.39,0.435,0.39,0.435,35220
PEM,20070725,5.03,5.06,4.94,4.99,974039
PEN,20070725,0.071,0.071,0.069,0.07,4204653
PEO,20070725,0.068,0.068,0.068,0.068,70000
PEP,20070725,0.89,0.93,0.885,0.93,422601
PES,20070725,0.78,0.78,0.76,0.77,168493
PEV,20070725,0.115,0.115,0.115,0.115,74722
PEX,20070725,0.375,0.4,0.375,0.4,4700
PFG,20070725,1.13,1.18,1.12,1.165,39583
PFL,20070725,1.57,1.585,1.57,1.585,51105
PGA,20070725,6.42,6.85,6.42,6.5,67349
PGL,20070725,4.35,4.35,4.29,4.29,240334
PGM,20070725,0.86,0.91,0.86,0.91,72350
PGS,20070725,0.375,0.375,0.365,0.365,259690
PHK,20070725,0.315,0.32,0.315,0.32,119487
PHL,20070725,0.405,0.405,0.405,0.405,4
PIE,20070725,0.1,0.1,0.098,0.1,509000
PIM,20070725,1.01,1.01,1.01,1.01,4500
PIO,20070725,0.19,0.19,0.185,0.185,138000
PKT,20070725,0.074,0.074,0.067,0.07,2668821
PLA,20070725,2.05,2.1,2.05,2.1,121196
PLB,20070725,1.43,1.47,1.43,1.47,44872
PLD,20070725,0.305,0.31,0.29,0.29,59160
PLF,20070725,1.15,1.16,1.15,1.15,664977
PLT,20070725,0.53,0.53,0.515,0.515,137334
PLV,20070725,1.345,1.415,1.31,1.4,173151
PMA,20070725,2.28,2.3,2.22,2.3,40290
PMC,20070725,2.04,2.1,2.01,2.1,58291
PME,20070725,1.35,1.35,1.35,1.35,67000
PMH,20070725,0.35,0.355,0.35,0.35,126256
PMM,20070725,10,10.49,9.66,10.19,71305
PMP,20070725,1.7,1.715,1.695,1.705,340743
PMV,20070725,8.8,8.8,8.8,8.8,500
PNA,20070725,0.765,0.78,0.75,0.76,5798069
PNN,20070725,1.63,1.64,1.6,1.6,74418
PNW,20070725,0.034,0.034,0.034,0.034,45083
POH,20070725,0.31,0.315,0.305,0.315,213590
POL,20070725,0.61,0.625,0.6,0.625,300356
POS,20070725,1.725,1.775,1.64,1.67,640065
PPC,20070725,3.99,4,3.98,3.99,203555
PPD,20070725,0.185,0.195,0.185,0.185,59300
PPG,20070725,0.46,0.46,0.46,0.46,3268
PPK,20070725,0.825,0.825,0.825,0.825,1000
PPP,20070725,0.345,0.36,0.345,0.36,1936723
PPS,20070725,0.92,0.92,0.9,0.9,45500
PPT,20070725,80.69,81,80.01,80.31,83583
PPX,20070725,3.33,3.39,3.32,3.36,1478369
PPY,20070725,0.81,0.85,0.8,0.85,18000
PRC,20070725,0.85,0.88,0.84,0.855,398884
PRE,20070725,0.037,0.037,0.036,0.036,1959088
PRG,20070725,5.86,6.01,5.86,6,118078
PRO,20070725,0.4,0.42,0.4,0.42,19900
PRR,20070725,0.025,0.025,0.024,0.025,1322714
PRT,20070725,3.65,3.67,3.65,3.65,113312
PRU,20070725,1.26,1.33,1.23,1.33,361044
PRV,20070725,1.22,1.22,1.21,1.22,317050
PRW,20070725,0.25,0.25,0.25,0.25,5000
PRY,20070725,12.38,12.38,12.27,12.3,243555
PRZ,20070725,0.17,0.175,0.16,0.175,82600
PSA,20070725,1.685,1.695,1.675,1.685,927329
PSD,20070725,0.14,0.145,0.135,0.14,772756
PSH,20070725,1.58,1.6,1.58,1.59,85378
PSP,20070725,0.17,0.17,0.16,0.165,468000
PST,20070725,0.79,0.79,0.76,0.76,50800
PSV,20070725,0.13,0.13,0.125,0.125,5123535
PTD,20070725,1.5,1.525,1.49,1.525,318092
PTM,20070725,7.09,7.1,7.02,7.08,422957
PTR,20070725,0.945,0.975,0.94,0.975,96505
PTS,20070725,0.26,0.27,0.26,0.27,97888
PUN,20070725,0.185,0.185,0.185,0.185,35000
PVE,20070725,1.65,1.65,1.61,1.61,44304
PWK,20070725,4.2,4.28,4.2,4.25,61034
PWR,20070725,0.23,0.23,0.23,0.23,667
PXL,20070725,0.46,0.46,0.4,0.425,1117384
PXR,20070725,0.18,0.19,0.18,0.19,3000
PXS,20070725,3.41,3.5,3.37,3.39,3135533
PYC,20070725,0.3,0.3,0.29,0.3,127201
PYM,20070725,0.42,0.44,0.42,0.425,95000
QAN,20070725,5.78,5.83,5.75,5.77,10289261
QBE,20070725,31,31.48,30.97,31.22,1994123
QED,20070725,0.039,0.039,0.036,0.037,335000
QFX,20070725,0.23,0.235,0.23,0.235,242291
QGC,20070725,2.93,2.96,2.91,2.93,649430
QHL,20070725,0.86,0.88,0.835,0.88,113756
QMG,20070725,0.27,0.27,0.26,0.26,100093
QML,20070725,0.33,0.33,0.3,0.33,176000
QMT,20070725,3.05,3.05,3.05,3.05,3538
QOL,20070725,0.405,0.42,0.395,0.42,609697
QRX,20070725,1.86,1.9,1.85,1.85,53000
QTK,20070725,0.096,0.1,0.09,0.1,433100
QTM,20070725,0.097,0.097,0.096,0.096,27500
QUR,20070725,0.036,0.038,0.034,0.038,782922
RAT,20070725,1.07,1.075,1.06,1.06,3283651
RAU,20070725,0.04,0.042,0.038,0.04,35347095
RBM,20070725,0.13,0.13,0.12,0.125,2901200
RBR,20070725,0.15,0.15,0.14,0.145,93339
RBY,20070725,0.022,0.024,0.022,0.024,110000
RCI,20070725,0.21,0.215,0.21,0.215,321387
RCO,20070725,0.97,1,0.96,1,22700
RCR,20070725,2.17,2.18,2.17,2.18,19000
RCT,20070725,3.85,3.85,3.84,3.85,11000
RCY,20070725,0.88,0.88,0.87,0.875,263363
RDF,20070725,3.22,3.23,3.15,3.16,77654
RDM,20070725,0.405,0.405,0.385,0.4,407700
RDR,20070725,0.605,0.65,0.59,0.65,329142
RDS,20070725,1.28,1.33,1.28,1.33,6100
REA,20070725,5.75,5.75,5.65,5.68,19550
REF,20070725,5.8,5.85,5.73,5.8,20615
REH,20070725,27.98,27.98,27.6,27.6,3100
REU,20070725,0.99,0.99,0.975,0.975,1242272
REX,20070725,2.63,2.69,2.6,2.6,123755
REY,20070725,0.115,0.115,0.105,0.105,50000
RFE,20070725,0.535,0.55,0.535,0.55,2103385
RFG,20070725,1.68,1.7,1.68,1.7,15000
RGP,20070725,0.12,0.12,0.11,0.11,56417
RHC,20070725,11.32,11.39,11.3,11.35,266762
RHD,20070725,0.65,0.65,0.64,0.65,107662
RHI,20070725,2.76,2.8,2.76,2.8,15400
RHL,20070725,3.95,3.95,3.95,3.95,5763
RHT,20070725,0.013,0.013,0.013,0.013,200000
RIA,20070725,0.65,0.665,0.54,0.65,77380
RIC,20070725,1.09,1.105,1.09,1.09,1256016
RIM,20070725,0.059,0.059,0.056,0.058,722174
RIO,20070725,97.45,98.11,97.12,97.2,2119551
RIS,20070725,0.14,0.14,0.14,0.14,10000
RIV,20070725,3.65,3.65,3.6,3.64,313324
RJT,20070725,0.94,0.94,0.935,0.94,2080400
RKN,20070725,1.25,1.25,1.25,1.25,107354
RLC,20070725,0.22,0.22,0.21,0.21,105500
RMA,20070725,0.019,0.02,0.018,0.02,771014
RMC,20070725,0.18,0.18,0.17,0.18,20000
RMD,20070725,4.77,4.8,4.76,4.77,2034504
RMG,20070725,0.028,0.028,0.026,0.027,3912714
RMI,20070725,0.12,0.14,0.11,0.135,30810457
RML,20070725,0.51,0.51,0.5,0.51,280474
RMS,20070725,1.94,1.95,1.9,1.95,316039
RMT,20070725,1.66,1.66,1.66,1.66,4000
RNC,20070725,0.105,0.115,0.105,0.115,38600
RNG,20070725,0.084,0.084,0.082,0.083,1337037
RNY,20070725,1.155,1.2,1.15,1.165,40641
ROC,20070725,3.64,3.64,3.56,3.56,1326176
ROK,20070725,5.25,5.3,5.2,5.21,4877
ROY,20070725,0.57,0.62,0.57,0.615,475026
RPG,20070725,1.28,1.28,1.28,1.28,1550
RPM,20070725,0.062,0.063,0.059,0.063,996332
RPX,20070725,2.13,2.16,2.13,2.16,54746
RRA,20070725,0.845,0.86,0.845,0.86,340000
RRL,20070725,0.14,0.145,0.14,0.14,1969540
RRS,20070725,0.98,1.04,0.95,0.995,1947828
RRT,20070725,0.92,0.93,0.915,0.93,1088226
RSG,20070725,1.535,1.545,1.515,1.54,442322
RSL,20070725,0.028,0.028,0.028,0.028,34483
RSN,20070725,0.076,0.077,0.075,0.075,328500
RSP,20070725,1.97,1.97,1.94,1.94,653942
RUB,20070725,0.98,0.98,0.96,0.96,18000
RUR,20070725,0.23,0.23,0.23,0.23,144000
RVM,20070725,0.415,0.425,0.415,0.425,40475
RVR,20070725,0.2,0.215,0.2,0.205,150100
RWD,20070725,0.93,0.94,0.89,0.9,127014
RXL,20070725,0.37,0.375,0.37,0.375,70000
SAE,20070725,0.61,0.62,0.6,0.62,926501
SAF,20070725,0.047,0.047,0.047,0.047,20000
SAI,20070725,3.9,3.9,3.85,3.9,136427
SAQ,20070725,5.84,5.95,5.84,5.95,22000
SAR,20070725,0.415,0.42,0.415,0.42,230000
SAU,20070725,0.37,0.37,0.355,0.37,388905
SBC,20070725,17.3,17.39,17.3,17.32,220581
SBI,20070725,0.3,0.305,0.3,0.305,22747
SBL,20070725,0.036,0.037,0.035,0.035,2125000
SBM,20070725,0.595,0.615,0.59,0.59,7746633
SBR,20070725,0.4,0.4,0.38,0.38,7500
SBS,20070725,0.11,0.12,0.11,0.115,5426002
SCB,20070725,1.085,1.085,1.085,1.085,12876
SCC,20070725,0.4,0.4,0.4,0.4,10000
SCD,20070725,0.063,0.063,0.061,0.061,308906
SCE,20070725,0.022,0.022,0.022,0.022,110380
SCV,20070725,1.08,1.08,1.06,1.06,52154
SDG,20070725,4.22,4.25,4.11,4.2,314332
SDI,20070725,0.58,0.58,0.58,0.58,14700
SDL,20070725,0.535,0.56,0.5,0.56,72165783
SDM,20070725,3.73,3.73,3.64,3.66,91302
SEA,20070725,0.445,0.445,0.44,0.44,130000
SEG,20070725,0.185,0.185,0.185,0.185,6500
SEK,20070725,8.7,8.79,8.58,8.71,357029
SEN,20070725,0.115,0.12,0.11,0.115,1480578
SEV,20070725,11.35,11.56,11.33,11.51,396258
SFC,20070725,9,9.06,9,9.06,43215
SFH,20070725,1.73,1.75,1.715,1.75,270597
SFP,20070725,0.36,0.37,0.34,0.35,81913
SFR,20070725,0.4,0.4,0.38,0.38,35000
SFY,20070725,59.59,59.64,59.52,59.57,1765
SGB,20070725,34.25,34.59,34.23,34.4,1442749
SGH,20070725,1.69,1.7,1.69,1.695,231200
SGL,20070725,0.37,0.375,0.365,0.365,254061
SGM,20070725,28.3,28.7,27.74,27.75,310736
SGN,20070725,2.79,2.79,2.72,2.73,569380
SGP,20070725,8.09,8.26,8.09,8.17,3453119
SGT,20070725,2.65,2.65,2.61,2.62,3205763
SGX,20070725,6.31,6.42,6.22,6.38,1024904
SHE,20070725,0.385,0.395,0.385,0.395,16909
SHG,20070725,1.13,1.14,1.09,1.14,749146
SHL,20070725,15.15,15.3,15.15,15.25,633846
SHV,20070725,10.85,10.87,10.85,10.87,2113
SIM,20070725,0.86,0.86,0.84,0.84,314857
SIP,20070725,1.82,1.83,1.815,1.82,6761360
SIV,20070725,1.67,1.67,1.665,1.665,4229
SKC,20070725,4.49,4.54,4.48,4.54,73347
SKE,20070725,5.06,5.08,5.05,5.06,52856
SKI,20070725,1.9,1.92,1.88,1.89,4692813
SLA,20070725,1.3,1.335,1.265,1.33,182361
SLD,20070725,0.195,0.195,0.17,0.17,15591
SLF,20070725,21.59,21.76,21.55,21.66,20213
SLM,20070725,5.2,5.33,5.08,5.08,98873
SLT,20070725,0.023,0.023,0.023,0.023,345456
SLV,20070725,3.23,3.28,3.2,3.28,600925
SLX,20070725,10.66,11.03,10.66,10.86,149240
SMA,20070725,0.043,0.043,0.043,0.043,68890
SMC,20070725,0.13,0.13,0.13,0.13,103146
SML,20070725,0.05,0.054,0.045,0.054,6610415
SMM,20070725,3.73,3.75,3.65,3.75,55998
SMN,20070725,0.15,0.15,0.145,0.145,50000
SMX,20070725,5.97,6.02,5.97,6,84487
SMY,20070725,4.09,4.14,4,4.1,1217124
SMZ,20070725,0.19,0.19,0.19,0.19,60120
SNO,20070725,0.85,0.85,0.85,0.85,17000
SNU,20070725,0.275,0.28,0.27,0.275,312660
SOE,20070725,0.255,0.26,0.255,0.255,1162340
SOL,20070725,10.09,10.09,9.99,10.02,48471
SOM,20070725,0.024,0.024,0.022,0.023,2020000
SOO,20070725,0.11,0.115,0.11,0.115,100000
SOT,20070725,0.715,0.725,0.715,0.715,382952
SPH,20070725,3.62,3.62,3.25,3.55,408434
SPL,20070725,0.4,0.41,0.39,0.4,94481
SPN,20070725,1.35,1.36,1.345,1.36,4038382
SPT,20070725,4.73,4.75,4.56,4.56,326847
SRA,20070725,0.053,0.053,0.051,0.051,634000
SRH,20070725,2.69,2.7,2.59,2.59,10000
SRI,20070725,0.135,0.14,0.135,0.14,883614
SRK,20070725,2.35,2.45,2.35,2.45,393958
SRL,20070725,4.9,4.9,4.7,4.82,1056757
SRM,20070725,0.23,0.24,0.23,0.24,36000
SRR,20070725,0.2,0.2,0.19,0.19,155915
SRV,20070725,4.55,4.55,4.55,4.55,400
SRX,20070725,3.95,3.98,3.8,3.95,33838
SRZ,20070725,0.295,0.295,0.29,0.295,141000
SSC,20070725,0.046,0.046,0.044,0.044,2588774
SSI,20070725,2.28,2.4,2.21,2.4,34573
SSM,20070725,2,2.14,2,2.08,750613
SSN,20070725,0.2,0.2,0.2,0.2,169500
SSX,20070725,2.84,2.88,2.84,2.86,1979396
STB,20070725,0.195,0.195,0.195,0.195,104744
STE,20070725,0.135,0.14,0.135,0.14,71000
STG,20070725,1.65,1.65,1.64,1.65,8671
STI,20070725,0.07,0.07,0.07,0.07,101375
STO,20070725,13.85,14.05,13.7,13.78,4156563
STP,20070725,0.081,0.081,0.081,0.081,65000
STS,20070725,2.74,2.74,2.67,2.7,35729
STU,20070725,1.095,1.1,1.065,1.1,152917
STW,20070725,61.15,61.89,60.8,60.91,96164
STX,20070725,0.26,0.26,0.25,0.25,1566060
SUL,20070725,4.65,4.8,4.65,4.67,47403
SUN,20070725,20.1,20.13,20.01,20.01,2147616
SUR,20070725,0.089,0.089,0.089,0.089,33333
SVL,20070725,0.24,0.24,0.24,0.24,15000
SVM,20070725,0.535,0.55,0.535,0.535,165000
SWG,20070725,0.012,0.012,0.012,0.012,150000
SWK,20070725,1.51,1.6,1.5,1.59,122017
SWN,20070725,0.35,0.35,0.35,0.35,50000
SXP,20070725,0.38,0.43,0.38,0.41,3902266
SXX,20070725,0.093,0.093,0.093,0.093,58194
SYB,20070725,4.15,4.23,4.12,4.22,6788906
SYG,20070725,0.026,0.026,0.024,0.026,5736000
SYM,20070725,0.57,0.6,0.57,0.6,14200
SYN,20070725,0.665,0.665,0.58,0.58,43500
SYP,20070725,0.825,0.83,0.825,0.83,38498
TAH,20070725,16.75,16.95,16.71,16.83,999182
TAL,20070725,2.43,2.54,2.43,2.5,1795873
TAM,20070725,0.145,0.145,0.14,0.14,778113
TAN,20070725,0.455,0.455,0.45,0.45,4700
TAP,20070725,1.95,2,1.93,1.97,1137110
TAS,20070725,0.285,0.285,0.27,0.28,245680
TAW,20070725,0.185,0.185,0.18,0.18,29834
TBG,20070725,1.795,1.82,1.78,1.795,37600
TBR,20070725,0.98,0.98,0.945,0.975,28000
TCL,20070725,7.53,7.58,7.42,7.53,2220518
TCN,20070725,0.155,0.155,0.155,0.155,3400
TCQ,20070725,2.92,2.92,2.88,2.9,91617
TDI,20070725,0.935,0.935,0.935,0.935,2771
TDR,20070725,0.034,0.034,0.034,0.034,3705
TEE,20070725,0.018,0.018,0.018,0.018,1641998
TEL,20070725,4.38,4.45,4.38,4.42,8250330
TEN,20070725,2.74,2.76,2.72,2.75,1790213
TEX,20070725,0.22,0.22,0.205,0.21,484500
TEY,20070725,0.6,0.6,0.56,0.59,271900
TFC,20070725,1.08,1.08,1.055,1.055,59665
TFS,20070725,0.235,0.235,0.235,0.235,4500
TGF,20070725,0.545,0.55,0.545,0.55,125350
TGG,20070725,1.49,1.5,1.485,1.5,293810
TGP,20070725,2.14,2.21,2.14,2.21,641386
TGR,20070725,3.32,3.32,3.28,3.3,45696
TGS,20070725,0.755,0.78,0.755,0.76,967541
THG,20070725,1.145,1.15,1.11,1.11,83466
THK,20070725,0.285,0.285,0.265,0.275,358022
THO,20070725,1,1,1,1,12134
THR,20070725,0.325,0.325,0.32,0.325,198962
THX,20070725,0.54,0.55,0.535,0.55,66380
TIM,20070725,2.02,2.02,1.99,2,1490894
TJN,20070725,1.15,1.15,1.15,1.15,31000
TKG,20070725,0.012,0.012,0.012,0.012,775888
TLM,20070725,0.15,0.17,0.145,0.17,222384
TLS,20070725,4.75,4.76,4.71,4.74,27050772
TMR,20070725,0.335,0.355,0.33,0.355,4878927
TMX,20070725,0.245,0.25,0.24,0.25,391962
TNC,20070725,0.043,0.043,0.041,0.042,1312453
TNE,20070725,1.255,1.255,1.165,1.22,300327
TNG,20070725,0.87,0.88,0.835,0.84,319613
TNL,20070725,0.53,0.53,0.53,0.53,88325
TOE,20070725,0.905,0.905,0.89,0.89,135808
TOL,20070725,14.32,14.75,14.31,14.67,2243095
TOX,20070725,2.26,2.3,2.26,2.27,128961
TPC,20070725,0.2,0.2,0.19,0.19,63000
TPF,20070725,1.07,1.07,1.07,1.07,2800
TPI,20070725,13.75,13.95,13.08,13.88,547491
TPX,20070725,7.5,7.65,7.5,7.65,12363
TQH,20070725,0.31,0.31,0.29,0.29,99650
TRF,20070725,1.17,1.215,1.14,1.17,144306
TRG,20070725,16.38,16.38,16.26,16.3,44621
TRH,20070725,0.395,0.395,0.395,0.395,25000
TRM,20070725,0.175,0.185,0.175,0.185,159291
TRO,20070725,1.32,1.36,1.32,1.36,34500
TRS,20070725,14.7,14.72,14.36,14.4,21121
TRU,20070725,12.2,12.2,12,12,187947
TRY,20070725,2.46,2.49,2.45,2.49,11254
TSE,20070725,11.76,11.76,11.5,11.67,423621
TSH,20070725,0.4,0.4,0.39,0.39,12264
TSI,20070725,2.48,2.48,2.41,2.43,321614
TSM,20070725,2.12,2.12,2.07,2.12,36915
TSO,20070725,2.45,2.48,2.41,2.41,458479
TSV,20070725,0.024,0.024,0.024,0.024,161500
TTI,20070725,0.43,0.43,0.42,0.42,80626
TTR,20070725,0.105,0.11,0.105,0.11,808141
TTS,20070725,4.97,5.02,4.97,5,1315366
TTV,20070725,0.18,0.18,0.18,0.18,30000
TTY,20070725,1.08,1.09,1.05,1.065,330433
TUC,20070725,0.36,0.375,0.36,0.37,80000
TVL,20070725,0.36,0.38,0.36,0.37,309850
TWD,20070725,2.4,2.4,2.4,2.4,66
TWO,20070725,3,3.08,3,3.08,46765
TWR,20070725,2.24,2.27,2.23,2.27,399108
TXN,20070725,0.64,0.645,0.64,0.64,582783
TZL,20070725,2.38,2.38,2.3,2.31,10732
UBI,20070725,1.45,1.45,1.45,1.45,17750
UCL,20070725,0.026,0.027,0.026,0.027,137842
UEQ,20070725,0.505,0.505,0.48,0.48,620688
UGL,20070725,18.1,18.45,18.1,18.18,933135
UKL,20070725,1.37,1.45,1.32,1.32,463184
UMC,20070725,0.85,0.86,0.835,0.835,201832
UMS,20070725,1.27,1.28,1.27,1.28,150000
UNI,20070725,0.305,0.31,0.29,0.31,328895
UNW,20070725,0.335,0.335,0.31,0.31,135795
UNX,20070725,1.76,1.795,1.75,1.78,73335
UOG,20070725,0.135,0.135,0.13,0.13,14000
URA,20070725,0.37,0.39,0.36,0.37,232843
URL,20070725,0.1,0.1,0.098,0.098,632116
URM,20070725,0.23,0.235,0.23,0.235,188257
URO,20070725,0.225,0.225,0.205,0.205,330573
USA,20070725,0.305,0.31,0.295,0.305,212000
UTO,20070725,0.56,0.575,0.55,0.55,277641
UUL,20070725,0.56,0.59,0.54,0.59,12000
UXA,20070725,0.335,0.335,0.335,0.335,315740
UXC,20070725,2.66,2.78,2.66,2.75,290167
VBA,20070725,2.21,2.33,2.21,2.32,392332
VBP,20070725,9.8,10.25,9.8,10.25,4205
VCN,20070725,0.465,0.47,0.46,0.47,445106
VCR,20070725,0.74,0.75,0.735,0.735,814602
VGH,20070725,3.13,3.15,3.04,3.05,139069
VGP,20070725,0.2,0.2,0.2,0.2,10000
VHL,20070725,0.12,0.12,0.12,0.12,50000
VIL,20070725,0.1,0.11,0.1,0.11,1068000
VIR,20070725,1.055,1.055,1.045,1.045,115540
VKI,20070725,1.04,1.05,1.04,1.04,80458
VLA,20070725,0.088,0.089,0.085,0.085,765756
VLL,20070725,0.04,0.04,0.04,0.04,53500
VMG,20070725,3,3.16,3,3.16,115783
VML,20070725,0.745,0.79,0.745,0.79,122033
VMS,20070725,0.29,0.29,0.28,0.28,122400
VMT,20070725,0.17,0.17,0.165,0.17,203000
VNS,20070725,0.6,0.6,0.6,0.6,60000
VPE,20070725,0.19,0.195,0.185,0.19,1236335
VPG,20070725,1.945,1.96,1.935,1.945,2580623
VRE,20070725,0.395,0.395,0.385,0.385,924093
VRL,20070725,3.19,3.21,3.18,3.18,7060
VSG,20070725,0.02,0.02,0.018,0.02,1039000
VTP,20070725,1.41,1.41,1.35,1.37,221707
WAB,20070725,1.03,1.04,1.03,1.04,59277
WAL,20070725,0.205,0.205,0.205,0.205,74847
WAM,20070725,1.9,1.9,1.865,1.865,44250
WAN,20070725,14,14.08,13.8,13.8,403611
WAS,20070725,0.051,0.054,0.05,0.054,1982508
WBA,20070725,1.24,1.24,1.23,1.24,115645
WBB,20070725,12.45,12.45,12.2,12.2,8200
WBC,20070725,26.58,26.67,26.43,26.47,3806336
WCB,20070725,4.3,4.4,4.3,4.4,15000
WCP,20070725,0.16,0.165,0.16,0.165,232003
WDC,20070725,19.5,19.79,19.5,19.65,6614787
WDR,20070725,0.23,0.24,0.23,0.23,534972
WDS,20070725,2.93,2.99,2.93,2.98,209190
WEB,20070725,1.21,1.21,1.16,1.17,145969
WEC,20070725,3.1,3.1,2.98,2.98,133859
WES,20070725,40.25,40.35,39.96,40.23,1508158
WEZ,20070725,0.077,0.077,0.075,0.075,546624
WFL,20070725,1.7,1.7,1.66,1.68,15257
WGP,20070725,0.16,0.16,0.155,0.155,23100
WGR,20070725,0.4,0.405,0.4,0.405,150410
WHC,20070725,1.74,1.75,1.72,1.75,130641
WHE,20070725,3.76,3.94,3.76,3.94,264592
WHF,20070725,4.8,4.8,4.76,4.76,31058
WHG,20070725,2.42,2.42,2.31,2.4,502913
WIG,20070725,4.21,4.5,4.2,4.5,39508
WIL,20070725,1.18,1.18,1.17,1.18,63283
WKR,20070725,0.3,0.3,0.29,0.29,120000
WLL,20070725,3.1,3.1,3.1,3.1,4300
WLS,20070725,1.2,1.215,1.2,1.21,129880
WME,20070725,0.24,0.245,0.23,0.245,1680001
WMT,20070725,0.275,0.28,0.255,0.26,17024794
WOR,20070725,35.6,35.84,35.4,35.4,808312
WOW,20070725,27.32,27.49,27.31,27.45,1750553
WPG,20070725,1.35,1.4,1.34,1.34,48370
WPL,20070725,44.55,45.04,44.4,44.9,1851125
WRF,20070725,0.515,0.515,0.515,0.515,15000
WRK,20070725,0.5,0.5,0.485,0.5,150500
WRL,20070725,0.3,0.3,0.3,0.3,97624
WSA,20070725,4.81,4.95,4.81,4.94,395260
WSS,20070725,0.125,0.13,0.12,0.13,117000
WTE,20070725,0.089,0.092,0.088,0.089,636659
WTF,20070725,5.65,5.75,5.63,5.68,234899
WTN,20070725,0.33,0.36,0.33,0.33,20090
WTP,20070725,6.08,6.1,6,6,58323
WWA,20070725,2.62,2.62,2.62,2.62,20000
WWW,20070725,0.6,0.65,0.6,0.65,106600
WYL,20070725,3.1,3.12,3.07,3.12,412697
XAF,20070725,6116.7,6116.7,6116.7,6116.7,0
XAO,20070725,6431.6,6455.5,6371.4,6378,0
XAT,20070725,634240,634240,634240,634240,0
XBL,20070725,0.24,0.24,0.23,0.24,221100
XDJ,20070725,2902.5,2909.1,2864.4,2864.8,0
XEJ,20070725,14764.2,14786.6,14509.8,14596.8,0
XEN,20070725,0.105,0.105,0.1,0.1,850000
XFJ,20070725,7162.5,7177.5,7099.5,7106.4,0
XFL,20070725,6165.7,6193.8,6110.9,6117.7,0
XGD,20070725,5270.5,5270.5,5270.5,5270.5,0
XHJ,20070725,8610.7,8615,8483.4,8543.8,0
XIJ,20070725,641.7,643.4,627.9,628.1,0
XJO,20070725,6396,6422.3,6334.5,6340.5,0
XKO,20070725,6419.4,6445.2,6358.5,6364.6,0
XMD,20070725,6582.2,6600.2,6504.2,6509.1,0
XMJ,20070725,14086.6,14257.1,13963,13963,0
XMM,20070725,4878.5,4878.5,4878.5,4878.5,0
XNJ,20070725,6996.7,7019.9,6938.4,6979,0
XPJ,20070725,2358,2358.9,2336.4,2348,0
XRF,20070725,0.16,0.18,0.15,0.18,503333
XSJ,20070725,8090.6,8091.7,7967.2,7979.5,0
XSO,20070725,4075.9,4084.8,4026.1,4034.1,0
XST,20070725,0.17,0.18,0.17,0.18,20375
XTE,20070725,15,15,15,15,2480
XTJ,20070725,1713.9,1732.9,1699.9,1709.3,0
XTL,20070725,3380.3,3397.9,3352.9,3357.2,0
XTO,20070725,5143.2,5165.1,5095.4,5100.4,0
XUJ,20070725,7624.9,7651.7,7557.5,7572.6,0
XXJ,20070725,7465.3,7485.1,7397.1,7399.4,0
YGL,20070725,0.26,0.265,0.25,0.255,629400
YML,20070725,0.61,0.675,0.61,0.66,588689
YRR,20070725,0.4,0.4,0.38,0.38,103090
YTC,20070725,1.25,1.25,1.24,1.24,30000
ZBB,20070725,5.81,5.81,5.81,5.81,1000
ZDX,20070725,0.49,0.49,0.49,0.49,115500
ZFX,20070725,20.4,20.76,20.28,20.54,3677687
ZGL,20070725,0.43,0.43,0.41,0.41,197344
ZGM,20070725,0.21,0.21,0.21,0.21,200000
ZIM,20070725,17,17,16.5,16.5,6064
ZNC,20070725,0.425,0.425,0.4,0.415,218035
ZRL,20070725,0.555,0.555,0.54,0.55,227026
ZYL,20070725,0.056,0.056,0.055,0.055,221354
