AAC,20070731,3.05,3.07,2.99,3.07,254483
AAE,20070731,0.3,0.3,0.295,0.3,251300
AAM,20070731,0.24,0.24,0.235,0.24,58462
AAN,20070731,14.78,14.85,14.62,14.79,3098294
AAO,20070731,0.165,0.165,0.165,0.165,44680
AAQ,20070731,0.58,0.58,0.535,0.55,427611
AAR,20070731,0.125,0.125,0.11,0.11,5712294
AAS,20070731,0.155,0.155,0.15,0.155,193624
AAU,20070731,0.385,0.385,0.385,0.385,10000
AAX,20070731,9.75,9.95,9.72,9.72,223652
ABB,20070731,9.07,9.32,8.83,9.11,724129
ABC,20070731,3.2,3.36,3.19,3.3,831117
ABI,20070731,0.033,0.033,0.031,0.031,433000
ABJ,20070731,0.061,0.062,0.061,0.062,285500
ABP,20070731,1.95,1.95,1.895,1.945,1695042
ABQ,20070731,0.43,0.44,0.43,0.435,73626
ABS,20070731,6.77,6.96,6.77,6.96,2228569
ABU,20070731,0.2,0.2,0.185,0.185,1469426
ABW,20070731,10.65,10.65,10.65,10.65,400
ABY,20070731,3.58,3.68,3.4,3.46,1956589
ACB,20070731,1.54,1.58,1.53,1.54,398459
ACE,20070731,0.24,0.24,0.23,0.24,62100
ACG,20070731,0.15,0.15,0.15,0.15,46000
ACL,20070731,0.85,0.85,0.84,0.84,122415
ACR,20070731,1.61,1.69,1.58,1.615,442692
ACS,20070731,0.255,0.255,0.19,0.2,1717628
ADA,20070731,0.57,0.57,0.54,0.55,45595
ADB,20070731,15,15.21,14.91,15.21,371988
ADE,20070731,0.16,0.16,0.155,0.16,40800
ADI,20070731,0.68,0.74,0.68,0.74,139050
ADL,20070731,0.078,0.078,0.075,0.078,23000
ADN,20070731,0.53,0.53,0.51,0.51,83300
ADS,20070731,0.295,0.295,0.28,0.295,920000
ADX,20070731,0.115,0.125,0.115,0.12,566000
ADY,20070731,0.53,0.545,0.49,0.49,20201348
AEC,20070731,4.34,4.35,4.28,4.28,32310
AED,20070731,7.8,8.05,7.8,7.9,281840
AEE,20070731,0.375,0.375,0.37,0.37,51763
AEO,20070731,2.03,2.09,2.01,2.02,59929
AEP,20070731,4.21,4.46,4.21,4.42,101155
AET,20070731,0.97,0.97,0.97,0.97,6490
AEU,20070731,1.77,1.8,1.76,1.79,289347
AEX,20070731,0.043,0.043,0.041,0.041,2795993
AEZ,20070731,1.19,1.195,1.17,1.185,1759814
AFG,20070731,10.59,10.8,10.48,10.69,1900054
AFI,20070731,5.9,5.97,5.89,5.97,369554
AFR,20070731,0.7,0.7,0.7,0.7,4200
AFT,20070731,0.004,0.004,0.003,0.004,15557979
AGF,20070731,1.35,1.38,1.35,1.37,229446
AGG,20070731,9.95,9.95,9.95,9.95,75
AGI,20070731,0.465,0.465,0.44,0.46,77000
AGK,20070731,15.6,15.65,15.39,15.47,1959991
AGM,20070731,0.71,0.715,0.69,0.69,4156071
AGP,20070731,3.1,3.1,3.1,3.1,35
AGS,20070731,1.715,1.74,1.675,1.72,814794
AGX,20070731,0.19,0.195,0.19,0.195,579383
AGY,20070731,0.47,0.48,0.43,0.43,487846
AHD,20070731,6.68,6.68,6.56,6.56,15888
AHE,20070731,4,4.06,4,4.06,73883
AHI,20070731,3.31,3.32,3.02,3.31,11553
AHN,20070731,0.45,0.45,0.44,0.44,35000
AHO,20070731,0.435,0.435,0.435,0.435,10000
AHR,20070731,0.185,0.19,0.185,0.19,100000
AHS,20070731,0.92,0.92,0.9,0.92,434383
AIA,20070731,2.99,3.01,2.98,2.99,380900
AIE,20070731,0.13,0.13,0.12,0.12,886892
AII,20070731,0.34,0.345,0.33,0.335,77230
AIM,20070731,0.32,0.33,0.315,0.33,1974365
AIO,20070731,9.5,9.63,9.5,9.52,3773178
AIX,20070731,3.23,3.27,3.18,3.27,668506
AIZ,20070731,2.38,2.4,2.38,2.4,57229
AJL,20070731,2.26,2.48,2.25,2.47,157008
AKK,20070731,0.26,0.26,0.26,0.26,25000
ALB,20070731,2.85,2.86,2.8,2.8,59169
ALD,20070731,0.475,0.48,0.47,0.475,224136
ALK,20070731,0.375,0.39,0.37,0.39,635151
ALL,20070731,13.5,13.77,13.38,13.65,1899893
ALR,20070731,2.04,2.04,2.04,2.04,14000
ALS,20070731,14.1,14.5,13.95,14.25,412746
ALU,20070731,1.045,1.05,1,1.05,33000
ALZ,20070731,2.29,2.4,2.27,2.37,1583038
AMA,20070731,0.68,0.7,0.67,0.69,438000
AMB,20070731,2,2.07,2,2.05,35000
AMC,20070731,6.96,7.01,6.85,6.85,3708908
AMH,20070731,0.865,0.87,0.855,0.87,457133
AMM,20070731,0.205,0.205,0.195,0.2,174492
AMO,20070731,0.665,0.665,0.66,0.66,44500
AMP,20070731,10.12,10.12,10,10.06,3774210
AMU,20070731,0.85,0.865,0.83,0.83,295110
AND,20070731,0.95,0.97,0.93,0.95,198910
ANE,20070731,6.35,6.39,6.35,6.39,44683
ANG,20070731,1.77,1.84,1.77,1.83,92855
ANH,20070731,0.1,0.105,0.1,0.1,2535000
ANM,20070731,0.15,0.15,0.15,0.15,13432
ANN,20070731,12.21,12.21,11.81,11.86,641586
ANO,20070731,0.13,0.13,0.13,0.13,72500
ANP,20070731,0.041,0.041,0.038,0.038,624500
ANU,20070731,0.43,0.53,0.41,0.47,616062
ANZ,20070731,28.2,28.38,28.1,28.3,5896902
AOC,20070731,0.135,0.135,0.135,0.135,10000
AOE,20070731,2.74,2.9,2.71,2.85,3562597
AOM,20070731,0.017,0.017,0.017,0.017,400000
AOP,20070731,0.235,0.235,0.21,0.21,47472
APA,20070731,4.19,4.19,4.14,4.16,442957
APB,20070731,0.16,0.16,0.16,0.16,70000
APD,20070731,2.95,3.04,2.85,3.04,33108
APE,20070731,15.9,15.9,15.9,15.9,679
APG,20070731,0.12,0.12,0.11,0.115,4428010
API,20070731,2,2,1.965,1.965,359359
APK,20070731,0.55,0.575,0.5,0.56,185252
APN,20070731,5.79,5.79,5.68,5.74,1370764
APR,20070731,1.93,1.93,1.93,1.93,5836
APZ,20070731,2.6,2.66,2.58,2.6,407212
AQA,20070731,6.35,6.59,6.35,6.59,34844
AQD,20070731,0.235,0.235,0.23,0.23,161700
AQP,20070731,32.52,33.1,32.29,33,52393
AQR,20070731,0.225,0.23,0.225,0.23,32225
ARE,20070731,0.24,0.255,0.24,0.25,811048
ARG,20070731,8.15,8.25,8.14,8.22,172223
ARH,20070731,1.26,1.29,1.26,1.27,244126
ARJ,20070731,0.015,0.015,0.015,0.015,49000
ARM,20070731,0.45,0.48,0.45,0.48,6060
ARO,20070731,0.036,0.036,0.033,0.033,768108
ARP,20070731,4.18,4.25,4.17,4.25,46604
ARQ,20070731,1.525,1.54,1.505,1.54,1840908
ARR,20070731,3.09,3.1,2.92,2.92,319288
ARU,20070731,2.05,2.15,2.03,2.09,322961
ARV,20070731,0.34,0.35,0.34,0.34,61050
ARW,20070731,0.325,0.325,0.32,0.325,63875
ARX,20070731,0.018,0.018,0.017,0.017,1485555
ASB,20070731,3.49,3.7,3.49,3.68,331437
ASC,20070731,0.022,0.023,0.022,0.022,784999
ASL,20070731,2.62,2.68,2.62,2.68,373712
ASU,20070731,0.029,0.032,0.029,0.032,380000
ASX,20070731,48.89,49.25,48.46,49.05,571112
ASZ,20070731,1.42,1.475,1.42,1.475,105371
ATG,20070731,0.2,0.215,0.2,0.205,140065
ATN,20070731,0.092,0.097,0.092,0.095,614300
ATP,20070731,0.465,0.475,0.465,0.475,51588
ATQ,20070731,0.19,0.205,0.19,0.2,30000
ATR,20070731,2.51,2.58,2.51,2.57,24100
ATV,20070731,0.155,0.17,0.155,0.16,303000
AUB,20070731,4.58,4.65,4.55,4.6,909872
AUI,20070731,9.1,9.16,9.08,9.09,15031
AUN,20070731,1.625,1.65,1.62,1.635,1506826
AUQ,20070731,0.27,0.295,0.27,0.29,41730
AUT,20070731,0.655,0.67,0.65,0.67,261723
AUW,20070731,2.63,2.67,2.63,2.64,1392132
AUX,20070731,0.043,0.043,0.043,0.043,724000
AUZ,20070731,0.14,0.145,0.135,0.135,1665101
AVA,20070731,0.78,0.83,0.78,0.83,238504
AVD,20070731,0.465,0.465,0.465,0.465,10000
AVE,20070731,3.5,3.51,3.45,3.5,102202
AVI,20070731,0.29,0.29,0.29,0.29,95480
AVJ,20070731,1.28,1.31,1.28,1.31,61586
AVM,20070731,19,19.11,19,19.1,11432
AVO,20070731,1.565,1.62,1.565,1.595,524888
AVQ,20070731,0.25,0.26,0.25,0.255,127494
AVR,20070731,1.82,1.82,1.82,1.82,36000
AVS,20070731,0.65,0.65,0.61,0.64,24996
AVX,20070731,0.61,0.615,0.605,0.605,451603
AWB,20070731,3.56,3.63,3.51,3.6,2202600
AWC,20070731,7.39,7.39,7.21,7.3,3516619
AWE,20070731,3.42,3.48,3.4,3.44,2154573
AWG,20070731,0.1,0.1,0.1,0.1,279838
AWL,20070731,0.02,0.023,0.02,0.02,1136750
AXA,20070731,7.32,7.41,7.26,7.35,2819271
AXC,20070731,0.215,0.22,0.215,0.22,60017
AXI,20070731,0.55,0.57,0.55,0.57,176516
AXM,20070731,1.03,1.15,1.03,1.095,509454
AXO,20070731,1.2,1.235,1.19,1.2,292253
AXQ,20070731,0.75,0.755,0.735,0.755,106417
AXT,20070731,0.45,0.45,0.4,0.4,190000
AXY,20070731,0.53,0.53,0.51,0.51,132147
AYF,20070731,9.87,9.88,9.87,9.88,9816
AYR,20070731,0.185,0.19,0.185,0.19,161371
AZA,20070731,1.01,1.055,1.01,1.035,3505559
AZC,20070731,0.31,0.31,0.305,0.305,90985
AZD,20070731,0.385,0.39,0.37,0.38,295450
AZM,20070731,0.21,0.21,0.21,0.21,12000
AZS,20070731,0.255,0.27,0.25,0.25,2062077
AZX,20070731,1.3,1.3,1.28,1.28,23611
AZZ,20070731,0.575,0.6,0.57,0.58,625529
BAR,20070731,0.605,0.605,0.565,0.565,292808
BAS,20070731,0.115,0.12,0.11,0.115,790191
BBG,20070731,16.1,16.22,16,16.22,767930
BBI,20070731,1.7,1.715,1.675,1.685,8567776
BBP,20070731,3.16,3.25,3.14,3.24,2806304
BBW,20070731,1.9,1.925,1.89,1.925,10356364
BCD,20070731,0.28,0.28,0.275,0.275,100000
BCF,20070731,1.44,1.45,1.43,1.43,147830
BCI,20070731,1.84,1.84,1.7,1.7,130200
BCM,20070731,5.1,5.18,5.08,5.17,932078
BCN,20070731,0.33,0.33,0.315,0.315,10000
BDG,20070731,0.365,0.37,0.335,0.335,3664767
BDI,20070731,0.4,0.4,0.37,0.37,66964
BDL,20070731,0.3,0.305,0.295,0.3,2229822
BEC,20070731,4.1,4.34,4.1,4.34,120690
BEI,20070731,0.65,0.66,0.65,0.655,47800
BEN,20070731,16,16.3,15.79,16.15,377547
BFE,20070731,0.18,0.18,0.18,0.18,5000
BGL,20070731,0.09,0.105,0.09,0.105,50000
BHP,20070731,37.24,37.28,36.82,37,18493099
BIT,20070731,0.23,0.23,0.23,0.23,3000
BJT,20070731,1.785,1.815,1.755,1.795,2441597
BKG,20070731,0.3,0.305,0.27,0.29,447677
BKI,20070731,1.5,1.51,1.5,1.51,39750
BKL,20070731,22.19,22.5,22.19,22.5,3095
BKN,20070731,9.83,10.24,9.83,10.2,483379
BKP,20070731,0.115,0.12,0.11,0.11,834486
BKR,20070731,0.48,0.48,0.48,0.48,2000
BKW,20070731,13.4,13.5,13.37,13.5,2620
BKY,20070731,1.94,1.94,1.895,1.895,152489
BLD,20070731,7.64,7.82,7.64,7.75,4643524
BLG,20070731,0.565,0.58,0.56,0.57,119300
BLK,20070731,0.86,0.9,0.86,0.86,78719
BLP,20070731,0.86,0.86,0.86,0.86,3565882
BLR,20070731,0.205,0.21,0.2,0.205,2098294
BLS,20070731,0.07,0.07,0.07,0.07,13300
BLT,20070731,0.135,0.135,0.13,0.13,238134
BLU,20070731,2.2,2.2,2.17,2.17,369391
BLY,20070731,2.3,2.36,2.3,2.33,7459272
BLZ,20070731,0.031,0.031,0.031,0.031,43519
BMN,20070731,2.62,2.69,2.55,2.68,343477
BMX,20070731,0.245,0.25,0.24,0.25,245974
BMY,20070731,0.155,0.155,0.155,0.155,2500
BNB,20070731,28.9,29,27.95,28.19,1565439
BNL,20070731,0.23,0.24,0.23,0.24,35000
BNO,20070731,0.355,0.36,0.355,0.36,98557
BNT,20070731,0.093,0.098,0.091,0.098,114545
BOC,20070731,0.85,0.86,0.85,0.85,500
BOE,20070731,0.33,0.33,0.33,0.33,7300
BOL,20070731,2.88,2.9,2.77,2.8,3257729
BOM,20070731,0.48,0.48,0.48,0.48,41356
BON,20070731,0.125,0.125,0.125,0.125,5000
BOQ,20070731,17.26,17.69,17.2,17.63,139294
BOS,20070731,0.13,0.13,0.13,0.13,100000
BOW,20070731,0.175,0.175,0.17,0.17,123500
BPH,20070731,0.18,0.18,0.175,0.175,63785
BPK,20070731,0.03,0.033,0.03,0.033,58112
BPO,20070731,0.054,0.056,0.053,0.054,3424691
BPT,20070731,1.37,1.385,1.335,1.35,6655877
BQT,20070731,0.265,0.27,0.26,0.26,1188052
BRC,20070731,0.53,0.53,0.5,0.5,39000
BRO,20070731,0.008,0.01,0.008,0.009,22464325
BRT,20070731,0.105,0.105,0.105,0.105,10000
BRW,20070731,0.6,0.6,0.6,0.6,272749
BSA,20070731,0.77,0.81,0.77,0.81,56307
BSG,20070731,2.85,2.89,2.82,2.82,1762619
BSL,20070731,11.3,11.36,10.95,10.95,3155425
BSM,20070731,0.35,0.35,0.345,0.35,208592
BSN,20070731,0.2,0.2,0.2,0.2,99000
BTA,20070731,1.77,1.775,1.72,1.72,296706
BTC,20070731,0.35,0.355,0.35,0.355,108000
BTV,20070731,0.145,0.145,0.135,0.14,1042421
BUL,20070731,0.375,0.38,0.355,0.355,1566232
BUR,20070731,0.29,0.29,0.285,0.285,200649
BUY,20070731,0.049,0.05,0.046,0.05,108500
BVA,20070731,1.54,1.545,1.5,1.535,430242
BVP,20070731,0.22,0.22,0.22,0.22,15000
BWN,20070731,0.29,0.29,0.265,0.265,112762
BWP,20070731,2.33,2.4,2.33,2.34,527042
BXB,20070731,11.1,11.24,10.9,11.08,7977418
BXP,20070731,0.22,0.22,0.22,0.22,99999
BYR,20070731,0.22,0.25,0.22,0.25,78000
BZI,20070731,0.22,0.22,0.22,0.22,3000
CAA,20070731,0.56,0.56,0.55,0.56,89494
CAB,20070731,12.2,12.51,12.15,12.39,352239
CAF,20070731,0.69,0.7,0.68,0.7,56050
CAL,20070731,0.895,0.895,0.89,0.89,5500
CAM,20070731,1.44,1.51,1.44,1.51,42008
CAQ,20070731,0.185,0.185,0.185,0.185,100000
CAS,20070731,0.77,0.77,0.76,0.76,122500
CAT,20070731,0.6,0.6,0.6,0.6,34838
CAU,20070731,0.055,0.058,0.055,0.057,250000
CAV,20070731,1.69,1.69,1.54,1.65,41358
CAZ,20070731,0.595,0.6,0.59,0.59,110018
CBA,20070731,54.7,54.83,53.93,54.26,3734402
CBB,20070731,0.74,0.74,0.605,0.605,48993
CBD,20070731,0.15,0.15,0.15,0.15,83333
CBH,20070731,0.62,0.63,0.615,0.625,3238288
CBM,20070731,2.7,2.7,2.7,2.7,1537
CBR,20070731,2.5,2.5,2.5,2.5,2685
CCE,20070731,0.036,0.036,0.036,0.036,538468
CCI,20070731,0.195,0.2,0.19,0.19,222500
CCL,20070731,9.12,9.29,9.1,9.16,1541913
CCP,20070731,11.7,11.82,11.6,11.6,110083
CCQ,20070731,0.94,0.96,0.94,0.96,114000
CCS,20070731,0.077,0.077,0.077,0.077,10000
CCU,20070731,0.24,0.24,0.235,0.24,19931
CCV,20070731,0.685,0.69,0.67,0.675,237080
CDA,20070731,0.98,0.98,0.94,0.95,1013562
CDD,20070731,7.4,7.44,7.35,7.4,49968
CDF,20070731,1.76,1.895,1.76,1.85,18409
CDI,20070731,1.035,1.06,1.035,1.035,442312
CDL,20070731,0.081,0.081,0.081,0.081,5000
CDM,20070731,1.24,1.24,1.24,1.24,3022
CDP,20070731,4.86,5.05,4.86,5.05,6182
CDR,20070731,1.085,1.1,1.055,1.055,2035954
CDS,20070731,0.025,0.025,0.025,0.025,900000
CDT,20070731,0.37,0.37,0.36,0.37,84800
CDU,20070731,4.36,4.46,4,4.01,851051
CDX,20070731,1.65,1.65,1.65,1.65,88545
CEG,20070731,2.57,2.6,2.55,2.6,13707
CEH,20070731,0.38,0.38,0.27,0.3,35200
CER,20070731,1.66,1.69,1.635,1.685,2503194
CES,20070731,0.24,0.26,0.24,0.26,17000
CEU,20070731,1.53,1.555,1.525,1.55,2201214
CEY,20070731,3.22,3.38,3.21,3.38,1204594
CFE,20070731,0.55,0.57,0.54,0.55,1000884
CFI,20070731,0.785,0.79,0.785,0.79,22740
CFK,20070731,0.1,0.1,0.098,0.1,245000
CFR,20070731,0.011,0.011,0.011,0.011,1100000
CFU,20070731,1.06,1.105,1.06,1.075,178692
CFX,20070731,2.16,2.18,2.14,2.15,5875094
CGF,20070731,5.45,5.7,5.44,5.57,1805222
CGI,20070731,0.125,0.125,0.125,0.125,10750
CGJ,20070731,14.2,14.61,14.15,14.51,5506278
CGM,20070731,0.235,0.24,0.235,0.24,43000
CGO,20070731,1.25,1.27,1.23,1.27,21652
CGS,20070731,0.15,0.15,0.15,0.15,16666
CGX,20070731,0.725,0.75,0.725,0.75,82517
CHB,20070731,52.01,52.5,52.01,52.5,167
CHC,20070731,2.84,2.89,2.8,2.84,464801
CHD,20070731,0.985,1.04,0.985,1.04,25502
CHF,20070731,0.34,0.34,0.33,0.33,180000
CHN,20070731,0.155,0.16,0.155,0.16,143120
CHO,20070731,6.45,6.5,6.45,6.5,6700
CHR,20070731,4,4,4,4,125
CHZ,20070731,0.31,0.315,0.305,0.315,66038
CIF,20070731,3.97,4.1,3.97,4,363312
CIG,20070731,0.15,0.15,0.14,0.145,13050990
CII,20070731,0.145,0.145,0.14,0.14,600000
CIL,20070731,2.2,2.2,2.17,2.17,21465
CIN,20070731,23.1,23.1,23.1,23.1,108
CIR,20070731,1.27,1.275,1.27,1.275,8590
CIW,20070731,1.2,1.21,1.2,1.21,37790
CIX,20070731,0.605,0.62,0.605,0.615,169156
CIY,20070731,4.07,4.1,3.98,4.09,396765
CKK,20070731,0.195,0.195,0.195,0.195,38585
CKR,20070731,0.14,0.14,0.14,0.14,103600
CLF,20070731,0.21,0.215,0.21,0.21,280000
CLH,20070731,0.82,0.82,0.805,0.82,7333
CLO,20070731,0.5,0.51,0.495,0.5,104421
CLT,20070731,0.895,0.91,0.895,0.91,100000
CLX,20070731,1.29,1.29,1.29,1.29,5
CLY,20070731,0.18,0.18,0.175,0.175,52900
CME,20070731,0.097,0.105,0.081,0.084,109695862
CMI,20070731,1.48,1.48,1.43,1.43,20410
CMK,20070731,0.555,0.555,0.555,0.555,913
CMO,20070731,0.024,0.024,0.023,0.023,1039142
CMP,20070731,0.175,0.185,0.165,0.185,66257
CMR,20070731,5.04,5.15,5,5.15,300965
CMS,20070731,0.04,0.04,0.037,0.037,60090
CMV,20070731,0.475,0.485,0.475,0.485,241875
CMW,20070731,1.31,1.31,1.295,1.31,1681993
CMY,20070731,0.34,0.34,0.34,0.34,27500
CNA,20070731,74.5,74.5,74.5,74.5,4388
CND,20070731,3.66,3.78,3.66,3.77,61225
CNF,20070731,0.125,0.13,0.12,0.13,1261804
CNM,20070731,0.175,0.175,0.165,0.17,513296
CNN,20070731,0.125,0.13,0.125,0.125,46134
CNP,20070731,8.07,8.15,7.91,7.96,3572496
CNT,20070731,1.345,1.35,1.32,1.345,56436
COA,20070731,5.55,5.7,5.41,5.43,2097800
COE,20070731,0.825,0.83,0.785,0.815,682964
COF,20070731,4.25,4.3,4.2,4.25,48695
COH,20070731,63.6,64.09,61.31,61.8,265102
COI,20070731,0.255,0.275,0.255,0.275,320301
COK,20070731,0.525,0.54,0.52,0.52,838495
COM,20070731,0.19,0.19,0.19,0.19,5535
COO,20070731,0.165,0.165,0.165,0.165,16000
COU,20070731,3.24,3.32,3.24,3.29,53802
COZ,20070731,0.34,0.34,0.32,0.33,144000
CPA,20070731,1.605,1.64,1.58,1.6,4862281
CPB,20070731,26.5,27.15,26.5,27.13,24707
CPI,20070731,0.375,0.38,0.375,0.38,54500
CPK,20070731,0.695,0.71,0.695,0.695,17804
CPN,20070731,0.25,0.27,0.235,0.27,88900
CPR,20070731,1.92,1.995,1.92,1.99,12912
CPU,20070731,9.95,10.18,9.94,9.99,1754668
CQT,20070731,0.8,0.825,0.77,0.77,453849
CRC,20070731,0.36,0.37,0.35,0.37,150000
CRE,20070731,0.36,0.38,0.36,0.375,321268
CRG,20070731,17.22,18.3,17.16,18.1,374577
CRJ,20070731,0.295,0.295,0.29,0.29,32450
CRK,20070731,1.57,1.57,1.57,1.57,3450
CRL,20070731,0.17,0.18,0.17,0.17,342864
CRT,20070731,0.64,0.64,0.64,0.64,10000
CSE,20070731,0.63,0.66,0.63,0.63,79314
CSF,20070731,1.17,1.17,1.145,1.16,4546410
CSH,20070731,2,2,2,2,11000
CSL,20070731,88.81,89.23,87.98,88.95,719868
CSM,20070731,3.66,3.8,3.66,3.72,1914422
CSR,20070731,3.38,3.4,3.32,3.35,7589578
CSS,20070731,1.255,1.255,1.25,1.25,12074
CST,20070731,2.98,2.99,2.86,2.9,40146
CSV,20070731,1.54,1.57,1.53,1.53,444214
CSW,20070731,0.98,0.99,0.98,0.99,20400
CTF,20070731,0.03,0.03,0.03,0.03,20000
CTN,20070731,2.45,2.56,2.44,2.56,197084
CTO,20070731,0.51,0.515,0.47,0.505,1357824
CTP,20070731,0.2,0.215,0.2,0.21,770495
CTS,20070731,0.64,0.69,0.64,0.675,561126
CTX,20070731,25.1,25.3,24.6,24.98,576173
CUE,20070731,0.225,0.225,0.22,0.225,685580
CUL,20070731,0.17,0.18,0.16,0.165,17438895
CUO,20070731,0.955,0.99,0.955,0.96,739442
CUS,20070731,0.215,0.22,0.215,0.22,567500
CUV,20070731,0.795,0.81,0.75,0.81,289683
CUX,20070731,0.38,0.38,0.32,0.33,248883
CUY,20070731,1.78,1.78,1.78,1.78,25828
CVA,20070731,0.095,0.1,0.095,0.1,41000
CVB,20070731,0.14,0.14,0.14,0.14,5000
CVC,20070731,1.955,1.965,1.95,1.965,169127
CVI,20070731,0.072,0.072,0.068,0.068,1826558
CVN,20070731,0.18,0.18,0.16,0.165,3276919
CVR,20070731,0.235,0.24,0.21,0.21,62200
CWG,20070731,0.25,0.25,0.22,0.22,24500
CWH,20070731,0.4,0.4,0.4,0.4,167
CWP,20070731,5.05,5.05,5.04,5.05,12600
CWT,20070731,0.85,0.85,0.845,0.85,125937
CXE,20070731,0.38,0.39,0.38,0.39,3600
CXG,20070731,3,3.13,3,3.13,176020
CXM,20070731,0.62,0.63,0.575,0.6,225545
CXN,20070731,0.13,0.135,0.13,0.135,60000
CXP,20070731,6.63,6.9,6.63,6.9,193576
CXS,20070731,0.91,0.92,0.91,0.92,7721
CXY,20070731,0.088,0.092,0.087,0.089,2676583
CYA,20070731,1.405,1.425,1.4,1.41,102170
CYC,20070731,0.35,0.35,0.345,0.345,50000
CYG,20070731,4.33,4.4,4.33,4.4,89642
CYL,20070731,0.215,0.215,0.21,0.21,71970
CYT,20070731,0.665,0.665,0.665,0.665,14300
CZP,20070731,0.15,0.15,0.15,0.15,16000
DBS,20070731,0.86,0.87,0.86,0.87,21511
DDD,20070731,0.14,0.14,0.14,0.14,50000
DDT,20070731,0.32,0.34,0.32,0.34,11943
DEG,20070731,0.11,0.11,0.11,0.11,183455
DES,20070731,0.37,0.385,0.37,0.37,318872
DEX,20070731,2.91,2.94,2.91,2.92,128559
DGR,20070731,0.345,0.365,0.345,0.345,549208
DIA,20070731,0.077,0.079,0.077,0.079,110000
DIO,20070731,0.145,0.15,0.14,0.145,11804484
DJS,20070731,5.58,5.75,5.58,5.75,1176031
DJW,20070731,5.08,5.1,5.06,5.08,55135
DKN,20070731,1.735,1.8,1.735,1.8,19450
DLS,20070731,0.17,0.175,0.17,0.175,647352
DMA,20070731,0.275,0.29,0.275,0.29,100000
DMG,20070731,0.5,0.5,0.44,0.46,1364093
DML,20070731,0.445,0.445,0.42,0.445,284191
DMM,20070731,0.34,0.34,0.31,0.31,11063
DMP,20070731,3.22,3.29,3.21,3.29,71066
DMX,20070731,0.57,0.61,0.57,0.6,87823
DMY,20070731,0.044,0.044,0.044,0.044,30000
DOM,20070731,2.88,2.96,2.84,2.89,668808
DON,20070731,0.34,0.36,0.34,0.355,73593
DOW,20070731,7.11,7.13,7.01,7.01,3505157
DRA,20070731,0.13,0.135,0.125,0.13,159103
DRT,20070731,1.79,1.84,1.77,1.815,7551219
DRX,20070731,0.47,0.49,0.45,0.465,146985
DTL,20070731,6.4,6.75,6.4,6.52,30897
DTM,20070731,0.185,0.185,0.185,0.185,15000
DUE,20070731,3.32,3.42,3.3,3.3,2089078
DUI,20070731,4.05,4.05,4.05,4.05,53301
DVM,20070731,0.045,0.045,0.045,0.045,450
DVN,20070731,1.27,1.31,1.27,1.31,104141
DWS,20070731,2.79,2.79,2.71,2.71,60012
DXL,20070731,2.16,2.17,2.14,2.15,4250535
DYE,20070731,1.81,1.88,1.75,1.86,786986
DYL,20070731,0.47,0.495,0.465,0.495,1798142
EAR,20070731,0.26,0.26,0.25,0.255,165666
EBB,20070731,3.7,3.7,3.52,3.55,143574
EBG,20070731,0.335,0.335,0.335,0.335,19000
EBI,20070731,3.47,3.5,3.44,3.48,197407
EBR,20070731,0.06,0.06,0.06,0.06,443696
EBT,20070731,0.175,0.175,0.17,0.175,172000
ECH,20070731,1.345,1.38,1.345,1.38,243000
ECU,20070731,0.034,0.034,0.03,0.03,4612550
EDE,20070731,0.615,0.615,0.59,0.605,104195
EDM,20070731,0.051,0.055,0.05,0.055,1106000
EDN,20070731,0.4,0.4,0.4,0.4,15000
EDS,20070731,0.7,0.71,0.69,0.71,123541
EEE,20070731,0.195,0.2,0.195,0.2,7500
EFT,20070731,0.086,0.086,0.086,0.086,11634
EGF,20070731,2.2,2.25,2.19,2.2,554183
EGL,20070731,0.099,0.099,0.099,0.099,90320
EGO,20070731,0.013,0.013,0.011,0.012,147905094
EGX,20070731,0.87,0.9,0.87,0.9,32477
EHL,20070731,1.52,1.53,1.51,1.52,3577303
EIG,20070731,1.05,1.05,1,1,80726
EKA,20070731,0.375,0.405,0.36,0.405,295381
EKM,20070731,0.435,0.5,0.435,0.5,26000
ELI,20070731,1.105,1.11,1.105,1.11,7000
ELK,20070731,0.28,0.28,0.28,0.28,10000
ELL,20070731,0.125,0.125,0.115,0.12,112945
ELM,20070731,0.245,0.245,0.24,0.24,240000
ELX,20070731,0.78,0.78,0.775,0.775,66100
EME,20070731,6,6,5.88,5.88,5446
EMP,20070731,0.115,0.125,0.11,0.11,645000
EMR,20070731,0.18,0.2,0.18,0.2,169000
EMS,20070731,0.22,0.22,0.215,0.215,271270
ENB,20070731,0.27,0.27,0.27,0.27,25555
ENE,20070731,4.26,4.3,4.21,4.3,377088
ENG,20070731,0.185,0.185,0.17,0.18,207000
ENI,20070731,0.042,0.042,0.039,0.039,560000
ENR,20070731,0.515,0.555,0.515,0.53,77243
ENV,20070731,1.12,1.13,1.11,1.11,2650529
EOL,20070731,0.16,0.195,0.16,0.195,25500
EOS,20070731,1.47,1.47,1.47,1.47,14081
EPE,20070731,0.105,0.11,0.09,0.091,5156025
EPG,20070731,0.98,1.01,0.98,1.01,256000
EPR,20070731,0.058,0.058,0.057,0.057,300021
EPS,20070731,0.28,0.28,0.255,0.255,54519
EPY,20070731,0.079,0.089,0.079,0.089,780000
EQI,20070731,2.38,2.39,2.28,2.39,500194
EQN,20070731,4.63,4.71,4.6,4.7,5192719
EQT,20070731,32,32,32,32,440
EQX,20070731,0.23,0.235,0.225,0.23,410331
ERA,20070731,19.56,20.23,19.56,20.15,1348845
ERG,20070731,0.145,0.155,0.145,0.145,2368213
ERH,20070731,0.255,0.265,0.255,0.265,37302
ERJ,20070731,0.034,0.036,0.034,0.036,235000
ERL,20070731,0.29,0.295,0.285,0.285,168100
ERN,20070731,0.595,0.61,0.575,0.61,225125
ERO,20070731,0.325,0.335,0.315,0.32,146257
ESG,20070731,0.59,0.62,0.57,0.59,904843
ESI,20070731,0.175,0.18,0.17,0.18,78700
ESS,20070731,1.08,1.12,1.08,1.12,103738
ESV,20070731,1.02,1.02,1.02,1.02,18210
ETC,20070731,0.077,0.08,0.073,0.074,21538734
ETE,20070731,0.24,0.24,0.23,0.23,67299
ETW,20070731,0.15,0.15,0.145,0.145,71634
EUG,20070731,0.027,0.027,0.027,0.027,100000
EVE,20070731,0.245,0.25,0.24,0.24,390040
EVG,20070731,0.175,0.175,0.175,0.175,5000
EVM,20070731,0.125,0.13,0.125,0.125,65000
EVZ,20070731,0.555,0.56,0.55,0.55,127484
EWC,20070731,0.92,0.935,0.88,0.91,4443032
EXM,20070731,0.035,0.036,0.033,0.034,8288286
EXR,20070731,0.33,0.335,0.325,0.325,181700
EXS,20070731,0.355,0.37,0.34,0.345,697647
EXT,20070731,0.8,0.8,0.75,0.77,252613
EYE,20070731,0.17,0.17,0.17,0.17,29411
EZL,20070731,4.19,4.2,4.19,4.2,30507
FAC,20070731,0.46,0.5,0.46,0.5,32000
FAN,20070731,3.89,3.9,3.7,3.9,23691
FAR,20070731,0.155,0.16,0.155,0.155,1752674
FAS,20070731,0.65,0.69,0.645,0.69,310227
FAT,20070731,1.06,1.075,1.06,1.075,57585
FBU,20070731,11.21,11.34,10.9,11.18,580330
FCL,20070731,2.4,2.46,2.39,2.41,3175967
FCN,20070731,0.45,0.455,0.425,0.425,932851
FDL,20070731,0.015,0.015,0.015,0.015,1993941
FDY,20070731,0.215,0.22,0.21,0.21,273095
FEA,20070731,0.655,0.67,0.655,0.665,58005
FER,20070731,1.99,2,1.865,1.92,159342
FFF,20070731,0.075,0.075,0.065,0.07,268000
FGE,20070731,0.7,0.7,0.68,0.68,13605
FGL,20070731,5.92,6.04,5.87,5.91,12675595
FIC,20070731,0.055,0.055,0.055,0.055,83048
FIS,20070731,0.21,0.21,0.2,0.2,179166
FKP,20070731,6.8,7.02,6.79,6.98,614858
FLK,20070731,0.87,0.87,0.87,0.87,4000
FLT,20070731,18.35,18.35,17.28,18.12,1167039
FLX,20070731,5.54,5.82,5.54,5.65,950809
FMG,20070731,32.98,33.03,32.58,33.03,589573
FML,20070731,0.096,0.096,0.093,0.094,7912671
FND,20070731,0.8,0.8,0.79,0.8,53077
FNT,20070731,0.16,0.17,0.16,0.165,720684
FPA,20070731,3.21,3.35,3.21,3.29,10911
FPH,20070731,3.07,3.08,3.03,3.04,72089
FPS,20070731,3.04,3.1,2.85,2.85,43589
FRE,20070731,0.5,0.52,0.5,0.52,65270
FRI,20070731,0.9,0.9,0.895,0.9,37025
FRM,20070731,0.41,0.43,0.41,0.43,13645
FRR,20070731,0.565,0.565,0.55,0.55,11997
FRS,20070731,0.99,1.04,0.98,0.98,717911
FRV,20070731,0.08,0.08,0.079,0.079,59000
FSA,20070731,0.775,0.8,0.775,0.79,30934
FUL,20070731,0.052,0.053,0.05,0.053,455000
FUN,20070731,1.68,1.7,1.68,1.695,215962
FUT,20070731,0.005,0.006,0.005,0.006,888558
FWD,20070731,9.19,9.5,9.16,9.39,100088
FWL,20070731,0.78,0.815,0.78,0.8,158578
FXI,20070731,1.02,1.03,1.02,1.03,89850
FXJ,20070731,4.83,4.86,4.73,4.84,7138568
FXL,20070731,2.64,2.7,2.64,2.68,236464
FXR,20070731,1.12,1.15,1.08,1.095,797388
FZN,20070731,0.64,0.66,0.64,0.66,168026
GAA,20070731,0.45,0.47,0.45,0.465,131213
GAP,20070731,0.505,0.505,0.505,0.505,16789
GAU,20070731,0.35,0.36,0.295,0.3,585112
GBE,20070731,0.61,0.62,0.57,0.61,72952
GBG,20070731,1.5,1.6,1.49,1.565,5120704
GBL,20070731,0.035,0.035,0.035,0.035,129500
GBM,20070731,0.072,0.075,0.072,0.073,79000
GBP,20070731,0.2,0.205,0.2,0.2,198300
GCG,20070731,0.28,0.28,0.265,0.265,54877
GCL,20070731,4.73,4.83,4.73,4.8,338881
GCN,20070731,0.055,0.06,0.055,0.055,341575
GCR,20070731,0.05,0.05,0.047,0.048,2086900
GCX,20070731,0.95,0.95,0.95,0.95,16000
GDA,20070731,0.017,0.018,0.017,0.017,2740002
GDM,20070731,0.67,0.67,0.65,0.66,113675
GDN,20070731,0.175,0.195,0.175,0.19,1580860
GDR,20070731,0.45,0.5,0.45,0.5,472198
GDY,20070731,1.73,1.79,1.73,1.755,283688
GED,20070731,0.099,0.099,0.099,0.099,20000
GFF,20070731,2.5,2.57,2.48,2.55,2149888
GGE,20070731,0.081,0.081,0.078,0.078,450000
GGP,20070731,0.32,0.33,0.31,0.31,1067825
GGX,20070731,0.072,0.074,0.072,0.073,360467
GGY,20070731,0.115,0.115,0.11,0.11,1661512
GHT,20070731,1.5,1.5,1.3,1.41,33825
GIA,20070731,0.46,0.48,0.46,0.46,25000
GIP,20070731,0.12,0.12,0.12,0.12,18550
GIR,20070731,0.76,0.76,0.7,0.755,239498
GJT,20070731,0.92,0.92,0.91,0.91,2194903
GLA,20070731,0.11,0.12,0.11,0.12,35000
GLB,20070731,1.3,1.3,1.25,1.25,5080
GLF,20070731,0.275,0.31,0.27,0.31,34600
GLI,20070731,0.17,0.18,0.17,0.18,180500
GLO,20070731,0.043,0.043,0.043,0.043,15300
GLX,20070731,0.105,0.105,0.105,0.105,195000
GME,20070731,0.77,0.775,0.71,0.75,84274
GMG,20070731,6.13,6.17,6,6.08,3692920
GMI,20070731,1.795,1.83,1.79,1.81,570653
GML,20070731,0.12,0.12,0.11,0.11,62369
GMR,20070731,0.097,0.097,0.095,0.095,90000
GNC,20070731,12.5,12.72,12.4,12.72,49934
GNL,20070731,0.034,0.034,0.034,0.034,147000
GNS,20070731,3.33,3.49,3.33,3.39,1285978
GOA,20070731,0.1,0.105,0.096,0.096,536454
GOG,20070731,0.285,0.29,0.28,0.28,222483
GOP,20070731,0.36,0.36,0.34,0.36,220450
GPB,20070731,0.27,0.27,0.265,0.265,11400
GPG,20070731,1.72,1.72,1.69,1.695,171603
GPN,20070731,0.043,0.044,0.042,0.042,1276874
GPR,20070731,0.35,0.35,0.35,0.35,5000
GPT,20070731,4.61,4.61,4.51,4.51,8073997
GRB,20070731,0.28,0.28,0.28,0.28,8000
GRD,20070731,2.68,2.79,2.68,2.75,345877
GRK,20070731,0.145,0.15,0.14,0.14,463856
GRL,20070731,0.285,0.285,0.27,0.27,68996
GRR,20070731,2.56,2.62,2.5,2.5,370562
GRV,20070731,0.52,0.54,0.52,0.52,11127
GRY,20070731,0.43,0.43,0.415,0.42,168829
GSE,20070731,0.094,0.097,0.094,0.094,844000
GSF,20070731,0.028,0.032,0.028,0.03,10487375
GTE,20070731,0.225,0.225,0.225,0.225,14530
GTG,20070731,0.155,0.165,0.155,0.165,64300
GTP,20070731,2.44,2.61,2.44,2.52,2336468
GTX,20070731,0.13,0.13,0.13,0.13,70000
GUD,20070731,11.48,11.53,11.27,11.5,336453
GUJ,20070731,0.37,0.375,0.36,0.36,195400
GUL,20070731,0.092,0.092,0.092,0.092,214000
GUN,20070731,0.275,0.29,0.275,0.285,195113
GVM,20070731,1.05,1.05,1.05,1.05,81368
GWR,20070731,2.2,2.24,2.15,2.15,85854
GWT,20070731,4.3,4.49,4.28,4.44,356269
GWV,20070731,0.094,0.094,0.094,0.094,885
GXY,20070731,0.68,0.68,0.675,0.675,32000
GYN,20070731,0.31,0.31,0.31,0.31,4200
GZL,20070731,2.4,2.45,2.4,2.45,235074
HAN,20070731,24.84,24.84,24.84,24.84,62
HAP,20070731,1.21,1.22,1.21,1.22,172250
HAV,20070731,2.35,2.4,2.28,2.35,49427
HAZ,20070731,0.29,0.29,0.29,0.29,20000
HCY,20070731,0.027,0.028,0.026,0.028,8678671
HDF,20070731,3.68,3.79,3.6,3.79,221269
HDN,20070731,0.27,0.27,0.27,0.27,95000
HEG,20070731,0.15,0.15,0.15,0.15,225000
HEM,20070731,0.23,0.235,0.23,0.235,51387
HER,20070731,1.52,1.54,1.5,1.53,329444
HFA,20070731,2.76,2.85,2.76,2.79,332954
HGI,20070731,3.67,3.75,3.63,3.74,2943375
HGN,20070731,0.5,0.53,0.5,0.53,52600
HGO,20070731,0.475,0.485,0.475,0.485,332472
HGR,20070731,0.015,0.015,0.015,0.015,699333
HHL,20070731,15.45,15.45,15.35,15.35,1000
HHM,20070731,0.32,0.34,0.32,0.34,52748
HHV,20070731,1.15,1.18,1.15,1.17,343849
HHY,20070731,2.1,2.1,2.07,2.07,81356
HIC,20070731,0.935,0.935,0.935,0.935,8355
HIG,20070731,0.17,0.175,0.165,0.165,1653678
HII,20070731,0.36,0.36,0.36,0.36,15000
HIL,20070731,5.98,6.1,5.92,6.1,155417
HIP,20070731,2.05,2.1,2.05,2.1,1000
HLD,20070731,0.18,0.18,0.18,0.18,1000
HLX,20070731,0.25,0.26,0.24,0.24,459600
HMC,20070731,0.079,0.079,0.074,0.079,153750
HME,20070731,13.8,13.94,13.6,13.8,3612
HNG,20070731,2.2,2.28,2.2,2.27,16740
HNR,20070731,0.45,0.47,0.45,0.47,96555
HPX,20070731,2.75,2.76,2.73,2.76,167226
HRD,20070731,0.1,0.11,0.1,0.11,3567
HRR,20070731,1.135,1.15,1.1,1.1,35708
HRS,20070731,0.14,0.14,0.14,0.14,60000
HSK,20070731,1.62,1.64,1.555,1.64,53950
HSP,20070731,5.43,5.55,5.42,5.5,490351
HST,20070731,4.16,4.2,4.11,4.14,1290094
HTA,20070731,0.165,0.165,0.16,0.165,898502
HTE,20070731,0.021,0.022,0.019,0.019,528000
HTI,20070731,0.295,0.3,0.29,0.29,548900
HTM,20070731,0.063,0.064,0.06,0.064,161968
HTW,20070731,0.635,0.65,0.63,0.645,173333
HTX,20070731,0.023,0.023,0.023,0.023,1020000
HVN,20070731,5.12,5.32,5.07,5.29,2102353
HWG,20070731,0.235,0.24,0.235,0.24,166216
HWI,20070731,2.9,2.92,2.87,2.9,367634
HYO,20070731,0.22,0.23,0.22,0.22,568885
HZN,20070731,0.37,0.39,0.37,0.39,605150
IAG,20070731,5.75,5.77,5.68,5.7,3818224
IAS,20070731,0.335,0.34,0.305,0.31,90580
IAT,20070731,0.061,0.061,0.061,0.061,10000
IAU,20070731,0.43,0.43,0.42,0.42,19284
IBA,20070731,1.025,1.085,1.02,1.05,2020192
IBC,20070731,0.635,0.65,0.635,0.65,88323
IBG,20070731,1.02,1.03,0.93,0.94,603228
IBT,20070731,2,2.05,1.97,2.03,674649
ICC,20070731,0.15,0.16,0.15,0.15,227000
ICD,20070731,0.62,0.62,0.62,0.62,35000
ICE,20070731,0.008,0.008,0.008,0.008,800000
ICN,20070731,0.067,0.068,0.066,0.068,768941
ICP,20070731,0.125,0.135,0.125,0.135,2017310
ICS,20070731,0.33,0.33,0.325,0.325,160000
IDL,20070731,0.44,0.445,0.44,0.445,1148295
IDM,20070731,0.49,0.52,0.49,0.52,219051
IDO,20070731,1.41,1.46,1.41,1.45,66546
IDT,20070731,2.18,2.2,2.15,2.18,69318
IEF,20070731,1.285,1.285,1.275,1.275,29245
IFE,20070731,1.62,1.69,1.62,1.66,169500
IFL,20070731,10.33,10.57,10.28,10.4,148936
IFM,20070731,0.645,0.645,0.625,0.635,131211
IGC,20070731,0.31,0.31,0.305,0.31,137887
IGO,20070731,5.75,6.37,5.54,6.08,900920
IGR,20070731,0.205,0.21,0.19,0.2,1537369
IGX,20070731,0.51,0.51,0.51,0.51,1906
IHF,20070731,1.12,1.13,1.12,1.13,20028
IHG,20070731,0.1,0.1,0.1,0.1,7728
IIF,20070731,2.48,2.53,2.44,2.49,10560052
IIG,20070731,0.014,0.014,0.014,0.014,290250
III,20070731,0.38,0.4,0.38,0.4,26993
IIN,20070731,1.77,1.875,1.77,1.87,87307
ILF,20070731,1.33,1.34,1.31,1.34,717175
ILU,20070731,5.98,6.01,5.89,5.96,1266249
IMA,20070731,2.25,2.34,2.25,2.34,84540
IMD,20070731,1.465,1.5,1.465,1.5,154883
IMI,20070731,0.047,0.055,0.045,0.054,175127018
IML,20070731,0.062,0.062,0.06,0.06,256000
IMP,20070731,0.018,0.019,0.018,0.018,1046117
IMU,20070731,0.265,0.27,0.265,0.265,12086
INL,20070731,0.16,0.165,0.155,0.165,1996371
INP,20070731,0.425,0.45,0.425,0.425,602608
INR,20070731,0.52,0.54,0.52,0.54,40000
INT,20070731,0.031,0.032,0.029,0.029,3107630
IOF,20070731,1.705,1.705,1.65,1.675,6220790
IOH,20070731,0.87,0.87,0.775,0.8,347557
IPA,20070731,0.705,0.705,0.7,0.705,210500
IPE,20070731,1.05,1.05,1.05,1.05,2000
IPG,20070731,2.94,2.95,2.93,2.93,34730134
IPL,20070731,74.1,76.77,74.1,76.29,349502
IPM,20070731,1.52,1.53,1.5,1.5,1055976
IPN,20070731,0.32,0.33,0.32,0.33,178297
IPR,20070731,0.165,0.17,0.16,0.165,508220
IPT,20070731,0.29,0.29,0.29,0.29,20000
IPX,20070731,1.1,1.1,1.1,1.1,97900
IRE,20070731,8.3,8.74,8.25,8.61,145996
IRI,20070731,0.43,0.43,0.43,0.43,18529
IRL,20070731,0.29,0.29,0.275,0.275,91629
IRM,20070731,0.18,0.18,0.155,0.155,167375
IRN,20070731,1.05,1.08,1.04,1.075,188115
ISS,20070731,0.61,0.61,0.6,0.6,55563
ITC,20070731,0.068,0.068,0.066,0.066,1143636
ITD,20070731,0.34,0.345,0.32,0.33,225340
ITE,20070731,0.115,0.115,0.11,0.115,248696
ITT,20070731,0.21,0.215,0.21,0.215,25353
ITX,20070731,1.17,1.17,1.17,1.17,4000
IUL,20070731,0.19,0.195,0.18,0.195,99000
IVC,20070731,6.2,6.3,6.12,6.22,319254
IWL,20070731,5.64,5.9,5.64,5.88,78868
JAK,20070731,0.17,0.175,0.17,0.175,125000
JBH,20070731,11.4,11.91,11.36,11.8,493784
JBM,20070731,15.49,15.7,15.38,15.7,901975
JGL,20070731,0.205,0.21,0.2,0.205,160908
JHX,20070731,7.66,7.7,7.51,7.54,2955093
JMB,20070731,1.4,1.4,1.4,1.4,5391
JML,20070731,1.4,1.43,1.38,1.4,1194688
JMS,20070731,0.255,0.3,0.255,0.275,4414150
JPR,20070731,0.2,0.205,0.19,0.205,444100
JRL,20070731,1.75,2,1.71,2,69183
JRV,20070731,0.025,0.025,0.024,0.024,3256380
JST,20070731,4.68,4.8,4.68,4.75,878252
JUM,20070731,0.029,0.029,0.029,0.029,353100
JUT,20070731,0.24,0.265,0.235,0.265,182542
JVG,20070731,0.165,0.165,0.165,0.165,75000
JYC,20070731,1.26,1.26,1.24,1.24,9000
KAL,20070731,0.094,0.098,0.09,0.094,348200
KAR,20070731,2.58,2.58,2.5,2.53,12490
KAS,20070731,0.4,0.4,0.4,0.4,348288
KCN,20070731,4.71,5.02,4.71,4.96,570005
KEY,20070731,0.25,0.25,0.245,0.245,56000
KGL,20070731,0.13,0.13,0.12,0.13,86213
KIL,20070731,1.335,1.35,1.27,1.27,410486
KIM,20070731,0.68,0.68,0.675,0.675,4177762
KIS,20070731,0.945,0.945,0.945,0.945,5985
KLM,20070731,0.78,0.815,0.78,0.8,91307
KME,20070731,1.33,1.33,1.3,1.3,14140
KMN,20070731,0.925,0.975,0.925,0.94,295965
KOR,20070731,0.495,0.495,0.48,0.48,35500
KOV,20070731,5.9,5.9,5.9,5.9,678
KRS,20070731,0.28,0.285,0.28,0.285,177491
KSC,20070731,3.42,3.5,3.4,3.5,4334
KSO,20070731,0.215,0.215,0.215,0.215,42000
KTL,20070731,0.042,0.045,0.041,0.045,305000
KYC,20070731,0.32,0.32,0.305,0.305,73250
KZL,20070731,6.41,6.52,6.27,6.51,1649270
LAF,20070731,0.05,0.05,0.045,0.045,6080884
LAT,20070731,0.052,0.052,0.052,0.052,106177
LBT,20070731,0.25,0.25,0.25,0.25,113500
LBY,20070731,0.21,0.21,0.21,0.21,5000
LCL,20070731,0.77,0.775,0.77,0.775,15751
LDW,20070731,7.8,7.8,7.8,7.8,1269
LEF,20070731,0.225,0.225,0.21,0.21,138000
LEG,20070731,0.083,0.088,0.083,0.088,2860860
LEI,20070731,38.2,39.5,38.08,39.2,775998
LEP,20070731,4.1,4.2,4.1,4.2,258659
LFE,20070731,0.57,0.57,0.51,0.51,301786
LGD,20070731,0.45,0.465,0.45,0.465,80992
LGL,20070731,3.05,3.07,3.03,3.06,10191251
LGO,20070731,0.027,0.028,0.027,0.028,120000
LIC,20070731,0.165,0.165,0.155,0.155,75000
LIN,20070731,0.415,0.415,0.4,0.4,47960
LIP,20070731,0.815,0.815,0.815,0.815,10124
LKO,20070731,0.014,0.015,0.013,0.014,9765776
LLC,20070731,18.58,18.86,18.38,18.63,1543499
LMG,20070731,0.021,0.021,0.02,0.02,460000
LMP,20070731,0.092,0.092,0.092,0.092,3505
LNC,20070731,0.74,0.74,0.68,0.7,1013079
LNG,20070731,0.69,0.76,0.69,0.75,286956
LNN,20070731,8.5,8.6,8.46,8.5,1663868
LPL,20070731,0.18,0.18,0.18,0.18,30000
LPM,20070731,0.14,0.14,0.14,0.14,165000
LRF,20070731,1.48,1.485,1.47,1.48,237431
LRG,20070731,0.04,0.04,0.04,0.04,350000
LRL,20070731,0.58,0.58,0.575,0.575,28000
LSL,20070731,0.03,0.03,0.028,0.03,258266
LST,20070731,1.845,1.845,1.79,1.81,107088
LTR,20070731,0.32,0.32,0.305,0.315,92607
LUM,20070731,0.016,0.016,0.015,0.015,348050
LWB,20070731,1.7,1.7,1.69,1.69,2000
LYC,20070731,1.27,1.31,1.265,1.3,1760598
LYL,20070731,3.88,4,3.88,3.93,20337
MAB,20070731,0.49,0.49,0.49,0.49,21400
MAE,20070731,1.535,1.58,1.49,1.51,638070
MAH,20070731,1.415,1.44,1.38,1.38,2377820
MAK,20070731,0.41,0.44,0.41,0.41,463785
MAL,20070731,0.57,0.575,0.56,0.57,56565
MAN,20070731,0.035,0.036,0.035,0.036,842778
MAP,20070731,4.34,4.37,4.29,4.37,9164483
MAR,20070731,0.355,0.36,0.355,0.36,132575
MAU,20070731,0.265,0.27,0.26,0.26,79000
MBA,20070731,0.099,0.11,0.099,0.11,508108
MBI,20070731,0.006,0.006,0.006,0.006,359400
MBL,20070731,81.3,82.5,80.46,82.5,3927293
MBN,20070731,5.23,5.24,5.17,5.19,361938
MBP,20070731,0.13,0.13,0.125,0.13,495672
MBR,20070731,1.805,1.93,1.805,1.9,1038716
MBT,20070731,1.34,1.37,1.32,1.34,39337
MCC,20070731,6.46,6.8,6.45,6.77,1242969
MCG,20070731,5.95,6,5.9,5.97,1008406
MCK,20070731,4,4.05,4,4.05,2000
MCL,20070731,0.044,0.045,0.042,0.042,4127043
MCO,20070731,0.265,0.27,0.265,0.265,114782
MCP,20070731,3.84,3.9,3.82,3.9,147676
MCQ,20070731,3.96,4.19,3.96,4.19,272312
MCR,20070731,3.46,3.65,3.38,3.64,2933721
MCU,20070731,1.26,1.29,1.22,1.22,364030
MCW,20070731,1.98,1.995,1.965,1.97,2485892
MDG,20070731,0.19,0.19,0.19,0.19,2000
MDL,20070731,1.475,1.5,1.455,1.455,611110
MDM,20070731,0.11,0.11,0.11,0.11,164263
MDS,20070731,0.135,0.145,0.13,0.13,382010
MDT,20070731,1.205,1.205,1.175,1.195,4913742
MDX,20070731,0.12,0.12,0.105,0.105,105450
MEE,20070731,0.17,0.18,0.17,0.17,571647
MEL,20070731,1.07,1.09,1.065,1.09,161295
MEO,20070731,1.19,1.22,1.18,1.22,1427509
MEP,20070731,0.88,0.88,0.88,0.88,33000
MFF,20070731,0.9,0.9,0.89,0.89,426029
MFG,20070731,1.95,2,1.94,2,48102
MFI,20070731,0.65,0.665,0.65,0.65,198247
MFS,20070731,5.3,5.3,5.18,5.23,2579154
MFT,20070731,0.93,0.945,0.93,0.94,408423
MGO,20070731,0.4,0.4,0.375,0.375,484850
MGR,20070731,5.2,5.26,5.11,5.14,4083680
MGU,20070731,0.34,0.34,0.31,0.31,366598
MGW,20070731,2.1,2.12,2.03,2.03,365830
MGX,20070731,1.49,1.51,1.475,1.48,6520691
MHL,20070731,0.036,0.036,0.034,0.034,2488437
MIG,20070731,3.25,3.28,3.24,3.27,12602324
MIK,20070731,0.495,0.495,0.495,0.495,20963
MIN,20070731,3.6,3.6,3.54,3.6,110233
MIR,20070731,2.57,2.67,2.57,2.67,53878
MIS,20070731,3.05,3.1,2.98,2.98,656242
MIT,20070731,2.15,2.16,2.14,2.16,16035
MIX,20070731,1.025,1.03,1.015,1.025,309479
MKY,20070731,0.062,0.064,0.06,0.06,2694500
MLB,20070731,3.44,3.47,3.42,3.46,92289
MLE,20070731,3.18,3.2,3.15,3.17,990208
MLI,20070731,0.66,0.71,0.66,0.685,2105072
MLM,20070731,0.8,0.8,0.8,0.8,218800
MLS,20070731,0.084,0.084,0.08,0.08,2788957
MLT,20070731,22.6,23.5,22.6,23.5,5648
MLX,20070731,0.4,0.405,0.39,0.405,2066189
MMA,20070731,1.045,1.045,1.04,1.04,125609
MMB,20070731,0.38,0.38,0.365,0.365,187116
MME,20070731,0.031,0.031,0.031,0.031,177419
MMG,20070731,4.46,4.57,4.46,4.57,809556
MML,20070731,1.37,1.4,1.32,1.4,219737
MMN,20070731,0.285,0.285,0.275,0.28,190921
MMR,20070731,0.105,0.105,0.092,0.092,76500
MMS,20070731,5.1,5.2,5.1,5.2,19528
MMX,20070731,5.19,5.19,5.02,5.1,2510228
MND,20070731,16.05,16.52,16,16.4,269333
MNF,20070731,0.145,0.15,0.14,0.15,437958
MNM,20070731,0.2,0.2,0.2,0.2,14000
MOC,20070731,2.92,3.04,2.91,3.04,558992
MOD,20070731,0.031,0.033,0.031,0.033,1123288
MOF,20070731,1.54,1.545,1.505,1.53,8039510
MOG,20070731,0.115,0.115,0.11,0.11,186405
MOL,20070731,6.05,6.33,6.05,6.22,127175
MON,20070731,0.31,0.315,0.3,0.3,882293
MOO,20070731,0.225,0.23,0.225,0.225,49500
MOS,20070731,0.16,0.165,0.16,0.16,1035761
MOX,20070731,0.69,0.71,0.69,0.71,12370
MPA,20070731,0.019,0.019,0.017,0.017,840196
MPB,20070731,8.5,8.5,8.5,8.5,10740
MPD,20070731,0.037,0.037,0.037,0.037,27027
MPF,20070731,1.3,1.31,1.28,1.285,340412
MPG,20070731,0.845,0.845,0.835,0.84,198000
MPH,20070731,0.495,0.495,0.475,0.49,107416
MPJ,20070731,0.009,0.009,0.008,0.009,1408333
MPO,20070731,0.28,0.29,0.27,0.27,6098438
MPS,20070731,1.095,1.1,1.085,1.1,315486
MPY,20070731,0.94,0.94,0.9,0.9,270438
MRA,20070731,0.91,0.915,0.9,0.9,98360
MRC,20070731,0.245,0.245,0.24,0.24,130000
MRE,20070731,6.5,6.52,6.31,6.34,2045870
MRM,20070731,1.8,1.82,1.76,1.79,218931
MRO,20070731,1.42,1.42,1.35,1.35,49649
MRU,20070731,0.905,0.905,0.9,0.905,67996
MRX,20070731,0.175,0.175,0.16,0.16,11337403
MRZ,20070731,1.41,1.425,1.405,1.42,137644
MSB,20070731,2,2.02,2,2.02,3500
MSC,20070731,0.019,0.02,0.019,0.019,2253331
MSF,20070731,3.2,3.2,3.15,3.15,1500
MSH,20070731,0.09,0.098,0.09,0.096,1145203
MSL,20070731,2.55,2.58,2.53,2.54,60693
MSN,20070731,0.19,0.195,0.19,0.19,181000
MSO,20070731,0.024,0.024,0.024,0.024,400000
MST,20070731,0.135,0.14,0.135,0.135,124813
MTB,20070731,0.093,0.094,0.086,0.089,412728
MTH,20070731,0.315,0.315,0.305,0.305,15000
MTI,20070731,0.03,0.03,0.03,0.03,150080
MTN,20070731,5.1,5.3,5,5.3,114242
MTS,20070731,4.41,4.51,4.4,4.47,3623952
MTU,20070731,0.93,0.955,0.89,0.89,68989
MTY,20070731,0.14,0.14,0.13,0.13,22333
MUE,20070731,0.96,0.97,0.96,0.96,344085
MUM,20070731,0.48,0.55,0.47,0.55,248670
MUN,20070731,0.67,0.67,0.6,0.61,393788
MUR,20070731,0.14,0.15,0.14,0.15,2890782
MUT,20070731,0.033,0.033,0.031,0.031,112000
MVH,20070731,0.25,0.26,0.25,0.26,35000
MVP,20070731,0.59,0.59,0.58,0.58,43130
MWE,20070731,0.31,0.33,0.29,0.295,384815
MWG,20070731,0.985,0.99,0.985,0.99,70213
MWR,20070731,0.185,0.185,0.185,0.185,20000
MWS,20070731,0.07,0.07,0.07,0.07,261098
MXG,20070731,4.96,4.98,4.96,4.96,4585452
MXI,20070731,0.66,0.67,0.645,0.67,467007
MXL,20070731,0.054,0.055,0.053,0.053,120000
MXR,20070731,0.32,0.325,0.31,0.325,126368
MXX,20070731,2.05,2.05,2,2.03,38110
MYO,20070731,1.18,1.19,1.17,1.17,179932
NAB,20070731,38.3,38.59,37.96,38.36,5913472
NAD,20070731,0.039,0.04,0.038,0.04,512015
NAL,20070731,0.048,0.048,0.045,0.045,1408383
NAM,20070731,0.615,0.62,0.615,0.62,30259
NAN,20070731,0.69,0.73,0.69,0.73,333474
NAV,20070731,1,1.055,1,1.04,413211
NBL,20070731,4.74,4.75,4.74,4.75,3000
NCI,20070731,1.98,1.98,1.98,1.98,400
NCK,20070731,2.49,2.53,2.46,2.46,16555
NCM,20070731,24.69,24.9,24.4,24.9,1646427
NDL,20070731,0.17,0.18,0.17,0.18,63560
NDM,20070731,0.24,0.265,0.24,0.255,910700
NDO,20070731,0.265,0.285,0.265,0.285,2316719
NEC,20070731,0.99,1.04,0.985,1.03,59731
NEL,20070731,3.55,3.71,3.42,3.7,6255
NEM,20070731,4.88,4.92,4.87,4.91,54752
NEO,20070731,0.115,0.115,0.115,0.115,444500
NEU,20070731,0.375,0.38,0.345,0.36,58231
NFK,20070731,2.07,2.07,1.98,2.02,2607114
NFL,20070731,0.42,0.45,0.42,0.435,228980
NGF,20070731,0.29,0.32,0.29,0.31,80379
NGM,20070731,0.6,0.6,0.59,0.59,572671
NGY,20070731,0.105,0.105,0.105,0.105,186668
NHC,20070731,2.18,2.2,2.1,2.13,193479
NHR,20070731,1.63,1.63,1.59,1.6,3269
NKP,20070731,1.12,1.15,1.11,1.15,295362
NLB,20070731,0.41,0.41,0.41,0.41,1875
NLG,20070731,0.32,0.33,0.3,0.3,496500
NLX,20070731,1.47,1.53,1.47,1.53,69543
NMI,20070731,0.195,0.21,0.185,0.185,57224
NMR,20070731,0.57,0.57,0.55,0.55,91350
NMS,20070731,0.96,0.99,0.96,0.99,313115
NOD,20070731,3,3.08,3,3.08,234421
NQM,20070731,0.3,0.3,0.27,0.27,19200
NRT,20070731,1.9,1.97,1.85,1.93,68497
NRU,20070731,0.215,0.215,0.21,0.215,110000
NSL,20070731,0.016,0.016,0.015,0.015,540000
NST,20070731,0.125,0.125,0.125,0.125,70689
NSX,20070731,0.5,0.52,0.495,0.495,69250
NTC,20070731,0.052,0.06,0.052,0.06,70000
NTU,20070731,0.95,0.95,0.95,0.95,14900
NUF,20070731,12.94,13.24,12.92,13.1,705278
NUP,20070731,0.46,0.5,0.46,0.5,64000
NWA,20070731,0.019,0.02,0.019,0.02,2074779
NWE,20070731,0.31,0.32,0.29,0.295,891520
NWR,20070731,0.29,0.31,0.285,0.295,1862375
NWS,20070731,26.5,26.64,26.25,26.49,1849334
NWT,20070731,0.005,0.006,0.005,0.005,2966666
NXS,20070731,1.695,1.7,1.63,1.68,884068
NZO,20070731,1.17,1.2,1.155,1.16,285372
OAK,20070731,1.9,1.94,1.9,1.94,2650
OBJ,20070731,0.056,0.062,0.056,0.059,1826284
OBL,20070731,0.14,0.14,0.14,0.14,164760
OCE,20070731,0.525,0.525,0.525,0.525,2000
OCO,20070731,0.06,0.063,0.06,0.063,1208400
ODG,20070731,0.23,0.23,0.23,0.23,2000
ODY,20070731,0.62,0.62,0.45,0.48,759250
OEC,20070731,0.295,0.305,0.29,0.3,398111
OEL,20070731,0.35,0.36,0.34,0.35,877680
OEX,20070731,1.63,1.655,1.53,1.55,939644
OFG,20070731,2.09,2.2,2.05,2.15,115912
OGC,20070731,3.77,3.8,3.72,3.78,322103
OIF,20070731,0.92,0.94,0.92,0.93,284351
OIL,20070731,0.51,0.54,0.51,0.52,59190
OKN,20070731,5.69,5.81,5.55,5.81,139621
OKU,20070731,0.27,0.29,0.27,0.29,25000
OLE,20070731,0.019,0.019,0.019,0.019,54999
OLH,20070731,1.15,1.15,1.15,1.15,2000
OLY,20070731,0.092,0.092,0.09,0.09,131246
OMC,20070731,1.3,1.3,1.3,1.3,450
OMH,20070731,0.9,0.95,0.9,0.935,760453
OMI,20070731,0.59,0.61,0.59,0.6,16410
ONC,20070731,0.33,0.33,0.32,0.325,352600
ORD,20070731,0.56,0.56,0.55,0.55,116520
ORG,20070731,9.5,9.95,9.5,9.83,5949975
ORH,20070731,0.11,0.115,0.11,0.11,444989
ORI,20070731,28,28.44,27.5,27.95,1106190
ORO,20070731,0.025,0.026,0.025,0.026,446300
ORP,20070731,0.064,0.065,0.061,0.061,685000
ORT,20070731,0.017,0.017,0.016,0.016,578100
OSH,20070731,3.87,3.87,3.81,3.87,6343126
OST,20070731,6.79,6.83,6.71,6.71,2624685
OTL,20070731,0.245,0.245,0.245,0.245,192711
OVR,20070731,0.95,0.965,0.9,0.945,167918
OXR,20070731,3.72,3.74,3.68,3.73,17877078
OZB,20070731,0.1,0.1,0.1,0.1,21000
PAA,20070731,0.065,0.065,0.064,0.064,233334
PAB,20070731,0.62,0.62,0.58,0.6,342107
PAU,20070731,0.1,0.105,0.1,0.105,1055000
PAY,20070731,2.91,2.91,2.9,2.9,9936
PBA,20070731,1.05,1.1,1.04,1.1,21130
PBB,20070731,1.81,1.81,1.79,1.79,71636
PBD,20070731,2.04,2.07,2.02,2.04,388435
PBG,20070731,3.53,3.64,3.51,3.6,1659439
PBL,20070731,18.74,18.74,18.42,18.52,3069883
PBO,20070731,0.305,0.31,0.3,0.3,122586
PBP,20070731,1.2,1.22,1.2,1.21,979990
PBT,20070731,0.32,0.32,0.31,0.32,57100
PCC,20070731,0.038,0.038,0.038,0.038,6000
PCG,20070731,1.06,1.1,1.06,1.1,332821
PCL,20070731,0.072,0.074,0.071,0.074,322000
PCP,20070731,0.075,0.075,0.075,0.075,17746
PDM,20070731,0.16,0.16,0.155,0.155,39000
PDN,20070731,7.48,7.48,7.08,7.18,6677713
PDO,20070731,0.81,0.81,0.8,0.8,166031
PDZ,20070731,0.9,0.92,0.9,0.9,53000
PEA,20070731,0.605,0.605,0.57,0.57,69695
PEK,20070731,0.185,0.185,0.185,0.185,26500
PEL,20070731,0.355,0.355,0.355,0.355,55000
PEM,20070731,4.58,4.78,4.53,4.76,1800044
PEN,20070731,0.076,0.077,0.07,0.071,6255183
PEP,20070731,0.9,0.925,0.895,0.895,60559
PES,20070731,0.725,0.765,0.72,0.765,449470
PET,20070731,1.025,1.025,1.02,1.02,2677
PEV,20070731,0.096,0.11,0.095,0.095,169990
PFG,20070731,1.16,1.16,1.12,1.16,188118
PFL,20070731,1.65,1.72,1.6,1.65,143317
PGA,20070731,6.1,6.5,6.1,6.5,83384
PGL,20070731,3.92,3.97,3.81,3.84,184515
PGM,20070731,0.87,0.87,0.87,0.87,6000
PGS,20070731,0.355,0.355,0.35,0.35,209350
PHK,20070731,0.31,0.325,0.28,0.28,306247
PHL,20070731,0.4,0.4,0.4,0.4,1
PIE,20070731,0.1,0.1,0.097,0.097,798000
PIM,20070731,1.03,1.03,1.025,1.025,20000
PIO,20070731,0.18,0.18,0.18,0.18,47000
PKT,20070731,0.069,0.069,0.066,0.066,1631654
PLA,20070731,2.07,2.22,2.05,2.13,997182
PLB,20070731,1.58,1.58,1.55,1.58,14800
PLD,20070731,0.315,0.315,0.315,0.315,5000
PLT,20070731,0.435,0.48,0.425,0.44,217327
PLV,20070731,1.39,1.39,1.27,1.32,164677
PMA,20070731,2.29,2.29,2.2,2.25,8300
PMC,20070731,2.05,2.06,2.04,2.06,154817
PME,20070731,1.33,1.33,1.33,1.33,5376
PMH,20070731,0.33,0.34,0.315,0.32,139566
PMM,20070731,8.94,9.24,8.74,9.23,109250
PMP,20070731,1.62,1.655,1.62,1.655,1485845
PMV,20070731,8.8,8.8,8.8,8.8,4500
PMX,20070731,0.055,0.055,0.054,0.054,799259
PNA,20070731,0.71,0.725,0.685,0.685,6029197
PNN,20070731,1.67,1.77,1.67,1.715,144079
POH,20070731,0.3,0.315,0.3,0.315,56773
POL,20070731,0.56,0.59,0.56,0.57,179368
POS,20070731,1.67,1.705,1.645,1.645,578420
PPC,20070731,3.9,3.99,3.9,3.99,126698
PPD,20070731,0.175,0.175,0.175,0.175,1000
PPG,20070731,0.45,0.47,0.43,0.46,85087
PPI,20070731,0.63,0.63,0.63,0.63,168900
PPK,20070731,0.81,0.81,0.8,0.8,10000
PPN,20070731,0.125,0.125,0.125,0.125,1500
PPP,20070731,0.35,0.355,0.335,0.335,1894370
PPS,20070731,0.84,0.84,0.84,0.84,600
PPT,20070731,78.1,79.11,77.5,77.5,149458
PPX,20070731,3.26,3.3,3.18,3.2,4164875
PPY,20070731,0.78,0.78,0.78,0.78,17500
PRC,20070731,0.8,0.8,0.75,0.75,442979
PRE,20070731,0.033,0.034,0.033,0.033,773879
PRG,20070731,5.97,6,5.86,5.92,220162
PRR,20070731,0.024,0.024,0.023,0.024,556486
PRT,20070731,3.65,3.7,3.51,3.7,15085
PRU,20070731,1.18,1.22,1.18,1.2,302933
PRV,20070731,1.2,1.22,1.2,1.22,54512
PRW,20070731,0.275,0.285,0.27,0.28,244571
PRY,20070731,12.02,12.43,12,12.3,199374
PRZ,20070731,0.16,0.16,0.16,0.16,20000
PSA,20070731,1.65,1.65,1.58,1.59,531689
PSD,20070731,0.135,0.135,0.13,0.135,548707
PSH,20070731,1.58,1.64,1.58,1.64,80678
PSP,20070731,0.14,0.145,0.14,0.14,235000
PST,20070731,0.7,0.7,0.7,0.7,49821
PSV,20070731,0.15,0.15,0.14,0.145,4270973
PTD,20070731,1.44,1.47,1.425,1.425,162825
PTM,20070731,7.01,7.03,6.88,6.88,235326
PTO,20070731,0.17,0.17,0.17,0.17,3350
PTR,20070731,1.06,1.1,1.06,1.08,76609
PTS,20070731,0.24,0.25,0.23,0.23,74000
PUN,20070731,0.19,0.19,0.19,0.19,70000
PVE,20070731,1.61,1.61,1.6,1.6,18000
PWK,20070731,4.24,4.36,4.18,4.34,17454
PWR,20070731,0.235,0.235,0.235,0.235,1633
PXL,20070731,0.4,0.42,0.4,0.42,488174
PXS,20070731,3.33,3.35,3.26,3.35,200596
PYC,20070731,0.285,0.33,0.285,0.33,25685
PYM,20070731,0.4,0.41,0.4,0.41,104033
QAN,20070731,5.63,5.76,5.61,5.74,16273999
QBE,20070731,30.02,30.27,29.79,29.97,3332941
QED,20070731,0.035,0.035,0.035,0.035,158210
QFX,20070731,0.24,0.245,0.23,0.245,132623
QGC,20070731,2.91,3,2.91,3,6212780
QHL,20070731,0.82,0.87,0.82,0.85,90083
QMG,20070731,0.24,0.25,0.24,0.24,669300
QML,20070731,0.305,0.335,0.305,0.335,8000
QMT,20070731,3.1,3.1,3.05,3.06,7651
QOL,20070731,0.39,0.39,0.365,0.365,379815
QRX,20070731,1.85,1.85,1.84,1.84,5192
QTK,20070731,0.091,0.095,0.091,0.091,201610
QUE,20070731,0.355,0.355,0.355,0.355,23125
QUR,20070731,0.036,0.036,0.033,0.033,216514
QXQ,20070731,0.08,0.081,0.08,0.081,317000
RAB,20070731,1.31,1.31,1.31,1.31,7532
RAT,20070731,1.06,1.06,1.045,1.055,438014
RAU,20070731,0.037,0.043,0.035,0.043,93313616
RBM,20070731,0.125,0.125,0.12,0.12,1288341
RBR,20070731,0.145,0.15,0.145,0.15,28500
RBY,20070731,0.024,0.024,0.024,0.024,498300
RCG,20070731,0.235,0.235,0.235,0.235,60000
RCH,20070731,0.01,0.012,0.01,0.012,8399713
RCI,20070731,0.2,0.2,0.2,0.2,85740
RCM,20070731,0.12,0.12,0.12,0.12,1720
RCO,20070731,0.975,0.975,0.975,0.975,10000
RCR,20070731,2.18,2.2,2.17,2.2,147210
RCT,20070731,3.76,3.8,3.76,3.8,4816
RCY,20070731,0.855,0.875,0.85,0.86,264606
RDF,20070731,3.18,3.25,3.14,3.25,227088
RDM,20070731,0.37,0.37,0.37,0.37,30000
RDR,20070731,0.585,0.61,0.585,0.61,100307
RDS,20070731,1.29,1.29,1.29,1.29,10000
REA,20070731,5.7,5.82,5.7,5.82,79580
RED,20070731,0.089,0.092,0.089,0.091,665000
REF,20070731,5.61,5.71,5.6,5.6,74392
REH,20070731,27.5,27.6,27.47,27.53,12202
RER,20070731,0.165,0.165,0.165,0.165,100000
REU,20070731,0.98,0.98,0.965,0.98,229926
REX,20070731,2.63,2.65,2.6,2.61,72106
REY,20070731,0.1,0.1,0.1,0.1,15000
RFE,20070731,0.5,0.57,0.5,0.57,212750
RFG,20070731,1.69,1.69,1.65,1.65,14905
RHC,20070731,10.85,10.9,10.62,10.7,460976
RHD,20070731,0.65,0.65,0.64,0.65,47684
RHG,20070731,2.38,2.39,2.3,2.32,7689231
RHI,20070731,2.51,2.51,2.47,2.5,7627
RIA,20070731,0.71,0.75,0.71,0.75,109615
RIC,20070731,1.12,1.13,1.1,1.1,1100798
RIM,20070731,0.056,0.057,0.056,0.057,264724
RIO,20070731,92,93.18,91.6,93.08,2686393
RIV,20070731,3.34,3.65,3.34,3.64,578534
RJT,20070731,0.9,0.915,0.9,0.91,381936
RKN,20070731,1.26,1.26,1.25,1.25,16736
RLC,20070731,0.21,0.21,0.2,0.21,107000
RMA,20070731,0.019,0.02,0.019,0.02,798439
RMC,20070731,0.16,0.17,0.16,0.17,52900
RMD,20070731,5.04,5.08,4.97,5.07,2276918
RMG,20070731,0.026,0.026,0.024,0.024,1194000
RMI,20070731,0.135,0.135,0.12,0.125,8059559
RML,20070731,0.505,0.515,0.495,0.5,190121
RMS,20070731,1.835,1.835,1.7,1.78,232217
RMT,20070731,1.72,1.74,1.72,1.74,12000
RNC,20070731,0.105,0.105,0.105,0.105,45000
RNG,20070731,0.081,0.081,0.08,0.081,898082
RNI,20070731,0.185,0.185,0.185,0.185,1700
RNY,20070731,1.15,1.15,1.125,1.125,96574
ROC,20070731,3.37,3.47,3.37,3.46,1137702
ROG,20070731,0.195,0.195,0.195,0.195,10070
ROK,20070731,5.21,5.27,5.16,5.27,4006
ROL,20070731,0.18,0.18,0.18,0.18,40550
ROY,20070731,0.575,0.575,0.55,0.56,154300
RPG,20070731,1.15,1.15,1.15,1.15,16061
RPM,20070731,0.061,0.061,0.061,0.061,81710
RPX,20070731,2.15,2.22,2.1,2.22,196858
RRA,20070731,0.845,0.87,0.845,0.87,644890
RRL,20070731,0.12,0.135,0.12,0.13,3246594
RRS,20070731,0.93,0.935,0.91,0.925,396217
RRT,20070731,0.91,0.93,0.91,0.925,615238
RSG,20070731,1.5,1.5,1.405,1.445,422127
RSL,20070731,0.027,0.028,0.026,0.027,925000
RSN,20070731,0.074,0.076,0.074,0.075,179496
RSP,20070731,1.93,1.95,1.82,1.93,374385
RUB,20070731,0.94,0.94,0.92,0.93,145622
RUR,20070731,0.23,0.235,0.23,0.235,345000
RVM,20070731,0.4,0.41,0.4,0.41,35000
RVR,20070731,0.2,0.2,0.2,0.2,50000
RWD,20070731,0.85,0.865,0.8,0.865,26731
RXL,20070731,0.36,0.37,0.355,0.37,158400
SAE,20070731,0.56,0.58,0.5,0.505,1229660
SAF,20070731,0.048,0.048,0.045,0.045,324583
SAI,20070731,3.77,3.86,3.71,3.8,450687
SAQ,20070731,5.61,5.9,5.61,5.9,11422
SAR,20070731,0.375,0.38,0.37,0.38,710964
SAU,20070731,0.335,0.345,0.335,0.34,557931
SBC,20070731,17.24,17.26,17.22,17.25,313448
SBI,20070731,0.285,0.3,0.27,0.3,130047
SBL,20070731,0.033,0.035,0.033,0.035,1949171
SBM,20070731,0.505,0.51,0.5,0.505,2276986
SBP,20070731,0.04,0.04,0.039,0.039,130000
SBR,20070731,0.41,0.45,0.41,0.45,141751
SBS,20070731,0.1,0.105,0.099,0.1,2750835
SCB,20070731,1.07,1.07,1.07,1.07,5427
SCC,20070731,0.36,0.36,0.36,0.36,18000
SCE,20070731,0.019,0.021,0.019,0.019,384288
SDG,20070731,3.97,4.02,3.81,3.98,1074160
SDL,20070731,0.515,0.525,0.5,0.51,13407366
SDM,20070731,3.42,3.7,3.42,3.65,76404
SEA,20070731,0.4,0.4,0.36,0.4,417000
SEK,20070731,8.47,8.53,8.38,8.43,759061
SEN,20070731,0.11,0.12,0.11,0.115,240721
SEV,20070731,11,11.47,11,11.23,564325
SFC,20070731,9,9.08,9,9.08,15074
SFH,20070731,1.635,1.64,1.6,1.61,640535
SFP,20070731,0.33,0.33,0.295,0.3,113500
SFY,20070731,59.5,59.5,57.35,57.87,4992
SGB,20070731,34.1,34.62,34.07,34.5,2106238
SGH,20070731,1.675,1.675,1.635,1.65,14030
SGL,20070731,0.35,0.36,0.35,0.355,256325
SGM,20070731,26.99,27.2,26.82,27,631862
SGN,20070731,2.58,2.58,2.45,2.52,1565740
SGP,20070731,7.77,7.79,7.61,7.73,4646599
SGT,20070731,2.63,2.68,2.63,2.66,6309930
SGX,20070731,5.78,5.85,5.61,5.7,1903496
SHC,20070731,0.18,0.19,0.18,0.19,17300
SHE,20070731,0.38,0.38,0.38,0.38,27390
SHG,20070731,1.13,1.15,1.06,1.06,178701
SHL,20070731,15.04,15.49,15.04,15.4,1124735
SHV,20070731,10.55,10.6,10.4,10.41,29576
SHX,20070731,0.33,0.33,0.3,0.3,50600
SIM,20070731,0.805,0.84,0.8,0.835,222450
SIP,20070731,1.805,1.86,1.8,1.85,10412468
SIV,20070731,1.63,1.63,1.63,1.63,23886
SKC,20070731,4.42,4.42,4.35,4.39,78118
SKE,20070731,5.18,5.18,5.06,5.16,19404
SKI,20070731,1.92,1.92,1.9,1.915,13598550
SLA,20070731,1.22,1.26,1.2,1.26,86695
SLD,20070731,0.185,0.185,0.185,0.185,10000
SLF,20070731,20.7,20.82,20.66,20.82,12596
SLM,20070731,5.08,5.2,5.08,5.2,67292
SLV,20070731,2.96,3.02,2.96,3,545730
SLX,20070731,10.6,10.77,10.41,10.45,109927
SMA,20070731,0.045,0.045,0.041,0.041,309571
SMC,20070731,0.12,0.125,0.12,0.12,144323
SML,20070731,0.048,0.05,0.048,0.049,1816112
SMM,20070731,3.43,3.46,3.35,3.38,95360
SMN,20070731,0.155,0.155,0.15,0.15,140000
SMX,20070731,6.09,6.2,6.09,6.2,122504
SMY,20070731,3.85,3.88,3.72,3.82,1359472
SMZ,20070731,0.2,0.2,0.18,0.18,100000
SNO,20070731,0.82,0.82,0.82,0.82,10700
SNU,20070731,0.23,0.24,0.22,0.22,208000
SOE,20070731,0.25,0.25,0.245,0.25,1122000
SOL,20070731,9.91,10,9.78,9.92,53709
SOM,20070731,0.022,0.023,0.022,0.022,1481617
SOO,20070731,0.095,0.096,0.09,0.092,479406
SOT,20070731,0.675,0.71,0.675,0.695,432121
SPD,20070731,0.35,0.35,0.32,0.32,1667
SPH,20070731,3.66,3.9,3.45,3.45,277722
SPL,20070731,0.42,0.42,0.4,0.4,134000
SPN,20070731,1.36,1.38,1.345,1.355,4749919
SPT,20070731,4.33,4.52,4.26,4.52,559459
SRA,20070731,0.049,0.05,0.049,0.05,376000
SRH,20070731,2.35,2.43,2.35,2.4,13076
SRI,20070731,0.135,0.135,0.13,0.13,485000
SRK,20070731,2.35,2.4,2.3,2.35,512148
SRL,20070731,4.25,4.38,4.15,4.2,1792275
SRR,20070731,0.175,0.175,0.17,0.17,19500
SRV,20070731,4.7,4.7,4.7,4.7,5500
SRX,20070731,3.8,3.95,3.8,3.85,6700
SRZ,20070731,0.275,0.285,0.27,0.275,317901
SSC,20070731,0.044,0.046,0.044,0.044,2413992
SSI,20070731,2.35,2.45,2.35,2.44,33510
SSM,20070731,2,2.08,2,2.08,321668
SSN,20070731,0.19,0.2,0.19,0.2,87600
SSX,20070731,2.74,2.79,2.73,2.75,1336629
STB,20070731,0.195,0.195,0.18,0.18,37566
STC,20070731,0.78,0.8,0.78,0.8,16400
STE,20070731,0.14,0.14,0.13,0.13,117100
STG,20070731,1.62,1.645,1.62,1.645,12996
STI,20070731,0.07,0.076,0.068,0.076,82500
STO,20070731,13.15,13.33,12.9,13.3,2915646
STS,20070731,2.7,2.75,2.68,2.75,85758
STU,20070731,1.03,1.03,0.98,0.98,135539
STW,20070731,58.75,59.07,58.6,59.02,116194
STX,20070731,0.26,0.29,0.26,0.29,3753256
SUL,20070731,4.78,4.79,4.74,4.74,24498
SUN,20070731,19.67,19.68,19.37,19.4,4068907
SUR,20070731,0.09,0.092,0.09,0.09,232740
SVL,20070731,0.235,0.235,0.22,0.22,15000
SWG,20070731,0.012,0.012,0.012,0.012,155000
SWK,20070731,1.53,1.6,1.51,1.51,119704
SXP,20070731,0.365,0.365,0.335,0.345,1156729
SYB,20070731,4.1,4.18,4.1,4.15,2298984
SYG,20070731,0.027,0.027,0.026,0.027,3816291
SYL,20070731,5.42,5.42,5.4,5.4,10000
SYM,20070731,0.555,0.56,0.555,0.56,56428
SYP,20070731,0.8,0.81,0.8,0.81,93750
TAG,20070731,0.425,0.425,0.425,0.425,2000
TAH,20070731,16.43,16.43,16.11,16.25,1175270
TAL,20070731,2.37,2.4,2.35,2.4,634443
TAM,20070731,0.135,0.135,0.125,0.125,1160168
TAN,20070731,0.46,0.46,0.46,0.46,1000
TAP,20070731,2.01,2.13,2.01,2.13,3123973
TAS,20070731,0.25,0.255,0.25,0.25,158500
TAW,20070731,0.165,0.165,0.165,0.165,22499
TBG,20070731,1.8,1.9,1.8,1.9,19880
TBR,20070731,1,1.19,1,1.19,19385
TCL,20070731,7.3,7.38,7.16,7.18,4198471
TCN,20070731,0.13,0.145,0.12,0.145,83500
TCQ,20070731,2.8,2.85,2.8,2.8,793875
TDR,20070731,0.03,0.03,0.03,0.03,200000
TEE,20070731,0.021,0.024,0.021,0.024,6667355
TEL,20070731,4.09,4.11,4.05,4.05,8032987
TEN,20070731,2.67,2.68,2.61,2.66,1294239
TEX,20070731,0.205,0.21,0.2,0.2,185000
TEY,20070731,0.56,0.595,0.53,0.595,113893
TFC,20070731,1.11,1.12,1.05,1.08,241273
TFS,20070731,0.26,0.26,0.26,0.26,8000
TGF,20070731,0.6,0.64,0.6,0.63,151515
TGG,20070731,1.475,1.475,1.455,1.455,45824
TGP,20070731,2.22,2.22,2.17,2.19,139503
TGR,20070731,3.42,3.58,3.42,3.55,134545
TGS,20070731,0.73,0.75,0.73,0.745,197638
THG,20070731,1.15,1.15,1.13,1.13,55153
THK,20070731,0.26,0.28,0.255,0.255,410887
THR,20070731,0.32,0.32,0.3,0.315,86294
THX,20070731,0.53,0.53,0.49,0.49,344443
TIM,20070731,1.955,2.01,1.95,2.01,1121283
TIS,20070731,0.57,0.57,0.56,0.565,28000
TKG,20070731,0.011,0.012,0.011,0.012,494937
TLM,20070731,0.17,0.17,0.17,0.17,12000
TLS,20070731,4.6,4.62,4.58,4.6,22561219
TMR,20070731,0.325,0.33,0.305,0.315,3109112
TMX,20070731,0.19,0.2,0.185,0.185,90000
TNC,20070731,0.041,0.041,0.039,0.039,520002
TNE,20070731,1.245,1.26,1.225,1.26,699596
TNL,20070731,0.53,0.53,0.53,0.53,122000
TOE,20070731,0.8,0.83,0.8,0.83,150019
TOL,20070731,14.16,14.26,14.01,14.23,1714163
TOX,20070731,2.16,2.45,2.16,2.4,302601
TPC,20070731,0.17,0.18,0.17,0.18,4269169
TPI,20070731,13.42,13.46,12.79,13.36,937340
TPX,20070731,7.5,7.5,7.4,7.4,5900
TQH,20070731,0.27,0.295,0.27,0.295,40600
TRF,20070731,1.05,1.06,1.045,1.06,74169
TRG,20070731,15.75,15.85,15.65,15.69,3045
TRJ,20070731,0.3,0.3,0.3,0.3,14000
TRO,20070731,1.31,1.35,1.31,1.35,56601
TRS,20070731,14.3,14.75,14.25,14.75,45006
TRU,20070731,12.2,12.2,12.2,12.2,7376
TRY,20070731,2.4,2.64,2.4,2.64,90713
TSE,20070731,11.35,11.42,11.1,11.33,309700
TSH,20070731,0.395,0.4,0.395,0.4,5800
TSI,20070731,2.4,2.4,2.33,2.35,478763
TSM,20070731,2.03,2.03,2.03,2.03,40785
TSO,20070731,2.31,2.36,2.31,2.33,1844692
TTI,20070731,0.43,0.43,0.42,0.425,45250
TTR,20070731,0.099,0.099,0.094,0.095,671000
TTS,20070731,4.9,4.93,4.81,4.91,3137001
TTV,20070731,0.15,0.18,0.15,0.18,11000
TTY,20070731,1.025,1.025,0.995,1,1266497
TUC,20070731,0.36,0.36,0.36,0.36,5000
TVL,20070731,0.36,0.36,0.36,0.36,20000
TVN,20070731,0.029,0.029,0.028,0.028,100000
TWO,20070731,3.07,3.07,2.98,2.98,162032
TWR,20070731,2.11,2.11,2.06,2.06,391173
TWT,20070731,0.63,0.63,0.63,0.63,2000
TXN,20070731,0.64,0.65,0.64,0.64,366551
TZL,20070731,2.55,2.55,2.45,2.45,7110
TZN,20070731,3.16,3.28,3.13,3.25,226364
UBI,20070731,1.4,1.45,1.4,1.45,57750
UCL,20070731,0.024,0.024,0.024,0.024,1992643
UCM,20070731,0.365,0.365,0.365,0.365,2500
UCW,20070731,1,1,0.99,0.99,4150
UEQ,20070731,0.46,0.47,0.45,0.45,1110190
UGL,20070731,17.99,18.9,17.99,18.6,1172368
UKL,20070731,1.05,1.08,1.04,1.07,115169
UMC,20070731,0.765,0.78,0.725,0.725,223500
UNI,20070731,0.3,0.3,0.275,0.295,234000
UNW,20070731,0.32,0.32,0.31,0.32,255003
UNX,20070731,1.72,1.72,1.64,1.65,120550
UOG,20070731,0.13,0.135,0.13,0.13,63126
UOS,20070731,3.02,3.1,3.02,3.1,18000
URA,20070731,0.35,0.35,0.33,0.33,140850
URL,20070731,0.096,0.098,0.095,0.098,937000
URM,20070731,0.225,0.235,0.225,0.235,70000
URO,20070731,0.19,0.2,0.185,0.195,285331
USA,20070731,0.255,0.275,0.255,0.275,38000
UTO,20070731,0.54,0.58,0.52,0.52,214687
UUL,20070731,0.5,0.505,0.5,0.5,17946
UXA,20070731,0.335,0.335,0.33,0.33,22500
UXC,20070731,2.55,2.64,2.55,2.6,287297
VBA,20070731,2.3,2.33,2.28,2.33,155810
VCN,20070731,0.45,0.455,0.43,0.435,355000
VCR,20070731,0.695,0.7,0.685,0.685,426683
VGH,20070731,3.09,3.18,3.09,3.15,190596
VGP,20070731,0.21,0.21,0.2,0.2,25810
VHL,20070731,0.11,0.115,0.105,0.115,69555
VIL,20070731,0.095,0.095,0.095,0.095,650000
VIR,20070731,1.045,1.05,1.045,1.05,140792
VKI,20070731,1.04,1.04,1.04,1.04,84082
VLA,20070731,0.086,0.086,0.084,0.084,176000
VLL,20070731,0.042,0.042,0.04,0.04,93548
VMG,20070731,3.13,3.13,3.09,3.12,118176
VML,20070731,0.92,0.945,0.915,0.92,257412
VMS,20070731,0.26,0.26,0.26,0.26,14319
VMT,20070731,0.17,0.17,0.16,0.17,545192
VNS,20070731,0.55,0.57,0.55,0.56,58200
VPE,20070731,0.185,0.19,0.18,0.18,423499
VPG,20070731,1.845,1.875,1.795,1.85,5674044
VRE,20070731,0.37,0.375,0.365,0.37,1721540
VRL,20070731,3.16,3.2,3.16,3.19,28239
VSG,20070731,0.018,0.019,0.018,0.019,1555400
VTP,20070731,1.38,1.38,1.38,1.38,484
WAB,20070731,1.03,1.04,1.03,1.03,185544
WAM,20070731,1.9,1.94,1.9,1.92,113120
WAN,20070731,13.82,14.3,13.66,14.26,426873
WAS,20070731,0.051,0.052,0.05,0.051,3844741
WAT,20070731,1.53,1.53,1.53,1.53,2000
WBA,20070731,1.22,1.24,1.22,1.24,32610
WBB,20070731,12.25,12.4,12.25,12.4,13610
WBC,20070731,26,26.2,25.67,26.2,5404953
WCB,20070731,4.39,4.4,4.32,4.4,14107
WCL,20070731,0.76,0.76,0.72,0.72,18530
WCP,20070731,0.14,0.145,0.13,0.135,929492
WDC,20070731,19.2,19.32,19.02,19.05,6973348
WDR,20070731,0.23,0.235,0.23,0.23,120059
WDS,20070731,3,3.05,2.97,3.04,115893
WEB,20070731,1.165,1.215,1.165,1.215,129969
WEC,20070731,3.1,3.19,3.1,3.19,79940
WES,20070731,38.98,39,38.56,38.99,1121053
WEZ,20070731,0.075,0.075,0.073,0.073,452596
WFL,20070731,1.67,1.68,1.67,1.68,10469
WGP,20070731,0.155,0.16,0.155,0.16,38000
WGR,20070731,0.37,0.37,0.37,0.37,45000
WHC,20070731,1.73,1.745,1.72,1.745,72889
WHE,20070731,3.84,3.84,3.6,3.6,289128
WHF,20070731,4.72,4.74,4.66,4.7,14630
WHG,20070731,2.49,2.5,2.4,2.45,453189
WIG,20070731,4.35,4.35,4.32,4.35,26395
WIL,20070731,1.16,1.175,1.16,1.16,58044
WKL,20070731,0.3,0.315,0.28,0.305,2225328
WKR,20070731,0.335,0.335,0.335,0.335,14000
WLS,20070731,1.17,1.17,1.17,1.17,53805
WME,20070731,0.235,0.25,0.235,0.245,1719344
WMT,20070731,0.24,0.24,0.22,0.22,9123151
WOR,20070731,33.73,34.58,33.73,33.9,423598
WOW,20070731,27,27.3,26.6,27.29,3361044
WPG,20070731,1.3,1.3,1.21,1.26,287527
WPL,20070731,43.15,43.61,42.96,43.29,2015023
WRK,20070731,0.51,0.53,0.5,0.5,248373
WSA,20070731,5,5,4.82,4.9,715299
WST,20070731,0.46,0.46,0.46,0.46,150000
WSY,20070731,0.026,0.026,0.026,0.026,123000
WTE,20070731,0.215,0.22,0.17,0.17,10794545
WTF,20070731,5.75,5.9,5.75,5.88,221889
WTP,20070731,5.8,5.86,5.76,5.79,74206
WWA,20070731,2.82,2.82,2.8,2.82,10500
WWM,20070731,0.225,0.225,0.225,0.225,10000
WWW,20070731,0.645,0.645,0.645,0.645,20000
WYL,20070731,3.24,3.36,3.22,3.35,145678
XAF,20070731,5922.4,5922.4,5922.4,5922.4,0
XAO,20070731,6157.5,6187.8,6146.5,6187.5,0
XAT,20070731,614480,614480,614480,614480,0
XBL,20070731,0.215,0.215,0.215,0.215,7000
XDJ,20070731,2806.7,2822.8,2790.8,2822.8,0
XEJ,20070731,14034.6,14250,14018.3,14241.2,0
XFJ,20070731,6856,6869.3,6821.5,6862.8,0
XFL,20070731,5910.1,5926.1,5884,5923.9,0
XGD,20070731,5052.6,5052.6,5052.6,5052.6,0
XHJ,20070731,8431.3,8459,8372.7,8433.1,0
XIJ,20070731,595.1,605.5,590.9,597.1,0
XJO,20070731,6120.7,6145.4,6103,6144.2,0
XKO,20070731,6144,6169.3,6127.9,6168.1,0
XMD,20070731,6268.6,6308.2,6260.5,6299.2,0
XMJ,20070731,13404.7,13442.4,13319.4,13424.8,0
XMM,20070731,4689.7,4689.7,4689.7,4689.7,0
XNJ,20070731,6739.7,6819.4,6736,6819.4,0
XPJ,20070731,2269.4,2271.1,2243.9,2251.1,0
XRF,20070731,0.17,0.17,0.17,0.17,0
XSJ,20070731,7705.8,7821.5,7696.4,7814.1,0
XSO,20070731,3886.7,3935.9,3883.1,3935.9,0
XST,20070731,0.17,0.17,0.17,0.17,26000
XTJ,20070731,1647.7,1655.4,1641.1,1646.7,0
XTL,20070731,3250.5,3259.2,3235.3,3258.6,0
XTO,20070731,4925,4939.8,4907,4938.4,0
XUJ,20070731,7400.9,7416.9,7338.5,7386.5,0
XXJ,20070731,7134.9,7162.9,7111.1,7160.2,0
YGL,20070731,0.275,0.28,0.275,0.275,567431
YML,20070731,0.62,0.64,0.62,0.64,127000
YRR,20070731,0.36,0.36,0.36,0.36,17722
YTC,20070731,1.18,1.22,1.18,1.22,9650
ZBB,20070731,5.6,5.6,5.6,5.6,529
ZDX,20070731,0.45,0.49,0.45,0.47,156901
ZFX,20070731,19.41,19.93,19.34,19.91,3371199
ZGL,20070731,0.415,0.415,0.4,0.4,193150
ZGM,20070731,0.2,0.21,0.19,0.2,452790
ZIM,20070731,14.6,16,14.6,16,11005
ZNC,20070731,0.395,0.42,0.395,0.42,37500
ZRL,20070731,0.55,0.55,0.55,0.55,187725
ZYL,20070731,0.053,0.054,0.052,0.052,737647
