AAC,20070724,3.02,3.24,3.02,3.22,111826
AAE,20070724,0.315,0.32,0.315,0.315,135873
AAM,20070724,0.225,0.24,0.225,0.24,1398488
AAN,20070724,15.09,15.15,15.07,15.13,3006702
AAO,20070724,0.165,0.165,0.165,0.165,23000
AAQ,20070724,0.645,0.65,0.635,0.635,62976
AAR,20070724,0.13,0.135,0.125,0.13,11860800
AAS,20070724,0.165,0.17,0.16,0.17,669349
AAU,20070724,0.395,0.4,0.39,0.39,75500
AAX,20070724,10.28,10.51,10.16,10.51,251082
ABB,20070724,9.29,9.65,9.27,9.62,342487
ABC,20070724,3.45,3.48,3.43,3.44,525082
ABI,20070724,0.037,0.037,0.035,0.035,374173
ABJ,20070724,0.065,0.065,0.062,0.063,162530
ABP,20070724,1.935,1.94,1.9,1.9,540125
ABQ,20070724,0.45,0.45,0.45,0.45,38666
ABS,20070724,7.03,7.16,7.01,7.16,2128671
ABU,20070724,0.185,0.19,0.185,0.19,480500
ABW,20070724,11,11,10.98,10.98,1500
ABY,20070724,3.68,3.76,3.66,3.7,3650341
ACB,20070724,1.585,1.7,1.55,1.665,412811
ACE,20070724,0.245,0.245,0.245,0.245,96800
ACL,20070724,0.93,0.93,0.92,0.92,60352
ACR,20070724,1.65,1.7,1.64,1.665,123449
ACS,20070724,0.28,0.285,0.26,0.275,1037736
ADA,20070724,0.585,0.585,0.56,0.565,82660
ADB,20070724,15.35,15.49,15.35,15.43,298735
ADE,20070724,0.17,0.17,0.17,0.17,104500
ADG,20070724,4.3,4.3,4.3,4.3,668
ADI,20070724,0.75,0.77,0.71,0.75,358198
ADL,20070724,0.08,0.08,0.077,0.077,71184
ADN,20070724,0.525,0.53,0.525,0.53,83000
ADS,20070724,0.305,0.305,0.295,0.305,1015694
ADT,20070724,0.665,0.665,0.665,0.665,4149
ADU,20070724,0.58,0.59,0.565,0.58,417500
ADX,20070724,0.125,0.125,0.11,0.115,890334
ADY,20070724,0.625,0.67,0.525,0.545,69326071
AEC,20070724,4.3,4.32,4.3,4.32,25100
AED,20070724,8,8.18,7.94,8.14,391523
AEE,20070724,0.42,0.44,0.42,0.44,110430
AEF,20070724,47.25,47.25,47.25,47.25,193
AEI,20070724,0.515,0.56,0.515,0.54,189000
AEO,20070724,2.02,2.06,2,2.01,416996
AEP,20070724,4.45,4.45,4.34,4.34,19897
AET,20070724,1.015,1.015,1.015,1.015,20000
AEU,20070724,1.79,1.8,1.77,1.77,96900
AEX,20070724,0.046,0.048,0.046,0.047,3983335
AEZ,20070724,1.24,1.24,1.235,1.24,1002476
AFG,20070724,11.06,11.45,11.03,11.45,1230980
AFI,20070724,6.02,6.03,5.96,6,410237
AFR,20070724,0.775,0.775,0.775,0.775,21171
AFT,20070724,0.005,0.005,0.004,0.004,529100
AGF,20070724,1.305,1.35,1.3,1.34,457949
AGG,20070724,10.3,10.35,10.18,10.3,2732
AGI,20070724,0.51,0.51,0.46,0.46,364919
AGK,20070724,16.44,16.5,16.38,16.45,1909147
AGM,20070724,0.8,0.805,0.785,0.79,3230441
AGO,20070724,2,2.05,1.95,1.995,2708669
AGS,20070724,1.915,1.975,1.905,1.945,576216
AGX,20070724,0.23,0.23,0.22,0.23,946046
AGY,20070724,0.46,0.465,0.435,0.44,236434
AHD,20070724,7,7,6.81,6.85,323272
AHE,20070724,4.12,4.12,4,4.1,945773
AHG,20070724,0.021,0.021,0.021,0.021,83587
AHI,20070724,3.5,3.5,3.34,3.34,5520
AHN,20070724,0.48,0.48,0.48,0.48,10000
AHR,20070724,0.19,0.19,0.18,0.19,92000
AHS,20070724,0.935,0.935,0.925,0.935,71939
AIA,20070724,3.1,3.13,3.08,3.13,2198267
AIE,20070724,0.125,0.125,0.125,0.125,16000
AII,20070724,0.3,0.325,0.3,0.325,63218
AIM,20070724,0.34,0.35,0.34,0.34,2777606
AIO,20070724,10.1,10.25,10.1,10.21,1619765
AIX,20070724,3.22,3.35,3.2,3.31,1347439
AIY,20070724,0.05,0.05,0.05,0.05,192500
AIZ,20070724,2.39,2.39,2.35,2.38,143939
AJL,20070724,2.6,2.6,2.49,2.6,49908
AKK,20070724,0.265,0.27,0.255,0.27,431477
ALB,20070724,3.01,3.01,2.91,2.93,46713
ALD,20070724,0.53,0.53,0.52,0.525,99836
ALK,20070724,0.38,0.385,0.37,0.38,353812
ALL,20070724,14.15,14.15,13.87,13.95,2180392
ALR,20070724,2.12,2.12,2.1,2.1,33938
ALT,20070724,0.019,0.019,0.019,0.019,28078
ALU,20070724,1.05,1.07,1.05,1.07,14110
ALZ,20070724,2.27,2.36,2.24,2.33,2634397
AMA,20070724,0.625,0.63,0.625,0.63,191400
AMB,20070724,2.18,2.19,2.18,2.19,19920
AMC,20070724,7.37,7.4,7.31,7.31,5466902
AMH,20070724,0.85,0.855,0.84,0.85,561968
AMM,20070724,0.21,0.21,0.205,0.205,90600
AMP,20070724,10.54,10.56,10.44,10.5,5026336
AMU,20070724,0.92,0.94,0.92,0.94,122391
AND,20070724,1,1,0.985,1,435435
ANE,20070724,6.53,6.53,6.43,6.49,38865
ANG,20070724,1.83,1.935,1.83,1.93,218235
ANH,20070724,0.11,0.11,0.105,0.105,931179
ANM,20070724,0.16,0.16,0.155,0.155,10181
ANN,20070724,12.6,12.72,12.52,12.6,911538
ANO,20070724,0.135,0.135,0.135,0.135,7000
ANP,20070724,0.044,0.046,0.039,0.04,3838806
ANX,20070724,0.195,0.195,0.195,0.195,5000
ANZ,20070724,29.48,29.6,29.39,29.39,6350263
AOC,20070724,0.17,0.17,0.17,0.17,57500
AOD,20070724,9.6,9.6,9.6,9.6,2500
AOE,20070724,2.71,2.74,2.68,2.69,1974784
AOM,20070724,0.016,0.016,0.016,0.016,61000
AOP,20070724,0.255,0.255,0.25,0.25,35114
APA,20070724,4.17,4.22,4.16,4.2,414706
APB,20070724,0.17,0.17,0.155,0.155,251130
APD,20070724,3.04,3.04,3,3.01,66983
APE,20070724,15.85,15.85,15.65,15.65,1000
APG,20070724,0.135,0.135,0.13,0.13,1192459
API,20070724,2,2.02,1.99,2.01,757328
APK,20070724,0.56,0.59,0.55,0.56,146450
APM,20070724,0.015,0.015,0.013,0.013,925274
APN,20070724,5.93,5.99,5.9,5.95,513007
APP,20070724,0.57,0.59,0.57,0.59,43500
APZ,20070724,2.56,2.7,2.5,2.7,142285
AQA,20070724,6.55,6.55,6.55,6.55,32005
AQD,20070724,0.26,0.26,0.235,0.245,278654
AQP,20070724,36.99,36.99,36.5,36.7,106200
AQR,20070724,0.245,0.245,0.24,0.245,186744
ARA,20070724,0.65,0.665,0.65,0.665,37964
ARE,20070724,0.25,0.25,0.24,0.24,147468
ARG,20070724,8.27,8.35,8.25,8.3,135018
ARH,20070724,1.305,1.325,1.29,1.325,110688
ARJ,20070724,0.014,0.014,0.014,0.014,365000
ARM,20070724,0.49,0.49,0.485,0.485,48000
ARO,20070724,0.038,0.038,0.038,0.038,790000
ARP,20070724,4.1,4.12,4.1,4.11,22740
ARQ,20070724,1.59,1.59,1.575,1.58,2758496
ARR,20070724,3.17,3.25,3.16,3.22,239067
ARU,20070724,2.04,2.21,2.04,2.2,1381956
ARV,20070724,0.355,0.355,0.345,0.345,90500
ARW,20070724,0.385,0.385,0.375,0.375,234026
ARX,20070724,0.017,0.017,0.015,0.016,4054615
ASB,20070724,3.41,3.41,3.3,3.3,1315680
ASC,20070724,0.021,0.021,0.021,0.021,9000
ASL,20070724,2.82,2.83,2.79,2.81,156033
ASP,20070724,0.44,0.44,0.44,0.44,2864
ASQ,20070724,0.35,0.36,0.34,0.34,66000
ASU,20070724,0.029,0.03,0.029,0.029,227998
ASV,20070724,0.021,0.021,0.021,0.021,140000
ASX,20070724,51.03,51.86,50.95,51.71,491533
ASZ,20070724,1.46,1.47,1.46,1.47,42550
ATG,20070724,0.18,0.19,0.18,0.19,114800
ATN,20070724,0.077,0.082,0.076,0.081,1982130
ATP,20070724,0.51,0.52,0.51,0.51,37691
ATQ,20070724,0.215,0.22,0.215,0.215,90522
ATR,20070724,2.59,2.6,2.59,2.6,6070
AUB,20070724,4.6,4.6,4.47,4.6,251038
AUI,20070724,9.6,9.6,9.37,9.37,10075
AUN,20070724,1.67,1.685,1.645,1.68,1118169
AUQ,20070724,0.3,0.3,0.285,0.285,124450
AUW,20070724,2.68,2.71,2.65,2.71,785484
AUX,20070724,0.044,0.044,0.044,0.044,73072
AUZ,20070724,0.155,0.155,0.145,0.145,3117308
AVA,20070724,0.58,0.68,0.58,0.68,959572
AVE,20070724,3.76,3.76,3.63,3.7,51313
AVI,20070724,0.3,0.32,0.3,0.31,144324
AVJ,20070724,1.27,1.3,1.27,1.28,64300
AVM,20070724,20.47,20.47,20.2,20.2,740
AVO,20070724,1.61,1.65,1.57,1.64,1175461
AVQ,20070724,0.27,0.27,0.27,0.27,52930
AVR,20070724,1.83,1.85,1.83,1.85,208832
AVS,20070724,0.65,0.66,0.65,0.65,102960
AVX,20070724,0.67,0.675,0.645,0.65,455799
AWB,20070724,3.68,3.7,3.61,3.65,1594690
AWC,20070724,8.12,8.24,8.09,8.15,5151672
AWE,20070724,3.58,3.63,3.55,3.6,3240039
AXA,20070724,7.76,7.83,7.68,7.75,4734852
AXC,20070724,0.24,0.24,0.23,0.23,80000
AXI,20070724,0.555,0.56,0.55,0.56,764696
AXM,20070724,1.105,1.22,1.105,1.15,1395026
AXO,20070724,1.25,1.38,1.24,1.38,640051
AXQ,20070724,0.755,0.775,0.755,0.765,27100
AXT,20070724,0.48,0.48,0.47,0.47,55307
AXY,20070724,0.56,0.56,0.53,0.53,119778
AYF,20070724,9.87,9.87,9.86,9.86,10939
AYR,20070724,0.19,0.19,0.175,0.175,171770
AZA,20070724,1,1.025,0.985,0.995,2655984
AZC,20070724,0.315,0.315,0.305,0.31,300214
AZD,20070724,0.4,0.42,0.39,0.415,144621
AZM,20070724,0.21,0.21,0.21,0.21,21128
AZS,20070724,0.305,0.32,0.28,0.295,3312442
AZX,20070724,1.335,1.335,1.33,1.33,10000
AZZ,20070724,0.76,0.775,0.75,0.755,147630
BAR,20070724,0.665,0.665,0.615,0.64,389873
BAS,20070724,0.105,0.105,0.1,0.105,160750
BBG,20070724,17,17.15,16.93,17,782720
BBI,20070724,1.76,1.77,1.75,1.765,4631696
BBP,20070724,3.32,3.39,3.28,3.34,2957404
BBW,20070724,1.95,1.99,1.94,1.975,7788888
BBX,20070724,0.21,0.21,0.21,0.21,3500
BCD,20070724,0.285,0.3,0.28,0.285,65059
BCF,20070724,1.46,1.47,1.45,1.47,272279
BCI,20070724,1.84,1.88,1.815,1.86,200356
BCM,20070724,5.42,5.54,5.38,5.49,703887
BCN,20070724,0.365,0.365,0.35,0.35,161000
BDG,20070724,0.37,0.375,0.345,0.355,3220769
BDI,20070724,0.4,0.4,0.4,0.4,27503
BDL,20070724,0.34,0.345,0.335,0.34,3066884
BEC,20070724,4.24,4.27,4.2,4.2,511936
BEI,20070724,0.68,0.68,0.67,0.67,73706
BEL,20070724,0.41,0.415,0.41,0.415,10000
BEN,20070724,16.31,16.6,16.24,16.48,340528
BER,20070724,0.58,0.6,0.58,0.6,100000
BFE,20070724,0.22,0.22,0.22,0.22,10000
BGD,20070724,0.415,0.415,0.405,0.405,82207
BHP,20070724,38.7,38.81,38.48,38.78,17498462
BIT,20070724,0.23,0.23,0.23,0.23,154286
BJT,20070724,1.815,1.855,1.81,1.82,2542413
BKI,20070724,1.5,1.52,1.5,1.52,54186
BKL,20070724,21.7,22.15,21.7,22.15,1714
BKN,20070724,10.9,11.17,10.85,10.92,767062
BKP,20070724,0.12,0.125,0.12,0.125,311439
BKR,20070724,0.485,0.485,0.485,0.485,2850
BKW,20070724,14,14,13.9,13.9,7623
BKY,20070724,2.05,2.17,2.05,2.15,530213
BLD,20070724,8.22,8.27,8.2,8.23,3273518
BLG,20070724,0.59,0.59,0.59,0.59,34700
BLK,20070724,0.81,0.81,0.71,0.81,67469
BLP,20070724,0.86,0.88,0.86,0.87,531115
BLR,20070724,0.205,0.21,0.205,0.21,2084014
BLS,20070724,0.07,0.072,0.07,0.072,98200
BLT,20070724,0.165,0.195,0.165,0.165,6954545
BLU,20070724,2.22,2.29,2.22,2.27,42710
BLY,20070724,2.37,2.44,2.37,2.43,10516628
BLZ,20070724,0.036,0.038,0.035,0.036,1910000
BMN,20070724,2.48,2.65,2.43,2.65,378258
BMX,20070724,0.255,0.26,0.25,0.26,1475370
BMY,20070724,0.16,0.16,0.16,0.16,9970
BNB,20070724,31.88,32.29,31.84,32,714931
BNL,20070724,0.245,0.245,0.24,0.24,75000
BNO,20070724,0.36,0.37,0.36,0.37,1177170
BNT,20070724,0.099,0.099,0.099,0.099,5000
BOC,20070724,0.86,0.91,0.86,0.91,51600
BOD,20070724,0.14,0.14,0.14,0.14,100000
BOL,20070724,3.07,3.08,3.02,3.05,2561084
BOM,20070724,0.49,0.49,0.49,0.49,9470
BON,20070724,0.125,0.125,0.125,0.125,80000
BOQ,20070724,17.68,17.95,17.66,17.9,237471
BOS,20070724,0.13,0.14,0.13,0.14,542654
BOW,20070724,0.17,0.175,0.165,0.17,68966
BPH,20070724,0.19,0.19,0.185,0.19,24782
BPK,20070724,0.031,0.031,0.031,0.031,1200181
BPO,20070724,0.059,0.06,0.057,0.057,6176162
BPT,20070724,1.41,1.445,1.41,1.445,7634182
BRC,20070724,0.48,0.5,0.48,0.5,24997
BRO,20070724,0.009,0.01,0.009,0.009,10277063
BRT,20070724,0.11,0.11,0.11,0.11,10000
BRW,20070724,0.63,0.65,0.615,0.65,482109
BSA,20070724,0.8,0.8,0.8,0.8,30000
BSG,20070724,3.03,3.08,3.01,3.07,894281
BSL,20070724,12.25,12.49,12.22,12.37,4851545
BSM,20070724,0.35,0.37,0.34,0.35,581807
BTA,20070724,1.82,1.84,1.805,1.805,182516
BTC,20070724,0.36,0.385,0.36,0.37,54690
BTV,20070724,0.165,0.165,0.155,0.165,1336798
BUG,20070724,0.51,0.51,0.51,0.51,10000
BUL,20070724,0.4,0.415,0.4,0.41,1252911
BUR,20070724,0.325,0.34,0.305,0.31,197389
BUY,20070724,0.05,0.05,0.049,0.049,104062
BVA,20070724,1.65,1.65,1.61,1.61,266204
BVP,20070724,0.2,0.215,0.2,0.215,78000
BWN,20070724,0.29,0.29,0.28,0.285,92002
BWP,20070724,2.4,2.45,2.38,2.45,385949
BXB,20070724,11.01,11.1,10.85,11.08,16854060
BXP,20070724,0.225,0.225,0.225,0.225,69200
BYI,20070724,0.96,0.96,0.96,0.96,900
BYR,20070724,0.265,0.27,0.24,0.24,370756
CAA,20070724,0.55,0.56,0.54,0.545,332183
CAB,20070724,12.75,12.95,12.64,12.95,259211
CAF,20070724,0.73,0.73,0.71,0.71,37500
CAL,20070724,0.79,0.79,0.77,0.77,52688
CAM,20070724,1.455,1.455,1.45,1.45,9058
CAQ,20070724,0.19,0.19,0.185,0.185,21000
CAS,20070724,0.83,0.83,0.82,0.82,21662
CAT,20070724,0.65,0.65,0.65,0.65,46
CAU,20070724,0.059,0.059,0.055,0.055,115000
CAV,20070724,1.75,1.77,1.7,1.75,20536
CAZ,20070724,0.64,0.65,0.63,0.63,236530
CBA,20070724,56.65,56.85,56.45,56.72,3462306
CBB,20070724,0.77,0.77,0.77,0.77,3000
CBD,20070724,0.155,0.155,0.155,0.155,58824
CBH,20070724,0.655,0.675,0.65,0.65,12691629
CBM,20070724,2.75,2.8,2.75,2.8,3193
CCE,20070724,0.037,0.037,0.036,0.036,395981
CCI,20070724,0.195,0.235,0.195,0.215,3523877
CCL,20070724,9.5,9.66,9.5,9.55,2198281
CCP,20070724,12.08,12.08,11.22,11.9,94475
CCQ,20070724,0.99,0.99,0.985,0.985,709200
CCS,20070724,0.08,0.08,0.08,0.08,5848
CCU,20070724,0.24,0.24,0.24,0.24,2099
CCV,20070724,0.685,0.685,0.68,0.685,348317
CDA,20070724,1,1,0.95,0.95,111605
CDD,20070724,7.3,7.49,7.3,7.45,52184
CDI,20070724,1.06,1.085,1.06,1.065,125613
CDM,20070724,1.3,1.3,1.29,1.29,28700
CDP,20070724,4.79,4.79,4.7,4.7,17276
CDR,20070724,1.24,1.255,1.175,1.175,2602623
CDS,20070724,0.027,0.028,0.026,0.026,499715
CDU,20070724,4.15,4.56,4.15,4.52,1126964
CDX,20070724,1.8,1.8,1.77,1.77,15000
CEG,20070724,2.6,2.61,2.59,2.59,17800
CER,20070724,1.69,1.715,1.69,1.7,3165449
CES,20070724,0.24,0.27,0.24,0.27,6000
CEU,20070724,1.575,1.575,1.56,1.57,2919002
CEY,20070724,3.36,3.48,3.33,3.47,3558294
CFE,20070724,0.625,0.63,0.6,0.605,1537941
CFI,20070724,0.79,0.8,0.79,0.795,31921
CFK,20070724,0.12,0.12,0.115,0.115,78000
CFR,20070724,0.009,0.01,0.008,0.008,6468338
CFU,20070724,1.07,1.075,1.04,1.04,180692
CFX,20070724,2.19,2.23,2.18,2.22,10118010
CGF,20070724,5.88,6,5.87,5.96,1143139
CGI,20070724,0.125,0.125,0.125,0.125,4960
CGJ,20070724,15.14,15.19,15.01,15.14,2981934
CGM,20070724,0.255,0.255,0.245,0.25,58392
CGO,20070724,1.175,1.18,1.175,1.18,36840
CGS,20070724,0.175,0.18,0.17,0.17,104642
CGT,20070724,0.15,0.16,0.15,0.16,57000
CGX,20070724,0.74,0.75,0.74,0.745,58200
CHB,20070724,52.5,52.5,52.5,52.5,1206
CHC,20070724,2.9,2.93,2.87,2.9,458087
CHD,20070724,0.97,0.97,0.97,0.97,5525
CHF,20070724,0.35,0.355,0.35,0.35,54999
CHN,20070724,0.17,0.18,0.17,0.18,656266
CHP,20070724,0.024,0.024,0.024,0.024,100000
CHQ,20070724,0.77,0.77,0.77,0.77,11432
CHZ,20070724,0.35,0.36,0.35,0.36,81800
CIF,20070724,4.09,4.17,4.08,4.15,406609
CIG,20070724,0.11,0.13,0.11,0.125,20493326
CII,20070724,0.15,0.15,0.145,0.15,512740
CIL,20070724,2.32,2.32,2.28,2.3,104000
CIR,20070724,1.34,1.34,1.34,1.34,5000
CIW,20070724,1.24,1.24,1.24,1.24,10000
CIX,20070724,0.585,0.585,0.565,0.58,1574449
CIY,20070724,4.17,4.23,4.16,4.2,277248
CKK,20070724,0.215,0.22,0.215,0.22,40937
CKL,20070724,0.535,0.54,0.535,0.535,14500
CKP,20070724,1.35,1.35,1.35,1.35,500
CKR,20070724,0.135,0.14,0.135,0.14,310151
CLD,20070724,0.09,0.09,0.09,0.09,10000
CLH,20070724,0.82,0.845,0.815,0.83,40448
CLO,20070724,0.52,0.52,0.515,0.515,41521
CLT,20070724,0.935,0.935,0.91,0.91,41000
CLV,20070724,0.11,0.11,0.1,0.1,277000
CLX,20070724,1.21,1.21,1.21,1.21,3591
CLY,20070724,0.18,0.18,0.18,0.18,5000
CME,20070724,0.083,0.088,0.083,0.088,17250152
CMI,20070724,1.46,1.46,1.46,1.46,2132
CMK,20070724,0.545,0.55,0.545,0.55,68002
CMO,20070724,0.028,0.029,0.027,0.029,5477545
CMP,20070724,0.19,0.19,0.19,0.19,25000
CMR,20070724,5.3,5.56,5.3,5.54,520598
CMV,20070724,0.49,0.49,0.48,0.49,306179
CMW,20070724,1.315,1.315,1.3,1.31,1068388
CNA,20070724,76.5,76.5,76.5,76.5,16
CND,20070724,3.85,3.86,3.78,3.86,77346
CNF,20070724,0.175,0.19,0.17,0.19,535000
CNM,20070724,0.18,0.18,0.175,0.175,565066
CNN,20070724,0.13,0.135,0.13,0.135,205706
CNP,20070724,8.57,8.75,8.5,8.5,5876094
CNT,20070724,1.385,1.39,1.38,1.39,379811
COA,20070724,5.82,5.88,5.82,5.87,393731
COE,20070724,0.83,0.88,0.83,0.88,1205367
COF,20070724,4.33,4.39,4.33,4.36,39395
COH,20070724,64.57,66.38,64.4,65.56,245974
COI,20070724,0.315,0.315,0.305,0.305,200959
COM,20070724,0.21,0.21,0.21,0.21,2500
COO,20070724,0.165,0.165,0.165,0.165,6200
COS,20070724,0.105,0.105,0.105,0.105,37832
COU,20070724,3.4,3.43,3.38,3.4,44517
COZ,20070724,0.345,0.35,0.345,0.35,166539
CPA,20070724,1.65,1.66,1.61,1.65,6748566
CPB,20070724,27,27.51,27,27.4,74594
CPI,20070724,0.38,0.385,0.38,0.385,25601
CPK,20070724,0.725,0.725,0.705,0.71,22114
CPN,20070724,0.28,0.3,0.275,0.3,409000
CPR,20070724,1.9,1.97,1.9,1.915,51397
CPT,20070724,0.06,0.06,0.051,0.051,102030
CPU,20070724,10.8,10.92,10.78,10.8,1469109
CQT,20070724,0.885,0.89,0.815,0.88,850929
CRC,20070724,0.37,0.37,0.37,0.37,225124
CRE,20070724,0.38,0.38,0.36,0.36,387332
CRG,20070724,19.5,20.09,19.5,19.94,301188
CRJ,20070724,0.29,0.3,0.28,0.3,83096
CRK,20070724,1.5,1.5,1.475,1.495,441370
CRL,20070724,0.17,0.185,0.17,0.185,362700
CRT,20070724,0.63,0.64,0.625,0.625,526842
CSE,20070724,0.72,0.72,0.69,0.69,249020
CSF,20070724,1.175,1.225,1.175,1.22,15214456
CSL,20070724,89.51,91.15,89.51,90.94,763781
CSM,20070724,3.45,3.53,3.43,3.48,2254828
CSR,20070724,3.63,3.65,3.6,3.63,11872581
CSS,20070724,1.3,1.3,1.27,1.27,16100
CST,20070724,3.09,3.09,3,3,18238
CSV,20070724,1.575,1.58,1.55,1.55,285300
CSW,20070724,1.015,1.015,1.015,1.015,24428
CTF,20070724,0.028,0.028,0.028,0.028,514
CTI,20070724,0.11,0.11,0.11,0.11,36201
CTN,20070724,2.45,2.48,2.43,2.48,24985
CTO,20070724,0.5,0.505,0.49,0.505,1017523
CTP,20070724,0.21,0.215,0.21,0.21,762647
CTS,20070724,0.755,0.755,0.72,0.72,335328
CTX,20070724,24.38,24.83,24.29,24.7,772741
CUE,20070724,0.235,0.235,0.225,0.225,932305
CUL,20070724,0.115,0.16,0.115,0.15,65976531
CUO,20070724,1.03,1.07,1,1.03,2901123
CUS,20070724,0.22,0.225,0.22,0.22,2216100
CUV,20070724,0.805,0.81,0.78,0.78,113004
CUX,20070724,0.36,0.38,0.36,0.38,689900
CUY,20070724,1.915,1.915,1.91,1.91,21760
CVC,20070724,1.975,1.975,1.97,1.97,168993
CVG,20070724,0.28,0.28,0.25,0.25,76300
CVI,20070724,0.077,0.079,0.07,0.07,4981800
CVN,20070724,0.19,0.19,0.175,0.175,3224903
CVR,20070724,0.23,0.235,0.225,0.235,394000
CVS,20070724,0.022,0.022,0.022,0.022,100000
CWH,20070724,0.4,0.4,0.4,0.4,4999
CWP,20070724,4.95,4.95,4.95,4.95,5628
CWT,20070724,0.865,0.87,0.865,0.87,804008
CXD,20070724,2.4,2.4,2.4,2.4,12500
CXG,20070724,2.95,3.1,2.95,3.06,26674
CXM,20070724,0.63,0.65,0.6,0.64,620921
CXP,20070724,6.89,7,6.89,6.94,188556
CXS,20070724,0.95,0.98,0.95,0.98,76024
CXY,20070724,0.099,0.105,0.092,0.093,5574459
CYA,20070724,1.42,1.42,1.39,1.39,191316
CYC,20070724,0.36,0.36,0.36,0.36,195000
CYG,20070724,4.36,4.5,4.36,4.5,34330
CYL,20070724,0.225,0.23,0.225,0.225,36500
CYT,20070724,0.655,0.69,0.655,0.68,105427
CZR,20070724,0.28,0.28,0.28,0.28,20000
DBS,20070724,0.855,0.86,0.85,0.86,56005
DDD,20070724,0.15,0.15,0.15,0.15,185500
DDT,20070724,0.335,0.34,0.335,0.34,193457
DEG,20070724,0.11,0.11,0.11,0.11,21160
DES,20070724,0.42,0.42,0.39,0.39,215490
DEX,20070724,2.8,2.89,2.8,2.85,124755
DGH,20070724,0.77,0.77,0.77,0.77,5000
DGR,20070724,0.325,0.345,0.315,0.33,534661
DIA,20070724,0.084,0.086,0.083,0.086,425765
DIO,20070724,0.145,0.15,0.14,0.145,2854922
DJS,20070724,5.59,5.74,5.58,5.72,1288431
DJW,20070724,5.09,5.13,5.06,5.08,88308
DKN,20070724,1.835,1.835,1.705,1.785,117426
DLS,20070724,0.165,0.17,0.16,0.17,2236100
DMA,20070724,0.3,0.305,0.3,0.3,66000
DML,20070724,0.47,0.48,0.47,0.47,378725
DMM,20070724,0.33,0.41,0.33,0.37,243485
DMP,20070724,3.2,3.21,3.19,3.2,58192
DMX,20070724,0.59,0.59,0.57,0.575,64800
DOM,20070724,2.6,2.72,2.6,2.72,166224
DOW,20070724,7.3,7.41,7.28,7.33,1879620
DRA,20070724,0.14,0.14,0.135,0.135,639876
DRK,20070724,0.14,0.15,0.14,0.15,763000
DRT,20070724,1.91,1.915,1.88,1.895,10635274
DRX,20070724,0.57,0.59,0.52,0.535,906329
DSF,20070724,0.069,0.069,0.063,0.063,15800
DTL,20070724,5.96,5.96,5.95,5.95,3826
DTM,20070724,0.2,0.2,0.195,0.2,125000
DUE,20070724,3.52,3.6,3.5,3.58,1397161
DUI,20070724,4.35,4.35,4.12,4.35,2799
DVN,20070724,1.31,1.33,1.305,1.33,90326
DWS,20070724,2.8,2.8,2.75,2.77,179125
DWY,20070724,1.42,1.42,1.39,1.42,118425
DXL,20070724,2.28,2.29,2.25,2.27,4295988
DYE,20070724,1.5,1.62,1.45,1.555,920415
DYL,20070724,0.54,0.545,0.525,0.53,955893
EAR,20070724,0.27,0.275,0.27,0.275,28000
EBB,20070724,3.75,3.8,3.7,3.77,89521
EBG,20070724,0.33,0.33,0.33,0.33,20000
EBI,20070724,3.51,3.53,3.49,3.49,459311
EBR,20070724,0.058,0.058,0.056,0.057,1383500
EBT,20070724,0.175,0.18,0.175,0.18,19174
ECH,20070724,1.3,1.35,1.3,1.35,97053
ECU,20070724,0.027,0.028,0.027,0.027,1399571
EDE,20070724,0.64,0.65,0.625,0.65,73875
EDM,20070724,0.052,0.052,0.051,0.051,597982
EDN,20070724,0.4,0.41,0.4,0.41,35304
EDS,20070724,0.74,0.74,0.725,0.725,139000
EFT,20070724,0.091,0.091,0.09,0.09,164615
EGF,20070724,2.25,2.28,2.25,2.25,607677
EGO,20070724,0.007,0.008,0.007,0.008,3509631
EGX,20070724,0.88,0.88,0.86,0.86,20000
EHL,20070724,1.59,1.6,1.555,1.565,3284370
EIF,20070724,0.017,0.017,0.017,0.017,4250
EKA,20070724,0.37,0.39,0.37,0.39,545840
EKM,20070724,0.52,0.53,0.52,0.53,16700
ELI,20070724,1.135,1.135,1.135,1.135,35000
ELK,20070724,0.27,0.27,0.27,0.27,200000
ELL,20070724,0.13,0.14,0.13,0.13,166112
ELM,20070724,0.24,0.24,0.24,0.24,45000
ELX,20070724,0.84,0.84,0.815,0.815,18500
EME,20070724,6.41,6.41,6.39,6.4,6530
EMM,20070724,0.095,0.095,0.095,0.095,10000
EMP,20070724,0.12,0.12,0.11,0.12,2053636
EMR,20070724,0.19,0.19,0.185,0.185,154314
EMS,20070724,0.205,0.21,0.195,0.195,223500
ENB,20070724,0.25,0.25,0.22,0.22,120713
ENE,20070724,4.4,4.52,4.37,4.47,234048
ENG,20070724,0.18,0.18,0.17,0.175,227001
ENR,20070724,0.655,0.655,0.6,0.6,130786
ENV,20070724,1.135,1.15,1.135,1.15,1169859
EOL,20070724,0.17,0.17,0.17,0.17,2000
EON,20070724,0.6,0.6,0.6,0.6,10923
EOS,20070724,1.47,1.48,1.44,1.44,37056
EPE,20070724,0.072,0.081,0.072,0.08,1924135
EPF,20070724,0.185,0.185,0.185,0.185,1901
EPG,20070724,1.03,1.05,1.03,1.035,117456
EPR,20070724,0.072,0.072,0.069,0.07,821667
EPS,20070724,0.275,0.29,0.275,0.285,28100
EPY,20070724,0.08,0.083,0.078,0.079,1542565
EQI,20070724,2.37,2.4,2.2,2.22,956740
EQN,20070724,4.56,4.64,4.53,4.6,1530078
EQT,20070724,32,32,32,32,1658
EQX,20070724,0.23,0.23,0.21,0.22,780344
ERA,20070724,19.86,20.18,19.55,19.75,307301
ERG,20070724,0.175,0.18,0.165,0.175,3434319
ERH,20070724,0.19,0.19,0.19,0.19,50000
ERJ,20070724,0.035,0.035,0.033,0.033,200925
ERL,20070724,0.32,0.32,0.31,0.31,188000
ERN,20070724,0.59,0.6,0.58,0.6,162500
ERO,20070724,0.36,0.365,0.36,0.36,136250
ESG,20070724,0.65,0.67,0.645,0.67,1540430
ESI,20070724,0.17,0.17,0.165,0.165,139606
ESS,20070724,1.17,1.2,1.14,1.15,180209
ESV,20070724,1.04,1.09,1.04,1.04,203076
ETC,20070724,0.08,0.083,0.077,0.08,1012811
ETE,20070724,0.245,0.265,0.24,0.25,2077404
ETW,20070724,0.145,0.15,0.145,0.15,43000
EVE,20070724,0.3,0.3,0.275,0.285,775100
EVG,20070724,0.175,0.185,0.17,0.185,231345
EVM,20070724,0.135,0.135,0.13,0.135,10071
EVZ,20070724,0.515,0.555,0.515,0.55,465889
EWC,20070724,0.99,0.995,0.97,0.975,1249905
EXM,20070724,0.037,0.04,0.037,0.038,43992939
EXR,20070724,0.325,0.35,0.315,0.33,1748291
EXS,20070724,0.395,0.395,0.385,0.385,363500
EXT,20070724,0.86,0.86,0.84,0.84,53150
EYE,20070724,0.15,0.15,0.15,0.15,360000
EZE,20070724,0.14,0.14,0.14,0.14,45000
EZL,20070724,4.15,4.37,4.15,4.37,13762
FAC,20070724,0.49,0.49,0.49,0.49,11224
FAN,20070724,3.95,3.95,3.9,3.9,48359
FAR,20070724,0.16,0.165,0.16,0.16,1650180
FAS,20070724,0.69,0.7,0.675,0.675,200998
FAT,20070724,1.1,1.1,1.1,1.1,7174
FBU,20070724,11.89,11.99,11.81,11.99,942965
FCL,20070724,2.49,2.51,2.48,2.5,4205958
FCN,20070724,0.435,0.475,0.435,0.44,2086392
FDL,20070724,0.016,0.019,0.016,0.018,22363365
FDY,20070724,0.23,0.24,0.23,0.24,114300
FEA,20070724,0.695,0.71,0.69,0.69,645430
FER,20070724,2.03,2.05,2.01,2.01,125531
FFF,20070724,0.072,0.074,0.072,0.072,198000
FFI,20070724,4.62,4.62,4.62,4.62,1000
FGE,20070724,0.77,0.8,0.77,0.775,36307
FGI,20070724,1.53,1.55,1.53,1.55,31250
FGL,20070724,6.35,6.41,6.31,6.36,11467552
FIS,20070724,0.23,0.23,0.205,0.205,120623
FKP,20070724,6.98,7.18,6.95,7.15,1240586
FLT,20070724,19.5,19.79,19.5,19.72,244285
FLX,20070724,5.41,5.42,5.3,5.42,110726
FMG,20070724,37.7,38.09,37.21,37.5,430002
FML,20070724,0.105,0.105,0.1,0.105,2741103
FND,20070724,0.82,0.84,0.82,0.84,180800
FNT,20070724,0.16,0.165,0.155,0.165,1232675
FPA,20070724,3.47,3.47,3.35,3.35,13920
FPH,20070724,2.93,2.97,2.9,2.94,76200
FRE,20070724,0.5,0.52,0.5,0.52,224260
FRI,20070724,0.91,0.91,0.91,0.91,12000
FRR,20070724,0.575,0.58,0.56,0.56,86600
FRS,20070724,0.99,1.085,0.97,1.07,3834835
FRV,20070724,0.08,0.08,0.08,0.08,100000
FSA,20070724,0.78,0.8,0.77,0.78,45600
FUL,20070724,0.055,0.055,0.053,0.053,125000
FUN,20070724,1.685,1.74,1.685,1.735,185182
FUT,20070724,0.006,0.006,0.006,0.006,200000
FWD,20070724,9.4,9.42,9.36,9.4,62247
FWL,20070724,0.81,0.875,0.81,0.83,190922
FXJ,20070724,4.95,5,4.93,4.95,5964344
FXL,20070724,2.92,2.92,2.9,2.9,392009
FXR,20070724,1.27,1.3,1.23,1.28,3246714
FZN,20070724,0.66,0.67,0.655,0.655,188645
GAA,20070724,0.495,0.5,0.48,0.48,761100
GAP,20070724,0.5,0.5,0.5,0.5,49916
GAU,20070724,0.315,0.335,0.315,0.32,314293
GBE,20070724,0.665,0.68,0.665,0.675,23000
GBG,20070724,1.755,1.815,1.68,1.695,6008559
GBL,20070724,0.033,0.034,0.033,0.034,137500
GBM,20070724,0.069,0.069,0.068,0.068,25000
GBP,20070724,0.195,0.22,0.195,0.205,3293061
GBT,20070724,3.9,3.97,3.9,3.97,4050
GCL,20070724,4.94,4.98,4.9,4.93,1455869
GCN,20070724,0.054,0.054,0.054,0.054,20000
GCR,20070724,0.049,0.057,0.049,0.054,18779037
GCX,20070724,0.8,0.82,0.8,0.82,11466
GDA,20070724,0.018,0.018,0.017,0.018,2746000
GDM,20070724,0.69,0.7,0.69,0.69,213614
GDN,20070724,0.23,0.235,0.2,0.21,9297754
GDR,20070724,0.43,0.43,0.43,0.43,133012
GDY,20070724,1.8,1.86,1.74,1.83,349769
GFF,20070724,2.6,2.62,2.58,2.59,7042824
GFL,20070724,0.975,0.995,0.975,0.995,5500
GGE,20070724,0.088,0.09,0.085,0.09,3204204
GGG,20070724,1.48,1.49,1.48,1.49,27000
GGP,20070724,0.275,0.275,0.26,0.265,423822
GGX,20070724,0.08,0.081,0.075,0.075,576295
GGY,20070724,0.12,0.125,0.11,0.11,1976332
GHT,20070724,1.7,1.7,1.7,1.7,470
GIP,20070724,0.12,0.125,0.12,0.125,145550
GIR,20070724,0.84,0.84,0.81,0.81,349489
GJT,20070724,0.945,0.945,0.94,0.945,861149
GLB,20070724,1.35,1.4,1.34,1.34,72700
GLC,20070724,0.19,0.265,0.19,0.26,312500
GLF,20070724,0.325,0.325,0.31,0.31,202446
GLI,20070724,0.19,0.195,0.19,0.195,97906
GLO,20070724,0.045,0.05,0.045,0.046,1681045
GLX,20070724,0.11,0.115,0.11,0.11,175000
GME,20070724,0.81,0.82,0.81,0.815,25000
GMG,20070724,6.62,6.64,6.55,6.58,6014590
GMI,20070724,2.03,2.03,1.95,1.965,1046074
GML,20070724,0.1,0.105,0.1,0.1,191576
GMR,20070724,0.115,0.115,0.115,0.115,30000
GNC,20070724,12.85,12.94,12.73,12.9,19543
GNL,20070724,0.033,0.036,0.033,0.035,153241
GNS,20070724,3.48,3.58,3.47,3.52,1227233
GOA,20070724,0.105,0.11,0.105,0.105,859200
GOG,20070724,0.26,0.265,0.26,0.26,107500
GOP,20070724,0.42,0.42,0.395,0.395,523118
GOW,20070724,3.93,3.93,3.93,3.93,328
GPG,20070724,1.79,1.8,1.79,1.79,394627
GPN,20070724,0.043,0.045,0.041,0.043,4270689
GPT,20070724,4.85,4.85,4.79,4.8,10119237
GRB,20070724,0.25,0.25,0.24,0.24,23000
GRD,20070724,2.95,2.95,2.86,2.93,501316
GRK,20070724,0.14,0.145,0.135,0.135,442850
GRL,20070724,0.29,0.305,0.29,0.29,365125
GRR,20070724,2.39,2.55,2.39,2.54,830859
GRV,20070724,0.6,0.6,0.6,0.6,1200
GRY,20070724,0.435,0.45,0.435,0.44,49500
GSE,20070724,0.099,0.11,0.098,0.1,870300
GSF,20070724,0.03,0.033,0.029,0.032,5566330
GTE,20070724,0.265,0.265,0.26,0.26,93090
GTG,20070724,0.145,0.15,0.14,0.14,138953
GTP,20070724,2.8,2.81,2.61,2.69,2915877
GTX,20070724,0.135,0.135,0.135,0.135,45000
GUD,20070724,11.55,11.65,11.55,11.6,175886
GUJ,20070724,0.35,0.36,0.35,0.35,239479
GUL,20070724,0.088,0.088,0.088,0.088,45000
GUN,20070724,0.305,0.305,0.285,0.295,614233
GVM,20070724,1.19,1.2,1.19,1.19,58000
GWR,20070724,2.35,2.36,2.27,2.3,88482
GWT,20070724,4.45,4.54,4.45,4.5,378763
GWV,20070724,0.081,0.081,0.081,0.081,4625
GXL,20070724,1.77,1.82,1.76,1.82,47699
GXY,20070724,0.69,0.72,0.685,0.71,225840
GYN,20070724,0.315,0.315,0.315,0.315,8708
HAN,20070724,25.04,25.04,25.04,25.04,4211
HAO,20070724,0.038,0.038,0.038,0.038,20000
HAP,20070724,1.27,1.295,1.27,1.295,62124
HAV,20070724,2.63,2.63,2.58,2.58,75777
HAZ,20070724,0.31,0.31,0.28,0.28,185000
HCY,20070724,0.029,0.029,0.027,0.027,16537391
HDF,20070724,3.75,3.75,3.69,3.71,255293
HDG,20070724,0.62,0.65,0.62,0.65,64794
HDN,20070724,0.27,0.27,0.265,0.265,98623
HEA,20070724,0.4,0.4,0.4,0.4,1000
HEG,20070724,0.15,0.16,0.15,0.155,257853
HEM,20070724,0.22,0.22,0.22,0.22,10000
HER,20070724,1.51,1.55,1.5,1.545,193763
HFA,20070724,2.43,2.8,2.43,2.75,2327691
HGI,20070724,3.84,3.93,3.82,3.88,1875120
HGN,20070724,0.57,0.57,0.52,0.52,151069
HGO,20070724,0.52,0.525,0.51,0.52,806050
HGR,20070724,0.017,0.017,0.015,0.015,1267646
HHL,20070724,15.91,16,15.91,15.95,1424
HHV,20070724,1.185,1.195,1.185,1.19,423186
HHY,20070724,2.13,2.13,2.11,2.11,90067
HIC,20070724,0.95,0.97,0.95,0.96,115526
HIG,20070724,0.205,0.21,0.19,0.19,1730919
HII,20070724,0.38,0.38,0.36,0.36,13333
HIL,20070724,5.97,6.1,5.97,6.06,120498
HLX,20070724,0.265,0.265,0.245,0.25,746723
HMC,20070724,0.08,0.08,0.079,0.08,1075000
HME,20070724,13.58,13.68,13.55,13.55,46147
HNG,20070724,2.25,2.25,2.21,2.21,24000
HNR,20070724,0.54,0.555,0.52,0.545,604831
HPX,20070724,2.76,2.78,2.75,2.75,357658
HRD,20070724,0.13,0.13,0.13,0.13,30000
HRR,20070724,1.07,1.1,1.06,1.09,76117
HRS,20070724,0.135,0.14,0.13,0.13,182331
HSK,20070724,1.66,1.66,1.66,1.66,11500
HSN,20070724,0.3,0.3,0.3,0.3,25000
HSP,20070724,5.5,5.62,5.48,5.6,577439
HST,20070724,4.42,4.44,4.37,4.37,127841
HTA,20070724,0.175,0.175,0.17,0.175,189140
HTE,20070724,0.021,0.021,0.02,0.02,563000
HTI,20070724,0.3,0.3,0.295,0.295,407700
HTM,20070724,0.062,0.065,0.062,0.065,455763
HTW,20070724,0.62,0.65,0.62,0.645,327481
HTX,20070724,0.018,0.018,0.018,0.018,80000
HVN,20070724,5.39,5.4,5.29,5.32,3407891
HWG,20070724,0.225,0.225,0.225,0.225,22000
HWI,20070724,2.95,2.98,2.93,2.98,300993
HYO,20070724,0.245,0.25,0.245,0.25,500503
HZL,20070724,0.45,0.45,0.45,0.45,2500
HZN,20070724,0.395,0.395,0.39,0.395,279665
IAG,20070724,6.1,6.1,6,6.03,7051501
IAS,20070724,0.32,0.32,0.32,0.32,16400
IAT,20070724,0.063,0.063,0.063,0.063,100000
IAU,20070724,0.5,0.5,0.5,0.5,1100
IBA,20070724,1.115,1.12,1.095,1.105,5907307
IBC,20070724,0.65,0.65,0.645,0.65,33913
IBG,20070724,1,1,1,1,5800
IBT,20070724,2,2.05,1.98,2.02,1432137
ICC,20070724,0.14,0.14,0.125,0.13,341630
ICD,20070724,0.61,0.62,0.61,0.62,17292
ICE,20070724,0.009,0.009,0.009,0.009,117029
ICH,20070724,0.26,0.26,0.26,0.26,36000
ICN,20070724,0.061,0.065,0.058,0.062,2084200
ICP,20070724,0.14,0.14,0.13,0.13,3553010
ICS,20070724,0.32,0.33,0.32,0.325,33200
IDL,20070724,0.44,0.445,0.44,0.445,1684161
IDM,20070724,0.5,0.5,0.5,0.5,204242
IDO,20070724,1.36,1.44,1.36,1.44,242664
IDT,20070724,2.25,2.28,2.19,2.28,20301
IEF,20070724,1.32,1.32,1.315,1.315,115681
IFE,20070724,1.6,1.73,1.6,1.72,642080
IFL,20070724,10.8,10.95,10.7,10.95,162855
IFM,20070724,0.65,0.65,0.645,0.65,256040
IGC,20070724,0.33,0.335,0.315,0.335,161955
IGO,20070724,6.9,6.95,6.75,6.86,303886
IGR,20070724,0.185,0.195,0.185,0.195,342263
IHF,20070724,1.13,1.14,1.12,1.14,73000
IIF,20070724,2.61,2.63,2.61,2.62,3769080
IIG,20070724,0.016,0.016,0.016,0.016,2162500
III,20070724,0.42,0.43,0.4,0.4,54775
IIN,20070724,1.89,1.895,1.85,1.895,133460
ILF,20070724,1.34,1.34,1.335,1.34,925957
ILU,20070724,6.28,6.35,6.19,6.27,1229498
IMA,20070724,2.57,2.6,2.55,2.55,46319
IMD,20070724,1.57,1.59,1.56,1.575,822928
IMF,20070724,0.68,0.69,0.68,0.69,60000
IMI,20070724,0.036,0.036,0.033,0.033,28924479
IMP,20070724,0.022,0.023,0.02,0.021,11373368
IMU,20070724,0.27,0.27,0.26,0.26,88000
INL,20070724,0.155,0.155,0.15,0.15,740512
INP,20070724,0.32,0.34,0.32,0.34,1569745
INR,20070724,0.53,0.53,0.53,0.53,20000
INT,20070724,0.032,0.033,0.031,0.032,3946654
IOF,20070724,1.765,1.785,1.755,1.775,3060582
IOH,20070724,0.835,1.015,0.825,0.92,2753995
IPA,20070724,0.705,0.705,0.7,0.7,11000
IPE,20070724,1.06,1.07,1.06,1.07,7000
IPG,20070724,2.96,2.96,2.95,2.95,17754845
IPL,20070724,74.98,75.41,74.37,74.95,144261
IPM,20070724,1.48,1.56,1.48,1.54,682672
IPN,20070724,0.335,0.34,0.33,0.33,446000
IPR,20070724,0.17,0.17,0.17,0.17,180714
IPT,20070724,0.28,0.295,0.275,0.295,46600
IPX,20070724,1.15,1.15,1.15,1.15,71338
IRC,20070724,0.36,0.36,0.355,0.355,105500
IRE,20070724,8.99,9.02,8.9,9.02,195939
IRI,20070724,0.435,0.44,0.435,0.44,19384
IRL,20070724,0.305,0.31,0.295,0.295,405729
IRM,20070724,0.18,0.19,0.175,0.18,253000
IRN,20070724,1.1,1.105,1.08,1.095,452329
ISS,20070724,0.67,0.7,0.67,0.69,231903
ITC,20070724,0.074,0.075,0.071,0.073,889265
ITD,20070724,0.345,0.35,0.34,0.34,92207
ITE,20070724,0.125,0.125,0.11,0.12,655600
ITT,20070724,0.21,0.21,0.21,0.21,90000
ITX,20070724,0.9,0.95,0.9,0.95,7700
IVC,20070724,6.25,6.28,6.21,6.24,95770
IVK,20070724,6.25,6.25,6.25,6.25,1500
IWI,20070724,1.55,1.55,1.55,1.55,7000
IWL,20070724,5.98,6.07,5.97,6.07,102172
JAG,20070724,0.115,0.115,0.115,0.115,50000
JAK,20070724,0.175,0.175,0.175,0.175,30000
JBH,20070724,11.78,11.98,11.44,11.59,648084
JBM,20070724,17.16,17.4,17.05,17.15,545473
JET,20070724,2.2,2.2,2.2,2.2,2500
JGL,20070724,0.205,0.21,0.205,0.21,611300
JHX,20070724,8.62,8.65,8.45,8.55,4625618
JML,20070724,1.59,1.595,1.51,1.575,2252792
JMS,20070724,0.28,0.28,0.265,0.27,1402638
JPR,20070724,0.23,0.23,0.215,0.22,959000
JRL,20070724,1.97,1.97,1.95,1.97,15325
JRV,20070724,0.024,0.025,0.023,0.024,17279168
JST,20070724,4.7,4.81,4.7,4.78,582976
JUM,20070724,0.035,0.035,0.032,0.032,1452500
JUT,20070724,0.245,0.255,0.245,0.25,104352
JVG,20070724,0.175,0.175,0.175,0.175,200000
KAL,20070724,0.105,0.105,0.105,0.105,214950
KAR,20070724,2.63,2.7,2.5,2.51,212937
KAS,20070724,0.415,0.445,0.415,0.445,300589
KAT,20070724,1.15,1.15,1.15,1.15,435
KCN,20070724,5.3,5.32,5.11,5.14,403535
KEY,20070724,0.24,0.245,0.24,0.245,60000
KGL,20070724,0.13,0.13,0.13,0.13,14200
KHF,20070724,0.18,0.18,0.18,0.18,100000
KIL,20070724,1.34,1.345,1.33,1.335,327296
KIM,20070724,0.68,0.68,0.675,0.675,36727066
KIS,20070724,0.98,0.98,0.95,0.95,60081
KKT,20070724,0.15,0.15,0.14,0.14,126365
KLM,20070724,0.835,0.835,0.83,0.835,26000
KME,20070724,1.32,1.33,1.29,1.33,17931
KML,20070724,0.185,0.185,0.175,0.175,52386
KMN,20070724,0.975,0.985,0.975,0.985,163992
KOR,20070724,0.5,0.57,0.5,0.555,245257
KOV,20070724,5.82,5.82,5.81,5.81,1242
KRS,20070724,0.29,0.295,0.29,0.29,62000
KSC,20070724,3.39,3.39,3.39,3.39,8315
KSO,20070724,0.21,0.21,0.21,0.21,10000
KSX,20070724,0.24,0.26,0.235,0.25,8628216
KTL,20070724,0.036,0.045,0.036,0.045,1161819
KYC,20070724,0.345,0.345,0.34,0.34,52750
KZL,20070724,6.83,6.84,6.67,6.73,866886
LAF,20070724,0.04,0.041,0.038,0.04,5274201
LAT,20070724,0.057,0.059,0.056,0.059,92000
LAU,20070724,0.295,0.295,0.295,0.295,20000
LBY,20070724,0.22,0.22,0.2,0.2,25179
LCL,20070724,0.81,0.83,0.785,0.785,40062
LCT,20070724,0.135,0.135,0.125,0.125,35062
LDW,20070724,8.24,8.25,8.24,8.25,194294
LEF,20070724,0.25,0.27,0.25,0.27,360000
LEG,20070724,0.083,0.086,0.082,0.084,6942963
LEI,20070724,40.95,40.95,39.02,39.25,1055675
LEP,20070724,4.17,4.17,4.16,4.17,107703
LFE,20070724,0.56,0.595,0.56,0.585,198507
LGD,20070724,0.46,0.47,0.46,0.46,78450
LGL,20070724,3.18,3.23,3.17,3.19,22905155
LGO,20070724,0.025,0.025,0.025,0.025,100000
LIC,20070724,0.155,0.17,0.155,0.17,73899
LIN,20070724,0.5,0.5,0.445,0.445,87270
LIO,20070724,0.16,0.16,0.16,0.16,1250
LIP,20070724,0.8,0.805,0.78,0.805,31543
LKO,20070724,0.01,0.015,0.01,0.014,234071294
LLC,20070724,18.91,18.92,18.65,18.7,3521842
LMC,20070724,2.53,2.53,2.53,2.53,1000
LMG,20070724,0.022,0.022,0.021,0.021,435318
LML,20070724,0.2,0.245,0.2,0.245,1241818
LMP,20070724,0.096,0.096,0.094,0.095,470000
LNC,20070724,0.775,0.8,0.775,0.79,574753
LNG,20070724,0.725,0.73,0.725,0.73,31000
LNN,20070724,9.03,9.15,9.01,9.12,1069033
LPL,20070724,0.185,0.19,0.185,0.19,110000
LPM,20070724,0.17,0.17,0.16,0.16,161303
LRF,20070724,1.52,1.52,1.51,1.515,236915
LRG,20070724,0.035,0.036,0.034,0.036,716833
LRL,20070724,0.605,0.62,0.57,0.57,145465
LSL,20070724,0.025,0.026,0.025,0.026,599999
LST,20070724,1.85,1.86,1.815,1.84,283514
LTR,20070724,0.355,0.355,0.335,0.34,40000
LWB,20070724,1.71,1.71,1.71,1.71,500
LYC,20070724,1.51,1.515,1.46,1.46,985629
LYL,20070724,3.82,3.86,3.8,3.82,27735
MAB,20070724,0.5,0.52,0.5,0.52,34900
MAE,20070724,1.485,1.58,1.465,1.58,821709
MAH,20070724,1.345,1.345,1.32,1.34,1600794
MAK,20070724,0.355,0.45,0.355,0.395,1457262
MAL,20070724,0.58,0.58,0.565,0.565,51000
MAN,20070724,0.032,0.034,0.032,0.033,697821
MAP,20070724,4.28,4.38,4.25,4.33,11681046
MAR,20070724,0.37,0.38,0.37,0.38,172800
MAU,20070724,0.27,0.27,0.27,0.27,60000
MBA,20070724,0.11,0.115,0.11,0.115,52000
MBI,20070724,0.006,0.006,0.005,0.006,22537954
MBL,20070724,90.01,90.84,89.5,89.5,1546805
MBN,20070724,5.7,5.72,5.61,5.63,154340
MBP,20070724,0.145,0.155,0.145,0.15,3517898
MBR,20070724,2.04,2.08,2.02,2.06,1329523
MBT,20070724,1.5,1.5,1.49,1.5,26000
MCC,20070724,7.08,7.22,6.91,7.12,683043
MCG,20070724,6.08,6.19,6.07,6.18,1374261
MCK,20070724,4.05,4.05,4.05,4.05,6234
MCL,20070724,0.041,0.042,0.041,0.042,1828958
MCO,20070724,0.28,0.28,0.28,0.28,19000
MCP,20070724,3.84,3.94,3.8,3.94,541297
MCQ,20070724,4.1,4.13,4.1,4.12,258721
MCR,20070724,4.14,4.17,4.06,4.1,843630
MCU,20070724,1.2,1.235,1.19,1.23,144862
MCW,20070724,2.08,2.08,2.05,2.06,3945488
MDE,20070724,1.285,1.285,1.16,1.16,5580
MDG,20070724,0.195,0.195,0.195,0.195,49759
MDL,20070724,1.475,1.48,1.47,1.475,386563
MDM,20070724,0.115,0.115,0.11,0.11,226623
MDS,20070724,0.16,0.16,0.16,0.16,68470
MDT,20070724,1.25,1.255,1.24,1.25,7285219
MDV,20070724,0.04,0.04,0.04,0.04,80596
MDX,20070724,0.125,0.125,0.125,0.125,27500
MEE,20070724,0.2,0.2,0.195,0.2,504231
MEI,20070724,0.2,0.2,0.2,0.2,40000
MEL,20070724,1.075,1.075,1,1.05,396465
MEO,20070724,1.27,1.285,1.26,1.26,1237467
MEP,20070724,0.855,0.86,0.855,0.86,65000
MFF,20070724,0.93,0.94,0.93,0.93,553735
MFG,20070724,2,2.1,2,2.01,266050
MFI,20070724,0.705,0.71,0.7,0.705,503335
MFS,20070724,6,6.06,5.93,5.99,1176748
MFT,20070724,0.92,0.94,0.92,0.94,154391
MGK,20070724,0.078,0.08,0.078,0.08,363000
MGN,20070724,1.75,1.75,1.75,1.75,2150
MGO,20070724,0.415,0.45,0.395,0.41,887532
MGR,20070724,5.66,5.68,5.59,5.62,5386295
MGU,20070724,0.425,0.425,0.38,0.38,1108548
MGW,20070724,2.18,2.2,2.16,2.19,363791
MGX,20070724,1.58,1.71,1.57,1.675,6909563
MHL,20070724,0.038,0.04,0.038,0.038,7072901
MIG,20070724,3.52,3.52,3.46,3.49,9007525
MIK,20070724,0.435,0.44,0.43,0.43,161523
MIN,20070724,3.54,3.54,3.46,3.54,534757
MIR,20070724,2.61,2.68,2.6,2.67,76994
MIS,20070724,3.82,3.88,3.69,3.73,1422088
MIT,20070724,2.15,2.18,2.13,2.16,72318
MIX,20070724,1.03,1.03,1.025,1.03,118300
MKY,20070724,0.063,0.07,0.063,0.069,8550562
MLB,20070724,3.84,3.89,3.82,3.85,80652
MLE,20070724,3.26,3.26,3.21,3.24,111932
MLI,20070724,0.73,0.76,0.73,0.74,975300
MLM,20070724,0.8,0.905,0.8,0.905,228419
MLS,20070724,0.092,0.094,0.09,0.09,3564423
MLT,20070724,23.52,24,23.22,24,10937
MLX,20070724,0.435,0.435,0.425,0.425,2310350
MMA,20070724,1.045,1.05,1.045,1.05,153088
MMG,20070724,4.59,4.64,4.56,4.58,631821
MML,20070724,1.5,1.5,1.49,1.5,289475
MMN,20070724,0.3,0.305,0.295,0.3,173753
MMR,20070724,0.12,0.12,0.12,0.12,125000
MMS,20070724,5.15,5.16,5.15,5.15,11060
MMX,20070724,6.09,6.15,5.92,6.02,3980398
MMZ,20070724,0.26,0.26,0.26,0.26,33280
MND,20070724,16.35,16.42,16.23,16.3,105745
MOC,20070724,2.95,3.02,2.95,3.02,68097
MOD,20070724,0.033,0.034,0.032,0.032,904553
MOF,20070724,1.615,1.625,1.605,1.615,17017937
MOG,20070724,0.11,0.11,0.11,0.11,35400
MOL,20070724,7.03,7.03,6.95,7,166214
MON,20070724,0.33,0.335,0.32,0.32,1728511
MOO,20070724,0.22,0.23,0.22,0.23,86517
MOS,20070724,0.175,0.18,0.17,0.18,4659235
MOX,20070724,0.72,0.73,0.72,0.73,58484
MPB,20070724,7.36,7.36,7.36,7.36,2490
MPD,20070724,0.035,0.037,0.035,0.036,628000
MPF,20070724,1.335,1.355,1.32,1.34,104020
MPG,20070724,0.87,0.87,0.87,0.87,50000
MPH,20070724,0.53,0.53,0.5,0.5,247850
MPI,20070724,0.06,0.06,0.06,0.06,180000
MPJ,20070724,0.009,0.01,0.009,0.009,21990125
MPO,20070724,0.305,0.33,0.3,0.325,10887699
MPS,20070724,1.11,1.115,1.1,1.1,352950
MPY,20070724,0.94,0.95,0.93,0.93,292887
MRA,20070724,0.91,0.91,0.905,0.91,224262
MRC,20070724,0.24,0.24,0.24,0.24,95083
MRE,20070724,7.1,7.29,7,7.28,2638615
MRM,20070724,1.845,1.9,1.83,1.855,412691
MRN,20070724,1.16,1.16,1.15,1.15,12000
MRO,20070724,1.49,1.53,1.475,1.52,78600
MRU,20070724,1.05,1.14,1.05,1.1,155211
MRX,20070724,0.145,0.145,0.14,0.145,1842122
MRY,20070724,0.049,0.05,0.041,0.042,410236
MRZ,20070724,1.42,1.44,1.42,1.43,1368083
MSB,20070724,1.97,2,1.95,2,150064
MSC,20070724,0.018,0.02,0.018,0.02,20533581
MSF,20070724,3.28,3.28,3.15,3.28,3045
MSH,20070724,0.088,0.088,0.083,0.086,986936
MSL,20070724,2.62,2.66,2.62,2.66,45695
MSN,20070724,0.195,0.2,0.195,0.2,50000
MSO,20070724,0.025,0.025,0.024,0.025,622000
MST,20070724,0.135,0.135,0.13,0.135,624382
MTB,20070724,0.091,0.093,0.089,0.093,642700
MTD,20070724,0.155,0.16,0.155,0.16,117611
MTH,20070724,0.33,0.33,0.33,0.33,50000
MTI,20070724,0.035,0.035,0.034,0.034,175000
MTN,20070724,5.79,5.84,5.6,5.75,95461
MTS,20070724,4.7,4.72,4.67,4.69,5364890
MTU,20070724,0.97,0.99,0.97,0.99,74758
MUE,20070724,0.98,0.985,0.975,0.98,260420
MUM,20070724,0.47,0.495,0.465,0.495,129259
MUN,20070724,0.65,0.665,0.65,0.66,131924
MUR,20070724,0.14,0.14,0.135,0.135,2401519
MUT,20070724,0.035,0.035,0.033,0.033,435031
MVH,20070724,0.285,0.29,0.27,0.275,189050
MVP,20070724,0.61,0.62,0.58,0.62,45000
MVU,20070724,0.35,0.38,0.35,0.38,4700
MWE,20070724,0.355,0.355,0.3,0.31,2905777
MWG,20070724,0.975,0.975,0.975,0.975,86023
MWR,20070724,0.185,0.185,0.185,0.185,411500
MXG,20070724,4.97,4.98,4.97,4.98,6176129
MXI,20070724,0.695,0.71,0.68,0.68,646271
MXL,20070724,0.053,0.055,0.051,0.051,470500
MXR,20070724,0.34,0.35,0.325,0.34,750798
MXX,20070724,2.29,2.3,2.28,2.3,6150
MYG,20070724,0.2,0.2,0.2,0.2,10000
MYO,20070724,1.225,1.235,1.22,1.23,496386
NAB,20070724,40.51,40.86,40.42,40.62,3747574
NAD,20070724,0.037,0.044,0.037,0.043,8388697
NAE,20070724,0.25,0.25,0.25,0.25,50000
NAL,20070724,0.055,0.056,0.053,0.053,2535350
NAM,20070724,0.615,0.615,0.605,0.61,117509
NAN,20070724,0.72,0.74,0.72,0.74,77450
NAV,20070724,1.03,1.08,1.02,1.06,318435
NBL,20070724,4.65,4.65,4.65,4.65,1000
NCI,20070724,1.8,1.83,1.8,1.83,1540
NCK,20070724,2.45,2.59,2.45,2.46,92569
NCM,20070724,25.25,26.55,25.25,26.07,4656776
NDL,20070724,0.18,0.18,0.18,0.18,54111
NDM,20070724,0.26,0.265,0.26,0.265,19000
NDO,20070724,0.295,0.3,0.285,0.29,1103291
NEC,20070724,1.09,1.14,1.07,1.085,224501
NEL,20070724,3.93,3.93,3.9,3.92,24846
NEM,20070724,4.95,4.95,4.9,4.9,125939
NEO,20070724,0.14,0.14,0.135,0.135,806897
NEU,20070724,0.36,0.36,0.35,0.36,144000
NFL,20070724,0.52,0.52,0.5,0.5,446480
NGF,20070724,0.3,0.3,0.3,0.3,36500
NGM,20070724,0.64,0.64,0.63,0.64,99504
NGY,20070724,0.095,0.11,0.095,0.11,230417
NHC,20070724,2.28,2.33,2.28,2.31,586133
NHR,20070724,1.615,1.66,1.615,1.66,11905
NIA,20070724,1.7,1.85,1.67,1.78,1190251
NKP,20070724,1.14,1.14,1.13,1.13,145528
NLB,20070724,0.55,0.55,0.5,0.5,29483
NLG,20070724,0.355,0.355,0.35,0.35,445000
NLS,20070724,0.051,0.051,0.051,0.051,69500
NLX,20070724,1.585,1.59,1.49,1.49,188428
NMI,20070724,0.21,0.21,0.2,0.205,184196
NMR,20070724,0.575,0.575,0.57,0.57,46500
NMS,20070724,1.06,1.08,1.06,1.06,587950
NOD,20070724,3.08,3.12,3.04,3.05,301794
NPX,20070724,6.3,6.3,6.3,6.3,480
NQM,20070724,0.305,0.33,0.305,0.33,75000
NRT,20070724,1.96,1.96,1.905,1.905,35187
NRU,20070724,0.22,0.225,0.215,0.215,226061
NSL,20070724,0.02,0.02,0.02,0.02,660000
NSP,20070724,0.32,0.34,0.32,0.34,11600
NST,20070724,0.13,0.13,0.13,0.13,53700
NSX,20070724,0.51,0.51,0.485,0.485,56000
NTC,20070724,0.06,0.06,0.06,0.06,80000
NTU,20070724,1.01,1.01,0.95,0.955,79359
NUF,20070724,13.38,13.38,13.16,13.21,603467
NUP,20070724,0.49,0.52,0.485,0.52,245171
NWA,20070724,0.02,0.02,0.018,0.019,1022632
NWE,20070724,0.33,0.34,0.32,0.34,988892
NWK,20070724,0.22,0.22,0.22,0.22,23000
NWS,20070724,27.7,27.7,27.47,27.6,2985929
NWT,20070724,0.005,0.006,0.005,0.005,15917394
NXS,20070724,1.7,1.7,1.64,1.65,1176009
NZO,20070724,1.11,1.11,1.1,1.11,41589
OAK,20070724,1.97,2,1.955,2,44771
OBL,20070724,0.145,0.145,0.145,0.145,5521
OCO,20070724,0.061,0.063,0.06,0.061,1347189
ODY,20070724,0.635,0.64,0.625,0.64,65000
OEC,20070724,0.35,0.38,0.35,0.365,1075122
OEX,20070724,1.595,1.6,1.565,1.59,73100
OFG,20070724,2.1,2.1,2.06,2.1,19612
OGC,20070724,3.78,3.79,3.76,3.79,234518
OIF,20070724,0.945,0.95,0.945,0.95,353646
OIL,20070724,0.54,0.545,0.535,0.535,63810
OKN,20070724,5.74,5.75,5.66,5.67,301654
OKU,20070724,0.29,0.29,0.28,0.28,80500
OLE,20070724,0.021,0.021,0.016,0.016,666500
OLH,20070724,1.1,1.11,1.1,1.1,24000
OLY,20070724,0.09,0.091,0.09,0.091,325195
OMC,20070724,1.3,1.3,1.3,1.3,2172204
OMH,20070724,0.86,0.89,0.86,0.87,137903
OMI,20070724,0.66,0.66,0.64,0.64,21500
ONC,20070724,0.365,0.365,0.355,0.355,122500
ONT,20070724,2.95,3.05,2.95,3.05,2375
ORD,20070724,0.505,0.51,0.495,0.51,158886
ORG,20070724,9.46,9.63,9.46,9.5,2698514
ORH,20070724,0.12,0.12,0.12,0.12,100000
ORI,20070724,31.19,31.44,30.93,30.95,3582459
ORL,20070724,3.23,3.23,3.23,3.23,2948
ORO,20070724,0.026,0.026,0.024,0.024,759590
ORP,20070724,0.08,0.08,0.072,0.072,1995523
OSH,20070724,4.37,4.42,4.05,4.12,23561422
OST,20070724,7.1,7.15,7.07,7.08,2649336
OTL,20070724,0.255,0.26,0.255,0.26,177860
OVR,20070724,0.81,0.96,0.81,0.93,515776
OXR,20070724,3.95,4.03,3.93,4.02,16887294
PAA,20070724,0.07,0.07,0.07,0.07,20000
PAB,20070724,0.63,0.65,0.63,0.65,80300
PAU,20070724,0.092,0.092,0.091,0.092,600000
PAY,20070724,3.3,3.3,3.3,3.3,250
PBA,20070724,1.13,1.13,1.01,1.035,36968
PBB,20070724,1.82,1.85,1.82,1.82,1369
PBD,20070724,2.04,2.13,2.02,2.07,543914
PBG,20070724,3.68,3.69,3.64,3.66,1481362
PBL,20070724,19.45,19.46,19.12,19.16,3853176
PBO,20070724,0.26,0.26,0.26,0.26,20000
PBP,20070724,1.22,1.22,1.22,1.22,5000
PBT,20070724,0.335,0.345,0.325,0.345,50500
PCC,20070724,0.037,0.037,0.037,0.037,11667
PCG,20070724,1.03,1.04,1.025,1.03,616616
PCL,20070724,0.078,0.078,0.076,0.078,914035
PCP,20070724,0.079,0.079,0.075,0.078,368106
PDM,20070724,0.17,0.17,0.16,0.165,351900
PDN,20070724,8.32,8.47,8.2,8.24,4820997
PDO,20070724,0.8,0.81,0.79,0.81,167041
PEA,20070724,0.65,0.65,0.61,0.61,3795
PEL,20070724,0.41,0.42,0.41,0.42,10000
PEM,20070724,5.33,5.33,5.11,5.16,1809212
PEN,20070724,0.069,0.072,0.069,0.071,3619362
PEO,20070724,0.065,0.067,0.065,0.067,250886
PEP,20070724,0.9,0.9,0.89,0.9,91895
PES,20070724,0.785,0.785,0.77,0.775,128758
PEV,20070724,0.115,0.12,0.11,0.12,682500
PEX,20070724,0.4,0.4,0.4,0.4,34000
PFG,20070724,1.11,1.16,1.1,1.125,293945
PFL,20070724,1.57,1.58,1.57,1.575,505425
PGA,20070724,6.62,6.62,5.8,6.5,219686
PGL,20070724,4.14,4.45,4.11,4.4,441977
PGM,20070724,0.915,0.93,0.9,0.9,29139
PGS,20070724,0.39,0.39,0.38,0.39,403596
PHK,20070724,0.32,0.33,0.32,0.33,232000
PHL,20070724,0.57,0.58,0.57,0.58,2000
PIE,20070724,0.088,0.1,0.088,0.097,1480544
PIM,20070724,1.05,1.05,1.05,1.05,9021
PIO,20070724,0.195,0.2,0.195,0.195,62998
PKT,20070724,0.08,0.08,0.074,0.075,2166271
PLA,20070724,2.13,2.13,2.07,2.08,168334
PLB,20070724,1.43,1.43,1.43,1.43,174
PLD,20070724,0.305,0.31,0.305,0.31,10800
PLF,20070724,1.16,1.16,1.15,1.16,274707
PLT,20070724,0.55,0.55,0.515,0.53,243040
PLV,20070724,1.405,1.405,1.385,1.39,90973
PMA,20070724,2.3,2.3,2.25,2.28,55500
PMC,20070724,2.1,2.1,2,2.09,56578
PME,20070724,1.35,1.35,1.35,1.35,11113
PMH,20070724,0.315,0.365,0.315,0.355,301100
PMM,20070724,10.5,10.68,10.5,10.56,38007
PMP,20070724,1.72,1.74,1.69,1.725,572389
PMV,20070724,8.9,8.9,8.9,8.9,300
PNA,20070724,0.8,0.8,0.78,0.78,3935132
PNN,20070724,1.6,1.62,1.54,1.62,177626
PNO,20070724,0.026,0.027,0.025,0.025,1145000
POH,20070724,0.315,0.315,0.31,0.315,112930
POL,20070724,0.59,0.63,0.57,0.62,838407
PPC,20070724,3.95,3.99,3.93,3.99,89384
PPD,20070724,0.19,0.195,0.19,0.19,49205
PPG,20070724,0.44,0.45,0.44,0.45,24494
PPI,20070724,0.635,0.635,0.635,0.635,30000
PPN,20070724,0.12,0.12,0.12,0.12,1000
PPP,20070724,0.335,0.35,0.335,0.35,1161572
PPS,20070724,0.93,0.94,0.92,0.92,82851
PPT,20070724,82,82.09,81.02,81.15,154268
PPX,20070724,3.37,3.38,3.34,3.38,2910312
PPY,20070724,0.84,0.84,0.81,0.81,100374
PRE,20070724,0.038,0.038,0.036,0.037,2998880
PRG,20070724,5.88,5.9,5.87,5.87,265518
PRR,20070724,0.025,0.027,0.025,0.027,1427714
PRT,20070724,3.62,3.65,3.59,3.6,118232
PRU,20070724,1.29,1.29,1.25,1.27,216280
PRV,20070724,1.245,1.245,1.21,1.22,107283
PRW,20070724,0.25,0.25,0.24,0.24,23650
PRY,20070724,12.36,12.47,12.36,12.37,203642
PRZ,20070724,0.195,0.195,0.18,0.18,365777
PSA,20070724,1.78,1.78,1.71,1.73,787718
PSD,20070724,0.14,0.145,0.14,0.145,502694
PSH,20070724,1.59,1.6,1.59,1.59,36250
PSP,20070724,0.18,0.18,0.165,0.17,1609700
PST,20070724,0.79,0.8,0.79,0.8,48800
PSV,20070724,0.135,0.14,0.125,0.13,11814430
PTB,20070724,1.9,1.9,1.9,1.9,2466
PTD,20070724,1.505,1.54,1.485,1.535,367509
PTM,20070724,7.19,7.19,7.06,7.15,316757
PTO,20070724,0.185,0.185,0.175,0.175,56855
PTR,20070724,1.02,1.02,0.93,0.97,164765
PTS,20070724,0.24,0.26,0.24,0.26,286378
PUN,20070724,0.19,0.19,0.185,0.185,32134
PVE,20070724,1.7,1.7,1.7,1.7,5500
PWK,20070724,4.19,4.2,4.17,4.18,31200
PWR,20070724,0.22,0.22,0.22,0.22,10000
PXR,20070724,0.175,0.175,0.175,0.175,20000
PXS,20070724,3.34,3.42,3.34,3.42,243587
PYM,20070724,0.45,0.46,0.42,0.42,71686
QAN,20070724,5.77,5.85,5.76,5.84,10388875
QBE,20070724,31.11,31.8,31.1,31.45,4402679
QED,20070724,0.036,0.036,0.033,0.036,200000
QFX,20070724,0.235,0.235,0.23,0.23,95723
QGC,20070724,2.96,2.99,2.9,2.98,1013850
QHL,20070724,0.87,0.88,0.86,0.86,623032
QMG,20070724,0.28,0.28,0.27,0.27,169120
QML,20070724,0.34,0.35,0.34,0.345,57000
QMT,20070724,3.05,3.05,3,3.05,102200
QOL,20070724,0.435,0.435,0.405,0.425,875128
QRX,20070724,1.8,1.9,1.8,1.9,47700
QTK,20070724,0.097,0.097,0.096,0.096,44870
QTM,20070724,0.097,0.097,0.097,0.097,16000
QUE,20070724,0.37,0.37,0.37,0.37,10000
QUR,20070724,0.036,0.042,0.036,0.038,4145348
QXQ,20070724,0.076,0.079,0.076,0.076,307889
RAT,20070724,1.075,1.075,1.065,1.07,6651527
RAU,20070724,0.038,0.043,0.037,0.043,56116638
RAW,20070724,0.075,0.077,0.075,0.077,120000
RBM,20070724,0.13,0.135,0.13,0.135,2259539
RBR,20070724,0.15,0.15,0.14,0.14,171065
RBY,20070724,0.023,0.024,0.022,0.022,800000
RCG,20070724,0.25,0.25,0.25,0.25,250000
RCH,20070724,0.006,0.006,0.006,0.006,118000
RCI,20070724,0.215,0.215,0.215,0.215,745000
RCO,20070724,1,1,1,1,4700
RCR,20070724,2.17,2.18,2.13,2.17,52453
RCT,20070724,3.84,3.84,3.84,3.84,1786
RCY,20070724,0.84,0.88,0.84,0.88,204458
RDF,20070724,3.27,3.28,3.27,3.28,39456
RDM,20070724,0.4,0.405,0.39,0.405,304016
RDR,20070724,0.6,0.61,0.59,0.605,284400
RDS,20070724,1.29,1.33,1.29,1.33,48480
REA,20070724,5.8,5.84,5.76,5.8,37709
RED,20070724,0.09,0.09,0.09,0.09,36800
REF,20070724,5.73,5.8,5.63,5.8,72353
REH,20070724,27.25,27.94,27.2,27.88,16440
RER,20070724,0.17,0.175,0.17,0.175,23000
REU,20070724,1,1,0.99,1,739190
REX,20070724,2.61,2.64,2.55,2.64,3591921
REY,20070724,0.115,0.115,0.115,0.115,8000
RFE,20070724,0.545,0.545,0.5,0.535,141975
RFG,20070724,1.68,1.68,1.65,1.65,942157
RHC,20070724,11.25,11.36,11.22,11.35,145334
RHI,20070724,2.8,2.85,2.8,2.85,7350
RHL,20070724,3.95,3.95,3.92,3.92,9984
RHT,20070724,0.014,0.014,0.012,0.013,1845952
RIA,20070724,0.74,0.775,0.655,0.655,90817
RIC,20070724,1.085,1.11,1.085,1.095,1935610
RIM,20070724,0.057,0.06,0.057,0.06,2120443
RIO,20070724,100,100.36,99.32,99.5,1929750
RIV,20070724,3.6,3.65,3.6,3.65,556084
RJT,20070724,0.945,0.945,0.935,0.94,2461085
RKN,20070724,1.25,1.255,1.25,1.25,59980
RLC,20070724,0.22,0.22,0.22,0.22,68000
RMA,20070724,0.018,0.021,0.018,0.019,176272
RMC,20070724,0.18,0.18,0.18,0.18,15000
RMD,20070724,4.72,4.83,4.7,4.81,4710940
RMG,20070724,0.027,0.028,0.027,0.028,2185700
RMI,20070724,0.099,0.12,0.097,0.12,38883494
RML,20070724,0.58,0.58,0.505,0.515,608076
RMS,20070724,1.93,1.95,1.92,1.95,296046
RMT,20070724,1.6,1.7,1.6,1.65,25000
RNC,20070724,0.135,0.135,0.1,0.11,465694
RND,20070724,0.47,0.485,0.47,0.485,6009
RNG,20070724,0.086,0.086,0.083,0.085,1437530
RNI,20070724,0.235,0.235,0.235,0.235,31130
RNY,20070724,1.155,1.16,1.14,1.15,335688
ROC,20070724,3.69,3.72,3.65,3.7,662767
ROG,20070724,0.18,0.195,0.18,0.195,35128
ROY,20070724,0.62,0.63,0.56,0.6,499128
RPG,20070724,1.28,1.28,1.28,1.28,400
RPM,20070724,0.064,0.065,0.063,0.063,260000
RPX,20070724,2.19,2.19,2.16,2.16,161902
RRA,20070724,0.85,0.85,0.845,0.845,22000
RRL,20070724,0.14,0.145,0.14,0.14,5111159
RRS,20070724,0.975,0.985,0.945,0.98,1673613
RRT,20070724,0.91,0.925,0.91,0.92,961992
RSG,20070724,1.55,1.57,1.53,1.56,282984
RSL,20070724,0.027,0.03,0.027,0.03,1412333
RSN,20070724,0.083,0.083,0.076,0.076,1086957
RSP,20070724,1.98,1.985,1.96,1.97,817720
RUB,20070724,0.975,0.98,0.96,0.96,43617
RUR,20070724,0.225,0.225,0.225,0.225,210000
RVM,20070724,0.41,0.415,0.4,0.415,226045
RVR,20070724,0.215,0.215,0.2,0.215,130520
RWD,20070724,0.93,0.94,0.92,0.935,616599
RXL,20070724,0.365,0.365,0.355,0.365,75188
SAE,20070724,0.595,0.64,0.595,0.635,2052870
SAF,20070724,0.05,0.05,0.047,0.049,614500
SAI,20070724,3.87,3.92,3.84,3.88,284132
SAQ,20070724,5.84,5.84,5.84,5.84,1000
SAR,20070724,0.425,0.43,0.425,0.425,244200
SAU,20070724,0.33,0.375,0.33,0.37,1078266
SBC,20070724,17.32,17.45,17.3,17.3,156521
SBI,20070724,0.275,0.31,0.275,0.3,65808
SBL,20070724,0.037,0.037,0.036,0.036,1988071
SBM,20070724,0.585,0.59,0.58,0.59,5651112
SBP,20070724,0.044,0.045,0.044,0.045,111051
SBR,20070724,0.4,0.425,0.38,0.4,40000
SBS,20070724,0.105,0.125,0.105,0.11,22633027
SCB,20070724,1.085,1.095,1.085,1.095,5112
SCC,20070724,0.4,0.4,0.4,0.4,12417
SCE,20070724,0.022,0.022,0.021,0.022,539620
SDG,20070724,4.18,4.35,4.16,4.27,666964
SDI,20070724,0.575,0.59,0.575,0.59,115500
SDM,20070724,3.95,3.95,3.75,3.79,95734
SEA,20070724,0.45,0.46,0.45,0.45,241489
SEG,20070724,0.16,0.16,0.16,0.16,485
SEK,20070724,8.65,8.85,8.64,8.79,664113
SEN,20070724,0.12,0.12,0.115,0.115,893174
SEV,20070724,11.52,11.52,11.37,11.49,460331
SFC,20070724,9.05,9.05,9,9,15150
SFH,20070724,1.725,1.73,1.72,1.725,133707
SFP,20070724,0.365,0.4,0.34,0.35,113600
SFR,20070724,0.4,0.42,0.4,0.4,184572
SFY,20070724,60.2,60.2,60.12,60.12,1040
SGB,20070724,34.25,34.85,34.25,34.8,1485396
SGH,20070724,1.7,1.7,1.69,1.69,181095
SGL,20070724,0.375,0.375,0.365,0.375,558041
SGM,20070724,28.9,28.9,28.4,28.5,547405
SGN,20070724,2.8,2.82,2.75,2.8,433632
SGP,20070724,8.15,8.25,8.14,8.2,6608255
SGT,20070724,2.59,2.67,2.59,2.65,5220003
SGX,20070724,6.25,6.64,6.25,6.5,998491
SHC,20070724,0.175,0.175,0.17,0.17,62000
SHE,20070724,0.41,0.41,0.38,0.385,78200
SHG,20070724,1.21,1.21,1.15,1.15,281105
SHL,20070724,15.53,15.58,15.32,15.44,1374611
SHV,20070724,10.85,11.09,10.85,10.95,3730
SHX,20070724,0.32,0.32,0.31,0.31,58047
SIE,20070724,0.081,0.081,0.081,0.081,110000
SIM,20070724,0.865,0.92,0.865,0.9,206622
SIP,20070724,1.83,1.845,1.83,1.84,18433410
SIU,20070724,0.044,0.044,0.044,0.044,6393
SKC,20070724,4.5,4.53,4.5,4.52,324249
SKE,20070724,5.06,5.07,5.04,5.06,42182
SKI,20070724,1.925,1.93,1.9,1.91,3175346
SLA,20070724,1.31,1.38,1.31,1.33,55743
SLF,20070724,21.64,21.75,21.61,21.61,5045
SLM,20070724,5.08,5.33,5.08,5.15,116785
SLT,20070724,0.024,0.025,0.024,0.024,733500
SLV,20070724,3.25,3.27,3.2,3.2,319588
SLX,20070724,10.85,11.12,10.85,11.08,106160
SMA,20070724,0.044,0.044,0.043,0.043,174700
SMC,20070724,0.13,0.14,0.13,0.135,307000
SML,20070724,0.051,0.052,0.05,0.05,5885246
SMM,20070724,3.8,3.83,3.79,3.8,43703
SMN,20070724,0.165,0.165,0.155,0.155,335000
SMX,20070724,6.2,6.23,5.97,6,116157
SMY,20070724,4.18,4.2,4.15,4.18,929659
SNU,20070724,0.26,0.29,0.26,0.28,888450
SOE,20070724,0.26,0.26,0.255,0.255,483626
SOL,20070724,10.1,10.1,9.94,10,60587
SOM,20070724,0.023,0.024,0.022,0.022,2293480
SOO,20070724,0.115,0.115,0.115,0.115,9000
SOT,20070724,0.73,0.73,0.715,0.715,778412
SPD,20070724,0.35,0.35,0.35,0.35,3535
SPH,20070724,3.65,3.65,3.6,3.62,257394
SPL,20070724,0.41,0.41,0.395,0.4,103519
SPN,20070724,1.36,1.38,1.36,1.365,7523370
SPT,20070724,4.78,4.82,4.71,4.75,382342
SRA,20070724,0.057,0.057,0.053,0.055,1788932
SRH,20070724,2.64,2.69,2.64,2.69,13666
SRI,20070724,0.14,0.14,0.135,0.14,1780111
SRK,20070724,2.43,2.48,2.37,2.43,347410
SRL,20070724,4.93,4.96,4.91,4.94,1414477
SRM,20070724,0.24,0.24,0.24,0.24,95000
SRR,20070724,0.215,0.215,0.2,0.215,137385
SRV,20070724,4.56,4.56,4.56,4.56,29240
SRX,20070724,3.95,3.98,3.8,3.98,20775
SRZ,20070724,0.305,0.305,0.295,0.295,770364
SSC,20070724,0.045,0.046,0.043,0.046,2559682
SSI,20070724,2.28,2.3,2.28,2.28,277404
SSM,20070724,1.995,2,1.985,2,833734
SSN,20070724,0.205,0.21,0.2,0.2,129547
SST,20070724,8.7,8.7,8.7,8.7,1077
SSX,20070724,2.9,2.95,2.86,2.89,1586051
STB,20070724,0.2,0.2,0.195,0.195,115871
STC,20070724,0.76,0.82,0.75,0.82,15487
STG,20070724,1.64,1.66,1.63,1.66,45391
STO,20070724,14.13,14.19,13.97,14.03,4295598
STS,20070724,2.68,2.74,2.67,2.74,27600
STU,20070724,1.045,1.1,1.045,1.1,234266
STW,20070724,61.68,61.8,61.61,61.67,37299
STX,20070724,0.265,0.265,0.26,0.26,688668
SUL,20070724,4.76,4.78,4.63,4.65,11554
SUN,20070724,20.3,20.32,20.15,20.17,3991778
SUR,20070724,0.087,0.09,0.084,0.09,185500
SVL,20070724,0.24,0.245,0.235,0.24,183500
SVM,20070724,0.52,0.52,0.52,0.52,4820
SWG,20070724,0.012,0.012,0.012,0.012,1900000
SWK,20070724,1.5,1.5,1.485,1.49,70448
SXP,20070724,0.38,0.39,0.365,0.39,635705
SXX,20070724,0.093,0.096,0.092,0.096,125006
SYB,20070724,4.2,4.24,4.15,4.18,4968025
SYG,20070724,0.027,0.028,0.025,0.025,6037438
SYM,20070724,0.59,0.61,0.59,0.59,51400
SYN,20070724,0.58,0.6,0.58,0.58,9441
SYP,20070724,0.845,0.85,0.845,0.85,56265
TAG,20070724,0.42,0.425,0.42,0.425,20000
TAH,20070724,17.09,17.09,16.82,17,2157457
TAL,20070724,2.4,2.43,2.4,2.42,844717
TAM,20070724,0.15,0.15,0.14,0.145,1292818
TAN,20070724,0.455,0.455,0.455,0.455,3000
TAP,20070724,2.07,2.09,1.985,2.01,1576368
TAS,20070724,0.285,0.285,0.27,0.285,104610
TAW,20070724,0.185,0.185,0.185,0.185,180000
TBG,20070724,1.74,1.78,1.74,1.78,335522
TBR,20070724,0.96,1.22,0.96,1.22,55970
TCL,20070724,7.6,7.63,7.5,7.59,3572745
TCN,20070724,0.15,0.155,0.14,0.15,61000
TCQ,20070724,2.9,2.92,2.87,2.92,249771
TDR,20070724,0.033,0.034,0.03,0.032,2133395
TEE,20070724,0.017,0.018,0.017,0.018,257000
TEL,20070724,4.42,4.47,4.41,4.45,7836995
TEN,20070724,2.73,2.76,2.73,2.76,1028853
TEX,20070724,0.2,0.22,0.195,0.22,622888
TEY,20070724,0.65,0.65,0.62,0.62,134730
TFC,20070724,1.07,1.09,1.04,1.08,163693
TFS,20070724,0.24,0.26,0.24,0.25,168000
TGF,20070724,0.545,0.545,0.545,0.545,81956
TGG,20070724,1.485,1.5,1.485,1.5,92434
TGP,20070724,2.16,2.16,2.15,2.16,186517
TGR,20070724,3.32,3.35,3.29,3.35,90020
TGS,20070724,0.75,0.77,0.74,0.77,1287041
THG,20070724,1.12,1.12,1.105,1.12,412037
THK,20070724,0.26,0.28,0.26,0.275,148880
THO,20070724,1.02,1.02,1.02,1.02,16985
THR,20070724,0.345,0.345,0.32,0.325,568023
THX,20070724,0.56,0.58,0.54,0.565,351187
TIM,20070724,2.04,2.05,2.02,2.03,1058943
TJN,20070724,1.16,1.16,1.16,1.16,4000
TKG,20070724,0.012,0.012,0.011,0.011,2095000
TKL,20070724,0.25,0.25,0.22,0.22,38757
TLM,20070724,0.14,0.155,0.14,0.155,184999
TLS,20070724,4.8,4.81,4.77,4.8,34215547
TLZ,20070724,0.38,0.38,0.38,0.38,24639
TMR,20070724,0.34,0.355,0.335,0.355,6096726
TMX,20070724,0.235,0.26,0.235,0.25,592900
TNC,20070724,0.041,0.042,0.041,0.042,442930
TNE,20070724,1.265,1.265,1.255,1.26,61346
TNG,20070724,0.85,0.865,0.82,0.86,435184
TNL,20070724,0.525,0.55,0.525,0.55,39000
TOE,20070724,0.9,0.905,0.885,0.905,97983
TOL,20070724,14.54,14.59,14.37,14.48,3296235
TOX,20070724,2.28,2.29,2.25,2.26,97438
TPC,20070724,0.2,0.2,0.2,0.2,10000
TPF,20070724,1.04,1.08,1.04,1.08,10000
TPI,20070724,14.2,14.27,13.96,13.99,2995823
TRF,20070724,1.195,1.25,1.185,1.215,432372
TRG,20070724,16.4,16.4,16.33,16.35,6078
TRJ,20070724,0.305,0.305,0.3,0.3,20000
TRO,20070724,1.32,1.36,1.32,1.36,39934
TRS,20070724,14.42,14.81,14.42,14.73,30409
TRU,20070724,12.05,12.3,12.05,12.2,21110
TRY,20070724,2.45,2.47,2.45,2.45,25200
TSE,20070724,11.73,11.81,11.72,11.76,265301
TSH,20070724,0.42,0.42,0.42,0.42,18736
TSI,20070724,2.51,2.57,2.42,2.49,582909
TSM,20070724,2.13,2.13,2.1,2.1,79459
TSO,20070724,2.49,2.49,2.45,2.48,1693313
TSV,20070724,0.024,0.024,0.024,0.024,30000
TTH,20070724,0.085,0.085,0.085,0.085,813
TTI,20070724,0.435,0.44,0.435,0.435,107726
TTR,20070724,0.12,0.125,0.105,0.105,1339520
TTS,20070724,5,5.03,4.97,5.02,2818846
TTY,20070724,1.115,1.125,1.09,1.09,616130
TUC,20070724,0.37,0.37,0.36,0.36,17352
TVL,20070724,0.37,0.37,0.37,0.37,5000
TWO,20070724,2.95,3.03,2.94,3.03,42617
TWR,20070724,2.24,2.28,2.24,2.26,304838
TWT,20070724,0.7,0.7,0.68,0.68,31247
TXN,20070724,0.62,0.62,0.62,0.62,2000
TZL,20070724,2.4,2.4,2.4,2.4,20703
TZN,20070724,3.25,3.32,3.25,3.27,316590
UBI,20070724,1.42,1.45,1.42,1.45,32000
UCL,20070724,0.026,0.026,0.025,0.026,840000
UEQ,20070724,0.525,0.53,0.525,0.525,404817
UGL,20070724,18.39,18.42,18.2,18.2,632466
UKL,20070724,1.215,1.25,1.215,1.25,39878
UMC,20070724,0.86,0.88,0.86,0.88,383890
UNI,20070724,0.31,0.31,0.3,0.305,678441
UNW,20070724,0.33,0.345,0.33,0.34,770134
UNX,20070724,1.865,1.87,1.805,1.805,43393
UOG,20070724,0.14,0.14,0.135,0.135,27728
UOS,20070724,3.04,3.04,3,3,30363
URA,20070724,0.415,0.45,0.37,0.39,679388
URL,20070724,0.1,0.1,0.1,0.1,272230
URM,20070724,0.23,0.235,0.225,0.23,77315
URO,20070724,0.25,0.25,0.22,0.22,471221
USA,20070724,0.31,0.32,0.3,0.32,295000
UTO,20070724,0.6,0.6,0.57,0.57,464062
UUL,20070724,0.54,0.54,0.54,0.54,2000
UXA,20070724,0.345,0.345,0.34,0.34,90751
UXC,20070724,2.77,2.77,2.74,2.76,149309
VBA,20070724,2.24,2.24,2.18,2.22,424372
VCN,20070724,0.48,0.48,0.47,0.47,300620
VCR,20070724,0.745,0.76,0.745,0.75,486617
VGH,20070724,3.19,3.19,3.16,3.16,271074
VGP,20070724,0.25,0.25,0.25,0.25,69630
VHL,20070724,0.125,0.125,0.125,0.125,20000
VIL,20070724,0.105,0.11,0.105,0.11,386000
VIR,20070724,1.05,1.055,1.045,1.05,116040
VKI,20070724,1.04,1.04,1.04,1.04,87456
VLA,20070724,0.089,0.09,0.088,0.088,225776
VLL,20070724,0.04,0.04,0.04,0.04,39283
VMG,20070724,2.96,3.04,2.93,3,236701
VML,20070724,0.73,0.755,0.72,0.755,154972
VMS,20070724,0.31,0.31,0.29,0.29,21500
VMT,20070724,0.165,0.17,0.165,0.17,166500
VPE,20070724,0.185,0.19,0.185,0.19,333130
VPG,20070724,1.95,1.965,1.945,1.96,8036658
VRE,20070724,0.4,0.4,0.39,0.395,987434
VRL,20070724,3.21,3.21,3.2,3.2,53948
VSG,20070724,0.019,0.02,0.018,0.02,2229700
VTP,20070724,1.43,1.43,1.4,1.42,58490
WAB,20070724,1.04,1.04,1.035,1.035,89057
WAG,20070724,0.018,0.018,0.018,0.018,1730000
WAL,20070724,0.205,0.205,0.205,0.205,25153
WAM,20070724,1.89,1.91,1.865,1.865,155863
WAN,20070724,14.67,14.67,14.16,14.42,526952
WAS,20070724,0.049,0.054,0.049,0.051,5688308
WAT,20070724,1.6,1.6,1.58,1.58,12800
WBA,20070724,1.24,1.24,1.235,1.235,54202
WBB,20070724,12.29,12.45,12.1,12.4,16573
WBC,20070724,26.7,26.89,26.67,26.8,5016821
WCB,20070724,4.28,4.3,4.25,4.25,24906
WCL,20070724,0.75,0.78,0.72,0.78,40200
WCP,20070724,0.165,0.165,0.16,0.16,333594
WDC,20070724,19.65,19.76,19.49,19.6,7574904
WDR,20070724,0.24,0.245,0.225,0.225,1191427
WDS,20070724,2.96,3.03,2.95,3.02,159422
WEB,20070724,1.22,1.24,1.2,1.21,177701
WEC,20070724,3.15,3.15,3.07,3.07,89970
WES,20070724,40.5,40.74,40.4,40.46,1166612
WEZ,20070724,0.077,0.077,0.077,0.077,199000
WFL,20070724,1.7,1.7,1.7,1.7,5000
WGP,20070724,0.16,0.16,0.155,0.155,164146
WGR,20070724,0.4,0.4,0.4,0.4,3000
WHC,20070724,1.75,1.8,1.74,1.74,87664
WHE,20070724,3.88,3.98,3.75,3.9,535150
WHF,20070724,4.8,4.8,4.8,4.8,10000
WHG,20070724,2.55,2.55,2.45,2.45,2304028
WHS,20070724,5.52,5.52,5.51,5.51,65128
WIG,20070724,4.11,4.16,4.11,4.16,21518
WIL,20070724,1.175,1.18,1.175,1.175,50448
WLL,20070724,3.1,3.1,3.1,3.1,1850
WLS,20070724,1.21,1.22,1.21,1.21,54796
WME,20070724,0.24,0.245,0.235,0.245,1024730
WMT,20070724,0.31,0.32,0.28,0.29,60242963
WOR,20070724,35.99,36.01,35.77,35.85,848371
WOW,20070724,27.5,27.76,27.5,27.68,3370606
WPG,20070724,1.345,1.35,1.32,1.345,117303
WPL,20070724,45.9,45.9,45,45.18,2505724
WRF,20070724,0.48,0.48,0.48,0.48,5000
WRK,20070724,0.5,0.5,0.485,0.5,429479
WRL,20070724,0.305,0.305,0.3,0.3,41300
WSA,20070724,4.91,5.05,4.9,5.05,409303
WSS,20070724,0.135,0.135,0.135,0.135,393500
WTE,20070724,0.089,0.089,0.087,0.089,420291
WTF,20070724,5.99,5.99,5.65,5.71,231199
WTN,20070724,0.32,0.32,0.32,0.32,2100
WTP,20070724,6.15,6.15,6.02,6.04,107617
WWA,20070724,2.63,2.65,2.62,2.62,20821
WWW,20070724,0.61,0.61,0.6,0.6,172450
WYL,20070724,3.13,3.13,3.12,3.12,149500
XAF,20070724,6192.8,6192.8,6192.8,6192.8,0
XAO,20070724,6434.9,6464.3,6427.8,6455.5,0
XAT,20070724,642440,642440,642440,642440,0
XBL,20070724,0.22,0.23,0.22,0.23,608200
XDJ,20070724,2905.5,2916,2898.8,2909.1,0
XEJ,20070724,14934.7,14949.4,14756.7,14786.6,0
XEN,20070724,0.11,0.11,0.105,0.105,83728
XFJ,20070724,7150.6,7194.8,7146.4,7177.5,0
XFL,20070724,6172.3,6203.1,6162.4,6193.8,0
XGD,20070724,5318.6,5318.6,5318.6,5318.6,0
XHJ,20070724,8438.3,8632.7,8433.6,8615,0
XIJ,20070724,645.8,649,642.1,643.4,0
XJO,20070724,6398.5,6432.2,6390.4,6422.3,0
XKO,20070724,6421.8,6454.9,6413.8,6445.2,0
XMD,20070724,6589.8,6625.6,6589.2,6600.2,0
XMJ,20070724,14186.7,14278,14125.8,14257.1,0
XMM,20070724,4980.3,4980.3,4980.3,4980.3,0
XNJ,20070724,6995.8,7030.6,6987.2,7019.9,0
XPJ,20070724,2350.5,2372.9,2350.5,2358.4,0
XRF,20070724,0.15,0.15,0.15,0.15,0
XSJ,20070724,8066.9,8108.9,8066.5,8091.7,0
XSO,20070724,4055.9,4088.4,4054.6,4084.8,0
XST,20070724,0.17,0.18,0.17,0.18,98400
XTJ,20070724,1725.1,1736,1719.6,1732.9,0
XTL,20070724,3386.9,3401.7,3379.8,3397.9,0
XTO,20070724,5148.8,5174.7,5141.7,5165.1,0
XUJ,20070724,7610.9,7656.1,7589.4,7651.7,0
XXJ,20070724,7456.1,7499.8,7450.4,7485.1,0
YGL,20070724,0.24,0.265,0.24,0.265,1217742
YML,20070724,0.63,0.66,0.605,0.65,380712
YRR,20070724,0.39,0.39,0.39,0.39,98350
YTC,20070724,1.25,1.25,1.23,1.23,14000
ZBB,20070724,6.13,6.13,6.13,6.13,1000
ZDX,20070724,0.49,0.49,0.45,0.45,58200
ZFX,20070724,20.5,20.94,20.48,20.91,4179023
ZGL,20070724,0.42,0.43,0.42,0.43,482500
ZGM,20070724,0.2,0.22,0.2,0.2,356501
ZRL,20070724,0.565,0.575,0.56,0.56,112957
ZYL,20070724,0.06,0.06,0.056,0.056,588000
