AAC,20081216,1.73,1.74,1.63,1.66,693336
AAF,20081216,0.002,0.002,0.002,0.002,2000000
AAH,20081216,0.82,0.82,0.79,0.8,611457
AAQ,20081216,0.18,0.18,0.18,0.18,10000
AAR,20081216,0.022,0.022,0.021,0.021,1047333
AAX,20081216,2.5,2.69,2.44,2.69,727940
ABB,20081216,7.59,7.62,7.37,7.5,776466
ABC,20081216,2.05,2.06,1.955,1.965,1614969
ABJ,20081216,0.016,0.016,0.015,0.015,140000
ABP,20081216,0.235,0.235,0.205,0.205,4460845
ABU,20081216,0.011,0.011,0.011,0.011,90459
ABW,20081216,6,6,6,6,4000
ABY,20081216,0.13,0.13,0.12,0.13,345636
ACB,20081216,0.085,0.085,0.085,0.085,5546
ACE,20081216,0.055,0.06,0.055,0.06,76000
ACG,20081216,0.15,0.15,0.14,0.14,196000
ACK,20081216,0.19,0.19,0.19,0.19,10980
ACL,20081216,0.105,0.145,0.099,0.125,1969113
ACR,20081216,0.5,0.5,0.475,0.475,114481
ACS,20081216,0.085,0.085,0.085,0.085,93000
ADD,20081216,0.019,0.019,0.015,0.015,160000
ADE,20081216,0.05,0.05,0.045,0.045,132000
ADI,20081216,0.105,0.105,0.1,0.1,7767
ADQ,20081216,0.175,0.175,0.15,0.15,160000
ADU,20081216,0.19,0.19,0.19,0.19,56400
ADX,20081216,0.038,0.038,0.038,0.038,59650
ADY,20081216,0.01,0.011,0.01,0.011,1670081
AEC,20081216,2.14,2.14,2.05,2.09,17386
AED,20081216,1,1.02,0.98,1.02,218203
AEE,20081216,0.185,0.185,0.185,0.185,3200
AEF,20081216,27,27,26,26,141
AEO,20081216,1.29,1.29,1.27,1.27,12446
AEP,20081216,1.43,1.43,1.39,1.4,36265
AES,20081216,0.032,0.032,0.032,0.032,10000
AET,20081216,0.34,0.34,0.325,0.325,18999
AEU,20081216,0.2,0.23,0.2,0.215,212261
AEZ,20081216,0.068,0.069,0.065,0.067,717673
AFI,20081216,3.94,3.95,3.9,3.94,256758
AFR,20081216,0.02,0.02,0.01,0.015,2920408
AGF,20081216,0.83,0.83,0.8,0.8,123984
AGG,20081216,8,8,8,8,12349
AGI,20081216,0.061,0.061,0.061,0.061,115000
AGK,20081216,15.2,15.44,15.08,15.11,1538566
AGO,20081216,0.765,0.765,0.73,0.735,666470
AGS,20081216,0.4,0.415,0.38,0.39,662817
AHD,20081216,4.3,4.3,4.3,4.3,13664
AHE,20081216,0.55,0.55,0.535,0.535,8484
AIB,20081216,7.98,7.98,7.98,7.98,500
AIM,20081216,0.08,0.085,0.077,0.085,20500
AIO,20081216,1.35,1.425,1.34,1.37,4901030
AIX,20081216,1.5,1.595,1.5,1.57,741673
AIZ,20081216,0.71,0.72,0.71,0.72,262423
AJL,20081216,3.98,3.99,3.84,3.85,38388
ALB,20081216,0.077,0.08,0.076,0.08,665765
ALD,20081216,0.26,0.265,0.255,0.255,656614
ALF,20081216,0.62,0.62,0.6,0.62,122656
ALK,20081216,0.125,0.125,0.125,0.125,4000
ALL,20081216,3.95,3.96,3.67,3.78,2275164
ALR,20081216,1.075,1.075,1.05,1.05,13634
ALS,20081216,2.07,2.27,1.85,2.17,736155
ALT,20081216,0.049,0.05,0.049,0.049,84000
ALU,20081216,0.53,0.53,0.53,0.53,3000
ALY,20081216,0.037,0.037,0.037,0.037,40000
ALZ,20081216,0.3,0.3,0.27,0.27,2998815
AMA,20081216,0.03,0.03,0.03,0.03,53367
AMC,20081216,5.76,5.86,5.67,5.78,4264191
AMM,20081216,0.1,0.105,0.1,0.105,50276
AMP,20081216,5.25,5.3,5.09,5.3,10130871
AMT,20081216,0.3,0.3,0.3,0.3,3334
AMU,20081216,0.35,0.35,0.33,0.335,83000
AND,20081216,0.65,0.66,0.62,0.66,204231
ANG,20081216,1.21,1.265,1.21,1.21,38248
ANH,20081216,0.055,0.055,0.055,0.055,260001
ANN,20081216,12.07,12.38,12.01,12.05,833336
ANO,20081216,0.028,0.028,0.028,0.028,10000
ANP,20081216,0.042,0.042,0.042,0.042,100000
ANZ,20081216,14.85,14.97,14.31,14.36,10798204
AOD,20081216,1.225,1.225,1.215,1.215,188000
AOE,20081216,2.26,2.28,2.18,2.2,2483448
AOK,20081216,0.089,0.089,0.089,0.089,20000
AOM,20081216,0.004,0.004,0.004,0.004,338600
APA,20081216,2.7,2.84,2.7,2.78,977587
APB,20081216,0.071,0.072,0.071,0.072,35000
APD,20081216,0.205,0.205,0.19,0.19,72500
APE,20081216,6.05,6.05,6.05,6.05,2000
APG,20081216,0.045,0.045,0.044,0.045,204152
API,20081216,0.4,0.4,0.395,0.395,52862
APN,20081216,2.3,2.51,2.25,2.34,503804
APZ,20081216,0.505,0.51,0.475,0.475,358626
AQA,20081216,3.2,3.33,2.88,3.04,120814
AQD,20081216,0.096,0.096,0.096,0.096,10000
AQL,20081216,0.01,0.01,0.01,0.01,25600
AQP,20081216,3.27,3.31,3.1,3.17,520305
ARA,20081216,0.18,0.18,0.18,0.18,224
ARE,20081216,0.045,0.045,0.045,0.045,20120
ARG,20081216,5.32,5.35,5.23,5.25,112479
ARH,20081216,0.34,0.34,0.315,0.315,6700
ARJ,20081216,0.7,0.7,0.7,0.7,35000
ARO,20081216,0.003,0.003,0.003,0.003,439000
ARP,20081216,2.8,2.8,2.8,2.8,71730
ARR,20081216,0.026,0.026,0.025,0.025,17800
ARU,20081216,0.28,0.285,0.27,0.285,176746
ARW,20081216,0.008,0.008,0.007,0.007,200000
ARX,20081216,0.02,0.02,0.02,0.02,56000
ASB,20081216,1.91,1.93,1.89,1.93,102319
ASL,20081216,0.965,0.97,0.94,0.97,110088
ASU,20081216,0.004,0.004,0.004,0.004,160000
ASX,20081216,32.5,32.88,32.01,32.6,734731
ASZ,20081216,0.48,0.48,0.48,0.48,100000
ATP,20081216,0.205,0.205,0.205,0.205,3700
ATV,20081216,0.06,0.06,0.06,0.06,40000
AUB,20081216,3.6,3.6,3.6,3.6,90650
AUF,20081216,0.89,0.89,0.89,0.89,32500
AUI,20081216,5.4,5.44,5.37,5.37,40062
AUK,20081216,0.02,0.02,0.02,0.02,25000
AUN,20081216,0.685,0.69,0.65,0.67,4812689
AUT,20081216,0.18,0.18,0.18,0.18,48500
AUW,20081216,0.84,0.845,0.805,0.84,1146909
AVD,20081216,0.025,0.025,0.025,0.025,20000
AVE,20081216,1.02,1.05,1.02,1.02,14865
AVG,20081216,0.38,0.395,0.38,0.395,11955
AVH,20081216,0.04,0.04,0.038,0.039,279021
AVJ,20081216,0.35,0.36,0.35,0.36,13000
AVO,20081216,1.63,1.65,1.58,1.58,718738
AVQ,20081216,0.03,0.03,0.03,0.03,25000
AVS,20081216,0.018,0.018,0.018,0.018,3500
AVX,20081216,0.105,0.105,0.1,0.1,488961
AVZ,20081216,0.03,0.03,0.03,0.03,20000
AWB,20081216,2.9,2.93,2.81,2.85,1967914
AWC,20081216,1.305,1.415,1.285,1.36,7009613
AWE,20081216,2.44,2.47,2.38,2.39,2158326
AXA,20081216,4.81,4.87,4.63,4.63,4595705
AXI,20081216,0.04,0.04,0.04,0.04,119
AXM,20081216,0.37,0.4,0.37,0.395,1391617
AXO,20081216,0.09,0.09,0.08,0.08,276000
AXT,20081216,0.035,0.035,0.035,0.035,30000
AXY,20081216,0.044,0.044,0.044,0.044,15000
AYF,20081216,5.99,5.99,5.99,5.99,90
AYR,20081216,0.03,0.03,0.03,0.03,20000
AYT,20081216,1.24,1.25,1.2,1.21,111249
AZM,20081216,0.05,0.05,0.05,0.05,10000
AZS,20081216,0.07,0.07,0.07,0.07,30479
AZX,20081216,0.25,0.25,0.25,0.25,5000
AZZ,20081216,0.054,0.054,0.051,0.051,101000
BAR,20081216,0.05,0.05,0.05,0.05,40000
BAU,20081216,0.17,0.17,0.17,0.17,7265
BBC,20081216,0.185,0.185,0.16,0.16,1143280
BBG,20081216,7.28,7.38,6.68,7.06,3228166
BBI,20081216,0.081,0.081,0.076,0.079,12029710
BBP,20081216,0.056,0.056,0.053,0.056,1717768
BBW,20081216,0.84,0.84,0.815,0.825,1291395
BCC,20081216,0.055,0.055,0.05,0.05,392600
BCD,20081216,0.125,0.14,0.12,0.135,411588
BCI,20081216,0.2,0.2,0.2,0.2,15333
BCM,20081216,1.075,1.13,0.955,1.02,309180
BDG,20081216,0.155,0.17,0.155,0.165,1397563
BDI,20081216,0.011,0.011,0.011,0.011,200000
BDL,20081216,0.044,0.047,0.04,0.047,1720000
BDR,20081216,0.06,0.06,0.06,0.06,8000
BEC,20081216,0.094,0.096,0.094,0.095,405136
BEL,20081216,0.25,0.25,0.25,0.25,20000
BEN,20081216,11.3,11.3,10.96,10.99,558124
BFG,20081216,0.55,0.55,0.55,0.55,22102
BGD,20081216,0.095,0.095,0.095,0.095,5000
BHP,20081216,31.05,31.05,30.01,30.64,15564757
BIS,20081216,0.25,0.25,0.245,0.25,34000
BIT,20081216,0.105,0.12,0.105,0.12,16429
BJT,20081216,0.325,0.345,0.3,0.315,4258532
BKG,20081216,0.041,0.041,0.041,0.041,11500
BKI,20081216,0.93,0.945,0.93,0.945,64259
BKL,20081216,13.44,13.44,13.4,13.4,13091
BKN,20081216,2.68,2.72,2.59,2.63,1187429
BKW,20081216,9.5,9.51,9.37,9.4,101224
BKY,20081216,0.27,0.27,0.255,0.255,738
BLD,20081216,3.73,3.91,3.7,3.83,4505308
BLR,20081216,0.018,0.02,0.018,0.019,1703871
BLT,20081216,0.036,0.036,0.035,0.035,72000
BLU,20081216,0.038,0.038,0.036,0.036,74139
BLY,20081216,0.215,0.215,0.2,0.21,8658503
BMY,20081216,0.04,0.04,0.04,0.04,25000
BNB,20081216,0.185,0.185,0.165,0.165,4822506
BNO,20081216,0.2,0.22,0.2,0.21,64968
BOC,20081216,0.545,0.55,0.545,0.55,48560
BOL,20081216,0.625,0.675,0.61,0.675,135462
BOQ,20081216,9.42,9.7,9.39,9.56,259673
BOS,20081216,0.015,0.015,0.015,0.015,50000
BPO,20081216,0.017,0.017,0.017,0.017,59412
BPT,20081216,0.84,0.855,0.835,0.835,10213083
BRG,20081216,0.55,0.55,0.55,0.55,1694935
BRM,20081216,0.53,0.53,0.515,0.525,267096
BRU,20081216,0.175,0.175,0.17,0.17,85641
BRW,20081216,0.04,0.048,0.04,0.04,632000
BSL,20081216,2.92,3.07,2.87,3.03,6652441
BSM,20081216,0.13,0.13,0.125,0.13,87500
BSR,20081216,0.04,0.04,0.04,0.04,15000
BTA,20081216,0.325,0.35,0.32,0.35,670832
BTC,20081216,0.115,0.115,0.115,0.115,20000
BTT,20081216,1.9,1.925,1.9,1.925,21789
BTU,20081216,0.125,0.13,0.125,0.13,75625
BTV,20081216,0.07,0.07,0.07,0.07,140000
BUG,20081216,0.43,0.43,0.4,0.4,16000
BUL,20081216,0.096,0.099,0.093,0.093,397329
BWN,20081216,0.12,0.12,0.12,0.12,30000
BWP,20081216,1.72,1.735,1.67,1.7,302373
BXB,20081216,6.84,7.4,6.82,7.15,6877890
BYL,20081216,0.18,0.18,0.17,0.18,844400
BZI,20081216,0.01,0.01,0.01,0.01,190000
CAA,20081216,0.065,0.065,0.065,0.065,30000
CAB,20081216,5.48,5.59,5.46,5.5,787983
CAF,20081216,0.18,0.18,0.18,0.18,50000
CAG,20081216,0.004,0.005,0.004,0.005,860000
CAH,20081216,0.025,0.025,0.022,0.022,529668
CAL,20081216,0.805,0.805,0.8,0.8,134811
CAM,20081216,0.72,0.72,0.72,0.72,22103
CAZ,20081216,0.125,0.14,0.125,0.14,386000
CBA,20081216,28.05,29.15,27.85,29.15,7686183
CBD,20081216,0.07,0.07,0.07,0.07,40500
CBH,20081216,0.035,0.036,0.034,0.034,1340339
CCD,20081216,0.28,0.28,0.275,0.275,89002
CCF,20081216,0.22,0.22,0.18,0.18,72775
CCL,20081216,8.66,8.7,8.3,8.38,1547951
CCP,20081216,0.49,0.49,0.49,0.49,25000
CCQ,20081216,0.27,0.27,0.27,0.27,20000
CCV,20081216,0.26,0.265,0.26,0.265,72841
CDD,20081216,3.16,3.17,3.09,3.1,44197
CDF,20081216,0.99,0.995,0.95,0.95,3929
CDI,20081216,0.48,0.49,0.48,0.485,755356
CDP,20081216,3.5,3.5,3.5,3.5,2500
CDT,20081216,0.11,0.11,0.11,0.11,18000
CDU,20081216,1.605,1.75,1.53,1.68,162411
CEC,20081216,0.085,0.085,0.08,0.08,5000
CEG,20081216,0.19,0.19,0.18,0.18,16670
CEU,20081216,0.535,0.54,0.495,0.51,11615773
CEY,20081216,2.8,2.83,2.41,2.45,3129046
CFE,20081216,0.24,0.26,0.24,0.245,1921473
CFR,20081216,0.004,0.005,0.004,0.005,271048
CFU,20081216,0.145,0.145,0.135,0.14,492923
CFX,20081216,1.8,1.89,1.8,1.83,6188649
CGF,20081216,1.38,1.445,1.375,1.385,1664878
CGG,20081216,0.11,0.12,0.11,0.115,3719537
CGM,20081216,0.024,0.024,0.024,0.024,20900
CGT,20081216,0.042,0.042,0.041,0.042,143000
CGX,20081216,0.95,0.96,0.95,0.96,25100
CHB,20081216,19.5,19.5,19.5,19.5,731
CHC,20081216,0.29,0.29,0.25,0.27,1187632
CHM,20081216,0.008,0.009,0.007,0.009,1060000
CHO,20081216,4,4,3.95,3.95,9478
CHQ,20081216,0.78,0.95,0.78,0.95,42125
CHZ,20081216,0.07,0.07,0.065,0.065,115500
CIF,20081216,1.6,1.63,1.59,1.625,167413
CIG,20081216,0.015,0.015,0.015,0.015,256500
CII,20081216,1,1,1,1,20000
CIR,20081216,0.61,0.61,0.6,0.6,2180
CIX,20081216,0.36,0.36,0.33,0.33,60741
CIY,20081216,0.066,0.066,0.066,0.066,20241
CKK,20081216,0.095,0.095,0.09,0.09,140000
CKR,20081216,0.03,0.03,0.03,0.03,115000
CKT,20081216,0.36,0.36,0.36,0.36,29000
CLH,20081216,0.39,0.39,0.39,0.39,16600
CLO,20081216,0.29,0.29,0.28,0.29,310057
CLT,20081216,0.2,0.2,0.2,0.2,8000
CLU,20081216,0.03,0.03,0.026,0.026,50000
CMG,20081216,0.11,0.11,0.096,0.096,45500
CMJ,20081216,2.08,2.1,1.93,1.94,1480305
CMO,20081216,0.025,0.025,0.025,0.025,75000
CMR,20081216,0.18,0.185,0.16,0.185,458698
CMV,20081216,0.165,0.18,0.165,0.18,145000
CMW,20081216,0.64,0.65,0.625,0.64,237998
CMY,20081216,0.049,0.049,0.049,0.049,70204
CND,20081216,0.4,0.4,0.39,0.39,11000
CNH,20081216,0.07,0.07,0.07,0.07,30000
CNK,20081216,0.062,0.062,0.06,0.06,86000
CNM,20081216,0.11,0.115,0.11,0.11,146500
CNT,20081216,0.92,0.97,0.91,0.94,170292
CNX,20081216,0.26,0.26,0.25,0.25,317590
COE,20081216,0.25,0.27,0.25,0.26,553242
COH,20081216,51.99,52.39,49.76,50.06,261234
COK,20081216,0.31,0.31,0.285,0.285,204960
COS,20081216,0.095,0.095,0.09,0.09,35200
COU,20081216,1.04,1.05,1,1,15180
COY,20081216,0.02,0.02,0.02,0.02,21700
COZ,20081216,0.24,0.24,0.24,0.24,25884
CPA,20081216,1.08,1.09,1.02,1.055,4519551
CPB,20081216,17.65,17.65,17.32,17.41,57019
CPK,20081216,0.018,0.018,0.018,0.018,134000
CPN,20081216,0.085,0.085,0.085,0.085,300000
CPR,20081216,0.15,0.15,0.11,0.12,241000
CPS,20081216,0.005,0.005,0.005,0.005,200000
CPU,20081216,7.01,7.12,6.92,7.05,1018666
CQT,20081216,0.18,0.19,0.18,0.185,706227
CQU,20081216,0.13,0.13,0.13,0.13,29500
CRE,20081216,0.08,0.084,0.08,0.082,283309
CRG,20081216,8.37,8.47,7.98,8.35,223567
CRJ,20081216,0.033,0.033,0.032,0.032,27500
CRS,20081216,0.01,0.01,0.01,0.01,1333
CRT,20081216,0.315,0.315,0.315,0.315,17000
CSE,20081216,0.056,0.056,0.056,0.056,20000
CSJ,20081216,1.01,1.01,1.01,1.01,62500
CSL,20081216,28.2,29.75,26.85,29.01,4382823
CSR,20081216,1.455,1.52,1.425,1.47,4984474
CSS,20081216,0.365,0.365,0.325,0.325,91000
CST,20081216,1.83,1.85,1.78,1.8,431123
CSU,20081216,0.96,0.96,0.96,0.96,30000
CSV,20081216,0.475,0.48,0.47,0.47,18700
CSW,20081216,0.98,0.98,0.98,0.98,220000
CTN,20081216,0.57,0.57,0.57,0.57,10000
CTO,20081216,0.235,0.245,0.23,0.24,2695124
CTP,20081216,0.087,0.09,0.087,0.09,440105
CTX,20081216,6.89,6.89,6.47,6.51,729364
CUE,20081216,0.115,0.115,0.115,0.115,50000
CUL,20081216,0.03,0.03,0.029,0.029,52000
CUR,20081216,0.41,0.41,0.41,0.41,5000
CUS,20081216,1.18,1.18,1.15,1.17,67174
CUV,20081216,0.2,0.21,0.2,0.205,215578
CUX,20081216,0.06,0.06,0.06,0.06,479545
CUY,20081216,0.32,0.33,0.32,0.33,4100
CVC,20081216,0.7,0.7,0.675,0.675,123466
CVI,20081216,0.013,0.013,0.013,0.013,349000
CVN,20081216,0.26,0.275,0.26,0.27,1518729
CVR,20081216,0.058,0.058,0.058,0.058,31685
CWK,20081216,0.105,0.105,0.1,0.1,350000
CWN,20081216,5.45,5.62,5.37,5.44,2514612
CWT,20081216,0.34,0.35,0.34,0.35,49285
CXC,20081216,1.16,1.21,1.14,1.15,99657
CXG,20081216,0.27,0.285,0.27,0.285,140550
CXH,20081216,0.24,0.24,0.24,0.24,30000
CXP,20081216,3.79,4.23,3.72,4.1,540869
CXS,20081216,0.495,0.5,0.485,0.5,79569
CXY,20081216,0.05,0.053,0.049,0.05,2018066
CYA,20081216,0.68,0.68,0.67,0.68,87033
CYU,20081216,0.095,0.095,0.074,0.074,220000
CZA,20081216,0.81,0.855,0.81,0.815,30933
DDD,20081216,0.018,0.018,0.018,0.018,20000
DDT,20081216,0.09,0.09,0.09,0.09,19600
DEX,20081216,0.48,0.48,0.465,0.475,37977
DGH,20081216,0.38,0.4,0.365,0.4,22860
DGO,20081216,0.039,0.039,0.031,0.031,15000
DGR,20081216,0.035,0.036,0.034,0.036,276000
DIO,20081216,0.335,0.38,0.33,0.37,657729
DJS,20081216,2.98,3.04,2.94,2.98,2998344
DJW,20081216,3.4,3.4,3.34,3.34,77526
DKS,20081216,5.1,5.1,5.1,5.1,6090
DLS,20081216,0.026,0.026,0.025,0.025,1566500
DMG,20081216,0.09,0.093,0.09,0.093,60000
DML,20081216,0.12,0.12,0.12,0.12,25000
DMP,20081216,2.55,2.55,2.55,2.55,5000
DMX,20081216,0.105,0.105,0.105,0.105,2552
DOM,20081216,3.48,3.5,3.35,3.45,185460
DON,20081216,0.06,0.06,0.06,0.06,64357
DOW,20081216,3.65,3.84,3.55,3.82,2106640
DRA,20081216,0.021,0.023,0.02,0.023,4102643
DRK,20081216,0.09,0.09,0.09,0.09,8000
DTL,20081216,4.75,4.75,4.75,4.75,771
DUE,20081216,1.7,1.82,1.7,1.82,2601204
DUI,20081216,2.42,2.42,2.41,2.41,10119
DVA,20081216,0.008,0.008,0.008,0.008,37000
DVM,20081216,0.04,0.04,0.04,0.04,28069
DVN,20081216,0.6,0.62,0.57,0.62,8053
DWS,20081216,0.59,0.59,0.58,0.58,35181
DXS,20081216,0.92,0.94,0.85,0.89,18336213
DYE,20081216,0.72,0.74,0.66,0.74,82262
DYL,20081216,0.115,0.115,0.1,0.11,1510626
EAL,20081216,0.32,0.32,0.3,0.3,86000
EBB,20081216,0.06,0.062,0.06,0.06,919123
EBI,20081216,1.05,1.06,1.01,1.06,13410
EBT,20081216,0.031,0.031,0.03,0.03,420000
ECU,20081216,0.13,0.13,0.115,0.115,56520
EGO,20081216,0.006,0.006,0.006,0.006,2440000
EHL,20081216,0.375,0.375,0.32,0.335,2316755
ELK,20081216,0.17,0.17,0.17,0.17,800
ELX,20081216,0.09,0.09,0.085,0.085,419296
EMA,20081216,0.175,0.175,0.175,0.175,5886
EME,20081216,0.38,0.38,0.38,0.38,9450
EMM,20081216,0.027,0.027,0.025,0.025,275000
EMR,20081216,0.055,0.055,0.052,0.052,100000
EMS,20081216,0.094,0.1,0.094,0.1,115000
EMU,20081216,0.042,0.042,0.042,0.042,53000
ENE,20081216,2.25,2.36,2.25,2.36,26159
ENG,20081216,0.018,0.018,0.018,0.018,35000
ENR,20081216,0.08,0.08,0.08,0.08,40000
ENV,20081216,0.335,0.34,0.3,0.3,1889490
EOS,20081216,0.33,0.33,0.315,0.315,10000
EPF,20081216,0.085,0.085,0.085,0.085,17800
EPG,20081216,0.165,0.165,0.165,0.165,10000
EPR,20081216,0.031,0.031,0.03,0.03,939845
EPS,20081216,0.046,0.046,0.046,0.046,67220
EQN,20081216,1.68,1.695,1.59,1.605,1949545
EQT,20081216,13.2,13.4,13.2,13.2,7175
ERA,20081216,19.06,19.88,18.51,18.87,442612
ERG,20081216,0.006,0.006,0.005,0.006,618243
ERH,20081216,0.088,0.088,0.088,0.088,7950
ERL,20081216,0.03,0.03,0.03,0.03,21212
ERM,20081216,0.06,0.075,0.06,0.062,558000
ERN,20081216,0.024,0.024,0.024,0.024,62235
ESG,20081216,0.405,0.405,0.39,0.39,1154417
ESI,20081216,0.034,0.034,0.033,0.033,82298
ESN,20081216,0.003,0.003,0.003,0.003,500002
ESS,20081216,0.275,0.29,0.275,0.29,33775
ESV,20081216,0.535,0.545,0.53,0.53,35114
ETC,20081216,0.275,0.28,0.27,0.28,65000
ETE,20081216,0.064,0.066,0.064,0.066,180000
EUG,20081216,0.08,0.08,0.08,0.08,100000
EVE,20081216,0.008,0.008,0.008,0.008,250000
EVG,20081216,0.05,0.05,0.05,0.05,55000
EVM,20081216,0.055,0.063,0.055,0.063,28275
EVZ,20081216,0.096,0.096,0.096,0.096,20600
EWC,20081216,0.225,0.225,0.2,0.2,2286766
EXE,20081216,0.016,0.016,0.016,0.016,50000
EXM,20081216,0.006,0.006,0.006,0.006,1353000
EXR,20081216,0.04,0.04,0.04,0.04,40000
EXS,20081216,0.074,0.074,0.069,0.069,169500
EXT,20081216,1.18,1.18,1.14,1.14,99996
EZL,20081216,0.7,0.7,0.67,0.68,114488
FAC,20081216,0.038,0.038,0.038,0.038,55250
FAR,20081216,0.03,0.03,0.028,0.028,1741700
FAS,20081216,0.033,0.033,0.033,0.033,24500
FAT,20081216,0.575,0.575,0.575,0.575,45000
FBU,20081216,4.94,5,4.91,5,18191
FCL,20081216,0.735,0.735,0.705,0.72,1582899
FCP,20081216,0.007,0.007,0.007,0.007,70185
FEA,20081216,0.26,0.27,0.23,0.24,2546590
FER,20081216,0.2,0.2,0.18,0.18,250970
FGL,20081216,5.4,5.43,5.24,5.35,5641578
FKP,20081216,0.675,0.69,0.655,0.655,859475
FLT,20081216,9.6,9.61,9.13,9.37,173447
FLX,20081216,8.34,8.34,7.5,7.65,562989
FMG,20081216,2.5,2.55,2.36,2.36,7970283
FML,20081216,0.024,0.024,0.023,0.024,861000
FMS,20081216,0.048,0.049,0.045,0.045,8201575
FPA,20081216,1.07,1.07,1.07,1.07,200000
FPH,20081216,2.49,2.49,2.47,2.48,30988
FRE,20081216,0.035,0.035,0.035,0.035,60000
FRR,20081216,0.1,0.1,0.1,0.1,10000
FRS,20081216,0.185,0.185,0.18,0.185,125413
FSE,20081216,0.015,0.015,0.012,0.012,560000
FSN,20081216,0.41,0.41,0.395,0.4,127487
FTE,20081216,0.05,0.05,0.05,0.05,2500
FUL,20081216,0.004,0.004,0.004,0.004,3750
FUN,20081216,0.165,0.175,0.165,0.175,126381
FWD,20081216,3.7,3.7,3.62,3.67,117145
FXI,20081216,0.64,0.64,0.64,0.64,25000
FXJ,20081216,1.485,1.55,1.47,1.54,4068381
FXL,20081216,0.25,0.26,0.24,0.255,134143
FXR,20081216,0.105,0.105,0.1,0.1,131568
GAP,20081216,0.065,0.065,0.065,0.065,30000
GAU,20081216,0.033,0.033,0.03,0.03,205428
GBG,20081216,0.455,0.46,0.44,0.46,497816
GBI,20081216,0.25,0.25,0.235,0.25,19000
GBT,20081216,0.69,0.69,0.67,0.67,24000
GCG,20081216,0.165,0.165,0.165,0.165,142500
GCL,20081216,3.31,3.34,2.84,2.94,909620
GCR,20081216,0.011,0.011,0.011,0.011,50000
GCS,20081216,0.42,0.42,0.42,0.42,23000
GDN,20081216,0.059,0.06,0.058,0.06,219692
GDR,20081216,0.035,0.035,0.033,0.033,49500
GDY,20081216,0.92,0.96,0.905,0.95,273297
GFE,20081216,0.1,0.1,0.075,0.075,38003
GFF,20081216,1.21,1.255,1.21,1.21,5701317
GGG,20081216,0.25,0.275,0.25,0.275,35500
GGP,20081216,0.165,0.165,0.165,0.165,197325
GGX,20081216,0.028,0.028,0.028,0.028,31000
GGY,20081216,0.039,0.039,0.039,0.039,57747
GIP,20081216,0.036,0.036,0.035,0.035,185000
GIR,20081216,0.335,0.34,0.325,0.33,202684
GJT,20081216,0.06,0.06,0.053,0.054,902877
GLA,20081216,0.04,0.04,0.04,0.04,15750
GLB,20081216,0.155,0.155,0.125,0.125,18351
GLI,20081216,0.21,0.21,0.21,0.21,336474
GLM,20081216,0.045,0.045,0.045,0.045,35740
GME,20081216,0.082,0.09,0.08,0.09,308800
GMG,20081216,0.61,0.62,0.46,0.52,44203301
GMI,20081216,0.75,0.75,0.69,0.7,323603
GMX,20081216,1,1,1,1,18600
GNC,20081216,5.3,5.38,5.23,5.34,77078
GNI,20081216,0.03,0.04,0.03,0.04,93485
GNM,20081216,0.32,0.32,0.28,0.28,46792
GNS,20081216,1.04,1.075,1.025,1.05,1484294
GOP,20081216,0.035,0.035,0.035,0.035,18000
GPB,20081216,0.11,0.11,0.11,0.11,6900
GPG,20081216,0.765,0.765,0.76,0.76,532495
GPM,20081216,0.175,0.175,0.17,0.17,1346472
GPR,20081216,0.091,0.091,0.091,0.091,1600
GPT,20081216,0.85,0.9,0.85,0.885,12958029
GRD,20081216,0.33,0.33,0.31,0.32,89618
GRK,20081216,0.042,0.042,0.042,0.042,20000
GRR,20081216,0.4,0.4,0.37,0.4,58341
GRY,20081216,0.062,0.063,0.062,0.062,43000
GSE,20081216,0.015,0.017,0.015,0.017,32230
GTP,20081216,0.28,0.36,0.26,0.27,1370222
GUD,20081216,4.95,5,4.85,4.95,296609
GWR,20081216,0.265,0.275,0.265,0.275,29500
GWT,20081216,2.74,2.77,2.57,2.58,484443
GXL,20081216,0.52,0.52,0.505,0.505,24500
GXY,20081216,0.42,0.42,0.41,0.41,15000
GZL,20081216,1.1,1.19,1.1,1.19,6816
HAP,20081216,0.305,0.305,0.305,0.305,5377
HAV,20081216,0.35,0.35,0.35,0.35,44841
HAW,20081216,0.007,0.007,0.007,0.007,502920
HDF,20081216,2.1,2.21,2.1,2.15,294756
HDN,20081216,0.1,0.1,0.1,0.1,137000
HEG,20081216,0.105,0.11,0.105,0.11,176200
HEM,20081216,0.051,0.051,0.051,0.051,42000
HER,20081216,0.21,0.21,0.21,0.21,7832
HFA,20081216,0.115,0.115,0.1,0.105,2226815
HGG,20081216,1.18,1.235,1.18,1.22,864845
HGO,20081216,0.095,0.095,0.085,0.093,209774
HHL,20081216,3.9,3.9,3.85,3.85,6388
HHM,20081216,0.11,0.11,0.1,0.1,304391
HHV,20081216,0.525,0.54,0.525,0.54,291576
HHY,20081216,1.01,1.03,1.01,1.02,35000
HIC,20081216,0.54,0.54,0.54,0.54,46400
HIG,20081216,0.05,0.05,0.05,0.05,90000
HII,20081216,0.19,0.19,0.19,0.19,4000
HIL,20081216,3.08,3.15,3.07,3.1,212444
HIN,20081216,0.57,0.57,0.55,0.55,54400
HIP,20081216,1.23,1.23,1.23,1.23,14250
HLD,20081216,0.12,0.12,0.12,0.12,25000
HLG,20081216,0.275,0.29,0.275,0.29,20000
HLX,20081216,0.073,0.073,0.07,0.07,557999
HMC,20081216,0.047,0.047,0.045,0.047,430000
HRL,20081216,0.085,0.085,0.085,0.085,106000
HRR,20081216,0.15,0.15,0.15,0.15,1552
HSN,20081216,0.305,0.305,0.305,0.305,11379
HSP,20081216,3.93,3.94,3.83,3.88,771701
HST,20081216,1.075,1.16,1.075,1.15,275277
HTA,20081216,0.096,0.1,0.096,0.1,449138
HTE,20081216,0.028,0.028,0.028,0.028,300000
HVN,20081216,2.43,2.58,2.37,2.47,2620347
HXL,20081216,0.38,0.38,0.38,0.38,64000
HZN,20081216,0.125,0.125,0.12,0.125,115000
IAG,20081216,3.95,4.02,3.82,3.96,14859505
IAS,20081216,0.18,0.18,0.18,0.18,9033
IAU,20081216,0.165,0.17,0.155,0.165,982000
IBA,20081216,0.555,0.565,0.55,0.55,2601194
IBC,20081216,0.41,0.415,0.41,0.415,347000
IBG,20081216,0.08,0.08,0.08,0.08,80000
ICN,20081216,0.14,0.14,0.13,0.13,58000
ICP,20081216,0.028,0.028,0.027,0.027,289840
ICS,20081216,0.15,0.15,0.15,0.15,15000
IDL,20081216,0.155,0.165,0.155,0.165,888184
IDT,20081216,1.7,1.7,1.7,1.7,800
IEF,20081216,0.235,0.245,0.22,0.245,103660
IEM,20081216,37,37.5,36.89,36.94,369
IEU,20081216,44.94,44.94,44.94,44.94,290
IFL,20081216,3.11,3.42,3.05,3.1,59494
IFM,20081216,0.285,0.285,0.28,0.28,84672
IGC,20081216,0.25,0.275,0.25,0.265,1407053
IGO,20081216,1.55,1.61,1.525,1.58,521231
IGR,20081216,0.18,0.18,0.175,0.18,971571
IHF,20081216,0.67,0.67,0.66,0.67,20855
IHK,20081216,16.34,16.34,16.34,16.34,100
IIF,20081216,0.21,0.215,0.19,0.195,4718793
IJH,20081216,75,75,75,75,73
IJP,20081216,13.6,13.6,13.6,13.6,150
IKO,20081216,40.56,40.7,40.56,40.7,1002
ILF,20081216,0.058,0.058,0.052,0.055,672971
ILU,20081216,5.01,5.15,4.91,4.96,3002665
IMA,20081216,0.42,0.42,0.39,0.42,33000
IMC,20081216,0.049,0.049,0.046,0.046,150000
IMD,20081216,0.3,0.31,0.29,0.295,963658
IMP,20081216,0.006,0.008,0.006,0.007,8564500
INL,20081216,0.02,0.02,0.019,0.019,176495
INP,20081216,0.195,0.195,0.175,0.19,55000
INT,20081216,0.007,0.007,0.007,0.007,185000
IOF,20081216,0.735,0.735,0.69,0.7,4705287
IOO,20081216,77.16,77.45,77,77.16,3307
IPE,20081216,0.45,0.45,0.45,0.45,25396
IPL,20081216,2.45,2.45,2.33,2.37,15644791
IPM,20081216,0.93,0.93,0.9,0.9,11255
IPX,20081216,0.075,0.075,0.075,0.075,34800
IRC,20081216,0.13,0.13,0.13,0.13,100000
IRD,20081216,0.05,0.055,0.05,0.055,129033
IRE,20081216,4.82,4.86,4.62,4.69,548015
IRI,20081216,0.245,0.245,0.245,0.245,4000
IRL,20081216,0.021,0.021,0.019,0.019,387700
IRM,20081216,0.054,0.054,0.054,0.054,43444
IRN,20081216,0.34,0.34,0.32,0.32,576137
ITC,20081216,0.034,0.034,0.03,0.03,1430000
ITD,20081216,0.11,0.11,0.105,0.105,34000
IVA,20081216,0.34,0.34,0.27,0.275,218593
IVC,20081216,4.86,5.04,4.86,4.97,825298
IVE,20081216,65.39,65.39,65.39,65.39,170
IVT,20081216,0.067,0.067,0.067,0.067,4000
IVV,20081216,131.65,131.65,130.94,130.94,141
IXR,20081216,0.2,0.22,0.2,0.22,31000
IZZ,20081216,44,44.15,43.8,44.07,1791
JAK,20081216,0.027,0.027,0.027,0.027,50000
JBH,20081216,8.95,9.05,8.66,8.9,1143318
JGL,20081216,0.105,0.125,0.105,0.11,1904500
JHX,20081216,3.86,3.91,3.77,3.86,4982021
JML,20081216,0.115,0.12,0.115,0.115,459505
JMS,20081216,0.068,0.068,0.066,0.066,135000
JPR,20081216,0.014,0.015,0.014,0.015,117951
JRV,20081216,0.006,0.007,0.006,0.006,7988578
JYC,20081216,0.65,0.65,0.65,0.65,19622
KAL,20081216,0.017,0.017,0.017,0.017,100000
KAR,20081216,2.9,2.95,2.85,2.9,735927
KBC,20081216,0.195,0.205,0.195,0.2,345833
KCN,20081216,2.95,3.04,2.81,2.85,239599
KEN,20081216,0.13,0.13,0.13,0.13,19200
KEY,20081216,0.082,0.082,0.078,0.078,48762
KIK,20081216,0.05,0.05,0.046,0.047,222370
KIL,20081216,0.49,0.51,0.49,0.51,1628414
KKT,20081216,0.04,0.04,0.038,0.038,120000
KME,20081216,0.21,0.21,0.21,0.21,60000
KMN,20081216,0.07,0.07,0.07,0.07,10000
KOG,20081216,0.04,0.04,0.04,0.04,120000
KOR,20081216,0.045,0.045,0.044,0.045,96786
KOV,20081216,3.75,3.75,3.75,3.75,15191
KRB,20081216,0.255,0.255,0.25,0.255,148500
KSX,20081216,0.011,0.011,0.011,0.011,50702
KZL,20081216,0.355,0.36,0.335,0.355,970553
LAU,20081216,0.16,0.16,0.16,0.16,10000
LBL,20081216,0.1,0.1,0.1,0.1,10000
LCT,20081216,0.115,0.115,0.115,0.115,100000
LCY,20081216,0.095,0.1,0.095,0.1,14000
LEG,20081216,0.008,0.008,0.008,0.008,3404708
LEI,20081216,26.5,26.99,25.33,26.74,793972
LEP,20081216,1.965,2.01,1.965,1.99,299946
LFE,20081216,0.071,0.071,0.071,0.071,40000
LGL,20081216,2.66,2.67,2.51,2.57,13447147
LKO,20081216,0.004,0.004,0.004,0.004,508894
LLA,20081216,0.029,0.03,0.029,0.03,86000
LLC,20081216,7.06,7.28,6.85,6.92,851436
LMG,20081216,0.004,0.005,0.004,0.005,275000
LMP,20081216,0.075,0.075,0.07,0.07,31592
LNC,20081216,2.25,2.25,1.93,2.05,2513520
LNG,20081216,0.63,0.66,0.615,0.64,183978
LNN,20081216,8,8.01,7.62,7.8,1037061
LOD,20081216,0.015,0.015,0.013,0.013,500000
LOM,20081216,0.03,0.03,0.03,0.03,30000
LPM,20081216,0.05,0.05,0.05,0.05,100000
LRF,20081216,0.33,0.33,0.305,0.32,48000
LRL,20081216,0.066,0.066,0.06,0.06,92020
LSL,20081216,0.036,0.036,0.036,0.036,7500
LSR,20081216,0.026,0.026,0.026,0.026,18834
LST,20081216,0.66,0.72,0.66,0.67,338568
LTR,20081216,0.013,0.013,0.013,0.013,80000
LYC,20081216,0.375,0.375,0.34,0.345,2126145
LYL,20081216,1.51,1.51,1.51,1.51,5000
MAE,20081216,0.265,0.265,0.235,0.24,666361
MAH,20081216,0.4,0.41,0.375,0.38,4454054
MAK,20081216,0.57,0.57,0.51,0.535,165063
MAN,20081216,0.004,0.004,0.004,0.004,125000
MAP,20081216,2.13,2.2,2.06,2.15,4782335
MAR,20081216,0.072,0.073,0.072,0.073,43224
MBA,20081216,0.022,0.022,0.022,0.022,100000
MBN,20081216,0.88,0.88,0.86,0.86,10343
MBP,20081216,0.027,0.027,0.025,0.025,212500
MBT,20081216,0.265,0.265,0.25,0.26,101754
MCC,20081216,2.8,2.87,2.66,2.7,2683374
MCG,20081216,0.86,0.86,0.805,0.805,2094828
MCL,20081216,0.009,0.009,0.009,0.009,63667
MCO,20081216,0.105,0.105,0.1,0.1,370000
MCP,20081216,0.59,0.59,0.57,0.57,62571
MCR,20081216,0.615,0.62,0.585,0.595,795208
MCU,20081216,0.46,0.46,0.46,0.46,5817
MCW,20081216,0.2,0.21,0.19,0.195,9655710
MDA,20081216,0.17,0.17,0.17,0.17,2470
MDL,20081216,0.51,0.53,0.51,0.525,1082918
MDT,20081216,0.045,0.045,0.038,0.041,11499104
MDV,20081216,0.007,0.007,0.007,0.007,100000
MDX,20081216,0.225,0.225,0.225,0.225,8887
MEG,20081216,0.2,0.2,0.2,0.2,20000
MEI,20081216,0.02,0.021,0.02,0.021,24500
MEL,20081216,0.285,0.3,0.285,0.295,48000
MEO,20081216,0.135,0.14,0.13,0.13,595264
MES,20081216,0.05,0.05,0.05,0.05,74000
MFC,20081216,0.089,0.089,0.089,0.089,5000
MFF,20081216,0.565,0.58,0.56,0.56,166279
MFG,20081216,0.42,0.42,0.42,0.42,28985
MFI,20081216,0.01,0.011,0.009,0.009,192000
MGO,20081216,0.09,0.09,0.09,0.09,10000
MGR,20081216,1.22,1.22,1.15,1.15,3918975
MGU,20081216,0.056,0.056,0.056,0.056,20000
MGX,20081216,0.265,0.265,0.245,0.25,5062764
MGY,20081216,0.027,0.027,0.027,0.027,125000
MHL,20081216,0.003,0.003,0.003,0.003,1000000
MIG,20081216,1.64,1.64,1.54,1.63,8860162
MIK,20081216,0.09,0.1,0.09,0.1,211000
MIN,20081216,1.78,1.78,1.7,1.7,43213
MIR,20081216,1.35,1.35,1.35,1.35,20426
MIT,20081216,1.03,1.05,1.03,1.05,4307
MIX,20081216,0.097,0.1,0.095,0.096,418337
MKY,20081216,0.008,0.008,0.008,0.008,20000
MLB,20081216,1.78,1.79,1.72,1.79,405284
MLE,20081216,0.97,0.97,0.905,0.91,467923
MLI,20081216,0.029,0.03,0.025,0.03,2403617
MLM,20081216,0.21,0.21,0.21,0.21,26500
MLS,20081216,0.008,0.009,0.008,0.009,98620
MLT,20081216,14.38,14.4,14.3,14.3,7429
MLX,20081216,0.09,0.09,0.086,0.09,241245
MMA,20081216,0.405,0.405,0.4,0.4,124136
MMB,20081216,0.225,0.225,0.225,0.225,21610
MMG,20081216,0.595,0.595,0.555,0.575,1065812
MML,20081216,0.67,0.68,0.66,0.66,14455
MMR,20081216,0.053,0.053,0.045,0.045,113500
MMS,20081216,1.9,1.9,1.9,1.9,17000
MMX,20081216,0.585,0.59,0.55,0.58,525400
MMY,20081216,0.1,0.1,0.1,0.1,9599
MNC,20081216,0.18,0.2,0.15,0.2,99910
MND,20081216,6.35,6.41,6.21,6.35,67030
MNL,20081216,0.185,0.22,0.185,0.22,30000
MNM,20081216,0.05,0.053,0.05,0.053,49000
MOC,20081216,0.76,0.8,0.74,0.8,214991
MOF,20081216,0.245,0.25,0.205,0.205,18821564
MOL,20081216,0.29,0.295,0.27,0.295,178753
MOS,20081216,0.069,0.069,0.068,0.068,91600
MOX,20081216,0.04,0.04,0.037,0.037,73450
MOY,20081216,0.02,0.02,0.02,0.02,2496
MPF,20081216,0.22,0.23,0.22,0.22,140545
MPI,20081216,0.013,0.013,0.013,0.013,60000
MPJ,20081216,0.002,0.002,0.001,0.002,2950000
MPO,20081216,0.6,0.65,0.59,0.65,698989
MPS,20081216,0.14,0.15,0.135,0.145,195000
MQG,20081216,28.85,28.85,27.7,28,1450917
MRE,20081216,0.32,0.33,0.31,0.315,697350
MRK,20081216,0.004,0.004,0.004,0.004,400000
MRM,20081216,1.06,1.06,1.03,1.06,123031
MRO,20081216,0.081,0.081,0.081,0.081,48571
MRU,20081216,0.7,0.7,0.65,0.65,27700
MRZ,20081216,0.32,0.355,0.32,0.35,68715
MSB,20081216,0.8,0.8,0.8,0.8,21389
MSC,20081216,0.009,0.009,0.009,0.009,300000
MSF,20081216,1.65,1.65,1.65,1.65,6432
MSL,20081216,0.9,0.9,0.845,0.85,344804
MST,20081216,0.039,0.039,0.039,0.039,50000
MTD,20081216,0.055,0.055,0.055,0.055,30000
MTN,20081216,0.28,0.28,0.28,0.28,7000
MTS,20081216,4.2,4.25,4.12,4.17,3833442
MTU,20081216,0.54,0.54,0.54,0.54,10000
MUE,20081216,0.19,0.19,0.19,0.19,135000
MUN,20081216,0.13,0.13,0.12,0.125,501184
MVP,20081216,0.23,0.23,0.22,0.22,210000
MWE,20081216,0.035,0.035,0.034,0.035,150000
MWG,20081216,1.21,1.21,1.21,1.21,4153
MXI,20081216,0.315,0.345,0.315,0.345,36000
MXR,20081216,0.042,0.042,0.041,0.041,60000
MYG,20081216,0.022,0.022,0.022,0.022,20000
MYO,20081216,1.035,1.05,1.035,1.045,68373
NAB,20081216,19.15,19.45,18.9,19.2,5314430
NAD,20081216,0.013,0.013,0.013,0.013,2780000
NAM,20081216,0.37,0.37,0.36,0.36,26400
NAN,20081216,0.21,0.21,0.2,0.2,358550
NAV,20081216,0.155,0.155,0.15,0.15,20000
NBL,20081216,1,1,0.985,1,2007
NCI,20081216,0.79,0.79,0.79,0.79,1501
NCM,20081216,30.05,30.15,28.92,29,2032186
NDO,20081216,0.1,0.1,0.095,0.097,1437273
NEC,20081216,0.4,0.445,0.4,0.44,61400
NEM,20081216,5.58,5.63,5.58,5.6,70348
NEU,20081216,0.059,0.059,0.05,0.05,96400
NFK,20081216,0.155,0.155,0.13,0.14,3915200
NFL,20081216,0.05,0.05,0.045,0.045,153000
NGE,20081216,0.07,0.07,0.07,0.07,16750
NGF,20081216,0.09,0.09,0.082,0.085,160050
NGM,20081216,0.01,0.01,0.01,0.01,3470
NHC,20081216,3.23,3.3,3.18,3.25,175932
NHF,20081216,0.775,0.78,0.775,0.775,38300
NHR,20081216,1.91,1.91,1.91,1.91,8230
NKP,20081216,0.16,0.16,0.16,0.16,57000
NLG,20081216,0.006,0.006,0.006,0.006,2180000
NLX,20081216,0.09,0.09,0.07,0.07,3963
NMI,20081216,0.013,0.013,0.013,0.013,26600
NMS,20081216,0.32,0.325,0.29,0.305,743601
NOD,20081216,0.385,0.39,0.375,0.375,381641
NPX,20081216,2.4,2.4,2.4,2.4,100750
NQM,20081216,0.175,0.175,0.175,0.175,41000
NRL,20081216,0.025,0.025,0.025,0.025,257500
NRT,20081216,0.75,0.75,0.75,0.75,20000
NSE,20081216,0.046,0.05,0.046,0.05,830000
NSL,20081216,0.007,0.007,0.007,0.007,155000
NSP,20081216,0.05,0.05,0.045,0.045,237500
NSX,20081216,0.16,0.16,0.16,0.16,117600
NTU,20081216,0.15,0.15,0.15,0.15,1400
NUF,20081216,9.25,9.52,8.89,9.22,772264
NUP,20081216,0.045,0.045,0.044,0.044,46822
NVT,20081216,2.21,2.21,2.21,2.21,1427642
NWE,20081216,0.052,0.052,0.05,0.05,14500
NWH,20081216,0.205,0.21,0.195,0.2,1265674
NWR,20081216,0.03,0.03,0.03,0.03,141
NWS,20081216,12.33,12.47,12.12,12.3,1596240
NWT,20081216,0.002,0.003,0.002,0.002,5369999
NXS,20081216,0.475,0.485,0.45,0.46,3662460
NZO,20081216,1.08,1.105,1.08,1.105,60000
OCE,20081216,0.33,0.33,0.3,0.3,50745
ODY,20081216,0.064,0.064,0.064,0.064,30000
OEC,20081216,0.043,0.043,0.043,0.043,11000
OEL,20081216,0.12,0.125,0.11,0.12,740464
OEX,20081216,0.35,0.35,0.33,0.33,109000
OGC,20081216,0.19,0.19,0.175,0.18,295781
OIF,20081216,0.185,0.22,0.185,0.2,314284
OIL,20081216,0.061,0.063,0.061,0.063,50000
OIP,20081216,0.048,0.048,0.048,0.048,50000
OKN,20081216,1.36,1.36,1.31,1.325,143078
OKU,20081216,0.03,0.03,0.03,0.03,38000
OLE,20081216,0.002,0.002,0.002,0.002,1401380
OMH,20081216,0.89,1.01,0.81,1,1444751
OMI,20081216,0.225,0.225,0.21,0.21,4275
ONC,20081216,0.115,0.115,0.1,0.1,76000
ORE,20081216,0.175,0.18,0.17,0.17,62858
ORG,20081216,16.14,16.4,15.75,15.79,2366908
ORI,20081216,16.5,17.42,16.01,17,1464645
ORL,20081216,2.1,2.1,2.1,2.1,185154
ORO,20081216,0.004,0.004,0.004,0.004,133300
OSH,20081216,4.82,4.89,4.63,4.73,3898073
OST,20081216,2.13,2.2,2.03,2.15,9190418
OUM,20081216,0.045,0.045,0.045,0.045,30000
OZG,20081216,0.1,0.1,0.1,0.1,61100
PAA,20081216,0.02,0.021,0.02,0.021,750000
PAB,20081216,0.1,0.1,0.1,0.1,18278
PAG,20081216,1.1,1.13,1.08,1.09,149887
PAN,20081216,0.87,0.89,0.85,0.865,419824
PAX,20081216,0.086,0.086,0.076,0.076,87820
PBA,20081216,0.34,0.34,0.33,0.34,112328
PBD,20081216,0.25,0.26,0.23,0.24,33957
PBG,20081216,0.47,0.475,0.41,0.415,4354341
PBP,20081216,1.41,1.415,1.4,1.4,12850
PBT,20081216,0.32,0.35,0.32,0.35,216000
PCL,20081216,0.015,0.017,0.015,0.017,450000
PDN,20081216,2.7,2.72,2.58,2.64,3646057
PDZ,20081216,0.065,0.065,0.065,0.065,64500
PEA,20081216,0.24,0.24,0.24,0.24,37375
PEM,20081216,0.19,0.19,0.17,0.175,744308
PEN,20081216,0.013,0.015,0.013,0.014,342300
PEO,20081216,0.044,0.044,0.043,0.044,717295
PES,20081216,2.48,2.63,2.47,2.55,444200
PFG,20081216,0.17,0.17,0.17,0.17,4200
PFL,20081216,0.83,0.83,0.81,0.81,7000
PGA,20081216,1.25,1.34,1.25,1.34,26895
PGL,20081216,0.9,0.925,0.9,0.915,79750
PGM,20081216,0.26,0.26,0.25,0.25,105000
PLA,20081216,0.485,0.485,0.45,0.475,347151
PLT,20081216,0.165,0.175,0.15,0.165,518046
PLV,20081216,0.195,0.205,0.195,0.205,64000
PMC,20081216,1.14,1.17,1.11,1.17,129557
PME,20081216,0.8,0.8,0.8,0.8,6000
PMH,20081216,0.08,0.08,0.08,0.08,25950
PMP,20081216,0.5,0.55,0.5,0.53,245460
PMV,20081216,3.52,3.58,3.5,3.53,102197
PNA,20081216,0.11,0.11,0.1,0.1,9382537
PNN,20081216,0.26,0.26,0.25,0.25,8000
PNW,20081216,0.03,0.03,0.03,0.03,25000
PNX,20081216,0.06,0.06,0.06,0.06,75000
POL,20081216,0.086,0.09,0.086,0.09,95640
POS,20081216,0.34,0.355,0.33,0.34,1228986
POZ,20081216,0.39,0.39,0.39,0.39,6000
PPC,20081216,1.5,1.5,1.5,1.5,30750
PPG,20081216,0.18,0.18,0.18,0.18,4000
PPP,20081216,0.285,0.3,0.265,0.3,17196111
PPS,20081216,0.1,0.15,0.1,0.15,163550
PPT,20081216,31.68,31.95,30.1,30.63,63570
PPX,20081216,1.145,1.155,1.035,1.04,3048231
PPY,20081216,0.55,0.55,0.55,0.55,2000
PRC,20081216,0.76,0.76,0.76,0.76,4000
PRE,20081216,0.005,0.005,0.005,0.005,255000
PRG,20081216,2.7,2.7,2.62,2.68,57453
PRR,20081216,0.005,0.005,0.005,0.005,2580
PRT,20081216,1.37,1.37,1.35,1.35,3202
PRU,20081216,0.295,0.3,0.295,0.3,121797
PRV,20081216,0.53,0.535,0.52,0.52,267541
PRY,20081216,4.49,4.49,4.15,4.24,786172
PSA,20081216,0.2,0.2,0.185,0.185,174341
PSH,20081216,1.12,1.125,1.11,1.11,12300
PTM,20081216,3.35,3.48,3.31,3.4,232221
PTN,20081216,0.125,0.125,0.095,0.1,1394719
PTR,20081216,0.385,0.385,0.36,0.36,22465
PVE,20081216,1.15,1.15,1.15,1.15,1000
PXR,20081216,0.01,0.01,0.01,0.01,80000
PXS,20081216,1.1,1.145,1.07,1.1,92510
PYC,20081216,0.04,0.04,0.04,0.04,90000
QAN,20081216,2.21,2.29,2.18,2.24,6057237
QBE,20081216,24.2,25.1,24.12,24.7,3418099
QED,20081216,0.01,0.01,0.01,0.01,350000
QHL,20081216,0.145,0.145,0.145,0.145,8000
QML,20081216,0.2,0.2,0.185,0.185,44609
QOL,20081216,0.008,0.012,0.008,0.012,969905
QPN,20081216,0.012,0.012,0.012,0.012,202201
QRX,20081216,0.23,0.25,0.23,0.23,29656
QSS,20081216,0.07,0.07,0.07,0.07,25000
QTM,20081216,0.1,0.1,0.099,0.1,268385
QXQ,20081216,0.4,0.4,0.4,0.4,6000
RAT,20081216,0.011,0.011,0.011,0.011,259976
RAU,20081216,0.026,0.026,0.025,0.026,180985
RAW,20081216,0.06,0.06,0.06,0.06,40000
RBM,20081216,0.014,0.014,0.014,0.014,118448
RBR,20081216,0.036,0.036,0.036,0.036,50000
RCR,20081216,0.45,0.455,0.425,0.425,36722
RCT,20081216,1.97,1.97,1.97,1.97,1000
RCU,20081216,0.165,0.17,0.165,0.17,45850
RCY,20081216,0.15,0.15,0.14,0.14,723629
RDF,20081216,3.14,3.14,3.06,3.07,48585
RDR,20081216,0.25,0.25,0.245,0.245,21000
REA,20081216,3.56,3.6,3.5,3.6,52254
RED,20081216,0.038,0.038,0.038,0.038,25000
REF,20081216,1.01,1.01,1,1,56111
REH,20081216,15.3,15.6,15.3,15.55,274
RES,20081216,0.059,0.06,0.059,0.059,182966
REX,20081216,0.91,0.95,0.91,0.95,77479
RFE,20081216,0.21,0.21,0.205,0.21,96907
RFG,20081216,1.19,1.19,1.15,1.16,26050
RHC,20081216,9.04,9.28,9.03,9.15,286295
RHE,20081216,0.098,0.098,0.098,0.098,9737
RHG,20081216,0.125,0.135,0.125,0.135,860615
RHI,20081216,1.7,1.8,1.7,1.8,22366
RHL,20081216,2.65,2.7,2.65,2.7,55798
RIC,20081216,0.83,0.83,0.81,0.82,198772
RIO,20081216,40.05,40.07,37.63,39.2,3264015
RIV,20081216,2.4,2.4,2.21,2.33,564931
RJT,20081216,0.016,0.016,0.01,0.012,1159615
RKN,20081216,1.05,1.05,1.045,1.05,55959
RLA,20081216,0.02,0.02,0.02,0.02,500000
RMD,20081216,5.27,5.35,5.2,5.22,707360
RMI,20081216,0.006,0.007,0.006,0.006,955000
RMP,20081216,0.08,0.08,0.08,0.08,26076
RMS,20081216,0.52,0.54,0.52,0.535,681088
RNY,20081216,0.115,0.14,0.115,0.14,33080
ROC,20081216,0.59,0.61,0.575,0.59,587992
ROY,20081216,0.075,0.075,0.075,0.075,1584
RRA,20081216,0.48,0.48,0.48,0.48,1115
RRL,20081216,0.094,0.094,0.094,0.094,30000
RRS,20081216,0.04,0.042,0.036,0.038,395100
RSN,20081216,0.002,0.002,0.002,0.002,3640000
RUB,20081216,0.036,0.042,0.036,0.036,610000
RUM,20081216,0.044,0.044,0.044,0.044,15000
RWD,20081216,0.36,0.36,0.36,0.36,2857
RXL,20081216,0.02,0.02,0.02,0.02,13050
SAE,20081216,0.11,0.115,0.105,0.115,304100
SAI,20081216,2.32,2.39,2.29,2.3,630156
SAU,20081216,0.05,0.05,0.05,0.05,100000
SAV,20081216,0.16,0.16,0.16,0.16,6500
SAY,20081216,0.25,0.25,0.25,0.25,20000
SBI,20081216,0.085,0.087,0.085,0.087,60000
SBM,20081216,0.27,0.275,0.26,0.27,3234494
SBN,20081216,0.009,0.01,0.009,0.01,3357450
SBS,20081216,0.015,0.015,0.012,0.015,1240000
SCE,20081216,0.005,0.005,0.003,0.003,580000
SCV,20081216,0.01,0.01,0.008,0.008,150000
SDG,20081216,0.74,0.74,0.715,0.715,562363
SDI,20081216,0.23,0.26,0.23,0.26,4569
SDL,20081216,0.083,0.083,0.077,0.08,7895187
SDM,20081216,0.63,0.65,0.6,0.61,91384
SEA,20081216,0.09,0.09,0.09,0.09,50000
SEK,20081216,2.8,2.94,2.76,2.86,944342
SER,20081216,0.011,0.011,0.011,0.011,100000
SEV,20081216,6.18,6.23,5.9,6.07,361881
SEY,20081216,0.05,0.05,0.05,0.05,124000
SFC,20081216,4.37,4.37,4.37,4.37,900
SFH,20081216,0.255,0.255,0.24,0.25,112244
SFR,20081216,0.06,0.06,0.06,0.06,9000
SFY,20081216,35.88,35.88,35,35.54,23321
SGH,20081216,1.4,1.4,1.4,1.4,11500
SGL,20081216,0.19,0.19,0.185,0.185,156119
SGM,20081216,15.9,16.2,15.42,16.02,1401487
SGN,20081216,0.57,0.585,0.56,0.585,573448
SGP,20081216,3.51,3.69,3.46,3.68,5747711
SGT,20081216,2.68,2.72,2.63,2.67,2855179
SGX,20081216,4.66,4.86,4.5,4.54,1549156
SGZ,20081216,0.06,0.06,0.06,0.06,70000
SHL,20081216,12.85,12.95,12.55,12.72,1232491
SHV,20081216,2.4,2.5,2.4,2.5,27900
SHX,20081216,0.04,0.04,0.04,0.04,125000
SIM,20081216,0.13,0.13,0.13,0.13,50000
SIP,20081216,1.11,1.115,1.07,1.1,1852314
SIV,20081216,1.05,1.05,1.05,1.05,4229
SKC,20081216,2.38,2.44,2.34,2.4,95623
SKE,20081216,1.49,1.54,1.465,1.465,134172
SKI,20081216,1.065,1.15,1.065,1.065,1705591
SLA,20081216,0.145,0.15,0.145,0.145,80000
SLF,20081216,8.12,8.12,7.94,7.98,38004
SLM,20081216,3,3,2.95,2.98,17643
SLR,20081216,0.17,0.17,0.165,0.17,162635
SLV,20081216,0.61,0.65,0.61,0.65,78558
SLX,20081216,3.27,3.31,3.23,3.25,154953
SMX,20081216,1.98,1.99,1.91,1.94,149222
SND,20081216,0.25,0.3,0.25,0.3,23000
SNO,20081216,0.38,0.39,0.38,0.39,12837
SNV,20081216,0.068,0.068,0.068,0.068,35000
SOE,20081216,0.1,0.1,0.1,0.1,77400
SOL,20081216,8.66,8.71,8.6,8.65,8058
SOM,20081216,0.017,0.017,0.017,0.017,771230
SOO,20081216,0.05,0.05,0.05,0.05,64000
SOT,20081216,0.135,0.135,0.135,0.135,13000
SPH,20081216,0.355,0.37,0.355,0.37,44348
SPI,20081216,0.055,0.055,0.05,0.05,15000
SPL,20081216,0.215,0.215,0.215,0.215,20000
SPN,20081216,0.95,0.95,0.925,0.935,4323597
SPP,20081216,0.006,0.006,0.006,0.006,150000
SPT,20081216,2.24,2.28,2.18,2.18,561800
SRH,20081216,0.745,0.75,0.745,0.75,17000
SRI,20081216,0.03,0.03,0.03,0.03,7500
SRK,20081216,0.315,0.32,0.31,0.31,264738
SRL,20081216,0.985,0.995,0.91,0.94,1130318
SRV,20081216,2.87,2.87,2.8,2.8,2952
SSC,20081216,0.004,0.004,0.004,0.004,119
SSI,20081216,0.45,0.45,0.45,0.45,1700
SSM,20081216,0.68,0.7,0.68,0.7,24899
SSN,20081216,0.025,0.025,0.025,0.025,100000
STG,20081216,0.03,0.03,0.03,0.03,65000
STO,20081216,14.86,14.94,14.21,14.57,3087958
STP,20081216,1.31,1.31,1.31,1.31,5792
STS,20081216,0.75,0.76,0.74,0.76,19680
STU,20081216,0.43,0.43,0.41,0.41,20000
STW,20081216,34.16,34.28,33.66,34.24,196908
STX,20081216,0.13,0.13,0.13,0.13,10000
SUL,20081216,2.3,2.4,2.3,2.4,106134
SUN,20081216,7.61,7.83,7.44,7.45,3014263
SUR,20081216,0.04,0.04,0.037,0.037,90000
SWK,20081216,0.32,0.32,0.3,0.305,132318
SXE,20081216,0.495,0.5,0.495,0.5,18633
SXG,20081216,0.065,0.065,0.062,0.062,81640
SYG,20081216,0.005,0.005,0.004,0.004,1589244
SYL,20081216,3,3,3,3,7000
SYM,20081216,0.43,0.43,0.42,0.42,111900
SYR,20081216,0.036,0.036,0.036,0.036,140000
SYS,20081216,0.03,0.03,0.03,0.03,30000
TAH,20081216,6.23,6.48,6.23,6.42,1396731
TAL,20081216,2,2.05,1.995,2.01,1677659
TAM,20081216,0.022,0.023,0.021,0.021,34308616
TAN,20081216,0.135,0.14,0.13,0.14,200000
TAP,20081216,0.585,0.6,0.58,0.595,97932
TAS,20081216,0.027,0.027,0.024,0.024,115000
TAW,20081216,0.04,0.04,0.035,0.035,72000
TBR,20081216,0.73,0.73,0.73,0.73,4000
TCL,20081216,4.85,5.05,4.82,5,2981974
TCQ,20081216,0.315,0.315,0.31,0.31,3772008
TDO,20081216,0.08,0.08,0.08,0.08,20000
TEL,20081216,1.98,2.01,1.955,2.01,3074707
TEN,20081216,1.03,1.055,1.02,1.02,530233
TEU,20081216,0.06,0.06,0.06,0.06,60166
TEX,20081216,0.03,0.03,0.027,0.027,175305
TFC,20081216,0.73,0.76,0.73,0.76,185295
TGF,20081216,0.064,0.065,0.064,0.065,54803
TGG,20081216,0.76,0.78,0.74,0.78,48230
TGP,20081216,0.49,0.49,0.49,0.49,6000
TGR,20081216,1.85,1.855,1.78,1.83,1156523
TGS,20081216,0.08,0.08,0.076,0.076,337487
THG,20081216,0.41,0.435,0.41,0.435,59585
THO,20081216,0.715,0.715,0.71,0.71,26000
THR,20081216,0.016,0.016,0.016,0.016,30000
TIM,20081216,0.11,0.135,0.11,0.13,8176794
TIS,20081216,0.08,0.08,0.08,0.08,20000
TLS,20081216,3.49,3.54,3.36,3.54,224926154
TLZ,20081216,0.12,0.12,0.12,0.12,100000
TMX,20081216,0.032,0.032,0.032,0.032,100000
TNE,20081216,0.78,0.78,0.77,0.77,41764
TNG,20081216,0.023,0.023,0.022,0.023,2030000
TNL,20081216,0.065,0.065,0.065,0.065,5000
TOE,20081216,0.105,0.105,0.097,0.1,257912
TOL,20081216,5.65,5.71,5.54,5.54,8945952
TOX,20081216,1.125,1.14,1.11,1.14,75025
TPI,20081216,1.95,2.02,1.855,1.98,1904065
TPL,20081216,0.003,0.003,0.003,0.003,2500000
TPX,20081216,2.92,2.92,2.92,2.92,2000
TRF,20081216,0.11,0.11,0.11,0.11,5000
TRG,20081216,4.5,4.55,4.5,4.5,468143
TRS,20081216,8.98,9.08,8.94,9.01,91710
TRU,20081216,4.82,4.82,4.75,4.75,14097
TRY,20081216,0.84,0.86,0.84,0.855,133146
TSE,20081216,1.625,1.635,1.54,1.595,3816180
TSI,20081216,1.02,1.04,0.99,0.99,143715
TSO,20081216,0.13,0.135,0.098,0.1,3417884
TSV,20081216,0.015,0.015,0.015,0.015,148848
TTI,20081216,0.044,0.044,0.04,0.04,89261
TTR,20081216,0.022,0.022,0.02,0.02,372171
TTS,20081216,2.67,2.76,2.66,2.7,7595373
TTY,20081216,0.096,0.105,0.095,0.1,301910
TWD,20081216,1.89,1.89,1.76,1.76,20100
TWO,20081216,0.645,0.645,0.63,0.63,36000
TWR,20081216,1.1,1.1,1.1,1.1,192012
TXN,20081216,0.21,0.21,0.21,0.21,57600
TZL,20081216,1.855,1.88,1.8,1.8,10410
TZN,20081216,0.39,0.41,0.39,0.41,88101
UBI,20081216,0.55,0.55,0.55,0.55,45000
UCL,20081216,0.006,0.006,0.005,0.005,1752547
UCM,20081216,0.25,0.25,0.25,0.25,40000
UEQ,20081216,0.058,0.059,0.056,0.057,675482
UGL,20081216,7.38,7.53,7.22,7.42,677723
UMC,20081216,0.42,0.42,0.41,0.42,202777
UNI,20081216,0.205,0.21,0.205,0.21,80500
UNX,20081216,0.12,0.12,0.12,0.12,19400
URL,20081216,0.02,0.02,0.02,0.02,315000
URM,20081216,0.025,0.028,0.025,0.028,293654
USA,20081216,0.037,0.037,0.031,0.031,23964
UTO,20081216,0.08,0.08,0.079,0.08,11000
UXA,20081216,0.058,0.058,0.053,0.053,65000
UXC,20081216,0.53,0.535,0.52,0.535,74500
VBA,20081216,0.26,0.265,0.25,0.255,3481436
VCN,20081216,0.06,0.06,0.055,0.055,2442650
VCR,20081216,0.044,0.054,0.044,0.05,2577847
VGH,20081216,0.5,0.5,0.46,0.48,86574
VIR,20081216,0.36,0.36,0.36,0.36,23000
VLA,20081216,0.044,0.044,0.044,0.044,125000
VMG,20081216,0.45,0.49,0.45,0.49,81990
VML,20081216,0.049,0.06,0.049,0.055,479050
VPE,20081216,0.19,0.19,0.175,0.175,538770
VPG,20081216,0.044,0.047,0.035,0.038,11930294
VRL,20081216,1.1,1.1,1.04,1.04,6777
VTP,20081216,0.72,0.72,0.72,0.72,100000
WAB,20081216,0.17,0.17,0.17,0.17,2078
WAG,20081216,0.002,0.002,0.002,0.002,1412000
WAM,20081216,0.84,0.845,0.84,0.845,47800
WAN,20081216,4.85,5.18,4.77,5.07,410337
WAS,20081216,0.008,0.008,0.008,0.008,500000
WBB,20081216,7.05,7.06,6.9,6.92,10883
WBC,20081216,16.25,16.5,16.1,16.49,18358748
WCB,20081216,3.78,3.78,3.78,3.78,3362
WCN,20081216,0.032,0.032,0.015,0.015,95000
WCP,20081216,0.027,0.027,0.027,0.027,10000
WCU,20081216,0.115,0.115,0.1,0.1,44250
WDC,20081216,13.08,13.47,13.05,13.18,6233665
WDR,20081216,0.063,0.073,0.062,0.073,145000
WDS,20081216,0.85,0.85,0.78,0.78,211282
WEB,20081216,0.97,1,0.97,0.97,9789
WEC,20081216,1.49,1.54,1.49,1.54,150168
WES,20081216,16,16.59,15.63,16.53,2012268
WGO,20081216,0.12,0.12,0.12,0.12,5000
WGR,20081216,0.155,0.155,0.155,0.155,50000
WHC,20081216,1.195,1.22,1.165,1.18,820514
WHE,20081216,0.082,0.082,0.081,0.081,40050
WHF,20081216,2.56,2.56,2.45,2.45,41713
WHG,20081216,0.82,0.82,0.79,0.815,40191
WHS,20081216,2.76,2.8,2.76,2.8,1850
WIG,20081216,0.78,0.78,0.78,0.78,1402
WIL,20081216,0.525,0.525,0.515,0.515,60000
WLL,20081216,1.57,1.57,1.57,1.57,5000
WME,20081216,0.072,0.072,0.071,0.071,60000
WMT,20081216,0.03,0.03,0.027,0.027,361000
WOR,20081216,14.37,14.54,13.56,13.64,1358260
WOW,20081216,25.12,25.33,25,25.23,3331678
WPL,20081216,34.78,35,33.77,34.6,1898078
WRK,20081216,0.077,0.077,0.077,0.077,11900
WRR,20081216,0.005,0.006,0.005,0.006,300000
WSA,20081216,3.59,3.59,3.33,3.39,909217
WTF,20081216,3.53,3.59,3.48,3.55,565232
WTP,20081216,1.175,1.19,1.175,1.19,12400
WVL,20081216,0.27,0.275,0.265,0.275,168613
WWA,20081216,1.67,1.67,1.67,1.67,7149
WYL,20081216,0.62,0.655,0.62,0.625,33479
XAF,20081216,3595.2,3595.2,3595.2,3595.2,0
XAO,20081216,3535.9,3535.9,3455.9,3498.9,0
XAT,20081216,355630,355630,355630,355630,0
XBW,20081216,343.8,343.8,343.8,343.8,0
XDJ,20081216,1125.2,1127.2,1103.5,1113.1,0
XEJ,20081216,12584.4,12584.4,12107,12150.4,0
XEN,20081216,0.033,0.033,0.032,0.032,350000
XFJ,20081216,3443.2,3445.5,3384.1,3429.1,0
XFL,20081216,3635.3,3635.3,3551.1,3609.2,0
XGD,20081216,4258.6,4258.6,4258.6,4258.6,0
XHJ,20081216,7510.1,7678.8,7313.6,7565.4,0
XIJ,20081216,402.1,406.1,394.4,400.8,0
XJO,20081216,3591.9,3591.9,3507.7,3556.2,0
XKO,20081216,3571.2,3571.2,3488.8,3536.4,0
XMD,20081216,3245.4,3245.4,3153.1,3160.6,0
XMJ,20081216,8674.5,8674.5,8427.8,8552.7,0
XMM,20081216,2986.1,2986.1,2986.1,2986.1,0
XNJ,20081216,3070,3100.2,3012.9,3076.4,0
XPJ,20081216,892.6,892.6,865.9,873.3,0
XRF,20081216,0.09,0.09,0.09,0.09,0
XSJ,20081216,5887,5887.1,5769.6,5854.1,0
XSO,20081216,1627.6,1627.6,1601.2,1604.3,0
XST,20081216,0.03,0.03,0.03,0.03,0
XTJ,20081216,1193.5,1239.7,1153.1,1210.1,0
XTL,20081216,2151,2151,2101.3,2137.4,0
XTO,20081216,2963.2,2963.2,2893.1,2935.4,0
XUJ,20081216,4149.7,4213.9,4129.5,4136.4,0
XXJ,20081216,3786.4,3792.6,3728.2,3785.3,0
ZDX,20081216,0.03,0.03,0.03,0.03,267563
ZNC,20081216,0.03,0.03,0.03,0.03,40000
ZYL,20081216,0.032,0.032,0.032,0.032,200000
