AAC,20081103,2.02,2.16,1.945,2.16,295115
AAF,20081103,0.003,0.003,0.003,0.003,235787
AAH,20081103,0.77,0.79,0.755,0.77,551024
AAO,20081103,0.03,0.05,0.03,0.05,90000
AAQ,20081103,0.21,0.215,0.21,0.21,128588
AAR,20081103,0.018,0.018,0.016,0.016,1357000
AAX,20081103,4.42,5.15,4.31,5.03,568985
ABB,20081103,8.23,8.5,7.96,8.4,485345
ABC,20081103,2.25,2.34,2.23,2.34,674988
ABJ,20081103,0.012,0.013,0.011,0.013,1853064
ABP,20081103,0.345,0.345,0.325,0.34,4195249
ABU,20081103,0.012,0.012,0.012,0.012,43619
ABY,20081103,0.28,0.33,0.275,0.3,1966132
ACB,20081103,0.145,0.15,0.145,0.15,135000
ACE,20081103,0.13,0.13,0.125,0.125,28234
ACG,20081103,0.12,0.13,0.12,0.13,75000
ACL,20081103,0.17,0.19,0.17,0.19,155032
ACR,20081103,0.69,0.69,0.65,0.68,157341
ACS,20081103,0.13,0.13,0.13,0.13,7000
ADA,20081103,0.35,0.35,0.35,0.35,5000
ADD,20081103,0.027,0.027,0.025,0.025,50000
ADE,20081103,0.042,0.044,0.042,0.044,100000
ADG,20081103,2.45,2.5,2.45,2.5,5198
ADI,20081103,0.365,0.365,0.315,0.325,875140
ADN,20081103,0.06,0.06,0.056,0.06,240000
ADU,20081103,0.21,0.21,0.21,0.21,10000
ADX,20081103,0.044,0.044,0.044,0.044,3000
ADY,20081103,0.024,0.025,0.02,0.024,36012811
AEC,20081103,2.8,2.86,2.78,2.8,13106
AED,20081103,1.27,1.3,1.245,1.285,401982
AEE,20081103,0.24,0.25,0.23,0.25,86897
AEF,20081103,32,32,31,31,300
AEI,20081103,0.1,0.1,0.1,0.1,24000
AEO,20081103,1.44,1.44,1.44,1.44,25032
AEP,20081103,1.81,1.81,1.81,1.81,3334
AET,20081103,0.38,0.395,0.38,0.395,15009
AEU,20081103,0.275,0.3,0.275,0.28,153000
AEX,20081103,0.005,0.006,0.005,0.006,520000
AEZ,20081103,0.125,0.13,0.12,0.125,490533
AFI,20081103,4.5,4.6,4.5,4.56,277762
AGF,20081103,0.71,0.75,0.71,0.73,124920
AGG,20081103,5.35,5.35,5.35,5.35,1703
AGI,20081103,0.075,0.075,0.075,0.075,80000
AGK,20081103,13.97,14.22,13.81,14.13,822454
AGO,20081103,0.895,1.07,0.89,0.965,3214959
AGS,20081103,0.6,0.695,0.58,0.64,416750
AHD,20081103,4.5,4.55,4.5,4.55,499
AHE,20081103,0.92,0.94,0.9,0.94,101849
AHI,20081103,0.008,0.01,0.008,0.01,179862
AHS,20081103,0.37,0.38,0.37,0.38,17084
AIB,20081103,7.8,7.8,7.8,7.8,1250
AII,20081103,0.22,0.28,0.22,0.28,23929
AIM,20081103,0.014,0.017,0.013,0.016,7937424
AIO,20081103,2.11,2.25,2.11,2.2,3093982
AIV,20081103,0.049,0.05,0.049,0.05,110000
AIX,20081103,1.635,1.67,1.615,1.65,1065080
AJL,20081103,4.25,4.64,4.25,4.55,394002
ALB,20081103,0.485,0.56,0.485,0.55,866235
ALD,20081103,0.215,0.25,0.215,0.23,199334
ALE,20081103,0.02,0.02,0.02,0.02,120714
ALK,20081103,0.17,0.175,0.17,0.175,50070
ALL,20081103,3.75,3.85,3.75,3.81,2611078
ALR,20081103,1.4,1.4,1.4,1.4,15660
ALS,20081103,5.6,5.92,5.54,5.92,238548
ALT,20081103,0.021,0.022,0.021,0.022,107959
ALU,20081103,0.695,0.7,0.675,0.7,88500
ALZ,20081103,0.305,0.35,0.3,0.34,3216289
AMA,20081103,0.072,0.08,0.067,0.07,661684
AMB,20081103,0.18,0.18,0.18,0.18,70000
AMC,20081103,5.7,6.1,5.67,5.95,4146150
AMM,20081103,0.125,0.125,0.12,0.12,225700
AMP,20081103,5.51,5.97,5.5,5.97,6233280
AMT,20081103,0.4,0.4,0.4,0.4,10000
AMU,20081103,0.435,0.435,0.41,0.43,150697
AND,20081103,0.85,0.85,0.7,0.7,342707
ANG,20081103,1.8,1.9,1.8,1.81,40500
ANH,20081103,0.011,0.011,0.011,0.011,300000
ANM,20081103,0.026,0.026,0.026,0.026,200000
ANN,20081103,12.6,13.2,12.47,13.2,513472
ANP,20081103,0.048,0.048,0.048,0.048,185000
ANQ,20081103,0.1,0.1,0.1,0.1,10000
ANX,20081103,0.055,0.055,0.055,0.055,9100
ANZ,20081103,17.55,18.5,17.55,18.5,9400896
AOD,20081103,1.24,1.245,1.24,1.245,13061
AOE,20081103,2.58,2.75,2.56,2.67,3012828
AOK,20081103,0.09,0.095,0.09,0.095,55000
APA,20081103,2.95,3.12,2.91,3.12,505622
APB,20081103,0.1,0.1,0.1,0.1,20000
APD,20081103,0.22,0.23,0.22,0.22,1130407
APE,20081103,7.5,7.6,7.5,7.6,2712
APG,20081103,0.073,0.077,0.073,0.077,275000
API,20081103,0.56,0.56,0.52,0.55,391667
APN,20081103,2.61,2.98,2.61,2.98,480045
APZ,20081103,0.71,0.78,0.705,0.705,828700
AQA,20081103,3.85,4.25,3.85,4.12,478081
AQD,20081103,0.16,0.16,0.15,0.15,34500
AQE,20081103,0.2,0.2,0.2,0.2,83728
AQP,20081103,3.45,3.87,3.36,3.74,647715
AQR,20081103,0.06,0.06,0.06,0.06,6667
ARD,20081103,0.08,0.08,0.08,0.08,15000
ARE,20081103,0.05,0.052,0.05,0.052,61754
ARG,20081103,6.19,6.28,6.13,6.18,184375
ARH,20081103,0.42,0.53,0.42,0.5,228320
ARO,20081103,0.004,0.004,0.004,0.004,188000
ARP,20081103,3.5,3.53,3.5,3.53,13700
ARR,20081103,0.04,0.05,0.04,0.05,411255
ARU,20081103,0.315,0.315,0.3,0.3,67000
ARW,20081103,0.017,0.018,0.017,0.017,505662
ASB,20081103,1.76,1.8,1.7,1.76,85275
ASC,20081103,0.012,0.012,0.011,0.012,533600
ASL,20081103,1.12,1.19,1.12,1.16,103591
ASX,20081103,30.9,31.46,30.2,31.12,488905
ASZ,20081103,0.58,0.58,0.56,0.56,69307
ATN,20081103,0.025,0.025,0.025,0.025,100000
ATP,20081103,0.3,0.3,0.28,0.28,112500
ATQ,20081103,0.1,0.1,0.1,0.1,12500
ATR,20081103,1.69,1.75,1.69,1.75,3500
ATV,20081103,0.089,0.095,0.089,0.095,119948
AUB,20081103,3.8,3.84,3.8,3.84,8000
AUI,20081103,6.02,6.17,5.95,5.95,7540
AUN,20081103,0.9,0.92,0.885,0.9,1993775
AUQ,20081103,0.038,0.039,0.038,0.039,33000
AUT,20081103,0.305,0.33,0.295,0.295,298090
AUW,20081103,0.8,0.88,0.8,0.85,1233141
AVA,20081103,0.21,0.22,0.21,0.22,15000
AVD,20081103,0.053,0.053,0.053,0.053,20000
AVE,20081103,1.39,1.39,1.35,1.35,34461
AVG,20081103,0.61,0.66,0.61,0.65,35296
AVJ,20081103,0.4,0.4,0.4,0.4,61604
AVO,20081103,1.445,1.48,1.365,1.48,896051
AVS,20081103,0.02,0.02,0.02,0.02,126239
AVX,20081103,0.115,0.135,0.115,0.135,1031503
AVZ,20081103,0.05,0.05,0.05,0.05,100000
AWB,20081103,2.59,2.98,2.56,2.98,659567
AWC,20081103,2.17,2.29,2.13,2.29,4787095
AWE,20081103,2.54,2.64,2.5,2.59,1443216
AXA,20081103,4.39,4.8,4.36,4.8,1695547
AXE,20081103,0.046,0.046,0.046,0.046,24204
AXM,20081103,0.245,0.245,0.22,0.225,1123784
AXO,20081103,0.25,0.275,0.245,0.25,1166793
AXQ,20081103,0.015,0.018,0.012,0.018,494253
AXT,20081103,0.04,0.04,0.04,0.04,30000
AYR,20081103,0.035,0.036,0.035,0.036,13130
AYT,20081103,1.45,1.48,1.45,1.48,16473
AZC,20081103,0.05,0.053,0.05,0.05,298000
AZM,20081103,0.071,0.071,0.071,0.071,70000
AZS,20081103,0.075,0.075,0.072,0.072,97000
AZZ,20081103,0.059,0.059,0.059,0.059,20000
BAR,20081103,0.069,0.069,0.069,0.069,14000
BAS,20081103,0.03,0.03,0.03,0.03,50000
BAU,20081103,0.165,0.245,0.165,0.225,655522
BBC,20081103,0.215,0.225,0.215,0.215,831329
BBG,20081103,12.26,12.62,12.15,12.62,487849
BBI,20081103,0.2,0.215,0.195,0.215,6352405
BBP,20081103,0.125,0.13,0.12,0.125,3285597
BBW,20081103,0.86,0.915,0.86,0.9,1813750
BCD,20081103,0.097,0.105,0.097,0.1,523439
BCI,20081103,0.35,0.4,0.345,0.37,134150
BCM,20081103,1.94,1.97,1.705,1.955,293897
BCN,20081103,0.06,0.06,0.06,0.06,8200
BDG,20081103,0.12,0.12,0.11,0.11,297300
BDI,20081103,0.024,0.03,0.024,0.03,199000
BDL,20081103,0.115,0.125,0.11,0.12,388990
BEC,20081103,0.2,0.205,0.185,0.19,650144
BEL,20081103,0.26,0.26,0.24,0.24,69113
BEN,20081103,13,13.55,12.98,13.47,682270
BER,20081103,0.42,0.42,0.42,0.42,2500
BFG,20081103,0.69,0.69,0.69,0.69,2000
BGL,20081103,0.045,0.045,0.045,0.045,70000
BHP,20081103,29,29.9,28.75,29.9,9814363
BJT,20081103,0.44,0.51,0.435,0.465,4702026
BKI,20081103,1.15,1.15,1.09,1.11,88666
BKL,20081103,15.5,16,15.4,15.4,2643
BKN,20081103,5.4,5.9,5.23,5.62,1193047
BKW,20081103,10.62,10.79,10.6,10.79,6125
BKY,20081103,0.2,0.2,0.2,0.2,243000
BLD,20081103,4.72,4.85,4.6,4.85,1265945
BLG,20081103,0.17,0.17,0.16,0.16,416139
BLK,20081103,0.135,0.135,0.135,0.135,41771
BLR,20081103,0.016,0.019,0.014,0.018,7104768
BLT,20081103,0.05,0.05,0.05,0.05,23000
BLU,20081103,0.046,0.048,0.04,0.04,650719
BLY,20081103,0.465,0.475,0.44,0.475,8419603
BMN,20081103,0.285,0.355,0.285,0.355,767613
BMO,20081103,0.006,0.006,0.005,0.005,4362504
BMY,20081103,0.082,0.082,0.08,0.08,333870
BNB,20081103,1.3,1.345,1.265,1.29,2545622
BND,20081103,0.35,0.35,0.35,0.35,19360
BNO,20081103,0.25,0.25,0.25,0.25,2132
BNT,20081103,0.08,0.08,0.08,0.08,50000
BOC,20081103,0.625,0.625,0.625,0.625,8000
BOL,20081103,0.88,0.98,0.88,0.94,383898
BON,20081103,0.046,0.046,0.045,0.045,40000
BOQ,20081103,13.22,13.69,13.22,13.64,619031
BOW,20081103,0.26,0.28,0.26,0.275,376000
BPK,20081103,0.025,0.025,0.025,0.025,51000
BPO,20081103,0.02,0.02,0.02,0.02,250000
BPT,20081103,0.99,1.1,0.985,1.1,5620332
BRM,20081103,0.6,0.63,0.57,0.595,838352
BRO,20081103,0.001,0.001,0.001,0.001,554195
BRT,20081103,0.02,0.02,0.018,0.018,81920
BRU,20081103,0.2,0.2,0.19,0.195,218794
BRW,20081103,0.079,0.08,0.079,0.08,351065
BSA,20081103,0.145,0.15,0.14,0.145,463579
BSE,20081103,0.08,0.08,0.08,0.08,30000
BSL,20081103,4.52,4.89,4.5,4.89,3558745
BSM,20081103,0.1,0.1,0.095,0.095,200000
BSN,20081103,0.035,0.035,0.035,0.035,30000
BTA,20081103,0.34,0.34,0.33,0.33,401758
BTC,20081103,0.115,0.115,0.1,0.1,71000
BTT,20081103,2.63,2.73,2.58,2.73,276863
BTV,20081103,0.078,0.079,0.075,0.078,125789
BUG,20081103,0.42,0.425,0.42,0.425,6854
BUL,20081103,0.165,0.17,0.155,0.165,941298
BUR,20081103,0.06,0.073,0.06,0.073,35000
BUY,20081103,0.034,0.037,0.032,0.034,1288434
BVA,20081103,0.295,0.3,0.29,0.3,168750
BWN,20081103,0.17,0.17,0.155,0.155,136000
BWP,20081103,1.625,1.795,1.625,1.75,848746
BXB,20081103,7.97,8.34,7.94,8.32,3074635
BYL,20081103,0.24,0.25,0.24,0.25,41500
CAA,20081103,0.11,0.11,0.11,0.11,80000
CAB,20081103,6.82,7.27,6.82,7.08,747719
CAG,20081103,0.007,0.007,0.007,0.007,455000
CAJ,20081103,0.05,0.05,0.05,0.05,150000
CAL,20081103,0.48,0.48,0.48,0.48,17000
CAM,20081103,0.825,0.825,0.81,0.81,13950
CAU,20081103,0.01,0.01,0.01,0.01,210000
CAV,20081103,0.075,0.075,0.075,0.075,75000
CAZ,20081103,0.125,0.13,0.12,0.12,8226
CBA,20081103,40.6,41.84,40.6,41.84,4461988
CBB,20081103,0.35,0.35,0.35,0.35,13000
CBD,20081103,0.07,0.07,0.05,0.05,294000
CBH,20081103,0.056,0.057,0.053,0.057,188500
CCD,20081103,0.68,0.68,0.64,0.64,605000
CCF,20081103,0.19,0.19,0.19,0.19,2830
CCI,20081103,0.088,0.089,0.088,0.089,50000
CCL,20081103,8.2,8.33,8.15,8.25,1339152
CCP,20081103,0.57,0.59,0.57,0.59,13400
CCQ,20081103,0.37,0.38,0.37,0.38,30000
CCV,20081103,0.23,0.24,0.23,0.235,273000
CCY,20081103,0.04,0.04,0.04,0.04,1400
CDA,20081103,0.62,0.62,0.575,0.575,67621
CDD,20081103,3.8,3.8,3.7,3.7,100788
CDF,20081103,1.1,1.174,1.08,1.174,18615
CDI,20081103,0.6,0.6,0.505,0.57,416871
CDP,20081103,3.85,3.85,3.85,3.85,6214
CDU,20081103,1.45,1.47,1.39,1.45,79353
CEC,20081103,0.06,0.06,0.06,0.06,200000
CEG,20081103,0.18,0.18,0.18,0.18,70500
CER,20081103,0.11,0.115,0.105,0.11,3319785
CEU,20081103,0.715,0.8,0.715,0.77,5461793
CEY,20081103,3.43,4,3.43,4,1392524
CFE,20081103,0.235,0.24,0.225,0.235,1111599
CFR,20081103,0.005,0.006,0.004,0.006,11064000
CFU,20081103,0.14,0.155,0.135,0.135,1003006
CFX,20081103,2.05,2.08,1.93,2,8869060
CGF,20081103,1.64,1.68,1.6,1.66,1686528
CGG,20081103,0.155,0.16,0.15,0.16,842474
CGM,20081103,0.045,0.045,0.045,0.045,10000
CGO,20081103,0.49,0.5,0.49,0.5,53400
CGT,20081103,0.05,0.05,0.05,0.05,20000
CGX,20081103,0.85,0.95,0.85,0.95,12000
CHC,20081103,0.445,0.47,0.415,0.42,1034372
CHM,20081103,0.016,0.016,0.013,0.014,382000
CHO,20081103,4.6,4.7,4.6,4.7,13450
CIF,20081103,2.25,2.27,2.19,2.19,70901
CIG,20081103,0.017,0.018,0.017,0.018,800000
CIL,20081103,1.18,1.18,1.18,1.18,382
CIN,20081103,14.25,14.25,14.25,14.25,302
CIX,20081103,0.3,0.3,0.3,0.3,150000
CIY,20081103,0.13,0.15,0.13,0.14,143503
CKK,20081103,0.105,0.105,0.095,0.095,91800
CKR,20081103,0.045,0.045,0.044,0.045,730000
CKT,20081103,0.61,0.62,0.61,0.61,262511
CLH,20081103,0.44,0.44,0.43,0.43,80800
CLO,20081103,0.4,0.42,0.395,0.4,1032000
CLQ,20081103,0.325,0.325,0.325,0.325,5000
CLU,20081103,0.053,0.053,0.053,0.053,1500
CMG,20081103,0.135,0.18,0.135,0.18,5545
CMJ,20081103,2.15,2.16,2.11,2.14,729341
CMO,20081103,0.02,0.02,0.02,0.02,16303
CMR,20081103,0.41,0.44,0.355,0.37,777694
CMV,20081103,0.2,0.2,0.195,0.195,103529
CMW,20081103,0.635,0.7,0.62,0.62,605906
CNA,20081103,96.5,96.5,96.5,96.5,250
CND,20081103,0.725,0.78,0.7,0.745,60784
CNF,20081103,0.058,0.059,0.058,0.059,200000
CNM,20081103,0.14,0.145,0.14,0.14,198100
CNP,20081103,0.077,0.08,0.076,0.078,4295136
CNT,20081103,0.71,0.71,0.65,0.65,40190
CNX,20081103,0.305,0.35,0.3,0.34,2733332
COE,20081103,0.295,0.305,0.29,0.3,510718
COF,20081103,1.8,1.8,1.76,1.79,68464
COH,20081103,57,58.82,57,58.82,278592
COK,20081103,0.325,0.415,0.325,0.41,1039797
COU,20081103,1.11,1.12,1.1,1.115,189378
COZ,20081103,0.3,0.315,0.29,0.29,52906
CPA,20081103,1.265,1.34,1.23,1.25,5061511
CPB,20081103,24.2,24.5,23.04,24.5,148410
CPR,20081103,0.18,0.18,0.15,0.17,581328
CPU,20081103,8.47,8.8,8.4,8.8,2089636
CQT,20081103,0.175,0.185,0.17,0.185,63484
CQU,20081103,0.07,0.07,0.07,0.07,165000
CRC,20081103,0.09,0.09,0.09,0.09,32255
CRG,20081103,8.95,9.15,8.72,9.1,263524
CRJ,20081103,0.033,0.033,0.033,0.033,33000
CRK,20081103,0.75,0.77,0.75,0.77,52397
CRT,20081103,0.335,0.335,0.335,0.335,10000
CSD,20081103,0.031,0.031,0.026,0.027,325000
CSE,20081103,0.075,0.075,0.07,0.07,74571
CSL,20081103,36.82,37.5,36.27,37.5,1574729
CSR,20081103,2.19,2.22,2.15,2.18,2482295
CSS,20081103,0.35,0.445,0.35,0.435,271399
CST,20081103,2.07,2.12,2.05,2.05,24500
CSU,20081103,0.91,0.91,0.91,0.91,10000
CSV,20081103,0.675,0.675,0.67,0.67,6440
CTN,20081103,0.655,0.7,0.655,0.7,78624
CTO,20081103,0.195,0.195,0.18,0.185,1049900
CTP,20081103,0.09,0.1,0.09,0.1,999600
CTS,20081103,0.05,0.05,0.04,0.05,1416894
CTX,20081103,9.6,10.29,9.2,10.06,1222646
CTY,20081103,3.54,3.54,3.54,3.54,150
CUE,20081103,0.14,0.145,0.135,0.145,366534
CUL,20081103,0.055,0.058,0.055,0.055,246115
CUO,20081103,0.099,0.105,0.096,0.105,4145155
CUR,20081103,1,1,1,1,1000
CUS,20081103,0.105,0.105,0.105,0.105,801200
CUV,20081103,0.255,0.255,0.25,0.25,116788
CUX,20081103,0.08,0.08,0.08,0.08,10570
CUY,20081103,0.19,0.19,0.16,0.19,49130
CVA,20081103,0.049,0.049,0.049,0.049,13000
CVC,20081103,0.82,0.82,0.82,0.82,1885
CVI,20081103,0.014,0.015,0.013,0.014,2211115
CVN,20081103,0.275,0.33,0.275,0.33,4487570
CVS,20081103,0.024,0.024,0.024,0.024,605000
CWK,20081103,0.195,0.21,0.18,0.2,203860
CWN,20081103,6.69,7.2,6.69,7.2,1995291
CWT,20081103,0.48,0.48,0.45,0.45,62582
CXC,20081103,1.01,1.205,1.01,1.055,706837
CXD,20081103,0.7,0.7,0.7,0.7,1600
CXG,20081103,0.58,0.7,0.58,0.63,324950
CXH,20081103,0.4,0.4,0.4,0.4,458990
CXM,20081103,0.19,0.2,0.19,0.2,52551
CXP,20081103,4.9,4.9,4.76,4.9,215183
CXS,20081103,0.46,0.53,0.45,0.52,184559
CXY,20081103,0.078,0.079,0.075,0.075,1279860
CYA,20081103,0.85,0.915,0.85,0.915,116541
CYG,20081103,1.32,1.32,1.32,1.32,7213
CYS,20081103,0.15,0.15,0.15,0.15,10000
CYT,20081103,0.175,0.175,0.175,0.175,2393
CZA,20081103,1.11,1.19,1.11,1.17,79782
CZP,20081103,0.045,0.045,0.045,0.045,28000
DBS,20081103,0.2,0.2,0.2,0.2,7145
DES,20081103,0.014,0.014,0.012,0.013,257500
DEX,20081103,0.72,0.72,0.66,0.72,104898
DGH,20081103,0.4,0.4,0.4,0.4,12500
DGR,20081103,0.053,0.053,0.053,0.053,21385
DIO,20081103,0.42,0.42,0.37,0.37,75687
DJS,20081103,3.04,3.35,3.04,3.35,1038444
DJW,20081103,3.82,3.83,3.75,3.8,50969
DKN,20081103,0.62,0.62,0.62,0.62,20000
DKS,20081103,5.2,5.2,5.2,5.2,2500
DLS,20081103,0.032,0.037,0.031,0.034,9200804
DMG,20081103,0.105,0.105,0.105,0.105,100000
DML,20081103,0.19,0.19,0.19,0.19,11526
DMM,20081103,0.15,0.15,0.15,0.15,11000
DMP,20081103,3,3,2.99,3,23454
DMX,20081103,0.125,0.125,0.125,0.125,15
DOM,20081103,2.28,2.36,2.2,2.3,195316
DON,20081103,0.105,0.115,0.1,0.115,67852
DOW,20081103,5.03,5.12,4.87,5.01,2834324
DRA,20081103,0.03,0.03,0.03,0.03,100000
DRX,20081103,0.09,0.09,0.09,0.09,26565
DSN,20081103,0.105,0.105,0.105,0.105,25000
DTL,20081103,4.8,4.84,4.76,4.76,32174
DTM,20081103,0.1,0.1,0.1,0.1,70000
DUE,20081103,2.45,2.68,2.36,2.55,1142326
DVA,20081103,0.01,0.01,0.01,0.01,460000
DVN,20081103,0.66,0.73,0.66,0.7,53428
DWS,20081103,0.625,0.67,0.625,0.67,100011
DWY,20081103,0.12,0.12,0.11,0.11,30000
DXS,20081103,0.78,0.785,0.71,0.765,20648082
DYE,20081103,0.7,0.715,0.7,0.71,79018
DYL,20081103,0.14,0.145,0.135,0.145,423500
EAL,20081103,0.52,0.52,0.5,0.5,12500
EBB,20081103,0.095,0.095,0.09,0.092,83824
EBG,20081103,0.145,0.145,0.145,0.145,15000
EBI,20081103,1.825,1.825,1.825,1.825,1450
EBT,20081103,0.04,0.04,0.036,0.036,300000
ECE,20081103,0.003,0.003,0.002,0.002,167420
ECM,20081103,0.04,0.05,0.04,0.05,180540
EDM,20081103,0.02,0.02,0.02,0.02,10000
EER,20081103,0.23,0.23,0.21,0.21,68000
EFE,20081103,0.09,0.09,0.09,0.09,13500
EGF,20081103,1.55,1.56,1.51,1.53,409693
EGO,20081103,0.01,0.01,0.008,0.009,29847093
EHL,20081103,0.58,0.66,0.58,0.64,3162595
EKA,20081103,0.195,0.195,0.18,0.18,253387
EKM,20081103,0.125,0.125,0.125,0.125,20000
ELI,20081103,0.65,0.65,0.65,0.65,65000
ELX,20081103,0.19,0.19,0.19,0.19,42676
ELY,20081103,0.09,0.09,0.09,0.09,50000
EMA,20081103,0.23,0.255,0.22,0.23,514850
EMB,20081103,3.49,3.49,3.49,3.49,1300
EME,20081103,0.39,0.39,0.38,0.38,15487
EMR,20081103,0.095,0.095,0.09,0.09,20660
EMS,20081103,0.115,0.12,0.11,0.115,133150
EMU,20081103,0.056,0.056,0.056,0.056,100000
ENE,20081103,2.5,2.55,2.47,2.5,1810983
ENG,20081103,0.018,0.018,0.015,0.015,502593
ENR,20081103,0.07,0.097,0.07,0.097,37600
ENV,20081103,0.65,0.7,0.635,0.64,1287095
EOS,20081103,0.26,0.26,0.21,0.21,63300
EPD,20081103,0.085,0.085,0.085,0.085,15963
EPG,20081103,0.26,0.26,0.24,0.24,79000
EPR,20081103,0.032,0.036,0.03,0.036,818359
EPS,20081103,0.09,0.09,0.09,0.09,1664
EPY,20081103,0.015,0.016,0.015,0.015,200000
EQN,20081103,1.35,1.575,1.35,1.52,1010047
EQT,20081103,18.06,18.06,17,17,27931
ERA,20081103,14.3,15.29,14.3,15.25,268175
ERG,20081103,0.007,0.008,0.007,0.008,352627
ERH,20081103,0.15,0.155,0.145,0.145,101000
ERM,20081103,0.094,0.094,0.091,0.091,40000
ESG,20081103,0.42,0.45,0.42,0.44,1741947
ESI,20081103,0.056,0.06,0.053,0.053,2045698
ESN,20081103,0.004,0.005,0.004,0.005,1948920
ESS,20081103,0.66,0.66,0.65,0.65,10000
ESW,20081103,0.155,0.155,0.155,0.155,17000
ETC,20081103,0.29,0.29,0.29,0.29,81500
ETE,20081103,0.076,0.078,0.076,0.078,77200
EVE,20081103,0.014,0.014,0.014,0.014,367715
EVG,20081103,0.06,0.06,0.055,0.055,80000
EVZ,20081103,0.14,0.14,0.135,0.135,130000
EWC,20081103,0.405,0.46,0.405,0.44,1869244
EXR,20081103,0.053,0.054,0.051,0.053,1032799
EXS,20081103,0.125,0.135,0.12,0.13,946000
EXT,20081103,1,1,0.97,0.985,39967
EZL,20081103,1,1,1,1,29756
FAC,20081103,0.05,0.05,0.05,0.05,78000
FAN,20081103,1.9,1.915,1.9,1.9,401800
FAR,20081103,0.022,0.031,0.022,0.031,10901614
FAS,20081103,0.05,0.056,0.05,0.051,113000
FAT,20081103,0.71,0.71,0.71,0.71,16000
FBU,20081103,5.08,5.12,5.07,5.08,103319
FCL,20081103,1.175,1.26,1.16,1.26,2229436
FEA,20081103,0.415,0.425,0.4,0.405,147538
FER,20081103,0.26,0.27,0.26,0.27,27488
FFF,20081103,0.025,0.025,0.025,0.025,71428
FGE,20081103,0.3,0.3,0.3,0.3,17000
FGI,20081103,0.6,0.6,0.6,0.6,10000
FGL,20081103,5.86,6.1,5.8,5.89,10100440
FIS,20081103,0.11,0.12,0.11,0.12,85000
FKP,20081103,1.16,1.27,1.15,1.27,2013591
FLK,20081103,0.525,0.525,0.525,0.525,1081
FLS,20081103,1,1,1,1,2000
FLT,20081103,14,14.2,12.98,13,268901
FLX,20081103,12.22,13.02,12.22,12.45,465119
FMG,20081103,3,3.05,2.93,2.98,12269541
FML,20081103,0.02,0.02,0.019,0.019,1553209
FMS,20081103,0.059,0.064,0.058,0.061,8785129
FNT,20081103,0.03,0.032,0.03,0.03,65000
FPH,20081103,2.61,2.66,2.61,2.64,4849
FRE,20081103,0.115,0.115,0.1,0.1,41200
FRI,20081103,0.48,0.49,0.47,0.49,201624
FRR,20081103,0.11,0.12,0.11,0.12,13000
FRS,20081103,0.33,0.4,0.33,0.33,364705
FSE,20081103,0.03,0.03,0.029,0.03,293668
FSN,20081103,0.3,0.3,0.3,0.3,18000
FTD,20081103,0.034,0.034,0.034,0.034,50000
FUN,20081103,0.25,0.255,0.25,0.255,37368
FWD,20081103,6.25,6.46,6.24,6.26,67169
FWL,20081103,0.125,0.15,0.12,0.15,78455
FXI,20081103,0.7,0.7,0.7,0.7,2540
FXJ,20081103,1.94,2.02,1.92,2,13428169
FXL,20081103,0.32,0.365,0.32,0.365,333553
FXR,20081103,0.17,0.17,0.16,0.17,519142
GBE,20081103,0.145,0.155,0.145,0.155,65208
GBI,20081103,0.18,0.18,0.18,0.18,50000
GCG,20081103,0.15,0.15,0.15,0.15,5000
GCL,20081103,4.35,4.8,4.33,4.7,874026
GCR,20081103,0.01,0.01,0.009,0.009,500000
GDA,20081103,0.038,0.038,0.038,0.038,4037
GDN,20081103,0.058,0.059,0.055,0.059,687901
GDY,20081103,0.79,0.93,0.79,0.88,353587
GER,20081103,0.08,0.085,0.08,0.085,206807
GFF,20081103,1.695,1.695,1.615,1.67,7851860
GGE,20081103,0.016,0.016,0.016,0.016,350000
GGG,20081103,0.21,0.235,0.21,0.235,72300
GGP,20081103,0.27,0.285,0.27,0.28,262858
GGX,20081103,0.04,0.04,0.04,0.04,90000
GGY,20081103,0.032,0.033,0.031,0.031,127500
GIP,20081103,0.084,0.085,0.08,0.08,94690
GIR,20081103,0.52,0.52,0.495,0.5,241356
GJT,20081103,0.17,0.185,0.155,0.185,9588071
GLB,20081103,0.29,0.29,0.29,0.29,13000
GLF,20081103,0.058,0.058,0.058,0.058,47500
GLH,20081103,0.035,0.035,0.035,0.035,87500
GLM,20081103,0.09,0.09,0.09,0.09,50000
GLX,20081103,0.045,0.045,0.045,0.045,155190
GMG,20081103,0.93,0.99,0.905,0.97,22897135
GMI,20081103,0.915,1.025,0.915,1,181048
GML,20081103,0.09,0.09,0.09,0.09,1250
GNC,20081103,6.99,7.16,6.99,7.16,26938
GNM,20081103,0.75,0.75,0.75,0.75,2961
GNS,20081103,1.155,1.21,1.15,1.21,2485080
GNV,20081103,0.305,0.305,0.3,0.3,3000
GOA,20081103,0.014,0.014,0.013,0.013,181550
GOP,20081103,0.044,0.049,0.044,0.049,27000
GOW,20081103,2.61,2.75,2.61,2.75,12720
GPG,20081103,0.85,0.85,0.835,0.835,630591
GPM,20081103,0.185,0.19,0.175,0.18,11316804
GPN,20081103,0.005,0.005,0.005,0.005,1782494
GPP,20081103,0.07,0.07,0.07,0.07,200
GPT,20081103,0.74,0.86,0.74,0.835,30442310
GRD,20081103,0.46,0.46,0.44,0.44,335241
GRR,20081103,0.55,0.55,0.5,0.5,169900
GRY,20081103,0.115,0.115,0.115,0.115,75100
GSF,20081103,0.008,0.008,0.008,0.008,440391
GTI,20081103,0.032,0.032,0.032,0.032,13500
GTP,20081103,0.365,0.4,0.365,0.385,1620890
GUD,20081103,4.7,4.94,4.7,4.94,156758
GWR,20081103,0.485,0.53,0.48,0.52,56150
GWT,20081103,2.4,2.56,2.4,2.56,378117
GXL,20081103,0.745,0.745,0.745,0.745,14674
GXY,20081103,0.45,0.45,0.425,0.425,10400
HAV,20081103,0.36,0.36,0.36,0.36,20000
HAW,20081103,0.011,0.011,0.01,0.01,4212335
HDF,20081103,2.25,2.43,2.25,2.43,166817
HDN,20081103,0.1,0.1,0.1,0.1,76000
HEG,20081103,0.12,0.125,0.12,0.12,196600
HER,20081103,1.02,1.02,1.02,1.02,12000
HFA,20081103,0.4,0.43,0.395,0.395,737651
HGG,20081103,1.205,1.35,1.19,1.31,3141379
HGO,20081103,0.105,0.115,0.105,0.11,957567
HHL,20081103,5.6,5.7,5.4,5.6,16269
HHV,20081103,0.575,0.59,0.575,0.58,129660
HHY,20081103,1.05,1.05,1,1,78000
HIC,20081103,0.63,0.63,0.63,0.63,33000
HIG,20081103,0.056,0.06,0.056,0.058,755900
HIL,20081103,3.79,3.89,3.63,3.8,242523
HLG,20081103,0.38,0.39,0.36,0.36,67725
HLS,20081103,0.055,0.055,0.055,0.055,50000
HMC,20081103,0.06,0.06,0.06,0.06,17000
HNG,20081103,1.4,1.4,1.4,1.4,6923
HRL,20081103,0.1,0.1,0.1,0.1,70000
HRR,20081103,0.155,0.17,0.155,0.17,215800
HRS,20081103,0.18,0.21,0.18,0.205,313500
HSK,20081103,0.63,0.63,0.62,0.62,25500
HSP,20081103,4.27,4.7,4.25,4.7,458449
HST,20081103,1.47,1.675,1.47,1.62,812364
HTA,20081103,0.087,0.087,0.085,0.085,239200
HTE,20081103,0.048,0.049,0.046,0.048,453833
HTI,20081103,0.04,0.04,0.04,0.04,25000
HTM,20081103,0.011,0.011,0.011,0.011,100000
HVN,20081103,2.6,2.7,2.58,2.7,3000725
HWI,20081103,0.7,0.7,0.7,0.7,14808
HXL,20081103,0.57,0.57,0.57,0.57,22000
HZL,20081103,0.35,0.35,0.215,0.215,144000
HZN,20081103,0.16,0.175,0.16,0.175,705946
IAA,20081103,39.11,40.01,39.05,40.01,5638
IAG,20081103,3.84,4.03,3.82,4.03,4953895
IAS,20081103,0.165,0.22,0.165,0.22,77258
IAU,20081103,0.097,0.1,0.095,0.1,505522
IBA,20081103,0.65,0.695,0.65,0.675,1550648
IBC,20081103,0.415,0.43,0.41,0.43,92864
IBG,20081103,0.08,0.08,0.08,0.08,78867
IBK,20081103,38.4,39.15,38.4,39.15,177
ICC,20081103,0.065,0.065,0.065,0.065,5112
ICD,20081103,0.2,0.2,0.2,0.2,6111
ICN,20081103,0.15,0.16,0.145,0.16,576562
ICP,20081103,0.035,0.044,0.035,0.044,1980000
IDL,20081103,0.21,0.23,0.21,0.225,4996108
IDT,20081103,1.83,1.83,1.83,1.83,6000
IEF,20081103,0.44,0.48,0.44,0.46,68743
IEM,20081103,38.5,39.12,38.14,39.12,9498
IEU,20081103,46.98,46.98,46.98,46.98,300
IFC,20081103,0.077,0.077,0.077,0.077,1860
IFE,20081103,0.18,0.18,0.165,0.165,31250
IFL,20081103,4.05,4.35,4,4.35,61362
IFM,20081103,0.36,0.37,0.36,0.37,105021
IGC,20081103,0.195,0.255,0.18,0.25,1251453
IGG,20081103,0.34,0.35,0.34,0.34,217468
IGO,20081103,1.55,1.795,1.45,1.78,1755582
IGR,20081103,0.12,0.145,0.12,0.13,756064
IHF,20081103,0.65,0.65,0.65,0.65,1200
IHK,20081103,16,16.03,15.61,15.87,8483
IIF,20081103,0.39,0.46,0.38,0.385,11599244
IIN,20081103,1.29,1.29,1.265,1.275,240156
IJP,20081103,13.38,13.38,13.38,13.38,250
IKO,20081103,45.5,45.5,42.15,43.81,1533
ILF,20081103,0.145,0.19,0.145,0.165,1252680
ILU,20081103,3.54,3.8,3.54,3.7,1567742
IMA,20081103,0.34,0.35,0.32,0.33,87301
IMD,20081103,0.49,0.52,0.48,0.505,1149910
IMF,20081103,0.805,0.805,0.75,0.8,199850
IMI,20081103,0.005,0.005,0.005,0.005,2018000
IMP,20081103,0.008,0.009,0.008,0.009,4672578
IMU,20081103,0.045,0.045,0.045,0.045,12000
INE,20081103,0.365,0.4,0.365,0.4,44451
INL,20081103,0.028,0.03,0.028,0.028,3979226
INP,20081103,0.25,0.26,0.25,0.26,138774
INT,20081103,0.007,0.007,0.007,0.007,1225000
IOF,20081103,1.15,1.24,1.11,1.19,2701458
IOH,20081103,0.2,0.225,0.19,0.19,183220
IOO,20081103,78.5,79.25,78.5,79.01,336
IPA,20081103,0.076,0.076,0.076,0.076,10000
IPE,20081103,0.52,0.53,0.52,0.53,22509
IPL,20081103,4.11,4.33,3.95,3.95,9109247
IPM,20081103,1.055,1.06,1.05,1.05,638878
IPR,20081103,0.095,0.095,0.091,0.091,682757
IPT,20081103,0.04,0.05,0.04,0.05,12500
IPX,20081103,0.35,0.35,0.35,0.35,12857
IRE,20081103,4.61,4.8,4.61,4.75,922860
IRI,20081103,0.27,0.27,0.27,0.27,54018
IRL,20081103,0.016,0.016,0.011,0.013,2218000
IRN,20081103,0.565,0.565,0.555,0.56,50000
ISG,20081103,10.61,10.67,10.61,10.67,1113
ISS,20081103,0.42,0.45,0.42,0.45,86383
ITC,20081103,0.035,0.035,0.034,0.035,2332405
ITD,20081103,0.105,0.105,0.105,0.105,78000
ITW,20081103,13.33,13.33,13.1,13.1,1400
IUL,20081103,0.01,0.01,0.01,0.01,50000
IVA,20081103,0.375,0.38,0.32,0.35,250795
IVC,20081103,4.85,5.31,4.81,5.31,117113
IVE,20081103,66.44,66.84,66.44,66.84,241
IVV,20081103,144.21,144.21,143.88,143.88,120
IWI,20081103,0.995,1,0.965,0.965,50514
IXR,20081103,0.3,0.3,0.3,0.3,218049
IZZ,20081103,37.8,39.29,37.8,39.29,1454
JBH,20081103,9.1,9.26,9.02,9.1,885779
JET,20081103,1,1,0.95,0.95,157000
JGL,20081103,0.115,0.115,0.1,0.115,533350
JHX,20081103,4.45,4.82,4.35,4.82,823028
JML,20081103,0.165,0.2,0.165,0.185,7658190
JMS,20081103,0.125,0.125,0.125,0.125,16000
JPR,20081103,0.029,0.029,0.026,0.026,258493
JRL,20081103,0.3,0.3,0.3,0.3,2000
JRV,20081103,0.009,0.009,0.008,0.009,6769013
KAL,20081103,0.02,0.02,0.02,0.02,1669293
KAM,20081103,0.23,0.24,0.23,0.24,30000
KAR,20081103,2.19,2.4,2.16,2.4,204792
KBC,20081103,0.29,0.29,0.285,0.29,69896
KCN,20081103,2.55,2.94,2.53,2.94,142380
KIK,20081103,0.064,0.079,0.06,0.079,3862175
KIL,20081103,0.6,0.625,0.6,0.6,22894
KMN,20081103,0.115,0.115,0.11,0.11,30000
KOG,20081103,0.07,0.07,0.07,0.07,19866
KOR,20081103,0.05,0.05,0.05,0.05,43000
KSO,20081103,0.075,0.075,0.075,0.075,34000
KSX,20081103,0.019,0.02,0.018,0.02,271429
KZL,20081103,0.575,0.69,0.57,0.67,3428810
LAU,20081103,0.155,0.155,0.12,0.12,227092
LBT,20081103,0.16,0.165,0.16,0.165,38000
LCT,20081103,0.18,0.195,0.18,0.195,14000
LCY,20081103,0.14,0.14,0.14,0.14,2200
LDW,20081103,2.7,2.7,2.65,2.65,5500
LEF,20081103,0.05,0.05,0.05,0.05,51131
LEG,20081103,0.01,0.011,0.008,0.011,3208000
LEI,20081103,25.65,27.85,25.11,26.8,1169045
LEP,20081103,2.7,2.74,2.69,2.69,66645
LFE,20081103,0.085,0.089,0.085,0.089,116789
LGL,20081103,1.985,2.01,1.92,2,6732273
LGO,20081103,0.008,0.008,0.007,0.008,1103500
LIO,20081103,0.055,0.055,0.055,0.055,76432
LKO,20081103,0.005,0.005,0.004,0.004,2218889
LLA,20081103,0.021,0.022,0.02,0.021,1321000
LLC,20081103,7,7.4,7,7.15,800513
LMC,20081103,3.6,3.68,3.6,3.65,9900
LMW,20081103,0.51,0.51,0.51,0.51,37500
LNC,20081103,3.06,3.15,2.98,3,919710
LNG,20081103,0.5,0.5,0.46,0.46,12860
LNN,20081103,8.89,9.12,8.74,9,740473
LOD,20081103,0.015,0.015,0.013,0.013,225001
LOM,20081103,0.041,0.041,0.04,0.04,150000
LRF,20081103,0.45,0.5,0.45,0.49,41489
LRL,20081103,0.11,0.11,0.105,0.105,44800
LSL,20081103,0.001,0.001,0.001,0.001,3500000
LSR,20081103,0.028,0.028,0.028,0.028,1553
LST,20081103,1.19,1.19,1.16,1.16,119307
LTR,20081103,0.02,0.02,0.02,0.02,100000
LUM,20081103,0.005,0.005,0.005,0.005,500000
LWB,20081103,1.45,1.45,1.45,1.45,10000
LYC,20081103,0.35,0.465,0.34,0.45,3681976
MAE,20081103,0.255,0.38,0.255,0.29,4842604
MAH,20081103,0.77,0.885,0.745,0.875,6103283
MAK,20081103,0.68,0.78,0.68,0.74,698845
MAP,20081103,2.17,2.25,2.17,2.2,5315562
MAR,20081103,0.085,0.093,0.085,0.093,41752
MBN,20081103,1.6,1.9,1.6,1.9,81902
MBP,20081103,0.029,0.029,0.028,0.028,108120
MBT,20081103,0.46,0.485,0.46,0.485,72080
MCC,20081103,6.13,6.55,6.13,6.45,2032315
MCG,20081103,1.65,1.675,1.555,1.61,4063036
MCK,20081103,0.25,0.25,0.25,0.25,6200
MCO,20081103,0.16,0.165,0.16,0.165,39300
MCR,20081103,0.725,0.94,0.725,0.92,2927660
MCU,20081103,0.4,0.435,0.4,0.42,95347
MCW,20081103,0.255,0.34,0.25,0.3,15215995
MDA,20081103,0.2,0.21,0.19,0.21,146000
MDL,20081103,0.6,0.6,0.545,0.55,510186
MDS,20081103,0.057,0.057,0.057,0.057,1000
MDT,20081103,0.1,0.12,0.085,0.115,6710476
MDX,20081103,0.35,0.35,0.34,0.34,269200
MEL,20081103,0.555,0.6,0.555,0.58,414400
MEO,20081103,0.16,0.195,0.155,0.19,1056854
MEP,20081103,0.2,0.2,0.2,0.2,10000
MET,20081103,0.095,0.095,0.095,0.095,50000
MEU,20081103,0.04,0.05,0.04,0.05,63000
MFC,20081103,0.075,0.075,0.075,0.075,56500
MFF,20081103,0.585,0.62,0.585,0.6,241733
MFG,20081103,0.515,0.52,0.515,0.52,4200
MFI,20081103,0.025,0.025,0.025,0.025,228700
MGO,20081103,0.15,0.15,0.125,0.13,140509
MGX,20081103,0.43,0.46,0.325,0.395,80485514
MHL,20081103,0.005,0.005,0.005,0.005,850000
MIG,20081103,1.95,2.05,1.95,1.995,7499552
MIK,20081103,0.15,0.15,0.15,0.15,17500
MIN,20081103,2.5,2.74,2.5,2.7,270154
MIR,20081103,1.545,1.55,1.545,1.55,15796
MIX,20081103,0.17,0.18,0.17,0.175,364958
MLB,20081103,2.21,2.29,2.13,2.2,83267
MLE,20081103,1.18,1.32,1.18,1.25,52725
MLM,20081103,0.23,0.235,0.21,0.21,61528
MLS,20081103,0.01,0.01,0.01,0.01,434160
MLT,20081103,17.01,17.5,17,17.5,8370
MLX,20081103,0.145,0.145,0.125,0.125,635000
MMA,20081103,0.49,0.49,0.48,0.48,287326
MMB,20081103,0.33,0.33,0.3,0.3,25000
MMG,20081103,1.275,1.43,1.275,1.35,358802
MML,20081103,0.6,0.65,0.6,0.65,63488
MMN,20081103,0.043,0.044,0.043,0.044,270000
MMS,20081103,2.18,2.18,2.15,2.18,77759
MMX,20081103,0.81,0.85,0.785,0.835,974411
MMY,20081103,0.12,0.12,0.12,0.12,5367
MND,20081103,8.06,8.15,7.81,7.84,561061
MNL,20081103,0.17,0.17,0.17,0.17,21200
MNM,20081103,0.077,0.077,0.073,0.075,124000
MNW,20081103,0.03,0.03,0.03,0.03,40000
MOC,20081103,0.87,0.9,0.86,0.9,91968
MOF,20081103,0.31,0.315,0.27,0.27,13616714
MOG,20081103,0.024,0.024,0.022,0.022,66727
MOL,20081103,0.395,0.42,0.38,0.395,1103579
MOS,20081103,0.075,0.079,0.075,0.079,970600
MOX,20081103,0.05,0.05,0.046,0.046,37770
MPF,20081103,0.29,0.315,0.29,0.315,248761
MPI,20081103,0.023,0.025,0.023,0.025,557500
MPJ,20081103,0.002,0.003,0.002,0.003,3070000
MPO,20081103,0.69,0.83,0.66,0.8,1005276
MPS,20081103,0.21,0.24,0.21,0.24,63548
MQG,20081103,30.5,33.05,30.41,33.05,1283583
MRA,20081103,0.205,0.235,0.205,0.235,46000
MRE,20081103,0.75,0.89,0.61,0.71,7259421
MRK,20081103,0.01,0.01,0.01,0.01,540476
MRM,20081103,1.09,1.09,1.07,1.075,193195
MRU,20081103,0.65,0.7,0.65,0.7,619615
MRX,20081103,0.024,0.024,0.022,0.023,1071150
MRZ,20081103,0.445,0.51,0.445,0.505,198365
MSA,20081103,0.22,0.22,0.22,0.22,10000
MSB,20081103,0.96,0.96,0.96,0.96,1200
MSC,20081103,0.011,0.011,0.011,0.011,370000
MSF,20081103,1.93,2,1.93,2,12555
MSL,20081103,1.8,1.8,1.8,1.8,1500
MST,20081103,0.034,0.035,0.034,0.035,280000
MTH,20081103,0.135,0.135,0.135,0.135,9820
MTN,20081103,0.47,0.48,0.335,0.435,406422
MTS,20081103,4.05,4.22,4.05,4.21,2155731
MTU,20081103,0.6,0.6,0.56,0.595,15025
MUE,20081103,0.275,0.3,0.25,0.3,241604
MUN,20081103,0.195,0.2,0.18,0.2,234374
MUR,20081103,0.056,0.056,0.056,0.056,50000
MVP,20081103,0.23,0.23,0.23,0.23,2709
MWE,20081103,0.043,0.045,0.043,0.045,423500
MWG,20081103,1.09,1.09,1.09,1.09,20000
MWN,20081103,0.075,0.1,0.075,0.1,160000
MWS,20081103,0.018,0.018,0.015,0.015,572000
MXI,20081103,0.41,0.44,0.41,0.44,57841
MXR,20081103,0.064,0.08,0.064,0.07,133129
MYO,20081103,1.13,1.16,1.13,1.155,461679
NAB,20081103,24.2,25.1,24.2,25.1,6839957
NAD,20081103,0.008,0.009,0.008,0.009,1212000
NAL,20081103,0.008,0.008,0.008,0.008,62000
NAM,20081103,0.375,0.395,0.37,0.395,50000
NAN,20081103,0.2,0.2,0.2,0.2,24000
NAV,20081103,0.18,0.18,0.18,0.18,28400
NBL,20081103,1.2,1.26,1.2,1.26,16666
NCI,20081103,1,1,1,1,13111
NCK,20081103,0.53,0.53,0.53,0.53,3200
NCM,20081103,20.98,21.25,20.11,21.24,2084327
NDO,20081103,0.17,0.18,0.165,0.17,7254959
NEC,20081103,0.7,0.75,0.66,0.75,84760
NEM,20081103,4.02,4.02,3.9,3.9,11700
NEO,20081103,0.017,0.018,0.017,0.018,628182
NEU,20081103,0.059,0.065,0.059,0.065,58708
NFE,20081103,0.8,0.95,0.8,0.92,386012
NFK,20081103,0.54,0.6,0.54,0.58,174236
NFL,20081103,0.065,0.08,0.065,0.072,430820
NGE,20081103,0.078,0.08,0.075,0.075,265550
NGF,20081103,0.096,0.096,0.09,0.096,248782
NGM,20081103,0.01,0.01,0.01,0.01,1000000
NHC,20081103,3.52,3.8,3.52,3.66,417580
NHF,20081103,0.85,0.85,0.82,0.82,118629
NIP,20081103,0.135,0.135,0.135,0.135,10000
NKP,20081103,0.17,0.18,0.17,0.18,78800
NLG,20081103,0.007,0.007,0.007,0.007,443558
NLX,20081103,0.12,0.12,0.09,0.1,375320
NMN,20081103,0.15,0.15,0.15,0.15,50000
NMS,20081103,0.305,0.34,0.305,0.32,601431
NOD,20081103,0.7,0.705,0.69,0.7,844020
NQM,20081103,0.22,0.22,0.21,0.21,50000
NRT,20081103,1,1,1,1,29785
NSL,20081103,0.02,0.02,0.019,0.02,820334
NST,20081103,0.033,0.033,0.033,0.033,30000
NSX,20081103,0.12,0.12,0.1,0.12,138699
NTC,20081103,0.15,0.15,0.15,0.15,4000
NUF,20081103,10.92,11.23,10.92,11.1,825408
NUP,20081103,0.06,0.06,0.06,0.06,38584
NVT,20081103,2.15,2.27,2.15,2.2,530180
NWE,20081103,0.067,0.07,0.067,0.07,120000
NWH,20081103,0.62,0.75,0.62,0.73,1121579
NWS,20081103,15.8,16.35,15.76,16.35,3900196
NWT,20081103,0.002,0.002,0.001,0.002,3124999
NXS,20081103,0.56,0.585,0.555,0.57,3040237
NZO,20081103,1.12,1.18,1.12,1.16,46240
OAK,20081103,0.55,0.56,0.53,0.55,174293
ODG,20081103,0.059,0.059,0.059,0.059,1200
ODN,20081103,0.04,0.04,0.04,0.04,100000
ODY,20081103,0.07,0.1,0.07,0.088,771123
OEC,20081103,0.05,0.05,0.05,0.05,120000
OEL,20081103,0.22,0.235,0.22,0.235,531026
OEX,20081103,0.65,0.7,0.63,0.65,569645
OFG,20081103,0.8,0.8,0.8,0.8,1714
OGC,20081103,0.275,0.325,0.275,0.32,125302
OIF,20081103,0.24,0.255,0.235,0.245,638920
OIL,20081103,0.067,0.067,0.059,0.059,27500
OIP,20081103,0.057,0.057,0.057,0.057,122824
OKN,20081103,1.84,1.98,1.84,1.95,101460
OKU,20081103,0.037,0.037,0.035,0.035,49600
OLE,20081103,0.023,0.023,0.023,0.023,680000
OLH,20081103,0.7,0.7,0.7,0.7,35000
OMH,20081103,1.1,1.47,1.1,1.3,3677388
ONC,20081103,0.12,0.12,0.115,0.12,234513
ORE,20081103,0.245,0.29,0.245,0.25,199500
ORG,20081103,16.2,16.25,15.65,16.05,2465922
ORI,20081103,19.25,19.65,18.65,19,1381741
ORL,20081103,2.99,3,2.99,3,100000
ORO,20081103,0.008,0.008,0.006,0.006,1500000
ORP,20081103,0.032,0.032,0.032,0.032,52200
OSH,20081103,4.6,4.65,4.45,4.65,4359352
OST,20081103,3.61,4,3.61,4,3985169
OZL,20081103,0.98,1.07,0.97,1.07,25101404
PAA,20081103,0.019,0.019,0.019,0.019,150000
PAG,20081103,1.24,1.36,1.23,1.31,263669
PAN,20081103,1.17,1.39,1.13,1.3,1708290
PAU,20081103,0.025,0.025,0.024,0.024,112000
PAX,20081103,0.13,0.14,0.13,0.14,204960
PBA,20081103,0.61,0.61,0.61,0.61,5000
PBD,20081103,0.19,0.23,0.19,0.215,641005
PBG,20081103,1.05,1.09,1.01,1.06,5122169
PBP,20081103,1.26,1.26,1.255,1.26,3055
PCC,20081103,0.004,0.005,0.004,0.005,202270
PCL,20081103,0.018,0.018,0.018,0.018,100000
PCP,20081103,0.02,0.02,0.02,0.02,230000
PDN,20081103,2.33,2.6,2.33,2.6,3677482
PDO,20081103,0.205,0.205,0.205,0.205,13500
PDZ,20081103,0.14,0.14,0.14,0.14,218000
PEM,20081103,0.2,0.215,0.195,0.21,1714150
PEN,20081103,0.015,0.016,0.014,0.014,1161279
PES,20081103,1.38,1.5,1.38,1.48,136200
PEV,20081103,0.037,0.037,0.036,0.036,1000000
PFG,20081103,0.27,0.27,0.27,0.27,1685
PFL,20081103,0.95,0.95,0.95,0.95,63638
PGA,20081103,1.56,1.6,1.56,1.595,98034
PGL,20081103,0.67,0.68,0.65,0.68,214911
PGM,20081103,0.3,0.3,0.3,0.3,10000
PGS,20081103,0.034,0.034,0.031,0.031,103112
PHG,20081103,0.051,0.051,0.05,0.05,80000
PHK,20081103,0.125,0.125,0.125,0.125,74850
PHW,20081103,0.022,0.022,0.022,0.022,500000
PIE,20081103,0.015,0.015,0.015,0.015,5000
PLA,20081103,0.64,0.77,0.625,0.77,2845173
PLB,20081103,0.65,0.65,0.65,0.65,10000
PLD,20081103,0.015,0.016,0.012,0.015,523334
PLI,20081103,0.355,0.46,0.355,0.46,42031
PLT,20081103,0.088,0.088,0.088,0.088,70000
PLV,20081103,0.4,0.4,0.4,0.4,47597
PMC,20081103,1.06,1.1,1.06,1.1,27234
PME,20081103,0.9,0.93,0.9,0.93,5500
PMM,20081103,21.5,21.5,21.12,21.2,9149
PMP,20081103,0.9,0.99,0.855,0.96,430916
PMV,20081103,4.12,4.25,4.12,4.2,28336
PNA,20081103,0.23,0.255,0.22,0.24,16162789
PNO,20081103,0.003,0.003,0.003,0.003,250000
PNX,20081103,0.065,0.09,0.065,0.09,60000
POH,20081103,0.07,0.07,0.07,0.07,8000
POL,20081103,0.135,0.14,0.135,0.135,120000
POS,20081103,0.225,0.23,0.21,0.23,417661
POZ,20081103,0.4,0.41,0.4,0.4,480000
PPC,20081103,1.9,1.9,1.85,1.9,86189
PPP,20081103,0.205,0.21,0.205,0.21,409153
PPS,20081103,0.18,0.2,0.16,0.17,38596
PPT,20081103,35.03,38.3,35.01,38.3,66927
PPX,20081103,1.4,1.5,1.39,1.47,2104731
PPY,20081103,0.52,0.64,0.52,0.64,59894
PRC,20081103,1.16,1.16,1.15,1.16,54900
PRE,20081103,0.008,0.008,0.007,0.008,1580604
PRG,20081103,3.1,3.15,3.04,3.15,41112
PRO,20081103,0.32,0.32,0.32,0.32,23000
PRR,20081103,0.008,0.008,0.008,0.008,200000
PRT,20081103,1.84,1.85,1.835,1.85,444841
PRU,20081103,0.31,0.35,0.305,0.35,238656
PRV,20081103,0.63,0.67,0.63,0.655,161542
PRW,20081103,0.088,0.089,0.088,0.089,58500
PRY,20081103,4.69,4.84,4.61,4.82,833887
PRZ,20081103,0.095,0.095,0.095,0.095,13000
PSA,20081103,0.305,0.33,0.3,0.33,348294
PSH,20081103,1.23,1.24,1.205,1.22,53300
PST,20081103,0.27,0.27,0.27,0.27,100000
PTM,20081103,3.24,3.63,3.22,3.56,375934
PTN,20081103,0.195,0.195,0.18,0.18,217800
PTR,20081103,0.45,0.45,0.45,0.45,19000
PVE,20081103,1.37,1.37,1.37,1.37,1500
PWK,20081103,2.4,2.5,2.4,2.5,20357
PXS,20081103,1.56,1.625,1.56,1.6,147246
QAN,20081103,2.43,2.66,2.43,2.61,4869125
QBE,20081103,26.3,26.55,25.85,26.5,2749770
QGC,20081103,5.75,5.76,5.75,5.75,16538502
QHL,20081103,0.16,0.16,0.16,0.16,80913
QMG,20081103,0.018,0.018,0.018,0.018,150000
QMN,20081103,0.135,0.135,0.12,0.13,602000
QOL,20081103,0.04,0.05,0.04,0.04,416000
QRS,20081103,0.06,0.06,0.056,0.056,7474
QRX,20081103,0.35,0.375,0.35,0.35,108000
RAT,20081103,0.018,0.02,0.018,0.02,576500
RAU,20081103,0.03,0.03,0.03,0.03,340100
RBH,20081103,0.05,0.05,0.05,0.05,1000
RBM,20081103,0.014,0.016,0.014,0.016,1500911
RBR,20081103,0.05,0.05,0.05,0.05,1748
RBY,20081103,0.002,0.002,0.002,0.002,250000
RCH,20081103,0.011,0.015,0.011,0.014,1589203
RCI,20081103,0.1,0.1,0.1,0.1,150000
RCO,20081103,0.27,0.3,0.27,0.3,136538
RCR,20081103,0.84,0.885,0.8,0.805,106160
RCY,20081103,0.155,0.16,0.15,0.155,524859
RDF,20081103,2.6,2.69,2.56,2.56,3878
RDR,20081103,0.3,0.33,0.28,0.315,142881
REA,20081103,4.41,4.41,4.32,4.41,11850
RED,20081103,0.035,0.035,0.035,0.035,366857
REF,20081103,1.31,1.34,1.26,1.27,27336
RES,20081103,0.089,0.09,0.083,0.089,1093030
REU,20081103,0.005,0.006,0.004,0.006,1820602
REX,20081103,1,1.005,1,1,117550
REY,20081103,0.1,0.1,0.1,0.1,7900
RFE,20081103,0.27,0.27,0.23,0.26,30587
RFG,20081103,1.15,1.2,1.15,1.15,142381
RFL,20081103,0.07,0.074,0.07,0.07,87417
RHC,20081103,9.87,10.16,9.86,10.1,522930
RHD,20081103,0.22,0.23,0.22,0.225,529481
RHG,20081103,0.093,0.099,0.092,0.099,1078694
RHI,20081103,2.2,2.25,2.2,2.25,156000
RHL,20081103,3.7,3.71,3.7,3.7,225320
RHT,20081103,0.01,0.01,0.01,0.01,150000
RIA,20081103,0.1,0.1,0.1,0.1,7792
RIC,20081103,0.77,0.815,0.77,0.815,120539
RIO,20081103,79.13,82,79.13,82,1211134
RIV,20081103,3.1,3.42,3.03,3.36,953963
RJT,20081103,0.009,0.011,0.009,0.011,1463076
RKN,20081103,0.93,0.93,0.9,0.9,9823
RLC,20081103,0.03,0.03,0.03,0.03,331000
RMD,20081103,5.2,5.24,5.08,5.2,684135
RMG,20081103,0.008,0.008,0.008,0.008,421672
RMI,20081103,0.009,0.009,0.009,0.009,1086391
RML,20081103,0.057,0.06,0.057,0.057,59000
RMS,20081103,0.535,0.535,0.51,0.52,101237
RNC,20081103,0.034,0.035,0.034,0.035,50000
RNG,20081103,0.017,0.018,0.017,0.018,828932
RNY,20081103,0.17,0.2,0.16,0.19,1165262
ROC,20081103,0.635,0.735,0.63,0.735,2493158
ROK,20081103,2.8,2.85,2.8,2.8,9347
ROY,20081103,0.1,0.1,0.1,0.1,23600
RPC,20081103,0.012,0.012,0.012,0.012,97485
RPX,20081103,0.79,0.79,0.79,0.79,35350
RRA,20081103,0.505,0.52,0.505,0.52,8000
RRL,20081103,0.081,0.081,0.081,0.081,2000
RSN,20081103,0.004,0.004,0.004,0.004,1450000
RUB,20081103,0.069,0.071,0.06,0.06,935319
RUM,20081103,0.076,0.076,0.076,0.076,10000
RUR,20081103,0.17,0.17,0.17,0.17,300000
RVE,20081103,0.135,0.135,0.135,0.135,5000
RWD,20081103,0.36,0.44,0.36,0.44,30700
SAE,20081103,0.135,0.15,0.135,0.15,1064066
SAI,20081103,2.36,2.47,2.36,2.46,103849
SAR,20081103,0.064,0.064,0.064,0.064,10000
SAU,20081103,0.076,0.076,0.072,0.072,132301
SAY,20081103,0.49,0.49,0.49,0.49,10000
SBM,20081103,0.23,0.24,0.225,0.24,2789228
SBN,20081103,0.012,0.012,0.011,0.011,3443537
SBS,20081103,0.016,0.016,0.016,0.016,58000
SDG,20081103,1.03,1.09,0.995,1.035,2920448
SDI,20081103,0.23,0.23,0.23,0.23,500
SDL,20081103,0.097,0.105,0.096,0.105,5941436
SDM,20081103,1.285,1.4,1.28,1.35,315342
SEA,20081103,0.18,0.2,0.18,0.2,46234
SEK,20081103,3.38,3.55,3.37,3.54,897268
SEN,20081103,0.03,0.03,0.03,0.03,101670
SER,20081103,0.015,0.015,0.015,0.015,107500
SEV,20081103,6.2,6.3,5.64,5.95,597794
SFC,20081103,5.2,5.2,5.2,5.2,500
SFH,20081103,0.31,0.32,0.3,0.305,259749
SFY,20081103,40.61,41.21,40.5,41.21,5770
SGB,20081103,27.99,29.1,27.91,29.1,996242
SGH,20081103,1.3,1.3,1.3,1.3,11250
SGL,20081103,0.175,0.185,0.17,0.18,581933
SGM,20081103,14.93,15.31,14.61,14.8,685385
SGN,20081103,0.56,0.73,0.555,0.65,541968
SGP,20081103,4.24,4.47,4.2,4.35,10153468
SGT,20081103,2.48,2.62,2.43,2.54,3495794
SGX,20081103,3.35,3.5,3.13,3.47,1143837
SHG,20081103,3.57,3.59,3.56,3.59,295709
SHL,20081103,13.7,13.9,13.43,13.7,797791
SHV,20081103,3.85,3.85,3.79,3.85,19750
SIM,20081103,0.125,0.125,0.125,0.125,4000
SIP,20081103,1.27,1.4,1.27,1.4,3077900
SKC,20081103,2.88,2.88,2.74,2.74,466856
SKE,20081103,2.45,2.45,2.44,2.44,6700
SKI,20081103,1.46,1.515,1.445,1.465,1082921
SKT,20081103,3.21,3.21,3.21,3.21,602500
SLA,20081103,0.24,0.26,0.23,0.24,722764
SLF,20081103,9.45,10.06,9.45,9.5,103886
SLM,20081103,3.13,3.2,3.13,3.13,264986
SLR,20081103,0.17,0.17,0.165,0.17,177500
SLV,20081103,0.88,0.88,0.88,0.88,32
SLX,20081103,3.7,4.1,3.6,4.05,114900
SMC,20081103,0.045,0.045,0.045,0.045,15000
SMD,20081103,0.155,0.155,0.15,0.15,40000
SMX,20081103,2.65,2.94,2.65,2.8,25818
SND,20081103,0.4,0.4,0.4,0.4,20000
SNU,20081103,0.042,0.042,0.037,0.037,100000
SOE,20081103,0.105,0.105,0.105,0.105,146340
SOI,20081103,0.165,0.165,0.165,0.165,3827
SOL,20081103,8.9,9.11,8.9,9.06,35205
SOM,20081103,0.02,0.02,0.02,0.02,120000
SOT,20081103,0.115,0.115,0.115,0.115,154950
SPD,20081103,0.16,0.17,0.16,0.17,7000
SPH,20081103,0.72,0.72,0.7,0.7,45797
SPL,20081103,0.29,0.295,0.29,0.295,15448
SPN,20081103,1.045,1.1,1.045,1.08,1378934
SPP,20081103,0.007,0.007,0.007,0.007,50000
SPT,20081103,2.45,2.5,2.42,2.5,375567
SRA,20081103,0.018,0.023,0.018,0.023,72000
SRH,20081103,1.135,1.135,1.11,1.11,41412
SRI,20081103,0.025,0.025,0.025,0.025,453
SRK,20081103,0.49,0.49,0.45,0.45,237648
SRL,20081103,1.335,1.44,1.335,1.4,1386487
SRV,20081103,3.28,3.28,2.9,2.9,4836
SRX,20081103,2.17,2.17,2.12,2.12,6933
SSM,20081103,0.895,0.895,0.865,0.88,136680
SSN,20081103,0.036,0.04,0.036,0.038,115000
SSS,20081103,0.009,0.011,0.009,0.01,574400
STG,20081103,0.048,0.048,0.045,0.046,310000
STO,20081103,13.99,14.01,13.43,13.98,5035620
STS,20081103,1.29,1.31,1.29,1.29,42000
STU,20081103,0.63,0.635,0.6,0.6,76803
STW,20081103,38.9,39.89,38.68,39.89,366290
STX,20081103,0.18,0.195,0.175,0.195,605517
SUL,20081103,2.2,2.2,2.19,2.19,166966
SUN,20081103,8.2,8.98,8.2,8.98,2449777
SWG,20081103,0.005,0.005,0.005,0.005,415974
SWK,20081103,0.57,0.57,0.55,0.55,37000
SWN,20081103,0.25,0.25,0.21,0.21,140000
SXE,20081103,0.9,0.9,0.9,0.9,1000000
SXG,20081103,0.075,0.08,0.075,0.08,60694
SYG,20081103,0.007,0.007,0.006,0.006,240000
SYP,20081103,0.05,0.06,0.05,0.05,185000
TAG,20081103,0.2,0.2,0.2,0.2,10000
TAH,20081103,6.85,7.5,6.8,7.5,1284625
TAL,20081103,2.11,2.35,2.08,2.35,1231856
TAM,20081103,0.005,0.006,0.005,0.006,1424375
TAN,20081103,0.11,0.11,0.11,0.11,81420
TAP,20081103,0.58,0.63,0.57,0.61,1641152
TAS,20081103,0.034,0.036,0.034,0.036,442000
TAW,20081103,0.06,0.06,0.06,0.06,20000
TBG,20081103,0.8,0.82,0.8,0.8,74442
TCL,20081103,5.46,5.55,5.4,5.55,1858035
TCM,20081103,0.24,0.24,0.23,0.24,93120
TCN,20081103,0.075,0.075,0.075,0.075,2000
TCQ,20081103,0.41,0.41,0.38,0.38,644481
TDO,20081103,0.092,0.092,0.085,0.085,485900
TEL,20081103,2.1,2.22,2.08,2.22,3781041
TEN,20081103,1.37,1.445,1.365,1.4,1787697
TEU,20081103,0.06,0.06,0.06,0.06,50000
TEX,20081103,0.039,0.042,0.039,0.042,85644
TEY,20081103,0.175,0.18,0.17,0.17,102414
TFC,20081103,0.945,0.95,0.915,0.93,335895
TFS,20081103,0.175,0.175,0.175,0.175,4000
TGF,20081103,0.065,0.065,0.065,0.065,20000
TGG,20081103,0.795,0.8,0.78,0.78,27098
TGR,20081103,1.785,1.785,1.75,1.785,64001
TGS,20081103,0.145,0.145,0.12,0.14,133513
TGX,20081103,0.065,0.065,0.065,0.065,7700
THG,20081103,0.54,0.57,0.53,0.53,668713
THR,20081103,0.03,0.03,0.03,0.03,15000
THX,20081103,0.165,0.175,0.165,0.165,101500
TIM,20081103,0.52,0.56,0.51,0.56,1493043
TJN,20081103,0.61,0.61,0.61,0.61,79151
TKG,20081103,0.09,0.09,0.09,0.09,155007
TKL,20081103,0.05,0.05,0.05,0.05,50000
TLM,20081103,0.15,0.15,0.14,0.14,30653
TLS,20081103,4.15,4.22,4.13,4.2,25017216
TNE,20081103,0.76,0.76,0.73,0.75,100237
TNG,20081103,0.034,0.034,0.034,0.034,75000
TOE,20081103,0.105,0.11,0.098,0.105,1417984
TOL,20081103,6.03,6.33,5.99,6.33,4174347
TOX,20081103,1.52,1.52,1.51,1.51,42254
TPI,20081103,3.64,3.88,3.61,3.87,669875
TPX,20081103,3.6,3.6,3.6,3.6,8968
TQH,20081103,0.13,0.13,0.13,0.13,40000
TRF,20081103,0.21,0.21,0.18,0.18,30016
TRG,20081103,6.55,6.75,6.55,6.75,1600
TRO,20081103,0.099,0.105,0.099,0.1,143586
TRS,20081103,9.59,9.9,9.59,9.85,39804
TRY,20081103,1.01,1.02,1.01,1.01,91665
TSE,20081103,4.3,4.52,4.2,4.39,1190907
TSF,20081103,0.05,0.05,0.05,0.05,20000
TSI,20081103,1.1,1.23,1.1,1.18,119095
TSM,20081103,0.38,0.4,0.35,0.35,701235
TSO,20081103,0.33,0.365,0.33,0.35,3136403
TSV,20081103,0.016,0.02,0.016,0.02,1075000
TTA,20081103,0.04,0.04,0.04,0.04,2251
TTR,20081103,0.03,0.03,0.025,0.025,137000
TTS,20081103,2.5,2.6,2.48,2.6,4449372
TTY,20081103,0.265,0.295,0.245,0.255,482934
TWD,20081103,2,2,2,2,1000
TWO,20081103,0.9,1,0.9,1,98225
TWR,20081103,1.34,1.45,1.34,1.38,24000
TXN,20081103,0.495,0.5,0.4,0.45,137166
TZL,20081103,1.94,1.94,1.905,1.91,13034
TZN,20081103,0.85,0.855,0.82,0.845,193710
UBI,20081103,0.615,0.615,0.615,0.615,9000
UCL,20081103,0.005,0.005,0.005,0.005,2705419
UEQ,20081103,0.075,0.079,0.075,0.075,242511
UGL,20081103,9.55,10.51,9.55,10.51,522214
UMC,20081103,0.7,0.765,0.7,0.72,473452
UNI,20081103,0.245,0.245,0.245,0.245,10000
UNX,20081103,0.12,0.145,0.115,0.14,33640
UOG,20081103,0.04,0.049,0.04,0.041,92000
URA,20081103,0.031,0.032,0.031,0.031,198502
URL,20081103,0.028,0.028,0.026,0.028,325001
URM,20081103,0.042,0.042,0.04,0.04,439277
USA,20081103,0.074,0.074,0.071,0.071,20600
UTO,20081103,0.125,0.13,0.125,0.13,37610
UXA,20081103,0.05,0.05,0.047,0.047,40000
UXC,20081103,0.79,0.815,0.79,0.8,182300
VBA,20081103,0.35,0.4,0.35,0.39,11161346
VCN,20081103,0.08,0.08,0.079,0.08,300000
VCR,20081103,0.078,0.082,0.078,0.081,366789
VGH,20081103,0.7,0.7,0.69,0.69,87836
VIL,20081103,0.012,0.012,0.012,0.012,400000
VIR,20081103,0.49,0.49,0.49,0.49,16000
VLA,20081103,0.048,0.048,0.047,0.047,62500
VMG,20081103,0.6,0.68,0.585,0.63,787109
VML,20081103,0.075,0.085,0.075,0.085,100000
VMT,20081103,0.05,0.05,0.05,0.05,100000
VPE,20081103,0.17,0.17,0.165,0.17,563700
VPG,20081103,0.087,0.087,0.08,0.08,10869270
VRL,20081103,1.43,1.43,1.37,1.38,56537
VTG,20081103,0.2,0.2,0.19,0.2,138777
VTP,20081103,0.78,0.79,0.77,0.775,44000
WAA,20081103,0.825,0.825,0.8,0.8,15000
WAB,20081103,0.2,0.2,0.2,0.2,151190
WAG,20081103,0.005,0.005,0.005,0.005,500000
WAM,20081103,0.93,0.96,0.93,0.96,18366
WAN,20081103,6.25,6.95,6.2,6.95,267469
WAS,20081103,0.009,0.009,0.008,0.009,1318850
WBA,20081103,0.81,0.81,0.81,0.81,10000
WBB,20081103,7.77,7.77,7.65,7.65,3475
WBC,20081103,20.65,21.47,20.63,21.47,8737041
WCB,20081103,3.96,4,3.95,4,34112
WCP,20081103,0.04,0.04,0.04,0.04,25000
WDC,20081103,16.9,16.94,15.59,16.17,8050685
WDS,20081103,1.645,1.65,1.64,1.64,48603
WEB,20081103,0.995,1.02,0.99,1.02,33735
WEC,20081103,1.9,1.95,1.9,1.95,4765
WES,20081103,21.95,24.35,21.8,24.35,2278317
WFL,20081103,0.86,0.86,0.8,0.8,53660
WGP,20081103,0.037,0.042,0.037,0.042,240000
WGR,20081103,0.23,0.23,0.23,0.23,41794
WHC,20081103,1.65,2.02,1.65,1.8,268553
WHE,20081103,0.08,0.08,0.079,0.08,85204
WHF,20081103,3.03,3.03,3.03,3.03,1799
WHG,20081103,0.925,0.93,0.88,0.9,328776
WHN,20081103,0.04,0.048,0.04,0.048,161736
WHS,20081103,3.45,3.45,3.45,3.45,6861
WIG,20081103,0.99,0.99,0.99,0.99,3800
WIL,20081103,0.61,0.61,0.61,0.61,102173
WKL,20081103,0.14,0.145,0.13,0.13,32000
WLL,20081103,1.75,1.75,1.75,1.75,9200
WME,20081103,0.075,0.08,0.075,0.08,165000
WMT,20081103,0.029,0.029,0.027,0.029,840000
WOR,20081103,15.6,16.7,15.6,16.5,1524313
WOW,20081103,27.95,29.63,27.9,29.63,3261195
WPG,20081103,0.36,0.36,0.35,0.35,141586
WPL,20081103,43,43.07,41.98,42.41,1611173
WRK,20081103,0.15,0.155,0.15,0.155,72869
WRR,20081103,0.007,0.007,0.006,0.006,660000
WSA,20081103,4.25,4.4,4.22,4.4,870055
WTF,20081103,3.45,3.48,3.41,3.45,297273
WTP,20081103,1.5,1.65,1.49,1.6,90469
WVL,20081103,0.83,0.98,0.83,0.935,176953
WWA,20081103,1.88,1.9,1.88,1.88,26785
WYL,20081103,0.75,0.75,0.705,0.74,7785903
XAF,20081103,4052.3,4258.7,4075.7,4258.7,0
XAO,20081103,3982.7,4173,4001.1,4173,0
XAT,20081103,4019.7,4222.3,4041.3,4222.3,0
XCD,20081103,0.04,0.04,0.04,0.04,0
XDJ,20081103,1295.1,1375.5,1298.5,1375.5,0
XEJ,20081103,13014.8,13480.6,13031.3,13480.6,0
XFJ,20081103,4075.2,4275.5,4081.8,4275.5,0
XFL,20081103,4066.6,4273.2,4090,4273.2,0
XGD,20081103,3286.6,3333.9,3203.5,3333.9,0
XHJ,20081103,8897.5,9183.1,8893.2,9183.1,0
XIJ,20081103,467.3,488.9,467.3,488.9,0
XJO,20081103,4018,4221.5,4039.4,4221.5,0
XKO,20081103,3996.6,4198.5,4017.6,4198.5,0
XMD,20081103,3609.5,3763.1,3615.2,3763.1,0
XMJ,20081103,8868,9404.8,9012.7,9404.8,0
XMM,20081103,3032.9,3234,3090.7,3234,0
XNJ,20081103,3581,3757,3587,3757,0
XPJ,20081103,1022.9,1059.7,1016.9,1037.8,0
XRF,20081103,0.11,0.12,0.11,0.12,151000
XSJ,20081103,6621.7,7088.5,6619.3,7088.5,0
XSO,20081103,1852.7,1961.1,1859.9,1961.1,0
XST,20081103,0.04,0.04,0.04,0.04,0
XTJ,20081103,1382.9,1420.1,1382.9,1418.7,0
XTL,20081103,2447.6,2572.7,2464.4,2572.7,0
XTO,20081103,3311.6,3476.6,3329.5,3476.6,0
XUJ,20081103,4447.9,4580,4440.1,4560.4,0
XXJ,20081103,4513.6,4767.3,4522.4,4767.3,0
YRR,20081103,0.077,0.077,0.077,0.077,42000
ZDX,20081103,0.035,0.035,0.035,0.035,150000
ZGL,20081103,0.12,0.12,0.12,0.12,87500
ZYL,20081103,0.03,0.031,0.03,0.031,151215
