AAC,20080512,2.98,2.99,2.95,2.99,330016
AAF,20080512,0.007,0.007,0.007,0.007,800000
AAG,20080512,0.2,0.2,0.2,0.2,100000
AAH,20080512,1.04,1.06,1.015,1.05,303637
AAM,20080512,0.13,0.13,0.13,0.13,138400
AAO,20080512,0.091,0.091,0.091,0.091,5495
AAQ,20080512,0.27,0.27,0.265,0.27,26000
AAR,20080512,0.055,0.056,0.053,0.055,1499225
AAT,20080512,0.048,0.048,0.048,0.048,3000
AAU,20080512,0.36,0.36,0.36,0.36,1250
AAX,20080512,16.05,16.3,16,16.27,219804
ABB,20080512,9.9,9.95,9.51,9.52,386522
ABC,20080512,3.58,3.64,3.57,3.61,1068450
ABI,20080512,0.017,0.017,0.017,0.017,50000
ABJ,20080512,0.013,0.013,0.012,0.013,1359567
ABP,20080512,1.355,1.38,1.335,1.355,632807
ABQ,20080512,0.49,0.49,0.48,0.48,38640
ABS,20080512,1.215,1.315,1.205,1.28,6368303
ABU,20080512,0.071,0.071,0.07,0.07,255000
ABW,20080512,9.05,9.05,9.05,9.05,3959
ABY,20080512,2.87,2.9,2.78,2.83,2513533
ACB,20080512,0.26,0.285,0.255,0.27,54435
ACE,20080512,0.17,0.17,0.165,0.17,54418
ACG,20080512,0.085,0.085,0.083,0.083,142000
ACL,20080512,0.405,0.405,0.395,0.395,90191
ACR,20080512,1.01,1.125,1.01,1.05,294543
ACS,20080512,0.425,0.455,0.425,0.45,920298
ACU,20080512,0.06,0.06,0.06,0.06,207513
ADA,20080512,0.415,0.415,0.4,0.4,30000
ADD,20080512,0.064,0.064,0.056,0.056,182153
ADE,20080512,0.12,0.12,0.115,0.12,296000
ADG,20080512,4.21,4.21,4.21,4.21,2000
ADI,20080512,0.405,0.405,0.36,0.37,29290
ADL,20080512,0.031,0.031,0.03,0.03,100484
ADN,20080512,0.165,0.165,0.16,0.16,139410
ADU,20080512,0.48,0.485,0.475,0.475,137500
ADX,20080512,0.195,0.22,0.19,0.21,1768348
ADY,20080512,0.195,0.195,0.185,0.185,9881501
AEC,20080512,3.59,3.6,3.59,3.6,11500
AED,20080512,2.27,2.33,2.25,2.26,546698
AEE,20080512,0.28,0.28,0.28,0.28,3000
AEF,20080512,40,40,40,40,9
AEI,20080512,0.29,0.29,0.27,0.27,25000
AEM,20080512,0.029,0.03,0.029,0.029,546000
AEO,20080512,1.59,1.62,1.575,1.615,279610
AEP,20080512,2.11,2.11,2.07,2.07,9909
AET,20080512,1.3,1.3,1.25,1.25,19500
AEU,20080512,0.945,0.965,0.945,0.945,67288
AEX,20080512,0.015,0.016,0.014,0.014,2466925
AEZ,20080512,0.51,0.51,0.485,0.485,896810
AFA,20080512,0.12,0.12,0.12,0.12,5000
AFG,20080512,0.585,0.585,0.56,0.56,2443367
AFI,20080512,5.5,5.56,5.49,5.55,363113
AFT,20080512,0.001,0.001,0.001,0.001,25390000
AGF,20080512,1.29,1.29,1.26,1.29,185144
AGG,20080512,8.36,8.58,8.35,8.35,4415
AGI,20080512,0.13,0.13,0.125,0.13,69242
AGK,20080512,13.4,13.68,13.33,13.57,1577946
AGM,20080512,1.1,1.105,1.1,1.105,414103
AGO,20080512,3.72,4.08,3.72,4,2636209
AGS,20080512,1.215,1.33,1.215,1.285,950440
AGU,20080512,0.08,0.095,0.08,0.095,86394
AGX,20080512,0.086,0.086,0.08,0.085,696000
AGY,20080512,0.195,0.195,0.195,0.195,10000
AHD,20080512,5.75,6,5.69,5.75,18022
AHE,20080512,2.62,2.62,2.59,2.6,26072
AHI,20080512,0.18,0.18,0.175,0.175,425527
AHS,20080512,0.45,0.45,0.445,0.445,5000
AIA,20080512,1.79,1.79,1.77,1.77,7276
AIB,20080512,8.75,8.75,8.75,8.75,500
AIE,20080512,0.065,0.07,0.065,0.065,49998
AIM,20080512,0.085,0.085,0.082,0.083,1358287
AIO,20080512,4.84,4.9,4.8,4.8,2987992
AIX,20080512,2.98,2.98,2.9,2.95,265221
AIZ,20080512,0.955,0.955,0.93,0.95,190973
AJL,20080512,5.37,5.5,5.3,5.38,104728
AKK,20080512,0.315,0.335,0.31,0.325,300495
ALB,20080512,4,4.1,3.92,3.94,215389
ALD,20080512,0.67,0.675,0.66,0.67,168995
ALE,20080512,0.013,0.015,0.013,0.015,220000
ALF,20080512,0.865,0.865,0.86,0.86,35000
ALK,20080512,0.405,0.435,0.405,0.435,1078892
ALL,20080512,7.29,7.47,7.16,7.41,2008278
ALR,20080512,1.78,1.79,1.78,1.79,3000
ALS,20080512,8,8.02,7.87,7.93,332965
ALT,20080512,0.018,0.019,0.018,0.019,342613
ALY,20080512,0.085,0.085,0.085,0.085,20000
ALZ,20080512,1.69,1.7,1.67,1.675,583012
AMA,20080512,0.43,0.43,0.425,0.43,86500
AMB,20080512,0.575,0.575,0.575,0.575,8000
AMC,20080512,6.55,6.69,6.55,6.61,1907523
AMH,20080512,0.72,0.72,0.72,0.72,45000
AMM,20080512,0.21,0.21,0.205,0.205,11300
AMO,20080512,0.8,0.8,0.8,0.8,6000
AMP,20080512,7.6,8.02,7.55,8,16331265
AMU,20080512,0.6,0.63,0.6,0.625,268767
AMX,20080512,0.07,0.07,0.07,0.07,50000
AND,20080512,1.48,1.535,1.47,1.48,237381
ANG,20080512,2.54,2.54,2.49,2.5,91910
ANH,20080512,0.022,0.022,0.021,0.021,5387704
ANM,20080512,0.05,0.07,0.05,0.07,763937
ANN,20080512,11.54,11.54,11.24,11.3,351280
ANO,20080512,0.11,0.11,0.11,0.11,8500
ANP,20080512,0.069,0.069,0.068,0.068,45000
ANQ,20080512,0.23,0.245,0.23,0.245,35000
ANU,20080512,0.845,0.91,0.825,0.91,318799
ANX,20080512,0.06,0.06,0.06,0.06,100000
ANZ,20080512,23.5,23.9,23.33,23.7,11438281
AOC,20080512,0.115,0.115,0.105,0.105,200771
AOD,20080512,9.27,9.27,9.27,9.27,1500
AOE,20080512,3.02,3.16,3.02,3.14,3938393
AOK,20080512,0.195,0.205,0.195,0.2,554500
AON,20080512,0.325,0.325,0.32,0.32,40000
AOS,20080512,0.015,0.017,0.014,0.014,1635715
APA,20080512,3.45,3.49,3.35,3.4,1041022
APB,20080512,0.14,0.14,0.14,0.14,205000
APD,20080512,1.015,1.015,0.99,0.99,4009
APG,20080512,0.12,0.125,0.115,0.115,3560755
API,20080512,1.24,1.24,1.205,1.215,306348
APK,20080512,0.195,0.2,0.195,0.2,62038
APN,20080512,4.14,4.15,3.95,4.02,1010968
APP,20080512,0.09,0.09,0.08,0.08,143000
APZ,20080512,1.53,1.6,1.53,1.58,71679
AQA,20080512,13.3,13.77,13.28,13.69,264900
AQD,20080512,0.495,0.56,0.495,0.56,1080444
AQP,20080512,17.3,17.49,17.12,17.4,276248
AQR,20080512,0.14,0.15,0.14,0.15,46700
ARA,20080512,0.4,0.41,0.4,0.41,10100
ARD,20080512,0.2,0.22,0.2,0.2,63614
ARE,20080512,0.21,0.22,0.205,0.21,191619
ARG,20080512,7.35,7.44,7.35,7.4,96455
ARH,20080512,1.59,1.63,1.59,1.6,120468
ARJ,20080512,1,1.04,1,1.04,5000
ARM,20080512,0.225,0.26,0.22,0.26,26000
ARO,20080512,0.014,0.014,0.013,0.013,661881
ARP,20080512,3.96,3.97,3.96,3.96,2371
ARQ,20080512,1.435,1.49,1.425,1.49,2981008
ARR,20080512,0.395,0.395,0.365,0.38,1382346
ARU,20080512,1.06,1.06,1.01,1.01,159345
ARV,20080512,0.135,0.135,0.135,0.135,20000
ARW,20080512,0.046,0.049,0.045,0.048,200500
ARX,20080512,0.007,0.007,0.006,0.006,6000000
ASB,20080512,2.98,3.1,2.98,3,229888
ASC,20080512,0.011,0.011,0.011,0.011,50000
ASL,20080512,1.94,1.94,1.905,1.905,99437
ASV,20080512,0.02,0.02,0.016,0.019,730000
ASX,20080512,35.6,35.98,35.49,35.7,900070
ASZ,20080512,1.235,1.25,1.235,1.25,17758
ATG,20080512,0.08,0.08,0.08,0.08,10700
ATM,20080512,3.29,3.29,3.29,3.29,300
ATN,20080512,0.027,0.027,0.027,0.027,4316
ATP,20080512,0.445,0.45,0.435,0.44,42591
ATR,20080512,2.11,2.14,2.11,2.14,7150
ATV,20080512,0.14,0.14,0.14,0.14,127401
AUB,20080512,4.05,4.05,4.04,4.05,670702
AUI,20080512,8.5,8.5,8.45,8.5,6330
AUJ,20080512,0.2,0.2,0.2,0.2,123500
AUN,20080512,1.33,1.335,1.315,1.325,1185339
AUP,20080512,5.8,6.2,5.8,6.2,14687
AUQ,20080512,0.092,0.098,0.092,0.092,92609
AUT,20080512,0.4,0.4,0.385,0.39,232598
AUW,20080512,1.785,1.785,1.725,1.775,717542
AUZ,20080512,0.048,0.05,0.048,0.049,2536700
AVA,20080512,0.87,0.92,0.87,0.91,90210
AVB,20080512,0.35,0.35,0.35,0.35,50000
AVD,20080512,0.13,0.13,0.12,0.12,394723
AVE,20080512,2.29,2.3,2.2,2.2,50972
AVG,20080512,1.7,1.725,1.67,1.725,78523
AVI,20080512,0.22,0.22,0.22,0.22,189375
AVJ,20080512,0.655,0.67,0.595,0.67,135310
AVM,20080512,14.65,14.65,14.42,14.42,4041
AVO,20080512,2.46,2.46,2.43,2.44,294773
AVQ,20080512,0.08,0.08,0.08,0.08,25000
AVS,20080512,0.059,0.065,0.057,0.057,626340
AVX,20080512,0.315,0.335,0.315,0.315,624521
AWB,20080512,3.64,3.64,3.36,3.46,1776866
AWC,20080512,6.35,6.44,6.2,6.42,3765863
AWE,20080512,4.05,4.1,4.02,4.1,1753142
AWL,20080512,0.023,0.023,0.02,0.02,277304
AWS,20080512,0.175,0.175,0.175,0.175,1250
AXA,20080512,5.8,6.15,5.8,6.06,2891434
AXC,20080512,0.05,0.05,0.05,0.05,479194
AXE,20080512,0.105,0.105,0.105,0.105,3306
AXI,20080512,0.18,0.18,0.175,0.175,45300
AXM,20080512,0.83,0.88,0.83,0.86,114151
AXO,20080512,0.92,0.92,0.89,0.89,78000
AXQ,20080512,0.14,0.145,0.14,0.145,99601
AXT,20080512,0.255,0.255,0.24,0.24,571295
AXY,20080512,0.11,0.115,0.11,0.115,108039
AXZ,20080512,0.15,0.15,0.15,0.15,17319
AYF,20080512,8.21,8.21,8.2,8.2,63700
AYT,20080512,1.45,1.47,1.45,1.47,22244
AZA,20080512,1.225,1.225,1.19,1.2,698770
AZC,20080512,0.175,0.175,0.17,0.17,354725
AZD,20080512,0.1,0.1,0.099,0.099,214000
AZM,20080512,0.12,0.12,0.1,0.12,1123333
AZS,20080512,0.13,0.135,0.13,0.13,91409
AZX,20080512,0.93,0.93,0.91,0.93,10447
AZZ,20080512,0.08,0.08,0.078,0.079,265750
BAR,20080512,0.235,0.235,0.22,0.225,202100
BAS,20080512,0.083,0.084,0.078,0.08,844350
BAU,20080512,0.52,0.6,0.52,0.58,1089756
BBC,20080512,0.57,0.58,0.555,0.565,386132
BBG,20080512,11.82,12.45,11.76,12.2,919871
BBI,20080512,1.15,1.15,1.135,1.135,5299503
BBP,20080512,1.93,2.02,1.91,1.98,4181884
BBW,20080512,1.645,1.655,1.63,1.64,1168236
BCC,20080512,0.295,0.3,0.29,0.3,591800
BCD,20080512,0.18,0.18,0.17,0.18,434000
BCI,20080512,1.56,1.59,1.51,1.585,76359
BCM,20080512,4.2,4.21,4.17,4.2,312166
BDG,20080512,0.285,0.295,0.285,0.295,804480
BDI,20080512,0.092,0.1,0.092,0.1,41000
BDL,20080512,0.27,0.27,0.26,0.27,174012
BDM,20080512,0.24,0.24,0.24,0.24,20447
BDR,20080512,0.32,0.32,0.275,0.275,30000
BEC,20080512,1.95,2,1.95,1.965,2143976
BEI,20080512,0.49,0.49,0.49,0.49,1027
BEN,20080512,12.8,13.38,12.7,13.29,1468252
BER,20080512,0.31,0.31,0.31,0.31,16000
BFG,20080512,1.2,1.2,1.17,1.17,62582
BGD,20080512,0.175,0.175,0.16,0.165,110000
BGL,20080512,0.07,0.07,0.07,0.07,53674
BHP,20080512,47,47.08,46.07,46.85,7559281
BIT,20080512,0.12,0.13,0.11,0.125,76285
BJT,20080512,1.18,1.18,1.15,1.155,902152
BKI,20080512,1.35,1.36,1.31,1.31,158168
BKL,20080512,19.41,19.45,19.35,19.35,3860
BKN,20080512,8.15,8.25,7.95,8.19,200771
BKW,20080512,10.21,10.4,10.18,10.39,8208
BKY,20080512,0.77,0.81,0.77,0.8,152885
BLD,20080512,5.8,5.86,5.79,5.83,3989808
BLG,20080512,0.38,0.4,0.375,0.4,297150
BLK,20080512,0.295,0.33,0.295,0.33,248368
BLP,20080512,0.51,0.51,0.5,0.5,65815
BLR,20080512,0.074,0.078,0.073,0.075,6872613
BLT,20080512,0.088,0.096,0.088,0.096,267000
BLY,20080512,1.91,1.94,1.89,1.9,4560926
BLZ,20080512,0.008,0.008,0.008,0.008,538950
BMI,20080512,0.055,0.055,0.055,0.055,303764
BML,20080512,0.081,0.081,0.08,0.08,13111
BMM,20080512,0.23,0.23,0.225,0.225,231076
BMN,20080512,1.725,1.76,1.63,1.685,445822
BMO,20080512,0.016,0.017,0.016,0.017,385000
BMX,20080512,0.24,0.24,0.225,0.235,633983
BMY,20080512,0.19,0.19,0.18,0.185,207269
BNB,20080512,15.83,16.19,15.73,16.19,2069541
BNE,20080512,0.28,0.28,0.28,0.28,21900
BNL,20080512,0.095,0.095,0.09,0.09,70000
BNO,20080512,0.34,0.355,0.34,0.34,48000
BNT,20080512,0.09,0.09,0.089,0.09,954046
BOC,20080512,1.38,1.39,1.25,1.3,79768
BOE,20080512,0.145,0.16,0.14,0.14,2560864
BOL,20080512,1.165,1.18,1.14,1.175,514375
BOM,20080512,0.22,0.24,0.2,0.2,20000
BON,20080512,0.095,0.095,0.087,0.091,1774511
BOQ,20080512,15.4,16.28,15.4,16.17,720540
BOW,20080512,0.285,0.29,0.28,0.28,384476
BPH,20080512,0.046,0.046,0.045,0.045,91242
BPO,20080512,0.021,0.021,0.02,0.02,22208222
BPT,20080512,1.325,1.325,1.29,1.31,7398351
BQT,20080512,0.048,0.048,0.048,0.048,100000
BRM,20080512,2.94,3.05,2.92,3,363624
BRO,20080512,0.002,0.002,0.002,0.002,973819
BRW,20080512,0.45,0.475,0.45,0.47,662177
BSA,20080512,0.385,0.385,0.38,0.38,49000
BSL,20080512,11.05,11.05,10.74,10.81,1125921
BSM,20080512,0.23,0.23,0.22,0.22,80700
BSN,20080512,0.052,0.052,0.052,0.052,44000
BSR,20080512,0.125,0.125,0.12,0.12,107000
BTA,20080512,1.02,1.02,0.99,1.01,267492
BTC,20080512,0.19,0.19,0.19,0.19,86188
BTT,20080512,3.53,3.65,3.53,3.65,68865
BTV,20080512,0.095,0.098,0.095,0.098,230233
BUL,20080512,0.295,0.315,0.295,0.305,3031653
BUR,20080512,0.125,0.125,0.125,0.125,171015
BUY,20080512,0.045,0.047,0.044,0.046,816714
BVA,20080512,1.5,1.5,1.42,1.42,113597
BVE,20080512,0.16,0.16,0.155,0.155,25000
BWN,20080512,0.29,0.295,0.275,0.275,268444
BWP,20080512,1.91,1.94,1.9,1.94,908037
BXB,20080512,8.85,8.96,8.79,8.92,3987836
BYL,20080512,0.51,0.51,0.495,0.495,70776
BYR,20080512,0.063,0.07,0.063,0.07,12450
BZI,20080512,0.04,0.04,0.04,0.04,250000
CAA,20080512,0.33,0.36,0.33,0.36,143735
CAB,20080512,9.06,9.09,8.99,9,278298
CAF,20080512,0.23,0.23,0.22,0.22,802672
CAG,20080512,0.018,0.018,0.017,0.017,80000
CAJ,20080512,0.088,0.088,0.088,0.088,35000
CAL,20080512,0.83,0.83,0.8,0.8,30561
CAM,20080512,0.91,0.91,0.885,0.885,4941
CAP,20080512,0.097,0.1,0.095,0.1,191005
CAS,20080512,0.54,0.555,0.54,0.555,51867
CAU,20080512,0.017,0.017,0.017,0.017,600000
CAV,20080512,0.18,0.185,0.18,0.18,490900
CAZ,20080512,0.17,0.17,0.17,0.17,171735
CBA,20080512,44.79,45.99,44.54,45.86,4253222
CBB,20080512,0.32,0.32,0.32,0.32,10000
CBD,20080512,0.2,0.21,0.2,0.21,232013
CBH,20080512,0.34,0.34,0.32,0.335,2096588
CBR,20080512,1.9,1.9,1.9,1.9,1100
CCE,20080512,0.013,0.013,0.012,0.012,2364797
CCI,20080512,0.25,0.25,0.235,0.24,1161820
CCK,20080512,0.17,0.17,0.17,0.17,2000
CCL,20080512,7.96,8.04,7.85,7.9,1829054
CCP,20080512,0.81,0.815,0.81,0.81,39963
CCQ,20080512,0.61,0.61,0.6,0.61,137300
CCS,20080512,0.053,0.053,0.053,0.053,20000
CCU,20080512,0.088,0.09,0.088,0.09,18330
CCV,20080512,0.275,0.28,0.275,0.28,54000
CCY,20080512,0.058,0.06,0.058,0.06,25000
CDA,20080512,0.7,0.75,0.7,0.75,7000
CDD,20080512,5.61,5.68,5.6,5.65,164646
CDF,20080512,1.72,1.72,1.72,1.72,4408
CDH,20080512,0.023,0.023,0.023,0.023,6000
CDI,20080512,0.845,0.845,0.8,0.805,96189
CDP,20080512,3.9,3.93,3.9,3.93,12162
CDR,20080512,0.16,0.16,0.15,0.15,163980
CDS,20080512,0.15,0.16,0.145,0.15,4962070
CDT,20080512,0.28,0.32,0.28,0.32,113200
CDU,20080512,4.4,4.54,4.05,4.17,846309
CEG,20080512,0.715,0.715,0.67,0.695,122223
CER,20080512,0.4,0.45,0.4,0.445,4402462
CES,20080512,0.13,0.13,0.13,0.13,52000
CEU,20080512,1.315,1.35,1.315,1.325,3673905
CEY,20080512,4.84,4.84,4.63,4.63,732723
CFE,20080512,0.63,0.64,0.62,0.625,571313
CFK,20080512,0.105,0.105,0.105,0.105,100000
CFR,20080512,0.013,0.013,0.011,0.012,26600001
CFU,20080512,0.465,0.47,0.45,0.45,150801
CFX,20080512,2.19,2.22,2.17,2.21,5246201
CGF,20080512,2.22,2.28,2.19,2.26,2249784
CGG,20080512,0.24,0.245,0.235,0.24,1107128
CGM,20080512,0.1,0.1,0.088,0.088,352045
CGO,20080512,0.97,0.97,0.97,0.97,42084
CGS,20080512,0.125,0.125,0.125,0.125,22000
CGT,20080512,0.125,0.13,0.125,0.13,237400
CGX,20080512,1.87,1.87,1.87,1.87,30000
CHB,20080512,44.81,44.81,44.81,44.81,39
CHC,20080512,1.36,1.36,1.3,1.3,540803
CHM,20080512,0.039,0.041,0.038,0.04,5565422
CHN,20080512,0.135,0.135,0.135,0.135,60000
CHO,20080512,5.63,5.66,5.52,5.66,32748
CHP,20080512,0.02,0.021,0.02,0.021,2160000
CHQ,20080512,1,1,1,1,60000
CHZ,20080512,0.3,0.3,0.295,0.295,23000
CIF,20080512,3,3.07,3,3.07,52219
CIG,20080512,0.06,0.064,0.06,0.064,3743172
CII,20080512,0.495,0.505,0.48,0.48,327150
CIL,20080512,1.58,1.61,1.555,1.61,24036
CIN,20080512,17.25,17.5,17.2,17.5,5105
CIR,20080512,1.03,1.03,1.03,1.03,5700
CIX,20080512,0.37,0.37,0.365,0.365,52500
CIY,20080512,0.82,0.82,0.78,0.785,380703
CKK,20080512,0.1,0.1,0.1,0.1,1250
CKR,20080512,0.105,0.105,0.1,0.105,70000
CKT,20080512,1.11,1.11,1.09,1.11,150689
CLF,20080512,0.15,0.15,0.13,0.13,63000
CLH,20080512,0.52,0.54,0.52,0.54,34700
CLO,20080512,0.665,0.67,0.65,0.65,54956
CLQ,20080512,0.33,0.33,0.33,0.33,65000
CLT,20080512,0.315,0.315,0.315,0.315,34200
CLU,20080512,0.12,0.12,0.12,0.12,10000
CLV,20080512,0.135,0.14,0.135,0.135,170750
CLX,20080512,1.05,1.15,1.05,1.15,12500
CLY,20080512,0.14,0.14,0.14,0.14,50000
CMG,20080512,0.49,0.5,0.49,0.5,2012000
CMI,20080512,1,1,1,1,10974
CMJ,20080512,3.85,3.89,3.69,3.8,2681408
CMO,20080512,0.135,0.135,0.13,0.13,231481
CMP,20080512,0.18,0.18,0.18,0.18,20000
CMR,20080512,2.71,2.98,2.71,2.98,690697
CMV,20080512,0.545,0.55,0.49,0.515,689595
CMW,20080512,0.86,0.87,0.85,0.855,89560
CMY,20080512,0.26,0.26,0.22,0.22,64000
CNA,20080512,101.01,101.02,101.01,101.02,259
CND,20080512,1.61,1.645,1.6,1.6,100474
CNF,20080512,0.115,0.115,0.115,0.115,80000
CNH,20080512,0.285,0.29,0.285,0.29,50123
CNM,20080512,0.275,0.275,0.27,0.275,449252
CNN,20080512,0.026,0.028,0.026,0.026,881323
CNP,20080512,0.395,0.415,0.365,0.385,41334860
CNT,20080512,1.41,1.41,1.4,1.405,91300
COE,20080512,0.5,0.515,0.495,0.5,1655257
COF,20080512,2.72,2.79,2.71,2.75,30305
COH,20080512,56.94,57.74,56.06,57.39,230951
COI,20080512,0.125,0.125,0.115,0.115,318952
COK,20080512,0.97,0.97,0.92,0.945,660725
COM,20080512,0.19,0.21,0.19,0.21,28571
COO,20080512,0.07,0.07,0.07,0.07,56000
COS,20080512,0.05,0.05,0.05,0.05,10000
COU,20080512,2.36,2.36,2.3,2.32,70838
COY,20080512,0.125,0.125,0.125,0.125,56000
COZ,20080512,0.4,0.4,0.4,0.4,99000
CPA,20080512,1.41,1.435,1.4,1.42,3276820
CPB,20080512,29.25,29.34,28.97,29.15,35521
CPI,20080512,0.38,0.39,0.38,0.39,79641
CPK,20080512,0.21,0.22,0.195,0.2,282500
CPN,20080512,0.075,0.075,0.07,0.07,200000
CPR,20080512,0.75,0.75,0.735,0.735,10930
CPU,20080512,9,9.1,8.96,9.03,295185
CQT,20080512,0.585,0.61,0.585,0.585,676579
CQU,20080512,0.45,0.47,0.45,0.45,76000
CRB,20080512,0.2,0.2,0.2,0.2,500
CRC,20080512,0.27,0.28,0.27,0.27,119246
CRE,20080512,0.27,0.27,0.25,0.265,348500
CRG,20080512,15,15,14.34,14.47,118198
CRJ,20080512,0.089,0.089,0.089,0.089,50000
CRK,20080512,1.4,1.4,1.375,1.39,22742
CRL,20080512,0.07,0.07,0.07,0.07,14000
CRS,20080512,0.032,0.058,0.03,0.045,44128802
CRT,20080512,0.41,0.425,0.4,0.425,110988
CSE,20080512,0.31,0.31,0.28,0.28,460370
CSL,20080512,40.5,40.63,39.93,39.99,485423
CSR,20080512,2.91,2.94,2.86,2.94,5398660
CSS,20080512,1.62,1.62,1.55,1.585,31171
CST,20080512,2.48,2.6,2.48,2.6,13228
CSU,20080512,0.985,0.985,0.985,0.985,40000
CSV,20080512,1.02,1.04,1.005,1.03,1078072
CSW,20080512,0.92,0.93,0.92,0.92,138000
CTF,20080512,0.03,0.03,0.018,0.018,106497
CTN,20080512,1.46,1.53,1.46,1.5,175090
CTO,20080512,0.275,0.285,0.275,0.28,640983
CTP,20080512,0.175,0.18,0.165,0.175,848650
CTS,20080512,0.15,0.18,0.135,0.18,557710
CTX,20080512,12.8,12.8,12.42,12.67,552981
CUE,20080512,0.28,0.28,0.27,0.275,470602
CUL,20080512,0.16,0.16,0.145,0.155,936151
CUO,20080512,0.685,0.685,0.62,0.64,3680714
CUR,20080512,2.5,2.5,2.5,2.5,6000
CUS,20080512,0.073,0.08,0.072,0.077,1105200
CUV,20080512,0.42,0.42,0.41,0.415,148599
CUX,20080512,0.15,0.155,0.15,0.155,107000
CUY,20080512,0.55,0.65,0.55,0.645,71767
CVC,20080512,1,1.02,1,1.02,42103
CVG,20080512,0.12,0.12,0.12,0.12,25000
CVI,20080512,0.155,0.175,0.155,0.165,10497995
CVN,20080512,0.71,0.755,0.71,0.755,7913547
CVR,20080512,0.17,0.185,0.17,0.185,729828
CWN,20080512,10.95,11.04,10.85,10.97,643827
CWP,20080512,3.3,3.3,3.3,3.3,17039
CWT,20080512,0.63,0.635,0.62,0.62,132040
CXC,20080512,3.5,3.55,3.46,3.52,96946
CXG,20080512,1.27,1.27,1.25,1.25,78210
CXH,20080512,0.68,0.7,0.65,0.65,14100
CXM,20080512,0.545,0.64,0.545,0.625,1019163
CXN,20080512,0.11,0.11,0.11,0.11,100000
CXP,20080512,5.49,5.57,5.42,5.51,76135
CXS,20080512,0.9,0.9,0.86,0.9,114500
CXY,20080512,0.085,0.098,0.079,0.095,12998731
CYA,20080512,1.18,1.2,1.16,1.185,244091
CYC,20080512,0.17,0.17,0.17,0.17,100000
CYG,20080512,1.45,1.55,1.45,1.55,36262
CYL,20080512,0.125,0.125,0.125,0.125,75000
CYT,20080512,0.29,0.29,0.29,0.29,7755
CZA,20080512,3.75,3.79,3.6,3.61,477097
DBS,20080512,0.415,0.415,0.36,0.36,422159
DDT,20080512,0.19,0.2,0.19,0.2,185000
DEG,20080512,0.093,0.093,0.091,0.093,219600
DES,20080512,0.097,0.1,0.093,0.094,273692
DEX,20080512,1.5,1.515,1.46,1.47,1060731
DGR,20080512,0.16,0.185,0.16,0.165,230000
DGX,20080512,0.39,0.425,0.39,0.425,60000
DIA,20080512,0.027,0.027,0.027,0.027,200000
DIO,20080512,1.1,1.12,1.035,1.12,604937
DJS,20080512,3.54,3.55,3.49,3.52,1658856
DJW,20080512,4.62,4.62,4.45,4.45,215587
DKN,20080512,0.835,0.835,0.835,0.835,24953
DKS,20080512,6.5,6.9,6.5,6.9,525
DLS,20080512,0.043,0.045,0.043,0.043,692522
DMA,20080512,0.29,0.31,0.26,0.29,2200824
DMG,20080512,0.43,0.44,0.43,0.43,80000
DML,20080512,0.59,0.64,0.59,0.6,307922
DMM,20080512,0.75,0.76,0.73,0.74,160184
DMP,20080512,3.31,3.35,3.31,3.35,4051
DMX,20080512,0.32,0.335,0.32,0.335,309500
DOM,20080512,4.24,4.32,3.9,4.2,251765
DON,20080512,0.235,0.235,0.23,0.235,62700
DOW,20080512,7.12,7.22,7.07,7.18,1498287
DRA,20080512,0.086,0.087,0.086,0.086,492999
DRX,20080512,0.22,0.22,0.205,0.21,280000
DSF,20080512,0.048,0.048,0.048,0.048,100000
DSN,20080512,0.25,0.25,0.25,0.25,214590
DSQ,20080512,0.5,0.5,0.5,0.5,5000
DTL,20080512,6.18,6.28,6.12,6.28,7600
DUE,20080512,3.4,3.4,3.26,3.29,702098
DUI,20080512,3.72,3.72,3.7,3.7,2853
DVN,20080512,1.02,1.03,1.02,1.02,137580
DWS,20080512,1.56,1.565,1.545,1.545,363999
DWY,20080512,0.57,0.57,0.57,0.57,1613
DXL,20080512,3.24,3.27,3.18,3.21,3721224
DXS,20080512,1.695,1.7,1.66,1.69,5762187
DYE,20080512,0.87,0.95,0.87,0.95,163572
DYL,20080512,0.235,0.255,0.235,0.24,3115606
EAL,20080512,1.1,1.19,1.1,1.18,56000
EAR,20080512,0.1,0.11,0.1,0.11,50000
EBB,20080512,0.615,0.615,0.6,0.605,16791
EBG,20080512,0.22,0.22,0.22,0.22,50000
EBI,20080512,3.1,3.2,3.1,3.2,727488
EBT,20080512,0.053,0.056,0.053,0.056,658000
ECU,20080512,0.155,0.155,0.155,0.155,4725
EDE,20080512,0.41,0.42,0.41,0.41,103893
EDM,20080512,0.047,0.047,0.047,0.047,6750
EDS,20080512,0.41,0.41,0.41,0.41,30000
EER,20080512,0.35,0.42,0.35,0.395,450267
EGF,20080512,1.95,1.95,1.92,1.925,97865
EGL,20080512,0.085,0.085,0.08,0.08,171001
EGO,20080512,0.017,0.018,0.017,0.017,6792699
EHL,20080512,1.015,1.04,0.99,1,733339
EIG,20080512,0.8,0.8,0.8,0.8,10148
EKA,20080512,0.21,0.21,0.205,0.205,45909
EKM,20080512,0.14,0.14,0.14,0.14,25000
ELI,20080512,1.01,1.01,1.01,1.01,5000
ELK,20080512,0.49,0.49,0.445,0.445,432770
ELL,20080512,0.052,0.06,0.051,0.051,116370
ELX,20080512,0.48,0.5,0.48,0.5,113813
ELY,20080512,0.285,0.285,0.285,0.285,55000
EME,20080512,0.92,0.92,0.9,0.9,22835
EMR,20080512,0.2,0.22,0.2,0.215,1403515
EMS,20080512,0.135,0.135,0.135,0.135,60000
EMU,20080512,0.19,0.19,0.165,0.19,43750
ENB,20080512,0.095,0.1,0.095,0.1,53600
ENE,20080512,2.4,2.48,2.4,2.46,304288
ENG,20080512,0.036,0.036,0.03,0.035,252400
ENV,20080512,0.82,0.825,0.79,0.79,633310
EON,20080512,0.38,0.38,0.365,0.365,40000
EOS,20080512,0.4,0.4,0.4,0.4,31542
EPE,20080512,0.11,0.12,0.11,0.12,1986772
EPF,20080512,0.16,0.165,0.16,0.165,150110
EPG,20080512,0.8,0.8,0.775,0.8,258360
EPL,20080512,0.185,0.185,0.185,0.185,847
EPR,20080512,0.034,0.037,0.032,0.032,1448086
EPS,20080512,0.21,0.21,0.21,0.21,2940
EPY,20080512,0.065,0.065,0.065,0.065,95000
EQI,20080512,3.99,4.1,3.98,4,199691
EQN,20080512,4.89,4.98,4.8,4.94,1415609
EQX,20080512,0.255,0.255,0.25,0.25,305000
ERA,20080512,21.9,21.94,21.25,21.5,546155
ERH,20080512,0.145,0.145,0.13,0.13,198300
ERJ,20080512,0.013,0.013,0.013,0.013,176133
ERL,20080512,0.185,0.185,0.18,0.185,83803
ERM,20080512,0.19,0.19,0.19,0.19,100383
ERN,20080512,0.081,0.081,0.081,0.081,44853
ERO,20080512,0.145,0.145,0.145,0.145,20000
ESG,20080512,0.555,0.575,0.55,0.55,1174080
ESI,20080512,0.086,0.09,0.085,0.085,1769000
ESS,20080512,1.12,1.13,1.11,1.13,25499
ESV,20080512,1.04,1.04,1.04,1.04,6800
ETC,20080512,0.036,0.037,0.036,0.037,951700
ETE,20080512,0.18,0.18,0.175,0.175,364066
EVE,20080512,0.09,0.09,0.09,0.09,30000
EVG,20080512,0.1,0.1,0.1,0.1,198000
EVZ,20080512,0.29,0.29,0.28,0.285,140419
EWC,20080512,1.24,1.285,1.235,1.25,2228086
EXM,20080512,0.03,0.03,0.029,0.029,15756699
EXR,20080512,0.23,0.23,0.225,0.225,323422
EXS,20080512,0.37,0.375,0.36,0.36,290833
EXT,20080512,1.1,1.2,1.08,1.2,380128
EZE,20080512,0.08,0.08,0.08,0.08,1300
EZL,20080512,3.55,3.55,3.5,3.55,6400
FAR,20080512,0.098,0.098,0.095,0.095,335656
FAS,20080512,0.16,0.16,0.145,0.145,182700
FAT,20080512,1.01,1.01,1.005,1.01,24000
FBU,20080512,6.79,6.79,6.66,6.67,327321
FCL,20080512,1.805,1.855,1.79,1.815,3306145
FCP,20080512,0.025,0.025,0.025,0.025,30100
FDL,20080512,0.135,0.135,0.125,0.13,13421666
FDY,20080512,0.12,0.12,0.12,0.12,25888
FEA,20080512,0.53,0.53,0.53,0.53,21300
FER,20080512,0.97,1,0.9,0.9,154251
FGE,20080512,0.74,0.75,0.74,0.75,4500
FGL,20080512,5.01,5.02,4.97,5,6299109
FIS,20080512,0.21,0.21,0.19,0.195,135000
FKP,20080512,3.31,3.37,3.3,3.35,365784
FLK,20080512,0.745,0.745,0.74,0.74,30000
FLT,20080512,18.96,19.45,18.74,18.8,117788
FLX,20080512,15.98,16.23,15.84,16.04,775289
FMG,20080512,9.25,9.39,9.25,9.27,5938961
FML,20080512,0.058,0.058,0.056,0.058,5272566
FND,20080512,0.95,0.99,0.95,0.99,83499
FNT,20080512,0.092,0.092,0.086,0.086,368034
FPA,20080512,2.14,2.14,2.14,2.14,1511
FPH,20080512,2.14,2.17,2.14,2.16,25681
FPS,20080512,2.57,2.63,2.57,2.58,26458
FRE,20080512,0.22,0.22,0.2,0.2,10000
FRR,20080512,0.23,0.24,0.23,0.24,42050
FRS,20080512,1.25,1.285,1.22,1.285,2057912
FRV,20080512,0.014,0.014,0.014,0.014,100000
FSA,20080512,0.29,0.305,0.29,0.29,206797
FSE,20080512,0.043,0.045,0.042,0.043,1970726
FSN,20080512,0.63,0.63,0.62,0.62,21000
FTD,20080512,0.023,0.023,0.023,0.023,9180
FUL,20080512,0.012,0.012,0.012,0.012,200000
FUN,20080512,0.5,0.505,0.48,0.5,1020154
FUT,20080512,0.008,0.009,0.008,0.008,7621265
FWD,20080512,9.43,9.7,9.43,9.69,91532
FWL,20080512,0.28,0.285,0.28,0.285,103456
FXI,20080512,0.74,0.74,0.74,0.74,5000
FXJ,20080512,3.43,3.46,3.38,3.45,3665144
FXL,20080512,0.68,0.69,0.675,0.69,277344
FXR,20080512,0.7,0.7,0.68,0.685,272744
GAA,20080512,0.23,0.235,0.23,0.235,5035
GAP,20080512,0.205,0.205,0.205,0.205,10000
GAU,20080512,0.125,0.13,0.125,0.13,71530
GBE,20080512,0.425,0.425,0.4,0.415,154440
GBG,20080512,1.23,1.25,1.19,1.2,3954308
GBL,20080512,0.013,0.013,0.013,0.013,10000
GBP,20080512,0.165,0.165,0.165,0.165,29855
GBT,20080512,2.07,2.07,2.07,2.07,2300
GCG,20080512,0.2,0.2,0.2,0.2,938
GCL,20080512,10.9,10.9,10.38,10.45,108558
GCN,20080512,0.041,0.041,0.038,0.038,478140
GCR,20080512,0.056,0.057,0.046,0.049,9611074
GCS,20080512,1.06,1.06,1.05,1.05,40000
GDA,20080512,0.023,0.025,0.023,0.025,5343007
GDN,20080512,0.1,0.105,0.1,0.1,533023
GDR,20080512,0.265,0.265,0.26,0.26,27000
GDY,20080512,1.71,1.82,1.71,1.8,697605
GER,20080512,0.15,0.15,0.15,0.15,10000
GFF,20080512,1.8,1.81,1.79,1.79,5560215
GFL,20080512,0.85,0.85,0.85,0.85,24265
GGE,20080512,0.042,0.045,0.042,0.045,471199
GGG,20080512,0.8,0.81,0.75,0.75,120287
GGH,20080512,0.08,0.08,0.08,0.08,26111
GGP,20080512,0.24,0.24,0.235,0.235,70416
GGX,20080512,0.1,0.1,0.098,0.098,832090
GGY,20080512,0.092,0.105,0.092,0.098,1337466
GHT,20080512,0.75,0.75,0.75,0.75,1000
GIA,20080512,0.32,0.32,0.28,0.28,27000
GIP,20080512,0.098,0.099,0.098,0.099,24960
GIR,20080512,1.845,1.85,1.72,1.75,274990
GJT,20080512,0.585,0.595,0.58,0.59,180545
GLB,20080512,0.76,0.84,0.76,0.84,11060
GLI,20080512,0.165,0.18,0.165,0.18,35817
GLM,20080512,0.13,0.13,0.13,0.13,150000
GLN,20080512,0.032,0.032,0.028,0.03,4863816
GLO,20080512,0.023,0.023,0.02,0.02,43000
GMD,20080512,0.41,0.45,0.41,0.42,95999
GME,20080512,0.44,0.45,0.43,0.43,94170
GMG,20080512,4.4,4.45,4.34,4.42,4306651
GMI,20080512,2.07,2.12,2.07,2.11,156652
GMX,20080512,1.2,1.2,1.2,1.2,1300
GNC,20080512,12.6,12.74,12.05,12.54,72217
GNI,20080512,0.086,0.086,0.086,0.086,428695
GNM,20080512,1.7,1.7,1.7,1.7,46365
GNS,20080512,3.13,3.13,3.02,3.06,949654
GNV,20080512,0.56,0.62,0.56,0.62,17550
GOA,20080512,0.034,0.034,0.034,0.034,40000
GOG,20080512,0.13,0.13,0.125,0.125,317334
GOP,20080512,0.125,0.135,0.125,0.125,87500
GOW,20080512,3.42,3.42,3.4,3.4,50480
GPG,20080512,1.48,1.55,1.44,1.49,204786
GPN,20080512,0.008,0.009,0.008,0.008,2983465
GPT,20080512,3.16,3.2,3.12,3.14,14203467
GRD,20080512,1.17,1.2,1.17,1.2,200621
GRK,20080512,0.095,0.095,0.091,0.091,156363
GRR,20080512,1.67,1.7,1.67,1.7,33399
GRV,20080512,0.61,0.61,0.6,0.6,15500
GRY,20080512,0.46,0.48,0.45,0.465,257500
GSC,20080512,0.075,0.075,0.075,0.075,30000
GSE,20080512,0.051,0.069,0.051,0.066,1312144
GSF,20080512,0.021,0.021,0.021,0.021,750099
GTG,20080512,0.1,0.1,0.095,0.095,193475
GTP,20080512,1.595,1.595,1.535,1.55,807128
GUD,20080512,9.28,9.4,9.2,9.29,70122
GUL,20080512,0.097,0.11,0.097,0.11,304960
GUN,20080512,0.15,0.16,0.15,0.15,179500
GWR,20080512,1.75,1.76,1.7,1.71,332676
GWT,20080512,2.8,2.83,2.75,2.77,429277
GXY,20080512,0.41,0.41,0.39,0.4,72600
HAO,20080512,0.093,0.093,0.09,0.092,341100
HAP,20080512,0.905,0.905,0.905,0.905,47435
HAV,20080512,1.55,1.595,1.545,1.55,39111
HAW,20080512,0.025,0.025,0.024,0.024,4623304
HCG,20080512,0.048,0.048,0.045,0.045,432000
HDF,20080512,2.7,2.79,2.68,2.77,318426
HDG,20080512,0.135,0.135,0.13,0.135,64950
HDN,20080512,0.27,0.27,0.27,0.27,30000
HEA,20080512,0.125,0.125,0.125,0.125,56000
HEG,20080512,0.295,0.3,0.285,0.3,68000
HER,20080512,2.88,2.91,2.88,2.89,273752
HFA,20080512,1.16,1.17,1.15,1.16,428460
HGI,20080512,2.72,2.76,2.71,2.73,1365451
HGN,20080512,0.26,0.26,0.26,0.26,3753
HGO,20080512,0.32,0.32,0.3,0.3,462850
HHL,20080512,12.8,13.2,12.8,13.2,7131
HHM,20080512,0.36,0.375,0.35,0.375,91879
HHV,20080512,0.88,0.895,0.88,0.89,825605
HHY,20080512,1.61,1.63,1.58,1.62,55358
HIC,20080512,0.775,0.78,0.775,0.775,29800
HIG,20080512,0.13,0.13,0.13,0.13,340987
HII,20080512,0.19,0.19,0.19,0.19,6500
HIL,20080512,4.15,4.18,3.99,4.04,263674
HIP,20080512,1.6,1.6,1.6,1.6,10000
HJB,20080512,0.1,0.1,0.1,0.1,10000
HLX,20080512,0.295,0.295,0.28,0.285,93107
HMC,20080512,0.115,0.115,0.11,0.11,520345
HRL,20080512,0.135,0.135,0.135,0.135,69069
HRR,20080512,0.47,0.485,0.47,0.47,367434
HRS,20080512,0.11,0.12,0.11,0.12,180856
HSK,20080512,1.5,1.5,1.48,1.5,45300
HSP,20080512,5.09,5.09,4.87,4.89,844307
HST,20080512,3.22,3.24,3.18,3.2,117964
HTA,20080512,0.12,0.125,0.115,0.12,564000
HTE,20080512,0.048,0.049,0.047,0.047,1200000
HTW,20080512,0.56,0.65,0.56,0.65,76277
HTX,20080512,0.072,0.072,0.072,0.072,20000
HVN,20080512,3.68,3.68,3.57,3.59,3816384
HWI,20080512,1.58,1.58,1.44,1.565,38745
HYO,20080512,0.037,0.039,0.034,0.034,3124182
HZL,20080512,0.5,0.5,0.5,0.5,59614
HZN,20080512,0.33,0.345,0.33,0.34,740013
IAG,20080512,4.32,4.38,4.31,4.36,4649689
IAS,20080512,0.31,0.32,0.31,0.32,30000
IAT,20080512,0.042,0.042,0.042,0.042,108800
IAU,20080512,0.32,0.32,0.285,0.305,318470
IAW,20080512,0.185,0.185,0.175,0.175,52136
IBA,20080512,0.67,0.69,0.665,0.68,835550
IBC,20080512,0.53,0.53,0.53,0.53,12367
IBG,20080512,0.5,0.5,0.5,0.5,23250
ICC,20080512,0.1,0.1,0.1,0.1,27000
ICN,20080512,0.17,0.2,0.165,0.2,8848752
ICP,20080512,0.045,0.045,0.04,0.041,812000
ICS,20080512,0.245,0.245,0.24,0.245,44790
ICV,20080512,0.04,0.045,0.04,0.045,2430000
IDL,20080512,0.54,0.545,0.53,0.54,1747885
IDM,20080512,0.345,0.345,0.33,0.33,375000
IDO,20080512,0.98,0.98,0.98,0.98,7000
IDT,20080512,2.16,2.16,2.1,2.15,18275
IEF,20080512,0.7,0.7,0.7,0.7,71350
IEM,20080512,156.64,157.7,156.64,157.66,672
IEU,20080512,116.44,117.2,116.44,117.2,260
IFE,20080512,0.91,0.95,0.89,0.9,175189
IFL,20080512,5.47,5.52,5.37,5.52,66811
IFM,20080512,0.41,0.41,0.405,0.41,45499
IGC,20080512,0.47,0.49,0.47,0.48,1671166
IGG,20080512,0.43,0.43,0.43,0.43,10000
IGO,20080512,7.87,7.87,7.62,7.68,236175
IGR,20080512,0.585,0.605,0.57,0.57,1120729
IHK,20080512,20.51,20.51,20.51,20.51,1470
IIF,20080512,2.07,2.09,2.05,2.06,1695735
IIG,20080512,0.015,0.017,0.015,0.015,4731495
III,20080512,0.19,0.195,0.19,0.195,104148
IIN,20080512,1.89,1.9,1.84,1.845,86911
IJH,20080512,90.54,91.55,90.54,91.55,807
IJP,20080512,14.01,14.1,14.01,14.1,5400
IJR,20080512,66.51,66.82,66.51,66.82,450
ILF,20080512,0.71,0.715,0.69,0.7,570587
ILU,20080512,3.82,3.87,3.8,3.87,1137285
IMA,20080512,1.22,1.245,1.2,1.24,442899
IMD,20080512,2.35,2.35,2.2,2.21,369170
IMF,20080512,0.77,0.77,0.76,0.76,72000
IMI,20080512,0.016,0.017,0.016,0.017,669019
IMP,20080512,0.017,0.017,0.016,0.017,2145652
IMU,20080512,0.082,0.086,0.081,0.086,1524025
INL,20080512,0.085,0.085,0.08,0.08,1791198
INP,20080512,0.955,1.12,0.955,1.06,5684543
INT,20080512,0.025,0.025,0.021,0.022,13547311
IOF,20080512,1.425,1.43,1.4,1.415,973743
IOH,20080512,0.64,0.65,0.635,0.64,52165
IOO,20080512,81.3,82.03,81.3,81.43,254
IPA,20080512,0.405,0.405,0.4,0.4,5000
IPD,20080512,0.75,0.75,0.75,0.75,2000
IPE,20080512,0.78,0.78,0.765,0.765,34940
IPL,20080512,182.49,182.92,177.56,180.56,123177
IPM,20080512,1,1.005,1,1,232086
IPN,20080512,0.24,0.24,0.235,0.235,43750
IPR,20080512,0.084,0.085,0.08,0.08,526300
IPT,20080512,0.12,0.12,0.12,0.12,99000
IPX,20080512,0.59,0.59,0.55,0.56,24000
IRC,20080512,0.44,0.48,0.41,0.43,101500
IRE,20080512,6.17,6.17,6.06,6.11,367771
IRI,20080512,0.38,0.38,0.38,0.38,63000
IRL,20080512,0.12,0.125,0.12,0.12,165000
IRM,20080512,0.305,0.305,0.3,0.3,17500
IRN,20080512,0.76,0.78,0.75,0.76,94091
ISG,20080512,14.5,14.5,14.5,14.5,980
ISS,20080512,0.51,0.51,0.475,0.475,93367
ITC,20080512,0.04,0.04,0.039,0.039,197500
ITD,20080512,0.15,0.175,0.15,0.17,367400
ITE,20080512,0.067,0.067,0.067,0.067,60000
ITT,20080512,0.24,0.24,0.22,0.23,772700
ITW,20080512,17.49,17.49,17.49,17.49,30
ITX,20080512,0.8,0.81,0.8,0.81,9000
IUL,20080512,0.024,0.024,0.024,0.024,10000
IVC,20080512,6.82,7,6.8,6.97,228459
IVE,20080512,81.59,81.59,81.59,81.59,200
IVT,20080512,0.15,0.15,0.15,0.15,77
IVV,20080512,148.2,149.39,148.2,149,516
IWI,20080512,0.98,0.98,0.98,0.98,600
IXR,20080512,0.55,0.55,0.53,0.55,80072
IZZ,20080512,163.38,164.06,163.38,164.06,50
JAG,20080512,0.091,0.1,0.091,0.1,116660
JAK,20080512,0.155,0.17,0.155,0.165,1466231
JAT,20080512,0.06,0.063,0.06,0.06,396250
JBH,20080512,11,11.03,10.6,10.7,525432
JET,20080512,2.4,2.43,2.37,2.37,13400
JGL,20080512,0.092,0.095,0.092,0.094,150000
JHX,20080512,5.82,5.97,5.76,5.86,1438619
JMB,20080512,0.6,0.605,0.6,0.605,2900
JML,20080512,0.81,0.855,0.8,0.85,3270156
JMS,20080512,0.24,0.24,0.225,0.24,1010098
JPR,20080512,0.08,0.09,0.079,0.09,290799
JRL,20080512,0.81,0.81,0.81,0.81,10165
JRV,20080512,0.017,0.017,0.016,0.017,14369750
JST,20080512,3.98,3.99,3.95,3.96,122002
JVG,20080512,0.12,0.14,0.12,0.14,80673
KAL,20080512,0.086,0.086,0.079,0.082,349302
KAM,20080512,0.41,0.41,0.41,0.41,38193
KAR,20080512,3.47,3.49,3.33,3.38,199121
KAS,20080512,0.23,0.23,0.23,0.23,50000
KBC,20080512,0.95,0.955,0.93,0.95,84153
KCN,20080512,5.4,5.5,5.18,5.35,427664
KEN,20080512,0.24,0.245,0.24,0.245,35000
KEY,20080512,0.225,0.225,0.215,0.215,564651
KGL,20080512,0.105,0.11,0.105,0.11,77645
KIK,20080512,0.19,0.2,0.185,0.185,516529
KIL,20080512,0.855,0.885,0.855,0.87,76742
KIS,20080512,0.7,0.7,0.695,0.7,18200
KKT,20080512,0.07,0.07,0.07,0.07,4000
KLM,20080512,0.445,0.445,0.445,0.445,17000
KML,20080512,0.093,0.093,0.093,0.093,40000
KMN,20080512,0.295,0.3,0.285,0.285,173342
KOR,20080512,0.12,0.14,0.12,0.14,194000
KOV,20080512,5.2,5.2,5.2,5.2,205
KRB,20080512,0.405,0.43,0.365,0.395,272398
KRS,20080512,0.29,0.295,0.29,0.295,112700
KSC,20080512,3,3.01,3,3,9420
KSO,20080512,0.165,0.17,0.165,0.17,122777
KSX,20080512,0.145,0.15,0.145,0.145,915224
KTE,20080512,0.125,0.14,0.125,0.14,92600
KYC,20080512,0.23,0.24,0.23,0.24,11500
KZL,20080512,5.33,5.55,5.28,5.51,955974
LAS,20080512,0.027,0.027,0.027,0.027,28150
LAT,20080512,0.041,0.041,0.041,0.041,475000
LBY,20080512,0.07,0.07,0.07,0.07,30000
LCT,20080512,0.285,0.285,0.245,0.25,141300
LDW,20080512,4.5,4.69,4.5,4.69,5400
LEG,20080512,0.027,0.027,0.026,0.026,2016669
LEI,20080512,50.2,50.52,48.82,49.42,770976
LEP,20080512,3.15,3.17,3.13,3.16,22836
LFE,20080512,0.099,0.1,0.091,0.097,445795
LGD,20080512,0.105,0.105,0.1,0.1,47161
LGL,20080512,3.09,3.1,3.04,3.05,11849821
LGO,20080512,0.019,0.019,0.016,0.016,1890000
LIC,20080512,0.105,0.105,0.105,0.105,10000
LIN,20080512,0.16,0.16,0.16,0.16,54500
LIO,20080512,0.11,0.13,0.11,0.11,98465
LKE,20080512,0.3,0.3,0.28,0.28,23383
LKO,20080512,0.007,0.008,0.006,0.007,77182379
LLC,20080512,12.45,12.45,12.21,12.35,1250560
LMG,20080512,0.012,0.012,0.011,0.011,2144255
LML,20080512,0.19,0.19,0.175,0.175,22750
LNC,20080512,2.13,2.7,2.08,2.46,1884131
LNG,20080512,0.81,0.84,0.81,0.84,198875
LNN,20080512,8.18,8.2,7.98,8.06,747956
LOD,20080512,0.023,0.023,0.023,0.023,25000
LPM,20080512,0.052,0.052,0.04,0.04,73988
LRF,20080512,1.41,1.48,1.41,1.45,266478
LRG,20080512,0.022,0.022,0.022,0.022,297166
LRL,20080512,0.46,0.46,0.46,0.46,10000
LSA,20080512,0.049,0.049,0.046,0.049,6251471
LSR,20080512,0.074,0.078,0.073,0.077,57819
LST,20080512,1.56,1.62,1.56,1.6,134616
LTR,20080512,0.12,0.12,0.12,0.12,461880
LUM,20080512,0.007,0.007,0.007,0.007,300000
LYC,20080512,1.43,1.445,1.36,1.36,1178005
MAE,20080512,0.79,0.79,0.73,0.75,322890
MAH,20080512,1.68,1.76,1.65,1.705,2220638
MAK,20080512,2.27,2.29,1.99,2.07,1638064
MAL,20080512,0.36,0.36,0.355,0.36,68000
MAN,20080512,0.016,0.016,0.016,0.016,205001
MAP,20080512,3.17,3.17,3.09,3.11,3733659
MAQ,20080512,0.855,0.855,0.855,0.855,9000
MAR,20080512,0.22,0.24,0.22,0.24,13300
MBI,20080512,0.034,0.034,0.034,0.034,18000
MBN,20080512,7.14,7.22,7.07,7.13,105056
MBP,20080512,0.038,0.04,0.038,0.04,517511
MBT,20080512,0.65,0.65,0.61,0.64,22680
MCC,20080512,16.95,17.65,16.89,17.36,629870
MCG,20080512,4.24,4.32,4.19,4.27,1206610
MCH,20080512,1.7,1.7,1.7,1.7,5000
MCK,20080512,1,1,0.87,0.87,2000
MCL,20080512,0.023,0.024,0.022,0.024,254241
MCO,20080512,0.25,0.255,0.25,0.25,104000
MCP,20080512,2.5,2.58,2.41,2.46,55303
MCQ,20080512,2.16,2.2,2.12,2.2,85753
MCR,20080512,3.6,3.66,3.6,3.61,723726
MCU,20080512,0.75,0.75,0.73,0.73,79925
MCW,20080512,1.365,1.385,1.36,1.365,4255368
MDA,20080512,0.425,0.425,0.425,0.425,33418
MDG,20080512,0.065,0.065,0.05,0.05,265000
MDL,20080512,0.91,0.915,0.9,0.9,1018431
MDS,20080512,0.066,0.068,0.066,0.068,110000
MDT,20080512,0.56,0.56,0.545,0.545,11048312
MDV,20080512,0.007,0.007,0.007,0.007,285625
MDX,20080512,0.245,0.255,0.235,0.25,367139
MEE,20080512,0.375,0.43,0.375,0.42,7993348
MEI,20080512,0.098,0.098,0.098,0.098,30000
MEL,20080512,0.9,0.9,0.87,0.87,207702
MEO,20080512,0.33,0.36,0.3,0.35,2937174
MEP,20080512,0.48,0.48,0.46,0.46,10000
MES,20080512,0.38,0.395,0.38,0.395,1580
MEU,20080512,0.085,0.085,0.082,0.082,164960
MFC,20080512,0.205,0.205,0.205,0.205,40000
MFF,20080512,0.695,0.695,0.69,0.695,268216
MFG,20080512,0.76,0.8,0.76,0.76,26800
MFI,20080512,0.19,0.19,0.19,0.19,102000
MGK,20080512,0.042,0.042,0.042,0.042,183438
MGO,20080512,0.285,0.29,0.28,0.29,353764
MGR,20080512,3.88,3.98,3.85,3.9,4718606
MGU,20080512,0.195,0.195,0.19,0.19,119700
MGX,20080512,3.34,3.42,3.3,3.32,3382264
MHL,20080512,0.018,0.02,0.018,0.019,6206160
MIG,20080512,2.94,2.97,2.9,2.91,7016395
MIK,20080512,0.36,0.36,0.34,0.34,158905
MIN,20080512,6,6.05,5.97,6,636130
MIR,20080512,2,2.03,1.965,2,65560
MIS,20080512,6.26,6.26,6.25,6.25,636529
MIT,20080512,1.7,1.735,1.7,1.735,3900
MIX,20080512,0.505,0.54,0.505,0.51,217280
MKY,20080512,0.021,0.024,0.021,0.023,1331084
MLB,20080512,3.15,3.2,3.15,3.17,62210
MLE,20080512,2.25,2.3,2.21,2.3,553152
MLI,20080512,0.51,0.51,0.495,0.5,384500
MLM,20080512,0.5,0.5,0.465,0.47,177292
MLS,20080512,0.057,0.058,0.054,0.054,1525670
MLT,20080512,20,20.19,19.89,20.1,37430
MLX,20080512,0.43,0.435,0.415,0.425,512303
MMA,20080512,0.59,0.59,0.58,0.58,176533
MMB,20080512,0.54,0.6,0.515,0.56,247595
MMG,20080512,3.55,3.58,3.51,3.55,453477
MML,20080512,1.32,1.32,1.26,1.3,224500
MMN,20080512,0.125,0.13,0.125,0.13,217500
MMS,20080512,3.49,3.49,3.38,3.38,77500
MMX,20080512,4.33,4.34,4.02,4.03,2342154
MMY,20080512,0.13,0.13,0.13,0.13,25683
MMZ,20080512,0.043,0.043,0.043,0.043,80000
MNC,20080512,0.33,0.35,0.33,0.35,161525
MND,20080512,13.75,13.99,13.66,13.9,162114
MNM,20080512,0.33,0.33,0.27,0.3,2411098
MNW,20080512,0.09,0.09,0.09,0.09,21879
MOC,20080512,1.045,1.055,1.02,1.04,246128
MOF,20080512,1.07,1.075,1.045,1.065,5202716
MOG,20080512,0.08,0.081,0.08,0.081,202232
MOL,20080512,3.2,3.22,3.15,3.2,163944
MON,20080512,0.3,0.31,0.29,0.3,618062
MOO,20080512,0.16,0.16,0.155,0.155,60900
MOS,20080512,0.155,0.16,0.15,0.155,1549693
MOX,20080512,0.25,0.29,0.25,0.29,153417
MOY,20080512,0.066,0.067,0.066,0.067,582889
MPA,20080512,0.013,0.014,0.013,0.014,1075000
MPF,20080512,0.9,0.9,0.875,0.875,20383
MPG,20080512,1.035,1.035,1.035,1.035,33332
MPJ,20080512,0.008,0.008,0.007,0.007,26918165
MPO,20080512,1.35,1.36,1.34,1.35,689765
MPS,20080512,0.63,0.7,0.625,0.695,192168
MQG,20080512,62.4,63.67,62.01,62.6,847438
MRA,20080512,0.445,0.445,0.425,0.425,206847
MRC,20080512,0.17,0.175,0.15,0.17,80000
MRE,20080512,5.97,6.04,5.93,5.95,2185693
MRM,20080512,1.72,1.74,1.68,1.69,248410
MRN,20080512,0.595,0.595,0.595,0.595,6940
MRO,20080512,0.51,0.52,0.51,0.52,39800
MRU,20080512,2.1,2.1,2.05,2.09,106158
MRX,20080512,0.082,0.082,0.08,0.081,1156433
MRZ,20080512,1.035,1.035,1.015,1.02,110401
MSA,20080512,0.36,0.36,0.36,0.36,30000
MSB,20080512,0.68,0.69,0.65,0.67,124240
MSC,20080512,0.013,0.013,0.013,0.013,4479664
MSF,20080512,2.48,2.48,2.48,2.48,293
MSH,20080512,0.1,0.1,0.1,0.1,100000
MSI,20080512,0.05,0.05,0.05,0.05,40000
MSL,20080512,2.7,2.7,2.65,2.68,40220
MSN,20080512,0.15,0.15,0.135,0.135,195528
MST,20080512,0.063,0.063,0.06,0.06,250928
MTH,20080512,0.235,0.24,0.235,0.24,60000
MTI,20080512,0.026,0.028,0.026,0.028,70000
MTN,20080512,1.93,1.98,1.86,1.98,61115
MTS,20080512,4.04,4.09,4.02,4.06,2351531
MTU,20080512,0.58,0.58,0.575,0.575,14600
MTY,20080512,0.075,0.075,0.07,0.07,628823
MUE,20080512,0.61,0.61,0.61,0.61,26818
MUM,20080512,0.15,0.18,0.13,0.13,180935
MUN,20080512,0.75,0.775,0.72,0.72,130023
MUR,20080512,0.115,0.115,0.11,0.115,2951343
MVP,20080512,0.3,0.3,0.28,0.28,27000
MVU,20080512,0.13,0.13,0.13,0.13,100000
MWE,20080512,0.155,0.165,0.155,0.155,632000
MWG,20080512,1.19,1.2,1.19,1.2,12480
MWR,20080512,0.05,0.05,0.05,0.05,34561
MXI,20080512,0.7,0.715,0.7,0.7,199700
MXR,20080512,0.27,0.29,0.21,0.215,17876910
MXX,20080512,1.31,1.31,1.21,1.235,119222
MYG,20080512,0.145,0.15,0.145,0.145,38610
MYO,20080512,1.33,1.35,1.31,1.325,306736
MZM,20080512,0.14,0.15,0.14,0.145,241476
NAB,20080512,33.8,34.34,33.15,34.13,13887638
NAD,20080512,0.016,0.016,0.016,0.016,613462
NAL,20080512,0.016,0.016,0.016,0.016,333605
NAM,20080512,0.38,0.385,0.38,0.38,320600
NAN,20080512,0.255,0.255,0.255,0.255,49000
NAV,20080512,0.46,0.49,0.45,0.49,158999
NBL,20080512,2.25,2.25,2.23,2.23,14062
NCM,20080512,31.2,31.36,30.71,30.85,2159077
NDL,20080512,0.12,0.12,0.12,0.12,20000
NDO,20080512,0.485,0.485,0.45,0.455,11191938
NEC,20080512,1.48,1.485,1.465,1.47,99157
NEM,20080512,4.93,4.93,4.8,4.9,20431
NEO,20080512,0.04,0.043,0.04,0.042,296191
NEU,20080512,0.105,0.105,0.1,0.1,129516
NFE,20080512,4.05,4.05,4,4,52605
NFK,20080512,1.385,1.385,1.375,1.385,55964
NFL,20080512,0.1,0.1,0.097,0.1,779096
NGE,20080512,0.16,0.16,0.145,0.15,663067
NGF,20080512,0.37,0.37,0.35,0.365,261547
NGM,20080512,0.091,0.092,0.09,0.09,669971
NGY,20080512,0.098,0.098,0.098,0.098,66668
NHC,20080512,3.95,4.06,3.95,4,1941891
NHF,20080512,0.855,0.855,0.735,0.755,3290082
NHR,20080512,1.9,1.96,1.9,1.96,5000
NIO,20080512,0.08,0.08,0.08,0.08,72303
NIP,20080512,0.35,0.35,0.35,0.35,3943
NKP,20080512,0.86,0.86,0.86,0.86,50300
NLG,20080512,0.045,0.045,0.045,0.045,230000
NLX,20080512,0.69,0.69,0.645,0.66,47218
NME,20080512,0.38,0.39,0.38,0.39,31263
NMI,20080512,0.15,0.185,0.15,0.185,311834
NMR,20080512,0.585,0.6,0.58,0.58,116000
NMS,20080512,0.595,0.6,0.585,0.595,757359
NOA,20080512,0.3,0.31,0.3,0.31,16600
NOD,20080512,1.89,1.94,1.8,1.8,140763
NQM,20080512,0.31,0.33,0.305,0.32,157513
NRL,20080512,0.088,0.089,0.088,0.089,120000
NRT,20080512,1.585,1.6,1.52,1.57,26255
NRU,20080512,0.095,0.095,0.095,0.095,6107
NSL,20080512,0.041,0.042,0.037,0.041,8089342
NSP,20080512,0.19,0.19,0.19,0.19,2390
NST,20080512,0.085,0.085,0.08,0.08,45000
NSX,20080512,0.2,0.235,0.2,0.235,52000
NTC,20080512,0.16,0.16,0.15,0.155,687622
NTU,20080512,0.35,0.355,0.31,0.35,52386
NUF,20080512,18.15,18.4,17.75,17.8,543115
NUP,20080512,0.245,0.25,0.245,0.245,25008
NVT,20080512,1.9,1.92,1.9,1.92,7426
NWE,20080512,0.195,0.22,0.185,0.205,1039598
NWH,20080512,2.26,2.3,2.22,2.27,353892
NWK,20080512,0.125,0.125,0.125,0.125,2000
NWR,20080512,0.092,0.092,0.092,0.092,177599
NWS,20080512,20.51,20.67,20.35,20.61,827548
NWT,20080512,0.003,0.003,0.002,0.003,22308065
NXS,20080512,1.745,1.775,1.735,1.765,1381431
NZO,20080512,1.35,1.36,1.325,1.34,938678
OAK,20080512,1.07,1.085,1.07,1.07,564580
OBL,20080512,0.085,0.085,0.082,0.082,25000
ODN,20080512,0.086,0.086,0.086,0.086,54410
ODY,20080512,0.19,0.2,0.19,0.19,65000
OEC,20080512,0.12,0.14,0.12,0.14,415643
OEL,20080512,0.45,0.45,0.43,0.43,1266939
OEQ,20080512,1.115,1.115,1.06,1.06,35000
OEX,20080512,1.12,1.12,1.055,1.055,376872
OFG,20080512,1.54,1.58,1.54,1.58,8081
OGC,20080512,2.28,2.3,2.2,2.22,451451
OIF,20080512,0.435,0.435,0.42,0.43,490400
OIL,20080512,0.28,0.28,0.25,0.28,22451
OIP,20080512,0.16,0.16,0.145,0.155,440326
OKN,20080512,3.05,3.1,3.01,3.1,113299
OKU,20080512,0.083,0.083,0.083,0.083,10000
OLE,20080512,0.022,0.022,0.022,0.022,105680
OLY,20080512,0.071,0.071,0.071,0.071,45040
OMH,20080512,4.06,4.16,3.99,4.05,594971
OMI,20080512,0.28,0.28,0.28,0.28,1478
ONC,20080512,0.175,0.18,0.17,0.17,15200
ORD,20080512,0.19,0.19,0.18,0.18,169000
ORE,20080512,0.26,0.26,0.25,0.25,100176
ORG,20080512,14.58,14.73,14.45,14.47,7671313
ORH,20080512,0.105,0.105,0.105,0.105,62500
ORI,20080512,28.4,28.86,28.24,28.6,433303
ORL,20080512,3.25,3.25,3.25,3.25,254
ORP,20080512,0.051,0.055,0.051,0.051,1010000
OSH,20080512,5.75,5.85,5.75,5.78,3618565
OST,20080512,6.28,6.33,6.27,6.3,1471672
OTI,20080512,0.075,0.075,0.075,0.075,3000
OXR,20080512,3.45,3.59,3.44,3.54,12614468
OZB,20080512,0.04,0.04,0.04,0.04,120817
OZG,20080512,0.2,0.2,0.2,0.2,200000
PAA,20080512,0.022,0.026,0.022,0.026,402000
PAB,20080512,0.3,0.3,0.29,0.29,55000
PAG,20080512,2,2,1.94,1.95,169230
PAU,20080512,0.031,0.035,0.031,0.035,257800
PAX,20080512,0.15,0.16,0.15,0.15,118100
PBA,20080512,0.77,0.78,0.77,0.78,10000
PBB,20080512,1.4,1.44,1.4,1.44,7965
PBD,20080512,0.78,0.79,0.755,0.79,140156
PBG,20080512,1.915,1.915,1.87,1.91,1225345
PBP,20080512,1.06,1.11,1.06,1.1,11789
PBT,20080512,0.415,0.44,0.415,0.42,65500
PCC,20080512,0.019,0.019,0.019,0.019,500000
PCL,20080512,0.04,0.04,0.037,0.038,996125
PCP,20080512,0.034,0.034,0.032,0.032,242073
PDM,20080512,0.12,0.135,0.12,0.125,261798
PDN,20080512,5.17,5.24,5.07,5.09,5850852
PDO,20080512,0.27,0.275,0.25,0.27,498600
PDZ,20080512,0.98,1,0.98,1,264370
PEM,20080512,0.995,1.005,0.985,0.995,1094490
PEN,20080512,0.036,0.041,0.034,0.039,18513171
PES,20080512,0.935,0.96,0.9,0.9,70189
PET,20080512,0.83,0.83,0.8,0.8,59056
PEV,20080512,0.079,0.088,0.079,0.084,136793
PFG,20080512,0.4,0.4,0.395,0.4,52500
PFL,20080512,1.04,1.04,0.97,1.02,332250
PGA,20080512,3.45,3.51,3.4,3.4,50572
PGL,20080512,1.39,1.42,1.37,1.42,52291
PGM,20080512,0.48,0.49,0.48,0.49,12376
PHG,20080512,0.099,0.1,0.099,0.1,300000
PHK,20080512,0.17,0.175,0.17,0.175,99358
PHL,20080512,0.15,0.15,0.15,0.15,10000
PIE,20080512,0.016,0.016,0.016,0.016,24000
PIM,20080512,0.4,0.4,0.4,0.4,17283
PIO,20080512,0.097,0.098,0.097,0.098,27780
PLA,20080512,2.44,2.44,2.39,2.4,386959
PLD,20080512,0.052,0.052,0.05,0.051,185000
PLI,20080512,0.47,0.47,0.45,0.45,20260
PLT,20080512,0.205,0.21,0.2,0.21,299451
PLV,20080512,1.95,2.13,1.9,2.11,288988
PMC,20080512,1.625,1.635,1.62,1.62,35678
PME,20080512,1.33,1.33,1.32,1.32,5000
PMH,20080512,0.255,0.255,0.255,0.255,103843
PMM,20080512,16.5,16.5,16.03,16.5,54763
PMP,20080512,1.25,1.295,1.24,1.26,256219
PMX,20080512,0.021,0.021,0.021,0.021,59454
PNA,20080512,1.19,1.21,1.18,1.19,3818043
PNN,20080512,0.91,0.98,0.91,0.98,63500
PNO,20080512,0.007,0.007,0.007,0.007,29000
PNX,20080512,0.15,0.15,0.15,0.15,5000
POH,20080512,0.155,0.155,0.155,0.155,120000
POL,20080512,0.6,0.65,0.6,0.635,577105
POS,20080512,0.815,0.835,0.795,0.8,855835
PPC,20080512,2.8,2.8,2.72,2.78,33251
PPD,20080512,0.13,0.13,0.13,0.13,50000
PPG,20080512,0.41,0.41,0.41,0.41,48000
PPI,20080512,0.415,0.415,0.415,0.415,1685
PPN,20080512,0.095,0.095,0.095,0.095,2000
PPP,20080512,0.295,0.31,0.295,0.3,7576023
PPS,20080512,0.4,0.4,0.4,0.4,3988
PPT,20080512,56,56.37,55.56,56.05,78030
PPX,20080512,2.57,2.6,2.55,2.56,846098
PPY,20080512,0.515,0.515,0.51,0.51,24250
PRC,20080512,1.34,1.35,1.3,1.315,2209754
PRE,20080512,0.034,0.035,0.032,0.035,2920360
PRG,20080512,5,5.02,4.96,4.96,64656
PRO,20080512,0.3,0.3,0.3,0.3,8233
PRR,20080512,0.011,0.012,0.011,0.012,400000
PRT,20080512,3.2,3.2,3.19,3.2,142
PRU,20080512,1.2,1.32,1.185,1.31,790042
PRV,20080512,0.91,0.92,0.91,0.92,171326
PRW,20080512,0.25,0.25,0.25,0.25,257000
PRY,20080512,6,6,5.84,5.9,1165409
PRZ,20080512,0.21,0.21,0.2,0.2,71010
PSA,20080512,0.94,0.945,0.93,0.93,154165
PSD,20080512,0.098,0.1,0.098,0.1,726100
PSF,20080512,0.34,0.36,0.32,0.32,42000
PSH,20080512,1.5,1.565,1.5,1.565,22492
PSP,20080512,0.18,0.19,0.175,0.19,422060
PTB,20080512,0.7,0.7,0.7,0.7,3253
PTM,20080512,4.35,4.5,4.34,4.46,359436
PTN,20080512,0.63,0.63,0.62,0.62,34940
PTO,20080512,0.06,0.06,0.06,0.06,100000
PTR,20080512,0.91,0.93,0.9,0.9,75778
PTS,20080512,0.235,0.235,0.23,0.23,140000
PUN,20080512,0.06,0.06,0.06,0.06,100000
PWK,20080512,4.37,4.4,4.34,4.4,28383
PWR,20080512,0.14,0.14,0.14,0.14,31116
PWW,20080512,0.2,0.21,0.2,0.21,114500
PXL,20080512,0.14,0.14,0.13,0.13,6000
PXS,20080512,1.66,1.68,1.645,1.66,464989
PYC,20080512,0.09,0.09,0.09,0.09,7759
PYM,20080512,0.18,0.19,0.18,0.19,68844
QAN,20080512,3.39,3.45,3.35,3.42,19881189
QBE,20080512,25.67,25.93,25.45,25.8,2372246
QGC,20080512,5.44,5.74,5.42,5.63,1713933
QHL,20080512,0.44,0.475,0.43,0.475,48880
QMG,20080512,0.058,0.058,0.057,0.057,95000
QOL,20080512,0.15,0.155,0.14,0.15,2215241
QRS,20080512,0.135,0.135,0.13,0.13,56893
QRX,20080512,0.97,0.97,0.95,0.95,24000
QSS,20080512,0.175,0.175,0.175,0.175,888
QTK,20080512,0.02,0.021,0.02,0.021,390800
QTM,20080512,0.052,0.052,0.05,0.05,129000
QXQ,20080512,0.018,0.018,0.017,0.017,1617951
RAT,20080512,0.195,0.2,0.195,0.2,1729421
RAU,20080512,0.11,0.11,0.1,0.105,5226425
RAW,20080512,0.145,0.15,0.145,0.145,95193
RBM,20080512,0.041,0.043,0.041,0.043,149362
RBR,20080512,0.098,0.1,0.095,0.1,106259
RBX,20080512,0.12,0.12,0.12,0.12,9000
RBY,20080512,0.009,0.009,0.009,0.009,1194432
RCG,20080512,0.24,0.24,0.24,0.24,8000
RCH,20080512,0.052,0.052,0.05,0.051,5838708
RCI,20080512,0.155,0.17,0.155,0.17,153000
RCO,20080512,0.34,0.34,0.34,0.34,21200
RCR,20080512,0.855,0.88,0.85,0.87,147559
RCT,20080512,3.09,3.09,3.09,3.09,727
RCY,20080512,0.54,0.545,0.53,0.53,715515
RDF,20080512,3.01,3.03,3,3.03,48295
RDM,20080512,0.23,0.23,0.23,0.23,44877
RDR,20080512,0.905,0.93,0.89,0.91,177589
RDS,20080512,0.5,0.5,0.5,0.5,41000
REA,20080512,5.05,5.05,5.05,5.05,5590
RED,20080512,0.1,0.105,0.1,0.105,292371
REF,20080512,2.2,2.23,2.17,2.17,23419
REH,20080512,22.8,22.8,22.5,22.5,4662
REO,20080512,0.011,0.011,0.011,0.011,290000
RER,20080512,0.038,0.038,0.038,0.038,208572
REU,20080512,0.17,0.18,0.17,0.175,730168
REX,20080512,1.045,1.05,1.04,1.05,505908
REY,20080512,0.27,0.27,0.265,0.265,330547
RFE,20080512,0.595,0.595,0.565,0.585,162359
RFG,20080512,1.18,1.2,1.18,1.19,157996
RFL,20080512,0.17,0.17,0.16,0.16,17123
RFT,20080512,0.006,0.006,0.006,0.006,100000
RHC,20080512,12.18,12.18,11.38,11.49,1389462
RHD,20080512,0.48,0.48,0.475,0.475,34762
RHE,20080512,0.245,0.245,0.245,0.245,8000
RHG,20080512,0.1,0.1,0.097,0.098,2173272
RHI,20080512,6.8,6.8,6.8,6.8,290
RIA,20080512,0.37,0.4,0.37,0.4,87778
RIC,20080512,1.195,1.21,1.19,1.2,133538
RIO,20080512,146.75,147.94,145.4,146.76,417426
RIV,20080512,8.53,8.54,8.1,8.44,465688
RJT,20080512,0.19,0.2,0.185,0.2,1171048
RKN,20080512,1.26,1.26,1.24,1.24,27841
RLA,20080512,0.029,0.029,0.029,0.029,7000
RLC,20080512,0.066,0.08,0.066,0.07,185000
RMC,20080512,0.35,0.35,0.35,0.35,8000
RMD,20080512,4.27,4.3,4.22,4.27,965807
RMG,20080512,0.018,0.018,0.017,0.017,477222
RMI,20080512,0.03,0.031,0.03,0.03,1030020
RML,20080512,0.245,0.26,0.24,0.26,450000
RMP,20080512,0.14,0.16,0.14,0.16,77000
RMS,20080512,0.93,0.93,0.91,0.92,115748
RMT,20080512,0.32,0.32,0.32,0.32,33350
RNG,20080512,0.023,0.034,0.023,0.033,1336699
RNI,20080512,0.04,0.04,0.04,0.04,306543
RNY,20080512,0.395,0.4,0.39,0.39,90365
ROC,20080512,2.29,2.36,2.25,2.3,1387055
ROG,20080512,0.04,0.04,0.036,0.036,277500
ROK,20080512,3.28,3.3,3.28,3.3,7327
ROY,20080512,0.305,0.305,0.285,0.285,249226
RPG,20080512,0.98,0.98,0.98,0.98,6000
RPM,20080512,0.11,0.11,0.1,0.105,862762
RPX,20080512,1.25,1.25,1.25,1.25,8000
RRA,20080512,0.655,0.68,0.65,0.65,52897
RRL,20080512,0.275,0.275,0.255,0.255,463200
RRS,20080512,0.16,0.175,0.145,0.17,2294163
RRT,20080512,0.13,0.135,0.125,0.13,663895
RSG,20080512,2,2,1.89,1.96,173968
RSL,20080512,0.017,0.017,0.017,0.017,1388788
RSN,20080512,0.029,0.029,0.028,0.028,799080
RUB,20080512,0.24,0.25,0.24,0.24,65000
RUM,20080512,0.12,0.12,0.12,0.12,80395
RUR,20080512,0.185,0.2,0.185,0.2,65000
RVM,20080512,0.165,0.17,0.165,0.17,311649
RVR,20080512,0.16,0.16,0.16,0.16,41500
RWD,20080512,1.67,1.73,1.55,1.73,306114
RXL,20080512,0.105,0.105,0.1,0.1,143000
RXM,20080512,0.34,0.365,0.305,0.33,187300
SAE,20080512,0.485,0.51,0.485,0.485,1356161
SAI,20080512,2.95,2.95,2.85,2.85,35760
SAR,20080512,0.225,0.225,0.225,0.225,10000
SAU,20080512,0.22,0.22,0.215,0.215,43000
SAV,20080512,1.665,1.7,1.665,1.665,935200
SBI,20080512,0.077,0.078,0.077,0.078,61785
SBL,20080512,0.029,0.03,0.029,0.029,3102450
SBM,20080512,0.66,0.69,0.655,0.68,3855220
SBN,20080512,0.029,0.029,0.023,0.025,3628991
SBP,20080512,0.016,0.016,0.016,0.016,132000
SBR,20080512,0.2,0.2,0.2,0.2,57060
SBS,20080512,0.051,0.051,0.05,0.05,327999
SCC,20080512,0.36,0.36,0.36,0.36,5000
SCD,20080512,0.565,0.565,0.565,0.565,21400
SDG,20080512,2.8,2.8,2.76,2.78,1464764
SDI,20080512,0.32,0.325,0.32,0.32,92500
SDL,20080512,0.235,0.245,0.225,0.245,16294320
SDM,20080512,2.67,2.7,2.67,2.67,548683
SEA,20080512,0.37,0.38,0.36,0.375,451677
SEG,20080512,0.1,0.1,0.09,0.09,27467
SEK,20080512,5.45,5.47,5.35,5.44,1431066
SEN,20080512,0.053,0.053,0.052,0.052,145500
SEV,20080512,9.09,9.3,9.03,9.2,363265
SEY,20080512,0.2,0.2,0.195,0.195,22000
SFC,20080512,7.8,7.8,7.8,7.8,3000
SFH,20080512,1.04,1.07,1.035,1.055,221409
SFP,20080512,0.15,0.15,0.15,0.15,146668
SFR,20080512,0.375,0.39,0.37,0.39,197600
SFY,20080512,55.9,56.56,55.9,56.56,1840
SGH,20080512,1.35,1.4,1.35,1.4,20200
SGL,20080512,0.415,0.415,0.385,0.395,1027498
SGM,20080512,37.2,37.26,36.5,36.7,762973
SGN,20080512,2.15,2.18,2.12,2.15,82036
SGP,20080512,6.9,6.99,6.82,6.92,3113681
SGT,20080512,2.88,2.9,2.85,2.88,2077513
SGX,20080512,5.35,5.46,5.3,5.43,854288
SGY,20080512,0.14,0.145,0.14,0.145,63142
SHC,20080512,0.085,0.085,0.085,0.085,10000
SHE,20080512,0.25,0.25,0.23,0.23,228975
SHG,20080512,2.05,2.3,2.05,2.3,2820508
SHL,20080512,14.46,14.62,14.24,14.32,872595
SHV,20080512,6.54,6.54,6.46,6.52,23948
SHX,20080512,0.1,0.1,0.1,0.1,200000
SIM,20080512,0.32,0.385,0.315,0.35,75000
SIP,20080512,1.25,1.25,1.225,1.23,1781604
SKC,20080512,3.23,3.23,3.19,3.22,56629
SKE,20080512,3.25,3.35,3.22,3.25,52156
SKI,20080512,1.8,1.8,1.735,1.745,1331905
SKT,20080512,3.65,3.65,3.65,3.65,30020
SLA,20080512,0.5,0.51,0.475,0.475,284745
SLF,20080512,16.01,16.01,15.98,16,7952
SLM,20080512,3.3,3.34,3.3,3.32,10243
SLR,20080512,0.365,0.375,0.35,0.36,241402
SLX,20080512,7.01,7.14,6.92,7,61550
SMA,20080512,0.041,0.044,0.041,0.044,62000
SMD,20080512,0.3,0.32,0.3,0.31,150558
SML,20080512,0.03,0.031,0.03,0.031,1248256
SMM,20080512,2.32,2.32,2.2,2.21,15287
SMN,20080512,0.09,0.09,0.086,0.086,108700
SMX,20080512,4.41,4.59,4.3,4.55,155317
SMY,20080512,5.45,5.57,5.4,5.51,907487
SMZ,20080512,0.105,0.105,0.1,0.1,75000
SND,20080512,0.61,0.61,0.61,0.61,30000
SNO,20080512,0.65,0.65,0.65,0.65,3000
SNU,20080512,0.145,0.145,0.14,0.14,160000
SNV,20080512,0.105,0.105,0.091,0.091,100000
SOE,20080512,0.195,0.195,0.185,0.185,341895
SOI,20080512,0.45,0.45,0.44,0.45,54300
SOL,20080512,9,9.47,9,9.39,29150
SOM,20080512,0.019,0.019,0.019,0.019,1000001
SOO,20080512,0.064,0.065,0.064,0.064,113279
SOT,20080512,0.285,0.3,0.28,0.3,265010
SPH,20080512,2.7,2.7,2.65,2.66,103957
SPI,20080512,0.23,0.23,0.23,0.23,163500
SPL,20080512,0.34,0.355,0.34,0.355,156000
SPN,20080512,1.27,1.27,1.235,1.24,2261588
SPQ,20080512,0.17,0.18,0.16,0.18,60000
SPT,20080512,3.33,3.41,3.27,3.3,652066
SRA,20080512,0.03,0.031,0.03,0.031,287683
SRH,20080512,2.3,2.3,2.3,2.3,8000
SRI,20080512,0.083,0.083,0.078,0.078,1173360
SRL,20080512,7.32,7.43,7.19,7.38,1055637
SRM,20080512,0.14,0.14,0.14,0.14,175000
SRR,20080512,0.1,0.1,0.097,0.1,279920
SRV,20080512,4.19,4.25,4.19,4.2,4423
SRX,20080512,3.9,3.95,3.9,3.95,5483
SRZ,20080512,0.2,0.2,0.19,0.19,142419
SSC,20080512,0.017,0.018,0.017,0.018,275957
SSI,20080512,0.88,0.88,0.84,0.84,8504
SSM,20080512,1.26,1.28,1.25,1.27,233993
SSN,20080512,0.135,0.135,0.135,0.135,11050
SST,20080512,11,11,11,11,3954
STB,20080512,0.275,0.275,0.235,0.245,2027472
STC,20080512,0.3,0.3,0.3,0.3,4000
STE,20080512,0.09,0.09,0.086,0.086,145473
STG,20080512,0.165,0.18,0.165,0.175,173330
STI,20080512,0.06,0.06,0.06,0.06,100000
STO,20080512,18.1,18.27,17.78,17.9,1986085
STP,20080512,0.088,0.088,0.087,0.087,26000
STS,20080512,2.74,2.74,2.71,2.71,12295
STU,20080512,1.135,1.15,1.13,1.14,70713
STW,20080512,56.5,57.2,56.26,56.89,226056
STX,20080512,0.33,0.345,0.33,0.345,1938467
SUL,20080512,3.06,3.09,2.9,3.04,55784
SUN,20080512,15.75,16.37,15.55,16.25,6907671
SUR,20080512,0.1,0.1,0.099,0.099,531900
SVC,20080512,0.15,0.16,0.15,0.16,25101
SVL,20080512,0.13,0.13,0.13,0.13,7000
SVM,20080512,0.17,0.17,0.17,0.17,15932
SWK,20080512,1.36,1.36,1.34,1.36,168368
SXE,20080512,1.16,1.17,1.16,1.17,28703
SXG,20080512,0.28,0.28,0.27,0.27,98500
SXP,20080512,0.42,0.42,0.405,0.415,542934
SYL,20080512,4.16,4.16,4.16,4.16,2390
SYM,20080512,0.47,0.47,0.465,0.465,6000
SYN,20080512,0.3,0.3,0.3,0.3,184700
SYP,20080512,0.28,0.28,0.28,0.28,15000
SYR,20080512,0.1,0.1,0.1,0.1,5000
TAH,20080512,11,11.32,11,11.23,1106084
TAL,20080512,2.88,2.96,2.83,2.94,913623
TAM,20080512,0.078,0.078,0.076,0.077,1501601
TAP,20080512,1.95,2,1.95,2,904133
TAS,20080512,0.135,0.135,0.13,0.13,89181
TAW,20080512,0.06,0.06,0.06,0.06,12500
TBG,20080512,1.6,1.6,1.6,1.6,10920
TCL,20080512,6.52,6.58,6.49,6.52,2512254
TCM,20080512,0.385,0.435,0.385,0.435,223500
TCQ,20080512,1.18,1.255,1.18,1.25,182632
TDO,20080512,0.525,0.55,0.505,0.52,283321
TEL,20080512,3.14,3.24,3.1,3.23,1634659
TEN,20080512,2.28,2.3,2.26,2.27,771585
TEO,20080512,0.14,0.15,0.14,0.15,8944
TEX,20080512,0.155,0.155,0.155,0.155,60304
TEY,20080512,0.41,0.41,0.41,0.41,60896
TFC,20080512,1.12,1.19,1.12,1.165,351585
TGF,20080512,0.36,0.36,0.36,0.36,8000
TGG,20080512,0.98,1,0.98,1,152268
TGR,20080512,2.92,3.1,2.89,3.05,527722
TGS,20080512,0.52,0.525,0.51,0.525,526800
TGX,20080512,0.1,0.1,0.1,0.1,10000
THG,20080512,0.88,0.885,0.875,0.88,160028
THR,20080512,0.1,0.11,0.1,0.1,1206000
THX,20080512,0.42,0.42,0.41,0.42,160321
TIM,20080512,1.18,1.225,1.17,1.22,751708
TJN,20080512,0.82,0.82,0.82,0.82,40000
TKG,20080512,0.345,0.345,0.345,0.345,2800
TLM,20080512,0.64,0.64,0.6,0.6,195721
TLS,20080512,4.58,4.59,4.53,4.54,28597431
TMR,20080512,0.115,0.12,0.115,0.115,2207289
TMX,20080512,0.084,0.088,0.084,0.086,3041053
TNC,20080512,0.024,0.024,0.021,0.021,264933
TNE,20080512,0.85,0.85,0.835,0.85,54568
TNG,20080512,0.16,0.16,0.145,0.15,280768
TNL,20080512,0.31,0.315,0.31,0.31,36400
TOE,20080512,0.265,0.275,0.26,0.265,275912
TOL,20080512,8.6,8.6,8.4,8.48,2486661
TOX,20080512,1.9,1.9,1.9,1.9,63260
TPF,20080512,0.9,0.9,0.9,0.9,2000
TPI,20080512,8.5,8.5,8.3,8.4,240829
TPX,20080512,5.8,5.8,5.8,5.8,11024
TQH,20080512,0.21,0.22,0.2,0.2,102500
TRF,20080512,0.76,0.8,0.75,0.78,101838
TRG,20080512,12.35,12.5,12.29,12.3,21286
TRH,20080512,0.155,0.155,0.155,0.155,20000
TRO,20080512,0.72,0.72,0.7,0.7,28000
TRS,20080512,9.94,10.21,9.93,9.98,5635
TRU,20080512,10.72,10.72,10.72,10.72,1508
TRY,20080512,2.35,2.44,2.34,2.44,98689
TSE,20080512,13.25,13.4,12.93,12.98,214915
TSF,20080512,0.15,0.15,0.15,0.15,40000
TSH,20080512,0.265,0.265,0.26,0.26,30000
TSI,20080512,1.57,1.57,1.545,1.555,115466
TSM,20080512,1.15,1.28,1.12,1.28,7045
TSO,20080512,1.63,1.635,1.605,1.61,1599761
TSV,20080512,0.026,0.027,0.026,0.027,680000
TTI,20080512,0.08,0.08,0.08,0.08,33301
TTR,20080512,0.063,0.063,0.06,0.06,130000
TTS,20080512,2.74,2.74,2.7,2.74,4271185
TTV,20080512,0.085,0.086,0.08,0.08,266000
TTY,20080512,1.015,1.015,0.965,0.965,702644
TUC,20080512,0.13,0.13,0.13,0.13,30000
TWR,20080512,1.735,1.765,1.715,1.73,76558
TXN,20080512,0.58,0.58,0.565,0.58,28809
TZL,20080512,5,5,4.8,4.9,78380
TZN,20080512,3.7,3.72,3.67,3.71,98985
UBI,20080512,0.805,0.85,0.805,0.85,11829
UCL,20080512,0.014,0.014,0.014,0.014,40000
UCM,20080512,0.2,0.2,0.19,0.19,44633
UCW,20080512,0.43,0.43,0.43,0.43,5000
UEQ,20080512,0.235,0.24,0.22,0.23,816508
UGL,20080512,14.75,14.81,14.44,14.49,374606
UKL,20080512,0.37,0.37,0.35,0.365,66700
UMC,20080512,1.615,1.68,1.615,1.68,256550
UMS,20080512,0.92,0.92,0.92,0.92,9400
UNI,20080512,0.25,0.26,0.25,0.26,318450
UNX,20080512,0.42,0.46,0.415,0.46,226325
UOG,20080512,0.08,0.08,0.075,0.075,67975
UOS,20080512,0.24,0.24,0.24,0.24,38000
URA,20080512,0.21,0.215,0.2,0.2,88300
URL,20080512,0.067,0.072,0.067,0.071,1129454
URM,20080512,0.2,0.205,0.17,0.18,1874757
USA,20080512,0.15,0.15,0.135,0.14,98383
UTO,20080512,0.24,0.24,0.24,0.24,11084
UUL,20080512,0.16,0.2,0.16,0.2,251350
UXA,20080512,0.14,0.14,0.14,0.14,57785
UXC,20080512,1.24,1.24,1.215,1.23,178844
VBA,20080512,0.83,0.83,0.815,0.82,335128
VCN,20080512,0.31,0.345,0.3,0.33,1049454
VCR,20080512,0.395,0.395,0.375,0.375,380533
VEC,20080512,0.225,0.23,0.205,0.22,641711
VGH,20080512,1.95,1.98,1.94,1.95,73769
VHL,20080512,0.035,0.035,0.035,0.035,47474
VIE,20080512,0.27,0.27,0.27,0.27,10000
VIL,20080512,0.035,0.039,0.035,0.038,7500
VIR,20080512,0.7,0.71,0.7,0.71,79556
VLA,20080512,0.065,0.065,0.063,0.063,322389
VMG,20080512,1.54,1.565,1.52,1.555,67807
VML,20080512,0.61,0.65,0.61,0.65,178044
VMS,20080512,0.45,0.48,0.4,0.4,431883
VMT,20080512,0.1,0.105,0.1,0.105,50000
VNS,20080512,0.41,0.41,0.41,0.41,3500
VPE,20080512,0.215,0.215,0.2,0.205,396540
VPG,20080512,0.91,0.92,0.905,0.915,2741490
VRL,20080512,2.76,2.8,2.76,2.8,6859
VTG,20080512,0.57,0.58,0.555,0.555,51787
VTP,20080512,1.05,1.09,1.05,1.09,46519
VTX,20080512,0.105,0.105,0.105,0.105,13140
WAG,20080512,0.015,0.015,0.015,0.015,9230
WAL,20080512,0.12,0.12,0.105,0.105,314000
WAM,20080512,1.36,1.36,1.34,1.34,82445
WAN,20080512,9.95,10.1,9.81,10,359190
WAS,20080512,0.027,0.027,0.026,0.027,492591
WAT,20080512,0.64,0.67,0.63,0.67,93985
WBA,20080512,1.38,1.41,1.38,1.41,58399
WBB,20080512,10.1,10.25,10.1,10.25,16432
WCB,20080512,4.61,4.7,4.53,4.55,15829
WCN,20080512,0.065,0.065,0.065,0.065,32000
WCP,20080512,0.077,0.078,0.072,0.072,303464
WCU,20080512,0.225,0.225,0.19,0.19,144444
WDC,20080512,17.52,17.68,17.32,17.66,4831084
WDR,20080512,0.17,0.22,0.17,0.2,490565
WDS,20080512,2.7,2.7,2.64,2.64,37714
WEB,20080512,1.5,1.5,1.45,1.5,50121
WEC,20080512,2.49,2.55,2.49,2.5,83999
WES,20080512,38.12,38.2,37.88,38.12,1448723
WEZ,20080512,0.043,0.045,0.043,0.043,70000
WFL,20080512,1.35,1.35,1.35,1.35,588
WGP,20080512,0.07,0.07,0.07,0.07,2858
WGR,20080512,0.215,0.25,0.215,0.25,173191
WHC,20080512,3.06,3.12,3.04,3.09,375974
WHE,20080512,0.71,0.79,0.705,0.77,312023
WHF,20080512,3.66,3.74,3.64,3.64,36987
WHG,20080512,1.2,1.22,1.19,1.2,198527
WHN,20080512,0.084,0.09,0.081,0.09,200000
WHS,20080512,4.31,4.31,4.3,4.31,3066
WIG,20080512,1.84,1.84,1.84,1.84,10000
WIL,20080512,0.83,0.83,0.83,0.83,142604
WKL,20080512,0.185,0.185,0.185,0.185,5327
WKR,20080512,0.096,0.1,0.095,0.095,187500
WLF,20080512,1.45,1.45,1.4,1.4,113750
WLL,20080512,2,2,2,2,1000
WME,20080512,0.215,0.215,0.21,0.21,76000
WMT,20080512,0.087,0.11,0.087,0.105,79499702
WOR,20080512,39,40.56,38.89,40.2,410939
WOW,20080512,28.47,28.48,28.13,28.23,1055364
WPG,20080512,1.24,1.24,1.18,1.24,82597
WPL,20080512,59.6,59.9,58.64,59.09,1721578
WRK,20080512,0.53,0.555,0.49,0.53,2437551
WRL,20080512,0.145,0.15,0.145,0.15,50000
WRR,20080512,0.006,0.006,0.006,0.006,620000
WSA,20080512,10.4,11.15,10.31,10.99,867483
WTF,20080512,4.03,4.1,3.9,4.03,439377
WTN,20080512,0.09,0.11,0.09,0.11,105900
WTP,20080512,2.48,2.52,2.45,2.5,83181
WVL,20080512,2.55,2.7,2.48,2.65,451972
WWA,20080512,2.42,2.42,2.4,2.4,10000
WWI,20080512,0.23,0.23,0.23,0.23,5000
WWW,20080512,0.32,0.32,0.32,0.32,77708
WYL,20080512,1.6,1.61,1.595,1.595,86887
XAF,20080512,5712.7,5712.7,5712.7,5712.7,0
XAO,20080512,5846.5,5910.6,5844.4,5894.1,0
XAT,20080512,583680,583680,583680,583680,0
XCD,20080512,0.13,0.13,0.13,0.13,0
XDJ,20080512,1945.9,1952.9,1932,1947.8,0
XEJ,20080512,17822,17926.3,17728.6,17794.3,0
XEN,20080512,0.07,0.07,0.07,0.07,365000
XFJ,20080512,5482.5,5637.4,5479.2,5621.2,0
XFL,20080512,5652.9,5738.8,5650.5,5721.7,0
XGD,20080512,5622.8,5622.8,5622.8,5622.8,0
XHJ,20080512,9560.4,9662.9,9503.4,9513.4,0
XIJ,20080512,513.9,517.4,510.9,514.4,0
XJO,20080512,5774.2,5846.8,5771.8,5828.5,0
XKO,20080512,5777.6,5848.6,5775.2,5831.1,0
XMD,20080512,5603.8,5636.2,5589.8,5614,0
XMJ,20080512,16497.1,16636.2,16408.7,16568.8,0
XMM,20080512,5841.8,5841.8,5841.8,5841.8,0
XNJ,20080512,5337.5,5350.1,5310.8,5326.7,0
XPJ,20080512,1715,1724.7,1696.5,1717.9,0
XRF,20080512,0.06,0.06,0.06,0.06,4400
XSJ,20080512,7831.9,7848.5,7783.8,7800.8,0
XSO,20080512,3448.3,3448.3,3427.4,3438.2,0
XST,20080512,0.09,0.09,0.09,0.09,50000
XTJ,20080512,1578.7,1579.5,1562.8,1571.2,0
XTL,20080512,3239.6,3296.2,3238.1,3287,0
XTO,20080512,4665.5,4730.3,4663.6,4715.9,0
XUJ,20080512,6134.7,6150.8,6077.2,6110.3,0
XXJ,20080512,5788.2,5986.5,5783.9,5969,0
YRR,20080512,0.14,0.14,0.135,0.14,241321
YTC,20080512,1.095,1.13,1.095,1.13,64786
ZDX,20080512,0.165,0.175,0.165,0.175,201945
ZFX,20080512,10.47,10.49,10.37,10.42,1368761
ZGL,20080512,0.28,0.28,0.275,0.28,55000
ZGM,20080512,0.16,0.18,0.16,0.18,360760
ZMG,20080512,0.12,0.12,0.11,0.11,27000
ZNC,20080512,0.115,0.115,0.115,0.115,7549
ZRL,20080512,0.25,0.285,0.25,0.285,32332
ZYL,20080512,0.061,0.066,0.06,0.066,1082499
