AAC,20081027,2.03,2.2,2,2.1,447126
AAH,20081027,0.83,0.835,0.74,0.79,637294
AAL,20081027,0.052,0.052,0.052,0.052,10000
AAM,20081027,0.07,0.07,0.07,0.07,60000
AAQ,20081027,0.21,0.22,0.2,0.22,81500
AAR,20081027,0.016,0.016,0.015,0.015,1556612
AAU,20081027,0.315,0.32,0.31,0.315,164494
AAX,20081027,4.39,4.39,3.88,3.97,144575
ABB,20081027,8.1,8.3,7.9,8.21,291802
ABC,20081027,2.32,2.39,2.19,2.24,909169
ABJ,20081027,0.011,0.011,0.01,0.01,1212600
ABP,20081027,0.395,0.465,0.39,0.39,2738433
ABQ,20081027,0.28,0.325,0.27,0.325,21000
ABU,20081027,0.013,0.015,0.013,0.015,1530000
ABV,20081027,0.012,0.012,0.012,0.012,100000
ABY,20081027,0.33,0.33,0.28,0.33,929630
ACB,20081027,0.16,0.16,0.15,0.16,68477
ACE,20081027,0.07,0.07,0.07,0.07,15959
ACK,20081027,0.32,0.32,0.32,0.32,2000
ACL,20081027,0.22,0.22,0.185,0.185,242262
ACR,20081027,0.68,0.68,0.61,0.68,108635
ACU,20081027,0.038,0.038,0.033,0.033,200000
ADE,20081027,0.044,0.044,0.04,0.04,163950
ADG,20081027,2.02,2.03,2.02,2.03,3329
ADI,20081027,0.27,0.27,0.245,0.245,40500
ADL,20081027,0.03,0.03,0.02,0.02,26040
ADN,20081027,0.065,0.065,0.056,0.056,147130
ADQ,20081027,0.155,0.155,0.15,0.15,24750
ADU,20081027,0.17,0.17,0.17,0.17,5100
ADX,20081027,0.039,0.042,0.035,0.04,683000
ADY,20081027,0.03,0.03,0.024,0.024,11991257
AEC,20081027,3.16,3.16,2.98,2.98,43755
AED,20081027,1.23,1.24,1.155,1.19,153496
AEE,20081027,0.19,0.19,0.19,0.19,5000
AEF,20081027,28,28,28,28,150
AEI,20081027,0.115,0.115,0.115,0.115,3700
AEM,20081027,0.05,0.05,0.049,0.049,400000
AEO,20081027,1.2,1.215,1.2,1.2,29889
AEP,20081027,1.85,1.85,1.8,1.85,12720
AET,20081027,0.4,0.4,0.38,0.38,48000
AEU,20081027,0.29,0.29,0.255,0.255,141875
AEX,20081027,0.005,0.005,0.005,0.005,158608
AEZ,20081027,0.1,0.1,0.087,0.092,4059077
AFG,20081027,0.085,0.087,0.071,0.072,2037764
AFI,20081027,4.4,4.4,4.27,4.3,405083
AFR,20081027,0.024,0.025,0.024,0.025,48000
AGF,20081027,0.67,0.67,0.655,0.66,335060
AGG,20081027,5,5,5,5,1046
AGI,20081027,0.1,0.1,0.09,0.09,72566
AGO,20081027,0.675,0.68,0.61,0.62,1766844
AGS,20081027,0.44,0.45,0.405,0.405,145328
AGU,20081027,0.026,0.026,0.025,0.025,200000
AGY,20081027,0.082,0.082,0.082,0.082,5000
AHD,20081027,4.2,4.2,4.01,4.01,22587
AHE,20081027,0.68,0.68,0.52,0.535,743692
AHN,20081027,0.05,0.05,0.05,0.05,100000
AHS,20081027,0.36,0.36,0.26,0.32,324277
AII,20081027,0.18,0.18,0.17,0.17,46732
AIM,20081027,0.012,0.012,0.012,0.012,377740
AIO,20081027,2.4,2.45,2.26,2.32,2326150
AIV,20081027,0.05,0.05,0.05,0.05,100000
AIX,20081027,1.82,1.825,1.67,1.67,478871
AIZ,20081027,0.75,0.75,0.73,0.73,12260
AJL,20081027,3.39,3.45,3.31,3.43,204990
AKK,20081027,0.085,0.085,0.08,0.08,38000
ALB,20081027,0.32,0.35,0.305,0.305,321330
ALD,20081027,0.225,0.225,0.185,0.2,268506
ALE,20081027,0.02,0.02,0.02,0.02,100000
ALF,20081027,0.725,0.74,0.725,0.74,35016
ALK,20081027,0.175,0.175,0.15,0.15,221614
ALL,20081027,5.49,5.62,5.41,5.45,3578974
ALR,20081027,1.4,1.4,1.4,1.4,5000
ALS,20081027,5.5,5.75,5.2,5.51,158531
ALT,20081027,0.02,0.02,0.02,0.02,50000
ALU,20081027,0.45,0.45,0.45,0.45,12876
ALZ,20081027,0.335,0.34,0.305,0.305,2958837
AMA,20081027,0.072,0.072,0.045,0.045,2590620
AMB,20081027,0.21,0.21,0.2,0.2,26000
AMC,20081027,5.36,5.49,5.24,5.24,1436067
AMH,20081027,0.55,0.55,0.55,0.55,5800
AMM,20081027,0.13,0.13,0.13,0.13,68444
AMP,20081027,5.79,5.79,5.43,5.48,4581096
AMT,20081027,0.4,0.4,0.4,0.4,3220
AMU,20081027,0.43,0.435,0.43,0.435,537412
AND,20081027,0.51,0.52,0.5,0.51,96423
ANG,20081027,1.84,1.905,1.78,1.845,107971
ANH,20081027,0.011,0.012,0.009,0.009,1418589
ANM,20081027,0.02,0.021,0.02,0.021,345000
ANN,20081027,12.36,13.39,12.36,13.1,649222
ANZ,20081027,17.55,17.59,16.82,17,7004135
AOD,20081027,1.23,1.23,1.23,1.23,29628
AOE,20081027,2.34,2.35,2,2.11,2795118
AOK,20081027,0.12,0.12,0.1,0.115,418167
AON,20081027,0.21,0.21,0.205,0.205,58000
AOS,20081027,0.004,0.004,0.004,0.004,248564
APA,20081027,2.82,2.86,2.73,2.78,727754
APB,20081027,0.09,0.09,0.042,0.042,42368
APD,20081027,0.31,0.31,0.2,0.22,442113
APE,20081027,7,7,6.65,7,7006
APG,20081027,0.072,0.072,0.07,0.07,710000
APH,20081027,0.16,0.165,0.15,0.165,144500
API,20081027,0.515,0.54,0.51,0.535,112224
APN,20081027,2.53,2.6,2.35,2.41,337930
APZ,20081027,0.76,0.77,0.615,0.63,634126
AQA,20081027,3.28,3.65,2.85,3.2,197638
AQD,20081027,0.155,0.155,0.15,0.15,54194
AQP,20081027,2.62,2.62,2.23,2.25,145637
AQR,20081027,0.05,0.05,0.048,0.048,60000
ARA,20081027,0.28,0.3,0.275,0.275,503672
ARE,20081027,0.05,0.05,0.049,0.049,85220
ARG,20081027,6.08,6.1,5.95,5.95,278548
ARH,20081027,0.34,0.34,0.28,0.29,101024
ARJ,20081027,0.72,0.72,0.63,0.63,42755
ARO,20081027,0.004,0.005,0.004,0.004,472220
ARP,20081027,3.3,3.3,3.2,3.24,22312
ARR,20081027,0.047,0.047,0.042,0.045,232532
ARU,20081027,0.25,0.255,0.24,0.25,165750
ARV,20081027,0.08,0.08,0.08,0.08,20000
ARW,20081027,0.014,0.014,0.013,0.013,2246266
ASB,20081027,1.57,1.65,1.415,1.52,231948
ASC,20081027,0.01,0.011,0.01,0.011,2018339
ASL,20081027,1.06,1.11,0.92,0.99,198377
ASW,20081027,0.21,0.21,0.21,0.21,25000
ASX,20081027,30.4,30.61,30.09,30.25,874061
ASZ,20081027,0.64,0.64,0.59,0.6,49196
ATJ,20081027,0.195,0.195,0.195,0.195,2700
ATP,20081027,0.32,0.34,0.32,0.34,13800
ATQ,20081027,0.1,0.1,0.1,0.1,25336
ATR,20081027,1.6,1.6,1.6,1.6,4000
ATV,20081027,0.07,0.07,0.07,0.07,83500
AUB,20081027,3.85,3.85,3.85,3.85,99
AUI,20081027,6.1,6.1,6.1,6.1,100
AUJ,20081027,0.11,0.11,0.11,0.11,52000
AUN,20081027,0.905,0.92,0.9,0.9,508996
AUQ,20081027,0.032,0.032,0.03,0.03,10819
AUT,20081027,0.27,0.295,0.23,0.285,43000
AUW,20081027,0.89,0.905,0.86,0.88,604205
AVA,20081027,0.25,0.25,0.2,0.2,353842
AVE,20081027,1.36,1.41,1.36,1.4,56099
AVG,20081027,0.645,0.645,0.585,0.6,75469
AVJ,20081027,0.35,0.35,0.32,0.32,6730
AVO,20081027,1.05,1.16,1.025,1.085,1306389
AVX,20081027,0.125,0.125,0.115,0.12,1283375
AWB,20081027,2.81,2.81,2.7,2.75,412381
AWC,20081027,2.13,2.15,2.04,2.04,5640787
AWE,20081027,2.07,2.19,2.07,2.12,1860037
AWL,20081027,0.005,0.005,0.005,0.005,200000
AXA,20081027,4.1,4.13,3.88,3.89,1972467
AXC,20081027,0.022,0.022,0.02,0.02,500000
AXE,20081027,0.05,0.05,0.05,0.05,20000
AXI,20081027,0.053,0.053,0.053,0.053,43920
AXM,20081027,0.27,0.295,0.255,0.295,324422
AXO,20081027,0.21,0.22,0.2,0.22,669662
AXQ,20081027,0.013,0.014,0.013,0.014,60000
AXT,20081027,0.03,0.03,0.03,0.03,180000
AXY,20081027,0.038,0.038,0.037,0.037,33833
AXZ,20081027,0.11,0.11,0.11,0.11,9000
AYT,20081027,1.37,1.37,1.37,1.37,12814
AZC,20081027,0.05,0.05,0.049,0.05,118854
AZS,20081027,0.07,0.07,0.06,0.06,125600
AZZ,20081027,0.05,0.05,0.047,0.047,360464
BAR,20081027,0.065,0.065,0.061,0.061,209500
BAS,20081027,0.03,0.031,0.03,0.031,60000
BAU,20081027,0.16,0.16,0.11,0.16,199225
BBC,20081027,0.27,0.27,0.245,0.245,707422
BBG,20081027,11.39,11.39,10.9,10.95,1869132
BBI,20081027,0.2,0.205,0.175,0.18,9867119
BBL,20081027,0.23,0.23,0.2,0.2,64141
BBP,20081027,0.125,0.125,0.11,0.11,4737942
BBW,20081027,0.79,0.865,0.755,0.85,961208
BCD,20081027,0.097,0.097,0.095,0.095,35399
BCI,20081027,0.24,0.25,0.23,0.25,88970
BDG,20081027,0.11,0.11,0.1,0.1,842717
BDL,20081027,0.087,0.089,0.083,0.086,720000
BDR,20081027,0.08,0.08,0.08,0.08,12000
BEL,20081027,0.25,0.25,0.25,0.25,15214
BEN,20081027,12.65,13.17,12.5,13.11,468529
BER,20081027,0.42,0.42,0.42,0.42,7720
BET,20081027,1.9,1.9,1.9,1.9,6000
BFE,20081027,0.12,0.12,0.12,0.12,10000
BGD,20081027,0.055,0.07,0.055,0.07,477273
BGL,20081027,0.045,0.045,0.045,0.045,16000
BHP,20081027,24.81,25.35,24,24.6,15599164
BJT,20081027,0.425,0.48,0.36,0.48,4549781
BKI,20081027,1.1,1.1,1.07,1.07,119567
BKL,20081027,16.5,16.5,16,16,5266
BKN,20081027,4.25,4.29,3.99,4,421945
BKR,20081027,0.4,0.4,0.4,0.4,33409
BKW,20081027,11.25,11.26,11.23,11.25,1611
BKY,20081027,0.2,0.2,0.2,0.2,20000
BLD,20081027,4.68,4.81,4.5,4.5,1274131
BLG,20081027,0.2,0.2,0.17,0.185,288132
BLK,20081027,0.135,0.14,0.13,0.13,84242
BLP,20081027,0.165,0.165,0.155,0.16,112028
BLR,20081027,0.015,0.015,0.015,0.015,1187000
BLS,20081027,0.03,0.03,0.03,0.03,22000
BLT,20081027,0.047,0.047,0.04,0.04,233500
BLU,20081027,0.045,0.048,0.045,0.048,335000
BLY,20081027,0.515,0.515,0.46,0.51,8072441
BLZ,20081027,0.008,0.008,0.008,0.008,442029
BML,20081027,0.025,0.025,0.022,0.022,200000
BMN,20081027,0.285,0.285,0.25,0.25,443665
BMO,20081027,0.005,0.006,0.005,0.005,2044630
BNB,20081027,1.35,1.37,1.205,1.315,3720298
BND,20081027,0.325,0.325,0.32,0.32,28000
BOC,20081027,0.65,0.65,0.6,0.6,19500
BOL,20081027,0.92,0.935,0.875,0.89,264342
BON,20081027,0.04,0.04,0.04,0.04,500000
BOQ,20081027,12.35,12.5,12.02,12.03,195955
BOS,20081027,0.029,0.029,0.029,0.029,60000
BOW,20081027,0.215,0.215,0.195,0.195,205194
BPO,20081027,0.018,0.018,0.018,0.018,180000
BPT,20081027,0.805,0.825,0.745,0.77,3726872
BRC,20081027,0.26,0.26,0.26,0.26,10000
BRM,20081027,0.5,0.525,0.5,0.51,457093
BRO,20081027,0.001,0.001,0.001,0.001,26550000
BRT,20081027,0.02,0.02,0.012,0.012,145000
BRU,20081027,0.17,0.175,0.17,0.175,180475
BRW,20081027,0.081,0.081,0.081,0.081,146000
BSA,20081027,0.16,0.16,0.15,0.16,65279
BSE,20081027,0.081,0.081,0.081,0.081,12000
BSI,20081027,0.04,0.04,0.04,0.04,50000
BSL,20081027,3.83,3.87,3.62,3.7,3188163
BSM,20081027,0.095,0.099,0.095,0.099,18000
BTA,20081027,0.34,0.38,0.34,0.34,302288
BTC,20081027,0.095,0.105,0.095,0.095,321600
BTT,20081027,2.65,2.66,2.55,2.58,160000
BUG,20081027,0.425,0.425,0.425,0.425,10000
BUL,20081027,0.17,0.195,0.16,0.16,400821
BUR,20081027,0.055,0.055,0.055,0.055,30000
BUY,20081027,0.019,0.019,0.018,0.018,100000
BVA,20081027,0.31,0.34,0.3,0.34,76476
BWN,20081027,0.155,0.17,0.15,0.17,248818
BWP,20081027,1.62,1.64,1.5,1.525,859501
BXB,20081027,7.92,7.98,7.78,7.84,5275190
BYI,20081027,0.56,0.56,0.56,0.56,60000
BYL,20081027,0.25,0.25,0.23,0.235,29000
CAA,20081027,0.125,0.14,0.11,0.12,988266
CAB,20081027,7.1,7.1,6.82,6.95,616198
CAF,20081027,0.2,0.2,0.2,0.2,4000
CAH,20081027,0.03,0.036,0.03,0.035,808701
CAM,20081027,0.815,0.815,0.795,0.795,60619
CAP,20081027,0.046,0.046,0.044,0.044,39776
CAQ,20081027,0.1,0.1,0.1,0.1,31500
CAU,20081027,0.011,0.011,0.01,0.01,150000
CAV,20081027,0.066,0.066,0.065,0.065,43000
CAZ,20081027,0.1,0.1,0.1,0.1,19351
CBA,20081027,40.86,40.92,39.01,40.02,4182188
CBB,20081027,0.26,0.26,0.26,0.26,2600
CBD,20081027,0.084,0.084,0.08,0.08,80306
CBH,20081027,0.063,0.064,0.062,0.062,672566
CCD,20081027,0.45,0.45,0.39,0.4,621305
CCF,20081027,0.18,0.18,0.18,0.18,5000
CCI,20081027,0.081,0.085,0.081,0.085,60000
CCL,20081027,8.1,8.43,7.96,8.2,2253949
CCP,20081027,0.61,0.63,0.555,0.555,14992
CCQ,20081027,0.365,0.365,0.365,0.365,41000
CCV,20081027,0.225,0.25,0.22,0.23,447167
CCY,20081027,0.04,0.04,0.04,0.04,5000
CDA,20081027,0.7,0.7,0.69,0.69,10725
CDD,20081027,3.89,3.89,3.5,3.75,42878
CDF,20081027,1.11,1.14,1.1,1.14,22003
CDI,20081027,0.43,0.44,0.4,0.43,1276134
CDP,20081027,3.8,3.8,3.6,3.6,99376
CDU,20081027,1.2,1.2,1,1.1,139170
CEC,20081027,0.06,0.06,0.06,0.06,8510
CEG,20081027,0.2,0.2,0.19,0.19,48265
CER,20081027,0.1,0.1,0.086,0.09,8116398
CEU,20081027,0.69,0.7,0.68,0.69,3014356
CEY,20081027,3.09,3.1,2.77,2.8,2526748
CFE,20081027,0.19,0.195,0.185,0.185,936103
CFR,20081027,0.005,0.005,0.004,0.005,12999135
CFU,20081027,0.15,0.16,0.135,0.14,700873
CFX,20081027,1.72,2.01,1.7,1.99,12080611
CGF,20081027,1.76,1.76,1.6,1.61,2161367
CGG,20081027,0.14,0.14,0.135,0.14,653152
CGO,20081027,0.5,0.5,0.5,0.5,18845
CGT,20081027,0.054,0.054,0.049,0.049,389482
CGX,20081027,0.9,0.9,0.8,0.8,34010
CHC,20081027,0.485,0.485,0.415,0.43,438872
CHM,20081027,0.012,0.014,0.011,0.013,1555000
CHO,20081027,4.75,4.75,4.75,4.75,2000
CIF,20081027,2.24,2.3,2.22,2.3,178061
CIG,20081027,0.02,0.02,0.019,0.019,1984539
CII,20081027,0.97,0.97,0.97,0.97,15000
CIL,20081027,1.25,1.25,1.1,1.19,37100
CIN,20081027,13.6,13.6,13.6,13.6,5845
CIX,20081027,0.34,0.34,0.32,0.32,13800
CIY,20081027,0.135,0.135,0.11,0.11,326400
CKL,20081027,0.44,0.44,0.44,0.44,3754
CKT,20081027,0.6,0.6,0.55,0.55,281000
CLH,20081027,0.46,0.46,0.46,0.46,20000
CLO,20081027,0.32,0.33,0.31,0.31,308355
CLQ,20081027,0.33,0.33,0.3,0.3,26000
CLT,20081027,0.295,0.295,0.295,0.295,1500
CLU,20081027,0.055,0.055,0.055,0.055,17777
CLV,20081027,0.19,0.2,0.18,0.2,74000
CMG,20081027,0.19,0.2,0.19,0.19,128127
CMJ,20081027,1.85,2.15,1.825,2.08,1072820
CMO,20081027,0.02,0.02,0.015,0.015,180000
CMP,20081027,0.115,0.115,0.105,0.105,73000
CMR,20081027,0.235,0.235,0.195,0.215,583289
CMV,20081027,0.175,0.175,0.15,0.17,138038
CMW,20081027,0.59,0.6,0.57,0.58,364157
CMY,20081027,0.07,0.07,0.063,0.063,30000
CND,20081027,0.9,0.925,0.85,0.85,21000
CNF,20081027,0.075,0.075,0.067,0.07,157800
CNP,20081027,0.071,0.073,0.067,0.068,2855721
CNT,20081027,0.68,0.68,0.59,0.59,77500
CNX,20081027,0.27,0.29,0.255,0.265,1816752
COE,20081027,0.245,0.27,0.235,0.245,479817
COF,20081027,2,2.01,1.85,1.99,73022
COH,20081027,54,55.19,52.15,54.3,94297
COK,20081027,0.255,0.27,0.245,0.25,450961
COM,20081027,0.08,0.08,0.08,0.08,100000
COS,20081027,0.045,0.045,0.045,0.045,6000
COU,20081027,1.07,1.12,1.01,1.1,390572
COZ,20081027,0.285,0.295,0.285,0.295,32443
CPA,20081027,1.105,1.395,1.085,1.35,6618915
CPB,20081027,20.99,21.5,20.91,21,207081
CPN,20081027,0.05,0.05,0.05,0.05,55911
CPR,20081027,0.34,0.34,0.29,0.295,83400
CPU,20081027,8.79,8.95,8.47,8.84,3051701
CQT,20081027,0.16,0.19,0.16,0.18,396789
CQU,20081027,0.051,0.061,0.051,0.06,677535
CRC,20081027,0.1,0.1,0.09,0.095,57824
CRE,20081027,0.075,0.075,0.075,0.075,170000
CRG,20081027,9,10.36,8.45,8.75,50439
CRK,20081027,0.65,0.65,0.6,0.6,110000
CRM,20081027,1.55,1.55,1.55,1.55,2830
CRS,20081027,0.014,0.014,0.014,0.014,67126
CRT,20081027,0.325,0.325,0.325,0.325,20000
CSE,20081027,0.07,0.075,0.07,0.075,131810
CSJ,20081027,1.01,1.01,1.01,1.01,50000
CSL,20081027,34.3,35.22,34.1,35.2,1819693
CSR,20081027,2.23,2.23,2.1,2.11,7223249
CSS,20081027,0.3,0.3,0.285,0.3,98810
CST,20081027,2.18,2.18,1.99,1.99,85152
CSU,20081027,0.96,0.965,0.96,0.965,110000
CSV,20081027,0.59,0.6,0.565,0.6,59566
CTN,20081027,0.65,0.675,0.61,0.615,75309
CTO,20081027,0.195,0.195,0.18,0.18,979100
CTP,20081027,0.074,0.087,0.068,0.068,915530
CTS,20081027,0.058,0.058,0.058,0.058,6000
CTX,20081027,8.9,8.9,8.61,8.75,650859
CUE,20081027,0.13,0.135,0.125,0.135,294308
CUL,20081027,0.05,0.05,0.05,0.05,338326
CUO,20081027,0.097,0.097,0.081,0.085,3506776
CUR,20081027,0.9,1.05,0.9,1.05,25000
CUS,20081027,0.096,0.1,0.096,0.097,446000
CUV,20081027,0.255,0.255,0.24,0.25,50727
CUX,20081027,0.079,0.079,0.079,0.079,39459
CUY,20081027,0.155,0.155,0.155,0.155,33750
CVC,20081027,0.76,0.76,0.75,0.75,36966
CVI,20081027,0.016,0.016,0.013,0.013,10534177
CVN,20081027,0.275,0.28,0.25,0.26,3140379
CWK,20081027,0.16,0.2,0.16,0.2,89000
CWN,20081027,6.5,6.79,6.38,6.48,801108
CWT,20081027,0.49,0.5,0.48,0.48,256673
CXC,20081027,0.93,0.93,0.825,0.86,171458
CXG,20081027,0.455,0.455,0.29,0.305,405933
CXM,20081027,0.16,0.16,0.16,0.16,5000
CXP,20081027,4.9,5.07,4.7,4.79,145613
CXS,20081027,0.6,0.6,0.55,0.55,70565
CXY,20081027,0.067,0.067,0.055,0.059,1410549
CYA,20081027,0.78,0.8,0.76,0.76,182714
CYC,20081027,0.1,0.1,0.1,0.1,66148
CYG,20081027,1.43,1.47,1.4,1.4,6875
CYT,20081027,0.11,0.11,0.11,0.11,2200
CYU,20081027,0.125,0.125,0.125,0.125,6620
CZA,20081027,0.725,0.8,0.725,0.8,491883
CZR,20081027,0.07,0.075,0.07,0.075,101000
DBS,20081027,0.2,0.2,0.2,0.2,83000
DES,20081027,0.015,0.016,0.014,0.014,175000
DEX,20081027,0.66,0.66,0.61,0.61,62941
DGH,20081027,0.37,0.37,0.37,0.37,32000
DGR,20081027,0.052,0.055,0.05,0.05,43839
DIO,20081027,0.36,0.36,0.325,0.325,72661
DJS,20081027,2.75,2.78,2.66,2.7,1183219
DJW,20081027,3.55,3.58,3.45,3.45,106102
DKN,20081027,0.66,0.66,0.66,0.66,20000
DLS,20081027,0.029,0.03,0.027,0.03,765500
DMG,20081027,0.09,0.09,0.09,0.09,239000
DML,20081027,0.175,0.175,0.17,0.17,11888
DMM,20081027,0.15,0.15,0.15,0.15,46800
DMP,20081027,2.9,2.9,2.65,2.65,43275
DMX,20081027,0.13,0.13,0.13,0.13,1000
DOM,20081027,2.2,2.2,1.97,2.01,157369
DON,20081027,0.1,0.1,0.091,0.091,26100
DOW,20081027,4.5,4.5,4.15,4.35,591301
DRA,20081027,0.042,0.042,0.04,0.04,1164000
DRK,20081027,0.07,0.075,0.07,0.075,140000
DRX,20081027,0.085,0.085,0.08,0.081,250000
DTL,20081027,5,5,5,5,6500
DUE,20081027,2.54,2.58,2.51,2.54,930962
DUI,20081027,2.74,2.74,2.7,2.7,6236
DVA,20081027,0.01,0.01,0.01,0.01,115233
DVN,20081027,0.67,0.67,0.66,0.66,60621
DWS,20081027,0.65,0.65,0.6,0.6,123697
DWY,20081027,0.13,0.13,0.12,0.12,55000
DXS,20081027,0.82,1,0.82,0.96,14919602
DYE,20081027,0.66,0.66,0.62,0.65,28000
DYL,20081027,0.13,0.13,0.125,0.13,651707
EBB,20081027,0.097,0.097,0.097,0.097,1000
EBG,20081027,0.13,0.13,0.13,0.13,1000
EBI,20081027,1.95,1.95,1.555,1.685,219234
ECU,20081027,0.175,0.175,0.16,0.16,47935
EDS,20081027,0.13,0.13,0.13,0.13,1000
EEE,20081027,0.05,0.05,0.05,0.05,20000
EER,20081027,0.17,0.23,0.17,0.23,17900
EFE,20081027,0.145,0.145,0.145,0.145,3500
EFT,20081027,0.045,0.045,0.045,0.045,13000
EGF,20081027,1.605,1.61,1.5,1.505,348944
EGO,20081027,0.011,0.012,0.01,0.011,9907915
EHL,20081027,0.735,0.75,0.685,0.685,1017474
EKA,20081027,0.13,0.13,0.12,0.12,151200
ELI,20081027,0.66,0.66,0.66,0.66,10000
ELK,20081027,0.16,0.2,0.16,0.2,110000
ELX,20081027,0.2,0.2,0.2,0.2,10000
EMA,20081027,0.26,0.26,0.23,0.235,141000
EME,20081027,0.41,0.41,0.41,0.41,100000
EMG,20081027,0.075,0.075,0.07,0.07,110000
EMR,20081027,0.08,0.08,0.08,0.08,73660
EMS,20081027,0.11,0.11,0.11,0.11,30769
ENE,20081027,2.43,2.5,2.43,2.47,124448
ENG,20081027,0.018,0.018,0.018,0.018,55000
ENV,20081027,0.6,0.635,0.6,0.605,611265
EON,20081027,0.455,0.455,0.43,0.45,117000
EPD,20081027,0.066,0.066,0.066,0.066,16700
EPF,20081027,0.11,0.11,0.11,0.11,1750000
EPG,20081027,0.255,0.255,0.24,0.25,239000
EPR,20081027,0.034,0.035,0.032,0.032,323500
EPY,20081027,0.019,0.019,0.019,0.019,30000
EQN,20081027,1.05,1.12,1.01,1.06,2770800
ERA,20081027,11.38,11.74,10.68,11.3,155484
ERG,20081027,0.008,0.008,0.007,0.007,921575
ERH,20081027,0.14,0.15,0.135,0.135,219563
ERL,20081027,0.05,0.05,0.05,0.05,20000
ERM,20081027,0.088,0.088,0.08,0.08,1297126
ERO,20081027,0.03,0.03,0.03,0.03,26000
ESG,20081027,0.285,0.3,0.265,0.27,846188
ESI,20081027,0.03,0.03,0.03,0.03,88300
ESN,20081027,0.005,0.005,0.005,0.005,5000000
ESS,20081027,0.65,0.65,0.6,0.6,48833
ESV,20081027,0.62,0.62,0.62,0.62,4450
ESW,20081027,0.13,0.16,0.13,0.16,55000
ETC,20081027,0.285,0.29,0.28,0.29,149358
ETE,20081027,0.075,0.075,0.07,0.07,435000
EVE,20081027,0.014,0.014,0.011,0.011,837788
EVM,20081027,0.05,0.05,0.048,0.048,17200
EVZ,20081027,0.12,0.125,0.115,0.125,166196
EWC,20081027,0.325,0.33,0.26,0.285,2201854
EXM,20081027,0.005,0.006,0.005,0.006,900000
EXR,20081027,0.064,0.064,0.058,0.063,420979
EXS,20081027,0.12,0.12,0.1,0.1,115000
EXT,20081027,0.9,0.9,0.89,0.89,46899
EZL,20081027,0.965,0.965,0.95,0.95,14945
FAC,20081027,0.04,0.04,0.03,0.03,84500
FAN,20081027,2.1,2.1,2,2,76630
FAR,20081027,0.029,0.029,0.02,0.022,5509810
FAS,20081027,0.053,0.053,0.051,0.051,43000
FAT,20081027,0.7,0.7,0.7,0.7,8900
FBU,20081027,5.21,5.21,5,5.02,233596
FCL,20081027,1.11,1.145,1.06,1.13,2063016
FCN,20081027,0.072,0.072,0.056,0.056,201250
FCP,20081027,0.013,0.013,0.013,0.013,150000
FDY,20081027,0.09,0.09,0.09,0.09,7999
FEA,20081027,0.38,0.4,0.38,0.38,40500
FER,20081027,0.25,0.25,0.225,0.225,22500
FGE,20081027,0.35,0.35,0.35,0.35,26000
FGL,20081027,5.08,5.21,4.96,5.08,9075517
FIS,20081027,0.11,0.12,0.1,0.12,189250
FKP,20081027,0.995,1.02,0.93,0.95,1085637
FLK,20081027,0.56,0.56,0.55,0.56,22700
FLT,20081027,13.18,13.27,12.21,13,382190
FLX,20081027,9,9.57,8.9,9.4,435367
FMG,20081027,2.84,2.96,2.77,2.8,8572563
FML,20081027,0.02,0.02,0.018,0.02,1614758
FMS,20081027,0.049,0.053,0.047,0.05,8456712
FNP,20081027,0.49,0.49,0.49,0.49,3300
FNT,20081027,0.042,0.042,0.04,0.04,105000
FPA,20081027,1.1,1.1,1.05,1.05,3000
FPH,20081027,2.6,2.93,2.6,2.84,15814
FPS,20081027,2,2,1.9,1.9,28075
FRE,20081027,0.11,0.11,0.11,0.11,172000
FRI,20081027,0.485,0.49,0.48,0.48,36167
FRM,20081027,0.27,0.27,0.27,0.27,30000
FRR,20081027,0.11,0.11,0.105,0.105,120000
FRS,20081027,0.23,0.24,0.2,0.205,868759
FRV,20081027,0.005,0.005,0.005,0.005,50503
FSA,20081027,0.21,0.21,0.21,0.21,2300
FSE,20081027,0.02,0.02,0.02,0.02,157285
FSN,20081027,0.225,0.225,0.22,0.22,112000
FUN,20081027,0.245,0.25,0.235,0.245,29599
FWD,20081027,5.79,6.06,5.2,5.5,109108
FWL,20081027,0.044,0.044,0.041,0.041,20000
FXJ,20081027,1.975,1.98,1.885,1.89,8610767
FXL,20081027,0.325,0.325,0.29,0.3,356867
FXR,20081027,0.125,0.125,0.115,0.115,332490
GAU,20081027,0.045,0.045,0.04,0.04,300000
GBG,20081027,0.34,0.36,0.325,0.35,1293377
GBL,20081027,0.009,0.009,0.009,0.009,60000
GBM,20081027,0.06,0.06,0.06,0.06,30000
GBP,20081027,0.1,0.1,0.095,0.095,85000
GBT,20081027,1,1,0.945,0.945,3500
GCG,20081027,0.16,0.16,0.16,0.16,15330
GCL,20081027,4.09,4.09,3.6,3.77,590908
GCR,20081027,0.01,0.01,0.01,0.01,162500
GDN,20081027,0.053,0.059,0.052,0.054,569364
GDR,20081027,0.038,0.038,0.031,0.032,580000
GDY,20081027,0.71,0.73,0.67,0.71,398600
GFF,20081027,1.49,1.515,1.485,1.5,10036869
GFL,20081027,0.82,0.82,0.8,0.8,50000
GGE,20081027,0.015,0.015,0.015,0.015,2000000
GGG,20081027,0.18,0.18,0.18,0.18,50000
GGP,20081027,0.22,0.26,0.2,0.205,647658
GGY,20081027,0.03,0.03,0.028,0.028,175000
GIR,20081027,0.425,0.425,0.36,0.37,164596
GJT,20081027,0.195,0.2,0.18,0.19,901871
GLB,20081027,0.26,0.26,0.26,0.26,2440
GLF,20081027,0.064,0.064,0.04,0.058,112500
GLH,20081027,0.035,0.035,0.035,0.035,12500
GLI,20081027,0.195,0.195,0.195,0.195,26500
GLM,20081027,0.085,0.09,0.085,0.086,127750
GLX,20081027,0.04,0.04,0.04,0.04,75552
GME,20081027,0.056,0.056,0.04,0.04,656850
GMI,20081027,0.94,0.94,0.81,0.815,532618
GMX,20081027,0.95,0.95,0.95,0.95,2000
GNC,20081027,6.9,6.93,6.81,6.93,37348
GNI,20081027,0.07,0.07,0.07,0.07,10000
GNM,20081027,0.7,0.7,0.69,0.7,96941
GNS,20081027,1.14,1.14,1.055,1.085,1016104
GOA,20081027,0.01,0.01,0.009,0.009,106000
GOW,20081027,2.7,2.7,2.68,2.68,9450
GPG,20081027,0.83,0.87,0.825,0.825,166784
GPM,20081027,0.195,0.195,0.19,0.195,399461
GPN,20081027,0.005,0.006,0.004,0.005,1430000
GPP,20081027,0.07,0.07,0.07,0.07,10000
GPT,20081027,0.67,0.84,0.62,0.84,109123997
GRD,20081027,0.44,0.445,0.415,0.44,298066
GRK,20081027,0.05,0.05,0.041,0.047,270743
GRR,20081027,0.63,0.63,0.555,0.555,52960
GRY,20081027,0.1,0.1,0.1,0.1,50000
GTG,20081027,0.041,0.041,0.041,0.041,43000
GTP,20081027,0.3,0.34,0.3,0.31,767449
GUD,20081027,5.34,5.54,4.94,5.3,117271
GWR,20081027,0.56,0.56,0.56,0.56,8800
GWT,20081027,2.62,2.78,2.62,2.71,339678
GXL,20081027,0.66,0.66,0.65,0.65,13500
GXY,20081027,0.38,0.38,0.37,0.37,52885
GYN,20081027,0.04,0.04,0.04,0.04,40000
GZL,20081027,1.4,1.4,1.4,1.4,6000
HAO,20081027,0.08,0.08,0.07,0.07,80000
HAV,20081027,0.32,0.385,0.31,0.32,58564
HAW,20081027,0.01,0.011,0.009,0.011,1322600
HCG,20081027,0.02,0.02,0.02,0.02,45000
HDF,20081027,2.52,2.52,2.24,2.32,360068
HDG,20081027,0.045,0.045,0.04,0.04,50000
HDN,20081027,0.125,0.125,0.1,0.12,142850
HEG,20081027,0.115,0.13,0.11,0.13,131500
HEM,20081027,0.105,0.105,0.095,0.095,52166
HFA,20081027,0.305,0.365,0.3,0.345,673612
HGG,20081027,1.26,1.45,1.26,1.45,427710
HGO,20081027,0.096,0.096,0.085,0.085,133465
HHL,20081027,6.01,6.01,5.25,5.3,36658
HHM,20081027,0.165,0.165,0.165,0.165,50000
HHV,20081027,0.58,0.59,0.54,0.54,616878
HHY,20081027,1.1,1.12,1.04,1.06,145892
HIC,20081027,0.62,0.62,0.6,0.6,12910
HIG,20081027,0.058,0.058,0.053,0.053,192017
HIL,20081027,3.9,3.95,3.67,3.88,135821
HIP,20081027,1.35,1.35,1.35,1.35,89
HJB,20081027,0.051,0.051,0.049,0.049,15000
HLD,20081027,0.13,0.13,0.13,0.13,17000
HLG,20081027,0.4,0.43,0.395,0.395,45900
HLS,20081027,0.06,0.06,0.06,0.06,13334
HLX,20081027,0.06,0.06,0.06,0.06,13333
HMC,20081027,0.051,0.051,0.048,0.048,335000
HRL,20081027,0.085,0.085,0.07,0.07,120000
HRR,20081027,0.14,0.15,0.14,0.15,77000
HRS,20081027,0.14,0.14,0.14,0.14,4000
HSK,20081027,0.7,0.7,0.7,0.7,120000
HSN,20081027,0.36,0.36,0.355,0.355,13081
HSP,20081027,4.6,4.7,4.51,4.6,938471
HST,20081027,1.24,1.25,1.15,1.17,390121
HTA,20081027,0.09,0.09,0.086,0.089,902500
HTE,20081027,0.038,0.038,0.038,0.038,55766
HTW,20081027,0.56,0.56,0.55,0.55,41350
HTX,20081027,0.051,0.051,0.051,0.051,99467
HVN,20081027,2.55,2.62,2.53,2.59,1988848
HWI,20081027,0.7,0.74,0.68,0.68,24430
HXL,20081027,0.52,0.52,0.51,0.51,55000
HYO,20081027,0.028,0.028,0.028,0.028,40000
HZN,20081027,0.15,0.16,0.15,0.155,280733
IAA,20081027,36.72,36.72,36.09,36.3,3202
IAG,20081027,3.7,3.7,3.49,3.57,2709568
IAT,20081027,0.021,0.021,0.021,0.021,44000
IAU,20081027,0.089,0.09,0.08,0.08,751000
IBA,20081027,0.635,0.665,0.625,0.64,1590138
IBC,20081027,0.42,0.42,0.42,0.42,146626
IBG,20081027,0.085,0.085,0.085,0.085,11366
ICC,20081027,0.06,0.06,0.06,0.06,11400
ICD,20081027,0.15,0.195,0.15,0.195,126811
ICN,20081027,0.16,0.16,0.14,0.15,334319
ICS,20081027,0.115,0.115,0.115,0.115,10000
IDL,20081027,0.175,0.175,0.165,0.17,2766201
IDM,20081027,0.27,0.27,0.24,0.24,8000
IDT,20081027,1.8,1.85,1.7,1.8,50628
IEF,20081027,0.5,0.5,0.45,0.45,40836
IEM,20081027,32.18,32.18,31.69,31.7,2563
IFE,20081027,0.185,0.185,0.17,0.17,35001
IFL,20081027,4.8,4.8,4.37,4.6,70984
IFM,20081027,0.37,0.37,0.355,0.365,139390
IGC,20081027,0.23,0.24,0.22,0.235,1195955
IGG,20081027,0.35,0.35,0.35,0.35,15000
IGO,20081027,1.33,1.46,1.295,1.295,580737
IGR,20081027,0.099,0.1,0.096,0.098,482721
IHF,20081027,0.685,0.685,0.665,0.68,66893
IIF,20081027,0.625,0.625,0.41,0.415,7764141
IIG,20081027,0.006,0.006,0.006,0.006,19079
III,20081027,0.15,0.15,0.15,0.15,8660
IIN,20081027,1.1,1.15,1.065,1.105,77277
IJH,20081027,80.11,80.11,80.11,80.11,100
IJP,20081027,13.6,14,13.42,13.42,6031
IJR,20081027,66.54,66.54,66.42,66.42,200
IKO,20081027,36.66,36.66,33.34,33.34,3203
ILF,20081027,0.12,0.13,0.1,0.12,1891109
ILU,20081027,4.2,4.2,3.8,3.8,690908
IMA,20081027,0.31,0.31,0.29,0.29,8360
IMD,20081027,0.54,0.56,0.495,0.5,415155
IMF,20081027,0.74,0.75,0.71,0.71,234745
IMI,20081027,0.005,0.006,0.005,0.005,8502020
IMP,20081027,0.007,0.007,0.006,0.006,694394
INE,20081027,0.355,0.355,0.32,0.32,130997
INL,20081027,0.017,0.018,0.016,0.018,708250
INP,20081027,0.255,0.255,0.225,0.25,309900
INT,20081027,0.007,0.007,0.007,0.007,850000
IOF,20081027,0.86,1.07,0.815,1.02,5213354
IOH,20081027,0.2,0.2,0.19,0.19,30750
IOO,20081027,75.9,75.99,74,74.7,17548
IPA,20081027,0.082,0.082,0.08,0.08,72000
IPE,20081027,0.57,0.595,0.57,0.57,21991
IPL,20081027,3.71,3.73,3.41,3.41,6558263
IPM,20081027,0.91,1.02,0.88,1,2285695
IPP,20081027,0.1,0.1,0.1,0.1,22000
IPR,20081027,0.089,0.095,0.089,0.09,635000
IPT,20081027,0.05,0.05,0.05,0.05,50000
IPX,20081027,0.36,0.36,0.35,0.35,42000
IRE,20081027,4.5,4.67,4.46,4.5,230168
IRI,20081027,0.27,0.27,0.265,0.27,74600
IRL,20081027,0.015,0.015,0.011,0.011,2433500
IRM,20081027,0.105,0.105,0.099,0.099,55200
IRN,20081027,0.51,0.55,0.51,0.55,31839
ISK,20081027,0.22,0.23,0.2,0.2,74750
ISS,20081027,0.375,0.375,0.36,0.365,42500
ITC,20081027,0.035,0.035,0.035,0.035,1114000
ITD,20081027,0.099,0.1,0.099,0.099,96651
ITE,20081027,0.031,0.031,0.031,0.031,6000
ITS,20081027,0.2,0.2,0.2,0.2,5000
ITW,20081027,12.26,12.26,12.21,12.22,24000
ITX,20081027,0.665,0.665,0.65,0.65,12500
IUL,20081027,0.008,0.008,0.008,0.008,800000
IVA,20081027,0.4,0.4,0.395,0.395,250000
IVC,20081027,4.44,4.44,4.25,4.4,199826
IVE,20081027,64.14,64.14,63.2,63.63,1008
IVV,20081027,141.69,141.77,140.09,140.09,724
IXR,20081027,0.27,0.27,0.265,0.265,20000
IZZ,20081027,35,35,33.7,33.78,295
JAG,20081027,0.038,0.058,0.038,0.058,24666
JAK,20081027,0.031,0.031,0.029,0.03,196000
JAT,20081027,0.047,0.05,0.045,0.045,137500
JBH,20081027,9.9,10.05,9.8,9.9,644912
JET,20081027,1.155,1.155,1.11,1.11,160900
JGL,20081027,0.115,0.125,0.1,0.11,198229
JHX,20081027,4.39,4.4,4.17,4.2,974427
JML,20081027,0.105,0.12,0.1,0.1,2741560
JMS,20081027,0.096,0.096,0.086,0.09,151049
JPR,20081027,0.026,0.026,0.025,0.025,230000
JRL,20081027,0.32,0.32,0.32,0.32,75000
JRV,20081027,0.014,0.014,0.011,0.012,8454057
KAL,20081027,0.02,0.022,0.018,0.022,272250
KAM,20081027,0.21,0.21,0.2,0.2,20000
KAR,20081027,1.84,1.89,1.68,1.72,403959
KBC,20081027,0.25,0.27,0.25,0.26,838972
KCN,20081027,2.25,2.43,2.25,2.29,297205
KEN,20081027,0.105,0.105,0.1,0.1,15000
KGL,20081027,0.06,0.06,0.06,0.06,35000
KIK,20081027,0.07,0.07,0.06,0.06,230000
KIL,20081027,0.625,0.625,0.605,0.605,141313
KIS,20081027,0.25,0.25,0.25,0.25,7200
KKT,20081027,0.052,0.052,0.051,0.051,25000
KMN,20081027,0.12,0.12,0.1,0.1,1323792
KOV,20081027,3.75,3.75,3.7,3.7,4818
KRM,20081027,0.12,0.12,0.12,0.12,54000
KRS,20081027,0.18,0.18,0.18,0.18,15700
KSC,20081027,2.8,2.8,2.8,2.8,14112
KSX,20081027,0.021,0.022,0.019,0.019,634093
KTE,20081027,0.024,0.024,0.024,0.024,45000
KTL,20081027,0.01,0.01,0.01,0.01,100000
KZL,20081027,0.72,0.725,0.55,0.55,2922002
LAT,20081027,0.014,0.014,0.014,0.014,24999
LAU,20081027,0.17,0.17,0.17,0.17,5000
LBT,20081027,0.125,0.125,0.12,0.12,13333
LBY,20081027,0.08,0.08,0.08,0.08,7000
LCE,20081027,0.51,0.51,0.51,0.51,1500
LCM,20081027,0.7,0.7,0.7,0.7,10000
LCT,20081027,0.195,0.2,0.16,0.195,165200
LCY,20081027,0.1,0.13,0.1,0.13,30000
LDW,20081027,2.55,2.6,2.55,2.6,1397
LEG,20081027,0.01,0.01,0.007,0.007,6365387
LEI,20081027,27.3,27.8,26.5,27.55,1099966
LEP,20081027,2.62,2.62,2.5,2.5,181649
LFE,20081027,0.054,0.054,0.053,0.053,43100
LGD,20081027,0.076,0.076,0.076,0.076,10
LGL,20081027,1.69,1.7,1.565,1.57,21338619
LKO,20081027,0.004,0.004,0.004,0.004,1161166
LLA,20081027,0.024,0.024,0.024,0.024,758236
LLC,20081027,6.49,6.99,6.45,6.65,660450
LMC,20081027,3.25,3.3,3.2,3.3,1032
LMP,20081027,0.085,0.085,0.085,0.085,111400
LMW,20081027,0.55,0.55,0.55,0.55,6000
LNC,20081027,2.1,2.33,1.88,2.28,1890198
LNG,20081027,0.45,0.45,0.4,0.4,55117
LNN,20081027,8.27,8.6,8.27,8.48,536631
LOD,20081027,0.013,0.013,0.013,0.013,54000
LOM,20081027,0.06,0.06,0.05,0.05,57850
LRF,20081027,0.51,0.515,0.47,0.47,136307
LRL,20081027,0.08,0.08,0.08,0.08,206250
LSA,20081027,0.008,0.009,0.008,0.009,1500476
LSL,20081027,0.001,0.001,0.001,0.001,10568050
LSR,20081027,0.028,0.028,0.028,0.028,3883
LST,20081027,1.16,1.17,1.145,1.17,409765
LTR,20081027,0.036,0.036,0.036,0.036,100000
LUM,20081027,0.005,0.005,0.005,0.005,100000
LWB,20081027,1.4,1.4,1.38,1.38,11110
LYC,20081027,0.275,0.28,0.24,0.24,2921789
LYL,20081027,2.75,2.75,2.6,2.6,6641
MAE,20081027,0.26,0.285,0.22,0.22,317750
MAH,20081027,0.72,0.805,0.72,0.77,1041931
MAK,20081027,0.58,0.58,0.505,0.55,799661
MAP,20081027,2.39,2.39,2.31,2.37,2544784
MAQ,20081027,0.75,0.75,0.75,0.75,10000
MBA,20081027,0.027,0.027,0.02,0.02,99597
MBI,20081027,0.013,0.013,0.01,0.01,1545833
MBN,20081027,1.37,1.5,1.26,1.26,661876
MBP,20081027,0.032,0.032,0.029,0.029,120000
MBT,20081027,0.4,0.5,0.4,0.5,55446
MCC,20081027,6,6.04,5.75,5.79,320563
MCG,20081027,1.56,1.58,1.42,1.5,2547185
MCH,20081027,0.9,0.9,0.9,0.9,5000
MCL,20081027,0.007,0.007,0.007,0.007,200000
MCO,20081027,0.17,0.17,0.155,0.155,37442
MCR,20081027,0.7,0.735,0.625,0.64,1797872
MCU,20081027,0.47,0.47,0.455,0.455,230377
MCW,20081027,0.42,0.42,0.335,0.335,9362466
MDA,20081027,0.175,0.2,0.175,0.2,28201
MDL,20081027,0.425,0.46,0.42,0.445,377078
MDT,20081027,0.12,0.12,0.097,0.105,5965381
MDV,20081027,0.006,0.006,0.006,0.006,65000
MEL,20081027,0.325,0.325,0.29,0.3,92872
MEO,20081027,0.15,0.15,0.14,0.145,333447
MEP,20081027,0.175,0.175,0.135,0.135,4450
MES,20081027,0.099,0.105,0.099,0.105,30500
MET,20081027,0.079,0.079,0.079,0.079,70000
MEU,20081027,0.041,0.042,0.041,0.042,93626
MFC,20081027,0.061,0.063,0.061,0.063,179000
MFF,20081027,0.58,0.58,0.565,0.57,622630
MFG,20081027,0.52,0.52,0.5,0.5,16894
MFI,20081027,0.022,0.022,0.021,0.021,44000
MGK,20081027,0.022,0.022,0.022,0.022,50000
MGO,20081027,0.082,0.094,0.082,0.094,316000
MGR,20081027,1.55,1.6,1.45,1.45,5718901
MGU,20081027,0.055,0.055,0.052,0.055,250000
MGY,20081027,0.06,0.06,0.047,0.047,150000
MHL,20081027,0.005,0.006,0.004,0.004,1490000
MIF,20081027,0.41,0.41,0.38,0.41,15603
MIG,20081027,1.965,2.02,1.91,2,5063981
MIK,20081027,0.12,0.12,0.12,0.12,5376
MIN,20081027,2.3,2.5,2.3,2.4,690897
MIR,20081027,1.5,1.5,1.42,1.47,30370
MIT,20081027,1.31,1.31,1.31,1.31,8000
MIX,20081027,0.12,0.12,0.115,0.115,356400
MKY,20081027,0.011,0.011,0.011,0.011,225000
MLB,20081027,1.855,1.96,1.85,1.93,158694
MLE,20081027,1.23,1.23,1.1,1.11,408415
MLM,20081027,0.22,0.22,0.21,0.21,15840
MLS,20081027,0.01,0.01,0.009,0.01,200000
MLT,20081027,16.5,16.5,16,16.04,30921
MLX,20081027,0.125,0.125,0.12,0.12,330968
MMA,20081027,0.56,0.56,0.55,0.55,93032
MMB,20081027,0.26,0.26,0.25,0.25,167000
MMG,20081027,1.67,1.675,1.415,1.45,270834
MMN,20081027,0.039,0.039,0.031,0.031,960267
MMS,20081027,2.26,2.26,2.18,2.18,17344
MMX,20081027,0.55,0.57,0.5,0.56,647561
MMZ,20081027,0.006,0.006,0.006,0.006,197504
MND,20081027,8.56,8.56,7.35,8.29,233096
MNL,20081027,0.23,0.23,0.19,0.19,26000
MNM,20081027,0.07,0.07,0.07,0.07,5000
MNW,20081027,0.025,0.025,0.025,0.025,40000
MOC,20081027,0.885,0.9,0.88,0.9,83236
MOF,20081027,0.37,0.39,0.315,0.35,9500993
MOG,20081027,0.027,0.027,0.027,0.027,50000
MOL,20081027,0.41,0.41,0.365,0.4,188729
MOS,20081027,0.073,0.073,0.069,0.07,1338554
MOX,20081027,0.05,0.05,0.05,0.05,60214
MOY,20081027,0.026,0.026,0.02,0.02,325000
MPD,20081027,0.014,0.014,0.011,0.011,4000000
MPF,20081027,0.295,0.315,0.25,0.315,42885
MPJ,20081027,0.002,0.002,0.002,0.002,8350000
MPO,20081027,0.475,0.475,0.425,0.43,906590
MPS,20081027,0.22,0.23,0.22,0.22,223700
MQG,20081027,28.7,28.71,26.81,27,1672059
MRA,20081027,0.18,0.185,0.165,0.185,163248
MRE,20081027,0.37,0.43,0.36,0.36,5480625
MRM,20081027,1.26,1.34,1.165,1.34,132568
MRN,20081027,0.4,0.4,0.4,0.4,1000
MRU,20081027,0.65,0.68,0.65,0.65,49200
MRX,20081027,0.026,0.026,0.02,0.025,1862118
MRZ,20081027,0.4,0.4,0.3,0.31,535736
MSA,20081027,0.15,0.165,0.15,0.165,15876
MSB,20081027,0.83,0.9,0.83,0.9,18000
MSC,20081027,0.012,0.012,0.011,0.012,3048343
MSF,20081027,2,2,1.97,1.97,1587
MSH,20081027,0.05,0.05,0.05,0.05,320000
MSL,20081027,1.64,1.64,1.5,1.5,454120
MSN,20081027,0.075,0.075,0.058,0.058,150000
MST,20081027,0.038,0.041,0.037,0.039,685240
MTH,20081027,0.11,0.14,0.11,0.14,56000
MTI,20081027,0.008,0.008,0.007,0.007,224363
MTN,20081027,0.27,0.27,0.25,0.255,148980
MTS,20081027,4.11,4.12,3.98,3.98,1684942
MTU,20081027,0.545,0.545,0.5,0.5,185141
MUE,20081027,0.26,0.285,0.25,0.285,318388
MUN,20081027,0.16,0.18,0.16,0.18,207107
MUR,20081027,0.04,0.05,0.04,0.05,298000
MVP,20081027,0.21,0.21,0.21,0.21,25000
MWE,20081027,0.045,0.045,0.04,0.04,489001
MWG,20081027,1.08,1.08,1.08,1.08,48650
MXI,20081027,0.43,0.43,0.385,0.4,71283
MXR,20081027,0.065,0.067,0.06,0.06,97000
MYG,20081027,0.05,0.05,0.05,0.05,20000
MYO,20081027,1,1.04,0.98,1.01,198698
NAB,20081027,24.28,24.29,23.58,23.92,6214618
NAD,20081027,0.008,0.008,0.008,0.008,1700000
NAL,20081027,0.005,0.006,0.005,0.005,1102000
NAM,20081027,0.375,0.375,0.37,0.37,37000
NAN,20081027,0.21,0.21,0.2,0.2,81372
NAV,20081027,0.16,0.175,0.16,0.175,196074
NBL,20081027,1.3,1.3,1.3,1.3,6391
NCI,20081027,1.05,1.05,1.05,1.05,9098
NCM,20081027,17.8,18.42,17.33,17.9,7006071
NDO,20081027,0.135,0.135,0.11,0.11,8917405
NEC,20081027,0.55,0.55,0.55,0.55,9000
NEM,20081027,3.76,3.8,3.7,3.78,47570
NEO,20081027,0.014,0.014,0.014,0.014,400000
NFE,20081027,0.84,0.84,0.7,0.73,170433
NFK,20081027,0.305,0.305,0.3,0.305,150000
NFL,20081027,0.05,0.05,0.04,0.04,60800
NGE,20081027,0.074,0.075,0.074,0.075,18270
NGF,20081027,0.1,0.11,0.095,0.1,394000
NGM,20081027,0.011,0.011,0.011,0.011,90000
NHC,20081027,3.1,3.36,3.05,3.18,154927
NHF,20081027,0.75,0.78,0.705,0.74,136552
NIO,20081027,0.016,0.016,0.016,0.016,50000
NIP,20081027,0.115,0.115,0.095,0.095,242500
NKP,20081027,0.13,0.145,0.1,0.145,2207914
NLG,20081027,0.007,0.007,0.007,0.007,187069
NLX,20081027,0.175,0.175,0.16,0.16,23509
NMS,20081027,0.3,0.31,0.28,0.29,1021955
NOD,20081027,0.81,0.87,0.665,0.665,259950
NRT,20081027,1,1.015,0.97,0.98,103500
NRU,20081027,0.032,0.032,0.02,0.02,141224
NSE,20081027,0.075,0.075,0.068,0.068,168923
NSL,20081027,0.017,0.017,0.016,0.016,200000
NSN,20081027,1.11,1.11,1.11,1.11,950
NSP,20081027,0.05,0.05,0.05,0.05,40358
NST,20081027,0.036,0.036,0.035,0.035,44500
NSX,20081027,0.11,0.11,0.095,0.095,221455
NTC,20081027,0.16,0.16,0.155,0.155,26000
NTU,20081027,0.13,0.13,0.11,0.11,13900
NUF,20081027,10,10.56,9.93,9.93,287904
NVT,20081027,2.14,2.24,2.02,2.24,598743
NWE,20081027,0.062,0.062,0.06,0.06,242114
NWH,20081027,0.545,0.545,0.48,0.51,884736
NWR,20081027,0.041,0.041,0.03,0.03,488550
NWS,20081027,13.7,13.76,13,13.25,2994462
NWT,20081027,0.002,0.002,0.001,0.002,6217857
NXS,20081027,0.425,0.435,0.395,0.42,3861684
NZO,20081027,1.05,1.05,0.98,0.99,19250
OAK,20081027,0.63,0.63,0.62,0.62,20438
OBL,20081027,0.038,0.038,0.035,0.035,32000
OCL,20081027,0.22,0.22,0.22,0.22,20000
ODN,20081027,0.04,0.04,0.04,0.04,5000
ODY,20081027,0.076,0.076,0.076,0.076,45458
OEC,20081027,0.055,0.055,0.055,0.055,500000
OEL,20081027,0.205,0.205,0.18,0.18,1333275
OEX,20081027,0.505,0.525,0.5,0.525,409812
OFG,20081027,0.76,0.8,0.75,0.8,10693
OGC,20081027,0.315,0.315,0.315,0.315,57707
OIF,20081027,0.26,0.265,0.25,0.25,231200
OIL,20081027,0.067,0.067,0.067,0.067,15000
OIP,20081027,0.035,0.035,0.035,0.035,1990
OKN,20081027,2.26,2.26,1.76,1.76,313481
OLH,20081027,0.65,0.69,0.65,0.69,30443
OLY,20081027,0.021,0.021,0.021,0.021,20000
OMH,20081027,0.75,0.9,0.75,0.845,1961825
OMI,20081027,0.31,0.33,0.28,0.28,235179
ONC,20081027,0.1,0.115,0.1,0.115,46000
ONT,20081027,2.35,2.35,2.35,2.35,1800
ORD,20081027,0.06,0.06,0.06,0.06,65000
ORE,20081027,0.18,0.18,0.16,0.16,93541
ORG,20081027,15.4,15.46,15.1,15.4,2032889
ORH,20081027,0.074,0.074,0.07,0.07,315000
ORI,20081027,18.37,18.37,17.7,17.86,1054870
ORL,20081027,2.85,2.85,2.8,2.8,10000
ORO,20081027,0.006,0.006,0.006,0.006,350000
OSH,20081027,3.27,3.3,2.95,3.15,6133692
OST,20081027,3,3,2.7,2.84,8448307
OZG,20081027,0.15,0.15,0.14,0.15,760000
OZL,20081027,0.89,0.91,0.84,0.86,24792551
PAB,20081027,0.12,0.12,0.1,0.1,160000
PAG,20081027,1.245,1.27,1.22,1.24,242435
PAN,20081027,0.855,0.86,0.79,0.815,1301075
PBA,20081027,0.6,0.6,0.55,0.57,13862
PBB,20081027,1.2,1.2,1.2,1.2,5447
PBD,20081027,0.25,0.255,0.23,0.23,298070
PBG,20081027,1.35,1.35,1.2,1.21,2547535
PBT,20081027,0.33,0.33,0.285,0.33,168265
PCC,20081027,0.005,0.005,0.005,0.005,402500
PCL,20081027,0.019,0.019,0.013,0.016,1416931
PCP,20081027,0.012,0.012,0.012,0.012,26390
PDM,20081027,0.04,0.04,0.04,0.04,114200
PDN,20081027,1.905,2.02,1.9,1.97,2618224
PDZ,20081027,0.12,0.12,0.12,0.12,15600
PEK,20081027,0.065,0.065,0.065,0.065,20000
PEM,20081027,0.155,0.155,0.13,0.14,1362370
PEN,20081027,0.016,0.016,0.014,0.014,3949325
PEO,20081027,0.022,0.022,0.022,0.022,5000
PES,20081027,1.06,1.09,0.99,1,103189
PEV,20081027,0.031,0.031,0.03,0.031,2024083
PFG,20081027,0.215,0.215,0.215,0.215,16000
PFL,20081027,0.9,0.9,0.89,0.895,50408
PGA,20081027,1.6,1.6,1.56,1.6,47095
PGC,20081027,0.026,0.026,0.026,0.026,14286
PGL,20081027,0.635,0.64,0.635,0.635,80505
PGM,20081027,0.205,0.205,0.2,0.2,58200
PHG,20081027,0.059,0.059,0.059,0.059,50000
PHK,20081027,0.125,0.135,0.11,0.11,111300
PIM,20081027,0.08,0.08,0.08,0.08,5010
PIO,20081027,0.042,0.042,0.041,0.041,110000
PLA,20081027,0.415,0.44,0.37,0.39,2788466
PLI,20081027,0.33,0.35,0.33,0.35,33000
PLT,20081027,0.082,0.083,0.081,0.081,224500
PLV,20081027,0.35,0.35,0.3,0.3,623972
PMC,20081027,1.08,1.085,1.05,1.06,62391
PME,20081027,0.9,0.9,0.86,0.88,63984
PMM,20081027,21.29,21.44,21.28,21.4,66202
PMP,20081027,0.85,0.895,0.81,0.895,277570
PMV,20081027,4.3,4.36,4.3,4.35,179399
PNA,20081027,0.17,0.185,0.16,0.175,19439254
PNN,20081027,0.25,0.255,0.21,0.21,54875
PNO,20081027,0.003,0.003,0.003,0.003,2500000
PNX,20081027,0.06,0.06,0.06,0.06,20000
POL,20081027,0.135,0.135,0.12,0.125,259071
POS,20081027,0.165,0.175,0.16,0.16,199792
POZ,20081027,0.39,0.4,0.39,0.39,313191
PPC,20081027,1.9,1.9,1.85,1.85,66773
PPD,20081027,0.025,0.025,0.025,0.025,1310
PPI,20081027,0.205,0.205,0.18,0.18,97812
PPK,20081027,0.58,0.58,0.58,0.58,2500
PPN,20081027,0.1,0.1,0.1,0.1,18000
PPP,20081027,0.19,0.19,0.18,0.18,1001599
PPS,20081027,0.2,0.2,0.17,0.17,75863
PPT,20081027,42.5,42.5,38.49,39.5,74562
PPX,20081027,1.37,1.41,1.31,1.37,1112124
PPY,20081027,0.45,0.45,0.45,0.45,6000
PRC,20081027,1.1,1.1,1.1,1.1,650
PRE,20081027,0.008,0.008,0.008,0.008,500000
PRG,20081027,3.32,3.32,3.14,3.2,59627
PRR,20081027,0.008,0.008,0.008,0.008,240000
PRT,20081027,2,2,2,2,112259
PRU,20081027,0.415,0.415,0.415,0.415,5000
PRV,20081027,0.65,0.69,0.645,0.645,183859
PRW,20081027,0.069,0.07,0.069,0.07,35000
PRY,20081027,4.61,4.79,4.61,4.75,579981
PSA,20081027,0.28,0.31,0.27,0.28,227325
PSH,20081027,1.22,1.25,1.2,1.2,94349
PTM,20081027,3.52,3.55,3.18,3.26,270281
PTN,20081027,0.2,0.21,0.19,0.205,415631
PTR,20081027,0.34,0.35,0.29,0.35,93994
PVA,20081027,1.59,1.59,1.2,1.59,1325
PWK,20081027,2.57,2.7,2.57,2.7,4962
PXL,20081027,0.059,0.065,0.059,0.065,89999
PXS,20081027,1.69,1.69,1.46,1.46,186209
PYC,20081027,0.07,0.07,0.07,0.07,10000
QAN,20081027,2.55,2.58,2.48,2.5,10136230
QBE,20081027,25.2,25.5,24.64,25.09,2646262
QHL,20081027,0.15,0.15,0.15,0.15,3500
QMN,20081027,0.14,0.14,0.13,0.135,110750
QOL,20081027,0.031,0.031,0.03,0.03,1240109
QTM,20081027,0.085,0.085,0.085,0.085,27000
QUR,20081027,0.007,0.007,0.007,0.007,83333
QXQ,20081027,0.006,0.006,0.006,0.006,1885704
RAT,20081027,0.016,0.016,0.014,0.015,2129950
RAU,20081027,0.027,0.028,0.027,0.027,915000
RBM,20081027,0.012,0.014,0.012,0.014,799566
RBR,20081027,0.047,0.047,0.047,0.047,21543
RCH,20081027,0.013,0.013,0.011,0.012,1738474
RCI,20081027,0.115,0.115,0.115,0.115,30000
RCO,20081027,0.23,0.25,0.23,0.25,30234
RCR,20081027,0.81,0.83,0.7,0.74,214053
RCT,20081027,2.2,2.2,2.2,2.2,2714
RCY,20081027,0.135,0.135,0.115,0.12,5833868
RDF,20081027,2.66,2.8,2.5,2.52,85532
RDM,20081027,0.11,0.11,0.11,0.11,48500
RDR,20081027,0.265,0.265,0.25,0.255,202536
REA,20081027,4.38,4.39,4.35,4.39,72511
REF,20081027,1.34,1.355,1.22,1.22,56660
REH,20081027,18,18.75,18,18.75,56764
RES,20081027,0.066,0.066,0.055,0.055,1159281
REU,20081027,0.007,0.007,0.005,0.005,4189650
REX,20081027,0.94,1,0.94,1,75581
REY,20081027,0.09,0.09,0.09,0.09,11000
RFE,20081027,0.28,0.28,0.28,0.28,25700
RFG,20081027,1.18,1.18,1.15,1.15,25985
RFL,20081027,0.065,0.065,0.06,0.06,205600
RFT,20081027,0.004,0.004,0.004,0.004,70000
RHC,20081027,9.7,9.94,9.65,9.7,252986
RHD,20081027,0.22,0.22,0.215,0.215,33649
RHG,20081027,0.096,0.098,0.096,0.096,157199
RHI,20081027,1.8,1.93,1.8,1.92,15000
RHL,20081027,3.69,3.7,3.69,3.69,11999
RHT,20081027,0.01,0.01,0.01,0.01,500000
RIC,20081027,0.73,0.78,0.73,0.78,116957
RIM,20081027,0.015,0.015,0.015,0.015,40000
RIO,20081027,64.99,67.42,63,64.65,1893713
RIS,20081027,0.05,0.05,0.05,0.05,12000
RIV,20081027,2.8,2.8,2.3,2.52,985723
RJT,20081027,0.013,0.013,0.01,0.01,3139991
RKN,20081027,0.88,0.88,0.85,0.85,24717
RLA,20081027,0.016,0.016,0.016,0.016,100000
RMD,20081027,4.9,5.06,4.9,4.94,712055
RMG,20081027,0.009,0.009,0.009,0.009,500000
RMI,20081027,0.009,0.009,0.009,0.009,716000
RML,20081027,0.065,0.065,0.064,0.064,96700
RMS,20081027,0.44,0.44,0.39,0.39,225185
RNG,20081027,0.015,0.015,0.013,0.013,790171
RNY,20081027,0.073,0.078,0.07,0.07,2908447
ROC,20081027,0.515,0.515,0.45,0.45,1981606
ROK,20081027,2.82,2.85,2.82,2.85,8247
ROL,20081027,0.15,0.15,0.15,0.15,7334
RPC,20081027,0.012,0.012,0.011,0.011,230309
RPX,20081027,0.76,0.78,0.76,0.78,20273
RRA,20081027,0.45,0.455,0.45,0.455,20600
RRL,20081027,0.071,0.072,0.071,0.072,959181
RRT,20081027,0.007,0.007,0.005,0.005,2510133
RSN,20081027,0.004,0.004,0.004,0.004,4450000
RTL,20081027,0.006,0.006,0.006,0.006,1765000
RUB,20081027,0.045,0.045,0.04,0.045,1619000
RUL,20081027,0.68,0.68,0.68,0.68,8000
RUR,20081027,0.17,0.17,0.17,0.17,70000
RVE,20081027,0.13,0.13,0.125,0.125,10000
RVR,20081027,0.064,0.064,0.057,0.06,131200
RWD,20081027,0.33,0.33,0.27,0.3,74240
RXM,20081027,0.23,0.23,0.22,0.22,15000
SAE,20081027,0.11,0.115,0.105,0.11,486300
SAI,20081027,2.44,2.45,2.35,2.38,1022562
SAR,20081027,0.065,0.065,0.065,0.065,100000
SAU,20081027,0.074,0.074,0.074,0.074,113347
SAV,20081027,0.54,0.54,0.5,0.5,55000
SAY,20081027,0.425,0.425,0.4,0.4,32200
SBL,20081027,0.007,0.007,0.006,0.007,1247804
SBM,20081027,0.22,0.235,0.22,0.235,2231791
SBN,20081027,0.011,0.012,0.011,0.011,2274000
SBS,20081027,0.02,0.02,0.018,0.018,116600
SCC,20081027,0.3,0.3,0.28,0.28,18000
SCD,20081027,0.5,0.5,0.5,0.5,2000
SCE,20081027,0.004,0.004,0.003,0.003,1322086
SDG,20081027,1.225,1.225,0.975,0.975,1713029
SDI,20081027,0.195,0.25,0.195,0.25,5500
SDL,20081027,0.1,0.105,0.093,0.094,8900441
SDM,20081027,1.4,1.42,1.32,1.4,72201
SEA,20081027,0.17,0.17,0.17,0.17,85000
SEG,20081027,0.05,0.05,0.05,0.05,353
SEK,20081027,3.61,3.7,3.5,3.67,1028318
SEN,20081027,0.031,0.032,0.03,0.03,441999
SER,20081027,0.011,0.011,0.011,0.011,400000
SEV,20081027,5.82,5.94,5.43,5.44,553367
SFH,20081027,0.4,0.43,0.39,0.4,377681
SFP,20081027,0.039,0.04,0.036,0.04,157500
SFR,20081027,0.105,0.105,0.105,0.105,7600
SFY,20081027,38,38,37.11,37.26,6586
SGB,20081027,26.54,26.89,25.75,26.39,859566
SGH,20081027,1.27,1.3,1.27,1.3,12712
SGL,20081027,0.165,0.165,0.16,0.16,248521
SGM,20081027,16.29,16.29,15.24,15.39,795019
SGN,20081027,0.65,0.65,0.61,0.635,63930
SGP,20081027,4.05,4.46,3.97,4.27,9683929
SGT,20081027,2.19,2.23,2.15,2.2,1864885
SGX,20081027,2.5,2.77,2.5,2.67,976946
SGZ,20081027,0.096,0.097,0.096,0.097,100000
SHE,20081027,0.03,0.03,0.025,0.03,35000
SHL,20081027,13.41,13.73,13.1,13.73,752080
SHV,20081027,4.2,4.2,4.03,4.03,4567
SIE,20081027,0.067,0.067,0.067,0.067,142
SIM,20081027,0.11,0.11,0.11,0.11,45000
SIP,20081027,1.32,1.35,1.3,1.34,2096033
SKC,20081027,2.65,2.72,2.65,2.72,3557
SKE,20081027,2.5,2.5,2.36,2.4,18362
SKI,20081027,1.55,1.665,1.45,1.45,4268895
SLA,20081027,0.275,0.275,0.245,0.245,246384
SLF,20081027,8.5,8.93,8.08,8.9,53974
SLM,20081027,3.08,3.14,3.04,3.14,14982
SLR,20081027,0.165,0.165,0.165,0.165,47951
SLT,20081027,0.005,0.005,0.005,0.005,243551
SLV,20081027,0.75,0.75,0.75,0.75,10000
SLX,20081027,3.14,3.14,2.9,2.92,111644
SMA,20081027,0.015,0.015,0.015,0.015,80000
SMC,20081027,0.04,0.04,0.035,0.035,200000
SML,20081027,0.015,0.015,0.014,0.015,453286
SMX,20081027,2.38,2.44,2.3,2.4,503195
SND,20081027,0.4,0.4,0.38,0.39,21000
SNL,20081027,0.33,0.33,0.33,0.33,925
SNU,20081027,0.045,0.045,0.035,0.035,100000
SOE,20081027,0.105,0.105,0.09,0.093,1026747
SOI,20081027,0.2,0.25,0.2,0.25,61230
SOL,20081027,9.11,9.11,9.02,9.06,53358
SOM,20081027,0.02,0.021,0.02,0.021,225000
SOT,20081027,0.12,0.125,0.12,0.12,120500
SPH,20081027,0.53,0.53,0.47,0.47,59470
SPI,20081027,0.065,0.065,0.065,0.065,12721
SPL,20081027,0.225,0.24,0.225,0.24,42883
SPN,20081027,1.13,1.145,1.09,1.095,3320332
SPP,20081027,0.003,0.003,0.003,0.003,40
SPT,20081027,2.55,2.55,2.42,2.45,1440839
SRA,20081027,0.012,0.016,0.012,0.015,140000
SRH,20081027,1.2,1.2,1.13,1.13,6248
SRI,20081027,0.02,0.02,0.02,0.02,75200
SRK,20081027,0.38,0.44,0.36,0.415,393165
SRL,20081027,1.005,1.03,0.93,0.94,2689211
SRM,20081027,0.1,0.1,0.1,0.1,8000
SRR,20081027,0.051,0.051,0.05,0.05,35462
SRV,20081027,3,3.01,3,3,16900
SRX,20081027,2.1,2.19,2.1,2.19,770
SRZ,20081027,0.077,0.077,0.077,0.077,2000
SSC,20081027,0.005,0.005,0.005,0.005,635000
SSI,20081027,0.63,0.75,0.63,0.75,10847
SSM,20081027,0.89,0.895,0.86,0.875,195799
SSS,20081027,0.005,0.005,0.005,0.005,500000
STB,20081027,0.065,0.065,0.059,0.063,105000
STC,20081027,0.21,0.21,0.21,0.21,20000
STG,20081027,0.045,0.045,0.045,0.045,466178
STI,20081027,0.015,0.015,0.014,0.014,155000
STO,20081027,11.2,12.09,11.16,11.75,6290383
STS,20081027,1.26,1.26,1.2,1.25,39490
STU,20081027,0.6,0.6,0.56,0.56,25109
STW,20081027,36.67,36.67,35.67,36.14,579737
STX,20081027,0.165,0.165,0.15,0.15,617296
SUL,20081027,2.23,2.26,2.19,2.19,36083
SUN,20081027,8.35,8.35,7.83,7.95,2346146
SUR,20081027,0.05,0.05,0.04,0.04,311828
SVL,20081027,0.036,0.036,0.03,0.03,10000
SVN,20081027,0.06,0.06,0.06,0.06,16666
SWK,20081027,0.61,0.61,0.565,0.6,164717
SWN,20081027,0.26,0.26,0.25,0.25,170000
SYG,20081027,0.006,0.006,0.006,0.006,469719
SYL,20081027,3.2,3.2,3.2,3.2,13201
SYM,20081027,0.43,0.43,0.43,0.43,50000
SYN,20081027,0.065,0.065,0.065,0.065,46155
TAH,20081027,6.55,6.69,6.42,6.6,3551111
TAL,20081027,2.15,2.21,1.91,2.08,613425
TAM,20081027,0.008,0.008,0.007,0.007,821300
TAN,20081027,0.13,0.13,0.13,0.13,10000
TAP,20081027,0.515,0.535,0.49,0.515,479072
TAS,20081027,0.031,0.031,0.031,0.031,91200
TBG,20081027,0.95,0.95,0.95,0.95,4700
TCL,20081027,5.15,5.15,5.01,5.08,3584144
TCN,20081027,0.075,0.075,0.075,0.075,2000
TCQ,20081027,0.49,0.49,0.43,0.43,66266
TDO,20081027,0.07,0.071,0.07,0.071,13500
TEL,20081027,2.01,2.11,1.95,1.965,895296
TEN,20081027,1.27,1.3,1.26,1.26,912977
TEU,20081027,0.044,0.047,0.044,0.047,315000
TEX,20081027,0.041,0.041,0.04,0.04,325665
TEY,20081027,0.175,0.175,0.175,0.175,5000
TFC,20081027,1,1,0.94,0.96,218656
TGG,20081027,0.79,0.79,0.75,0.765,129736
TGP,20081027,0.5,0.5,0.5,0.5,156885
TGR,20081027,1.645,1.645,1.55,1.63,187531
THG,20081027,0.65,0.65,0.62,0.62,189157
THO,20081027,0.75,0.75,0.75,0.75,39000
THR,20081027,0.03,0.03,0.03,0.03,43000
THX,20081027,0.14,0.14,0.115,0.14,81811
TIM,20081027,0.55,0.55,0.51,0.525,810131
TIS,20081027,0.11,0.11,0.095,0.095,38129
TKG,20081027,0.09,0.09,0.09,0.09,3125
TKL,20081027,0.046,0.046,0.043,0.044,200000
TLM,20081027,0.15,0.15,0.15,0.15,1400
TLS,20081027,4,4.05,3.96,4.02,27407330
TMX,20081027,0.04,0.045,0.04,0.045,1198237
TNE,20081027,0.7,0.72,0.7,0.7,139140
TOE,20081027,0.13,0.135,0.125,0.135,192676
TOL,20081027,6.24,6.25,6.02,6.07,2013571
TOX,20081027,1.5,1.5,1.5,1.5,149050
TPI,20081027,4.3,4.3,4,4,194947
TPL,20081027,0.006,0.006,0.006,0.006,200000
TQH,20081027,0.14,0.14,0.14,0.14,33635
TRF,20081027,0.245,0.245,0.245,0.245,7000
TRG,20081027,6.6,6.87,6.6,6.87,2250
TRO,20081027,0.07,0.07,0.07,0.07,42150
TRS,20081027,10.05,10.05,9.75,10,31981
TRU,20081027,6.6,6.6,6.57,6.57,4010
TRY,20081027,1.025,1.075,1.02,1.065,62047
TSE,20081027,4.02,4.07,3.65,3.65,476635
TSI,20081027,1.205,1.25,1.14,1.2,147789
TSM,20081027,0.5,0.5,0.42,0.5,24100
TSO,20081027,0.37,0.475,0.35,0.36,2961908
TSV,20081027,0.017,0.017,0.014,0.014,971500
TTA,20081027,0.04,0.04,0.04,0.04,52227
TTI,20081027,0.05,0.05,0.05,0.05,3572
TTR,20081027,0.028,0.028,0.025,0.025,225300
TTS,20081027,2.38,2.38,2.33,2.33,6718216
TTY,20081027,0.275,0.275,0.225,0.24,534594
TUC,20081027,0.06,0.06,0.06,0.06,7924
TWD,20081027,2,2,2,2,50093
TWO,20081027,0.975,0.975,0.85,0.85,107411
TWR,20081027,1.25,1.25,1.175,1.19,67808
TWT,20081027,0.25,0.25,0.25,0.25,25000
TXN,20081027,0.22,0.22,0.2,0.2,109000
TZL,20081027,1.87,1.87,1.72,1.72,37655
TZN,20081027,0.88,0.88,0.7,0.765,261489
UCL,20081027,0.005,0.005,0.005,0.005,501864
UEQ,20081027,0.07,0.074,0.07,0.07,94000
UGL,20081027,9.93,9.93,9.3,9.55,471520
UMC,20081027,0.515,0.57,0.505,0.53,355878
UNI,20081027,0.23,0.23,0.215,0.215,567152
UNO,20081027,0.1,0.1,0.1,0.1,10000
UNX,20081027,0.16,0.16,0.14,0.14,126466
URL,20081027,0.029,0.029,0.025,0.026,295000
URM,20081027,0.042,0.042,0.04,0.042,102020
USA,20081027,0.05,0.05,0.049,0.049,25000
UTO,20081027,0.15,0.15,0.135,0.135,44000
UUL,20081027,0.09,0.09,0.09,0.09,8850
UXA,20081027,0.055,0.055,0.055,0.055,5000
UXC,20081027,0.8,0.835,0.795,0.81,305440
VBA,20081027,0.305,0.31,0.3,0.3,4152449
VCN,20081027,0.075,0.075,0.072,0.072,253000
VCR,20081027,0.096,0.096,0.08,0.082,2455000
VEC,20081027,0.071,0.071,0.07,0.07,244000
VGH,20081027,0.75,0.78,0.72,0.72,99642
VGP,20081027,0.034,0.034,0.034,0.034,236600
VHL,20081027,0.03,0.03,0.026,0.026,270000
VIE,20081027,0.03,0.04,0.03,0.04,77906
VIL,20081027,0.017,0.017,0.014,0.014,203888
VIR,20081027,0.45,0.45,0.41,0.42,236185
VLA,20081027,0.048,0.048,0.045,0.045,132984
VMG,20081027,0.755,0.755,0.68,0.68,227423
VMS,20081027,0.1,0.12,0.1,0.12,120000
VMT,20081027,0.06,0.06,0.055,0.055,212000
VPE,20081027,0.145,0.16,0.14,0.15,463112
VPG,20081027,0.089,0.097,0.086,0.097,22055948
VRL,20081027,1.35,1.375,1.33,1.34,23500
VTG,20081027,0.195,0.195,0.18,0.18,45000
VTP,20081027,0.8,0.8,0.76,0.78,17966
VTX,20081027,0.04,0.04,0.04,0.04,13000
WAA,20081027,0.81,0.81,0.81,0.81,4500
WAB,20081027,0.21,0.21,0.2,0.2,180000
WAM,20081027,0.99,1.01,0.98,0.99,35107
WAN,20081027,6.74,6.95,6.6,6.75,239522
WBA,20081027,0.85,0.85,0.835,0.835,39300
WBB,20081027,7.7,7.7,7.5,7.55,10700
WBC,20081027,20.54,20.62,19.95,19.99,7887815
WCB,20081027,3.95,3.95,3.89,3.89,24160
WCL,20081027,0.32,0.32,0.32,0.32,2000
WCN,20081027,0.029,0.029,0.029,0.029,60500
WDC,20081027,13.2,14.94,13.11,14.24,12424783
WDS,20081027,1.77,1.77,1.64,1.7,208765
WEB,20081027,1.02,1.05,1.01,1.02,142348
WEC,20081027,1.9,1.905,1.9,1.9,33378
WES,20081027,20.1,20.2,19.49,19.79,2649409
WFL,20081027,0.98,0.98,0.95,0.95,38000
WGO,20081027,0.1,0.12,0.1,0.12,55135
WGP,20081027,0.03,0.03,0.03,0.03,59186
WGR,20081027,0.19,0.19,0.18,0.18,154872
WHC,20081027,1.2,1.205,1.1,1.11,422728
WHE,20081027,0.08,0.08,0.06,0.08,156974
WHF,20081027,2.92,2.92,2.9,2.9,9400
WHG,20081027,0.98,0.98,0.88,0.9,262677
WHN,20081027,0.05,0.05,0.05,0.05,10000
WHS,20081027,3.45,3.45,3.45,3.45,4971
WIG,20081027,1.06,1.06,1.02,1.02,39000
WIL,20081027,0.58,0.58,0.57,0.57,73500
WKL,20081027,0.135,0.135,0.13,0.13,30500
WKR,20081027,0.04,0.04,0.04,0.04,52000
WLF,20081027,0.45,0.475,0.45,0.45,58826
WLL,20081027,1.75,1.75,1.75,1.75,552
WME,20081027,0.061,0.061,0.061,0.061,260000
WMT,20081027,0.028,0.029,0.026,0.027,1717830
WOR,20081027,15.4,15.4,14.3,15,2020201
WOW,20081027,26.2,26.28,25.8,26.05,4945827
WPG,20081027,0.305,0.345,0.3,0.315,17930
WPL,20081027,38,38.16,36.38,36.9,1927816
WRK,20081027,0.16,0.17,0.16,0.17,44748
WRR,20081027,0.006,0.006,0.006,0.006,990000
WSA,20081027,2.97,3.07,2.84,2.9,4490663
WTF,20081027,3.4,3.44,3.31,3.4,306692
WTN,20081027,0.06,0.06,0.06,0.06,10000
WTP,20081027,1.43,1.51,1.39,1.5,55785
WVL,20081027,0.89,0.89,0.78,0.825,68963
WWA,20081027,1.92,1.92,1.89,1.89,6820
WWI,20081027,0.036,0.036,0.033,0.033,601000
WYL,20081027,0.99,0.99,0.9,0.9,55190
XAF,20081027,3825.6,3825.6,3825.6,3825.6,0
XAO,20081027,3834.7,3835.2,3725.6,3768.3,0
XAT,20081027,381140,381140,381140,381140,0
XBW,20081027,359.57,359.57,359.57,359.57,0
XCD,20081027,0.04,0.04,0.04,0.04,13000
XDJ,20081027,1303.4,1303.4,1271.5,1272.9,0
XEJ,20081027,11744.9,11753.4,11191.5,11344.8,0
XFJ,20081027,4084.6,4084.6,3930,4000.3,0
XFL,20081027,3902.6,3903.4,3793.9,3839.9,0
XGD,20081027,2792.2,2792.2,2792.2,2792.2,0
XHJ,20081027,8691.4,8758.3,8513.1,8739.6,0
XIJ,20081027,486.3,494.6,469.8,488.3,0
XJO,20081027,3873.9,3874.5,3761.1,3809.2,0
XKO,20081027,3851.8,3852.5,3739.7,3785.9,0
XMD,20081027,3558.8,3558.8,3431.7,3507.5,0
XMJ,20081027,7903.6,8024.9,7702.3,7793.7,0
XMM,20081027,2645.2,2645.2,2645.2,2645.2,0
XNJ,20081027,3689.3,3692,3580,3616.1,0
XPJ,20081027,976.6,1015.8,910.1,994.1,0
XRF,20081027,0.1,0.1,0.1,0.1,0
XSJ,20081027,6251.4,6269.2,6162.2,6199.3,0
XSO,20081027,1806.5,1808.3,1740.1,1750.5,0
XST,20081027,0.04,0.04,0.04,0.04,0
XTJ,20081027,1339.6,1357.1,1329.2,1346.4,0
XTL,20081027,2332.5,2333.1,2270.5,2301.1,0
XTO,20081027,3188.2,3188.7,3097.6,3137.6,0
XUJ,20081027,4436.7,4447,4345,4345,0
XXJ,20081027,4567.3,4568.4,4386.4,4439.6,0
YRR,20081027,0.076,0.076,0.072,0.072,60000
ZNC,20081027,0.032,0.032,0.03,0.03,105551
ZRL,20081027,0.066,0.066,0.06,0.06,111365
ZYL,20081027,0.03,0.03,0.03,0.03,130000
