AAC,20081013,2.39,2.4,2.37,2.4,448024
AAG,20081013,0.14,0.14,0.14,0.14,3000
AAH,20081013,0.84,0.84,0.785,0.83,290193
AAM,20081013,0.081,0.09,0.081,0.09,95000
AAO,20081013,0.055,0.055,0.055,0.055,9500
AAQ,20081013,0.225,0.225,0.225,0.225,4582
AAR,20081013,0.017,0.02,0.015,0.015,1721437
AAX,20081013,6.5,6.9,5.41,5.75,367514
ABB,20081013,7.73,7.75,7.58,7.7,478890
ABC,20081013,2.8,2.87,2.64,2.8,801658
ABJ,20081013,0.008,0.01,0.008,0.01,589266
ABP,20081013,0.73,0.895,0.73,0.78,1259905
ABQ,20081013,0.325,0.325,0.325,0.325,2000
ABU,20081013,0.018,0.018,0.016,0.016,2290997
ABY,20081013,0.62,0.71,0.61,0.61,1001323
ACB,20081013,0.21,0.24,0.2,0.2,214210
ACE,20081013,0.08,0.08,0.08,0.08,10000
ACG,20081013,0.1,0.1,0.1,0.1,127000
ACK,20081013,0.32,0.34,0.32,0.34,12560
ACL,20081013,0.19,0.2,0.18,0.18,100929
ACR,20081013,0.665,0.75,0.665,0.71,72606
ACS,20081013,0.115,0.14,0.115,0.14,90001
ADA,20081013,0.3,0.3,0.3,0.3,6700
ADD,20081013,0.021,0.023,0.021,0.023,90000
ADE,20081013,0.07,0.07,0.062,0.062,84950
ADG,20081013,3,3,3,3,1000
ADI,20081013,0.2,0.225,0.2,0.2,120538
ADN,20081013,0.055,0.064,0.055,0.064,615792
ADU,20081013,0.25,0.25,0.24,0.24,70000
ADX,20081013,0.049,0.049,0.045,0.049,160490
ADY,20081013,0.041,0.043,0.04,0.041,9179312
AEC,20081013,3.25,3.3,3.25,3.3,3300
AED,20081013,1.25,1.3,1.2,1.26,312718
AEE,20081013,0.12,0.12,0.11,0.11,56000
AEF,20081013,28,29,28,29,608
AEO,20081013,1.25,1.28,1.24,1.25,40774
AEP,20081013,1.9,1.9,1.9,1.9,206000
AET,20081013,0.41,0.45,0.41,0.45,23400
AEU,20081013,0.33,0.33,0.31,0.325,50000
AEX,20081013,0.005,0.006,0.005,0.005,1971392
AEZ,20081013,0.12,0.135,0.12,0.125,1278605
AFG,20081013,0.19,0.21,0.18,0.185,2182629
AFI,20081013,4.44,4.6,4.43,4.47,562091
AFR,20081013,0.039,0.039,0.039,0.039,51000
AGF,20081013,0.76,0.775,0.72,0.75,673587
AGG,20081013,4.78,4.78,4.44,4.5,133263
AGI,20081013,0.085,0.085,0.085,0.085,2000
AGK,20081013,12.15,12.99,12.14,12.94,1417233
AGS,20081013,0.33,0.495,0.33,0.44,1208312
AGU,20081013,0.035,0.035,0.035,0.035,90000
AGY,20081013,0.07,0.08,0.07,0.08,72750
AHD,20081013,4.44,4.55,4.44,4.5,6000
AHE,20081013,1.15,1.25,1.14,1.14,169093
AHN,20081013,0.04,0.04,0.04,0.04,60000
AHS,20081013,0.41,0.435,0.39,0.435,29600
AIA,20081013,1.53,1.53,1.525,1.525,276137
AIE,20081013,0.038,0.038,0.038,0.038,19715
AIG,20081013,0.13,0.13,0.13,0.13,14790
AIM,20081013,0.014,0.015,0.013,0.015,4269000
AIO,20081013,2.51,2.73,2.43,2.7,3566424
AIV,20081013,0.066,0.066,0.065,0.065,200000
AIX,20081013,2.01,2.19,2,2.04,679789
AJL,20081013,3.1,3.47,3.1,3.4,409236
AKK,20081013,0.076,0.09,0.072,0.09,255873
ALB,20081013,0.54,0.65,0.45,0.5,604257
ALD,20081013,0.275,0.28,0.26,0.275,313800
ALF,20081013,0.7,0.735,0.7,0.73,323968
ALK,20081013,0.19,0.19,0.17,0.17,208100
ALL,20081013,5.31,5.48,5.31,5.45,3206321
ALM,20081013,0.075,0.075,0.075,0.075,50000
ALR,20081013,1.47,1.55,1.47,1.55,19239
ALS,20081013,4.82,5.3,4.82,5.3,213574
ALT,20081013,0.018,0.02,0.018,0.02,61000
ALZ,20081013,0.48,0.5,0.445,0.445,2194729
AMA,20081013,0.22,0.22,0.22,0.22,42500
AMC,20081013,5.37,5.68,5.34,5.6,2748972
AMH,20081013,0.56,0.575,0.55,0.56,74070
AMM,20081013,0.13,0.135,0.125,0.13,277031
AMP,20081013,6.07,6.3,6.02,6.29,6672821
AMU,20081013,0.4,0.42,0.37,0.38,246975
AMX,20081013,0.09,0.09,0.09,0.09,55500
AND,20081013,0.8,0.8,0.74,0.78,148734
ANG,20081013,1.77,2.05,1.745,2.04,144300
ANH,20081013,0.011,0.012,0.01,0.01,650000
ANM,20081013,0.031,0.031,0.031,0.031,25384
ANN,20081013,12.9,13.3,12.52,12.9,1421262
ANO,20081013,0.065,0.065,0.065,0.065,20000
ANP,20081013,0.046,0.048,0.045,0.045,129538
ANQ,20081013,0.1,0.1,0.095,0.095,210000
ANZ,20081013,16.5,17.3,16.17,17.3,14382484
AOD,20081013,1.22,1.23,1.22,1.23,27422
AOE,20081013,1.85,2.09,1.74,1.75,5255902
AOM,20081013,0.007,0.01,0.007,0.009,400000
AON,20081013,0.21,0.24,0.21,0.24,134333
AOS,20081013,0.004,0.004,0.004,0.004,2804088
APA,20081013,2.95,3.13,2.85,3.03,645156
APB,20081013,0.099,0.099,0.095,0.095,30000
APD,20081013,0.35,0.425,0.35,0.425,68000
APG,20081013,0.06,0.074,0.06,0.07,1085894
APH,20081013,0.18,0.18,0.155,0.155,64515
API,20081013,0.455,0.535,0.41,0.48,656749
APN,20081013,2.99,3.2,2.85,3.06,415321
AQA,20081013,3.9,4.35,3.9,4.16,438092
AQD,20081013,0.15,0.155,0.15,0.155,40000
AQP,20081013,4.11,5.02,4.11,4.5,556802
ARA,20081013,0.26,0.26,0.25,0.25,367020
ARD,20081013,0.08,0.08,0.08,0.08,10000
ARE,20081013,0.1,0.1,0.06,0.067,118320
ARG,20081013,6,6.1,5.9,5.9,479326
ARH,20081013,0.41,0.515,0.41,0.44,166129
ARJ,20081013,0.705,0.705,0.67,0.67,19000
ARM,20081013,0.165,0.2,0.165,0.2,11000
ARO,20081013,0.005,0.006,0.005,0.006,480000
ARP,20081013,3.59,3.59,3.38,3.46,110429
ARR,20081013,0.06,0.06,0.06,0.06,343500
ARU,20081013,0.26,0.29,0.25,0.28,538239
ARW,20081013,0.017,0.018,0.016,0.017,335143
ARX,20081013,0.035,0.035,0.03,0.03,27442
ASB,20081013,1.8,1.92,1.7,1.855,317427
ASL,20081013,1.245,1.375,1.245,1.33,440347
ASW,20081013,0.25,0.25,0.245,0.25,35000
ASX,20081013,29.95,30.95,29.49,30,803476
ASZ,20081013,0.65,0.7,0.65,0.665,95542
ATI,20081013,0.01,0.01,0.01,0.01,100000
ATP,20081013,0.3,0.305,0.29,0.29,75628
ATQ,20081013,0.125,0.15,0.12,0.15,80000
AUB,20081013,3.81,3.9,3.8,3.8,313640
AUF,20081013,0.83,0.83,0.83,0.83,13000
AUI,20081013,6.1,6.5,6.1,6.5,8800
AUJ,20081013,0.12,0.125,0.12,0.12,1136000
AUN,20081013,1.06,1.11,1.01,1.02,2003663
AUP,20081013,4.5,4.5,4.5,4.5,450
AUQ,20081013,0.034,0.045,0.034,0.045,55954
AUT,20081013,0.18,0.25,0.18,0.25,67000
AUW,20081013,0.96,1.07,0.885,0.93,1861951
AVA,20081013,0.19,0.195,0.16,0.16,580394
AVE,20081013,1.5,1.5,1.47,1.5,18054602
AVG,20081013,0.705,0.775,0.7,0.7,252123
AVH,20081013,0.041,0.041,0.041,0.041,2142
AVI,20081013,0.135,0.135,0.135,0.135,100000
AVJ,20081013,0.465,0.465,0.465,0.465,22500
AVO,20081013,1.86,1.92,1.735,1.795,869468
AVQ,20081013,0.05,0.053,0.05,0.053,55000
AVS,20081013,0.016,0.016,0.016,0.016,9000
AVX,20081013,0.125,0.145,0.12,0.145,785290
AWB,20081013,2.4,2.45,2.15,2.35,535494
AWC,20081013,2.3,2.5,2.24,2.3,13068707
AWE,20081013,1.92,1.98,1.86,1.9,2575083
AWL,20081013,0.007,0.007,0.006,0.006,1439000
AXA,20081013,4.25,4.54,4.25,4.45,3930363
AXC,20081013,0.023,0.023,0.02,0.02,700000
AXI,20081013,0.045,0.046,0.045,0.046,28383
AXM,20081013,0.35,0.385,0.35,0.385,362750
AXO,20081013,0.16,0.195,0.14,0.14,1430480
AXQ,20081013,0.03,0.03,0.018,0.018,804428
AXY,20081013,0.04,0.04,0.036,0.036,75600
AYF,20081013,6.8,6.8,6.8,6.8,400
AYT,20081013,1.32,1.35,1.32,1.325,40000
AZA,20081013,0.52,0.52,0.4,0.46,125649
AZC,20081013,0.061,0.088,0.06,0.075,381575
AZS,20081013,0.085,0.092,0.079,0.089,531341
AZX,20081013,0.45,0.45,0.45,0.45,6000
AZZ,20081013,0.051,0.052,0.05,0.051,550535
BAR,20081013,0.05,0.055,0.05,0.05,233650
BAS,20081013,0.04,0.04,0.04,0.04,40757
BAU,20081013,0.1,0.11,0.095,0.11,105100
BBC,20081013,0.265,0.32,0.265,0.27,1158280
BBG,20081013,10.56,11.07,10.56,10.85,1271732
BBI,20081013,0.225,0.24,0.22,0.225,10783338
BBP,20081013,0.096,0.105,0.092,0.094,5064674
BBW,20081013,0.95,1.025,0.94,1.02,1675979
BCC,20081013,0.135,0.135,0.115,0.12,412421
BCD,20081013,0.12,0.13,0.115,0.13,206526
BCI,20081013,0.28,0.34,0.27,0.34,196050
BCM,20081013,2.5,2.65,2.42,2.56,380416
BDG,20081013,0.14,0.145,0.13,0.145,961587
BDI,20081013,0.043,0.043,0.041,0.041,8578
BDL,20081013,0.105,0.11,0.105,0.105,107930
BDM,20081013,0.07,0.07,0.07,0.07,1700
BDR,20081013,0.075,0.075,0.075,0.075,87000
BEC,20081013,0.32,0.375,0.32,0.34,785779
BEL,20081013,0.26,0.26,0.26,0.26,21000
BEN,20081013,10.9,11.09,10.5,11,516965
BFG,20081013,0.71,0.71,0.665,0.665,39060
BGD,20081013,0.1,0.1,0.085,0.1,221111
BHP,20081013,28.44,30.08,28.44,30,17850927
BIT,20081013,0.11,0.11,0.1,0.1,160000
BJT,20081013,0.475,0.525,0.465,0.48,1937777
BKI,20081013,1.055,1.14,1.045,1.07,152219
BKL,20081013,17,17,16.56,16.6,2436
BKN,20081013,6.16,7.08,6.16,6.55,443704
BKW,20081013,11.7,11.7,10.9,10.95,118238
BKY,20081013,0.3,0.3,0.245,0.28,49321
BLD,20081013,5.6,5.86,5.6,5.66,2051637
BLG,20081013,0.2,0.23,0.19,0.23,160320
BLP,20081013,0.185,0.185,0.18,0.18,332114
BLR,20081013,0.017,0.019,0.016,0.018,2165178
BLT,20081013,0.03,0.043,0.03,0.04,252250
BLU,20081013,0.048,0.048,0.035,0.043,137201
BLY,20081013,0.7,0.73,0.635,0.655,28909834
BML,20081013,0.038,0.04,0.038,0.04,130000
BMN,20081013,0.3,0.33,0.275,0.29,1708155
BMO,20081013,0.007,0.008,0.006,0.006,330000
BMY,20081013,0.075,0.075,0.07,0.075,46665
BNB,20081013,1.15,1.41,1.135,1.285,12127413
BND,20081013,0.485,0.485,0.45,0.48,61540
BNO,20081013,0.23,0.28,0.23,0.25,58000
BNT,20081013,0.059,0.06,0.059,0.06,152500
BOC,20081013,0.75,0.75,0.7,0.7,42200
BOD,20081013,0.04,0.04,0.04,0.04,3569
BOL,20081013,0.88,0.94,0.88,0.91,456615
BON,20081013,0.042,0.052,0.041,0.05,267500
BOQ,20081013,11.75,12.43,11.7,12.4,779902
BOS,20081013,0.038,0.04,0.038,0.038,215056
BOW,20081013,0.23,0.24,0.22,0.235,719501
BPO,20081013,0.018,0.021,0.018,0.02,2589951
BPT,20081013,0.84,0.85,0.79,0.8,3054553
BQT,20081013,0.13,0.14,0.13,0.13,33717
BRM,20081013,0.52,0.6,0.52,0.6,1233305
BRO,20081013,0.001,0.001,0.001,0.001,9332554
BRU,20081013,0.165,0.19,0.165,0.19,439442
BRW,20081013,0.125,0.125,0.09,0.1,560636
BSA,20081013,0.175,0.18,0.175,0.18,221591
BSE,20081013,0.1,0.14,0.1,0.14,9670
BSI,20081013,0.05,0.054,0.05,0.054,1415000
BSL,20081013,5.65,5.97,5.64,5.8,2283870
BSM,20081013,0.11,0.11,0.11,0.11,96094
BSR,20081013,0.04,0.049,0.04,0.049,158185
BTA,20081013,0.47,0.47,0.435,0.435,291391
BTC,20081013,0.125,0.125,0.125,0.125,15000
BTT,20081013,2.78,2.95,2.7,2.8,47570
BTU,20081013,0.22,0.25,0.22,0.25,22550
BTV,20081013,0.065,0.076,0.065,0.065,173671
BUL,20081013,0.15,0.19,0.15,0.165,236616
BUR,20081013,0.05,0.06,0.05,0.055,221400
BUY,20081013,0.02,0.022,0.02,0.022,768049
BVA,20081013,0.55,0.55,0.55,0.55,10000
BWP,20081013,1.79,1.96,1.755,1.96,302670
BXB,20081013,7.52,7.96,7.52,7.82,7382794
BYI,20081013,0.6,0.6,0.6,0.6,87090
BYL,20081013,0.27,0.32,0.27,0.32,167339
CAA,20081013,0.14,0.15,0.13,0.135,535800
CAB,20081013,6.85,7.03,6.61,6.94,300517
CAG,20081013,0.009,0.009,0.008,0.008,151363
CAH,20081013,0.046,0.05,0.045,0.045,186719
CAL,20081013,0.6,0.6,0.55,0.55,94300
CAM,20081013,0.8,0.835,0.8,0.82,13412
CAP,20081013,0.046,0.046,0.035,0.035,150000
CAV,20081013,0.089,0.089,0.089,0.089,58000
CAZ,20081013,0.105,0.13,0.105,0.125,82150
CBA,20081013,41.5,42.4,40.81,42.2,6710959
CBB,20081013,0.3,0.3,0.3,0.3,50000
CBD,20081013,0.099,0.1,0.099,0.1,69500
CBH,20081013,0.065,0.065,0.052,0.064,2943311
CCD,20081013,0.95,0.95,0.95,0.95,4000
CCI,20081013,0.1,0.1,0.1,0.1,75000
CCL,20081013,8.3,8.41,7.9,8.14,2788488
CCP,20081013,0.605,0.605,0.6,0.6,47430
CCQ,20081013,0.39,0.39,0.36,0.36,70000
CCV,20081013,0.23,0.24,0.215,0.215,654423
CCY,20081013,0.041,0.041,0.041,0.041,19590
CDA,20081013,0.63,0.7,0.62,0.7,23000
CDD,20081013,3.3,3.37,3.2,3.3,147131
CDF,20081013,1.15,1.27,1.15,1.175,49780
CDI,20081013,0.6,0.6,0.525,0.54,239681
CDP,20081013,3.75,3.99,3.75,3.99,21694
CDT,20081013,0.15,0.15,0.15,0.15,56073
CDU,20081013,1.44,1.47,1.325,1.37,353184
CEG,20081013,0.235,0.235,0.23,0.23,21503
CER,20081013,0.098,0.105,0.093,0.105,2805915
CEU,20081013,0.645,0.71,0.645,0.69,11441692
CEY,20081013,3.27,3.55,3.19,3.53,1705728
CFE,20081013,0.43,0.465,0.43,0.45,5037910
CFR,20081013,0.005,0.005,0.005,0.005,8890492
CFU,20081013,0.29,0.295,0.26,0.26,702807
CFX,20081013,2.11,2.23,2.11,2.18,10568711
CGF,20081013,2.15,2.2,2.08,2.1,2503558
CGG,20081013,0.14,0.14,0.13,0.14,1088625
CGO,20081013,0.67,0.67,0.67,0.67,7538
CGX,20081013,1.11,1.11,1.11,1.11,160
CHB,20081013,19,19,18.79,19,1320
CHC,20081013,0.68,0.75,0.64,0.68,1814582
CHO,20081013,4.5,4.5,4.35,4.35,28776
CIF,20081013,2.5,2.52,2.49,2.5,7330556
CIG,20081013,0.02,0.025,0.02,0.025,2108294
CII,20081013,0.97,1.09,0.95,1.08,72500
CIL,20081013,1.31,1.35,1.3,1.3,10783
CIN,20081013,14.5,14.5,14.35,14.35,5100
CIR,20081013,0.66,0.7,0.65,0.66,49300
CIW,20081013,0.3,0.3,0.3,0.3,9600
CIX,20081013,0.32,0.335,0.32,0.335,78000
CIY,20081013,0.2,0.21,0.19,0.205,124154
CKK,20081013,0.085,0.085,0.085,0.085,22489
CKL,20081013,0.46,0.46,0.45,0.45,9000
CKR,20081013,0.057,0.057,0.057,0.057,51366
CKT,20081013,0.74,0.74,0.7,0.7,125028
CLH,20081013,0.45,0.45,0.405,0.405,13100
CLO,20081013,0.5,0.545,0.485,0.54,576935
CLQ,20081013,0.31,0.31,0.3,0.3,61617
CLV,20081013,0.19,0.22,0.19,0.2,61569
CLX,20081013,0.9,0.9,0.9,0.9,7000
CMI,20081013,0.9,0.9,0.9,0.9,1000
CMJ,20081013,2.17,2.21,1.955,2.05,1489382
CMO,20081013,0.022,0.022,0.02,0.02,10313202
CMP,20081013,0.12,0.165,0.11,0.11,111100
CMR,20081013,0.36,0.37,0.305,0.315,708879
CMV,20081013,0.2,0.23,0.2,0.23,318278
CMW,20081013,0.7,0.705,0.665,0.68,386520
CMY,20081013,0.09,0.09,0.09,0.09,20000
CNB,20081013,0.75,0.75,0.75,0.75,165
CND,20081013,0.915,0.995,0.9,0.9,72178
CNM,20081013,0.16,0.16,0.145,0.155,259089
CNP,20081013,0.07,0.074,0.07,0.07,5488607
CNT,20081013,0.625,0.65,0.61,0.61,142850
CNX,20081013,0.295,0.355,0.29,0.35,4660048
COE,20081013,0.265,0.28,0.255,0.255,563128
COF,20081013,2.1,2.3,2.05,2.3,73815
COH,20081013,55,58.83,55,56.7,440538
COK,20081013,0.35,0.4,0.34,0.395,723266
COM,20081013,0.12,0.12,0.12,0.12,9500
COO,20081013,0.01,0.01,0.01,0.01,8000
COU,20081013,1.29,1.335,1.25,1.28,112662
COY,20081013,0.061,0.061,0.061,0.061,50000
COZ,20081013,0.29,0.3,0.275,0.29,188152
CPA,20081013,1.21,1.27,1.13,1.145,5416269
CPB,20081013,26.93,28.5,26.6,27.62,80830
CPR,20081013,0.38,0.38,0.38,0.38,10000
CPU,20081013,7.95,8.25,7.77,8.25,1778366
CQT,20081013,0.18,0.22,0.18,0.21,186717
CQU,20081013,0.1,0.1,0.1,0.1,25000
CRC,20081013,0.085,0.085,0.085,0.085,3850
CRE,20081013,0.086,0.099,0.086,0.095,118695
CRG,20081013,9.5,9.99,9.23,9.35,1308657
CRK,20081013,0.55,0.55,0.55,0.55,15000
CRT,20081013,0.33,0.33,0.31,0.315,54580
CSE,20081013,0.075,0.085,0.075,0.075,366274
CSL,20081013,36.6,38.19,35.99,38.19,1936959
CSR,20081013,1.94,1.99,1.92,1.94,3773504
CSS,20081013,0.5,0.5,0.485,0.5,36578
CST,20081013,2.08,2.22,2.03,2.22,97636
CSV,20081013,0.62,0.655,0.62,0.655,34201
CSW,20081013,0.95,1,0.95,1,1532028
CTN,20081013,0.79,0.79,0.68,0.68,562991
CTO,20081013,0.21,0.23,0.21,0.23,958295
CTP,20081013,0.09,0.11,0.085,0.086,866433
CTX,20081013,10.42,10.84,10.42,10.5,648519
CUE,20081013,0.14,0.14,0.13,0.135,338700
CUL,20081013,0.05,0.06,0.048,0.05,523203
CUO,20081013,0.125,0.135,0.12,0.13,8512192
CUR,20081013,1.2,1.2,1.2,1.2,1000
CUS,20081013,0.105,0.11,0.095,0.11,498487
CUV,20081013,0.215,0.255,0.215,0.255,87196
CUX,20081013,0.09,0.09,0.09,0.09,298000
CUY,20081013,0.17,0.2,0.17,0.195,43000
CVI,20081013,0.018,0.019,0.015,0.015,9263068
CVN,20081013,0.265,0.28,0.255,0.265,5181441
CVR,20081013,0.05,0.05,0.05,0.05,50000
CVS,20081013,0.036,0.036,0.033,0.033,37558
CWK,20081013,0.215,0.25,0.2,0.2,1785122
CWN,20081013,6.99,7.19,6.55,6.7,950846
CWP,20081013,1.6,1.9,1.6,1.86,5500
CWT,20081013,0.53,0.55,0.53,0.535,155000
CXC,20081013,1.8,1.875,1.7,1.875,442220
CXD,20081013,0.76,0.76,0.76,0.76,80000
CXG,20081013,0.6,0.655,0.585,0.585,584495
CXH,20081013,0.45,0.495,0.45,0.495,37000
CXM,20081013,0.15,0.16,0.15,0.16,14000
CXP,20081013,4.8,4.8,4.6,4.7,125232
CXS,20081013,0.58,0.61,0.55,0.58,51747
CXY,20081013,0.081,0.089,0.081,0.087,526207
CYA,20081013,0.83,0.855,0.82,0.82,188861
CYC,20081013,0.105,0.105,0.1,0.1,127000
CYG,20081013,1.43,1.43,1.35,1.4,16835
CYL,20081013,0.07,0.07,0.07,0.07,6000
CYS,20081013,0.18,0.18,0.18,0.18,61111
CZA,20081013,1.04,1.16,1.04,1.08,272372
DBS,20081013,0.18,0.18,0.18,0.18,65000
DDT,20081013,0.092,0.093,0.091,0.093,35000
DEG,20081013,0.045,0.045,0.035,0.035,119000
DES,20081013,0.02,0.02,0.018,0.018,797629
DEX,20081013,0.78,0.78,0.74,0.74,76001
DGH,20081013,0.39,0.39,0.39,0.39,4470
DGO,20081013,0.04,0.04,0.04,0.04,194500
DGR,20081013,0.066,0.066,0.061,0.061,105000
DIA,20081013,0.013,0.013,0.011,0.012,1851113
DIO,20081013,0.42,0.45,0.42,0.45,165029
DJS,20081013,3.17,3.39,3.02,3.13,2293538
DJW,20081013,3.38,3.67,3.38,3.67,207292
DKN,20081013,0.72,0.75,0.7,0.75,18700
DKS,20081013,6.21,6.21,6.21,6.21,1200
DLS,20081013,0.026,0.03,0.025,0.03,873000
DMG,20081013,0.085,0.085,0.073,0.075,537826
DML,20081013,0.25,0.25,0.25,0.25,2000
DMP,20081013,2.9,2.9,2.85,2.85,4175
DMX,20081013,0.15,0.16,0.145,0.15,104772
DMY,20081013,0.01,0.01,0.01,0.01,8170
DOM,20081013,2.54,2.54,2.42,2.42,250856
DON,20081013,0.12,0.15,0.12,0.15,79223
DOW,20081013,5.35,5.54,5.01,5.15,1780908
DRA,20081013,0.05,0.05,0.05,0.05,35000
DRX,20081013,0.1,0.1,0.1,0.1,300000
DSN,20081013,0.19,0.19,0.19,0.19,200000
DTL,20081013,5.31,5.49,5.25,5.35,14391
DTM,20081013,0.08,0.1,0.08,0.1,45000
DUE,20081013,2.79,2.84,2.7,2.84,1054992
DUI,20081013,2.82,2.82,2.75,2.75,8168
DVN,20081013,0.62,0.63,0.59,0.59,701559
DWS,20081013,0.69,0.8,0.69,0.74,150156
DXS,20081013,1.21,1.33,1.21,1.3,12125587
DYE,20081013,0.6,0.66,0.575,0.58,162082
DYL,20081013,0.13,0.15,0.13,0.15,1927397
EAL,20081013,0.5,0.5,0.5,0.5,5000
EAR,20081013,0.03,0.03,0.03,0.03,6851
EBB,20081013,0.12,0.135,0.12,0.135,82008
EBG,20081013,0.13,0.13,0.13,0.13,30000
EBI,20081013,1.9,1.94,1.85,1.89,47977
ECM,20081013,0.045,0.045,0.04,0.04,200000
ECU,20081013,0.2,0.2,0.2,0.2,5000
EFE,20081013,0.11,0.11,0.11,0.11,5000
EFT,20081013,0.044,0.044,0.044,0.044,150000
EGF,20081013,1.555,1.65,1.555,1.635,122687
EGL,20081013,0.058,0.058,0.058,0.058,20000
EGO,20081013,0.009,0.011,0.009,0.011,20048000
EHL,20081013,0.725,0.77,0.69,0.75,1806258
EKA,20081013,0.1,0.1,0.1,0.1,127000
EKM,20081013,0.145,0.145,0.14,0.14,85000
ELI,20081013,0.675,0.675,0.67,0.67,20000
ELK,20081013,0.2,0.2,0.18,0.2,30000
ELX,20081013,0.26,0.26,0.24,0.24,15745
ELY,20081013,0.085,0.085,0.085,0.085,60000
EMA,20081013,0.32,0.33,0.305,0.315,40647
EME,20081013,0.47,0.47,0.45,0.47,427760
EMM,20081013,0.045,0.045,0.045,0.045,10000
EMR,20081013,0.09,0.14,0.09,0.105,173600
EMS,20081013,0.135,0.14,0.13,0.14,53500
ENE,20081013,2.5,2.5,2.36,2.5,300030
ENG,20081013,0.018,0.02,0.015,0.015,92000
ENR,20081013,0.14,0.14,0.14,0.14,30000
ENV,20081013,0.62,0.65,0.62,0.64,4684285
EOS,20081013,0.25,0.25,0.18,0.2,277700
EPD,20081013,0.07,0.07,0.07,0.07,38000
EPF,20081013,0.12,0.12,0.11,0.11,519694
EPG,20081013,0.32,0.32,0.3,0.3,143819
EPR,20081013,0.032,0.034,0.03,0.034,641397
EPS,20081013,0.1,0.1,0.095,0.095,30000
EPY,20081013,0.022,0.022,0.022,0.022,7400
EQF,20081013,0.55,0.55,0.55,0.55,1680
EQN,20081013,1.95,2.14,1.9,2.12,1158502
EQT,20081013,19,19,19,19,1100
ERA,20081013,10.3,11.18,9.35,10.1,741551
ERG,20081013,0.01,0.014,0.01,0.013,660252
ERL,20081013,0.061,0.07,0.061,0.07,100000
ERM,20081013,0.099,0.1,0.095,0.099,614633
ERO,20081013,0.04,0.04,0.038,0.038,120000
ESG,20081013,0.235,0.27,0.215,0.27,1615460
ESI,20081013,0.034,0.039,0.031,0.035,340000
ESN,20081013,0.004,0.005,0.004,0.005,1364050
ESS,20081013,0.64,0.77,0.64,0.77,9754
ESV,20081013,0.7,0.75,0.7,0.75,28000
ESW,20081013,0.17,0.17,0.17,0.17,60000
ETC,20081013,0.28,0.31,0.28,0.28,49617
ETE,20081013,0.091,0.1,0.091,0.091,47638
ETT,20081013,0.002,0.002,0.002,0.002,5000000
EVE,20081013,0.02,0.02,0.017,0.017,300000
EVZ,20081013,0.15,0.16,0.15,0.155,164925
EWC,20081013,0.39,0.46,0.39,0.455,1784719
EXE,20081013,0.035,0.035,0.035,0.035,44117
EXM,20081013,0.007,0.007,0.005,0.005,2025000
EXR,20081013,0.065,0.065,0.06,0.06,610000
EXS,20081013,0.125,0.16,0.11,0.15,309230
EXT,20081013,0.825,0.91,0.825,0.91,232161
FAN,20081013,2.35,2.35,2.35,2.35,2976
FAR,20081013,0.037,0.038,0.035,0.035,1331747
FAS,20081013,0.06,0.065,0.055,0.065,572023
FAT,20081013,0.73,0.73,0.73,0.73,116506
FBU,20081013,5.45,5.6,5.3,5.3,639059
FCL,20081013,1.1,1.145,1.1,1.12,3834493
FCN,20081013,0.095,0.1,0.095,0.1,10000
FEA,20081013,0.4,0.41,0.375,0.41,219383
FFF,20081013,0.02,0.02,0.02,0.02,100000
FFI,20081013,3,3,3,3,8000
FGE,20081013,0.33,0.35,0.32,0.32,154744
FGL,20081013,5.4,5.49,5.25,5.28,13103834
FLK,20081013,0.6,0.6,0.58,0.6,41250
FLT,20081013,17.43,17.8,16.42,16.6,314745
FLX,20081013,9.25,10.8,9.25,9.96,430963
FMG,20081013,2.76,3.18,2.74,2.82,23127854
FML,20081013,0.023,0.028,0.023,0.027,2392223
FMS,20081013,0.047,0.07,0.046,0.068,24354655
FPA,20081013,1.22,1.3,1.2,1.2,35381
FPH,20081013,2.62,2.68,2.62,2.67,3008000
FRE,20081013,0.105,0.135,0.105,0.13,273684
FRI,20081013,0.505,0.54,0.5,0.5,190000
FRR,20081013,0.16,0.16,0.16,0.16,61500
FRS,20081013,0.3,0.305,0.295,0.295,193715
FRV,20081013,0.006,0.006,0.005,0.005,80000
FSA,20081013,0.19,0.2,0.19,0.2,84575
FSE,20081013,0.024,0.025,0.022,0.024,2313805
FSN,20081013,0.25,0.25,0.25,0.25,25000
FUN,20081013,0.28,0.28,0.215,0.215,292720
FWD,20081013,6.51,7.19,6.51,6.95,89684
FWL,20081013,0.11,0.11,0.11,0.11,15000
FXI,20081013,0.68,0.7,0.68,0.7,72155
FXJ,20081013,2.3,2.33,2.21,2.25,7132320
FXL,20081013,0.33,0.34,0.31,0.33,332193
FXR,20081013,0.21,0.21,0.185,0.2,343713
GAU,20081013,0.045,0.046,0.045,0.046,28000
GBE,20081013,0.125,0.125,0.105,0.105,71150
GBG,20081013,0.35,0.44,0.35,0.44,5192172
GBM,20081013,0.06,0.06,0.04,0.04,60000
GBP,20081013,0.11,0.11,0.11,0.11,59667
GBT,20081013,1.05,1.05,1.05,1.05,3150
GCL,20081013,4.15,4.41,3.82,4.22,1249433
GCR,20081013,0.011,0.011,0.011,0.011,993333
GCS,20081013,0.68,0.68,0.68,0.68,5000
GDA,20081013,0.035,0.035,0.035,0.035,20000
GDN,20081013,0.044,0.044,0.041,0.042,524642
GDR,20081013,0.045,0.05,0.045,0.05,310000
GDY,20081013,0.75,0.88,0.73,0.85,523281
GED,20081013,0.028,0.028,0.028,0.028,7000
GER,20081013,0.058,0.059,0.058,0.059,33000
GFF,20081013,1.51,1.55,1.46,1.48,7027134
GGG,20081013,0.2,0.24,0.2,0.2,63063
GGP,20081013,0.225,0.255,0.225,0.24,323401
GGY,20081013,0.026,0.026,0.026,0.026,17767
GHT,20081013,0.43,0.43,0.39,0.395,16326
GIA,20081013,0.13,0.13,0.13,0.13,1600
GIP,20081013,0.065,0.07,0.065,0.07,113600
GIR,20081013,0.54,0.56,0.51,0.51,170616
GJT,20081013,0.225,0.235,0.19,0.19,1297012
GLB,20081013,0.3,0.36,0.3,0.36,1500
GLE,20081013,0.3,0.3,0.3,0.3,3500
GLM,20081013,0.08,0.08,0.075,0.075,58000
GLX,20081013,0.059,0.059,0.055,0.055,58339
GME,20081013,0.1,0.1,0.075,0.08,343850
GMG,20081013,1.6,1.68,1.495,1.58,10884726
GMI,20081013,1.07,1.145,1.07,1.13,396252
GMX,20081013,1.3,1.3,1.3,1.3,4100
GNC,20081013,7.4,7.4,6.9,7.19,58225
GNM,20081013,0.99,1,0.925,1,40129
GNS,20081013,1.245,1.26,1.11,1.165,1056072
GOA,20081013,0.013,0.013,0.011,0.011,588052
GOP,20081013,0.04,0.04,0.04,0.04,10000
GPG,20081013,0.89,0.91,0.87,0.87,136335
GPM,20081013,0.215,0.22,0.21,0.215,537925
GPN,20081013,0.006,0.006,0.006,0.006,7915000
GPP,20081013,0.07,0.08,0.07,0.075,84901
GPT,20081013,1.135,1.26,1.1,1.1,13145298
GRB,20081013,0.048,0.048,0.048,0.048,20000
GRD,20081013,0.62,0.645,0.6,0.62,488912
GRK,20081013,0.038,0.063,0.035,0.063,266500
GRR,20081013,0.645,0.645,0.58,0.625,56400
GRV,20081013,0.075,0.075,0.075,0.075,15000
GRY,20081013,0.14,0.14,0.13,0.14,137871
GSC,20081013,0.06,0.06,0.06,0.06,8000
GSE,20081013,0.022,0.022,0.022,0.022,200000
GSF,20081013,0.004,0.009,0.004,0.009,975900
GTE,20081013,0.027,0.027,0.026,0.026,23323
GTG,20081013,0.05,0.05,0.05,0.05,63000
GTP,20081013,0.46,0.48,0.42,0.42,1694146
GUD,20081013,5.22,5.35,5.09,5.16,234629
GUN,20081013,0.06,0.06,0.06,0.06,50000
GWR,20081013,0.75,0.8,0.71,0.8,34775
GWT,20081013,2.68,2.94,2.56,2.9,372254
GXY,20081013,0.37,0.37,0.37,0.37,2215
HAP,20081013,0.525,0.6,0.5,0.6,26060
HAV,20081013,0.36,0.4,0.36,0.4,22058
HAW,20081013,0.014,0.014,0.013,0.013,2450000
HDF,20081013,2.19,2.39,2.15,2.38,269030
HDG,20081013,0.045,0.045,0.045,0.045,218820
HDN,20081013,0.1,0.1,0.1,0.1,5000
HEG,20081013,0.155,0.155,0.145,0.145,308231
HEM,20081013,0.1,0.1,0.1,0.1,30000
HER,20081013,1.03,1.03,1.03,1.03,2800
HFA,20081013,0.495,0.505,0.415,0.46,2376315
HGI,20081013,1.8,1.815,1.68,1.72,4197182
HGO,20081013,0.089,0.089,0.082,0.089,509048
HHL,20081013,5.88,6.4,5.81,6.2,40634
HHM,20081013,0.18,0.18,0.18,0.18,35000
HHV,20081013,0.575,0.585,0.555,0.57,472796
HHY,20081013,1.14,1.14,1.015,1.015,86773
HIC,20081013,0.61,0.65,0.6,0.635,66825
HIG,20081013,0.056,0.066,0.056,0.061,637215
HIL,20081013,3.8,4.12,3.74,4.12,257106
HIP,20081013,1.2,1.2,1.2,1.2,21500
HLD,20081013,0.13,0.13,0.13,0.13,23000
HLG,20081013,0.43,0.43,0.365,0.365,151018
HLX,20081013,0.089,0.1,0.089,0.1,132000
HMC,20081013,0.061,0.062,0.061,0.061,350839
HNG,20081013,1.385,1.385,1.38,1.38,7941
HOM,20081013,0.355,0.355,0.355,0.355,23000
HRL,20081013,0.091,0.099,0.09,0.099,40000
HRR,20081013,0.205,0.205,0.165,0.17,589320
HRS,20081013,0.13,0.13,0.13,0.13,3750
HSK,20081013,0.8,0.82,0.8,0.8,36598
HSN,20081013,0.32,0.355,0.315,0.355,13990
HSP,20081013,4.62,4.64,4.34,4.5,360153
HST,20081013,1.6,1.7,1.6,1.625,338268
HTA,20081013,0.093,0.093,0.093,0.093,10655
HTE,20081013,0.035,0.035,0.032,0.032,250000
HTM,20081013,0.014,0.014,0.012,0.012,150000
HTW,20081013,0.54,0.54,0.54,0.54,110000
HVN,20081013,2.69,2.72,2.52,2.58,2602188
HWI,20081013,0.97,0.97,0.95,0.95,4275
HXL,20081013,0.59,0.59,0.59,0.59,10000
HYO,20081013,0.017,0.017,0.017,0.017,110000
HZN,20081013,0.21,0.21,0.19,0.19,569149
IAA,20081013,41.97,41.97,41.97,41.97,1
IAG,20081013,3.65,3.67,3.45,3.67,4380957
IAT,20081013,0.02,0.02,0.02,0.02,10000
IAU,20081013,0.13,0.14,0.13,0.14,175817
IAW,20081013,0.19,0.19,0.19,0.19,12802
IBA,20081013,0.58,0.66,0.58,0.635,2409993
IBC,20081013,0.48,0.48,0.45,0.45,63899
IBG,20081013,0.115,0.12,0.11,0.12,102773
ICD,20081013,0.18,0.18,0.17,0.17,15000
ICN,20081013,0.14,0.15,0.14,0.15,808620
ICP,20081013,0.03,0.03,0.029,0.029,169333
IDL,20081013,0.23,0.25,0.22,0.225,5842461
IDM,20081013,0.31,0.31,0.3,0.3,299750
IDO,20081013,0.35,0.35,0.35,0.35,30888
IDT,20081013,1.8,1.91,1.8,1.91,27000
IEF,20081013,0.505,0.54,0.495,0.495,49536
IEM,20081013,36.82,38.1,36.82,38,15191
IEU,20081013,46.99,48.07,46.99,48.07,1231
IFE,20081013,0.22,0.22,0.215,0.215,35000
IFL,20081013,5.12,5.4,4.88,5.26,72607
IFM,20081013,0.37,0.395,0.37,0.395,364093
IGC,20081013,0.225,0.23,0.21,0.215,1563511
IGG,20081013,0.38,0.38,0.35,0.36,138240
IGO,20081013,1.69,1.75,1.58,1.69,963822
IGR,20081013,0.12,0.14,0.12,0.135,694541
IHF,20081013,0.79,0.79,0.75,0.75,171200
IHK,20081013,16.34,16.34,16.34,16.34,2
IIF,20081013,1.16,1.16,1.045,1.08,7645928
III,20081013,0.08,0.08,0.08,0.08,3000
IIN,20081013,1.275,1.305,1.26,1.305,248352
IJH,20081013,85.06,85.06,85.06,85.06,2
IJP,20081013,12.6,12.6,12.58,12.58,3300
IJR,20081013,70.23,71,70.23,70.7,3678
IKO,20081013,44.65,49.2,44.65,49.2,130
ILF,20081013,0.19,0.225,0.175,0.19,1639142
ILU,20081013,3.9,3.92,3.43,3.48,1269713
IMA,20081013,0.3,0.3,0.25,0.29,23500
IMD,20081013,0.71,0.72,0.61,0.645,1077667
IMF,20081013,0.77,0.805,0.77,0.8,153000
IMI,20081013,0.006,0.007,0.005,0.007,1900000
IMP,20081013,0.008,0.008,0.007,0.008,450000
IMU,20081013,0.049,0.05,0.049,0.049,43000
INE,20081013,0.4,0.405,0.34,0.34,296718
INL,20081013,0.018,0.02,0.017,0.017,875276
INP,20081013,0.28,0.32,0.27,0.29,319553
INT,20081013,0.01,0.01,0.01,0.01,3250000
IOF,20081013,1.3,1.395,1.25,1.31,1882716
IOH,20081013,0.2,0.25,0.2,0.23,334900
IOO,20081013,74.81,77,74.81,77,3362
IPA,20081013,0.1,0.1,0.095,0.095,10300
IPE,20081013,0.62,0.62,0.62,0.62,3000
IPL,20081013,4.4,4.57,4.16,4.28,8193362
IPM,20081013,0.82,0.85,0.8,0.8,90948
IPR,20081013,0.115,0.125,0.115,0.12,246830
IPX,20081013,0.335,0.42,0.28,0.42,71500
IRC,20081013,0.12,0.14,0.1,0.1,43000
IRD,20081013,0.075,0.125,0.075,0.125,13450
IRE,20081013,5.2,5.2,4.24,4.58,422254
IRI,20081013,0.32,0.32,0.3,0.3,263000
IRL,20081013,0.03,0.03,0.03,0.03,9851
IRM,20081013,0.081,0.1,0.081,0.098,62557
IRN,20081013,0.54,0.595,0.53,0.59,591548
IRU,20081013,78.67,78.67,78.67,78.67,2
ISG,20081013,12.06,12.06,12.06,12.06,2
ISS,20081013,0.39,0.43,0.39,0.43,11715
ITC,20081013,0.039,0.043,0.038,0.043,715835
ITD,20081013,0.092,0.092,0.091,0.091,450000
ITS,20081013,0.2,0.2,0.2,0.2,18000
ITW,20081013,13.57,13.57,13.57,13.57,10
ITX,20081013,0.67,0.67,0.67,0.67,1000
IVA,20081013,0.51,0.53,0.5,0.5,23066
IVC,20081013,4.81,4.84,4.7,4.78,205560
IVE,20081013,65.57,67.14,64.65,67.02,1556
IVV,20081013,136.99,140.51,136.99,140.51,92
IWI,20081013,0.82,0.82,0.82,0.82,3801
IXR,20081013,0.28,0.28,0.25,0.25,136623
IZZ,20081013,41.66,41.66,41.26,41.26,107
JAK,20081013,0.031,0.05,0.031,0.035,190000
JBH,20081013,10.35,10.75,9.9,10.75,280936
JET,20081013,1.09,1.11,1.09,1.1,56400
JGL,20081013,0.096,0.096,0.095,0.095,191629
JHX,20081013,4.71,4.92,4.51,4.7,2912034
JMB,20081013,0.49,0.49,0.49,0.49,5000
JML,20081013,0.135,0.15,0.135,0.145,3610181
JMS,20081013,0.105,0.11,0.1,0.11,80000
JPR,20081013,0.03,0.03,0.03,0.03,155668
JRV,20081013,0.013,0.015,0.013,0.013,4086750
JUT,20081013,0.031,0.031,0.007,0.01,783888
KAL,20081013,0.028,0.028,0.028,0.028,36666
KAM,20081013,0.18,0.18,0.18,0.18,5714
KAR,20081013,1.79,2.6,1.79,2.49,876898
KAT,20081013,0.55,0.6,0.5,0.6,44000
KBC,20081013,0.25,0.26,0.215,0.25,757144
KCN,20081013,4,4,3.71,4,336211
KEY,20081013,0.12,0.16,0.12,0.16,423045
KGL,20081013,0.042,0.071,0.041,0.071,120000
KIK,20081013,0.11,0.11,0.1,0.1,2492860
KIL,20081013,0.635,0.65,0.625,0.625,153721
KME,20081013,0.14,0.16,0.14,0.16,2500
KMN,20081013,0.15,0.15,0.135,0.135,554379
KOR,20081013,0.08,0.08,0.08,0.08,14390
KRB,20081013,0.3,0.3,0.3,0.3,52700
KRS,20081013,0.185,0.185,0.185,0.185,10000
KSO,20081013,0.07,0.07,0.07,0.07,180775
KSX,20081013,0.021,0.021,0.02,0.02,208000
KTE,20081013,0.045,0.045,0.045,0.045,1204
KTL,20081013,0.005,0.005,0.005,0.005,4200
KYC,20081013,0.225,0.225,0.225,0.225,5000
KZL,20081013,1.625,1.65,1.51,1.61,1010009
LAU,20081013,0.145,0.145,0.145,0.145,100000
LBT,20081013,0.135,0.135,0.135,0.135,5000
LBY,20081013,0.08,0.09,0.07,0.09,172200
LCE,20081013,0.51,0.51,0.51,0.51,10000
LCM,20081013,0.8,0.82,0.8,0.82,17000
LCT,20081013,0.17,0.17,0.17,0.17,4000
LCY,20081013,0.15,0.19,0.15,0.19,13400
LDW,20081013,3,3,3,3,5500
LEG,20081013,0.011,0.013,0.01,0.013,1159717
LEI,20081013,31.02,33.75,30.16,33.75,1118023
LEP,20081013,2.45,2.62,2.26,2.5,197491
LGD,20081013,0.074,0.074,0.073,0.073,92500
LGL,20081013,2.32,2.46,2.28,2.42,11056807
LGO,20081013,0.012,0.012,0.012,0.012,50000
LIN,20081013,0.062,0.062,0.062,0.062,100000
LIO,20081013,0.055,0.055,0.055,0.055,200000
LKE,20081013,0.18,0.18,0.16,0.165,120000
LKO,20081013,0.004,0.005,0.004,0.005,4511481
LLA,20081013,0.03,0.034,0.03,0.034,402135
LLC,20081013,7.77,8.24,7.77,7.9,745617
LMC,20081013,3.3,3.3,3.3,3.3,180
LMG,20081013,0.004,0.004,0.004,0.004,1264446
LMP,20081013,0.095,0.096,0.095,0.096,75000
LNG,20081013,0.5,0.505,0.5,0.5,101678
LNN,20081013,9,9.15,8.52,8.7,2136872
LOD,20081013,0.013,0.013,0.013,0.013,266667
LOM,20081013,0.07,0.07,0.07,0.07,10578
LRF,20081013,0.51,0.55,0.51,0.55,275909
LRL,20081013,0.175,0.175,0.17,0.17,15000
LSL,20081013,0.002,0.002,0.002,0.002,400000
LSR,20081013,0.04,0.04,0.04,0.04,7260
LST,20081013,1.34,1.4,1.34,1.4,262529
LWB,20081013,1.45,1.49,1.4,1.49,13400
LYC,20081013,0.4,0.425,0.38,0.39,3418654
LYL,20081013,3.33,3.49,3.25,3.3,18199
MAE,20081013,0.305,0.335,0.25,0.265,677803
MAH,20081013,1.35,1.44,1.31,1.345,2091359
MAK,20081013,0.59,0.66,0.59,0.625,655139
MAP,20081013,2.28,2.37,2.28,2.37,7063505
MAR,20081013,0.1,0.1,0.1,0.1,31000
MBA,20081013,0.028,0.028,0.027,0.027,200000
MBI,20081013,0.016,0.016,0.016,0.016,4000
MBN,20081013,2.05,2.18,1.98,2.18,158831
MBP,20081013,0.029,0.03,0.029,0.03,73000
MCC,20081013,6.04,6.35,5.59,5.62,1153055
MCG,20081013,2.4,2.4,2.08,2.12,1122083
MCK,20081013,0.45,0.45,0.45,0.45,36404
MCL,20081013,0.009,0.009,0.009,0.009,331820
MCO,20081013,0.19,0.19,0.19,0.19,48300
MCP,20081013,2.58,2.6,2.38,2.38,62016
MCR,20081013,0.89,0.94,0.855,0.94,900843
MCU,20081013,0.5,0.53,0.48,0.53,421139
MCW,20081013,0.765,0.77,0.615,0.66,6000747
MDA,20081013,0.185,0.23,0.18,0.23,22000
MDG,20081013,0.07,0.07,0.07,0.07,80085
MDL,20081013,0.41,0.46,0.41,0.455,538161
MDS,20081013,0.04,0.04,0.04,0.04,524843
MDT,20081013,0.225,0.23,0.2,0.22,1860923
MDX,20081013,0.35,0.41,0.35,0.41,188200
MEL,20081013,0.36,0.36,0.34,0.35,98844
MEO,20081013,0.125,0.155,0.125,0.155,2877677
MEP,20081013,0.17,0.195,0.165,0.165,165155
MES,20081013,0.11,0.11,0.11,0.11,5508
MEU,20081013,0.048,0.05,0.048,0.05,110000
MFF,20081013,0.57,0.59,0.57,0.58,465453
MFG,20081013,0.48,0.5,0.48,0.48,41626
MFI,20081013,0.026,0.029,0.025,0.025,343362
MGO,20081013,0.15,0.15,0.13,0.13,107805
MGR,20081013,2.15,2.25,1.87,1.91,4402362
MGU,20081013,0.07,0.075,0.07,0.075,51000
MGX,20081013,0.78,0.865,0.675,0.7,8266591
MGY,20081013,0.052,0.065,0.052,0.065,273000
MGZ,20081013,0.05,0.05,0.05,0.05,11000
MHI,20081013,0.16,0.16,0.16,0.16,10000
MHL,20081013,0.005,0.006,0.005,0.005,972600
MIF,20081013,0.42,0.42,0.41,0.41,32332
MIG,20081013,2.01,2.11,1.98,2.05,14991657
MIK,20081013,0.125,0.205,0.125,0.2,57250
MIN,20081013,3.1,3.4,2.89,3,139080
MIR,20081013,1.46,1.55,1.46,1.55,70206
MIT,20081013,1.335,1.425,1.3,1.425,24026
MIX,20081013,0.19,0.195,0.17,0.18,343516
MKY,20081013,0.01,0.011,0.009,0.011,5147241
MLB,20081013,2.4,2.5,2.37,2.4,90431
MLE,20081013,1.3,1.38,1.26,1.38,1143203
MLM,20081013,0.25,0.26,0.24,0.24,112700
MLS,20081013,0.01,0.012,0.01,0.011,1987628
MLT,20081013,16.65,16.92,16.51,16.7,26113
MLX,20081013,0.13,0.145,0.12,0.145,660629
MMA,20081013,0.495,0.495,0.47,0.495,70350
MMB,20081013,0.35,0.35,0.345,0.345,35000
MMG,20081013,2.15,2.23,2.07,2.21,369278
MML,20081013,0.685,0.685,0.6,0.65,62427
MMN,20081013,0.04,0.044,0.04,0.042,1002916
MMR,20081013,0.042,0.042,0.042,0.042,85000
MMS,20081013,1.92,1.92,1.83,1.83,226467
MMX,20081013,0.75,0.895,0.725,0.75,2082270
MND,20081013,10.09,10.54,9.34,9.5,432950
MNF,20081013,0.125,0.125,0.125,0.125,7760
MNL,20081013,0.2,0.2,0.2,0.2,17601
MNM,20081013,0.075,0.079,0.075,0.079,18680
MNW,20081013,0.036,0.036,0.036,0.036,50000
MNY,20081013,0.4,0.4,0.4,0.4,12500
MOC,20081013,0.86,0.935,0.86,0.9,187996
MOF,20081013,0.7,0.745,0.675,0.71,13418058
MOG,20081013,0.023,0.026,0.023,0.026,70000
MOL,20081013,0.64,0.65,0.58,0.65,331843
MOS,20081013,0.079,0.083,0.077,0.079,1282196
MOX,20081013,0.06,0.07,0.06,0.07,15000
MPF,20081013,0.34,0.4,0.34,0.355,337988
MPJ,20081013,0.003,0.003,0.003,0.003,5023333
MPO,20081013,0.535,0.58,0.49,0.51,928827
MPS,20081013,0.22,0.245,0.22,0.225,167058
MQG,20081013,30.5,32.15,30.5,31.75,4738519
MRA,20081013,0.28,0.31,0.28,0.31,192190
MRE,20081013,0.845,0.9,0.775,0.795,1519368
MRK,20081013,0.015,0.015,0.015,0.015,100000
MRM,20081013,1.32,1.34,1.29,1.34,119777
MRN,20081013,0.35,0.35,0.35,0.35,1500
MRO,20081013,0.135,0.135,0.115,0.12,19715
MRU,20081013,0.875,0.92,0.85,0.885,27954
MRX,20081013,0.026,0.027,0.024,0.027,803465
MRZ,20081013,0.465,0.49,0.465,0.485,288263
MSA,20081013,0.19,0.19,0.18,0.18,25000
MSB,20081013,0.83,0.995,0.83,0.995,27250
MSC,20081013,0.013,0.014,0.013,0.013,714515
MSF,20081013,2.1,2.1,2.05,2.05,2898
MSH,20081013,0.05,0.05,0.05,0.05,10000
MSL,20081013,1.93,1.93,1.9,1.91,65810
MSN,20081013,0.075,0.075,0.075,0.075,10000
MST,20081013,0.032,0.036,0.032,0.035,1061428
MTD,20081013,0.06,0.06,0.06,0.06,73275
MTI,20081013,0.009,0.009,0.007,0.007,579948
MTN,20081013,0.71,0.75,0.65,0.65,131976
MTS,20081013,4,4.03,3.86,3.97,2081843
MTU,20081013,0.54,0.55,0.54,0.55,40570
MUE,20081013,0.325,0.365,0.325,0.365,22000
MUN,20081013,0.195,0.21,0.18,0.18,685491
MVU,20081013,0.22,0.22,0.22,0.22,500
MWE,20081013,0.075,0.075,0.071,0.071,45066
MWN,20081013,0.07,0.07,0.07,0.07,50000
MWS,20081013,0.022,0.022,0.022,0.022,208000
MXI,20081013,0.48,0.515,0.48,0.495,276761
MXR,20081013,0.056,0.089,0.056,0.088,339500
MYO,20081013,1.09,1.12,1.07,1.095,91678
MZM,20081013,0.08,0.08,0.08,0.08,750
NAB,20081013,22.34,23.12,22,22.4,14846619
NAD,20081013,0.008,0.009,0.008,0.009,8915767
NAL,20081013,0.007,0.009,0.007,0.008,1649000
NAM,20081013,0.26,0.27,0.26,0.27,65000
NAN,20081013,0.19,0.19,0.16,0.16,65000
NAV,20081013,0.175,0.175,0.155,0.175,80663
NBL,20081013,1.49,1.49,1.41,1.41,10011
NCK,20081013,0.65,0.65,0.6,0.6,17000
NCM,20081013,25.01,27.49,24.87,27.49,2247070
NDO,20081013,0.175,0.19,0.165,0.17,4602254
NEC,20081013,0.62,0.7,0.62,0.68,68097
NEM,20081013,4.88,5.04,4.58,5.04,72769
NEO,20081013,0.018,0.018,0.015,0.017,623253
NEU,20081013,0.065,0.069,0.065,0.069,114000
NFE,20081013,1.03,1.035,1,1.035,18112
NFK,20081013,0.65,0.655,0.6,0.6,774983
NFL,20081013,0.071,0.071,0.071,0.071,3000
NGF,20081013,0.14,0.15,0.135,0.135,893410
NHC,20081013,3.3,3.69,3.3,3.4,436370
NHD,20081013,0.014,0.014,0.014,0.014,36964
NHF,20081013,0.67,0.71,0.665,0.675,60763
NHH,20081013,2.35,2.35,2.35,2.35,1500
NIO,20081013,0.018,0.018,0.018,0.018,29444
NIP,20081013,0.145,0.15,0.14,0.15,235000
NKP,20081013,0.27,0.27,0.27,0.27,1100
NLG,20081013,0.007,0.007,0.006,0.007,860617
NLX,20081013,0.26,0.31,0.25,0.25,65882
NMI,20081013,0.05,0.05,0.05,0.05,10000
NMS,20081013,0.3,0.365,0.3,0.325,551396
NOD,20081013,1.15,1.28,1.105,1.2,173259
NQM,20081013,0.255,0.26,0.24,0.26,107130
NRT,20081013,1.05,1.05,0.9,0.99,53416
NRU,20081013,0.04,0.04,0.04,0.04,15000
NSE,20081013,0.08,0.08,0.074,0.074,75000
NSL,20081013,0.018,0.018,0.015,0.015,872700
NSP,20081013,0.06,0.062,0.06,0.062,72428
NST,20081013,0.05,0.05,0.05,0.05,36000
NSX,20081013,0.12,0.12,0.12,0.12,2000
NTC,20081013,0.1,0.1,0.1,0.1,62160
NTU,20081013,0.19,0.21,0.16,0.16,191058
NUF,20081013,13.25,13.65,13,13.11,654270
NVT,20081013,2.35,2.35,2.32,2.34,146598
NWE,20081013,0.066,0.066,0.063,0.066,355000
NWH,20081013,1.025,1.07,0.85,0.855,682956
NWS,20081013,13.4,13.93,13.11,13.8,2312384
NWT,20081013,0.002,0.002,0.002,0.002,2800000
NXS,20081013,0.54,0.55,0.31,0.415,21859408
NZO,20081013,1.055,1.12,1.04,1.08,148000
OAK,20081013,0.75,0.75,0.75,0.75,1332
OBJ,20081013,0.009,0.009,0.009,0.009,176847
OEC,20081013,0.05,0.053,0.05,0.051,208660
OEL,20081013,0.18,0.19,0.165,0.18,1630496
OEX,20081013,0.41,0.435,0.4,0.425,243570
OFG,20081013,0.81,0.81,0.81,0.81,25350
OGC,20081013,0.335,0.37,0.325,0.365,100633
OIF,20081013,0.28,0.315,0.28,0.28,519450
OIL,20081013,0.145,0.155,0.145,0.155,10000
OIP,20081013,0.038,0.048,0.038,0.048,19427
OKN,20081013,2.7,2.8,2.7,2.75,267775
OKU,20081013,0.05,0.05,0.05,0.05,114000
OLE,20081013,0.021,0.022,0.021,0.022,200000
OMH,20081013,1.16,1.33,1.155,1.26,1026425
OMI,20081013,0.25,0.255,0.25,0.255,15000
ONC,20081013,0.125,0.125,0.1,0.1,28100
ONT,20081013,2.34,2.34,2.32,2.32,7219
ORC,20081013,0.009,0.009,0.009,0.009,26000
ORD,20081013,0.066,0.066,0.06,0.065,135000
ORE,20081013,0.16,0.16,0.16,0.16,15000
ORG,20081013,14.28,14.59,14.05,14.5,3196483
ORH,20081013,0.073,0.073,0.073,0.073,20000
ORI,20081013,18.87,18.98,16.8,17.5,1929061
ORL,20081013,3.17,3.4,3.17,3.4,8300
ORP,20081013,0.04,0.04,0.04,0.04,15000
OSH,20081013,3.5,3.65,3.27,3.43,9224764
OST,20081013,3.98,4.16,3.81,3.9,4430253
OUM,20081013,0.09,0.09,0.09,0.09,55000
OZG,20081013,0.13,0.13,0.13,0.13,127107
OZL,20081013,1.05,1.21,1.05,1.18,33612320
PAA,20081013,0.02,0.02,0.019,0.019,700000
PAG,20081013,1.07,1.22,1.07,1.22,115683
PAN,20081013,1.04,1.08,0.99,1,2089744
PAX,20081013,0.14,0.15,0.135,0.145,47000
PBA,20081013,0.64,0.64,0.635,0.64,125000
PBD,20081013,0.34,0.34,0.27,0.27,139167
PBG,20081013,1.985,2,1.945,1.99,3000330
PBT,20081013,0.395,0.395,0.385,0.39,150670
PCL,20081013,0.018,0.022,0.018,0.02,784167
PCP,20081013,0.015,0.015,0.015,0.015,48389
PDN,20081013,2.4,2.5,2.21,2.21,5602189
PDO,20081013,0.2,0.2,0.17,0.17,11000
PDZ,20081013,0.15,0.15,0.15,0.15,823
PEH,20081013,0.45,0.45,0.45,0.45,4500
PEM,20081013,0.215,0.225,0.2,0.225,591786
PEN,20081013,0.015,0.018,0.014,0.014,1163000
PES,20081013,1.02,1.12,1,1,178875
PEV,20081013,0.035,0.035,0.032,0.032,250020
PEX,20081013,0.16,0.16,0.16,0.16,10000
PFG,20081013,0.205,0.205,0.19,0.19,183000
PFL,20081013,0.9,0.92,0.9,0.92,18500
PGA,20081013,2.05,2.15,2.01,2.14,254333
PGL,20081013,0.68,0.7,0.665,0.67,257403
PGS,20081013,0.036,0.044,0.036,0.044,100035
PHG,20081013,0.065,0.065,0.065,0.065,50000
PHK,20081013,0.125,0.125,0.11,0.11,34000
PHL,20081013,0.425,0.425,0.425,0.425,16866
PIM,20081013,0.15,0.15,0.15,0.15,25000
PIO,20081013,0.05,0.05,0.05,0.05,1234
PLA,20081013,0.84,0.97,0.785,0.88,838060
PLD,20081013,0.012,0.012,0.012,0.012,50000
PLI,20081013,0.4,0.43,0.35,0.35,24352
PLT,20081013,0.09,0.1,0.09,0.1,359949
PLV,20081013,0.75,0.75,0.595,0.595,282670
PMC,20081013,1.17,1.2,1.17,1.19,245447
PME,20081013,0.945,0.95,0.905,0.95,52522
PMH,20081013,0.12,0.12,0.1,0.1,39681
PMM,20081013,20.51,21.01,20.49,21.01,2199212
PMP,20081013,1.13,1.215,0.9,1.075,373359
PMV,20081013,4.54,4.6,4.4,4.54,194527
PNA,20081013,0.325,0.375,0.325,0.375,10127559
PNN,20081013,0.29,0.34,0.29,0.34,65200
POH,20081013,0.069,0.07,0.066,0.066,539741
POL,20081013,0.125,0.135,0.125,0.125,48000
POS,20081013,0.185,0.2,0.175,0.175,351969
POZ,20081013,0.3,0.34,0.28,0.3,832819
PPC,20081013,1.99,1.99,1.91,1.97,41998
PPI,20081013,0.205,0.205,0.19,0.19,4867
PPK,20081013,0.495,0.5,0.49,0.49,36786
PPP,20081013,0.18,0.185,0.18,0.185,633150
PPS,20081013,0.2,0.2,0.2,0.2,35000
PPT,20081013,40.03,41,38.67,41,105770
PPX,20081013,1.66,1.725,1.355,1.48,2476000
PPY,20081013,0.41,0.46,0.41,0.46,3700
PRC,20081013,1.16,1.235,1.16,1.19,277834
PRE,20081013,0.008,0.008,0.007,0.008,850000
PRG,20081013,3.3,3.58,3.2,3.45,66345
PRO,20081013,0.36,0.36,0.35,0.35,34961
PRR,20081013,0.007,0.009,0.007,0.007,746500
PRU,20081013,0.5,0.5,0.5,0.5,2000
PRV,20081013,0.6,0.62,0.59,0.62,185972
PRW,20081013,0.08,0.082,0.078,0.082,164100
PRY,20081013,4.4,4.6,4.26,4.49,7046863
PRZ,20081013,0.125,0.125,0.125,0.125,5000
PSA,20081013,0.245,0.26,0.225,0.245,131194
PSF,20081013,0.125,0.125,0.125,0.125,26000
PSH,20081013,1.3,1.32,1.3,1.3,69964
PSP,20081013,0.05,0.055,0.05,0.055,133860
PST,20081013,0.255,0.255,0.25,0.25,67000
PTM,20081013,3.2,3.36,3.08,3.36,413780
PTN,20081013,0.39,0.39,0.36,0.365,388769
PTO,20081013,0.032,0.032,0.032,0.032,10000
PTR,20081013,0.42,0.43,0.4,0.43,90455
PVA,20081013,1.12,1.12,1.12,1.12,1237
PVE,20081013,1.12,1.12,1.1,1.1,5549
PWK,20081013,2.9,2.99,2.89,2.9,13700
PXL,20081013,0.075,0.075,0.065,0.065,34000
PXS,20081013,1.905,1.99,1.9,1.9,202902
PYM,20081013,0.09,0.09,0.08,0.08,69000
QAN,20081013,2.72,2.77,2.63,2.63,18811584
QBE,20081013,25.25,25.75,24.21,25.75,4177114
QED,20081013,0.016,0.016,0.016,0.016,30000
QGC,20081013,2.51,3.01,2.51,2.84,3106239
QHL,20081013,0.14,0.15,0.135,0.15,259600
QMG,20081013,0.015,0.015,0.014,0.014,314445
QML,20081013,0.26,0.26,0.26,0.26,15405
QMN,20081013,0.15,0.16,0.15,0.15,246550
QOL,20081013,0.035,0.041,0.035,0.036,721300
QRS,20081013,0.06,0.06,0.06,0.06,21900
QRX,20081013,0.43,0.43,0.43,0.43,10000
QTM,20081013,0.073,0.08,0.068,0.08,600000
QUR,20081013,0.007,0.007,0.007,0.007,190000
QXQ,20081013,0.009,0.009,0.008,0.008,5960000
RAT,20081013,0.03,0.032,0.028,0.03,543613
RAU,20081013,0.04,0.04,0.037,0.037,434500
RAW,20081013,0.084,0.084,0.08,0.08,56500
RBH,20081013,0.06,0.06,0.055,0.055,450000
RBM,20081013,0.015,0.015,0.013,0.015,1295167
RBR,20081013,0.059,0.059,0.055,0.055,67076
RBY,20081013,0.002,0.002,0.002,0.002,450000
RCG,20081013,0.22,0.23,0.21,0.215,331058
RCH,20081013,0.012,0.013,0.012,0.012,2650000
RCI,20081013,0.1,0.1,0.1,0.1,21000
RCO,20081013,0.2,0.2,0.2,0.2,15000
RCR,20081013,0.82,0.895,0.82,0.84,202566
RCT,20081013,2.2,2.2,2.06,2.06,6000
RCY,20081013,0.14,0.16,0.14,0.145,2048690
RDF,20081013,2.9,2.9,2.69,2.83,98213
RDR,20081013,0.24,0.255,0.24,0.25,375000
RDS,20081013,0.23,0.23,0.2,0.23,19000
REA,20081013,4.33,4.35,4.2,4.25,53136
RED,20081013,0.035,0.037,0.035,0.036,175000
REF,20081013,1.54,1.7,1.54,1.56,215245
REH,20081013,19,19.5,18.51,18.52,4435
RER,20081013,0.021,0.021,0.02,0.02,150000
RES,20081013,0.064,0.08,0.064,0.078,1739726
REU,20081013,0.014,0.014,0.007,0.008,7363827
REX,20081013,1.04,1.04,1,1.04,88253
REY,20081013,0.1,0.11,0.095,0.095,149437
RFE,20081013,0.3,0.34,0.29,0.29,109759
RFG,20081013,1.2,1.2,1.195,1.2,150500
RFL,20081013,0.089,0.105,0.084,0.09,216483
RHC,20081013,10.3,10.45,9.82,10.45,145685
RHE,20081013,0.155,0.155,0.15,0.15,25000
RHG,20081013,0.11,0.115,0.1,0.105,1574555
RHI,20081013,2.95,3,2.95,3,19946
RHL,20081013,3.81,3.86,3.81,3.81,4651
RHT,20081013,0.007,0.007,0.007,0.007,7370
RIA,20081013,0.135,0.135,0.13,0.13,60000
RIC,20081013,0.86,0.875,0.855,0.875,217681
RIM,20081013,0.015,0.015,0.015,0.015,125000
RIO,20081013,78,79.36,75.19,79.36,2825062
RIV,20081013,4.75,5.2,4.7,4.8,1289858
RJT,20081013,0.018,0.023,0.018,0.022,4513053
RKN,20081013,1.005,1.05,0.99,1.05,144605
RMD,20081013,5.32,5.35,5.02,5.2,1493250
RMG,20081013,0.01,0.01,0.01,0.01,50000
RMI,20081013,0.008,0.01,0.008,0.01,784988
RML,20081013,0.065,0.068,0.06,0.06,287765
RMS,20081013,0.59,0.66,0.56,0.56,599000
RMT,20081013,0.16,0.17,0.16,0.17,50000
RNG,20081013,0.014,0.015,0.014,0.015,160000
RNY,20081013,0.135,0.135,0.12,0.13,255606
ROC,20081013,0.65,0.65,0.555,0.555,5471770
ROG,20081013,0.019,0.019,0.019,0.019,50000
ROK,20081013,2.9,2.9,2.9,2.9,5340
ROL,20081013,0.14,0.15,0.12,0.15,100000
ROY,20081013,0.085,0.089,0.085,0.089,15875
RPC,20081013,0.013,0.013,0.013,0.013,1050000
RPX,20081013,0.83,0.83,0.83,0.83,4000
RRA,20081013,0.52,0.53,0.5,0.5,70500
RRL,20081013,0.078,0.08,0.078,0.08,160000
RRS,20081013,0.064,0.065,0.053,0.057,273686
RRT,20081013,0.013,0.014,0.013,0.014,130000
RSG,20081013,0.75,0.75,0.67,0.67,202588
RSN,20081013,0.005,0.005,0.005,0.005,800000
RUB,20081013,0.065,0.065,0.05,0.06,1112000
RUL,20081013,0.655,0.7,0.655,0.68,34781
RUM,20081013,0.09,0.09,0.09,0.09,26400
RUR,20081013,0.17,0.17,0.17,0.17,225000
RVR,20081013,0.064,0.064,0.064,0.064,45000
RWD,20081013,0.4,0.4,0.355,0.39,110500
SAE,20081013,0.135,0.15,0.13,0.14,547476
SAI,20081013,2.45,2.61,2.45,2.59,63452
SAP,20081013,0.085,0.085,0.085,0.085,6000
SAR,20081013,0.075,0.076,0.071,0.076,139067
SAU,20081013,0.073,0.09,0.073,0.082,94990
SAV,20081013,0.53,0.55,0.5,0.55,142730
SAY,20081013,0.485,0.485,0.485,0.485,40000
SBI,20081013,0.08,0.08,0.08,0.08,350238
SBM,20081013,0.25,0.255,0.235,0.25,5674321
SBN,20081013,0.01,0.01,0.009,0.009,5595084
SBP,20081013,0.011,0.011,0.011,0.011,50000
SBR,20081013,0.1,0.1,0.1,0.1,3000
SBS,20081013,0.025,0.026,0.025,0.026,205873
SCE,20081013,0.005,0.005,0.005,0.005,50000
SDG,20081013,1.74,1.845,1.595,1.6,895541
SDL,20081013,0.097,0.115,0.096,0.115,28111958
SDM,20081013,1.71,1.775,1.655,1.67,42920
SEA,20081013,0.2,0.24,0.19,0.19,85000
SEK,20081013,4.71,4.79,4.5,4.75,588640
SEN,20081013,0.032,0.032,0.03,0.03,308000
SER,20081013,0.016,0.016,0.012,0.012,140000
SEV,20081013,5.9,6.04,5.77,5.93,670906
SEY,20081013,0.12,0.12,0.12,0.12,10000
SFC,20081013,5.25,5.25,5.25,5.25,15967
SFH,20081013,0.515,0.52,0.51,0.515,292214
SFP,20081013,0.051,0.051,0.051,0.051,5000
SFR,20081013,0.145,0.145,0.135,0.135,50286
SFY,20081013,40.71,40.9,39.84,40.53,36886
SGB,20081013,26.75,28.01,26.7,27.66,2098438
SGH,20081013,1.3,1.3,1.245,1.255,109052
SGL,20081013,0.18,0.21,0.175,0.185,720075
SGM,20081013,20.53,21.2,20.21,20.5,652018
SGN,20081013,1,1.05,0.9,0.905,152249
SGP,20081013,5.12,5.14,4.75,4.77,8305848
SGT,20081013,2.9,2.9,2.73,2.9,2070425
SGX,20081013,4.73,4.73,4.2,4.54,512669
SGZ,20081013,0.055,0.055,0.042,0.042,80000
SHC,20081013,0.065,0.065,0.065,0.065,9700
SHE,20081013,0.044,0.044,0.04,0.04,15672
SHG,20081013,2.3,2.46,2.3,2.38,2062909
SHL,20081013,13.7,13.98,13.01,13.6,2106017
SHV,20081013,4.6,4.84,4.6,4.8,21586
SHX,20081013,0.085,0.085,0.085,0.085,1386
SIM,20081013,0.13,0.145,0.13,0.145,54000
SIP,20081013,1.35,1.375,1.315,1.345,3148516
SIV,20081013,1.2,1.2,1.2,1.2,1357
SKC,20081013,2.72,2.72,2.48,2.49,408445
SKE,20081013,2.22,2.3,2.15,2.3,102358
SKI,20081013,1.56,1.61,1.55,1.56,3791437
SLA,20081013,0.27,0.28,0.265,0.27,326088
SLF,20081013,10.35,11.32,10.35,10.88,30592
SLM,20081013,2.93,2.95,2.91,2.92,80349
SLR,20081013,0.2,0.215,0.195,0.195,220000
SLV,20081013,0.605,0.605,0.605,0.605,9582
SLX,20081013,3.03,3.53,3.03,3.29,177580
SML,20081013,0.011,0.012,0.011,0.012,51846
SMM,20081013,1.69,1.8,1.69,1.8,31588
SMX,20081013,2.7,2.79,2.62,2.62,139159
SND,20081013,0.44,0.44,0.42,0.44,125000
SNU,20081013,0.055,0.056,0.041,0.041,290000
SOE,20081013,0.1,0.11,0.1,0.105,2065108
SOI,20081013,0.17,0.22,0.17,0.22,13262
SOL,20081013,9.6,10,9.6,9.7,87095
SOM,20081013,0.018,0.019,0.018,0.019,445000
SOO,20081013,0.03,0.035,0.03,0.035,78586
SOT,20081013,0.105,0.125,0.105,0.11,159267
SPH,20081013,0.8,0.87,0.8,0.8,14378
SPI,20081013,0.1,0.115,0.1,0.115,19824
SPL,20081013,0.295,0.295,0.295,0.295,3000
SPN,20081013,1.17,1.17,1.095,1.145,3676974
SPT,20081013,3.25,3.27,2.92,3.27,328111
SRA,20081013,0.026,0.026,0.024,0.025,545092
SRH,20081013,1.35,1.35,1.35,1.35,1000
SRI,20081013,0.031,0.032,0.031,0.032,15000
SRK,20081013,0.45,0.525,0.45,0.5,270792
SRL,20081013,1.18,1.19,0.925,1.03,3662628
SRR,20081013,0.051,0.051,0.051,0.051,26000
SRV,20081013,3.22,3.22,3.15,3.22,13125
SRX,20081013,2.15,2.15,1.9,2.1,15600
SRZ,20081013,0.09,0.09,0.09,0.09,56500
SSC,20081013,0.007,0.007,0.007,0.007,460000
SSI,20081013,0.69,0.75,0.69,0.75,4753
SSM,20081013,0.825,0.92,0.825,0.87,130717
SSN,20081013,0.075,0.078,0.055,0.078,36100
SSS,20081013,0.011,0.015,0.011,0.012,1840100
SST,20081013,12,12,12,12,1400
STB,20081013,0.08,0.08,0.077,0.077,16641
STC,20081013,0.23,0.23,0.21,0.21,53000
STG,20081013,0.056,0.056,0.047,0.047,1648021
STI,20081013,0.02,0.02,0.02,0.02,80000
STO,20081013,12.2,12.93,12.02,12.21,5680436
STP,20081013,0.075,0.08,0.075,0.08,60000
STS,20081013,1.44,1.44,1.27,1.31,116933
STU,20081013,0.61,0.685,0.61,0.66,71890
STW,20081013,39.78,40,38.8,39.55,581091
STX,20081013,0.17,0.18,0.16,0.17,238997
SUL,20081013,2.31,2.31,2.18,2.2,408358
SUN,20081013,9.8,10.03,8.4,9.05,5495560
SWK,20081013,0.66,0.69,0.61,0.65,529705
SXE,20081013,1,1,0.985,1,172640
SXG,20081013,0.08,0.08,0.08,0.08,15053
SXX,20081013,0.025,0.025,0.025,0.025,100000
SYL,20081013,3.35,3.35,3.35,3.35,4000
SYM,20081013,0.405,0.405,0.405,0.405,2286
SYN,20081013,0.06,0.06,0.06,0.06,3000
SYR,20081013,0.068,0.07,0.068,0.07,16000
TAH,20081013,7.47,7.73,7.15,7.25,1169648
TAL,20081013,2.6,2.7,2.38,2.7,434600
TAM,20081013,0.007,0.007,0.006,0.007,1514857
TAP,20081013,0.585,0.68,0.565,0.61,862103
TAS,20081013,0.044,0.047,0.04,0.04,120589
TBG,20081013,1.2,1.2,1.2,1.2,29000
TBR,20081013,0.86,0.86,0.85,0.85,1200
TCL,20081013,5.03,5.15,5.03,5.05,4001092
TCQ,20081013,0.54,0.6,0.54,0.6,268884
TDO,20081013,0.071,0.075,0.062,0.063,2445880
TEL,20081013,2.37,2.44,2.24,2.33,3429146
TEN,20081013,1.475,1.485,1.43,1.43,879585
TEO,20081013,0.036,0.036,0.036,0.036,20000
TEU,20081013,0.04,0.05,0.04,0.05,920874
TEX,20081013,0.04,0.042,0.037,0.042,333800
TFC,20081013,0.98,1,0.96,1,95257
TFS,20081013,0.16,0.16,0.16,0.16,320000
TGF,20081013,0.1,0.1,0.09,0.09,42500
TGG,20081013,0.785,0.81,0.75,0.79,268583
TGP,20081013,0.57,0.6,0.56,0.58,43184
TGR,20081013,2,2.08,1.95,2.01,125227
TGS,20081013,0.175,0.175,0.17,0.17,175400
THG,20081013,0.71,0.75,0.71,0.75,225757
THR,20081013,0.035,0.035,0.034,0.034,124192
THX,20081013,0.12,0.14,0.115,0.14,278000
TIM,20081013,0.545,0.55,0.52,0.55,736954
TIS,20081013,0.095,0.095,0.09,0.09,10000
TKL,20081013,0.042,0.042,0.042,0.042,33333
TLM,20081013,0.19,0.2,0.185,0.185,45050
TLS,20081013,4.07,4.15,4.06,4.09,61225137
TNC,20081013,0.006,0.008,0.006,0.008,300000
TNE,20081013,0.74,0.815,0.74,0.75,202599
TNG,20081013,0.035,0.035,0.035,0.035,50000
TNL,20081013,0.14,0.14,0.14,0.14,20000
TOE,20081013,0.13,0.13,0.12,0.125,889437
TOL,20081013,6.5,6.66,6.41,6.48,4200314
TOX,20081013,1.65,1.65,1.53,1.54,93472
TPI,20081013,4.62,4.77,4.62,4.65,1182966
TPX,20081013,4.1,4.1,3.75,3.75,3750
TRF,20081013,0.22,0.245,0.165,0.17,397716
TRG,20081013,6.72,7,6.65,6.65,14339
TRO,20081013,0.095,0.1,0.095,0.096,156777
TRS,20081013,9.21,9.85,9.11,9.25,107753
TRU,20081013,7,7,7,7,4000
TRY,20081013,1.12,1.17,1.035,1.04,94144
TSE,20081013,5.04,5.27,4.74,4.75,713338
TSI,20081013,1.26,1.42,1.25,1.26,282893
TSO,20081013,0.625,0.765,0.625,0.7,549100
TSV,20081013,0.017,0.018,0.017,0.018,295000
TTI,20081013,0.052,0.052,0.05,0.05,21578
TTR,20081013,0.029,0.03,0.028,0.028,2900000
TTS,20081013,2.3,2.35,2.25,2.35,3348103
TTV,20081013,0.044,0.044,0.044,0.044,5000
TTY,20081013,0.185,0.29,0.185,0.28,1503090
TWD,20081013,2.22,2.22,2.22,2.22,3000
TWO,20081013,0.8,0.85,0.8,0.84,62812
TWR,20081013,1.3,1.315,1.225,1.26,69544
TXN,20081013,0.25,0.25,0.25,0.25,4000
TZL,20081013,1.525,1.8,1.525,1.725,91453
TZN,20081013,0.92,1.04,0.92,0.96,132424
UBI,20081013,0.69,0.69,0.69,0.69,60000
UCL,20081013,0.007,0.008,0.007,0.008,1120500
UCM,20081013,0.345,0.345,0.345,0.345,27000
UEQ,20081013,0.1,0.1,0.1,0.1,150000
UGL,20081013,10.4,10.7,10.05,10.2,836282
UMC,20081013,0.59,0.595,0.49,0.51,903143
UNI,20081013,0.25,0.25,0.21,0.22,141119
UNX,20081013,0.155,0.165,0.155,0.165,71452
URA,20081013,0.045,0.045,0.045,0.045,53679
URL,20081013,0.034,0.035,0.034,0.035,328348
URM,20081013,0.045,0.056,0.045,0.056,194434
USA,20081013,0.051,0.051,0.051,0.051,10000
UTO,20081013,0.18,0.19,0.18,0.19,36300
UXA,20081013,0.061,0.061,0.055,0.06,107751
UXC,20081013,0.785,0.8,0.75,0.765,446165
VBA,20081013,0.355,0.365,0.335,0.335,6401775
VCN,20081013,0.095,0.095,0.084,0.09,202600
VCR,20081013,0.14,0.155,0.13,0.15,545438
VEC,20081013,0.07,0.08,0.07,0.08,94300
VGH,20081013,1.02,1.05,0.97,1.05,156991
VIL,20081013,0.02,0.02,0.02,0.02,250000
VIR,20081013,0.57,0.57,0.55,0.56,67677
VLA,20081013,0.04,0.041,0.038,0.038,195715
VMG,20081013,0.78,0.86,0.78,0.82,646639
VML,20081013,0.1,0.1,0.1,0.1,10000
VMS,20081013,0.13,0.13,0.12,0.12,188400
VMT,20081013,0.07,0.075,0.07,0.075,327483
VPE,20081013,0.145,0.15,0.135,0.145,525159
VPG,20081013,0.12,0.155,0.07,0.095,56177813
VRL,20081013,1.445,1.445,1.4,1.41,58380
VTG,20081013,0.25,0.25,0.225,0.225,13000
VTP,20081013,0.85,0.85,0.77,0.77,63125
WAA,20081013,0.8,0.8,0.795,0.795,10000
WAB,20081013,0.2,0.215,0.2,0.2,105527
WAG,20081013,0.004,0.004,0.004,0.004,500157
WAM,20081013,0.95,0.95,0.855,0.88,247030
WAN,20081013,7.83,8.19,7.67,8.19,225713
WAS,20081013,0.015,0.015,0.015,0.015,37600
WBB,20081013,8,8.5,8,8.25,6580
WBC,20081013,21.52,22.1,21.43,22,13809847
WCB,20081013,4,4.2,3.98,3.98,19036
WCN,20081013,0.045,0.045,0.045,0.045,10023
WDC,20081013,16,16.7,15.77,16.52,13257209
WDR,20081013,0.17,0.17,0.15,0.15,363439
WDS,20081013,2.02,2.23,2.02,2.15,203447
WEB,20081013,1.02,1.095,1.02,1.08,53805
WEC,20081013,1.99,2.1,1.94,2,119931
WES,20081013,22.51,22.89,20.97,21.22,5458760
WFL,20081013,1.015,1.05,1,1.05,18288
WGP,20081013,0.036,0.036,0.036,0.036,17790
WGR,20081013,0.215,0.22,0.205,0.21,47163
WHC,20081013,1.63,1.75,1.55,1.65,282243
WHE,20081013,0.14,0.145,0.14,0.145,69550
WHF,20081013,2.95,2.95,2.95,2.95,13033
WHG,20081013,0.92,0.95,0.92,0.93,419045
WHN,20081013,0.06,0.076,0.055,0.076,109000
WHS,20081013,3.05,3.05,3.05,3.05,3200
WIG,20081013,1.08,1.1,1.08,1.08,46919
WIL,20081013,0.6,0.6,0.56,0.57,410909
WKL,20081013,0.13,0.15,0.13,0.15,100409
WLL,20081013,1.8,1.8,1.8,1.8,1700
WME,20081013,0.055,0.07,0.053,0.07,200000
WMT,20081013,0.03,0.034,0.03,0.032,2070817
WOR,20081013,21.91,22.62,21.6,22.45,1144335
WOW,20081013,25.9,26.36,25.55,26.36,3193801
WPG,20081013,0.32,0.4,0.32,0.4,172815
WPL,20081013,37.75,38.92,35.68,36.81,4013734
WRK,20081013,0.12,0.15,0.12,0.15,54300
WRR,20081013,0.007,0.009,0.007,0.007,1745000
WSA,20081013,4.09,4.34,3.96,3.97,792340
WTF,20081013,3.21,3.25,3.12,3.17,630886
WTP,20081013,1.78,1.86,1.62,1.63,253988
WVL,20081013,0.625,0.735,0.625,0.705,240001
WWA,20081013,1.9,1.99,1.86,1.99,81665
WWI,20081013,0.05,0.05,0.05,0.05,2100000
WYL,20081013,1.07,1.2,1,1.16,67936
XAF,20081013,4182.6,4182.6,4182.6,4182.6,0
XAO,20081013,3965.8,4167.9,3939.5,4141.9,0
XAT,20081013,418290,418290,418290,418290,0
XBW,20081013,354.66,354.66,354.66,354.66,0
XCD,20081013,0.03,0.03,0.03,0.03,0
XDJ,20081013,1375.3,1422.6,1369.9,1392.9,0
XEJ,20081013,11478.6,12101.2,11477.9,11715.8,0
XFJ,20081013,4035.6,4322.1,3990.8,4297,0
XFL,20081013,3988,4198.6,3956.6,4192.9,0
XGD,20081013,4082.7,4082.7,4082.7,4082.7,0
XHJ,20081013,8901.4,9197.4,8816.1,9197.4,0
XIJ,20081013,446.7,460.4,433.6,459.6,0
XJO,20081013,3990.8,4202.3,3960.7,4180.7,0
XKO,20081013,3971.8,4181.5,3942.2,4160.3,0
XMD,20081013,3723.1,3947.4,3709.9,3843.4,0
XMJ,20081013,9258.9,9701.3,9148.5,9701.3,0
XMM,20081013,3348.5,3348.5,3348.5,3348.5,0
XNJ,20081013,3693.6,3909.2,3666.8,3873.1,0
XPJ,20081013,1136.8,1265.4,1135.5,1222.6,0
XRF,20081013,0.1,0.11,0.1,0.11,54334
XSJ,20081013,6232.8,6487.5,6225.4,6347.9,0
XSO,20081013,1989.5,2088.5,1972.6,2050.9,0
XST,20081013,0.07,0.07,0.07,0.07,0
XTJ,20081013,1395.2,1413.3,1333.7,1396.1,0
XTL,20081013,2369.4,2503.8,2343.9,2503.8,0
XTO,20081013,3267.2,3440.8,3243.2,3427.5,0
XUJ,20081013,4310.8,4492.2,4285.7,4492.2,0
XXJ,20081013,4367.4,4647.4,4309.4,4640.1,0
ZDX,20081013,0.069,0.07,0.069,0.069,130000
ZGM,20081013,0.1,0.1,0.07,0.1,48150
ZIM,20081013,9.25,9.25,9,9.15,5300
ZNC,20081013,0.039,0.039,0.039,0.039,15219
ZRL,20081013,0.068,0.068,0.067,0.067,79630
ZYL,20081013,0.035,0.04,0.032,0.039,948244
