AAC,20080602,3.25,3.3,3.23,3.3,822636
AAG,20080602,0.235,0.235,0.2,0.2,120000
AAH,20080602,1.04,1.04,1.015,1.015,161665
AAM,20080602,0.14,0.14,0.135,0.14,112171
AAO,20080602,0.086,0.086,0.085,0.085,65000
AAQ,20080602,0.295,0.295,0.28,0.28,4500
AAR,20080602,0.054,0.055,0.054,0.054,857000
AAU,20080602,0.375,0.4,0.37,0.39,120133
AAX,20080602,16.45,16.85,16.29,16.65,150709
ABB,20080602,10.6,10.84,10.53,10.8,979047
ABC,20080602,3.59,3.68,3.54,3.6,568115
ABI,20080602,0.015,0.017,0.015,0.017,544774
ABJ,20080602,0.017,0.02,0.017,0.019,3961222
ABP,20080602,1.33,1.33,1.3,1.315,834441
ABQ,20080602,0.485,0.485,0.475,0.475,162910
ABS,20080602,1.515,1.53,1.45,1.45,3308792
ABU,20080602,0.06,0.062,0.06,0.062,315657
ABV,20080602,0.023,0.023,0.022,0.022,575000
ABW,20080602,8.68,8.68,8.68,8.68,170
ABY,20080602,2.77,2.86,2.77,2.8,1021473
ACB,20080602,0.55,0.57,0.53,0.55,284636
ACK,20080602,0.65,0.65,0.65,0.65,3000
ACL,20080602,0.37,0.39,0.36,0.39,64749
ACR,20080602,0.94,1.05,0.94,1,136316
ACS,20080602,0.45,0.465,0.43,0.45,111449
ACU,20080602,0.081,0.094,0.08,0.094,230500
ACZ,20080602,0.26,0.26,0.26,0.26,42000
ADA,20080602,0.415,0.44,0.415,0.44,32861
ADD,20080602,0.06,0.062,0.06,0.062,103448
ADE,20080602,0.125,0.125,0.125,0.125,174802
ADI,20080602,0.44,0.44,0.405,0.415,274319
ADL,20080602,0.048,0.055,0.048,0.055,302093
ADN,20080602,0.17,0.195,0.17,0.195,137440
ADU,20080602,0.525,0.525,0.495,0.495,224000
ADX,20080602,0.17,0.175,0.16,0.175,203033
ADY,20080602,0.175,0.18,0.17,0.17,7366611
AEC,20080602,3.7,3.7,3.69,3.7,19254
AED,20080602,2.68,2.89,2.63,2.77,890389
AEE,20080602,0.285,0.285,0.28,0.28,120000
AEF,20080602,42.25,42.25,42.25,42.25,12
AEO,20080602,1.68,1.71,1.61,1.645,38580
AES,20080602,0.04,0.04,0.04,0.04,12779
AET,20080602,1.43,1.45,1.43,1.45,11735
AEU,20080602,0.835,0.845,0.835,0.845,118347
AEX,20080602,0.023,0.024,0.022,0.023,4408923
AEZ,20080602,0.42,0.43,0.405,0.42,467710
AFG,20080602,0.415,0.425,0.395,0.41,4781525
AFI,20080602,5.62,5.63,5.52,5.54,162506
AFR,20080602,0.2,0.2,0.2,0.2,80000
AFT,20080602,0.002,0.002,0.002,0.002,33525
AGF,20080602,1.17,1.19,1.17,1.19,155095
AGG,20080602,7.77,7.77,7.77,7.77,36
AGI,20080602,0.115,0.115,0.11,0.11,305695
AGK,20080602,14.65,14.79,14.08,14.32,1398335
AGM,20080602,1.09,1.09,1.085,1.09,37143
AGO,20080602,4.02,4.07,3.91,3.95,5250704
AGS,20080602,1.35,1.395,1.295,1.32,523382
AGU,20080602,0.058,0.058,0.058,0.058,20000
AGX,20080602,0.08,0.08,0.07,0.07,590817
AGY,20080602,0.35,0.35,0.35,0.35,14200
AHD,20080602,5.55,5.55,5.4,5.4,8016
AHE,20080602,2.46,2.6,2.46,2.6,80830
AHI,20080602,0.17,0.17,0.17,0.17,168963
AHS,20080602,0.42,0.42,0.41,0.41,66067
AIA,20080602,1.75,1.75,1.73,1.73,90813
AIE,20080602,0.08,0.085,0.08,0.085,70833
AII,20080602,0.675,0.675,0.675,0.675,7822
AIM,20080602,0.089,0.089,0.085,0.086,1559576
AIO,20080602,4.32,4.35,4.23,4.32,2544116
AIX,20080602,2.63,2.64,2.55,2.58,1216585
AIZ,20080602,0.94,0.95,0.925,0.95,32898
AJL,20080602,6.5,6.93,6.32,6.65,350877
AKK,20080602,0.41,0.415,0.4,0.415,440645
ALB,20080602,4.78,4.8,4.15,4.38,1324366
ALD,20080602,0.68,0.73,0.68,0.715,1399079
ALF,20080602,0.835,0.835,0.835,0.835,2500
ALK,20080602,0.445,0.445,0.415,0.415,1176933
ALL,20080602,7.42,7.51,7.25,7.36,2687545
ALS,20080602,7.82,7.84,7.6,7.61,293849
ALT,20080602,0.027,0.027,0.026,0.027,1526275
ALY,20080602,0.13,0.13,0.13,0.13,30000
ALZ,20080602,1.59,1.595,1.535,1.555,1228571
AMA,20080602,0.425,0.425,0.395,0.425,29000
AMB,20080602,0.46,0.46,0.45,0.45,51151
AMC,20080602,6.04,6.13,6.02,6.05,2253564
AMH,20080602,0.725,0.76,0.72,0.75,29047
AMM,20080602,0.18,0.19,0.175,0.19,171602
AMO,20080602,0.8,0.8,0.8,0.8,41290
AMP,20080602,7.32,7.4,7.25,7.36,2902178
AMU,20080602,0.62,0.62,0.605,0.61,184285
AND,20080602,1.75,1.75,1.62,1.73,686392
ANG,20080602,2.6,2.66,2.59,2.66,91864
ANH,20080602,0.02,0.02,0.019,0.019,299593
ANM,20080602,0.061,0.061,0.06,0.061,205928
ANN,20080602,10.95,11.2,10.88,11.03,385148
ANO,20080602,0.1,0.1,0.1,0.1,32200
ANP,20080602,0.07,0.07,0.067,0.067,908387
ANU,20080602,1.085,1.085,1.055,1.06,208350
ANX,20080602,0.055,0.055,0.055,0.055,297218
ANZ,20080602,21.5,21.68,20.81,20.9,9408276
AOD,20080602,9.53,9.53,9.53,9.53,3000
AOE,20080602,3.81,4.11,3.75,3.79,16023483
AOK,20080602,0.29,0.29,0.28,0.285,585548
AON,20080602,0.35,0.365,0.35,0.365,528300
AOS,20080602,0.016,0.017,0.015,0.016,3013715
APA,20080602,2.93,2.96,2.86,2.93,999089
APD,20080602,0.9,0.9,0.85,0.86,55418
APE,20080602,13.1,13.1,13,13,1243
APG,20080602,0.099,0.105,0.098,0.098,1122450
API,20080602,1.05,1.065,1.03,1.03,349603
APK,20080602,0.22,0.22,0.205,0.215,41500
APM,20080602,0.005,0.005,0.005,0.005,100000
APN,20080602,4.02,4.11,3.85,3.93,466460
APZ,20080602,1.41,1.42,1.4,1.41,271918
AQA,20080602,16.27,17,16.22,16.6,200183
AQD,20080602,0.51,0.51,0.375,0.395,1378910
AQL,20080602,0.013,0.013,0.012,0.012,460000
AQP,20080602,17.5,17.5,16.86,17.37,619511
AQR,20080602,0.13,0.13,0.13,0.13,40000
ARA,20080602,0.43,0.43,0.43,0.43,176566
ARD,20080602,0.2,0.2,0.18,0.18,25665
ARE,20080602,0.25,0.26,0.245,0.26,378663
ARG,20080602,7.5,7.52,7.42,7.5,106063
ARH,20080602,1.68,1.69,1.64,1.64,124264
ARJ,20080602,0.96,0.96,0.96,0.96,18926
ARM,20080602,0.28,0.29,0.28,0.29,74265
ARO,20080602,0.014,0.014,0.014,0.014,142478
ARP,20080602,4.15,4.15,4.1,4.1,2000
ARQ,20080602,1.55,1.58,1.55,1.58,1736229
ARR,20080602,0.345,0.37,0.34,0.345,856747
ARU,20080602,1.125,1.125,1.06,1.07,400279
ARW,20080602,0.03,0.032,0.029,0.032,589928
ASB,20080602,3.28,3.38,3.16,3.21,238010
ASC,20080602,0.014,0.014,0.012,0.012,367429
ASL,20080602,2.58,2.64,2.56,2.58,380508
ASV,20080602,0.024,0.024,0.024,0.024,171561
ASX,20080602,34.24,34.36,33.1,33.39,1172905
ATJ,20080602,0.23,0.245,0.23,0.245,95000
ATN,20080602,0.026,0.026,0.025,0.026,485454
ATP,20080602,0.44,0.44,0.44,0.44,12000
ATR,20080602,2.06,2.06,2.05,2.05,11628
ATV,20080602,0.145,0.155,0.135,0.155,210588
AUB,20080602,4.16,4.16,4.15,4.15,11250
AUI,20080602,8.6,8.6,8.6,8.6,3400
AUK,20080602,0.12,0.12,0.11,0.11,240000
AUN,20080602,1.38,1.395,1.3,1.32,621917
AUP,20080602,5.81,5.81,5.8,5.8,2000
AUQ,20080602,0.105,0.11,0.105,0.105,55518
AUT,20080602,0.5,0.51,0.495,0.505,406669
AUW,20080602,1.74,1.75,1.72,1.72,800386
AUZ,20080602,0.057,0.057,0.054,0.057,2624300
AVA,20080602,0.82,0.825,0.77,0.77,101122
AVD,20080602,0.089,0.089,0.089,0.089,20000
AVE,20080602,2.01,2.01,1.9,1.95,27175
AVG,20080602,1.7,1.7,1.66,1.685,38819
AVI,20080602,0.47,0.48,0.42,0.42,82083
AVJ,20080602,0.635,0.635,0.61,0.62,122122
AVM,20080602,10.75,10.89,10.75,10.89,4111
AVO,20080602,2.64,2.64,2.51,2.59,707447
AVQ,20080602,0.095,0.098,0.094,0.098,142100
AVS,20080602,0.06,0.065,0.06,0.063,300834
AVX,20080602,0.285,0.3,0.28,0.29,1509630
AVZ,20080602,0.15,0.15,0.15,0.15,8309
AWB,20080602,3.18,3.21,3.1,3.16,696348
AWC,20080602,5.68,5.7,5.53,5.56,9337425
AWE,20080602,4.26,4.36,4.26,4.32,507804
AWL,20080602,0.018,0.02,0.018,0.019,15428625
AWS,20080602,0.3,0.3,0.3,0.3,15100
AXA,20080602,5.33,5.35,5.21,5.27,2406731
AXC,20080602,0.056,0.056,0.052,0.052,215250
AXE,20080602,0.13,0.13,0.13,0.13,100000
AXI,20080602,0.16,0.16,0.145,0.145,82768
AXM,20080602,0.77,0.785,0.77,0.77,569592
AXO,20080602,1.045,1.12,1.045,1.08,522372
AXQ,20080602,0.185,0.19,0.185,0.185,125318
AXT,20080602,0.24,0.24,0.24,0.24,16000
AXY,20080602,0.086,0.086,0.086,0.086,30000
AXZ,20080602,0.17,0.17,0.17,0.17,38548
AYR,20080602,0.056,0.056,0.056,0.056,50000
AYT,20080602,1.44,1.45,1.44,1.45,45141
AZA,20080602,1.265,1.265,1.175,1.175,1843548
AZC,20080602,0.155,0.155,0.15,0.15,283917
AZD,20080602,0.05,0.05,0.035,0.036,3646639
AZM,20080602,0.12,0.125,0.12,0.125,293365
AZS,20080602,0.16,0.175,0.16,0.175,584950
AZX,20080602,1.06,1.06,1.05,1.06,23142
AZZ,20080602,0.17,0.17,0.155,0.165,404651
BAR,20080602,0.235,0.275,0.235,0.26,1669339
BAS,20080602,0.085,0.085,0.082,0.085,234000
BAU,20080602,0.51,0.535,0.485,0.535,235407
BBC,20080602,0.47,0.47,0.445,0.465,2039092
BBG,20080602,12,12.49,11.91,12.08,876451
BBI,20080602,1.055,1.06,1.04,1.05,4814552
BBP,20080602,1.345,1.35,1.26,1.3,6877665
BBW,20080602,1.72,1.72,1.68,1.68,9300746
BBX,20080602,0.08,0.08,0.08,0.08,60625
BCD,20080602,0.16,0.16,0.16,0.16,100000
BCI,20080602,1.765,1.765,1.65,1.65,94680
BCM,20080602,4.2,4.28,4.16,4.2,662151
BDG,20080602,0.3,0.305,0.295,0.305,188542
BDL,20080602,0.25,0.255,0.25,0.255,241866
BDM,20080602,0.125,0.125,0.125,0.125,5000
BDR,20080602,0.4,0.4,0.4,0.4,8018
BEC,20080602,1.79,1.795,1.77,1.785,316625
BEN,20080602,13.9,14.02,13.6,13.61,583504
BFE,20080602,0.235,0.235,0.23,0.23,61097
BFG,20080602,1.165,1.2,1.16,1.2,90416
BGD,20080602,0.16,0.16,0.15,0.16,63700
BHP,20080602,44.33,45.59,44.27,45.49,9962105
BJT,20080602,1.14,1.16,1.115,1.12,1113126
BKG,20080602,0.155,0.155,0.15,0.15,110000
BKI,20080602,1.4,1.4,1.39,1.39,55717
BKL,20080602,18.6,18.6,17.9,18.05,5413
BKM,20080602,0.01,0.01,0.01,0.01,100000
BKN,20080602,8.86,8.9,8.78,8.85,415421
BKW,20080602,10.69,10.84,10.24,10.3,31032
BKY,20080602,0.75,0.75,0.75,0.75,4417
BLD,20080602,6.01,6.14,5.94,6.04,2406837
BLG,20080602,0.48,0.54,0.48,0.5,294779
BLK,20080602,0.43,0.48,0.43,0.47,266558
BLP,20080602,0.43,0.47,0.43,0.44,49800
BLR,20080602,0.078,0.079,0.073,0.073,1784822
BLT,20080602,0.084,0.084,0.084,0.084,19910
BLY,20080602,2.08,2.17,2.07,2.15,9288679
BLZ,20080602,0.009,0.01,0.009,0.009,615943
BML,20080602,0.084,0.084,0.075,0.08,260386
BMM,20080602,0.24,0.24,0.22,0.22,65000
BMN,20080602,1.93,1.955,1.92,1.95,565030
BMO,20080602,0.02,0.02,0.019,0.019,308961
BMX,20080602,0.31,0.31,0.305,0.305,3883481
BMY,20080602,0.23,0.23,0.22,0.23,218500
BNB,20080602,12.52,12.58,11.9,12.06,2960085
BNO,20080602,0.355,0.355,0.33,0.33,112657
BNT,20080602,0.1,0.1,0.095,0.095,384000
BNV,20080602,0.03,0.03,0.03,0.03,400
BOC,20080602,1.48,1.75,1.48,1.665,97077
BOD,20080602,0.088,0.088,0.088,0.088,10000
BOE,20080602,0.245,0.245,0.245,0.245,9000
BOL,20080602,0.98,1,0.96,0.98,1364103
BOM,20080602,0.205,0.205,0.2,0.205,164632
BON,20080602,0.08,0.085,0.08,0.085,286199
BOQ,20080602,15.97,16.05,15.41,15.81,239617
BOS,20080602,0.11,0.12,0.105,0.12,638937
BOW,20080602,0.46,0.55,0.46,0.545,2603832
BPG,20080602,0.015,0.015,0.015,0.015,100000
BPH,20080602,0.05,0.05,0.05,0.05,20000
BPK,20080602,0.023,0.023,0.023,0.023,25000
BPO,20080602,0.021,0.022,0.02,0.02,17389887
BQT,20080602,0.05,0.05,0.048,0.05,136702
BRC,20080602,0.35,0.35,0.35,0.35,65555
BRO,20080602,0.002,0.002,0.002,0.002,546500
BRW,20080602,0.445,0.47,0.44,0.455,228346
BSA,20080602,0.37,0.37,0.36,0.36,34170
BSL,20080602,11.3,11.63,11.24,11.6,1993813
BSM,20080602,0.24,0.24,0.23,0.23,97121
BSR,20080602,0.14,0.155,0.14,0.155,60200
BTA,20080602,0.995,1.005,0.99,0.995,287714
BTC,20080602,0.18,0.18,0.17,0.18,49817
BTT,20080602,3.51,3.74,3.3,3.35,81382
BTV,20080602,0.1,0.1,0.1,0.1,118800
BUL,20080602,0.335,0.38,0.33,0.36,4700475
BUR,20080602,0.14,0.14,0.135,0.135,581695
BUX,20080602,0.15,0.18,0.15,0.16,265000
BUY,20080602,0.07,0.1,0.07,0.091,16361097
BWN,20080602,0.47,0.485,0.45,0.455,485913
BWP,20080602,1.925,1.93,1.9,1.91,309629
BXB,20080602,8.2,8.23,8,8.1,8834820
BYI,20080602,1,1,0.9,0.99,7250
BYL,20080602,0.36,0.36,0.335,0.34,368247
BYR,20080602,0.055,0.06,0.055,0.06,776321
CAA,20080602,0.3,0.3,0.29,0.29,39833
CAB,20080602,8.95,8.95,8.46,8.55,583780
CAG,20080602,0.021,0.022,0.02,0.022,1024000
CAL,20080602,0.88,0.895,0.88,0.895,8895
CAP,20080602,0.1,0.1,0.092,0.1,41387
CAS,20080602,0.56,0.56,0.535,0.55,246500
CAU,20080602,0.03,0.03,0.03,0.03,133000
CAV,20080602,0.175,0.185,0.175,0.175,156048
CBA,20080602,42.4,42.64,41.08,41.95,3620262
CBD,20080602,0.2,0.2,0.19,0.195,70099
CBH,20080602,0.285,0.29,0.28,0.285,510765
CCE,20080602,0.018,0.018,0.017,0.017,1870446
CCF,20080602,0.39,0.39,0.385,0.385,16200
CCI,20080602,0.225,0.235,0.225,0.225,735450
CCL,20080602,8.16,8.16,7.84,7.89,1653695
CCP,20080602,0.79,0.79,0.765,0.765,318591
CCQ,20080602,0.605,0.605,0.6,0.6,60000
CCS,20080602,0.05,0.05,0.046,0.046,415000
CCV,20080602,0.27,0.27,0.215,0.23,1896410
CCY,20080602,0.051,0.051,0.048,0.049,207500
CDA,20080602,0.7,0.705,0.7,0.7,107000
CDD,20080602,5.3,5.45,5.3,5.45,71504
CDF,20080602,1.67,1.7,1.63,1.63,37900
CDI,20080602,0.785,0.82,0.775,0.805,78502
CDP,20080602,3.91,3.91,3.86,3.9,26540
CDR,20080602,0.125,0.125,0.12,0.12,89571
CDS,20080602,0.165,0.195,0.16,0.19,12517186
CDU,20080602,4.38,4.43,4.26,4.29,204413
CEC,20080602,0.025,0.025,0.023,0.025,123346
CEG,20080602,0.565,0.565,0.435,0.435,377850
CER,20080602,0.42,0.45,0.385,0.435,6510095
CEU,20080602,1.23,1.235,1.2,1.21,1790017
CEY,20080602,5.2,5.2,5.05,5.16,1678502
CFE,20080602,0.62,0.665,0.62,0.64,3537092
CFK,20080602,0.105,0.105,0.105,0.105,207108
CFR,20080602,0.014,0.015,0.013,0.015,13749162
CFU,20080602,0.43,0.5,0.43,0.44,722376
CFX,20080602,2.11,2.11,2.07,2.1,9548164
CGF,20080602,1.97,1.97,1.92,1.94,2173559
CGG,20080602,0.275,0.3,0.275,0.29,3742579
CGT,20080602,0.14,0.145,0.14,0.14,706722
CGX,20080602,1.9,1.9,1.9,1.9,3810
CHB,20080602,43.12,46,41.23,46,1758
CHC,20080602,1.445,1.445,1.4,1.4,592653
CHF,20080602,0.11,0.11,0.11,0.11,500
CHM,20080602,0.04,0.04,0.036,0.036,1097588
CHN,20080602,0.155,0.175,0.155,0.175,87123
CHO,20080602,5.58,5.58,5.58,5.58,2000
CHP,20080602,0.03,0.03,0.03,0.03,300000
CHZ,20080602,0.41,0.41,0.4,0.4,25000
CIF,20080602,2.9,2.94,2.85,2.94,391389
CIG,20080602,0.073,0.077,0.07,0.073,3333628
CII,20080602,0.61,0.62,0.61,0.615,84780
CIL,20080602,1.46,1.46,1.45,1.45,42000
CIN,20080602,18.3,18.3,18.3,18.3,1007
CIR,20080602,0.97,0.97,0.94,0.94,58001
CIX,20080602,0.41,0.41,0.39,0.39,71000
CIY,20080602,0.735,0.81,0.71,0.74,783203
CKL,20080602,0.49,0.49,0.49,0.49,9200
CKR,20080602,0.1,0.1,0.1,0.1,40000
CKT,20080602,1.08,1.13,1.08,1.13,200168
CLH,20080602,0.48,0.48,0.48,0.48,79044
CLO,20080602,0.66,0.66,0.635,0.645,39417
CLQ,20080602,0.38,0.38,0.37,0.37,24500
CLT,20080602,0.31,0.31,0.31,0.31,5200
CLU,20080602,0.115,0.115,0.115,0.115,32000
CLY,20080602,0.145,0.145,0.145,0.145,15000
CMG,20080602,0.46,0.46,0.4,0.4,2317877
CMI,20080602,1,1,0.98,0.98,75141
CMJ,20080602,3.6,3.62,3.47,3.54,2728071
CMO,20080602,0.11,0.115,0.11,0.115,59047
CMR,20080602,2.56,2.69,2.56,2.65,342954
CMV,20080602,0.52,0.52,0.51,0.52,112056
CMW,20080602,0.85,0.85,0.81,0.81,422280
CNA,20080602,102,102,102,102,100
CND,20080602,1.54,1.55,1.54,1.54,21600
CNH,20080602,0.275,0.275,0.275,0.275,13220
CNM,20080602,0.265,0.265,0.255,0.255,351023
CNN,20080602,0.05,0.05,0.046,0.046,654000
CNP,20080602,0.41,0.42,0.36,0.36,29851293
CNT,20080602,1.34,1.37,1.325,1.325,129587
COE,20080602,0.55,0.575,0.55,0.55,1603654
COF,20080602,2.49,2.5,2.38,2.38,70096
COH,20080602,53.6,53.87,52.61,53.1,213721
COI,20080602,0.195,0.225,0.195,0.22,748730
COK,20080602,1.145,1.2,1.145,1.17,725570
COO,20080602,0.067,0.067,0.066,0.066,70000
COS,20080602,0.077,0.078,0.077,0.078,34200
COU,20080602,2.4,2.4,2.1,2.2,93790
COZ,20080602,0.39,0.42,0.39,0.4,71034
CPA,20080602,1.3,1.31,1.265,1.28,10469706
CPB,20080602,30.53,30.53,29.85,30.27,38935
CPI,20080602,0.385,0.385,0.385,0.385,4000
CPK,20080602,0.195,0.2,0.195,0.195,52050
CPR,20080602,0.67,0.67,0.6,0.6,477800
CPT,20080602,0.051,0.051,0.051,0.051,30000
CPU,20080602,9.51,9.8,9.51,9.7,897889
CQT,20080602,0.525,0.525,0.505,0.505,257458
CQU,20080602,0.485,0.485,0.47,0.48,42133
CRB,20080602,0.195,0.195,0.195,0.195,2914
CRC,20080602,0.22,0.23,0.22,0.22,46310
CRE,20080602,0.25,0.25,0.24,0.24,143500
CRG,20080602,14.15,14.26,13.8,13.95,172110
CRJ,20080602,0.09,0.09,0.087,0.087,34509
CRS,20080602,0.038,0.041,0.038,0.041,2508105
CRT,20080602,0.41,0.42,0.405,0.405,53000
CSE,20080602,0.33,0.33,0.325,0.325,58015
CSL,20080602,40.2,40.28,38.53,39.13,1289329
CSR,20080602,2.93,2.95,2.91,2.92,3018151
CSS,20080602,1.55,1.55,1.49,1.55,59238
CST,20080602,2.58,3,2.58,3,160555
CSV,20080602,1.07,1.07,1.02,1.02,10203
CSW,20080602,0.9,0.9,0.9,0.9,2500
CTE,20080602,0.15,0.15,0.15,0.15,3500
CTF,20080602,0.028,0.028,0.028,0.028,128935
CTN,20080602,1.45,1.46,1.45,1.45,56061
CTO,20080602,0.3,0.3,0.29,0.29,259053
CTP,20080602,0.225,0.24,0.225,0.24,4259487
CTS,20080602,0.145,0.15,0.14,0.14,1244735
CTX,20080602,15,15.17,14.95,15.06,1014011
CUE,20080602,0.26,0.265,0.255,0.26,610294
CUL,20080602,0.15,0.155,0.15,0.15,811381
CUO,20080602,0.595,0.62,0.59,0.6,756619
CUR,20080602,5.75,5.8,5.2,5.4,89173
CUS,20080602,0.105,0.105,0.105,0.105,115000
CUV,20080602,0.39,0.39,0.36,0.36,84817
CUX,20080602,0.195,0.195,0.185,0.185,56810
CUY,20080602,0.66,0.66,0.6,0.6,95556
CVB,20080602,0.07,0.07,0.07,0.07,800
CVC,20080602,1.055,1.055,1.02,1.02,50517
CVI,20080602,0.175,0.175,0.155,0.16,6418488
CVN,20080602,0.73,0.73,0.705,0.72,1390859
CVR,20080602,0.2,0.2,0.2,0.2,50000
CVS,20080602,0.029,0.03,0.029,0.03,1000000
CWN,20080602,10.55,10.55,10.11,10.4,898971
CWP,20080602,3.26,3.26,3.26,3.26,1000
CWT,20080602,0.7,0.7,0.675,0.675,57248
CXC,20080602,3.45,3.45,3.34,3.35,81832
CXG,20080602,1.36,1.4,1.345,1.4,191894
CXH,20080602,0.7,0.75,0.7,0.74,47579
CXM,20080602,0.595,0.595,0.58,0.58,243040
CXN,20080602,0.12,0.12,0.105,0.105,24500
CXP,20080602,5.53,5.54,5.37,5.44,102745
CXS,20080602,0.9,0.94,0.88,0.9,44767
CXY,20080602,0.195,0.2,0.17,0.17,9691390
CYA,20080602,1.18,1.195,1.18,1.18,130821
CYC,20080602,0.2,0.2,0.2,0.2,932
CYG,20080602,1.94,1.94,1.94,1.94,5000
CYL,20080602,0.15,0.15,0.15,0.15,75000
CYS,20080602,0.4,0.42,0.37,0.37,273131
CYT,20080602,0.3,0.3,0.3,0.3,120000
CYU,20080602,0.31,0.31,0.31,0.31,10000
CZA,20080602,4.05,4.05,3.94,3.94,195579
CZP,20080602,0.1,0.105,0.09,0.105,225000
DBS,20080602,0.39,0.39,0.39,0.39,5000
DDT,20080602,0.23,0.23,0.23,0.23,2100
DEG,20080602,0.077,0.077,0.076,0.076,274499
DES,20080602,0.079,0.079,0.075,0.075,578208
DEX,20080602,1.4,1.4,1.35,1.35,75792
DGO,20080602,0.135,0.14,0.135,0.14,60100
DGR,20080602,0.15,0.16,0.145,0.16,337694
DIA,20080602,0.05,0.05,0.05,0.05,23500
DIO,20080602,1.07,1.07,1.005,1.005,97243
DJS,20080602,3.69,3.73,3.63,3.69,1666290
DJW,20080602,4.73,4.73,4.62,4.7,32039
DKN,20080602,0.8,0.8,0.8,0.8,28000
DKS,20080602,6.5,6.5,6.4,6.4,6385
DLS,20080602,0.06,0.062,0.058,0.059,8010390
DMA,20080602,0.31,0.325,0.31,0.325,667216
DMG,20080602,0.42,0.42,0.405,0.405,60884
DML,20080602,0.58,0.59,0.575,0.59,199584
DMM,20080602,1.105,1.105,1,1.03,79206
DMP,20080602,3.6,3.62,3.59,3.59,3471
DMX,20080602,0.34,0.34,0.335,0.335,22000
DMY,20080602,0.021,0.021,0.021,0.021,2068
DOM,20080602,3.66,3.74,3.57,3.59,79610
DON,20080602,0.255,0.255,0.245,0.245,209600
DOW,20080602,7.35,7.4,7.26,7.37,789353
DRA,20080602,0.098,0.099,0.098,0.099,135400
DRK,20080602,0.16,0.17,0.16,0.17,35971
DRX,20080602,0.21,0.215,0.2,0.21,388900
DSN,20080602,0.315,0.315,0.315,0.315,15000
DTL,20080602,5.95,5.95,5.8,5.8,1000
DTM,20080602,0.135,0.135,0.135,0.135,18000
DUE,20080602,3.25,3.3,3.23,3.29,493580
DUI,20080602,3.72,3.72,3.72,3.72,10000
DVN,20080602,0.95,0.95,0.93,0.935,63910
DWS,20080602,1.775,1.85,1.775,1.815,113872
DXL,20080602,3.17,3.19,3.1,3.13,12951198
DXS,20080602,1.6,1.6,1.515,1.565,4419927
DYE,20080602,1.2,1.22,1.2,1.2,93547
DYL,20080602,0.33,0.33,0.305,0.31,1741101
EAL,20080602,1.05,1.05,1.05,1.05,5000
EAR,20080602,0.14,0.14,0.14,0.14,14000
EBB,20080602,0.55,0.56,0.53,0.55,404634
EBG,20080602,0.21,0.21,0.21,0.21,8000
EBI,20080602,3.38,3.39,3.32,3.32,104943
EBT,20080602,0.056,0.056,0.056,0.056,761500
ECU,20080602,0.25,0.31,0.25,0.305,323350
EDE,20080602,0.43,0.46,0.415,0.425,580067
EER,20080602,0.37,0.42,0.37,0.4,147300
EFE,20080602,0.59,0.61,0.55,0.61,234850
EFT,20080602,0.058,0.058,0.058,0.058,46000
EGF,20080602,1.89,1.9,1.86,1.88,86340
EGL,20080602,0.075,0.075,0.075,0.075,100000
EGO,20080602,0.02,0.025,0.02,0.025,252520582
EHL,20080602,1.19,1.19,1.115,1.16,1969494
EIG,20080602,0.78,0.78,0.78,0.78,17568
EKA,20080602,0.25,0.26,0.23,0.235,295741
ELK,20080602,0.53,0.545,0.52,0.54,48650
ELM,20080602,0.068,0.068,0.068,0.068,100000
ELX,20080602,0.515,0.52,0.505,0.505,13750
ELY,20080602,0.265,0.265,0.24,0.255,70000
EMA,20080602,0.71,0.71,0.69,0.69,67125
EME,20080602,1.19,1.245,1.19,1.21,16649
EMM,20080602,0.073,0.073,0.073,0.073,68494
EMR,20080602,0.21,0.22,0.21,0.22,531890
EMS,20080602,0.13,0.14,0.13,0.14,550420
EMU,20080602,0.19,0.19,0.165,0.165,7634
ENE,20080602,2.52,2.74,2.52,2.67,495873
ENG,20080602,0.031,0.031,0.031,0.031,155500
ENR,20080602,0.28,0.31,0.28,0.31,32001
ENV,20080602,0.725,0.745,0.71,0.74,578257
EOL,20080602,0.22,0.22,0.22,0.22,41600
EOS,20080602,0.505,0.505,0.505,0.505,1700
EPE,20080602,0.25,0.25,0.22,0.235,1231435
EPG,20080602,0.73,0.75,0.71,0.71,294750
EPL,20080602,0.185,0.185,0.185,0.185,3374
EPR,20080602,0.04,0.048,0.039,0.043,3151832
EPS,20080602,0.37,0.37,0.33,0.345,428093
EPY,20080602,0.059,0.059,0.058,0.058,60000
EQF,20080602,0.13,0.13,0.13,0.13,25000
EQI,20080602,4,4.04,3.94,3.99,942917
EQN,20080602,4.91,4.93,4.88,4.93,1199871
EQT,20080602,26.7,26.7,26,26,1830
EQX,20080602,0.28,0.295,0.28,0.29,208032
ERA,20080602,24.9,24.95,24.03,24.31,780672
ERG,20080602,0.032,0.032,0.027,0.028,8015033
ERH,20080602,0.53,0.54,0.505,0.53,1027102
ERJ,20080602,0.018,0.018,0.018,0.018,68000
ERL,20080602,0.2,0.2,0.19,0.19,67000
ERM,20080602,0.25,0.25,0.25,0.25,2600
ERO,20080602,0.13,0.145,0.125,0.135,123640
ESG,20080602,0.785,0.83,0.78,0.795,4500893
ESI,20080602,0.105,0.105,0.1,0.1,1325293
ESS,20080602,1.13,1.13,1.125,1.125,11000
ESV,20080602,0.94,0.95,0.94,0.95,11201
ETC,20080602,0.05,0.059,0.05,0.054,15212596
ETE,20080602,0.18,0.18,0.18,0.18,501625
ETT,20080602,0.006,0.006,0.006,0.006,1750000
EVE,20080602,0.081,0.081,0.081,0.081,20000
EVG,20080602,0.091,0.1,0.091,0.1,81250
EVM,20080602,0.049,0.05,0.049,0.05,152902
EVZ,20080602,0.26,0.26,0.25,0.25,455942
EWC,20080602,1.28,1.29,1.265,1.28,1521057
EXE,20080602,0.105,0.105,0.1,0.1,49457
EXM,20080602,0.021,0.022,0.02,0.021,8389489
EXR,20080602,0.285,0.285,0.28,0.28,332627
EXS,20080602,0.395,0.42,0.375,0.39,2118247
EXT,20080602,1.17,1.18,1.13,1.13,75492
EYE,20080602,0.056,0.056,0.056,0.056,10000
FAC,20080602,0.275,0.275,0.275,0.275,20000
FAR,20080602,0.12,0.125,0.12,0.12,784200
FAS,20080602,0.155,0.16,0.15,0.15,2891798
FBU,20080602,6.4,6.46,6.4,6.46,27234
FCL,20080602,1.825,1.825,1.785,1.82,1264166
FCN,20080602,0.33,0.33,0.32,0.325,307900
FCP,20080602,0.027,0.027,0.027,0.027,82858
FDY,20080602,0.245,0.28,0.24,0.26,561423
FEA,20080602,0.505,0.505,0.5,0.5,47830
FER,20080602,0.7,0.7,0.67,0.7,21898
FGE,20080602,0.8,0.8,0.8,0.8,3000
FGL,20080602,5.48,5.48,5.17,5.19,10546250
FIS,20080602,0.185,0.2,0.185,0.2,198146
FKP,20080602,3.95,4.05,3.71,3.77,1901610
FLT,20080602,19.07,19.35,18.31,18.47,213711
FLX,20080602,22.16,22.82,21.81,22.49,391305
FMG,20080602,10.89,11.36,10.73,11.24,4245378
FML,20080602,0.051,0.053,0.049,0.052,7923989
FMS,20080602,0.2,0.245,0.2,0.24,73125183
FNP,20080602,0.56,0.56,0.55,0.55,137625
FNT,20080602,0.08,0.08,0.073,0.076,425611
FPA,20080602,1.87,1.87,1.85,1.87,53331
FPH,20080602,1.93,1.94,1.93,1.94,3650
FPS,20080602,2.52,2.52,2.52,2.52,45000
FRE,20080602,0.19,0.19,0.19,0.19,9100
FRI,20080602,0.66,0.66,0.66,0.66,7000
FRR,20080602,0.19,0.19,0.19,0.19,23000
FRS,20080602,1.87,1.89,1.76,1.81,299880
FSA,20080602,0.255,0.265,0.25,0.265,134900
FSE,20080602,0.05,0.054,0.05,0.05,4188357
FTD,20080602,0.037,0.037,0.037,0.037,2700
FUL,20080602,0.013,0.013,0.008,0.008,350000
FUN,20080602,0.66,0.66,0.65,0.66,70385
FUT,20080602,0.015,0.015,0.014,0.015,16300000
FWD,20080602,9.74,9.75,9.66,9.74,30789
FWL,20080602,0.345,0.35,0.34,0.35,37700
FXJ,20080602,3.46,3.46,3.31,3.38,4939232
FXL,20080602,0.555,0.585,0.555,0.58,571120
FXR,20080602,1.06,1.06,0.99,1.02,354635
GAA,20080602,0.22,0.24,0.22,0.24,23510
GAU,20080602,0.13,0.13,0.115,0.115,247774
GBA,20080602,0.078,0.085,0.078,0.085,155000
GBE,20080602,0.39,0.39,0.38,0.38,28000
GBG,20080602,1.74,1.765,1.68,1.74,4023914
GBL,20080602,0.012,0.012,0.012,0.012,372500
GBP,20080602,0.18,0.18,0.17,0.17,183600
GBT,20080602,2.06,2.08,2.05,2.05,36712
GCG,20080602,0.18,0.18,0.18,0.18,8450
GCL,20080602,12.05,12.65,12.01,12.4,684211
GCN,20080602,0.039,0.039,0.039,0.039,12000
GCR,20080602,0.036,0.04,0.036,0.039,2034559
GCS,20080602,0.92,0.92,0.91,0.91,13000
GDA,20080602,0.03,0.03,0.028,0.029,5401642
GDN,20080602,0.14,0.155,0.13,0.145,2005921
GDR,20080602,0.255,0.275,0.255,0.27,176533
GDY,20080602,1.79,1.83,1.78,1.79,670322
GER,20080602,0.125,0.125,0.12,0.12,49300
GFE,20080602,0.29,0.29,0.26,0.265,8615
GFF,20080602,1.72,1.72,1.58,1.68,6837340
GFL,20080602,0.775,0.775,0.775,0.775,10000
GGE,20080602,0.041,0.041,0.041,0.041,40000
GGG,20080602,0.71,0.74,0.7,0.72,19000
GGP,20080602,0.28,0.28,0.28,0.28,17772
GGX,20080602,0.054,0.054,0.052,0.052,905533
GGY,20080602,0.115,0.12,0.11,0.115,430054
GHT,20080602,0.68,0.695,0.68,0.695,2620
GIA,20080602,0.285,0.285,0.285,0.285,1600
GIP,20080602,0.094,0.099,0.094,0.099,101175
GIR,20080602,2.79,2.84,2.76,2.8,2391886
GJT,20080602,0.54,0.55,0.525,0.525,179530
GLB,20080602,0.74,0.74,0.68,0.7,181201
GLE,20080602,0.38,0.38,0.38,0.38,37513
GLF,20080602,0.23,0.235,0.22,0.22,120150
GLI,20080602,0.165,0.165,0.165,0.165,83400
GLM,20080602,0.175,0.175,0.16,0.165,737898
GLN,20080602,0.035,0.035,0.035,0.035,2000
GLX,20080602,0.125,0.135,0.125,0.125,718813
GMD,20080602,0.5,0.5,0.5,0.5,4339
GME,20080602,0.35,0.39,0.35,0.37,106888
GMG,20080602,4.01,4.01,3.8,3.93,5948800
GMI,20080602,2.2,2.22,2.16,2.17,117636
GMX,20080602,1.3,1.38,1.3,1.38,21399
GNC,20080602,11.65,11.98,11.44,11.47,47659
GNM,20080602,1.88,1.88,1.75,1.75,49500
GNS,20080602,3.07,3.07,2.96,2.99,730402
GOA,20080602,0.035,0.035,0.035,0.035,323145
GOG,20080602,0.16,0.16,0.155,0.155,135000
GOP,20080602,0.125,0.125,0.125,0.125,75000
GOW,20080602,3.45,3.45,3.42,3.42,5616
GPB,20080602,0.19,0.19,0.19,0.19,4450
GPG,20080602,1.31,1.32,1.3,1.32,14483
GPM,20080602,0.39,0.39,0.375,0.375,472387
GPN,20080602,0.01,0.01,0.009,0.009,3540000
GPP,20080602,0.145,0.17,0.145,0.17,53134
GPR,20080602,0.15,0.15,0.13,0.13,135000
GPT,20080602,2.92,2.93,2.81,2.87,15574597
GRB,20080602,0.079,0.079,0.079,0.079,22500
GRD,20080602,1.18,1.18,1.14,1.15,365880
GRK,20080602,0.105,0.105,0.095,0.095,211400
GRR,20080602,1.65,1.655,1.615,1.65,111892
GRV,20080602,0.845,0.845,0.845,0.845,1200
GRY,20080602,0.4,0.4,0.39,0.39,208470
GSE,20080602,0.085,0.098,0.085,0.094,514902
GSF,20080602,0.027,0.027,0.026,0.026,1000000
GTE,20080602,0.057,0.057,0.039,0.046,1488381
GTG,20080602,0.105,0.105,0.105,0.105,130000
GTP,20080602,1.46,1.46,1.41,1.415,451397
GTX,20080602,0.095,0.095,0.095,0.095,21050
GUD,20080602,8.84,8.84,8.61,8.75,155675
GUL,20080602,0.095,0.095,0.089,0.089,82097
GUN,20080602,0.165,0.165,0.16,0.165,59010
GWR,20080602,2.1,2.1,2,2,240079
GWT,20080602,2.87,2.87,2.78,2.8,311129
GXL,20080602,1.15,1.15,1.09,1.09,25000
GXY,20080602,0.465,0.465,0.465,0.465,3600
HAO,20080602,0.105,0.105,0.105,0.105,30000
HAP,20080602,0.965,0.965,0.94,0.94,321967
HAV,20080602,1.68,1.69,1.65,1.67,45078
HAW,20080602,0.036,0.041,0.036,0.04,13494830
HDF,20080602,2.7,2.7,2.53,2.53,711583
HDG,20080602,0.16,0.16,0.16,0.16,100000
HDN,20080602,0.36,0.39,0.36,0.39,456170
HEG,20080602,0.265,0.27,0.265,0.27,277683
HFA,20080602,1.39,1.39,1.3,1.35,350192
HGI,20080602,2.68,2.69,2.63,2.64,2755785
HGL,20080602,0.21,0.255,0.205,0.255,309192
HGO,20080602,0.375,0.385,0.375,0.38,2390307
HHL,20080602,11.9,11.9,11.9,11.9,220
HHM,20080602,0.535,0.535,0.45,0.45,58662
HHV,20080602,0.87,0.89,0.865,0.88,286367
HHY,20080602,1.575,1.58,1.56,1.58,103074
HIC,20080602,0.76,0.77,0.76,0.76,31344
HIG,20080602,0.13,0.135,0.125,0.125,510090
HIL,20080602,3.46,3.55,3.42,3.44,302816
HIT,20080602,0.04,0.04,0.037,0.037,60000
HLD,20080602,0.15,0.15,0.15,0.15,20000
HLG,20080602,0.91,0.93,0.85,0.85,160609
HLX,20080602,0.235,0.255,0.23,0.235,326822
HMC,20080602,0.115,0.125,0.115,0.12,1881000
HNG,20080602,1.84,1.84,1.8,1.8,87115
HNR,20080602,0.305,0.305,0.29,0.29,88046
HRL,20080602,0.16,0.17,0.16,0.16,126400
HRR,20080602,0.715,0.78,0.715,0.73,615833
HRS,20080602,0.36,0.42,0.36,0.42,543400
HSK,20080602,1.47,1.47,1.46,1.46,10300
HSN,20080602,0.41,0.41,0.41,0.41,4900
HSP,20080602,4.57,4.59,4.4,4.49,919346
HST,20080602,3.19,3.19,3.15,3.16,188553
HTA,20080602,0.15,0.15,0.14,0.14,206700
HTE,20080602,0.068,0.075,0.068,0.075,533180
HTI,20080602,0.1,0.1,0.1,0.1,555001
HTW,20080602,0.49,0.49,0.48,0.49,29387
HTX,20080602,0.074,0.074,0.074,0.074,20000
HVN,20080602,3.7,3.73,3.59,3.6,3908196
HWI,20080602,1.45,1.45,1.37,1.44,11986
HXL,20080602,0.85,0.85,0.79,0.85,54040
HYO,20080602,0.06,0.075,0.059,0.075,9893043
HZL,20080602,0.55,0.55,0.55,0.55,20000
HZN,20080602,0.44,0.45,0.42,0.425,562800
IAG,20080602,4.05,4.05,3.95,3.99,3335816
IAS,20080602,0.305,0.305,0.3,0.3,5000
IAU,20080602,0.34,0.345,0.335,0.335,557674
IBA,20080602,0.645,0.65,0.615,0.625,704791
IBC,20080602,0.505,0.51,0.505,0.51,44800
IBG,20080602,0.52,0.52,0.52,0.52,46000
ICC,20080602,0.095,0.095,0.095,0.095,11300
ICN,20080602,0.375,0.4,0.325,0.335,14995181
ICP,20080602,0.084,0.085,0.079,0.08,2103189
ICS,20080602,0.24,0.24,0.24,0.24,27000
IDL,20080602,0.58,0.58,0.565,0.565,1252416
IDO,20080602,0.995,0.995,0.995,0.995,1000
IDT,20080602,2.1,2.1,2.1,2.1,6305
IEF,20080602,0.77,0.815,0.75,0.75,227700
IEM,20080602,161,161,159,160.46,1845
IEU,20080602,116.25,116.25,116.25,116.25,78
IFE,20080602,1.07,1.095,1.07,1.095,72266
IFL,20080602,5.45,5.45,5.3,5.36,65864
IFM,20080602,0.39,0.4,0.39,0.395,127057
IGC,20080602,0.505,0.51,0.495,0.51,2270621
IGG,20080602,0.44,0.45,0.44,0.45,80318
IGO,20080602,6.43,6.58,6.16,6.5,891903
IGR,20080602,0.515,0.525,0.505,0.515,446472
IHF,20080602,0.94,0.96,0.94,0.95,53000
IHK,20080602,20.36,20.36,20.36,20.36,3122
IIF,20080602,1.995,1.995,1.955,1.99,4155358
IIG,20080602,0.021,0.027,0.021,0.021,14935000
III,20080602,0.22,0.22,0.22,0.22,23500
IIN,20080602,1.79,1.8,1.705,1.705,83348
IJH,20080602,92.3,92.3,92.23,92.23,150
IJP,20080602,14.31,14.31,14.31,14.31,4
IJR,20080602,68.21,68.21,68.21,68.21,5
IKO,20080602,61.88,62.14,61.88,62.14,200
ILF,20080602,0.66,0.68,0.66,0.66,449826
ILU,20080602,3.7,3.74,3.65,3.69,868443
IMA,20080602,1.1,1.1,1.045,1.1,78625
IMD,20080602,1.74,1.77,1.7,1.745,658589
IMF,20080602,0.75,0.75,0.75,0.75,19225
IMI,20080602,0.024,0.024,0.022,0.023,16582731
IMP,20080602,0.02,0.021,0.02,0.02,6850754
IMU,20080602,0.09,0.09,0.09,0.09,160000
INL,20080602,0.062,0.062,0.059,0.059,656181
INP,20080602,1.13,1.165,1.12,1.14,301277
INT,20080602,0.019,0.022,0.019,0.02,6937704
IOF,20080602,1.325,1.33,1.27,1.28,3872017
IOH,20080602,0.795,0.92,0.79,0.88,680962
IOO,20080602,80.3,80.5,80.3,80.5,540
IPA,20080602,0.4,0.4,0.4,0.4,2800
IPD,20080602,0.7,0.7,0.7,0.7,3000
IPE,20080602,0.76,0.76,0.76,0.76,32855
IPL,20080602,174.95,174.95,169.22,172.6,533897
IPM,20080602,1.18,1.2,1.17,1.17,104570
IPR,20080602,0.08,0.081,0.08,0.081,310000
IPT,20080602,0.17,0.17,0.17,0.17,43000
IRC,20080602,0.375,0.375,0.36,0.36,43000
IRE,20080602,6.52,6.54,6.3,6.45,347431
IRI,20080602,0.37,0.37,0.365,0.365,57499
IRL,20080602,0.099,0.1,0.098,0.1,197364
IRM,20080602,0.33,0.35,0.315,0.33,119749
IRN,20080602,1.11,1.115,1.11,1.11,482651
IRU,20080602,78.26,78.26,78.26,78.26,150
ISG,20080602,14.46,14.46,14.46,14.46,4
ISK,20080602,0.18,0.18,0.18,0.18,2500
ISS,20080602,0.54,0.54,0.495,0.5,132887
ITC,20080602,0.051,0.052,0.05,0.052,727004
ITD,20080602,0.14,0.14,0.135,0.135,19000
ITE,20080602,0.04,0.04,0.04,0.04,1000000
ITS,20080602,0.75,0.75,0.75,0.75,5000
ITT,20080602,0.28,0.295,0.28,0.29,862645
ITW,20080602,16.75,16.75,16.75,16.75,125
IUL,20080602,0.023,0.023,0.023,0.023,50000
IVC,20080602,6.69,6.69,6.51,6.53,269995
IVE,20080602,80.96,80.96,80.96,80.96,75
IVK,20080602,2.17,2.25,2.17,2.25,39619
IVT,20080602,0.135,0.135,0.12,0.12,20000
IVV,20080602,148.5,148.5,147.3,147.66,651
IWI,20080602,1.03,1.05,1.03,1.05,26662
IXR,20080602,0.6,0.61,0.59,0.59,400099
IZZ,20080602,163.24,163.24,163.24,163.24,52
JAG,20080602,0.13,0.13,0.13,0.13,100000
JAK,20080602,0.16,0.16,0.155,0.155,404000
JAL,20080602,0.165,0.165,0.155,0.155,40000
JAT,20080602,0.07,0.07,0.063,0.063,41750
JBH,20080602,9.71,9.77,9.55,9.67,322678
JET,20080602,2.37,2.4,2.37,2.4,3550
JGL,20080602,0.13,0.13,0.125,0.13,54250
JHX,20080602,5.5,5.51,5.42,5.5,785579
JMB,20080602,0.56,0.56,0.56,0.56,1500
JML,20080602,0.815,0.815,0.795,0.8,2115650
JMS,20080602,0.34,0.35,0.305,0.35,1174723
JPR,20080602,0.11,0.115,0.105,0.11,791941
JRL,20080602,0.91,0.91,0.91,0.91,17725
JST,20080602,3.87,3.93,3.85,3.9,232739
JUT,20080602,0.09,0.091,0.09,0.09,115087
JVG,20080602,0.13,0.13,0.13,0.13,100000
KAL,20080602,0.08,0.082,0.079,0.079,1349210
KAR,20080602,3.63,3.75,3.61,3.62,394254
KAS,20080602,0.22,0.24,0.22,0.24,20000
KBC,20080602,0.815,0.84,0.79,0.8,870150
KCN,20080602,5.6,5.6,5.45,5.54,88676
KEY,20080602,0.235,0.24,0.235,0.235,507223
KIK,20080602,0.29,0.31,0.27,0.27,557750
KIL,20080602,0.84,0.84,0.78,0.78,109400
KIS,20080602,0.505,0.555,0.5,0.5,77615
KKT,20080602,0.06,0.06,0.06,0.06,6000
KLM,20080602,0.43,0.43,0.43,0.43,58500
KME,20080602,0.32,0.34,0.32,0.34,13400
KMN,20080602,0.225,0.23,0.22,0.23,958643
KOR,20080602,0.155,0.16,0.145,0.145,109082
KOV,20080602,5.06,5.06,5.06,5.06,500
KRB,20080602,0.495,0.58,0.49,0.58,303596
KRM,20080602,0.3,0.3,0.3,0.3,25000
KRS,20080602,0.3,0.315,0.3,0.31,185001
KSC,20080602,2.95,2.99,2.95,2.95,22116
KSO,20080602,0.215,0.22,0.215,0.22,45000
KSX,20080602,0.115,0.12,0.115,0.115,214060
KTE,20080602,0.18,0.18,0.175,0.175,84861
KTL,20080602,0.028,0.03,0.027,0.027,160000
KYC,20080602,0.215,0.225,0.215,0.225,49400
KZL,20080602,4.99,4.99,4.6,4.78,1856575
LAT,20080602,0.047,0.047,0.042,0.042,268260
LAU,20080602,0.18,0.18,0.18,0.18,29060
LBT,20080602,0.215,0.225,0.21,0.225,212611
LCM,20080602,0.98,0.98,0.98,0.98,5000
LCT,20080602,0.31,0.34,0.31,0.34,78529
LEG,20080602,0.029,0.031,0.028,0.031,14345234
LEI,20080602,53,53.48,51.52,53.04,574112
LEP,20080602,3.03,3.08,2.99,3.02,49785
LFE,20080602,0.084,0.084,0.07,0.075,1756115
LGD,20080602,0.086,0.096,0.086,0.096,58402
LGL,20080602,3.03,3.06,2.99,3.02,12906041
LGO,20080602,0.023,0.025,0.023,0.025,640000
LIN,20080602,0.24,0.24,0.24,0.24,250
LKO,20080602,0.007,0.008,0.006,0.008,31041327
LLA,20080602,0.058,0.063,0.054,0.054,1221318
LLC,20080602,12.35,12.35,11.92,12.1,1105161
LMC,20080602,3.7,3.75,3.7,3.75,1522
LMG,20080602,0.015,0.015,0.015,0.015,1733575
LML,20080602,0.24,0.24,0.21,0.21,136000
LMP,20080602,0.175,0.18,0.17,0.17,320674
LNC,20080602,2.99,3.34,2.99,3.31,2737803
LNG,20080602,0.95,1.09,0.95,1.05,1388154
LNN,20080602,9.54,9.54,9.1,9.24,2136122
LOD,20080602,0.03,0.03,0.03,0.03,100000
LOM,20080602,0.3,0.3,0.3,0.3,2000
LPM,20080602,0.055,0.07,0.055,0.07,165235
LRF,20080602,1.4,1.45,1.4,1.45,251666
LSA,20080602,0.045,0.049,0.045,0.049,943699
LSL,20080602,0.016,0.016,0.016,0.016,105722
LSR,20080602,0.1,0.11,0.1,0.11,22883
LST,20080602,1.835,1.85,1.82,1.835,388019
LTR,20080602,0.13,0.13,0.125,0.125,66933
LUM,20080602,0.009,0.009,0.009,0.009,1000000
LWB,20080602,1.6,1.6,1.55,1.55,4350
LYC,20080602,1.495,1.495,1.44,1.465,1156149
LYL,20080602,3.95,3.99,3.95,3.99,6000
MAE,20080602,0.67,0.69,0.67,0.68,217782
MAH,20080602,1.74,1.77,1.74,1.76,1206116
MAL,20080602,0.335,0.335,0.32,0.33,67000
MAN,20080602,0.017,0.017,0.017,0.017,295971
MAP,20080602,2.94,2.94,2.8,2.84,11439562
MAR,20080602,0.215,0.215,0.215,0.215,15000
MBA,20080602,0.06,0.065,0.06,0.065,499034
MBD,20080602,0.115,0.115,0.1,0.11,150000
MBI,20080602,0.031,0.031,0.03,0.03,115207
MBN,20080602,6.65,6.87,6.6,6.84,153302
MBP,20080602,0.041,0.043,0.04,0.043,3133766
MBT,20080602,0.7,0.8,0.7,0.8,96956
MCC,20080602,19.78,19.9,19.56,19.65,774438
MCG,20080602,3.56,3.58,3.51,3.57,2085109
MCK,20080602,0.9,0.91,0.9,0.91,15000
MCL,20080602,0.026,0.026,0.025,0.025,918000
MCO,20080602,0.24,0.24,0.24,0.24,8791
MCP,20080602,2.65,2.65,2.63,2.63,2400
MCQ,20080602,2.15,2.17,2.12,2.15,228645
MCR,20080602,3.21,3.32,3.17,3.27,1461389
MCU,20080602,0.65,0.655,0.65,0.65,79444
MCW,20080602,1.18,1.195,1.145,1.18,9546164
MDA,20080602,0.425,0.46,0.425,0.46,256345
MDE,20080602,0.95,0.95,0.95,0.95,28000
MDG,20080602,0.061,0.061,0.061,0.061,52300
MDL,20080602,0.93,0.935,0.9,0.925,190285
MDS,20080602,0.068,0.07,0.068,0.069,1424725
MDT,20080602,0.555,0.555,0.54,0.54,2526635
MDV,20080602,0.007,0.007,0.007,0.007,1100000
MDX,20080602,0.37,0.42,0.37,0.405,911782
MEE,20080602,0.64,0.73,0.64,0.705,6849123
MEI,20080602,0.091,0.095,0.091,0.095,11499
MEL,20080602,1.2,1.375,1.2,1.375,2133922
MEO,20080602,0.43,0.57,0.43,0.56,21795522
MEP,20080602,0.545,0.55,0.52,0.52,30000
MES,20080602,0.295,0.3,0.295,0.3,12500
MEU,20080602,0.115,0.125,0.115,0.125,310101
MFC,20080602,0.2,0.21,0.185,0.2,259704
MFF,20080602,0.64,0.64,0.625,0.635,507349
MFG,20080602,0.785,0.785,0.775,0.775,50680
MFI,20080602,0.14,0.14,0.13,0.13,166872
MGK,20080602,0.055,0.055,0.05,0.051,199244
MGO,20080602,0.35,0.35,0.335,0.34,56800
MGR,20080602,3.25,3.32,3.1,3.29,7085320
MGX,20080602,3.29,3.3,3.22,3.3,2461135
MGZ,20080602,0.06,0.06,0.06,0.06,86143
MHL,20080602,0.017,0.018,0.017,0.017,1598513
MHM,20080602,0.105,0.105,0.105,0.105,25690
MIG,20080602,3.08,3.11,3,3.01,13928491
MIK,20080602,0.36,0.42,0.36,0.41,229702
MIN,20080602,6.9,6.9,6.73,6.85,234067
MIR,20080602,2,2,1.95,1.95,29814
MIS,20080602,7.08,7.08,6.7,6.7,1303665
MIT,20080602,1.67,1.67,1.67,1.67,10000
MIX,20080602,0.465,0.465,0.435,0.435,106597
MKY,20080602,0.026,0.026,0.026,0.026,31500
MLB,20080602,3.4,3.43,3.34,3.4,87937
MLE,20080602,2.08,2.1,2.01,2.07,65559
MLI,20080602,0.45,0.45,0.435,0.44,355403
MLM,20080602,0.55,0.555,0.525,0.555,107238
MLS,20080602,0.052,0.052,0.047,0.048,3665810
MLT,20080602,20.2,20.25,20.2,20.21,7629
MLX,20080602,0.43,0.45,0.43,0.43,992100
MMA,20080602,0.59,0.595,0.585,0.585,180470
MMG,20080602,3.63,3.65,3.57,3.58,242996
MML,20080602,1.25,1.25,1.25,1.25,10000
MMN,20080602,0.11,0.12,0.11,0.11,268334
MMR,20080602,0.077,0.145,0.077,0.13,758075
MMS,20080602,3.11,3.15,3.06,3.06,13103
MMX,20080602,4.18,4.18,4.11,4.15,650437
MMY,20080602,0.13,0.13,0.13,0.13,20000
MND,20080602,13.2,13.3,12.88,13.17,130184
MNL,20080602,0.24,0.24,0.235,0.235,40182
MNM,20080602,0.355,0.415,0.355,0.415,5366649
MNW,20080602,0.063,0.063,0.06,0.06,150000
MOC,20080602,1.04,1.04,1.035,1.035,336740
MOD,20080602,0.019,0.019,0.019,0.019,142857
MOF,20080602,0.96,0.96,0.925,0.94,6733306
MOL,20080602,3.37,3.37,3.21,3.3,103524
MON,20080602,0.285,0.31,0.285,0.31,260054
MOO,20080602,0.14,0.14,0.14,0.14,22500
MOS,20080602,0.165,0.18,0.165,0.175,1901059
MOX,20080602,0.285,0.285,0.28,0.28,82981
MOY,20080602,0.105,0.105,0.09,0.096,1212449
MPF,20080602,0.91,0.91,0.9,0.9,17074
MPI,20080602,0.022,0.022,0.022,0.022,370000
MPJ,20080602,0.007,0.007,0.006,0.006,4890162
MPO,20080602,1.62,1.8,1.61,1.69,3091039
MPS,20080602,0.61,0.63,0.6,0.6,278073
MQG,20080602,54.19,54.19,52.31,53.26,2504533
MRA,20080602,0.42,0.42,0.405,0.405,186615
MRC,20080602,0.155,0.16,0.155,0.16,66705
MRE,20080602,4.85,4.86,4.72,4.73,1564860
MRM,20080602,1.6,1.62,1.59,1.61,4002981
MRO,20080602,0.56,0.595,0.56,0.59,56800
MRU,20080602,2.43,2.54,2.43,2.53,8951
MRX,20080602,0.081,0.081,0.079,0.079,1019203
MRY,20080602,0.018,0.018,0.018,0.018,5000
MRZ,20080602,0.92,0.925,0.86,0.915,265377
MSA,20080602,0.39,0.39,0.39,0.39,40457
MSB,20080602,0.75,0.85,0.75,0.82,173800
MSC,20080602,0.015,0.015,0.014,0.014,6182406
MSI,20080602,0.02,0.02,0.02,0.02,2696
MSL,20080602,3,3,2.9,2.9,75522
MSN,20080602,0.125,0.125,0.12,0.12,181446
MST,20080602,0.061,0.061,0.06,0.06,993900
MTB,20080602,0.039,0.039,0.037,0.037,400000
MTD,20080602,0.09,0.09,0.09,0.09,150000
MTH,20080602,0.3,0.3,0.22,0.22,536161
MTI,20080602,0.022,0.022,0.022,0.022,800000
MTN,20080602,1.865,1.895,1.865,1.865,1665
MTS,20080602,4.13,4.15,4.03,4.08,2471159
MTU,20080602,0.595,0.605,0.585,0.605,30500
MUE,20080602,0.6,0.605,0.58,0.59,187564
MUM,20080602,0.18,0.18,0.175,0.18,193443
MUN,20080602,0.68,0.68,0.635,0.66,423269
MUR,20080602,0.13,0.13,0.125,0.13,893196
MUT,20080602,0.018,0.018,0.017,0.017,1135000
MVH,20080602,0.096,0.096,0.091,0.091,100000
MVP,20080602,0.335,0.34,0.335,0.34,22500
MVU,20080602,0.2,0.2,0.2,0.2,52195
MWE,20080602,0.15,0.15,0.15,0.15,105000
MWG,20080602,1.21,1.21,1.21,1.21,5000
MWR,20080602,0.055,0.055,0.055,0.055,60000
MWS,20080602,0.046,0.046,0.046,0.046,181000
MXI,20080602,0.67,0.67,0.65,0.65,498799
MXR,20080602,0.215,0.24,0.215,0.23,1982965
MYO,20080602,1.4,1.405,1.365,1.37,399145
MZM,20080602,0.135,0.14,0.135,0.14,91000
NAB,20080602,31.26,31.26,30.01,30.43,8435418
NAD,20080602,0.016,0.017,0.016,0.016,665300
NAE,20080602,0.2,0.21,0.165,0.165,120000
NAL,20080602,0.019,0.019,0.019,0.019,1000
NAM,20080602,0.39,0.39,0.38,0.38,42576
NAN,20080602,0.2,0.2,0.2,0.2,140000
NAV,20080602,0.43,0.435,0.425,0.425,72799
NBL,20080602,2.3,2.34,2.27,2.3,14088
NCM,20080602,31.79,32.13,30.87,31.64,1151849
NDL,20080602,0.11,0.12,0.11,0.12,40000
NDO,20080602,0.515,0.52,0.49,0.495,4671031
NEC,20080602,1.91,2.29,1.91,2.29,1729302
NEM,20080602,4.92,4.95,4.88,4.92,47740
NEO,20080602,0.028,0.028,0.027,0.028,619660
NEU,20080602,0.1,0.1,0.097,0.097,13720
NFE,20080602,4.36,4.4,4.01,4.2,21144
NFK,20080602,1.55,1.55,1.475,1.475,31992
NFL,20080602,0.097,0.097,0.084,0.089,431179
NGE,20080602,0.15,0.15,0.145,0.15,950000
NGF,20080602,0.33,0.335,0.315,0.335,510538
NGM,20080602,0.075,0.075,0.075,0.075,65330
NHC,20080602,5.04,5.1,4.65,4.74,574826
NHF,20080602,0.705,0.705,0.7,0.7,937009
NHR,20080602,2.23,2.23,2.23,2.23,4085
NIO,20080602,0.071,0.071,0.07,0.07,217560
NIP,20080602,0.33,0.33,0.315,0.315,20838
NKP,20080602,1.005,1.005,0.985,0.995,235853
NLG,20080602,0.027,0.027,0.02,0.02,1373854
NLX,20080602,0.605,0.605,0.58,0.59,437224
NME,20080602,0.36,0.36,0.34,0.355,78591
NMI,20080602,0.17,0.17,0.17,0.17,12000
NMR,20080602,0.64,0.64,0.6,0.6,18700
NMS,20080602,0.535,0.54,0.525,0.53,1363097
NOA,20080602,0.34,0.36,0.34,0.36,20000
NOD,20080602,1.99,2,1.97,1.97,202919
NQM,20080602,0.36,0.38,0.36,0.38,11920
NRL,20080602,0.09,0.09,0.09,0.09,111701
NRT,20080602,1.53,1.53,1.52,1.52,21500
NRU,20080602,0.1,0.1,0.09,0.09,28449
NSL,20080602,0.065,0.073,0.06,0.06,16096465
NSP,20080602,0.1,0.1,0.1,0.1,54205
NTC,20080602,0.185,0.23,0.185,0.23,1214352
NTU,20080602,0.34,0.34,0.315,0.315,11000
NUF,20080602,16.75,16.85,16.37,16.69,1246167
NUP,20080602,0.27,0.3,0.27,0.3,88900
NVT,20080602,2.09,2.09,2.09,2.09,258961
NWE,20080602,0.18,0.18,0.18,0.18,311400
NWH,20080602,2.36,2.36,2.26,2.26,455749
NWK,20080602,0.13,0.13,0.13,0.13,25000
NWR,20080602,0.08,0.08,0.08,0.08,212000
NWS,20080602,19.56,19.63,19.3,19.42,1733398
NWT,20080602,0.004,0.004,0.003,0.004,6130000
NXS,20080602,1.88,1.88,1.82,1.825,2830762
NZO,20080602,1.31,1.315,1.29,1.29,69895
OAK,20080602,1.05,1.05,1.05,1.05,11200
OBL,20080602,0.115,0.125,0.115,0.125,405000
OCL,20080602,0.375,0.375,0.375,0.375,14870
ODN,20080602,0.105,0.13,0.105,0.115,1011800
OEC,20080602,0.155,0.155,0.14,0.14,241480
OEL,20080602,0.45,0.495,0.45,0.49,1868205
OEX,20080602,1.14,1.14,1.08,1.095,390743
OFG,20080602,1.5,1.52,1.5,1.5,46102
OGC,20080602,1.4,1.4,1.315,1.315,452254
OIF,20080602,0.39,0.39,0.38,0.385,291222
OIL,20080602,0.25,0.26,0.25,0.25,187088
OIP,20080602,0.115,0.12,0.11,0.11,962936
OKN,20080602,3.74,3.74,3.61,3.63,40055
OKU,20080602,0.115,0.115,0.115,0.115,40000
OLY,20080602,0.089,0.089,0.088,0.089,96418
OMH,20080602,4.68,4.82,4.65,4.7,807621
OMI,20080602,0.26,0.26,0.26,0.26,1500
ONC,20080602,0.175,0.18,0.175,0.18,556165
ONT,20080602,2.6,2.6,2.6,2.6,300
ORD,20080602,0.14,0.14,0.13,0.135,545918
ORE,20080602,0.24,0.24,0.24,0.24,2000
ORG,20080602,16,16.32,15.68,16.03,12540501
ORH,20080602,0.105,0.105,0.105,0.105,45000
ORI,20080602,30.16,30.3,29.56,30.18,577039
ORO,20080602,0.026,0.027,0.025,0.027,725350
ORP,20080602,0.063,0.063,0.048,0.059,652770
OSH,20080602,6.37,6.44,6.2,6.44,8663922
OST,20080602,7.1,7.19,7.03,7.14,2731870
OVR,20080602,0.555,0.555,0.555,0.555,5000
OXR,20080602,3.12,3.15,3.08,3.1,10566220
PAA,20080602,0.022,0.022,0.022,0.022,50964
PAB,20080602,0.285,0.29,0.265,0.29,61763
PAG,20080602,1.925,1.995,1.9,1.995,136058
PAU,20080602,0.033,0.033,0.033,0.033,200000
PAX,20080602,0.17,0.17,0.17,0.17,28000
PBA,20080602,0.77,0.77,0.77,0.77,20000
PBD,20080602,0.72,0.72,0.71,0.715,76931
PBG,20080602,2.07,2.12,2.07,2.11,2398030
PBP,20080602,1.18,1.18,1.18,1.18,20000
PBT,20080602,0.44,0.44,0.43,0.43,8600
PCC,20080602,0.018,0.018,0.018,0.018,53755
PCL,20080602,0.048,0.052,0.048,0.051,1175875
PCP,20080602,0.03,0.03,0.03,0.03,41000
PDM,20080602,0.11,0.11,0.11,0.11,40000
PDN,20080602,5.72,5.8,5.64,5.73,3188033
PDO,20080602,0.2,0.215,0.2,0.215,1081100
PDZ,20080602,0.91,0.91,0.85,0.89,104476
PEA,20080602,0.34,0.34,0.34,0.34,58000
PEK,20080602,0.1,0.1,0.1,0.1,35000
PEL,20080602,0.18,0.18,0.18,0.18,20000
PEM,20080602,0.795,0.805,0.78,0.795,852735
PEN,20080602,0.04,0.041,0.039,0.041,4674304
PES,20080602,2.55,2.95,2.52,2.59,727945
PET,20080602,0.775,0.775,0.775,0.775,10500
PEV,20080602,0.11,0.11,0.1,0.11,384058
PFG,20080602,0.41,0.41,0.41,0.41,47050
PFL,20080602,1.22,1.22,1.16,1.16,58400
PGL,20080602,1.35,1.355,1.315,1.355,168297
PGS,20080602,0.14,0.19,0.14,0.19,514194
PHK,20080602,0.17,0.175,0.17,0.175,105000
PIE,20080602,0.017,0.017,0.017,0.017,40000
PIM,20080602,0.43,0.43,0.4,0.4,33025
PIO,20080602,0.105,0.105,0.105,0.105,72966
PLA,20080602,2.73,2.74,2.64,2.64,580831
PLD,20080602,0.043,0.043,0.041,0.041,368500
PLI,20080602,0.41,0.42,0.41,0.41,50259
PLT,20080602,0.16,0.16,0.15,0.15,192545
PLV,20080602,2.1,2.1,2.05,2.05,44485
PMC,20080602,1.5,1.56,1.5,1.53,116625
PMH,20080602,0.36,0.4,0.36,0.4,269513
PMM,20080602,17.62,17.96,17.48,17.95,29394
PMP,20080602,1,1,0.99,0.995,531094
PMV,20080602,7.83,7.83,7.8,7.8,1212
PNA,20080602,1.085,1.085,1.005,1.04,8153199
PNN,20080602,0.89,0.89,0.865,0.865,15200
PNO,20080602,0.007,0.007,0.007,0.007,240000
PNX,20080602,0.12,0.12,0.12,0.12,10000
POH,20080602,0.125,0.125,0.12,0.12,160454
POL,20080602,0.565,0.57,0.555,0.555,102660
POS,20080602,0.9,0.9,0.86,0.87,545470
PPC,20080602,2.56,2.58,2.5,2.58,31839
PPD,20080602,0.12,0.125,0.11,0.11,140500
PPI,20080602,0.38,0.38,0.38,0.38,60000
PPK,20080602,0.79,0.79,0.79,0.79,14766
PPN,20080602,0.1,0.1,0.1,0.1,1720
PPP,20080602,0.28,0.295,0.28,0.29,268833
PPS,20080602,0.38,0.39,0.375,0.39,48731
PPT,20080602,51.5,51.57,49.46,50.17,57463
PPX,20080602,2.26,2.3,2.21,2.26,1584657
PPY,20080602,0.62,0.62,0.6,0.6,80000
PRC,20080602,1.395,1.4,1.32,1.335,53399
PRE,20080602,0.03,0.031,0.028,0.029,3133666
PRG,20080602,4.86,4.94,4.86,4.91,149856
PRO,20080602,0.28,0.28,0.275,0.275,13000
PRR,20080602,0.015,0.016,0.014,0.016,9585171
PRT,20080602,2.95,3,2.95,3,24530
PRU,20080602,1.51,1.52,1.48,1.49,145811
PRV,20080602,0.9,0.9,0.895,0.895,18602
PRW,20080602,0.2,0.2,0.2,0.2,2500
PRY,20080602,6.12,6.2,6.12,6.19,248017
PRZ,20080602,0.3,0.3,0.3,0.3,222892
PSA,20080602,1.055,1.115,1.055,1.07,285318
PSD,20080602,0.135,0.145,0.13,0.14,682634
PSH,20080602,1.72,1.73,1.71,1.72,21700
PST,20080602,0.305,0.305,0.305,0.305,1150
PTM,20080602,4.3,4.39,4.2,4.2,440808
PTN,20080602,0.575,0.595,0.565,0.575,103320
PTO,20080602,0.06,0.06,0.057,0.059,503993
PTR,20080602,0.86,0.9,0.86,0.86,102525
PTS,20080602,0.26,0.265,0.25,0.25,95333
PUN,20080602,0.05,0.05,0.048,0.048,50000
PVE,20080602,1.73,1.75,1.73,1.75,916419
PWK,20080602,4.3,4.3,4.27,4.27,95689
PWR,20080602,0.09,0.09,0.09,0.09,2401
PWW,20080602,0.2,0.2,0.2,0.2,35000
PXL,20080602,0.14,0.14,0.13,0.135,115000
PXS,20080602,1.7,1.72,1.595,1.595,276281
PYC,20080602,0.085,0.085,0.081,0.081,99250
PYM,20080602,0.27,0.27,0.27,0.27,17200
QAN,20080602,3.42,3.46,3.38,3.42,14778266
QBE,20080602,24.78,25.14,24.5,24.85,3534818
QGC,20080602,6.19,6.19,5.8,6.01,2502695
QHL,20080602,0.44,0.45,0.43,0.43,58390
QMG,20080602,0.05,0.05,0.05,0.05,10900
QOL,20080602,0.155,0.16,0.155,0.16,413042
QRS,20080602,0.16,0.16,0.16,0.16,20000
QRX,20080602,0.835,0.835,0.835,0.835,10000
QTK,20080602,0.033,0.036,0.033,0.036,1117629
QTM,20080602,0.06,0.067,0.06,0.067,265167
QUR,20080602,0.017,0.017,0.017,0.017,120000
QXQ,20080602,0.023,0.023,0.021,0.021,320000
RAT,20080602,0.18,0.19,0.18,0.18,239545
RAW,20080602,0.25,0.25,0.22,0.22,30940
RBM,20080602,0.06,0.06,0.053,0.054,2257787
RBR,20080602,0.12,0.12,0.11,0.11,14085
RBX,20080602,0.09,0.09,0.09,0.09,20000
RBY,20080602,0.009,0.009,0.009,0.009,200000
RCH,20080602,0.052,0.052,0.048,0.049,7663116
RCI,20080602,0.19,0.19,0.19,0.19,33065
RCO,20080602,0.27,0.27,0.265,0.265,170000
RCR,20080602,0.815,0.82,0.81,0.815,279732
RCT,20080602,2.95,2.95,2.9,2.9,1286
RCY,20080602,0.495,0.5,0.49,0.49,288555
RDF,20080602,2.96,3.02,2.96,2.96,6500
RDM,20080602,0.21,0.215,0.2,0.215,40738
RDR,20080602,1,1.03,1,1.02,194537
RDS,20080602,0.45,0.45,0.45,0.45,12000
REA,20080602,5.1,5.14,5,5.1,14072
RED,20080602,0.095,0.095,0.085,0.085,426700
REF,20080602,1.62,1.65,1.61,1.615,278586
REH,20080602,22.5,22.5,22.5,22.5,45477
REO,20080602,0.015,0.015,0.013,0.015,990069
RER,20080602,0.04,0.04,0.04,0.04,75500
REU,20080602,0.17,0.17,0.165,0.165,938239
REX,20080602,1.12,1.12,1.075,1.08,68000
REY,20080602,0.345,0.38,0.32,0.38,450931
RFE,20080602,0.565,0.61,0.565,0.61,283000
RFL,20080602,0.15,0.15,0.15,0.15,10355
RFT,20080602,0.007,0.007,0.006,0.006,175168
RHC,20080602,10.87,10.98,10.7,10.81,221968
RHE,20080602,0.27,0.27,0.27,0.27,247250
RHG,20080602,0.08,0.08,0.075,0.075,742539
RHI,20080602,7,7.04,6.95,7.03,40560
RHL,20080602,4.5,4.5,4.5,4.5,570
RHT,20080602,0.013,0.013,0.013,0.013,117285
RIC,20080602,1.36,1.43,1.36,1.425,578931
RIM,20080602,0.031,0.031,0.031,0.031,85000
RIO,20080602,140.24,142.16,139.34,141.7,1437920
RIV,20080602,10.89,10.89,10.32,10.72,1197140
RJT,20080602,0.155,0.165,0.155,0.16,1295079
RLC,20080602,0.08,0.08,0.08,0.08,96000
RMC,20080602,0.36,0.36,0.355,0.355,17000
RMD,20080602,4.1,4.1,4,4.05,1558238
RMG,20080602,0.016,0.018,0.016,0.018,2478946
RMI,20080602,0.035,0.035,0.034,0.034,577500
RML,20080602,0.24,0.245,0.24,0.245,52984
RMP,20080602,0.325,0.325,0.32,0.32,10000
RMS,20080602,0.91,0.915,0.88,0.885,377132
RMT,20080602,0.305,0.305,0.305,0.305,3000
RNI,20080602,0.063,0.063,0.063,0.063,9800
RNY,20080602,0.365,0.365,0.365,0.365,19776
ROC,20080602,2.44,2.53,2.42,2.5,649250
ROG,20080602,0.07,0.07,0.07,0.07,32020
ROK,20080602,3.6,3.6,3.5,3.5,1000
ROL,20080602,0.23,0.23,0.23,0.23,65000
ROY,20080602,0.415,0.42,0.395,0.4,563450
RPC,20080602,0.032,0.034,0.03,0.031,9017715
RPG,20080602,0.96,0.96,0.94,0.94,30000
RPM,20080602,0.185,0.23,0.185,0.2,4952677
RRA,20080602,0.71,0.71,0.71,0.71,31083
RRL,20080602,0.29,0.29,0.28,0.29,161000
RRS,20080602,0.19,0.195,0.18,0.18,772764
RRT,20080602,0.105,0.105,0.1,0.1,367145
RSG,20080602,2.47,2.5,2.21,2.25,485127
RSL,20080602,0.015,0.015,0.014,0.014,1600000
RSN,20080602,0.028,0.03,0.028,0.03,940000
RTL,20080602,0.015,0.015,0.015,0.015,252000
RUB,20080602,0.25,0.25,0.245,0.245,91206
RUL,20080602,1.17,1.18,1.16,1.175,184850
RUM,20080602,0.15,0.17,0.15,0.17,106725
RVM,20080602,0.21,0.21,0.21,0.21,55000
RVR,20080602,0.17,0.17,0.16,0.16,25000
RWD,20080602,1.7,1.79,1.7,1.75,114571
RXL,20080602,0.11,0.11,0.1,0.1,190250
RXM,20080602,0.35,0.36,0.35,0.36,16000
SAE,20080602,0.44,0.445,0.415,0.425,474375
SAI,20080602,2.71,2.78,2.66,2.7,179877
SAR,20080602,0.21,0.21,0.205,0.205,90000
SAU,20080602,0.215,0.23,0.215,0.23,171650
SAV,20080602,1.585,1.585,1.585,1.585,2500
SBI,20080602,0.077,0.077,0.074,0.074,207500
SBL,20080602,0.037,0.038,0.037,0.037,900000
SBM,20080602,0.63,0.635,0.595,0.6,2512354
SBN,20080602,0.017,0.017,0.016,0.016,726757
SBR,20080602,0.22,0.22,0.22,0.22,68000
SBS,20080602,0.047,0.047,0.045,0.047,400707
SCE,20080602,0.012,0.012,0.012,0.012,189170
SDG,20080602,2.62,2.62,2.55,2.6,388337
SDI,20080602,0.3,0.3,0.3,0.3,2800
SDL,20080602,0.38,0.47,0.38,0.47,91206721
SDM,20080602,2.82,2.93,2.82,2.88,11784
SEA,20080602,0.39,0.39,0.39,0.39,11719
SEK,20080602,5.31,5.45,5.31,5.44,909811
SEN,20080602,0.046,0.047,0.045,0.047,267000
SEV,20080602,9.02,9.04,8.85,8.98,352820
SFC,20080602,7.8,7.8,7.8,7.8,427
SFH,20080602,0.98,0.99,0.955,0.975,261480
SFR,20080602,0.375,0.39,0.365,0.365,140556
SFY,20080602,54.65,54.65,54.23,54.62,16233
SGB,20080602,32.8,33,31.45,31.95,11564642
SGH,20080602,1.35,1.355,1.35,1.35,30080
SGL,20080602,0.52,0.55,0.495,0.495,7328250
SGM,20080602,38.2,38.9,37.24,37.31,482081
SGN,20080602,2.05,2.05,1.955,1.96,89547
SGP,20080602,6.2,6.25,6.03,6.2,8161638
SGT,20080602,2.88,2.9,2.85,2.86,8150068
SGX,20080602,5.59,5.67,5.42,5.56,516221
SHC,20080602,0.075,0.075,0.075,0.075,50000
SHE,20080602,0.195,0.195,0.19,0.19,35000
SHG,20080602,2.84,2.86,2.54,2.59,3089687
SHL,20080602,14.48,14.84,14.4,14.74,837423
SHV,20080602,6.47,6.47,6.36,6.36,9258
SIE,20080602,0.095,0.095,0.088,0.088,7000
SIM,20080602,0.375,0.38,0.37,0.37,44024
SIP,20080602,1.22,1.22,1.17,1.19,1665816
SKC,20080602,3.04,3.09,3.04,3.05,34783
SKE,20080602,3.21,3.26,3.21,3.26,13286
SKI,20080602,1.795,1.81,1.77,1.81,1433449
SLA,20080602,0.37,0.395,0.365,0.37,687650
SLF,20080602,15.25,15.25,14.7,14.9,30589
SLM,20080602,3.6,3.68,3.44,3.5,79349
SLR,20080602,0.39,0.395,0.38,0.395,180262
SLT,20080602,0.015,0.015,0.013,0.013,110000
SLV,20080602,2.4,2.4,2.32,2.32,42575
SLX,20080602,7.16,7.25,7.06,7.16,110430
SMC,20080602,0.053,0.053,0.049,0.049,1526686
SMD,20080602,0.3,0.3,0.3,0.3,1670
SML,20080602,0.029,0.029,0.028,0.028,625000
SMM,20080602,2.87,2.87,2.87,2.87,1472
SMN,20080602,0.065,0.07,0.06,0.07,104327
SMX,20080602,5,5,4.82,4.84,79257
SMY,20080602,4.82,4.82,4.61,4.64,921145
SMZ,20080602,0.095,0.095,0.095,0.095,29000
SND,20080602,0.62,0.62,0.62,0.62,79683
SNL,20080602,0.39,0.39,0.39,0.39,2000
SNU,20080602,0.15,0.155,0.145,0.145,374112
SOE,20080602,0.185,0.185,0.18,0.18,406050
SOI,20080602,0.4,0.4,0.37,0.38,26000
SOL,20080602,10.2,10.59,9.9,10.12,49833
SOM,20080602,0.02,0.02,0.02,0.02,591406
SOO,20080602,0.058,0.058,0.052,0.052,115833
SOT,20080602,0.26,0.265,0.255,0.265,102500
SPH,20080602,3.68,3.68,3.4,3.45,62961
SPI,20080602,0.265,0.265,0.25,0.25,114000
SPL,20080602,0.33,0.35,0.33,0.35,57000
SPN,20080602,1.23,1.25,1.195,1.24,1831983
SPQ,20080602,0.15,0.15,0.15,0.15,68720
SPT,20080602,3.15,3.15,2.93,2.98,275870
SRH,20080602,2.3,2.3,2.25,2.25,19833
SRI,20080602,0.078,0.081,0.078,0.081,329500
SRK,20080602,2.4,2.43,2.1,2.35,1782874
SRL,20080602,7.78,7.82,7.64,7.7,1397237
SRM,20080602,0.185,0.19,0.185,0.19,22500
SRR,20080602,0.115,0.115,0.105,0.105,84800
SRV,20080602,4.04,4.1,4.04,4.04,574
SRZ,20080602,0.26,0.315,0.26,0.295,830670
SSC,20080602,0.021,0.022,0.02,0.022,1615450
SSI,20080602,1,1,1,1,2000
SSM,20080602,1.23,1.255,1.23,1.24,141327
SSN,20080602,0.16,0.175,0.16,0.175,128455
SST,20080602,11.5,12,11.5,12,2539
STB,20080602,0.31,0.325,0.3,0.315,2696392
STE,20080602,0.083,0.083,0.082,0.082,40000
STG,20080602,0.31,0.32,0.3,0.3,78000
STI,20080602,0.06,0.06,0.059,0.059,13825
STO,20080602,21.38,22.27,21.34,21.77,6020871
STS,20080602,2.7,2.7,2.68,2.68,10222
STU,20080602,1.3,1.32,1.295,1.31,96088
STW,20080602,55.6,55.8,54.8,55.56,146728
STX,20080602,0.37,0.375,0.345,0.375,538400
SUL,20080602,3.06,3.1,3.06,3.09,52452
SUN,20080602,14.65,14.91,14.23,14.3,4618325
SUR,20080602,0.092,0.095,0.09,0.09,129960
SVC,20080602,0.19,0.21,0.185,0.21,29249
SVL,20080602,0.115,0.115,0.11,0.11,61600
SWG,20080602,0.009,0.009,0.009,0.009,250000
SWK,20080602,1.18,1.18,1.165,1.18,441778
SWN,20080602,0.24,0.24,0.24,0.24,2112
SXE,20080602,1.26,1.28,1.26,1.28,58650
SXP,20080602,0.535,0.6,0.535,0.585,1130710
SYG,20080602,0.009,0.011,0.009,0.009,3226254
SYL,20080602,4.2,4.2,4.2,4.2,1500
SYM,20080602,0.41,0.41,0.4,0.405,106801
SYN,20080602,0.29,0.29,0.29,0.29,3000
SYR,20080602,0.12,0.13,0.12,0.125,128260
TAH,20080602,11.25,11.25,10.86,10.96,1118679
TAL,20080602,2.95,2.99,2.84,2.86,514401
TAM,20080602,0.079,0.081,0.078,0.081,1554053
TAN,20080602,0.21,0.21,0.195,0.2,31600
TAP,20080602,1.98,2.02,1.93,2.01,359764
TAS,20080602,0.115,0.135,0.115,0.115,273241
TBG,20080602,1.69,1.76,1.655,1.76,86385
TCL,20080602,5.85,5.85,5.67,5.73,3993194
TCM,20080602,1.1,1.21,1.1,1.21,372636
TCQ,20080602,1.175,1.19,1.17,1.17,94573
TDO,20080602,0.265,0.285,0.265,0.275,111000
TEL,20080602,3.29,3.29,3.15,3.24,1391477
TEN,20080602,2.1,2.13,2.03,2.12,1317975
TEO,20080602,0.125,0.125,0.125,0.125,4088
TEX,20080602,0.165,0.165,0.165,0.165,325171
TEY,20080602,0.49,0.49,0.48,0.48,36000
TFC,20080602,1.15,1.15,1.11,1.12,163851
TFS,20080602,0.185,0.19,0.185,0.185,66400
TGF,20080602,0.415,0.43,0.415,0.42,139247
TGG,20080602,1.025,1.04,1.01,1.01,123031
TGP,20080602,1.2,1.2,1.15,1.165,35416
TGR,20080602,3.11,3.22,3.11,3.12,147524
TGS,20080602,0.5,0.5,0.5,0.5,1901
THG,20080602,0.885,0.885,0.86,0.86,46652
THO,20080602,0.89,0.89,0.89,0.89,25000
THR,20080602,0.15,0.155,0.145,0.15,548788
THX,20080602,0.525,0.57,0.525,0.55,991684
TIM,20080602,1.01,1.02,0.995,1,315347
TIS,20080602,0.11,0.13,0.11,0.13,85400
TJN,20080602,0.86,0.86,0.86,0.86,20000
TKG,20080602,0.32,0.32,0.32,0.32,2800
TKL,20080602,0.16,0.16,0.16,0.16,10000
TLM,20080602,0.65,0.68,0.65,0.68,102397
TLS,20080602,4.75,4.81,4.74,4.79,43578973
TLZ,20080602,0.155,0.155,0.155,0.155,49999
TMM,20080602,1.97,1.97,1.97,1.97,10000
TMR,20080602,0.105,0.115,0.105,0.11,5393838
TMX,20080602,0.081,0.085,0.08,0.08,402300
TNC,20080602,0.027,0.029,0.027,0.028,640000
TNE,20080602,0.935,0.935,0.915,0.925,290707
TNL,20080602,0.31,0.31,0.31,0.31,50000
TOE,20080602,0.38,0.385,0.37,0.375,380001
TOL,20080602,7.54,7.55,7.28,7.35,2848826
TOX,20080602,1.88,1.88,1.835,1.87,34295
TPC,20080602,0.14,0.14,0.14,0.14,100000
TPI,20080602,8.13,8.15,8,8.11,308040
TPL,20080602,0.018,0.02,0.018,0.02,250000
TPX,20080602,5.39,5.4,5.39,5.4,3000
TQH,20080602,0.205,0.205,0.205,0.205,3500
TRF,20080602,0.97,1,0.97,0.98,24570
TRG,20080602,11.4,11.5,11.4,11.4,8130
TRH,20080602,0.175,0.175,0.175,0.175,200000
TRO,20080602,0.845,0.845,0.845,0.845,5000
TRS,20080602,10.35,10.5,10.26,10.48,16597
TRU,20080602,10.7,10.7,10.7,10.7,1000
TRY,20080602,2.32,2.37,2.29,2.37,55676
TSE,20080602,9.35,9.4,9.27,9.3,487064
TSF,20080602,0.16,0.16,0.12,0.12,109000
TSH,20080602,0.26,0.26,0.26,0.26,30000
TSI,20080602,1.44,1.44,1.41,1.41,91683
TSO,20080602,1.55,1.575,1.505,1.57,654778
TSV,20080602,0.037,0.039,0.036,0.039,2708894
TTI,20080602,0.088,0.091,0.088,0.091,189000
TTR,20080602,0.09,0.09,0.08,0.08,578045
TTS,20080602,2.63,2.64,2.56,2.6,3677328
TTV,20080602,0.075,0.075,0.075,0.075,40000
TTY,20080602,0.9,0.9,0.855,0.87,596386
TUC,20080602,0.17,0.17,0.155,0.155,34999
TWO,20080602,1.44,1.45,1.36,1.4,184900
TWR,20080602,1.77,1.78,1.77,1.78,32682
TWT,20080602,0.25,0.25,0.25,0.25,4000
TXN,20080602,0.63,0.63,0.615,0.625,270899
TZL,20080602,4.9,4.99,4.8,4.8,117287
TZN,20080602,3.56,3.56,3.42,3.43,76875
UBI,20080602,0.93,0.95,0.93,0.95,63250
UCL,20080602,0.016,0.016,0.016,0.016,529693
UCW,20080602,0.39,0.4,0.39,0.4,9000
UEQ,20080602,0.215,0.235,0.215,0.215,395250
UGL,20080602,13.25,13.28,13,13.11,418538
UKL,20080602,0.355,0.355,0.355,0.355,120000
UMC,20080602,2,2.09,2,2.03,524256
UMS,20080602,0.86,0.885,0.86,0.885,15671
UNI,20080602,0.275,0.275,0.265,0.27,495759
UNO,20080602,0.14,0.15,0.14,0.15,15000
UNX,20080602,0.505,0.505,0.48,0.48,151115
UOG,20080602,0.13,0.13,0.12,0.125,239733
URA,20080602,0.24,0.24,0.23,0.24,30700
URL,20080602,0.076,0.078,0.075,0.078,970730
URM,20080602,0.15,0.155,0.15,0.155,544494
USA,20080602,0.15,0.15,0.145,0.145,6281
UTO,20080602,0.25,0.3,0.25,0.3,310185
UXA,20080602,0.18,0.185,0.18,0.185,546000
UXC,20080602,1.3,1.325,1.29,1.295,238387
VBA,20080602,0.68,0.68,0.64,0.645,1065552
VCN,20080602,0.37,0.37,0.36,0.365,598182
VCR,20080602,0.34,0.35,0.34,0.35,667683
VEC,20080602,0.255,0.3,0.255,0.3,1317800
VGH,20080602,1.99,1.995,1.94,1.995,91606
VGP,20080602,0.037,0.037,0.034,0.034,178900
VHL,20080602,0.031,0.032,0.03,0.031,255580
VIR,20080602,0.705,0.71,0.69,0.69,40915
VLA,20080602,0.07,0.07,0.07,0.07,7500
VMG,20080602,1.79,1.805,1.755,1.795,130879
VML,20080602,0.59,0.59,0.59,0.59,7000
VMS,20080602,0.4,0.4,0.4,0.4,30000
VMT,20080602,0.105,0.105,0.1,0.105,64500
VNS,20080602,0.46,0.47,0.46,0.47,8100
VPE,20080602,0.28,0.31,0.28,0.3,2411616
VPG,20080602,1.01,1.01,0.94,0.98,4973009
VRL,20080602,2.57,2.61,2.55,2.6,38816
VSC,20080602,0.185,0.185,0.185,0.185,1262
VTG,20080602,0.53,0.53,0.53,0.53,2900
VTP,20080602,1.12,1.12,1.115,1.115,22000
WAB,20080602,0.38,0.38,0.365,0.365,20000
WAG,20080602,0.032,0.035,0.032,0.035,6541408
WAM,20080602,1.31,1.33,1.31,1.33,16914
WAN,20080602,9.45,9.5,9.29,9.36,580360
WAS,20080602,0.031,0.032,0.03,0.03,2460000
WBA,20080602,1.38,1.38,1.35,1.36,47258
WBB,20080602,10.55,10.55,10.5,10.5,1500
WBC,20080602,23.29,23.35,22.54,22.67,7182612
WCB,20080602,4.5,4.5,4.4,4.4,109550
WCL,20080602,0.73,0.755,0.7,0.755,79637
WCN,20080602,0.165,0.19,0.165,0.17,333833
WCP,20080602,0.078,0.078,0.075,0.075,38000
WDC,20080602,17.02,17.07,16.69,16.9,13124624
WDR,20080602,0.195,0.195,0.18,0.185,74332
WDS,20080602,2.86,2.93,2.83,2.9,365125
WEB,20080602,1.4,1.4,1.36,1.36,35499
WEC,20080602,3.25,3.61,3.23,3.23,408905
WES,20080602,37.66,38.21,36.75,38.21,2999189
WGP,20080602,0.095,0.095,0.092,0.092,180041
WHC,20080602,4.06,4.32,4,4.12,726798
WHE,20080602,0.87,0.875,0.82,0.85,206503
WHG,20080602,1.24,1.24,1.23,1.23,227095
WHN,20080602,0.14,0.14,0.13,0.14,250000
WHS,20080602,4,4,4,4,2000
WIG,20080602,1.8,1.8,1.8,1.8,28794
WIL,20080602,0.81,0.815,0.795,0.795,85880
WKR,20080602,0.11,0.12,0.11,0.12,51970
WLF,20080602,1.35,1.35,1.35,1.35,13334
WME,20080602,0.33,0.345,0.315,0.345,2088471
WMT,20080602,0.091,0.091,0.088,0.09,4742473
WOR,20080602,37.69,39.45,37.4,39.23,1169966
WOW,20080602,27.6,27.98,27.15,27.91,1691270
WPG,20080602,1.55,1.6,1.48,1.59,342615
WPL,20080602,65.47,66.96,64.91,65.97,979954
WRK,20080602,0.53,0.54,0.505,0.51,144004
WRL,20080602,0.14,0.14,0.14,0.14,10000
WRR,20080602,0.009,0.013,0.008,0.013,4989693
WSA,20080602,10.07,10.3,10.06,10.23,1049053
WTF,20080602,4,4,3.9,3.92,152287
WTP,20080602,2.27,2.3,2.21,2.25,213782
WVL,20080602,2.94,3,2.92,2.98,126862
WWA,20080602,2.36,2.38,2.35,2.35,12224
WWI,20080602,0.2,0.2,0.2,0.2,100000
WWM,20080602,0.091,0.1,0.091,0.1,148835
WWW,20080602,0.21,0.21,0.2,0.2,11200
WYL,20080602,1.4,1.4,1.38,1.385,122230
XAF,20080602,5522.2,5522.2,5522.2,5522.2,0
XAO,20080602,5774,5800.5,5721.4,5781.2,0
XAT,20080602,567090,567090,567090,567090,0
XCD,20080602,0.1,0.1,0.1,0.1,100000
XDJ,20080602,1910.9,1911.4,1866.8,1883.3,0
XEJ,20080602,19610,20139.6,19605,20035.5,0
XFJ,20080602,5247.1,5250.6,5096.4,5150.7,0
XFL,20080602,5535.9,5548,5459.3,5529.1,0
XGD,20080602,5690.1,5690.1,5690.1,5690.1,0
XHJ,20080602,9384.6,9451.9,9152.2,9280.3,0
XIJ,20080602,548.3,555.8,543.5,551.4,0
XJO,20080602,5671.9,5681.5,5595.5,5662.3,0
XKO,20080602,5682.4,5691.7,5606.4,5670.7,0
XMD,20080602,5551,5565.2,5478.8,5532.9,0
XMJ,20080602,16060.5,16336.9,15890.8,16313.9,0
XMM,20080602,5766.9,5766.9,5766.9,5766.9,0
XNJ,20080602,5117.7,5140.2,5062.4,5090.6,0
XPJ,20080602,1612.9,1615.2,1569.2,1596.9,0
XRF,20080602,0.1,0.1,0.09,0.09,50000
XSJ,20080602,7861.8,7861.9,7646.3,7825.3,0
XSO,20080602,3466.8,3470.3,3428.4,3444.6,0
XST,20080602,0.12,0.13,0.12,0.13,47655
XTE,20080602,1.7,1.7,1.7,1.7,2037
XTJ,20080602,1645.4,1660.1,1642.4,1655.2,0
XTL,20080602,3154.8,3158.9,3107.9,3148.2,0
XTO,20080602,4575.8,4584.8,4513.3,4569,0
XUJ,20080602,6027.1,6047.9,5898.8,5954.6,0
XXJ,20080602,5563.8,5567,5398.9,5450.1,0
YRR,20080602,0.165,0.165,0.165,0.165,41000
YTC,20080602,1.15,1.18,1.15,1.18,41238
ZDX,20080602,0.17,0.17,0.16,0.16,120000
ZFX,20080602,9.54,9.65,9.47,9.53,3187608
ZGL,20080602,0.255,0.26,0.255,0.255,140300
ZGM,20080602,0.205,0.205,0.18,0.185,378342
ZIM,20080602,14.26,14.26,14.25,14.25,4378
ZMG,20080602,0.06,0.07,0.06,0.07,281011
ZNC,20080602,0.15,0.15,0.125,0.125,136415
ZRL,20080602,0.245,0.25,0.245,0.25,55150
ZYL,20080602,0.065,0.066,0.062,0.062,1351500
