AAC,20081219,1.615,1.71,1.52,1.68,871432
AAH,20081219,0.8,0.82,0.8,0.82,571618
AAO,20081219,0.027,0.027,0.025,0.025,50000
AAQ,20081219,0.17,0.17,0.165,0.165,25000
AAR,20081219,0.022,0.026,0.022,0.025,691240
AAX,20081219,2.49,2.49,2.33,2.39,564922
ABB,20081219,6.75,7,6.63,7,388478
ABC,20081219,1.95,1.965,1.85,1.91,762345
ABJ,20081219,0.015,0.016,0.015,0.016,270000
ABP,20081219,0.185,0.185,0.15,0.15,10478273
ABQ,20081219,0.2,0.2,0.2,0.2,141635
ABU,20081219,0.011,0.012,0.011,0.012,202500
ABV,20081219,0.011,0.011,0.011,0.011,400000
ABW,20081219,6.05,6.05,6.05,6.05,947
ABY,20081219,0.135,0.135,0.12,0.12,493589
ACB,20081219,0.1,0.1,0.084,0.084,140000
ACE,20081219,0.06,0.06,0.055,0.06,296000
ACL,20081219,0.14,0.14,0.12,0.12,811407
ACR,20081219,0.495,0.495,0.47,0.475,14150
ACU,20081219,0.029,0.03,0.029,0.03,70000
ADA,20081219,0.38,0.38,0.38,0.38,50000
ADE,20081219,0.05,0.05,0.05,0.05,288662
ADI,20081219,0.086,0.086,0.086,0.086,1500
ADL,20081219,0.01,0.015,0.01,0.015,253000
ADU,20081219,0.18,0.18,0.18,0.18,110000
ADX,20081219,0.035,0.035,0.031,0.031,556050
ADY,20081219,0.011,0.011,0.01,0.01,18920343
AED,20081219,1.06,1.06,1,1.02,235172
AEE,20081219,0.185,0.185,0.185,0.185,6229
AEF,20081219,25,25,25,25,29
AEO,20081219,1.3,1.3,1.215,1.275,53342
AEP,20081219,1.5,1.53,1.5,1.53,225322
AEU,20081219,0.275,0.285,0.26,0.26,329980
AEZ,20081219,0.065,0.065,0.053,0.053,1709448
AFI,20081219,4,4.13,3.99,4.05,225134
AGF,20081219,0.83,0.85,0.83,0.85,33516
AGG,20081219,7.35,7.79,7.25,7.25,213349
AGK,20081219,15.2,15.8,14.84,15.68,1822651
AGO,20081219,0.8,0.83,0.78,0.8,2488558
AGS,20081219,0.36,0.365,0.34,0.365,284496
AHD,20081219,4.4,4.5,4.4,4.5,1741
AHE,20081219,0.5,0.5,0.485,0.485,170941
AIA,20081219,1.45,1.45,1.45,1.45,500
AIE,20081219,0.045,0.045,0.045,0.045,8066
AIO,20081219,1.32,1.41,1.285,1.35,6529959
AIX,20081219,1.75,1.84,1.69,1.75,497522
AIZ,20081219,0.75,0.76,0.75,0.76,3500
AJL,20081219,4.19,4.2,4.09,4.1,101104
AKF,20081219,0.2,0.21,0.2,0.21,7137
AKK,20081219,0.05,0.05,0.049,0.049,62500
ALB,20081219,0.079,0.08,0.078,0.08,682387
ALD,20081219,0.315,0.34,0.315,0.34,51671
ALK,20081219,0.145,0.145,0.145,0.145,6000
ALL,20081219,3.8,3.86,3.71,3.82,1624209
ALR,20081219,1.06,1.06,1.06,1.06,12000
ALS,20081219,2.2,2.31,2.19,2.26,585418
ALT,20081219,0.048,0.049,0.045,0.045,490925
ALZ,20081219,0.255,0.26,0.215,0.22,13625878
AMC,20081219,5.79,5.79,5.58,5.58,3648129
AMM,20081219,0.1,0.1,0.1,0.1,75000
AMP,20081219,5.25,5.45,5.16,5.45,17208791
AMT,20081219,0.35,0.35,0.35,0.35,5000
AMU,20081219,0.32,0.32,0.3,0.3,136329
AND,20081219,0.7,0.9,0.69,0.79,930140
ANG,20081219,1.1,1.115,1.1,1.115,10750
ANH,20081219,0.06,0.06,0.06,0.06,75320
ANM,20081219,0.016,0.016,0.016,0.016,65033
ANN,20081219,12.56,12.57,12.03,12.29,2306417
ANZ,20081219,14.15,14.64,14.02,14.64,20218228
AOD,20081219,1.22,1.23,1.22,1.22,90248
AOE,20081219,2.15,2.22,2.08,2.19,4472218
AOK,20081219,0.075,0.075,0.071,0.071,620000
AOM,20081219,0.005,0.005,0.005,0.005,599539
AON,20081219,0.175,0.195,0.175,0.195,55000
APA,20081219,2.82,2.99,2.75,2.91,921130
APD,20081219,0.21,0.21,0.21,0.21,200271
APG,20081219,0.048,0.048,0.043,0.043,300666
APH,20081219,0.2,0.2,0.19,0.19,30513
API,20081219,0.415,0.415,0.39,0.4,130065
APK,20081219,0.16,0.16,0.15,0.15,286499
APN,20081219,2.44,2.62,2.39,2.59,1164897
APZ,20081219,0.44,0.445,0.42,0.42,2315794
AQA,20081219,3.03,3.39,3.03,3.32,243673
AQD,20081219,0.1,0.1,0.1,0.1,100000
AQL,20081219,0.015,0.015,0.015,0.015,100000
AQP,20081219,3.34,3.72,3.25,3.72,2889489
ARA,20081219,0.19,0.2,0.17,0.2,131541
ARE,20081219,0.045,0.045,0.045,0.045,60000
ARG,20081219,5.15,5.36,5.13,5.21,120802
ARH,20081219,0.32,0.35,0.32,0.345,41500
ARJ,20081219,0.65,0.65,0.65,0.65,15000
ARO,20081219,0.004,0.004,0.004,0.004,1085000
ARP,20081219,2.79,2.8,2.75,2.75,60849
ARR,20081219,0.025,0.025,0.025,0.025,47100
ARU,20081219,0.27,0.28,0.265,0.28,34500
ARW,20081219,0.009,0.009,0.009,0.009,441000
ARX,20081219,0.02,0.02,0.02,0.02,143144
ASB,20081219,1.96,1.985,1.905,1.91,167120
ASL,20081219,0.95,0.96,0.93,0.93,163682
ASW,20081219,0.25,0.25,0.25,0.25,50000
ASX,20081219,32.9,32.92,32.25,32.49,816756
ASZ,20081219,0.48,0.48,0.45,0.45,418159
ATP,20081219,0.2,0.2,0.18,0.18,32000
ATQ,20081219,0.1,0.1,0.1,0.1,7121
ATR,20081219,1.585,1.585,1.565,1.565,14000
AUB,20081219,3.61,3.7,3.6,3.65,36038
AUF,20081219,0.89,0.89,0.87,0.87,27500
AUI,20081219,5.35,5.35,5.35,5.35,3320
AUN,20081219,0.64,0.72,0.6,0.71,1899047
AUW,20081219,0.85,0.895,0.845,0.865,1237852
AVA,20081219,0.091,0.092,0.09,0.09,256500
AVE,20081219,0.975,0.975,0.96,0.96,13551
AVG,20081219,0.4,0.415,0.4,0.415,410390
AVH,20081219,0.036,0.036,0.036,0.036,2084
AVJ,20081219,0.39,0.42,0.39,0.39,61000
AVM,20081219,1,1.05,1,1.05,2500
AVO,20081219,1.6,1.6,1.53,1.6,581082
AVX,20081219,0.1,0.105,0.099,0.105,630094
AVZ,20081219,0.04,0.04,0.04,0.04,100000
AWB,20081219,2.44,2.45,2.34,2.43,4296092
AWC,20081219,1.29,1.35,1.25,1.34,6226944
AWE,20081219,2.5,2.52,2.36,2.37,1461887
AWL,20081219,0.003,0.003,0.003,0.003,1279891
AXA,20081219,4.37,4.52,4.28,4.43,3065021
AXM,20081219,0.38,0.38,0.36,0.38,964540
AXO,20081219,0.07,0.083,0.07,0.08,523018
AXT,20081219,0.03,0.03,0.03,0.03,100000
AYF,20081219,5.81,5.81,5.8,5.8,1625
AYT,20081219,1.25,1.25,1.24,1.24,24500
AZC,20081219,0.038,0.038,0.037,0.037,125000
AZS,20081219,0.085,0.095,0.085,0.09,69479
AZZ,20081219,0.06,0.06,0.06,0.06,27000
BAU,20081219,0.18,0.18,0.18,0.18,5389
BBC,20081219,0.13,0.13,0.12,0.12,1356853
BBG,20081219,7.34,7.35,7.08,7.22,376522
BBI,20081219,0.076,0.076,0.067,0.067,9769484
BBP,20081219,0.052,0.056,0.052,0.052,1879031
BBW,20081219,0.95,0.98,0.895,0.895,45982629
BCD,20081219,0.13,0.135,0.13,0.13,216378
BCI,20081219,0.23,0.23,0.225,0.225,40000
BCM,20081219,1.03,1.095,1.03,1.05,162864
BDG,20081219,0.17,0.17,0.155,0.155,848371
BDI,20081219,0.011,0.011,0.011,0.011,100000
BDL,20081219,0.042,0.042,0.039,0.04,1997250
BEC,20081219,0.09,0.092,0.09,0.09,230484
BEL,20081219,0.25,0.25,0.25,0.25,10000
BEN,20081219,11.25,12.3,11.1,12.23,598705
BGD,20081219,0.089,0.089,0.085,0.085,15000
BGL,20081219,0.046,0.046,0.046,0.046,38000
BHP,20081219,29.83,30.25,29.14,29.92,32713280
BIS,20081219,0.24,0.25,0.24,0.25,52200
BIT,20081219,0.12,0.12,0.12,0.12,5000
BJT,20081219,0.325,0.325,0.295,0.3,9877827
BKI,20081219,0.95,0.95,0.95,0.95,39800
BKL,20081219,12.75,13,12.5,12.55,8970
BKN,20081219,2.69,3.01,2.68,3.01,2432830
BKW,20081219,9.02,9.42,9.02,9.42,2390
BKY,20081219,0.28,0.28,0.255,0.255,27071
BLD,20081219,4.33,4.58,4.16,4.45,3475384
BLG,20081219,0.175,0.175,0.17,0.17,99739
BLR,20081219,0.021,0.024,0.021,0.023,4945149
BLT,20081219,0.04,0.04,0.04,0.04,24500
BLY,20081219,0.22,0.22,0.195,0.2,9091149
BMN,20081219,0.8,0.8,0.75,0.78,451883
BNB,20081219,0.155,0.16,0.15,0.16,2514098
BNO,20081219,0.22,0.22,0.22,0.22,15000
BOC,20081219,0.545,0.56,0.545,0.56,62110
BOL,20081219,0.67,0.75,0.67,0.71,97875
BOQ,20081219,9.74,10.26,9.5,10.26,402775
BOS,20081219,0.01,0.01,0.01,0.01,15000
BOW,20081219,0.235,0.25,0.235,0.25,1382482
BPT,20081219,0.86,0.885,0.86,0.87,7065092
BRG,20081219,0.56,0.56,0.56,0.56,39076
BRM,20081219,0.495,0.52,0.485,0.52,457007
BRU,20081219,0.17,0.17,0.165,0.17,643008
BRW,20081219,0.037,0.037,0.037,0.037,335001
BSL,20081219,3.08,3.34,3.08,3.34,16136026
BSM,20081219,0.135,0.135,0.12,0.12,117020
BSR,20081219,0.041,0.041,0.041,0.041,334000
BTA,20081219,0.365,0.365,0.325,0.33,106965
BTR,20081219,0.075,0.075,0.07,0.07,513000
BTT,20081219,1.89,1.91,1.875,1.91,29807
BTV,20081219,0.069,0.069,0.068,0.068,160747
BUL,20081219,0.095,0.095,0.094,0.094,143500
BUY,20081219,0.025,0.025,0.018,0.025,625000
BVA,20081219,0.225,0.235,0.18,0.18,377632
BVE,20081219,0.049,0.05,0.049,0.05,30000
BWN,20081219,0.11,0.115,0.11,0.115,4500
BWP,20081219,1.8,1.8,1.67,1.67,504141
BXB,20081219,7.15,7.16,6.92,7.1,7971391
BYL,20081219,0.18,0.18,0.16,0.16,333000
BZI,20081219,0.007,0.007,0.007,0.007,171300
CAB,20081219,5.56,5.84,5.55,5.79,430156
CAH,20081219,0.025,0.025,0.024,0.024,115000
CAL,20081219,0.815,0.815,0.815,0.815,700
CAP,20081219,0.035,0.035,0.035,0.035,23949
CAQ,20081219,0.095,0.095,0.095,0.095,10500
CAV,20081219,0.075,0.075,0.075,0.075,10000
CAZ,20081219,0.175,0.175,0.15,0.15,48100
CBA,20081219,26.51,27.8,26.3,27.8,15330126
CBD,20081219,0.055,0.056,0.055,0.056,113000
CBH,20081219,0.032,0.032,0.03,0.031,241480
CCD,20081219,0.25,0.25,0.25,0.25,12500
CCF,20081219,0.17,0.17,0.17,0.17,10058
CCL,20081219,8.5,8.77,8.42,8.77,1768671
CCP,20081219,0.47,0.47,0.47,0.47,740
CCQ,20081219,0.265,0.265,0.265,0.265,34000
CCV,20081219,0.26,0.26,0.255,0.255,169126
CCY,20081219,0.03,0.03,0.03,0.03,200000
CDD,20081219,3.15,3.21,3.12,3.21,18206
CDI,20081219,0.555,0.555,0.52,0.54,1215501
CDP,20081219,3.55,3.6,3.55,3.6,3855
CDU,20081219,1.65,1.79,1.62,1.79,111034
CEC,20081219,0.09,0.09,0.09,0.09,45000
CEG,20081219,0.18,0.19,0.18,0.19,31384
CER,20081219,0.07,0.073,0.05,0.05,36579516
CEU,20081219,0.515,0.53,0.49,0.49,16094305
CEY,20081219,2.5,2.83,2.41,2.83,2584431
CFE,20081219,0.22,0.23,0.215,0.22,429739
CFR,20081219,0.004,0.004,0.004,0.004,182081
CFX,20081219,1.91,1.95,1.865,1.925,14931912
CGF,20081219,1.45,1.535,1.43,1.49,1231288
CGG,20081219,0.115,0.115,0.105,0.105,165907
CGT,20081219,0.036,0.036,0.036,0.036,30000
CGX,20081219,1.15,1.2,1.15,1.2,11000
CHB,20081219,19.5,19.5,19.5,19.5,118
CHC,20081219,0.29,0.29,0.265,0.27,947570
CHN,20081219,0.08,0.08,0.075,0.075,22124
CHO,20081219,4,4,4,4,3545
CIG,20081219,0.016,0.016,0.016,0.016,300000
CIL,20081219,1.15,1.15,1.15,1.15,20000
CIR,20081219,0.58,0.58,0.58,0.58,4100
CIX,20081219,0.34,0.355,0.34,0.355,144550
CIY,20081219,0.069,0.07,0.066,0.066,173607
CKP,20081219,0.9,0.9,0.9,0.9,24580
CKT,20081219,0.3,0.32,0.275,0.275,636611
CLH,20081219,0.41,0.41,0.41,0.41,48500
CLO,20081219,0.27,0.275,0.245,0.265,130247
CLQ,20081219,0.345,0.345,0.345,0.345,30000
CLU,20081219,0.026,0.026,0.026,0.026,8000
CLV,20081219,0.18,0.18,0.17,0.17,33178
CLY,20081219,0.055,0.055,0.055,0.055,49602
CMI,20081219,0.52,0.52,0.52,0.52,2000
CMJ,20081219,1.88,1.95,1.875,1.91,978531
CMR,20081219,0.15,0.165,0.145,0.165,162074
CMV,20081219,0.13,0.13,0.12,0.12,53547
CMW,20081219,0.64,0.64,0.625,0.63,167468
CMY,20081219,0.045,0.05,0.045,0.05,93000
CND,20081219,0.39,0.39,0.34,0.34,173559
CNF,20081219,0.058,0.058,0.058,0.058,19000
CNH,20081219,0.076,0.076,0.076,0.076,3000
CNM,20081219,0.115,0.115,0.11,0.11,124600
CNP,20081219,0.088,0.092,0.08,0.08,10561413
CNT,20081219,0.935,0.95,0.935,0.95,150005
CNX,20081219,0.235,0.245,0.23,0.235,658352
COE,20081219,0.25,0.25,0.24,0.24,180389
COF,20081219,1.585,1.66,1.55,1.62,131142
COH,20081219,50.86,53.48,50.31,53.4,143212
COI,20081219,0.035,0.035,0.035,0.035,75363
COK,20081219,0.27,0.295,0.255,0.295,157504
COU,20081219,1,1.02,1,1,28858
COY,20081219,0.02,0.02,0.02,0.02,11300
COZ,20081219,0.24,0.245,0.235,0.245,120908
CPA,20081219,1.09,1.2,1.09,1.125,8210821
CPB,20081219,17,17,16.78,16.85,72345
CPK,20081219,0.017,0.017,0.014,0.014,79015
CPN,20081219,0.1,0.1,0.085,0.085,69000
CPR,20081219,0.115,0.115,0.11,0.11,182000
CPU,20081219,6.9,7.5,6.82,7.34,1591801
CQT,20081219,0.195,0.195,0.19,0.19,8723
CRC,20081219,0.105,0.105,0.1,0.1,112885
CRE,20081219,0.087,0.09,0.087,0.09,89000
CRG,20081219,8.75,9.14,8.51,8.95,143308
CRJ,20081219,0.032,0.032,0.032,0.032,40000
CRT,20081219,0.35,0.37,0.35,0.37,37500
CSL,20081219,30.36,32.08,30.19,31.75,3227455
CSR,20081219,1.575,1.755,1.575,1.67,11416163
CSS,20081219,0.34,0.34,0.32,0.34,211528
CST,20081219,1.68,1.8,1.67,1.75,42161
CSV,20081219,0.47,0.47,0.47,0.47,5000
CSW,20081219,0.985,0.985,0.985,0.985,300000
CTN,20081219,0.59,0.6,0.57,0.6,76296
CTO,20081219,0.265,0.27,0.25,0.265,1359963
CTP,20081219,0.086,0.086,0.081,0.086,144000
CTX,20081219,7,7.25,6.86,7.14,985925
CUE,20081219,0.105,0.105,0.105,0.105,21000
CUR,20081219,0.4,0.4,0.4,0.4,1566
CUS,20081219,1.15,1.15,1.145,1.15,16892
CUV,20081219,0.195,0.195,0.19,0.195,142574
CUX,20081219,0.063,0.065,0.063,0.065,20000
CUY,20081219,0.29,0.29,0.29,0.29,4333
CVB,20081219,0.04,0.04,0.04,0.04,34214
CVI,20081219,0.011,0.012,0.011,0.011,1889000
CVN,20081219,0.27,0.285,0.265,0.28,1156179
CVS,20081219,0.023,0.023,0.023,0.023,100000
CWK,20081219,0.1,0.1,0.097,0.099,193004
CWN,20081219,5.46,5.96,5.46,5.75,5030109
CWP,20081219,0.93,0.94,0.93,0.93,61000
CWT,20081219,0.35,0.35,0.33,0.33,287275
CXC,20081219,1.6,1.6,1.49,1.505,190272
CXG,20081219,0.25,0.25,0.25,0.25,60000
CXH,20081219,0.2,0.2,0.2,0.2,50000
CXM,20081219,0.24,0.245,0.23,0.23,481568
CXP,20081219,4.1,4.22,4.01,4.1,265910
CXS,20081219,0.48,0.5,0.48,0.495,9554
CXY,20081219,0.049,0.051,0.049,0.05,401577
CYG,20081219,1.2,1.2,1.2,1.2,3500
CYS,20081219,0.065,0.065,0.065,0.065,4000
CZA,20081219,0.815,0.815,0.78,0.79,24964
CZP,20081219,0.043,0.043,0.04,0.04,78410
DEX,20081219,0.48,0.53,0.48,0.52,135858
DGR,20081219,0.034,0.034,0.034,0.034,150000
DIA,20081219,0.011,0.011,0.011,0.011,60000
DIO,20081219,0.375,0.39,0.335,0.365,472726
DJS,20081219,2.92,3.02,2.91,3.01,4172334
DJW,20081219,3.4,3.49,3.4,3.45,25656
DLS,20081219,0.024,0.024,0.024,0.024,100000
DMG,20081219,0.09,0.1,0.09,0.1,119481
DML,20081219,0.13,0.135,0.125,0.125,127923
DMP,20081219,2.7,2.72,2.64,2.64,13534
DMX,20081219,0.12,0.12,0.12,0.12,15000
DOM,20081219,3.4,3.57,3.35,3.57,261770
DOW,20081219,3.56,3.67,3.44,3.58,1721788
DRA,20081219,0.023,0.025,0.023,0.025,366752
DTL,20081219,4.7,4.7,4.7,4.7,2000
DUE,20081219,1.78,1.785,1.725,1.725,2653151
DVN,20081219,0.58,0.59,0.56,0.57,34794
DWS,20081219,0.58,0.63,0.575,0.6,175792
DXS,20081219,0.85,0.865,0.82,0.83,36029283
DYE,20081219,0.76,0.76,0.745,0.75,43500
DYL,20081219,0.115,0.115,0.11,0.115,169316
EBB,20081219,0.061,0.061,0.06,0.06,840716
EBI,20081219,0.815,0.815,0.8,0.8,178893
ECU,20081219,0.14,0.14,0.14,0.14,59000
EDS,20081219,0.06,0.06,0.06,0.06,25000
EER,20081219,0.16,0.16,0.16,0.16,38530
EGO,20081219,0.005,0.006,0.005,0.005,1621315
EHL,20081219,0.3,0.3,0.225,0.275,7677336
EKA,20081219,0.04,0.04,0.04,0.04,26000
ELI,20081219,0.55,0.55,0.55,0.55,22250
ELK,20081219,0.17,0.17,0.155,0.155,89000
ELM,20081219,0.033,0.033,0.031,0.031,320500
ELX,20081219,0.09,0.095,0.09,0.095,163500
EMA,20081219,0.175,0.18,0.175,0.175,76258
EME,20081219,0.38,0.38,0.34,0.34,11000
EMR,20081219,0.052,0.052,0.05,0.05,30000
EMU,20081219,0.048,0.06,0.048,0.06,331010
ENE,20081219,2.25,2.3,2.25,2.3,15897
ENL,20081219,0.09,0.09,0.09,0.09,5556
ENV,20081219,0.31,0.31,0.29,0.3,1199805
EON,20081219,0.4,0.4,0.4,0.4,150000
EOS,20081219,0.36,0.36,0.36,0.36,17000
EPF,20081219,0.083,0.083,0.083,0.083,99017
EPG,20081219,0.16,0.16,0.16,0.16,13000
EPR,20081219,0.03,0.03,0.028,0.028,587658
EPY,20081219,0.012,0.012,0.012,0.012,200000
EQN,20081219,1.48,1.48,1.36,1.4,1302219
ERA,20081219,19.01,19.35,16.74,16.8,538542
ERG,20081219,0.006,0.006,0.006,0.006,3400675
ERH,20081219,0.1,0.105,0.1,0.1,116347
ERJ,20081219,0.007,0.007,0.007,0.007,500000
ESG,20081219,0.45,0.46,0.435,0.45,1329933
ESI,20081219,0.034,0.034,0.029,0.029,318799
ESN,20081219,0.003,0.003,0.003,0.003,50000
ESS,20081219,0.29,0.29,0.29,0.29,17300
ESV,20081219,0.455,0.5,0.455,0.5,9912
ETC,20081219,0.265,0.265,0.26,0.26,109500
EUG,20081219,0.07,0.07,0.07,0.07,100000
EVM,20081219,0.064,0.064,0.064,0.064,57000
EWC,20081219,0.23,0.235,0.21,0.22,2500973
EXE,20081219,0.03,0.03,0.03,0.03,20000
EXM,20081219,0.006,0.007,0.006,0.007,4053000
EXR,20081219,0.032,0.034,0.03,0.034,417920
EXS,20081219,0.068,0.068,0.068,0.068,184358
EXT,20081219,1.155,1.16,1.115,1.115,187026
EZL,20081219,0.68,0.68,0.62,0.625,33231
FAN,20081219,1.71,1.71,1.71,1.71,2000
FAR,20081219,0.028,0.029,0.028,0.029,503713
FAS,20081219,0.035,0.035,0.035,0.035,20000
FBU,20081219,5.01,5.12,5,5,84192
FCL,20081219,0.64,0.64,0.57,0.595,5818286
FCN,20081219,0.06,0.06,0.06,0.06,10000
FCP,20081219,0.006,0.006,0.006,0.006,207143
FDY,20081219,0.07,0.07,0.07,0.07,40000
FEA,20081219,0.27,0.27,0.27,0.27,19128
FER,20081219,0.175,0.175,0.16,0.16,96010
FGE,20081219,0.195,0.195,0.18,0.18,14645
FGL,20081219,5.42,5.42,5.16,5.31,8513007
FIS,20081219,0.051,0.115,0.051,0.115,265000
FKP,20081219,0.56,0.575,0.4,0.4,4833777
FLK,20081219,0.48,0.48,0.48,0.48,15000
FLT,20081219,9.5,9.53,7.8,8,274199
FLX,20081219,8,8.09,7.7,7.84,732301
FMG,20081219,2.24,2.34,2.14,2.16,10766491
FML,20081219,0.024,0.024,0.021,0.021,792683
FMS,20081219,0.044,0.05,0.044,0.047,13783743
FPA,20081219,1.08,1.08,1.08,1.08,1298
FPH,20081219,2.44,2.52,2.44,2.51,178183
FPS,20081219,1.28,1.28,1.27,1.27,1000
FRE,20081219,0.033,0.035,0.033,0.035,230000
FRI,20081219,0.63,0.63,0.63,0.63,11000
FRR,20081219,0.12,0.12,0.12,0.12,7500
FRS,20081219,0.15,0.175,0.15,0.17,101415
FSA,20081219,0.195,0.195,0.19,0.19,47866
FSE,20081219,0.011,0.012,0.011,0.012,119030
FSN,20081219,0.385,0.385,0.36,0.37,128000
FTE,20081219,0.05,0.052,0.05,0.05,426800
FUN,20081219,0.17,0.18,0.17,0.18,14884
FWD,20081219,3.59,3.59,3.45,3.45,147290
FXI,20081219,0.65,0.65,0.65,0.65,30000
FXJ,20081219,1.49,1.585,1.48,1.55,7379779
FXL,20081219,0.245,0.245,0.235,0.24,144212
FXR,20081219,0.105,0.11,0.098,0.098,79850
GBE,20081219,0.11,0.11,0.085,0.085,153500
GBG,20081219,0.53,0.64,0.525,0.64,15743200
GBI,20081219,0.24,0.24,0.22,0.24,38000
GBT,20081219,0.63,0.63,0.63,0.63,4000
GBZ,20081219,0.04,0.04,0.04,0.04,13750
GCL,20081219,2.72,2.72,2.51,2.6,799151
GCR,20081219,0.01,0.012,0.01,0.012,1183069
GCS,20081219,0.42,0.43,0.4,0.43,78500
GDA,20081219,0.008,0.011,0.008,0.01,3526000
GDN,20081219,0.075,0.08,0.074,0.074,1605619
GDR,20081219,0.032,0.032,0.032,0.032,33333
GDY,20081219,1.09,1.15,1.075,1.075,339599
GFE,20081219,0.085,0.085,0.085,0.085,19853
GFF,20081219,1.13,1.15,1.05,1.11,10212195
GGG,20081219,0.26,0.26,0.26,0.26,62500
GGP,20081219,0.16,0.16,0.16,0.16,8200
GGY,20081219,0.04,0.04,0.037,0.037,130000
GHT,20081219,0.51,0.51,0.51,0.51,7672
GIR,20081219,0.3,0.34,0.3,0.32,207094
GJT,20081219,0.055,0.057,0.054,0.054,557864
GLH,20081219,0.03,0.03,0.03,0.03,825256
GLI,20081219,0.057,0.057,0.05,0.052,348120
GLM,20081219,0.045,0.045,0.045,0.045,11116
GME,20081219,0.081,0.09,0.057,0.057,149700
GMG,20081219,0.655,0.67,0.615,0.665,28095583
GMI,20081219,0.675,0.675,0.655,0.67,394183
GMX,20081219,0.92,0.92,0.87,0.87,2429
GNC,20081219,5.8,5.83,5.41,5.55,11702
GNM,20081219,0.35,0.35,0.3,0.3,398481
GNS,20081219,0.98,0.98,0.9,0.915,1551979
GPG,20081219,0.8,0.8,0.79,0.8,378459
GPM,20081219,0.145,0.145,0.14,0.14,337000
GPN,20081219,0.005,0.005,0.005,0.005,100000
GPT,20081219,0.94,0.98,0.89,0.925,423764822
GRD,20081219,0.3,0.3,0.255,0.28,650025
GRK,20081219,0.046,0.05,0.043,0.05,45650
GRR,20081219,0.365,0.455,0.365,0.395,38935
GRY,20081219,0.07,0.07,0.07,0.07,100000
GTG,20081219,0.039,0.039,0.039,0.039,5000
GTP,20081219,0.245,0.25,0.185,0.185,7774565
GUD,20081219,5.2,5.2,4.96,5.05,89854
GUN,20081219,0.058,0.066,0.058,0.066,175000
GWR,20081219,0.27,0.28,0.21,0.25,146890
GWT,20081219,2.76,2.82,2.68,2.73,464803
GXL,20081219,0.51,0.51,0.5,0.5,37660
GXY,20081219,0.37,0.395,0.355,0.365,234300
HAV,20081219,0.33,0.36,0.33,0.335,27450
HAW,20081219,0.008,0.008,0.008,0.008,62500
HDF,20081219,2.17,2.29,2.14,2.18,395874
HDN,20081219,0.093,0.093,0.093,0.093,30000
HEG,20081219,0.115,0.125,0.115,0.125,670735
HER,20081219,0.125,0.125,0.1,0.1,120903
HFA,20081219,0.096,0.1,0.096,0.099,799751
HGG,20081219,1.155,1.24,1.155,1.22,1175508
HGO,20081219,0.099,0.1,0.098,0.098,62350
HHL,20081219,3.9,3.9,3.8,3.9,3528
HHV,20081219,0.53,0.535,0.525,0.535,323733
HHY,20081219,1.02,1.05,1,1,204224
HIG,20081219,0.05,0.05,0.048,0.049,135400
HIL,20081219,3,3.13,2.99,3.05,128615
HIP,20081219,1.21,1.21,1.21,1.21,5800
HJB,20081219,0.03,0.03,0.03,0.03,20000
HLD,20081219,0.12,0.12,0.12,0.12,25000
HLG,20081219,0.265,0.28,0.25,0.28,135500
HMC,20081219,0.041,0.041,0.04,0.04,228100
HRR,20081219,0.145,0.145,0.145,0.145,10700
HSK,20081219,0.66,0.66,0.66,0.66,31118
HSP,20081219,3.95,4.12,3.89,4.08,538503
HST,20081219,1.21,1.32,1.195,1.305,785923
HTA,20081219,0.092,0.093,0.087,0.087,373025
HTE,20081219,0.03,0.03,0.027,0.027,480000
HTI,20081219,0.03,0.03,0.03,0.03,35000
HVN,20081219,2.33,2.46,2.32,2.46,2905456
HXL,20081219,0.38,0.38,0.38,0.38,33320
HZN,20081219,0.12,0.13,0.115,0.13,701715
IAA,20081219,39.63,39.63,39.63,39.63,378
IAG,20081219,4.09,4.09,3.9,3.9,9629191
IAU,20081219,0.18,0.195,0.175,0.175,831745
IBA,20081219,0.59,0.64,0.59,0.64,2194555
IBK,20081219,38.2,38.51,38.2,38.51,806
ICN,20081219,0.13,0.13,0.125,0.13,416413
ICP,20081219,0.028,0.029,0.028,0.029,1073000
ICS,20081219,0.16,0.16,0.14,0.14,45929
IDL,20081219,0.16,0.165,0.15,0.155,970653
IDO,20081219,0.22,0.22,0.22,0.22,86000
IDT,20081219,1.605,1.67,1.55,1.67,50971
IEF,20081219,0.265,0.265,0.235,0.235,103317
IEM,20081219,37.32,38.38,37.32,38.38,1664
IEU,20081219,44.83,45.5,44.83,45.5,1600
IFC,20081219,0.07,0.07,0.07,0.07,5000
IFL,20081219,3.21,3.27,3,3.11,55031
IFM,20081219,0.29,0.29,0.28,0.29,95785
IGC,20081219,0.305,0.315,0.28,0.295,458496
IGO,20081219,1.72,1.73,1.58,1.61,357664
IGR,20081219,0.16,0.17,0.155,0.17,435341
IHF,20081219,0.7,0.7,0.66,0.66,32200
IHK,20081219,15.65,16.15,15.62,16.15,3928
IIF,20081219,0.16,0.17,0.15,0.15,5012036
IIN,20081219,1.2,1.2,1.19,1.2,13000
IJP,20081219,13.56,13.56,13.51,13.51,2002
IKO,20081219,42.97,43.44,42.97,43.44,2004
ILF,20081219,0.057,0.062,0.051,0.051,497708
ILU,20081219,4.45,4.53,4.28,4.53,4833886
IMA,20081219,0.39,0.39,0.39,0.39,8300
IMC,20081219,0.046,0.046,0.046,0.046,15125
IMD,20081219,0.285,0.295,0.27,0.275,351489
IMF,20081219,0.76,0.78,0.76,0.78,50690
IMI,20081219,0.002,0.002,0.001,0.002,5370000
IMP,20081219,0.006,0.006,0.006,0.006,200000
INE,20081219,0.34,0.34,0.33,0.33,28700
INL,20081219,0.021,0.021,0.021,0.021,105000
INP,20081219,0.175,0.175,0.17,0.175,38112
INT,20081219,0.006,0.007,0.006,0.007,980000
IOF,20081219,0.77,0.835,0.745,0.83,15388652
IOH,20081219,0.12,0.12,0.11,0.11,50000
IOO,20081219,75.54,75.6,75,75,5447
IPA,20081219,0.066,0.066,0.065,0.065,10000
IPL,20081219,2.5,2.57,2.45,2.45,9656222
IPM,20081219,0.9,0.905,0.9,0.9,117305
IPT,20081219,0.05,0.05,0.05,0.05,50000
IPX,20081219,0.09,0.09,0.09,0.09,15000
IRC,20081219,0.135,0.135,0.13,0.13,51245
IRD,20081219,0.076,0.08,0.076,0.08,95510
IRE,20081219,4.56,4.74,4.41,4.6,328463
IRI,20081219,0.28,0.28,0.28,0.28,40000
IRL,20081219,0.019,0.019,0.019,0.019,5000
IRN,20081219,0.305,0.31,0.295,0.295,1368265
IRU,20081219,70.18,70.3,70.17,70.3,505
ISG,20081219,10.65,10.65,10.65,10.65,2002
ISK,20081219,0.35,0.35,0.34,0.34,80101
ITC,20081219,0.029,0.029,0.029,0.029,85000
ITD,20081219,0.12,0.12,0.12,0.12,48000
ITE,20081219,0.021,0.021,0.021,0.021,9525
ITS,20081219,0.21,0.21,0.2,0.2,50000
ITT,20081219,0.03,0.03,0.03,0.03,111362
ITW,20081219,12.2,12.23,12.2,12.23,2726
IVA,20081219,0.26,0.3,0.26,0.29,109617
IVC,20081219,4.85,4.86,4.75,4.78,411071
IVV,20081219,130.6,130.6,130,130,1696
IXR,20081219,0.2,0.2,0.2,0.2,93100
IZZ,20081219,44.58,46,44.58,45.8,2933
JAT,20081219,0.028,0.028,0.028,0.028,25000
JBH,20081219,8.7,8.79,8.52,8.59,733187
JET,20081219,0.65,0.65,0.65,0.65,1000
JGL,20081219,0.125,0.125,0.125,0.125,4000
JHX,20081219,4.1,4.42,4.01,4.34,2692779
JML,20081219,0.12,0.125,0.115,0.115,508535
JMS,20081219,0.065,0.066,0.065,0.065,60000
JPR,20081219,0.013,0.013,0.012,0.012,272049
JRL,20081219,0.33,0.33,0.33,0.33,6000
JRV,20081219,0.006,0.006,0.006,0.006,5139678
JVG,20081219,0.055,0.055,0.05,0.05,100000
KAL,20081219,0.019,0.023,0.019,0.023,844000
KAM,20081219,0.145,0.145,0.1,0.145,122520
KAR,20081219,3,3.17,2.97,3.15,4022918
KAS,20081219,0.03,0.03,0.03,0.03,10000
KAT,20081219,0.42,0.42,0.42,0.42,7777
KBC,20081219,0.16,0.16,0.15,0.155,430534
KCN,20081219,2.85,2.9,2.71,2.8,296161
KEN,20081219,0.13,0.13,0.13,0.13,20000
KEY,20081219,0.08,0.081,0.08,0.081,214000
KIK,20081219,0.047,0.049,0.047,0.049,400000
KIL,20081219,0.51,0.515,0.5,0.515,36572
KIS,20081219,0.1,0.1,0.1,0.1,39809
KKT,20081219,0.038,0.038,0.035,0.035,200000
KLM,20081219,0.18,0.18,0.15,0.15,172407
KMN,20081219,0.082,0.09,0.082,0.09,209434
KOR,20081219,0.045,0.045,0.045,0.045,47000
KSC,20081219,2.48,2.48,2.48,2.48,2610
KTE,20081219,0.026,0.026,0.026,0.026,17087
KYC,20081219,0.185,0.19,0.185,0.19,47700
KZL,20081219,0.35,0.355,0.335,0.34,1776257
LAT,20081219,0.011,0.011,0.011,0.011,100000
LBY,20081219,0.06,0.06,0.06,0.06,7989
LCM,20081219,0.5,0.5,0.5,0.5,100
LCT,20081219,0.1,0.1,0.091,0.091,185156
LEG,20081219,0.008,0.01,0.008,0.01,985000
LEI,20081219,27,27,24.78,25.09,938318
LEP,20081219,1.955,2.09,1.95,2.09,236063
LGD,20081219,0.084,0.084,0.084,0.084,10470
LGL,20081219,2.61,2.83,2.59,2.8,33545990
LGO,20081219,0.011,0.011,0.011,0.011,55000
LIO,20081219,0.05,0.05,0.05,0.05,900
LKE,20081219,0.08,0.08,0.08,0.08,50000
LKO,20081219,0.004,0.004,0.004,0.004,7890937
LLC,20081219,6.8,6.97,6.8,6.9,1655467
LMC,20081219,3.2,3.2,3.2,3.2,579
LMG,20081219,0.003,0.003,0.003,0.003,520000
LML,20081219,0.11,0.11,0.1,0.1,15000
LMP,20081219,0.062,0.062,0.06,0.06,100000
LNC,20081219,1.99,1.99,1.89,1.9,635662
LNG,20081219,0.65,0.65,0.6,0.64,228667
LNN,20081219,7.64,7.65,7.36,7.51,2176692
LOD,20081219,0.018,0.018,0.016,0.016,66841
LOM,20081219,0.03,0.03,0.03,0.03,120000
LPM,20081219,0.06,0.06,0.06,0.06,60000
LRF,20081219,0.32,0.33,0.32,0.33,84117
LRL,20081219,0.08,0.08,0.08,0.08,38000
LSR,20081219,0.026,0.026,0.026,0.026,9718
LST,20081219,0.7,0.76,0.7,0.725,334480
LTR,20081219,0.012,0.012,0.011,0.011,122666
LYC,20081219,0.32,0.325,0.31,0.32,1507217
LYL,20081219,1.45,1.45,1.4,1.4,173450
MAE,20081219,0.245,0.26,0.235,0.26,551587
MAH,20081219,0.42,0.43,0.35,0.35,5403620
MAK,20081219,0.465,0.485,0.46,0.48,349236
MAN,20081219,0.003,0.003,0.003,0.003,15000
MAP,20081219,2.21,2.29,2.16,2.29,6930006
MAR,20081219,0.056,0.08,0.056,0.08,11901
MAU,20081219,0.017,0.02,0.017,0.02,54505
MBA,20081219,0.03,0.03,0.03,0.03,21000
MBN,20081219,0.845,0.95,0.81,0.945,182883
MBP,20081219,0.026,0.026,0.025,0.026,723211
MBT,20081219,0.25,0.25,0.25,0.25,169700
MCC,20081219,2.75,2.98,2.71,2.77,2103176
MCG,20081219,0.86,0.9,0.84,0.86,1569249
MCK,20081219,0.16,0.16,0.15,0.15,34711
MCO,20081219,0.11,0.12,0.1,0.12,384740
MCP,20081219,0.515,0.53,0.465,0.52,29805
MCR,20081219,0.555,0.575,0.545,0.555,1332939
MCU,20081219,0.45,0.45,0.41,0.45,317425
MCW,20081219,0.26,0.265,0.215,0.22,31460731
MDA,20081219,0.17,0.17,0.17,0.17,10000
MDL,20081219,0.69,0.71,0.65,0.7,1600069
MDS,20081219,0.031,0.031,0.031,0.031,20000
MDT,20081219,0.047,0.047,0.039,0.039,5352858
MDV,20081219,0.006,0.006,0.006,0.006,105000
MDX,20081219,0.22,0.24,0.22,0.24,73761
MEL,20081219,0.38,0.4,0.36,0.36,681526
MEO,20081219,0.14,0.145,0.135,0.135,862429
MEP,20081219,0.19,0.19,0.175,0.175,57500
MES,20081219,0.06,0.06,0.06,0.06,13300
MET,20081219,0.06,0.06,0.06,0.06,20000
MEU,20081219,0.036,0.038,0.036,0.038,53600
MFC,20081219,0.07,0.07,0.07,0.07,89328
MFF,20081219,0.56,0.56,0.555,0.555,96919
MFG,20081219,0.425,0.43,0.425,0.43,22700
MFI,20081219,0.008,0.008,0.008,0.008,426000
MGO,20081219,0.085,0.085,0.08,0.08,52600
MGR,20081219,1.24,1.26,1.21,1.24,12174842
MGX,20081219,0.37,0.45,0.35,0.405,46913725
MGY,20081219,0.03,0.03,0.03,0.03,50000
MHL,20081219,0.004,0.005,0.004,0.004,2443333
MIG,20081219,1.58,1.585,1.555,1.565,11418585
MIK,20081219,0.08,0.08,0.075,0.075,357500
MIN,20081219,1.7,2,1.7,2,411582
MIR,20081219,1.27,1.3,1.26,1.265,68265
MIT,20081219,1.03,1.03,1.03,1.03,8198
MIX,20081219,0.155,0.155,0.15,0.15,74500
MLB,20081219,1.85,1.9,1.815,1.9,121484
MLE,20081219,0.93,0.96,0.895,0.92,312393
MLI,20081219,0.032,0.033,0.029,0.031,12498377
MLM,20081219,0.215,0.215,0.215,0.215,50000
MLT,20081219,14.6,14.6,14.4,14.5,17562
MLX,20081219,0.085,0.086,0.075,0.085,1625222
MMA,20081219,0.395,0.395,0.39,0.395,38548
MMB,20081219,0.23,0.23,0.23,0.23,25000
MMG,20081219,0.8,0.82,0.765,0.8,562558
MML,20081219,0.62,0.62,0.62,0.62,6950
MMS,20081219,1.8,1.9,1.8,1.9,56735
MMX,20081219,0.595,0.595,0.575,0.575,581593
MMY,20081219,0.1,0.1,0.1,0.1,10000
MND,20081219,6.49,6.51,6.3,6.46,102582
MNL,20081219,0.255,0.255,0.25,0.25,40000
MNM,20081219,0.052,0.053,0.052,0.053,24000
MOC,20081219,0.74,0.74,0.735,0.735,6691
MOF,20081219,0.26,0.35,0.245,0.35,45326824
MOL,20081219,0.25,0.265,0.245,0.245,125208
MOS,20081219,0.07,0.07,0.068,0.068,327745
MOX,20081219,0.04,0.04,0.04,0.04,250000
MPF,20081219,0.084,0.1,0.084,0.093,216024
MPO,20081219,0.74,0.74,0.69,0.7,207067
MPS,20081219,0.11,0.12,0.1,0.11,875014
MQG,20081219,27.23,28.8,26.94,28.57,3270543
MRE,20081219,0.295,0.3,0.285,0.29,2596040
MRM,20081219,1.07,1.08,1.03,1.05,170549
MRO,20081219,0.08,0.08,0.08,0.08,87857
MRU,20081219,0.66,0.7,0.66,0.7,64500
MRZ,20081219,0.35,0.35,0.34,0.34,211824
MSB,20081219,0.82,0.85,0.82,0.85,136560
MSC,20081219,0.008,0.008,0.007,0.008,5063271
MSF,20081219,1.905,1.905,1.905,1.905,20000
MSH,20081219,0.05,0.05,0.05,0.05,135000
MSL,20081219,0.84,0.84,0.83,0.83,15850
MST,20081219,0.039,0.095,0.039,0.075,968058
MTI,20081219,0.007,0.007,0.007,0.007,800000
MTN,20081219,0.305,0.335,0.305,0.315,92969
MTS,20081219,4.3,4.3,4.17,4.3,3235245
MTU,20081219,0.515,0.515,0.515,0.515,3200
MUE,20081219,0.21,0.21,0.195,0.2,40000
MUM,20081219,0.02,0.02,0.02,0.02,10000
MUN,20081219,0.13,0.13,0.125,0.13,149331
MWE,20081219,0.034,0.035,0.034,0.035,210000
MWG,20081219,1.1,1.1,1.07,1.1,20545
MXI,20081219,0.32,0.32,0.3,0.31,32349
MXR,20081219,0.041,0.042,0.041,0.042,17000
MYO,20081219,1.09,1.095,1.085,1.095,319312
NAB,20081219,19.62,20.15,19.16,20,18480343
NAD,20081219,0.014,0.014,0.014,0.014,1279995
NAM,20081219,0.35,0.35,0.35,0.35,20260
NAN,20081219,0.2,0.2,0.195,0.2,17650
NAV,20081219,0.18,0.18,0.16,0.175,268980
NBL,20081219,0.97,0.97,0.97,0.97,3894
NCM,20081219,30.88,33.81,30.01,33.5,7359372
NDO,20081219,0.088,0.09,0.083,0.085,4731413
NEC,20081219,0.42,0.44,0.42,0.44,124400
NEM,20081219,5.55,5.55,5.45,5.51,183610
NEU,20081219,0.059,0.059,0.05,0.05,81600
NFE,20081219,0.785,0.84,0.785,0.84,149615
NFK,20081219,0.19,0.2,0.165,0.19,552130
NFL,20081219,0.045,0.045,0.045,0.045,10000
NGE,20081219,0.062,0.062,0.06,0.06,97600
NGF,20081219,0.094,0.095,0.094,0.095,61000
NHC,20081219,3.14,3.24,3.11,3.16,537609
NHF,20081219,0.775,0.775,0.775,0.775,33202
NKP,20081219,0.12,0.12,0.12,0.12,505000
NLB,20081219,0.57,0.57,0.57,0.57,15000
NLG,20081219,0.007,0.007,0.006,0.006,350000
NLX,20081219,0.1,0.1,0.081,0.081,125266
NME,20081219,0.1,0.1,0.1,0.1,4000
NMS,20081219,0.295,0.295,0.285,0.285,119270
NOD,20081219,0.36,0.36,0.34,0.36,87026
NQM,20081219,0.17,0.18,0.17,0.18,150000
NRT,20081219,0.7,0.715,0.7,0.715,5000
NSL,20081219,0.009,0.009,0.009,0.009,200000
NTC,20081219,0.12,0.12,0.12,0.12,89701
NUF,20081219,9.5,9.66,9.3,9.45,330709
NUP,20081219,0.049,0.049,0.049,0.049,10783
NVT,20081219,2.27,2.29,2.23,2.27,76355
NWE,20081219,0.051,0.051,0.046,0.046,501000
NWH,20081219,0.17,0.17,0.15,0.15,2776984
NWR,20081219,0.025,0.025,0.025,0.025,13500
NWS,20081219,12.99,13.1,12.73,12.99,4934550
NWT,20081219,0.002,0.003,0.002,0.002,29790000
NXS,20081219,0.445,0.46,0.43,0.455,1493963
NZO,20081219,1.08,1.08,1.075,1.08,361789
OAK,20081219,0.45,0.45,0.42,0.43,135650
ODY,20081219,0.075,0.075,0.075,0.075,56000
OEC,20081219,0.036,0.036,0.036,0.036,32352
OEL,20081219,0.1,0.11,0.092,0.11,929030
OFG,20081219,0.5,0.5,0.5,0.5,4200
OGC,20081219,0.22,0.22,0.18,0.195,664953
OIF,20081219,0.2,0.205,0.195,0.195,100000
OIL,20081219,0.057,0.057,0.057,0.057,30000
OIP,20081219,0.046,0.046,0.044,0.044,287000
OKN,20081219,1.22,1.26,1.12,1.205,245521
OKU,20081219,0.025,0.025,0.025,0.025,20000
OLE,20081219,0.002,0.002,0.002,0.002,500000
OMH,20081219,1.02,1.12,1.02,1.07,1237578
ONT,20081219,2.5,2.5,2.5,2.5,3500
OOH,20081219,0.11,0.14,0.11,0.14,17500
ORD,20081219,0.04,0.04,0.035,0.035,555968
ORE,20081219,0.2,0.2,0.19,0.2,40000
ORG,20081219,15.97,16.13,15.68,15.87,3973767
ORH,20081219,0.065,0.065,0.055,0.055,3619100
ORI,20081219,15.15,15.15,14.24,14.5,1539826
ORP,20081219,0.012,0.018,0.012,0.018,350000
OSH,20081219,4.4,4.4,4.12,4.19,12900443
OST,20081219,2.21,2.22,2.11,2.15,3598549
OUM,20081219,0.045,0.045,0.045,0.045,97
OZG,20081219,0.1,0.1,0.1,0.1,2000
PAG,20081219,1.1,1.12,1.085,1.1,119603
PAN,20081219,0.83,0.83,0.8,0.815,325650
PAX,20081219,0.077,0.077,0.077,0.077,5279
PBA,20081219,0.45,0.45,0.4,0.4,62007
PBD,20081219,0.18,0.185,0.18,0.18,88500
PBG,20081219,0.39,0.39,0.36,0.365,3239546
PBP,20081219,1.4,1.4,1.4,1.4,150000
PBT,20081219,0.35,0.35,0.35,0.35,130500
PDN,20081219,2.43,2.43,2.27,2.39,6659290
PDZ,20081219,0.07,0.08,0.07,0.08,115415
PEA,20081219,0.235,0.24,0.235,0.24,57292
PEM,20081219,0.195,0.195,0.17,0.18,1749470
PEN,20081219,0.015,0.015,0.014,0.014,452497
PEO,20081219,0.041,0.041,0.041,0.041,173700
PES,20081219,3,3.02,2.92,2.98,276425
PEV,20081219,0.028,0.028,0.028,0.028,300000
PFG,20081219,0.16,0.16,0.16,0.16,5000
PFL,20081219,0.79,0.815,0.78,0.815,42233
PGA,20081219,1.25,1.295,1.17,1.21,45013
PGL,20081219,0.905,0.91,0.9,0.9,45500
PHI,20081219,1.2,1.2,1.2,1.2,4000
PIE,20081219,0.009,0.009,0.009,0.009,34500
PIM,20081219,0.1,0.1,0.1,0.1,9269
PLA,20081219,0.445,0.455,0.435,0.44,527807
PLI,20081219,0.3,0.3,0.3,0.3,5000
PLT,20081219,0.195,0.195,0.18,0.18,587589
PLV,20081219,0.25,0.25,0.25,0.25,55000
PMC,20081219,1.14,1.16,1.12,1.16,185847
PME,20081219,0.9,0.91,0.9,0.91,6227
PMP,20081219,0.495,0.52,0.49,0.495,597926
PMV,20081219,3.75,3.77,3.59,3.62,126126
PNA,20081219,0.095,0.097,0.09,0.092,14015029
PNN,20081219,0.24,0.25,0.235,0.25,18374
PNO,20081219,0.003,0.003,0.003,0.003,3150000
PNX,20081219,0.069,0.069,0.069,0.069,50000
POH,20081219,0.063,0.07,0.062,0.07,566854
POL,20081219,0.09,0.09,0.09,0.09,10000
POS,20081219,0.3,0.33,0.3,0.32,380937
POZ,20081219,0.37,0.37,0.36,0.37,68570
PPC,20081219,1.49,1.49,1.48,1.49,228179
PPG,20081219,0.17,0.17,0.17,0.17,3500
PPI,20081219,0.235,0.24,0.22,0.235,8726
PPP,20081219,0.29,0.295,0.28,0.29,25696969
PPT,20081219,31.32,34.62,30.52,34.62,112321
PPX,20081219,0.895,0.905,0.72,0.72,6209238
PPY,20081219,0.54,0.54,0.54,0.54,7822
PRC,20081219,0.76,0.76,0.76,0.76,11677
PRE,20081219,0.005,0.005,0.005,0.005,3095999
PRG,20081219,2.71,2.73,2.68,2.73,371118
PRO,20081219,0.345,0.345,0.345,0.345,12000
PRT,20081219,1.09,1.09,1.09,1.09,19037
PRU,20081219,0.38,0.385,0.345,0.365,111085
PRV,20081219,0.52,0.525,0.52,0.525,113624
PRW,20081219,0.046,0.046,0.04,0.04,161200
PRY,20081219,4.44,4.62,4.39,4.55,1804972
PSA,20081219,0.19,0.19,0.175,0.175,333857
PSH,20081219,1.16,1.16,1.13,1.13,12172
PTM,20081219,3.5,3.5,3.3,3.44,265232
PTN,20081219,0.1,0.1,0.09,0.09,749000
PTR,20081219,0.325,0.325,0.325,0.325,55300
PTS,20081219,0.086,0.086,0.086,0.086,8000
PVE,20081219,1.1,1.1,1.1,1.1,10000
PXS,20081219,1.17,1.29,1.11,1.29,152735
PYC,20081219,0.04,0.04,0.04,0.04,45500
QAN,20081219,2.45,2.64,2.41,2.64,20853312
QBE,20081219,24.75,26,24.26,25.9,5099897
QED,20081219,0.01,0.01,0.01,0.01,100000
QHL,20081219,0.15,0.15,0.15,0.15,200000
QML,20081219,0.2,0.2,0.2,0.2,22000
QOL,20081219,0.009,0.009,0.009,0.009,100000
QPN,20081219,0.01,0.01,0.01,0.01,66824
QRS,20081219,0.036,0.036,0.024,0.028,3240530
QRX,20081219,0.2,0.2,0.2,0.2,75319
QTM,20081219,0.099,0.099,0.099,0.099,30000
QUR,20081219,0.01,0.011,0.01,0.011,1605788
RAT,20081219,0.011,0.011,0.01,0.01,868755
RCR,20081219,0.44,0.455,0.425,0.45,47656
RCT,20081219,1.9,2,1.9,2,6339
RCU,20081219,0.18,0.18,0.165,0.18,58261
RCY,20081219,0.155,0.17,0.15,0.15,1077674
RDF,20081219,3.1,3.42,3.09,3.32,146605
RDR,20081219,0.25,0.25,0.25,0.25,4000
REA,20081219,3.51,3.52,3.5,3.5,54497
REF,20081219,1.175,1.175,1.11,1.11,93423
RES,20081219,0.05,0.056,0.049,0.056,188000
RFE,20081219,0.21,0.21,0.21,0.21,10000
RFL,20081219,0.064,0.066,0.063,0.063,137590
RHC,20081219,9.45,9.58,9.38,9.5,385802
RHD,20081219,0.2,0.2,0.2,0.2,10000
RHG,20081219,0.135,0.135,0.135,0.135,329515
RHI,20081219,1.8,1.8,1.8,1.8,3300
RIC,20081219,0.825,0.825,0.8,0.81,1586526
RIM,20081219,0.015,0.015,0.015,0.015,72919
RIO,20081219,38.82,39.98,38.02,39.01,5925710
RIV,20081219,2.29,2.29,2.12,2.15,498122
RJT,20081219,0.01,0.01,0.009,0.009,210000
RKN,20081219,1.045,1.05,1.045,1.05,659750
RLA,20081219,0.02,0.02,0.02,0.02,500000
RLC,20081219,0.013,0.013,0.013,0.013,200000
RMD,20081219,5,5.23,5,5.22,652334
RMS,20081219,0.53,0.54,0.525,0.525,124374
RNG,20081219,0.008,0.008,0.008,0.008,285714
RNY,20081219,0.14,0.14,0.14,0.14,70000
ROC,20081219,0.61,0.61,0.545,0.55,12987319
RPC,20081219,0.012,0.012,0.012,0.012,250000
RRA,20081219,0.43,0.43,0.4,0.42,138455
RRL,20081219,0.115,0.115,0.115,0.115,100000
RRS,20081219,0.04,0.04,0.037,0.037,176700
RRT,20081219,0.006,0.007,0.006,0.007,200000
RUB,20081219,0.036,0.036,0.036,0.036,50494
RXL,20081219,0.024,0.024,0.021,0.021,181889
SAE,20081219,0.105,0.105,0.105,0.105,601000
SAI,20081219,2.36,2.4,2.36,2.39,533712
SAR,20081219,0.082,0.082,0.082,0.082,70000
SAU,20081219,0.051,0.051,0.051,0.051,38207
SAV,20081219,0.17,0.17,0.16,0.16,6000
SAY,20081219,0.205,0.21,0.2,0.21,264708
SBI,20081219,0.087,0.087,0.087,0.087,7000
SBM,20081219,0.285,0.295,0.27,0.295,6191575
SBN,20081219,0.01,0.01,0.009,0.009,1325000
SBS,20081219,0.016,0.017,0.016,0.017,437530
SDG,20081219,0.725,0.74,0.58,0.58,3099305
SDL,20081219,0.081,0.088,0.078,0.078,20168107
SDM,20081219,0.62,0.62,0.6,0.61,43201
SEA,20081219,0.082,0.082,0.08,0.081,386342
SEK,20081219,2.84,2.93,2.8,2.85,771018
SEN,20081219,0.025,0.036,0.025,0.036,529000
SEV,20081219,6.35,6.63,6.29,6.49,1008512
SEY,20081219,0.049,0.049,0.049,0.049,30000
SFH,20081219,0.22,0.265,0.215,0.24,201455
SFP,20081219,0.145,0.145,0.11,0.11,105218
SFY,20081219,35.09,35.09,34.52,35.09,10734
SGL,20081219,0.22,0.23,0.22,0.23,1763177
SGM,20081219,16.5,17.37,15.96,17,903751
SGN,20081219,0.575,0.61,0.575,0.6,72524
SGP,20081219,3.51,3.85,3.46,3.85,18454403
SGT,20081219,2.54,2.66,2.53,2.63,946666
SGX,20081219,4.2,4.35,4.05,4.16,1174063
SGY,20081219,0.034,0.034,0.034,0.034,5000
SHC,20081219,0.06,0.06,0.05,0.05,100000
SHL,20081219,13.07,13.38,13,13.25,1274992
SHV,20081219,2.4,2.4,2.36,2.4,8069
SIM,20081219,0.16,0.16,0.16,0.16,6000
SIP,20081219,1.075,1.08,1.05,1.05,1496596
SIV,20081219,1.05,1.05,1.02,1.02,3000
SKC,20081219,2.43,2.43,2.4,2.42,334531
SKE,20081219,1.48,1.48,1.415,1.45,4202
SKI,20081219,1.04,1.175,1.02,1.175,1986685
SKT,20081219,3.2,3.2,3.2,3.2,6136
SLA,20081219,0.16,0.16,0.16,0.16,10000
SLF,20081219,8.2,8.35,8.05,8.24,34316
SLM,20081219,3.1,3.3,3.08,3.29,98349
SLR,20081219,0.2,0.22,0.2,0.215,235223
SLV,20081219,0.65,0.65,0.61,0.61,32242
SLX,20081219,3.24,3.31,3.23,3.23,62369
SMA,20081219,0.012,0.012,0.012,0.012,200000
SML,20081219,0.015,0.016,0.015,0.015,184953
SMM,20081219,1.95,1.95,1.95,1.95,9400
SMN,20081219,0.008,0.01,0.008,0.01,183334
SMX,20081219,1.94,1.97,1.915,1.95,90342
SNU,20081219,0.05,0.05,0.047,0.047,106000
SNV,20081219,0.07,0.07,0.07,0.07,7200
SOE,20081219,0.1,0.1,0.1,0.1,42600
SOL,20081219,8.65,8.7,8.6,8.6,17875
SOM,20081219,0.016,0.016,0.016,0.016,440000
SOO,20081219,0.045,0.045,0.045,0.045,50000
SOT,20081219,0.135,0.135,0.135,0.135,62000
SPH,20081219,0.37,0.39,0.37,0.39,100000
SPL,20081219,0.205,0.23,0.205,0.23,5000
SPN,20081219,0.915,0.92,0.895,0.895,2447757
SPP,20081219,0.005,0.007,0.005,0.007,94120
SPT,20081219,2.36,2.62,2.36,2.52,329586
SRH,20081219,0.745,0.745,0.705,0.705,42200
SRI,20081219,0.028,0.028,0.028,0.028,128537
SRK,20081219,0.3,0.3,0.3,0.3,25000
SRL,20081219,0.89,0.945,0.855,0.945,2198255
SRR,20081219,0.045,0.045,0.045,0.045,12500
SRV,20081219,2.89,2.89,2.79,2.79,10627
SRX,20081219,1.8,1.8,1.78,1.785,135775
SSC,20081219,0.004,0.004,0.004,0.004,191234
SSM,20081219,0.695,0.745,0.68,0.69,190060
SSN,20081219,0.029,0.03,0.029,0.03,326800
SSS,20081219,0.006,0.006,0.006,0.006,2000000
STB,20081219,0.05,0.05,0.05,0.05,114075
STE,20081219,0.07,0.07,0.066,0.066,687000
STG,20081219,0.03,0.03,0.03,0.03,133000
STO,20081219,13.8,14.69,13.55,14.29,6235084
STP,20081219,1.32,1.32,1.32,1.32,2500
STU,20081219,0.45,0.45,0.435,0.435,6778
STW,20081219,33.79,34.8,33.25,34.75,132928
STX,20081219,0.125,0.125,0.125,0.125,45000
SUL,20081219,2.58,2.6,2.58,2.6,10500
SUN,20081219,7.25,8.06,7.19,8.06,6464532
SWK,20081219,0.28,0.29,0.28,0.28,32348
SXE,20081219,0.52,0.52,0.51,0.51,17000
SXG,20081219,0.064,0.064,0.064,0.064,8119
SXX,20081219,0.02,0.02,0.02,0.02,34640
SYM,20081219,0.43,0.43,0.42,0.42,73843
SYS,20081219,0.03,0.03,0.03,0.03,54551
TAH,20081219,6.46,6.78,6.38,6.39,2709154
TAL,20081219,1.965,2.39,1.96,2.25,614775
TAM,20081219,0.019,0.02,0.018,0.02,4101700
TAN,20081219,0.13,0.14,0.13,0.14,240000
TAP,20081219,0.59,0.6,0.58,0.6,165109
TAS,20081219,0.03,0.03,0.03,0.03,17000
TBG,20081219,0.58,0.58,0.58,0.58,1719
TCL,20081219,5.31,5.57,5.22,5.46,3726202
TCM,20081219,0.215,0.215,0.215,0.215,8000
TCQ,20081219,0.115,0.21,0.11,0.18,16796653
TDO,20081219,0.075,0.085,0.075,0.085,25000
TDX,20081219,0.037,0.037,0.031,0.031,314791
TEL,20081219,1.96,1.99,1.905,1.925,3374028
TEN,20081219,1,1.035,0.98,1.025,1469905
TEU,20081219,0.052,0.052,0.052,0.052,55000
TEY,20081219,0.16,0.16,0.16,0.16,6500
TFC,20081219,0.745,0.775,0.74,0.76,162195
TFS,20081219,0.185,0.185,0.16,0.16,40000
TGG,20081219,0.815,0.815,0.77,0.775,31302
TGP,20081219,0.455,0.49,0.455,0.49,37216
TGR,20081219,2.03,2.03,1.955,2,26851
TGS,20081219,0.075,0.075,0.07,0.07,450000
THG,20081219,0.425,0.45,0.4,0.4,54452
THO,20081219,0.705,0.705,0.705,0.705,25000
THR,20081219,0.017,0.017,0.017,0.017,7693
THX,20081219,0.1,0.1,0.1,0.1,10000
TIM,20081219,0.14,0.16,0.115,0.125,9668043
TIS,20081219,0.085,0.085,0.07,0.085,39000
TKG,20081219,0.062,0.062,0.061,0.061,38500
TKL,20081219,0.04,0.04,0.04,0.04,85000
TLS,20081219,3.66,3.76,3.64,3.72,58149214
TMX,20081219,0.042,0.042,0.04,0.04,80000
TNC,20081219,0.003,0.003,0.003,0.003,352500
TNE,20081219,0.77,0.785,0.77,0.785,1500
TNG,20081219,0.023,0.023,0.023,0.023,100000
TNL,20081219,0.066,0.066,0.066,0.066,100000
TOE,20081219,0.099,0.099,0.095,0.095,119000
TOL,20081219,5.8,5.89,5.74,5.84,8023316
TOX,20081219,1.14,1.185,1.11,1.185,13545
TPI,20081219,2.85,3.41,2.74,3.03,1984908
TQH,20081219,0.195,0.195,0.195,0.195,15350
TRF,20081219,0.095,0.095,0.093,0.093,30001
TRG,20081219,4.33,4.4,4.33,4.34,1800
TRO,20081219,0.051,0.051,0.051,0.051,500
TRS,20081219,9.1,9.29,9.04,9.2,99651
TRY,20081219,0.9,0.915,0.86,0.86,81884
TSE,20081219,1.65,1.745,1.63,1.745,3351197
TSH,20081219,0.1,0.1,0.1,0.1,42241
TSI,20081219,1.15,1.2,1.14,1.185,354343
TSO,20081219,0.12,0.125,0.105,0.105,2181340
TSV,20081219,0.015,0.015,0.015,0.015,1000000
TTH,20081219,0.01,0.01,0.01,0.01,400
TTS,20081219,2.67,2.75,2.65,2.71,6160654
TTY,20081219,0.092,0.11,0.092,0.11,560849
TWO,20081219,0.63,0.635,0.63,0.63,196398
TWR,20081219,1.2,1.21,1.2,1.205,298818
TXN,20081219,0.205,0.205,0.2,0.205,127000
TYS,20081219,0.09,0.09,0.09,0.09,40200
TZL,20081219,1.56,1.8,1.56,1.8,22257
TZN,20081219,0.41,0.43,0.41,0.415,154425
UBI,20081219,0.55,0.55,0.55,0.55,9500
UCL,20081219,0.005,0.005,0.004,0.005,1000180
UCM,20081219,0.3,0.3,0.3,0.3,4067
UEQ,20081219,0.058,0.058,0.057,0.057,58823
UGL,20081219,7.08,7.37,7.07,7.34,998972
UMC,20081219,0.415,0.415,0.385,0.415,110309
UMS,20081219,0.4,0.4,0.4,0.4,25000
UNO,20081219,0.085,0.085,0.085,0.085,15000
URA,20081219,0.025,0.025,0.025,0.025,50000
URL,20081219,0.017,0.017,0.017,0.017,30000
URM,20081219,0.03,0.03,0.03,0.03,51229
UTO,20081219,0.07,0.07,0.07,0.07,10000
UXC,20081219,0.54,0.545,0.54,0.545,145276
VBA,20081219,0.275,0.305,0.27,0.295,14155833
VCN,20081219,0.068,0.07,0.068,0.068,718500
VCR,20081219,0.045,0.047,0.041,0.041,596909
VGH,20081219,0.46,0.47,0.43,0.465,111300
VHL,20081219,0.029,0.029,0.029,0.029,5000
VIR,20081219,0.42,0.45,0.42,0.445,216900
VLA,20081219,0.04,0.043,0.039,0.039,250420
VMG,20081219,0.46,0.47,0.45,0.46,165800
VML,20081219,0.06,0.06,0.06,0.06,20210
VMS,20081219,0.082,0.082,0.082,0.082,21000
VPE,20081219,0.185,0.195,0.185,0.19,348485
VPG,20081219,0.041,0.043,0.038,0.038,29795897
VRL,20081219,1,1,0.99,1,4828
VTG,20081219,0.135,0.145,0.135,0.145,154167
VTP,20081219,0.72,0.74,0.72,0.74,20500
WAB,20081219,0.15,0.15,0.15,0.15,10000
WAM,20081219,0.85,0.85,0.83,0.83,12091
WAN,20081219,4.75,4.89,4.7,4.82,312175
WAT,20081219,0.54,0.54,0.54,0.54,1000
WBA,20081219,0.645,0.65,0.6,0.63,22775592
WBB,20081219,6.65,6.65,6.55,6.55,17313
WBC,20081219,15.85,17.31,15.79,17.31,32456988
WCB,20081219,3.78,3.78,3.7,3.78,6364
WCI,20081219,1.75,1.75,1.75,1.75,1000
WCL,20081219,0.35,0.35,0.35,0.35,3000
WCU,20081219,0.1,0.12,0.1,0.12,29250
WDC,20081219,13.48,13.8,12.86,12.86,13710680
WDR,20081219,0.08,0.08,0.08,0.08,85000
WDS,20081219,0.7,0.705,0.66,0.66,25971
WEB,20081219,1,1,1,1,3000
WEC,20081219,1.74,1.75,1.71,1.735,23270
WES,20081219,16.64,17.39,16.38,17.39,3646828
WFL,20081219,0.8,0.83,0.8,0.83,5530
WGR,20081219,0.17,0.19,0.17,0.19,83467
WHC,20081219,1.13,1.135,1.075,1.135,247747
WHF,20081219,2.45,2.45,2.41,2.41,30066
WHG,20081219,0.8,0.81,0.77,0.81,119991
WHN,20081219,0.025,0.025,0.025,0.025,400000
WHS,20081219,3,3,3,3,11749
WIG,20081219,0.8,0.8,0.8,0.8,1000
WIL,20081219,0.525,0.525,0.525,0.525,10000
WLL,20081219,1.56,1.56,1.56,1.56,3593
WME,20081219,0.067,0.068,0.067,0.067,1972400
WMT,20081219,0.027,0.027,0.027,0.027,665000
WOR,20081219,14.11,14.3,13.27,13.92,1222564
WOW,20081219,25.47,26.62,25.1,26.49,7503404
WPL,20081219,32.29,32.51,31.22,32.45,11979054
WRR,20081219,0.005,0.005,0.005,0.005,225500
WSA,20081219,3.25,3.29,3.03,3.16,405167
WTF,20081219,3.37,3.54,3.35,3.4,341390
WTP,20081219,1.15,1.18,1.1,1.18,421352
WVL,20081219,0.265,0.265,0.25,0.255,438727
WWA,20081219,1.82,1.82,1.82,1.82,3140
WWI,20081219,0.041,0.041,0.04,0.04,150000
WWM,20081219,0.055,0.055,0.055,0.055,33334
WYL,20081219,0.75,0.76,0.71,0.72,63083
XAF,20081219,3649.3,3649.3,3649.3,3649.3,0
XAO,20081219,3502.2,3553.2,3455.6,3547.2,0
XAT,20081219,361560,361560,361560,361560,0
XBW,20081219,342.83,342.83,342.83,342.83,0
XCD,20081219,0.06,0.06,0.06,0.06,0
XDJ,20081219,1122.1,1140.3,1108.8,1129.3,0
XEJ,20081219,12145.5,12147.8,11595.4,11794.7,0
XFJ,20081219,3393.3,3505.3,3352,3505.3,0
XFL,20081219,3600.1,3672,3554.3,3667.6,0
XGD,20081219,4691.6,4691.6,4691.6,4691.6,0
XHJ,20081219,7915.5,8144.6,7792,8084.4,0
XIJ,20081219,393.5,423.6,387.7,414.3,0
XJO,20081219,3558.2,3620.5,3509.1,3615.7,0
XKO,20081219,3540.6,3601.9,3492.4,3597.2,0
XMD,20081219,3218.8,3267.7,3164.4,3267.7,0
XMJ,20081219,8492,8594.2,8279.4,8525.1,0
XMM,20081219,2991.6,2991.6,2991.6,2991.6,0
XNJ,20081219,3174.2,3199.4,3121,3193.9,0
XPJ,20081219,894.5,919.6,884,894.4,0
XRF,20081219,0.1,0.1,0.1,0.1,0
XSJ,20081219,5834.9,6024.2,5785.5,6016.4,0
XSO,20081219,1632.4,1632.8,1595.9,1612.7,0
XST,20081219,0.03,0.03,0.03,0.03,0
XTJ,20081219,1239.3,1271.4,1239.2,1259.3,0
XTL,20081219,2124.5,2174.2,2098.2,2173.2,0
XTO,20081219,2935,2991.4,2896.5,2988.8,0
XUJ,20081219,4163.4,4307.4,4096,4260.2,0
XXJ,20081219,3718,3867.7,3668.3,3867.7,0
YRR,20081219,0.043,0.043,0.043,0.043,95000
YTC,20081219,0.14,0.14,0.14,0.14,4000
ZMG,20081219,0.012,0.014,0.012,0.014,270000
ZYL,20081219,0.032,0.032,0.03,0.03,1086000
