AAC,20090108,1.915,1.935,1.855,1.9,245013
AAH,20090108,0.825,0.825,0.825,0.825,1695
AAQ,20090108,0.15,0.15,0.14,0.145,106300
AAR,20090108,0.025,0.025,0.025,0.025,99000
AAX,20090108,2.64,2.64,2.5,2.55,453279
ABB,20090108,7.18,7.2,6.97,6.99,203097
ABC,20090108,2.13,2.15,2.03,2.08,779539
ABJ,20090108,0.018,0.018,0.018,0.018,319308
ABP,20090108,0.21,0.235,0.21,0.235,3001857
ABU,20090108,0.016,0.017,0.016,0.017,861250
ABY,20090108,0.185,0.19,0.175,0.18,2106077
ACB,20090108,0.17,0.17,0.16,0.165,21000
ACE,20090108,0.06,0.06,0.059,0.059,14000
ACL,20090108,0.17,0.17,0.145,0.15,1034183
ACR,20090108,0.48,0.48,0.48,0.48,10000
ACS,20090108,0.08,0.081,0.08,0.08,26973
ACU,20090108,0.03,0.03,0.027,0.027,158667
ADD,20090108,0.019,0.019,0.019,0.019,50000
ADI,20090108,0.12,0.12,0.12,0.12,4500
ADN,20090108,0.056,0.056,0.051,0.051,1061738
ADO,20090108,0.017,0.017,0.017,0.017,99000
ADU,20090108,0.22,0.22,0.22,0.22,50000
ADY,20090108,0.032,0.04,0.028,0.036,205309949
AEC,20090108,2.05,2.05,2.05,2.05,10150
AED,20090108,1.2,1.265,1.2,1.265,419236
AEE,20090108,0.235,0.235,0.235,0.235,6500
AEI,20090108,0.09,0.09,0.09,0.09,2000
AEM,20090108,0.005,0.005,0.005,0.005,540000
AEO,20090108,1.22,1.255,1.155,1.19,18243
AEP,20090108,1.85,1.85,1.77,1.77,25000
AEU,20090108,0.28,0.28,0.275,0.28,628721
AEX,20090108,0.006,0.006,0.005,0.005,933333
AEZ,20090108,0.064,0.065,0.059,0.06,4901868
AFA,20090108,0.089,0.089,0.089,0.089,5000
AFI,20090108,4.17,4.18,4.13,4.14,252766
AFR,20090108,0.035,0.035,0.03,0.03,390000
AGF,20090108,0.83,0.83,0.82,0.82,42860
AGG,20090108,6.8,6.8,6.8,6.8,1611
AGK,20090108,14.6,14.78,14.1,14.1,1007961
AGO,20090108,1.4,1.435,1.27,1.295,4715957
AGS,20090108,0.5,0.565,0.5,0.565,337453
AHD,20090108,4.56,4.6,4.56,4.58,7196
AHE,20090108,0.5,0.5,0.5,0.5,286681
AIA,20090108,1.42,1.42,1.42,1.42,6000
AII,20090108,0.18,0.18,0.18,0.18,10500
AIO,20090108,1.415,1.415,1.35,1.4,3220317
AIX,20090108,1.74,1.78,1.65,1.65,618977
AJL,20090108,4.57,4.6,4.47,4.51,87766
AKK,20090108,0.054,0.054,0.051,0.051,153001
ALB,20090108,0.245,0.245,0.215,0.23,1040495
ALD,20090108,0.33,0.33,0.32,0.32,241541
ALF,20090108,0.66,0.66,0.66,0.66,8967
ALK,20090108,0.185,0.185,0.185,0.185,21000
ALL,20090108,3.84,3.88,3.66,3.71,1130476
ALR,20090108,1.08,1.08,1.05,1.05,15250
ALS,20090108,3,3.05,2.96,3,170700
ALT,20090108,0.061,0.063,0.061,0.063,177500
ALZ,20090108,0.27,0.28,0.265,0.27,2063627
AMA,20090108,0.057,0.075,0.054,0.065,444634
AMB,20090108,0.15,0.15,0.15,0.15,20000
AMC,20090108,5.78,5.83,5.7,5.76,2029132
AMM,20090108,0.11,0.115,0.11,0.11,1170700
AMP,20090108,5.57,5.59,5.45,5.55,4656197
AMU,20090108,0.33,0.33,0.33,0.33,1409
AND,20090108,1.03,1.03,1.01,1.015,70733
ANG,20090108,1.1,1.1,1.05,1.08,66085
ANH,20090108,0.053,0.059,0.053,0.059,37253
ANN,20090108,11.96,11.96,11.3,11.33,890330
ANP,20090108,0.035,0.035,0.035,0.035,434288
ANZ,20090108,15.25,15.3,15,15.22,3242236
AOD,20090108,1.17,1.17,1.17,1.17,12772
AOE,20090108,2.54,2.54,2.42,2.43,2066774
AOK,20090108,0.072,0.072,0.07,0.07,50000
AOS,20090108,0.007,0.007,0.007,0.007,100000
APA,20090108,3.01,3.09,2.99,3.06,372077
APD,20090108,0.18,0.18,0.18,0.18,138900
APG,20090108,0.05,0.051,0.05,0.05,1130250
API,20090108,0.49,0.49,0.49,0.49,75000
APN,20090108,2.32,2.34,2.28,2.33,384817
APZ,20090108,0.435,0.44,0.435,0.435,261208
AQA,20090108,3.2,3.22,2.93,3.11,118275
AQD,20090108,0.13,0.13,0.125,0.125,49849
AQP,20090108,4.77,4.94,4.64,4.78,635674
ARE,20090108,0.079,0.079,0.07,0.07,109250
ARG,20090108,5.5,5.61,5.46,5.61,106471
ARH,20090108,0.46,0.49,0.46,0.49,62700
ARJ,20090108,0.77,0.77,0.76,0.76,5700
ARO,20090108,0.003,0.003,0.003,0.003,250000
ARP,20090108,2.95,3.03,2.95,3.03,35704
ARR,20090108,0.044,0.05,0.044,0.05,298689
ARU,20090108,0.38,0.38,0.335,0.36,300849
ARW,20090108,0.012,0.012,0.011,0.011,447395
ARX,20090108,0.023,0.023,0.023,0.023,33
ASB,20090108,1.95,1.98,1.9,1.93,338282
ASC,20090108,0.007,0.008,0.007,0.008,402300
ASL,20090108,1.02,1.07,0.995,1.07,54118
ASU,20090108,0.007,0.007,0.006,0.006,107000
ASW,20090108,0.275,0.275,0.255,0.255,57500
ASX,20090108,32.2,32.3,31.68,32,546477
ASZ,20090108,0.455,0.455,0.455,0.455,2658
ATI,20090108,0.01,0.021,0.01,0.016,5581947
ATN,20090108,0.006,0.006,0.006,0.006,931000
ATP,20090108,0.2,0.21,0.2,0.21,35255
ATR,20090108,1.6,1.6,1.6,1.6,500
ATV,20090108,0.057,0.06,0.057,0.06,91000
AUB,20090108,3.49,3.49,3.49,3.49,1400
AUI,20090108,5.36,5.45,5.35,5.45,6250
AUN,20090108,0.78,0.795,0.775,0.785,1143333
AUQ,20090108,0.041,0.041,0.04,0.04,25000
AUT,20090108,0.18,0.2,0.18,0.2,297500
AUW,20090108,1.12,1.15,1.04,1.1,212319
AVE,20090108,1.06,1.12,1.05,1.05,11918
AVH,20090108,0.057,0.069,0.057,0.065,317367
AVJ,20090108,0.365,0.38,0.365,0.38,11000
AVM,20090108,1.75,1.75,1.75,1.75,500
AVO,20090108,1.58,1.59,1.52,1.55,446055
AVX,20090108,0.074,0.074,0.072,0.074,601118
AWB,20090108,2.49,2.49,2.42,2.45,705706
AWC,20090108,1.535,1.595,1.5,1.575,7241202
AWE,20090108,2.65,2.74,2.56,2.6,1908468
AXA,20090108,4.96,5.11,4.96,5.07,1572196
AXI,20090108,0.042,0.042,0.042,0.042,70000
AXM,20090108,0.43,0.43,0.375,0.41,2126277
AXO,20090108,0.15,0.155,0.14,0.145,215790
AXT,20090108,0.06,0.06,0.059,0.06,118666
AYF,20090108,5.3,5.3,5.3,5.3,700
AYT,20090108,1.205,1.205,1.205,1.205,25000
AZC,20090108,0.039,0.039,0.03,0.034,366950
AZS,20090108,0.091,0.091,0.091,0.091,60000
AZZ,20090108,0.06,0.06,0.06,0.06,75000
BAR,20090108,0.046,0.047,0.045,0.045,367000
BAU,20090108,0.2,0.22,0.2,0.2,308834
BBG,20090108,8.28,8.54,8,8.3,2207184
BBI,20090108,0.115,0.13,0.11,0.12,14220854
BBP,20090108,0.11,0.11,0.098,0.1,10205122
BBW,20090108,0.99,0.99,0.885,0.895,1788975
BCD,20090108,0.145,0.145,0.14,0.14,107000
BCI,20090108,0.4,0.44,0.355,0.38,463989
BCM,20090108,1.095,1.17,1.095,1.15,70362
BDG,20090108,0.15,0.16,0.15,0.155,318833
BDL,20090108,0.083,0.09,0.082,0.083,475935
BEC,20090108,0.11,0.14,0.099,0.13,1665236
BEN,20090108,10.8,10.84,10.51,10.55,1079309
BGD,20090108,0.06,0.06,0.06,0.06,898650
BHP,20090108,30.98,31.14,30.4,30.75,12326758
BIS,20090108,0.28,0.28,0.28,0.28,1000
BJT,20090108,0.395,0.405,0.38,0.395,1341826
BKI,20090108,1.025,1.025,0.97,0.97,189902
BKL,20090108,13.79,13.8,13.79,13.8,2440
BKN,20090108,3.18,3.19,3.01,3.1,439081
BKW,20090108,9.5,9.7,9.5,9.7,1473
BKY,20090108,0.385,0.385,0.35,0.37,73847
BLD,20090108,4.74,4.78,4.46,4.51,5541684
BLG,20090108,0.2,0.205,0.2,0.205,11000
BLK,20090108,0.11,0.11,0.091,0.091,285722
BLR,20090108,0.046,0.048,0.045,0.046,4000902
BLT,20090108,0.043,0.044,0.043,0.044,105500
BLY,20090108,0.3,0.3,0.255,0.27,15063627
BML,20090108,0.025,0.025,0.025,0.025,8258
BMN,20090108,0.78,0.785,0.71,0.785,292626
BND,20090108,0.29,0.29,0.29,0.29,3000
BNT,20090108,0.06,0.06,0.06,0.06,50000
BOC,20090108,0.72,0.72,0.72,0.72,3294
BOL,20090108,0.7,0.72,0.7,0.72,1736
BON,20090108,0.071,0.075,0.071,0.075,55000
BOQ,20090108,9.66,9.75,9.57,9.7,281413
BOW,20090108,0.33,0.35,0.325,0.34,316722
BPO,20090108,0.016,0.016,0.015,0.016,600000
BPT,20090108,0.875,0.915,0.855,0.9,12319069
BRC,20090108,0.21,0.21,0.21,0.21,20000
BRM,20090108,0.74,0.91,0.67,0.885,1815518
BRO,20090108,0.004,0.004,0.004,0.004,125000
BRU,20090108,0.175,0.185,0.175,0.185,173108
BRW,20090108,0.058,0.064,0.058,0.064,103789
BSE,20090108,0.055,0.055,0.045,0.045,68000
BSL,20090108,3.99,3.99,3.8,3.89,4569825
BSR,20090108,0.036,0.036,0.036,0.036,1375500
BTA,20090108,0.38,0.42,0.37,0.39,448318
BTR,20090108,0.094,0.094,0.093,0.093,74627
BTT,20090108,2,2.1,2,2.1,557098
BUL,20090108,0.195,0.195,0.18,0.19,207379
BUR,20090108,0.05,0.05,0.05,0.05,31000
BUY,20090108,0.027,0.027,0.027,0.027,202478
BVA,20090108,0.24,0.24,0.23,0.23,134520
BWP,20090108,1.655,1.66,1.63,1.65,299755
BXB,20090108,7.14,7.24,6.91,7.02,4345934
BYI,20090108,0.64,0.64,0.64,0.64,3775
BYL,20090108,0.185,0.185,0.18,0.18,80000
CAB,20090108,6.8,6.92,6.48,6.7,219486
CAG,20090108,0.004,0.005,0.004,0.005,100659
CAH,20090108,0.034,0.034,0.034,0.034,10000
CAJ,20090108,0.05,0.05,0.05,0.05,100000
CAP,20090108,0.03,0.03,0.03,0.03,140000
CAQ,20090108,0.1,0.1,0.1,0.1,5000
CAV,20090108,0.09,0.09,0.09,0.09,13600
CAZ,20090108,0.195,0.195,0.185,0.195,143232
CBA,20090108,28.85,28.85,28.04,28.56,4002144
CBB,20090108,0.3,0.3,0.3,0.3,1650
CBH,20090108,0.06,0.063,0.058,0.062,1503538
CCD,20090108,0.32,0.32,0.32,0.32,19500
CCL,20090108,8.7,8.92,8.63,8.92,1465246
CCP,20090108,0.48,0.48,0.47,0.47,7208
CCU,20090108,0.06,0.06,0.05,0.05,13000
CCV,20090108,0.31,0.32,0.31,0.32,113000
CCY,20090108,0.025,0.025,0.025,0.025,55000
CDA,20090108,0.61,0.61,0.6,0.6,40000
CDD,20090108,3.1,3.1,2.95,3,63573
CDI,20090108,0.58,0.58,0.525,0.54,292230
CDM,20090108,0.54,0.54,0.54,0.54,11379
CDU,20090108,2.08,2.4,2.08,2.4,111388
CEG,20090108,0.15,0.175,0.15,0.175,24800
CER,20090108,0.099,0.105,0.095,0.1,9665828
CEU,20090108,0.52,0.53,0.51,0.53,3091915
CEY,20090108,3,3,2.85,2.94,778951
CFE,20090108,0.25,0.255,0.24,0.25,1428478
CFR,20090108,0.005,0.006,0.005,0.006,1174225
CFU,20090108,0.105,0.105,0.1,0.105,468000
CFX,20090108,1.82,1.85,1.805,1.85,5327369
CGF,20090108,1.75,1.85,1.635,1.74,981506
CGG,20090108,0.15,0.15,0.14,0.14,480000
CGM,20090108,0.024,0.025,0.024,0.025,21000
CGO,20090108,0.315,0.32,0.315,0.32,10500
CGX,20090108,1.415,1.445,1.415,1.445,8000
CHC,20090108,0.28,0.315,0.28,0.305,454754
CHF,20090108,0.06,0.06,0.06,0.06,16000
CIF,20090108,2.25,2.3,2.23,2.24,182614
CIG,20090108,0.016,0.017,0.016,0.017,519999
CII,20090108,1.01,1.03,1,1.03,149596
CIN,20090108,14,14,13.75,13.75,1500
CIW,20090108,0.24,0.24,0.24,0.24,5000
CIY,20090108,0.1,0.105,0.1,0.105,42158
CKK,20090108,0.125,0.125,0.125,0.125,30000
CLH,20090108,0.41,0.435,0.41,0.41,31000
CLO,20090108,0.345,0.345,0.33,0.34,51728
CLV,20090108,0.185,0.185,0.18,0.185,145000
CLX,20090108,0.72,0.72,0.72,0.72,600
CMI,20090108,0.45,0.45,0.45,0.45,256
CMJ,20090108,1.98,2.02,1.935,1.995,718663
CMO,20090108,0.021,0.021,0.021,0.021,1
CMR,20090108,0.225,0.24,0.195,0.215,3215397
CMV,20090108,0.16,0.16,0.16,0.16,131666
CMW,20090108,0.6,0.61,0.59,0.6,333274
CND,20090108,0.41,0.445,0.385,0.445,54000
CNM,20090108,0.105,0.11,0.1,0.11,338026
CNP,20090108,0.105,0.11,0.1,0.11,6178864
CNT,20090108,0.92,0.965,0.835,0.93,46143
CNX,20090108,0.29,0.29,0.27,0.27,784463
COE,20090108,0.27,0.275,0.27,0.27,624548
COF,20090108,1.7,1.7,1.7,1.7,10014
COH,20090108,52.5,54.29,51.2,51.2,247698
COI,20090108,0.14,0.15,0.14,0.15,200000
COK,20090108,0.315,0.32,0.31,0.32,283500
COU,20090108,1.065,1.065,1.055,1.055,5713
COV,20090108,0.06,0.06,0.06,0.06,36415
COY,20090108,0.023,0.023,0.023,0.023,36000
COZ,20090108,0.28,0.28,0.28,0.28,100000
CPA,20090108,1.13,1.19,1.13,1.19,2864383
CPB,20090108,18.75,18.75,18,18.24,44469
CPN,20090108,0.097,0.097,0.097,0.097,200000
CPR,20090108,0.115,0.115,0.11,0.11,61200
CPU,20090108,7.42,7.6,7.13,7.3,1457817
CQT,20090108,0.215,0.265,0.215,0.235,535850
CQU,20090108,0.15,0.15,0.15,0.15,16250
CRC,20090108,0.12,0.12,0.12,0.12,50000
CRE,20090108,0.115,0.115,0.115,0.115,90000
CRG,20090108,9.49,9.5,8.45,9.02,84966
CRK,20090108,0.76,0.76,0.76,0.76,4500
CRM,20090108,1.7,1.7,1.7,1.7,500
CRS,20090108,0.013,0.016,0.013,0.016,772322
CRT,20090108,0.35,0.35,0.35,0.35,48141
CSJ,20090108,1,1.01,1,1.01,230000
CSL,20090108,30.01,31.13,30.01,30.82,1847833
CSR,20090108,1.75,1.75,1.64,1.645,5957509
CSS,20090108,0.64,0.64,0.6,0.625,125408
CST,20090108,1.69,1.69,1.61,1.61,20315
CSV,20090108,0.5,0.51,0.5,0.51,20250
CTN,20090108,0.69,0.69,0.69,0.69,54711
CTO,20090108,0.295,0.31,0.29,0.305,707611
CTP,20090108,0.115,0.12,0.105,0.11,423300
CTX,20090108,8.24,8.24,7.6,7.72,847481
CUE,20090108,0.15,0.15,0.14,0.14,1274358
CUL,20090108,0.053,0.053,0.048,0.048,242000
CUR,20090108,0.38,0.4,0.37,0.4,95465
CUS,20090108,1.25,1.275,1.22,1.275,23488
CUV,20090108,0.265,0.265,0.26,0.26,200700
CUX,20090108,0.065,0.071,0.065,0.07,17177
CVI,20090108,0.02,0.022,0.016,0.017,16898122
CVN,20090108,0.295,0.305,0.285,0.305,2637536
CVR,20090108,0.05,0.05,0.05,0.05,65000
CWK,20090108,0.14,0.14,0.135,0.135,342027
CWN,20090108,5.99,6.2,5.84,6.15,1983466
CWP,20090108,1.1,1.1,1.1,1.1,1556
CWT,20090108,0.3,0.3,0.3,0.3,138000
CXC,20090108,1.34,1.38,1.28,1.3,57112
CXD,20090108,0.405,0.405,0.4,0.4,51150
CXG,20090108,0.27,0.28,0.27,0.27,179000
CXM,20090108,0.205,0.21,0.195,0.195,131900
CXP,20090108,4.05,4.1,3.89,3.9,156051
CXS,20090108,0.47,0.47,0.455,0.455,48972
CXY,20090108,0.075,0.075,0.068,0.069,1248503
CYA,20090108,0.755,0.76,0.725,0.76,34000
CYC,20090108,0.082,0.082,0.082,0.082,9500
CYG,20090108,1.2,1.2,1.2,1.2,3301
CZA,20090108,0.91,0.91,0.83,0.83,384799
CZR,20090108,0.06,0.06,0.06,0.06,55000
DDT,20090108,0.049,0.049,0.045,0.045,800480
DEX,20090108,0.61,0.61,0.6,0.6,27046
DGO,20090108,0.04,0.04,0.037,0.037,20000
DGR,20090108,0.039,0.044,0.037,0.044,338112
DIO,20090108,0.3,0.3,0.295,0.3,286377
DJS,20090108,3.11,3.11,3.02,3.05,1134635
DJW,20090108,3.58,3.7,3.58,3.7,52188
DKN,20090108,0.54,0.54,0.54,0.54,136
DLS,20090108,0.026,0.026,0.026,0.026,515601
DMG,20090108,0.095,0.095,0.09,0.09,186592
DMM,20090108,0.085,0.085,0.085,0.085,4000
DMP,20090108,2.7,2.75,2.65,2.65,6464
DOM,20090108,3.33,3.4,3.25,3.36,163961
DOW,20090108,3.99,4.16,3.87,4.15,1030370
DRA,20090108,0.039,0.046,0.039,0.046,1339541
DRX,20090108,0.076,0.081,0.076,0.08,120000
DSF,20090108,0.015,0.015,0.013,0.013,430000
DTL,20090108,5.03,5.03,4.9,4.9,5000
DTM,20090108,0.05,0.05,0.05,0.05,100000
DUE,20090108,1.83,1.87,1.74,1.785,1620322
DUI,20090108,2.42,2.42,2.36,2.36,49000
DVN,20090108,0.59,0.59,0.59,0.59,9895
DWS,20090108,0.765,0.77,0.75,0.77,22548
DWY,20090108,0.07,0.07,0.07,0.07,71333
DXS,20090108,0.83,0.83,0.8,0.825,7118401
DYE,20090108,0.86,0.86,0.8,0.84,327201
DYL,20090108,0.16,0.17,0.16,0.165,1534078
EAL,20090108,0.375,0.375,0.375,0.375,3272
EBB,20090108,0.105,0.105,0.099,0.1,223012
EBI,20090108,1.15,1.25,1.15,1.2,361200
EBT,20090108,0.033,0.033,0.032,0.032,460000
ECQ,20090108,0.06,0.06,0.06,0.06,125000
ECU,20090108,0.215,0.215,0.21,0.21,50000
EEE,20090108,0.04,0.04,0.04,0.04,10000
EFE,20090108,0.09,0.09,0.09,0.09,60000
EGO,20090108,0.007,0.008,0.006,0.007,18886340
EHL,20090108,0.295,0.295,0.28,0.285,897979
ELI,20090108,0.585,0.585,0.575,0.575,78565
ELK,20090108,0.17,0.17,0.16,0.16,90000
ELX,20090108,0.105,0.105,0.1,0.1,38645
EMA,20090108,0.28,0.28,0.245,0.25,211500
EME,20090108,0.445,0.45,0.445,0.45,41300
EMR,20090108,0.07,0.07,0.07,0.07,21145
ENE,20090108,2.32,2.36,2.23,2.36,18230
ENG,20090108,0.026,0.026,0.025,0.025,130719
ENR,20090108,0.08,0.08,0.08,0.08,60000
ENV,20090108,0.36,0.36,0.335,0.34,1167196
EON,20090108,0.39,0.39,0.39,0.39,50000
EOS,20090108,0.465,0.495,0.46,0.495,60100
EPG,20090108,0.25,0.26,0.25,0.26,30365
EPR,20090108,0.025,0.025,0.025,0.025,270065
EPS,20090108,0.06,0.06,0.06,0.06,10000
EPY,20090108,0.013,0.015,0.013,0.015,218888
EQN,20090108,2.03,2.1,1.88,1.895,1960877
EQT,20090108,13.51,13.8,13.5,13.8,3717
ERA,20090108,18.5,19,18.09,18.5,503320
ERG,20090108,0.007,0.007,0.007,0.007,839290
ERH,20090108,0.19,0.19,0.17,0.18,462344
ERM,20090108,0.072,0.077,0.071,0.071,180500
ESG,20090108,0.63,0.63,0.605,0.605,819358
ESI,20090108,0.027,0.027,0.026,0.026,261900
ESN,20090108,0.003,0.003,0.003,0.003,441334
ESV,20090108,0.53,0.545,0.53,0.545,63012
ETC,20090108,0.25,0.255,0.245,0.25,133500
ETE,20090108,0.08,0.08,0.075,0.08,323700
EUG,20090108,0.078,0.08,0.078,0.08,307781
EVE,20090108,0.014,0.015,0.014,0.014,237000
EVG,20090108,0.041,0.045,0.041,0.042,230000
EVM,20090108,0.061,0.061,0.061,0.061,41523
EVZ,20090108,0.125,0.125,0.12,0.12,6050
EWC,20090108,0.25,0.275,0.24,0.265,1977329
EXM,20090108,0.011,0.011,0.01,0.011,835817
EXR,20090108,0.051,0.055,0.051,0.055,129770
EXS,20090108,0.095,0.1,0.095,0.1,64515
EXT,20090108,1.45,1.45,1.37,1.4,238746
EYE,20090108,0.03,0.03,0.03,0.03,250000
EZL,20090108,0.8,0.8,0.76,0.76,8700
FAN,20090108,1.9,1.9,1.9,1.9,3200
FAR,20090108,0.03,0.031,0.03,0.031,260000
FAS,20090108,0.036,0.04,0.036,0.038,117100
FAT,20090108,0.6,0.62,0.6,0.62,1000
FBU,20090108,4.77,4.86,4.77,4.86,66841
FCL,20090108,0.68,0.68,0.65,0.66,1715042
FCN,20090108,0.06,0.072,0.06,0.072,365880
FEA,20090108,0.32,0.34,0.3,0.34,64660
FER,20090108,0.19,0.195,0.19,0.195,12600
FFI,20090108,2.3,2.3,2.3,2.3,1550
FGL,20090108,5.14,5.25,5.07,5.15,6887242
FKP,20090108,0.565,0.58,0.52,0.52,364744
FLT,20090108,8.45,8.6,8.3,8.4,477055
FLX,20090108,8.85,8.85,8.31,8.5,271482
FMG,20090108,2.1,2.13,2.05,2.09,8708145
FML,20090108,0.033,0.033,0.031,0.032,3204032
FMS,20090108,0.063,0.072,0.062,0.07,27266475
FNP,20090108,0.4,0.4,0.4,0.4,6263
FNT,20090108,0.02,0.02,0.02,0.02,50000
FPA,20090108,1.14,1.14,1.125,1.125,8970
FPH,20090108,2.56,2.58,2.41,2.56,614119
FRE,20090108,0.05,0.05,0.05,0.05,37000
FRM,20090108,0.26,0.26,0.26,0.26,5000
FRS,20090108,0.25,0.25,0.225,0.24,295211
FSE,20090108,0.018,0.019,0.017,0.019,1100000
FSN,20090108,0.48,0.48,0.45,0.455,232731
FTE,20090108,0.065,0.065,0.055,0.055,113484
FUL,20090108,0.004,0.004,0.004,0.004,240000
FUN,20090108,0.155,0.16,0.155,0.155,31667
FUT,20090108,0.004,0.004,0.004,0.004,500000
FWD,20090108,4.25,4.3,4.12,4.12,77905
FXJ,20090108,1.67,1.76,1.67,1.7,9895321
FXL,20090108,0.395,0.45,0.39,0.43,531491
FXR,20090108,0.2,0.21,0.17,0.21,287360
FYI,20090108,0.01,0.01,0.01,0.01,16400
GAU,20090108,0.03,0.03,0.029,0.029,54060
GBG,20090108,0.64,0.665,0.615,0.65,1337939
GBI,20090108,0.23,0.23,0.23,0.23,8565
GBT,20090108,0.705,0.725,0.7,0.71,103407
GBZ,20090108,0.045,0.045,0.045,0.045,75000
GCL,20090108,4.15,4.2,4.05,4.19,260296
GCR,20090108,0.015,0.018,0.015,0.018,30900
GDA,20090108,0.013,0.014,0.013,0.014,257191
GDN,20090108,0.062,0.067,0.059,0.063,314000
GDR,20090108,0.034,0.034,0.033,0.033,100000
GDY,20090108,1.29,1.29,1.25,1.27,256736
GFF,20090108,1.33,1.375,1.32,1.37,6118368
GGG,20090108,0.24,0.25,0.23,0.25,133731
GHT,20090108,0.64,0.64,0.64,0.64,17804
GIR,20090108,0.38,0.39,0.355,0.36,3555016
GJT,20090108,0.071,0.073,0.07,0.072,646402
GLH,20090108,0.03,0.03,0.03,0.03,20000
GLM,20090108,0.07,0.07,0.07,0.07,50000
GLN,20090108,0.11,0.11,0.07,0.071,952
GMG,20090108,0.86,0.955,0.815,0.94,15781916
GMI,20090108,0.81,0.81,0.765,0.79,144285
GNC,20090108,6.1,6.25,6.02,6.25,35453
GNM,20090108,0.4,0.4,0.4,0.4,83000
GNS,20090108,1.265,1.29,1.09,1.155,1042288
GOA,20090108,0.006,0.006,0.006,0.006,655173
GOP,20090108,0.036,0.036,0.036,0.036,13000
GPG,20090108,0.78,0.79,0.77,0.78,637999
GPM,20090108,0.12,0.12,0.12,0.12,13000
GPN,20090108,0.006,0.007,0.005,0.005,6170000
GPP,20090108,0.1,0.1,0.1,0.1,30000
GPR,20090108,0.066,0.066,0.066,0.066,50000
GPT,20090108,0.89,0.905,0.88,0.905,10965180
GRD,20090108,0.43,0.46,0.4,0.45,714810
GRR,20090108,0.45,0.47,0.44,0.45,69252
GRY,20090108,0.105,0.105,0.082,0.082,140000
GSE,20090108,0.023,0.023,0.022,0.022,50000
GSF,20090108,0.013,0.013,0.009,0.009,239767
GTG,20090108,0.049,0.049,0.049,0.049,10125
GTP,20090108,0.17,0.17,0.165,0.165,714355
GUD,20090108,5.59,5.63,5.42,5.47,53046
GUN,20090108,0.072,0.072,0.072,0.072,35000
GWR,20090108,0.34,0.34,0.335,0.34,7613
GWT,20090108,2.95,2.95,2.86,2.92,405062
GXY,20090108,0.42,0.43,0.42,0.42,26310
HAO,20090108,0.12,0.12,0.1,0.1,87000
HDF,20090108,2.09,2.13,2.07,2.11,164334
HEG,20090108,0.155,0.16,0.155,0.155,99440
HFA,20090108,0.082,0.092,0.08,0.087,4830976
HGG,20090108,1.375,1.39,1.34,1.355,396858
HGO,20090108,0.14,0.14,0.13,0.13,634503
HHL,20090108,3.65,3.65,3.5,3.5,10868
HHV,20090108,0.57,0.59,0.57,0.59,138307
HHY,20090108,1.04,1.04,1,1,59327
HIG,20090108,0.079,0.083,0.077,0.083,438351
HIL,20090108,3.02,3.02,2.95,2.98,79162
HIN,20090108,0.64,0.64,0.635,0.635,7500
HLX,20090108,0.135,0.135,0.135,0.135,10000
HRL,20090108,0.087,0.087,0.087,0.087,32229
HRR,20090108,0.22,0.22,0.21,0.21,53619
HSP,20090108,4.08,4.13,4,4.09,520502
HST,20090108,1.37,1.37,1.315,1.33,135595
HTA,20090108,0.085,0.085,0.085,0.085,2000
HTM,20090108,0.02,0.02,0.018,0.018,1314000
HVN,20090108,2.55,2.56,2.49,2.54,1687817
HYO,20090108,0.019,0.02,0.019,0.02,50200
HZN,20090108,0.15,0.15,0.145,0.15,346954
IAA,20090108,36.73,36.73,36.73,36.73,501
IAG,20090108,3.74,3.81,3.73,3.81,1338695
IAS,20090108,0.2,0.2,0.2,0.2,2500
IAU,20090108,0.205,0.21,0.2,0.205,695157
IBA,20090108,0.64,0.655,0.635,0.635,178780
IBC,20090108,0.425,0.43,0.425,0.43,7998
IBG,20090108,0.065,0.065,0.06,0.06,59465
IBK,20090108,36.42,36.42,36.42,36.42,149
ICN,20090108,0.205,0.205,0.195,0.2,421972
ICP,20090108,0.025,0.025,0.025,0.025,340000
IDL,20090108,0.205,0.205,0.195,0.195,1070342
IDM,20090108,0.08,0.08,0.08,0.08,150000
IDO,20090108,0.3,0.3,0.3,0.3,52500
IDT,20090108,1.745,1.745,1.74,1.74,7990
IEF,20090108,0.26,0.26,0.26,0.26,8214
IEM,20090108,40,40,36.96,38.3,1743
IFE,20090108,0.28,0.29,0.28,0.29,40450
IFL,20090108,3.9,3.9,3.67,3.67,30555
IFM,20090108,0.295,0.295,0.29,0.295,80500
IGO,20090108,2.25,2.37,2.13,2.31,344740
IGR,20090108,0.22,0.22,0.2,0.21,1916501
IHF,20090108,0.62,0.62,0.615,0.615,50519
IHK,20090108,15.02,15.02,15.02,15.02,200
IIF,20090108,0.2,0.23,0.2,0.215,5304681
IIN,20090108,1.25,1.29,1.25,1.25,6107
IJH,20090108,76.4,76.42,76.4,76.4,404
IKO,20090108,41.71,41.71,41.71,41.71,501
ILF,20090108,0.066,0.066,0.059,0.06,783148
ILU,20090108,4.8,4.99,4.8,4.91,2319605
IMA,20090108,0.49,0.49,0.45,0.45,12000
IMD,20090108,0.42,0.42,0.375,0.4,922857
IMF,20090108,0.89,0.89,0.88,0.89,8298
IMI,20090108,0.003,0.003,0.002,0.003,1468431
IMP,20090108,0.008,0.008,0.007,0.007,1039816
IMU,20090108,0.09,0.09,0.09,0.09,24000
IOF,20090108,0.77,0.77,0.75,0.77,2496043
IOH,20090108,0.19,0.28,0.19,0.26,647950
IOO,20090108,71.89,72.12,71.1,71.9,3645
IPL,20090108,2.51,2.69,2.48,2.63,18742978
IPM,20090108,0.98,0.98,0.98,0.98,2960
IPR,20090108,0.076,0.076,0.075,0.075,110000
IPX,20090108,0.1,0.1,0.1,0.1,58823
IRE,20090108,5.2,5.2,4.8,4.89,133593
IRI,20090108,0.27,0.27,0.27,0.27,2000
IRL,20090108,0.025,0.025,0.025,0.025,31000
IRM,20090108,0.082,0.1,0.082,0.1,16820
IRN,20090108,0.29,0.3,0.29,0.29,605186
IRU,20090108,70.33,70.33,70.33,70.33,101
ISK,20090108,0.37,0.37,0.35,0.35,18500
ISS,20090108,0.275,0.275,0.275,0.275,10860
ITC,20090108,0.03,0.03,0.029,0.029,200000
ITD,20090108,0.1,0.1,0.1,0.1,75000
ITE,20090108,0.022,0.022,0.022,0.022,110000
ITS,20090108,0.22,0.22,0.2,0.2,5000
ITW,20090108,10.71,10.71,10.71,10.71,1001
IVA,20090108,0.355,0.355,0.32,0.32,251488
IVC,20090108,5.1,5.25,4.94,5.18,220954
IVE,20090108,64.5,64.83,64.5,64.83,1109
IVV,20090108,127.92,128.45,127.92,128.45,306
IXR,20090108,0.22,0.255,0.22,0.255,39200
IZZ,20090108,41.4,41.65,41.05,41.05,1436
JAL,20090108,0.14,0.14,0.14,0.14,35000
JBH,20090108,10,10.03,9.76,9.99,950518
JET,20090108,0.75,0.75,0.75,0.75,7905
JGL,20090108,0.11,0.11,0.11,0.11,10000
JHX,20090108,4.68,4.68,4.41,4.48,1431529
JML,20090108,0.17,0.175,0.165,0.17,1545583
JMS,20090108,0.075,0.087,0.074,0.087,140001
JRL,20090108,0.35,0.35,0.35,0.35,10000
JRV,20090108,0.007,0.007,0.006,0.007,1090000
JVG,20090108,0.058,0.058,0.058,0.058,41691
KAR,20090108,3.28,3.42,3.23,3.39,160435
KBC,20090108,0.2,0.21,0.19,0.19,34000
KCN,20090108,3.3,3.43,3.2,3.34,116492
KEY,20090108,0.092,0.093,0.092,0.093,80000
KGL,20090108,0.05,0.05,0.05,0.05,184360
KIK,20090108,0.053,0.053,0.05,0.05,30000
KIL,20090108,0.52,0.52,0.5,0.52,14697
KKT,20090108,0.04,0.04,0.04,0.04,25000
KLM,20090108,0.15,0.15,0.15,0.15,3400
KME,20090108,0.2,0.2,0.2,0.2,25800
KMN,20090108,0.13,0.13,0.12,0.13,150000
KOG,20090108,0.05,0.05,0.05,0.05,52479
KRS,20090108,0.195,0.2,0.195,0.2,65400
KSC,20090108,2.5,2.5,2.5,2.5,4327
KSX,20090108,0.021,0.021,0.021,0.021,120000
KTE,20090108,0.03,0.03,0.03,0.03,40104
KYC,20090108,0.18,0.18,0.18,0.18,40000
KZL,20090108,0.7,0.735,0.67,0.675,3041640
LBL,20090108,0.135,0.135,0.13,0.13,81100
LCM,20090108,0.5,0.5,0.5,0.5,3000
LEG,20090108,0.014,0.014,0.012,0.014,1085000
LEI,20090108,23.2,23.36,21.78,22.05,1587693
LEP,20090108,2.01,2.02,2,2.02,28333
LGL,20090108,2.47,2.53,2.44,2.46,13907133
LGO,20090108,0.015,0.015,0.012,0.012,200000
LLC,20090108,7.3,7.3,7,7.05,1559132
LLP,20090108,0.225,0.225,0.215,0.215,410429
LMC,20090108,3.31,3.31,3.31,3.31,169
LMG,20090108,0.004,0.004,0.004,0.004,205000
LMP,20090108,0.069,0.069,0.069,0.069,20000
LNC,20090108,1.99,1.99,1.8,1.81,994288
LNG,20090108,0.75,0.75,0.7,0.72,157222
LNN,20090108,7.51,7.74,7.45,7.67,1050112
LOD,20090108,0.025,0.025,0.025,0.025,150000
LRF,20090108,0.45,0.45,0.45,0.45,3889
LSA,20090108,0.009,0.01,0.008,0.01,4092837
LSL,20090108,0.036,0.036,0.036,0.036,2000
LST,20090108,0.74,0.74,0.725,0.73,25393
LUM,20090108,0.004,0.004,0.004,0.004,262800
LYC,20090108,0.315,0.315,0.29,0.295,3181186
LYL,20090108,1.33,1.33,1.26,1.26,54642
MAE,20090108,0.375,0.375,0.34,0.365,686383
MAH,20090108,0.43,0.43,0.4,0.41,1206391
MAK,20090108,0.59,0.68,0.54,0.68,728343
MAN,20090108,0.006,0.006,0.006,0.006,300000
MAP,20090108,2.4,2.42,2.36,2.4,9484118
MAU,20090108,0.017,0.017,0.017,0.017,2333
MBD,20090108,0.105,0.105,0.105,0.105,150000
MBN,20090108,1.6,1.65,1.51,1.6,69443
MBP,20090108,0.026,0.026,0.026,0.026,7000
MBT,20090108,0.24,0.25,0.24,0.24,32000
MCC,20090108,3.12,3.19,3.02,3.12,1155477
MCG,20090108,0.86,0.885,0.86,0.88,986834
MCK,20090108,0.15,0.15,0.15,0.15,100000
MCL,20090108,0.007,0.007,0.007,0.007,300000
MCO,20090108,0.14,0.14,0.125,0.13,223894
MCP,20090108,0.59,0.65,0.59,0.61,111765
MCR,20090108,0.915,0.935,0.87,0.925,1618264
MCW,20090108,0.265,0.295,0.26,0.295,4195999
MDL,20090108,0.655,0.69,0.655,0.69,170930
MDT,20090108,0.07,0.078,0.065,0.078,2295819
MDX,20090108,0.22,0.22,0.22,0.22,10000
MEI,20090108,0.026,0.026,0.026,0.026,2000
MEL,20090108,0.505,0.505,0.45,0.45,728530
MEO,20090108,0.18,0.185,0.17,0.185,1143246
MEP,20090108,0.18,0.21,0.165,0.21,61908
MES,20090108,0.1,0.1,0.1,0.1,685000
MEU,20090108,0.048,0.048,0.048,0.048,50000
MFF,20090108,0.58,0.58,0.57,0.57,115664
MFG,20090108,0.475,0.475,0.475,0.475,17862
MFI,20090108,0.015,0.017,0.015,0.016,160000
MGO,20090108,0.08,0.08,0.075,0.075,201430
MGR,20090108,1.375,1.375,1.305,1.37,4133711
MGX,20090108,0.49,0.49,0.46,0.46,10904814
MGY,20090108,0.054,0.054,0.054,0.054,50000
MHL,20090108,0.005,0.005,0.005,0.005,350000
MHM,20090108,0.041,0.041,0.04,0.04,25000
MIF,20090108,0.25,0.25,0.2,0.2,52549
MIG,20090108,1.72,1.735,1.69,1.73,5295970
MIK,20090108,0.09,0.09,0.09,0.09,104000
MIN,20090108,2.4,2.42,2.29,2.33,76897
MIT,20090108,1.05,1.05,1.05,1.05,500
MIX,20090108,0.15,0.15,0.15,0.15,49996
MKB,20090108,0.05,0.05,0.05,0.05,149
MLE,20090108,1,1.03,1,1.03,330714
MLI,20090108,0.03,0.032,0.029,0.03,9792289
MLM,20090108,0.225,0.225,0.225,0.225,70000
MLS,20090108,0.015,0.015,0.012,0.012,6494960
MLT,20090108,14.62,14.75,14.62,14.75,14640
MLX,20090108,0.085,0.089,0.08,0.089,248220
MMA,20090108,0.42,0.42,0.42,0.42,25000
MMB,20090108,0.25,0.25,0.25,0.25,30051
MMG,20090108,0.94,0.94,0.87,0.89,375959
MML,20090108,0.735,0.74,0.73,0.74,55522
MMX,20090108,0.78,0.78,0.74,0.74,660932
MNC,20090108,0.16,0.16,0.13,0.15,133000
MND,20090108,7.06,7.1,6.55,6.7,123777
MNM,20090108,0.058,0.058,0.057,0.057,297288
MOC,20090108,0.81,0.81,0.79,0.8,70500
MOF,20090108,0.235,0.25,0.235,0.25,24676701
MOL,20090108,0.42,0.44,0.385,0.385,355583
MOS,20090108,0.095,0.095,0.09,0.09,192200
MOX,20090108,0.05,0.05,0.05,0.05,125410
MOY,20090108,0.03,0.03,0.03,0.03,100000
MPF,20090108,0.13,0.165,0.13,0.165,156331
MPI,20090108,0.012,0.012,0.01,0.01,100000
MPO,20090108,0.825,0.83,0.785,0.79,314972
MPS,20090108,0.155,0.155,0.155,0.155,41939
MQG,20090108,31.5,33.14,31.19,32.5,2480485
MRE,20090108,0.39,0.41,0.37,0.38,3748542
MRM,20090108,1.1,1.1,1.08,1.09,136981
MRO,20090108,0.13,0.13,0.13,0.13,61000
MRU,20090108,0.9,0.9,0.89,0.89,60191
MRZ,20090108,0.35,0.35,0.33,0.33,211771
MSB,20090108,0.9,0.98,0.87,0.98,26200
MSC,20090108,0.01,0.01,0.008,0.009,6649210
MSL,20090108,1.02,1.02,1.01,1.01,5000
MST,20090108,0.05,0.05,0.044,0.049,494680
MTH,20090108,0.1,0.105,0.1,0.105,34575
MTN,20090108,0.4,0.41,0.4,0.41,310724
MTS,20090108,4.24,4.3,4.23,4.25,1517832
MUE,20090108,0.165,0.165,0.165,0.165,6000
MUM,20090108,0.023,0.023,0.02,0.02,790000
MUN,20090108,0.195,0.2,0.19,0.19,158184
MVP,20090108,0.2,0.2,0.2,0.2,19000
MXI,20090108,0.3,0.315,0.3,0.31,25077
MXR,20090108,0.051,0.058,0.051,0.058,102500
MYO,20090108,1.115,1.12,1.11,1.12,167343
NAB,20090108,20.5,20.86,20.5,20.86,2872580
NAD,20090108,0.012,0.012,0.012,0.012,80000
NAG,20090108,0.039,0.039,0.039,0.039,50000
NAN,20090108,0.2,0.2,0.2,0.2,5500
NAV,20090108,0.23,0.23,0.225,0.225,42365
NCK,20090108,0.54,0.54,0.5,0.5,3024
NCM,20090108,28.4,28.66,27.61,28.35,1845949
NDO,20090108,0.096,0.098,0.095,0.095,1830404
NEC,20090108,0.5,0.5,0.47,0.475,70000
NEM,20090108,5,5.05,4.95,4.96,19647
NEU,20090108,0.008,0.008,0.007,0.007,3401253
NFE,20090108,1.05,1.095,1.02,1.08,218115
NFK,20090108,0.275,0.285,0.265,0.275,1842326
NFL,20090108,0.045,0.048,0.045,0.048,73120
NGE,20090108,0.057,0.057,0.055,0.055,70000
NGF,20090108,0.09,0.091,0.085,0.089,533600
NHC,20090108,3.58,3.58,3.52,3.56,92017
NHF,20090108,0.75,0.76,0.75,0.75,42800
NKP,20090108,0.13,0.145,0.12,0.145,341000
NLB,20090108,0.59,0.59,0.59,0.59,5000
NLX,20090108,0.089,0.09,0.08,0.082,297635
NMG,20090108,0.15,0.15,0.15,0.15,7500
NMS,20090108,0.38,0.4,0.38,0.4,201745
NOD,20090108,0.325,0.325,0.28,0.28,609300
NRL,20090108,0.025,0.025,0.025,0.025,20000
NRT,20090108,0.8,0.815,0.8,0.815,3120
NSE,20090108,0.05,0.05,0.05,0.05,93882
NTU,20090108,0.2,0.205,0.19,0.2,93000
NUF,20090108,10.26,11.01,10.24,10.7,1061199
NVT,20090108,2.4,2.4,2.34,2.35,615672
NWE,20090108,0.063,0.063,0.063,0.063,54000
NWH,20090108,0.27,0.27,0.255,0.26,591552
NWS,20090108,13.76,13.82,13.52,13.61,902182
NWT,20090108,0.003,0.003,0.002,0.002,9180000
NXS,20090108,0.475,0.475,0.445,0.455,2177039
NZO,20090108,1.06,1.06,1.05,1.05,13000
OAK,20090108,0.43,0.43,0.42,0.43,1378100
OEC,20090108,0.039,0.039,0.038,0.039,350000
OEL,20090108,0.15,0.15,0.135,0.14,932706
OEX,20090108,0.265,0.285,0.26,0.265,263222
OFG,20090108,0.46,0.47,0.46,0.47,11135
OGC,20090108,0.27,0.27,0.25,0.25,101790
OIF,20090108,0.23,0.23,0.2,0.2,147018
OIL,20090108,0.064,0.065,0.064,0.065,54000
OKN,20090108,1.58,1.6,1.56,1.56,53000
OKU,20090108,0.04,0.04,0.037,0.037,378000
OMH,20090108,1.34,1.365,1.28,1.315,942727
ONC,20090108,0.105,0.105,0.105,0.105,10000
ONT,20090108,2.6,2.6,2.6,2.6,4500
ORD,20090108,0.036,0.036,0.035,0.035,700000
ORE,20090108,0.22,0.22,0.22,0.22,30000
ORG,20090108,16.22,16.44,16.03,16.21,1836460
ORH,20090108,0.09,0.09,0.081,0.081,30000
ORI,20090108,15.5,15.53,14.51,14.63,802223
ORL,20090108,2.31,2.35,2.31,2.35,12000
ORO,20090108,0.006,0.008,0.006,0.008,1032661
ORP,20090108,0.022,0.022,0.021,0.021,278000
OSH,20090108,4.59,4.64,4.54,4.63,4585241
OST,20090108,2.55,2.61,2.48,2.52,2908319
OUM,20090108,0.06,0.06,0.06,0.06,10000
PAA,20090108,0.023,0.023,0.023,0.023,31750
PAG,20090108,1.25,1.25,1.18,1.2,78557
PAN,20090108,1.345,1.345,1.175,1.2,770179
PBB,20090108,0.49,0.49,0.49,0.49,2000
PBD,20090108,0.23,0.23,0.2,0.205,67900
PBG,20090108,0.465,0.47,0.44,0.445,3003496
PBP,20090108,1.5,1.5,1.41,1.41,40000
PBT,20090108,0.33,0.33,0.33,0.33,22000
PCL,20090108,0.023,0.024,0.023,0.024,2115566
PDN,20090108,3.07,3.1,2.88,2.98,3367585
PDZ,20090108,0.08,0.08,0.08,0.08,199599
PEH,20090108,0.5,0.5,0.5,0.5,3650
PEM,20090108,0.175,0.18,0.17,0.17,581075
PEN,20090108,0.021,0.021,0.019,0.019,654500
PES,20090108,5.36,5.42,5.27,5.3,586821
PFL,20090108,0.82,0.82,0.8,0.8,16600
PGA,20090108,1.3,1.3,1.285,1.285,33312
PGL,20090108,0.805,0.82,0.8,0.8,159509
PGM,20090108,0.35,0.37,0.3,0.3,32563
PHG,20090108,0.04,0.04,0.04,0.04,285000
PHK,20090108,0.095,0.095,0.095,0.095,10000
PIM,20090108,0.07,0.07,0.07,0.07,25000
PLA,20090108,0.66,0.66,0.625,0.64,831072
PLI,20090108,0.5,0.51,0.455,0.465,58800
PLT,20090108,0.16,0.17,0.155,0.155,56697
PLV,20090108,0.33,0.35,0.33,0.345,27067
PMC,20090108,1.16,1.18,1.16,1.18,6710
PME,20090108,1.01,1.01,1,1,3320
PMP,20090108,0.5,0.5,0.485,0.5,323782
PMV,20090108,4.15,4.3,4.1,4.1,25372
PNA,20090108,0.205,0.235,0.2,0.22,22610053
PNN,20090108,0.3,0.3,0.275,0.275,28779
PNO,20090108,0.003,0.003,0.002,0.003,3884100
POH,20090108,0.092,0.092,0.09,0.09,75000
POL,20090108,0.175,0.175,0.175,0.175,2000
POS,20090108,0.365,0.365,0.33,0.33,229244
POZ,20090108,0.44,0.44,0.43,0.44,29000
PPC,20090108,1.5,1.5,1.49,1.49,28075
PPD,20090108,0.021,0.021,0.021,0.021,44000
PPI,20090108,0.205,0.205,0.205,0.205,30000
PPK,20090108,0.42,0.42,0.42,0.42,2000
PPP,20090108,0.295,0.305,0.29,0.295,1658815
PPT,20090108,35.1,35.1,33.04,33.29,74587
PPX,20090108,0.7,0.72,0.675,0.68,3569768
PPY,20090108,0.55,0.55,0.55,0.55,1765
PRC,20090108,0.815,0.82,0.81,0.815,42837
PRE,20090108,0.008,0.013,0.008,0.011,19724407
PRG,20090108,2.83,2.93,2.78,2.85,67399
PRT,20090108,1.27,1.27,1.27,1.27,29002
PRU,20090108,0.45,0.45,0.44,0.45,258436
PRV,20090108,0.52,0.52,0.52,0.52,44113
PRY,20090108,4.99,5.1,4.95,4.97,1358001
PSA,20090108,0.21,0.225,0.205,0.22,380813
PSH,20090108,1.29,1.29,1.29,1.29,90
PTM,20090108,3.46,3.47,3.31,3.33,84345
PTN,20090108,0.125,0.145,0.12,0.12,280902
PTR,20090108,0.37,0.375,0.34,0.36,32098
PVE,20090108,1.78,1.8,1.65,1.8,49998
PWK,20090108,3.6,3.6,3.45,3.45,57041
PXS,20090108,1.4,1.4,1.3,1.355,40908
QAN,20090108,2.56,2.67,2.52,2.53,4344520
QBE,20090108,26.3,26.4,25.59,26.1,1623041
QHL,20090108,0.2,0.21,0.2,0.21,41631
QMN,20090108,0.071,0.071,0.07,0.07,161000
QOL,20090108,0.012,0.012,0.012,0.012,60010
QPN,20090108,0.013,0.013,0.013,0.013,9091
QRX,20090108,0.25,0.25,0.23,0.23,15000
QTM,20090108,0.1,0.105,0.1,0.105,108200
QUR,20090108,0.007,0.007,0.007,0.007,37400
RAT,20090108,0.015,0.015,0.014,0.014,705450
RAU,20090108,0.03,0.03,0.029,0.029,439100
RAW,20090108,0.065,0.065,0.065,0.065,30000
RBX,20090108,0.05,0.05,0.04,0.04,150000
RCR,20090108,0.58,0.58,0.535,0.575,35262
RCU,20090108,0.15,0.16,0.15,0.16,141261
RCY,20090108,0.18,0.18,0.175,0.18,233778
RDF,20090108,3.2,3.2,3.1,3.1,12067
RDR,20090108,0.22,0.22,0.215,0.215,77500
REA,20090108,4.14,4.14,4.14,4.14,1250
RED,20090108,0.039,0.04,0.038,0.04,477000
REF,20090108,1.09,1.09,1.09,1.09,3711
REO,20090108,0.01,0.01,0.01,0.01,250000
RER,20090108,0.039,0.039,0.039,0.039,100000
RES,20090108,0.062,0.063,0.062,0.062,283370
REY,20090108,0.06,0.06,0.06,0.06,35000
RFE,20090108,0.225,0.225,0.225,0.225,50000
RFG,20090108,1.16,1.16,1.16,1.16,470
RFL,20090108,0.091,0.091,0.09,0.09,600000
RHC,20090108,9.3,9.35,8.91,9.15,794861
RHD,20090108,0.21,0.21,0.2,0.2,51000
RHE,20090108,0.11,0.11,0.11,0.11,80000
RHG,20090108,0.14,0.145,0.14,0.145,655000
RHL,20090108,2.95,2.95,2.9,2.9,1902
RHM,20090108,0.042,0.045,0.042,0.045,24000
RIC,20090108,0.79,0.8,0.79,0.8,46282
RIO,20090108,44.9,45.26,43.4,44,3207384
RIV,20090108,2.39,2.44,2.27,2.35,1349579
RJT,20090108,0.011,0.011,0.01,0.01,409000
RKN,20090108,1.15,1.15,1.1,1.15,9658
RMD,20090108,5.12,5.29,5.12,5.21,983895
RMG,20090108,0.008,0.009,0.008,0.009,1690000
RML,20090108,0.042,0.042,0.041,0.041,87000
RMR,20090108,0.017,0.017,0.015,0.015,200000
RMS,20090108,0.645,0.645,0.6,0.605,200169
RMT,20090108,0.06,0.06,0.055,0.055,50000
RNC,20090108,0.028,0.028,0.028,0.028,200000
RNG,20090108,0.01,0.01,0.01,0.01,200000
RNY,20090108,0.15,0.15,0.15,0.15,2560
ROC,20090108,0.52,0.53,0.505,0.52,8616696
ROK,20090108,2.94,2.94,2.86,2.86,2500
ROY,20090108,0.08,0.08,0.075,0.075,163750
RPC,20090108,0.011,0.011,0.01,0.01,1050000
RPX,20090108,0.465,0.465,0.46,0.465,70725
RRA,20090108,0.45,0.45,0.45,0.45,182000
RRS,20090108,0.045,0.045,0.045,0.045,62000
RRT,20090108,0.013,0.013,0.011,0.013,516903
RSG,20090108,0.45,0.47,0.445,0.455,5757517
RSN,20090108,0.003,0.003,0.003,0.003,766000
RUB,20090108,0.036,0.036,0.036,0.036,311006
RVR,20090108,0.04,0.04,0.04,0.04,50000
RWD,20090108,0.55,0.55,0.55,0.55,6706
SAE,20090108,0.115,0.115,0.11,0.115,478215
SAI,20090108,2.59,2.6,2.56,2.58,193014
SAU,20090108,0.066,0.066,0.06,0.06,21000
SAV,20090108,0.2,0.2,0.2,0.2,10000
SAY,20090108,0.25,0.27,0.21,0.27,140400
SBM,20090108,0.28,0.285,0.275,0.28,3553044
SBS,20090108,0.023,0.023,0.021,0.021,694600
SCE,20090108,0.004,0.004,0.004,0.004,100000
SDG,20090108,0.76,0.785,0.73,0.76,1469073
SDL,20090108,0.105,0.105,0.098,0.099,6794099
SDM,20090108,0.6,0.61,0.57,0.57,72239
SEA,20090108,0.115,0.115,0.092,0.1,41000
SEK,20090108,3.47,3.47,3.21,3.25,405526
SEN,20090108,0.03,0.033,0.03,0.033,42678
SEV,20090108,6.39,6.47,6.06,6.13,371455
SFH,20090108,0.27,0.27,0.265,0.265,24140
SFP,20090108,0.14,0.14,0.14,0.14,8000
SFR,20090108,0.105,0.11,0.105,0.11,55000
SFY,20090108,36.64,36.64,35.55,35.77,4971
SGH,20090108,1.4,1.4,1.4,1.4,400
SGL,20090108,0.425,0.43,0.425,0.425,8024460
SGM,20090108,18.9,18.9,18.12,18.81,699461
SGN,20090108,0.71,0.73,0.71,0.72,39686
SGP,20090108,3.65,3.9,3.65,3.9,6004726
SGT,20090108,2.42,2.43,2.39,2.41,2271133
SGX,20090108,4.83,4.83,4.69,4.74,1863104
SGY,20090108,0.05,0.05,0.05,0.05,35000
SGZ,20090108,0.072,0.072,0.07,0.07,35000
SHL,20090108,13.02,13.31,13.02,13.3,490345
SHV,20090108,3.1,3.1,3,3,8938
SIM,20090108,0.3,0.3,0.245,0.27,100000
SIP,20090108,1.04,1.04,1,1,2452754
SKC,20090108,2.5,2.5,2.47,2.47,6627
SKE,20090108,1.51,1.51,1.46,1.49,19993
SKI,20090108,1.195,1.265,1.195,1.215,1592244
SKT,20090108,3.1,3.1,3.1,3.1,635626
SLA,20090108,0.205,0.205,0.205,0.205,5233
SLF,20090108,8.35,8.63,8.35,8.61,24289
SLM,20090108,3.22,3.22,3.18,3.19,19291
SLR,20090108,0.24,0.25,0.24,0.25,128200
SLV,20090108,0.7,0.7,0.7,0.7,7298
SLX,20090108,3.34,3.34,3.17,3.27,54283
SMA,20090108,0.013,0.015,0.013,0.015,745510
SMC,20090108,0.029,0.03,0.029,0.03,94000
SMD,20090108,0.12,0.12,0.12,0.12,13000
SML,20090108,0.016,0.017,0.016,0.017,319337
SMM,20090108,2.02,2.02,1.95,1.95,14144
SMX,20090108,2.25,2.35,2.25,2.31,180339
SND,20090108,0.31,0.31,0.31,0.31,20000
SOL,20090108,9.6,9.6,9.6,9.6,3670
SPH,20090108,0.415,0.44,0.41,0.44,68393
SPL,20090108,0.185,0.185,0.185,0.185,231925
SPN,20090108,0.935,0.94,0.92,0.93,7433769
SPP,20090108,0.006,0.006,0.006,0.006,87027
SPT,20090108,2.75,2.81,2.55,2.6,234094
SRE,20090108,0.02,0.02,0.02,0.02,535000
SRH,20090108,0.9,0.9,0.88,0.9,45600
SRI,20090108,0.031,0.032,0.031,0.032,80000
SRK,20090108,0.35,0.35,0.315,0.34,284083
SRL,20090108,1.06,1.2,1.05,1.105,2879064
SRR,20090108,0.055,0.056,0.055,0.055,312330
SRX,20090108,1.63,1.63,1.61,1.61,3637
SSC,20090108,0.003,0.003,0.003,0.003,442870
SSI,20090108,0.45,0.45,0.45,0.45,1000
SSM,20090108,0.755,0.76,0.705,0.71,209098
SSN,20090108,0.041,0.041,0.04,0.04,175000
SSS,20090108,0.006,0.006,0.006,0.006,500000
STB,20090108,0.067,0.067,0.067,0.067,2400
STG,20090108,0.03,0.03,0.03,0.03,186000
STO,20090108,14.8,14.86,14.52,14.63,1370116
STP,20090108,1.35,1.35,1.35,1.35,1000
STS,20090108,0.76,0.77,0.75,0.77,6000
STU,20090108,0.465,0.47,0.465,0.47,24600
STW,20090108,34.61,34.61,34,34.34,258004
STX,20090108,0.14,0.14,0.14,0.14,127500
STZ,20090108,0.13,0.13,0.13,0.13,40000
SUL,20090108,2.65,2.7,2.65,2.7,279246
SUN,20090108,8.8,8.8,8.41,8.46,2607049
SUR,20090108,0.036,0.039,0.036,0.039,224000
SVL,20090108,0.045,0.045,0.045,0.045,3122
SVS,20090108,0.5,0.5,0.5,0.5,5000
SWK,20090108,0.37,0.37,0.355,0.36,60097
SXE,20090108,0.5,0.53,0.5,0.53,5329
SYG,20090108,0.004,0.004,0.004,0.004,2260000
SYM,20090108,0.46,0.46,0.455,0.46,17929
TAH,20090108,7,7.04,6.9,7,1006464
TAL,20090108,2.3,2.35,2.26,2.31,472168
TAM,20090108,0.032,0.034,0.031,0.034,13816875
TAN,20090108,0.155,0.155,0.155,0.155,20000
TAP,20090108,0.735,0.765,0.725,0.745,161123
TAW,20090108,0.05,0.05,0.05,0.05,50000
TBG,20090108,0.575,0.575,0.575,0.575,900
TBR,20090108,0.7,0.7,0.7,0.7,6000
TCL,20090108,4.94,5.05,4.86,5.03,1294414
TCQ,20090108,0.2,0.205,0.195,0.205,245208
TDI,20090108,0.24,0.24,0.24,0.24,17095
TDO,20090108,0.07,0.07,0.07,0.07,156000
TEL,20090108,1.925,2,1.925,1.985,3561797
TEN,20090108,1.16,1.165,1.125,1.14,1662689
TEX,20090108,0.047,0.047,0.039,0.04,326167
TEY,20090108,0.17,0.17,0.155,0.16,101449
TFC,20090108,0.86,0.885,0.86,0.86,55800
TGF,20090108,0.07,0.08,0.07,0.08,60000
TGP,20090108,0.44,0.44,0.44,0.44,16500
TGR,20090108,2.05,2.09,2.02,2.05,49133
TGS,20090108,0.086,0.087,0.08,0.081,1484732
TGX,20090108,0.07,0.07,0.07,0.07,25000
THG,20090108,0.44,0.44,0.44,0.44,16500
THO,20090108,0.7,0.7,0.7,0.7,2028
THR,20090108,0.022,0.022,0.02,0.02,86211
TIM,20090108,0.16,0.17,0.155,0.155,2468246
TIS,20090108,0.105,0.11,0.105,0.11,10200
TLM,20090108,0.16,0.16,0.135,0.135,107000
TLS,20090108,3.71,3.73,3.66,3.69,53650017
TMX,20090108,0.043,0.043,0.04,0.04,230000
TNE,20090108,0.795,0.795,0.78,0.78,18000
TNL,20090108,0.055,0.055,0.055,0.055,58000
TOE,20090108,0.12,0.125,0.11,0.125,407200
TOL,20090108,6.3,6.45,6.24,6.37,1816317
TOX,20090108,1.3,1.305,1.3,1.305,52922
TPI,20090108,3.6,3.6,3.38,3.45,1107255
TPX,20090108,2.95,3,2.95,3,19500
TRF,20090108,0.14,0.15,0.14,0.15,82000
TRG,20090108,4.5,4.5,4.5,4.5,250
TRS,20090108,10,10.17,10,10.01,67109
TRU,20090108,4.8,4.8,4.8,4.8,1900
TRY,20090108,1.06,1.06,1,1.01,142282
TSE,20090108,1.87,1.87,1.76,1.865,2086787
TSI,20090108,1.21,1.22,1.19,1.2,116624
TSM,20090108,0.15,0.15,0.15,0.15,15426
TSO,20090108,0.17,0.18,0.16,0.165,5980888
TSV,20090108,0.022,0.022,0.021,0.021,959526
TTI,20090108,0.044,0.046,0.044,0.046,72972
TTS,20090108,2.75,2.8,2.7,2.8,2368882
TTY,20090108,0.195,0.205,0.19,0.195,481700
TUC,20090108,0.05,0.05,0.04,0.04,10000
TWO,20090108,0.85,0.86,0.8,0.86,17636
TWR,20090108,1.26,1.26,1.25,1.25,210020
TXN,20090108,0.25,0.25,0.25,0.25,31867
TYO,20090108,0.27,0.27,0.255,0.255,4500
TZL,20090108,1.8,1.8,1.66,1.66,19136
TZN,20090108,0.53,0.53,0.48,0.49,185786
UBI,20090108,0.66,0.66,0.66,0.66,4000
UCL,20090108,0.005,0.006,0.005,0.006,600000
UCM,20090108,0.61,0.61,0.61,0.61,6750
UCW,20090108,0.275,0.275,0.275,0.275,3000
UEQ,20090108,0.09,0.091,0.086,0.086,527733
UGL,20090108,8.59,8.82,8.49,8.66,714264
UMC,20090108,0.58,0.58,0.55,0.55,133200
UNI,20090108,0.24,0.275,0.24,0.275,196800
UNO,20090108,0.051,0.051,0.051,0.051,39016
UNX,20090108,0.255,0.255,0.225,0.25,126200
URL,20090108,0.025,0.029,0.024,0.025,287000
URM,20090108,0.031,0.031,0.028,0.028,100000
USA,20090108,0.035,0.035,0.035,0.035,24090
UXA,20090108,0.05,0.05,0.05,0.05,40000
UXC,20090108,0.54,0.55,0.54,0.54,17867
VBA,20090108,0.35,0.36,0.34,0.35,11096467
VCN,20090108,0.085,0.085,0.08,0.085,364705
VCR,20090108,0.099,0.099,0.091,0.092,378750
VEC,20090108,0.041,0.041,0.041,0.041,65000
VGH,20090108,0.6,0.6,0.59,0.6,141200
VHL,20090108,0.035,0.035,0.035,0.035,26632
VIR,20090108,0.51,0.51,0.5,0.5,36485
VLA,20090108,0.045,0.046,0.043,0.046,493929
VMG,20090108,0.59,0.59,0.55,0.55,310382
VML,20090108,0.06,0.06,0.06,0.06,16875
VMS,20090108,0.11,0.11,0.11,0.11,20000
VMT,20090108,0.052,0.052,0.052,0.052,14000
VPE,20090108,0.21,0.21,0.2,0.205,298602
VPG,20090108,0.091,0.1,0.084,0.1,13911937
VRL,20090108,0.995,1.01,0.99,1,48139
VTP,20090108,0.72,0.72,0.71,0.71,10379
VTX,20090108,0.04,0.04,0.04,0.04,10000
WAM,20090108,0.855,0.855,0.855,0.855,18840
WAN,20090108,5.32,5.39,5.23,5.25,268275
WAS,20090108,0.009,0.009,0.009,0.009,292296
WBA,20090108,0.67,0.67,0.67,0.67,20000
WBB,20090108,7.16,7.2,7.16,7.2,26493
WBC,20090108,16.62,16.71,16.43,16.57,4656698
WCB,20090108,3.23,3.23,3.23,3.23,200
WCL,20090108,0.56,0.6,0.55,0.58,56800
WDC,20090108,13.18,13.66,13.16,13.66,4931989
WDS,20090108,0.74,0.74,0.71,0.71,212655
WEB,20090108,1.055,1.055,1.055,1.055,10000
WEC,20090108,2.05,2.05,1.95,1.95,11686
WES,20090108,19,19.16,18.61,18.68,2056275
WFL,20090108,0.83,0.83,0.83,0.83,2000
WGP,20090108,0.029,0.029,0.029,0.029,22480
WGR,20090108,0.23,0.27,0.23,0.27,35547
WHC,20090108,1.68,1.68,1.57,1.6,164830
WHE,20090108,0.14,0.14,0.12,0.13,145580
WHG,20090108,0.86,0.88,0.86,0.87,34919
WHN,20090108,0.03,0.03,0.03,0.03,153770
WLF,20090108,0.4,0.4,0.4,0.4,15000
WMT,20090108,0.04,0.04,0.038,0.04,1703059
WOR,20090108,15,15.06,14.3,14.57,1209460
WOW,20090108,25.37,26.06,25.33,26.02,2596014
WPL,20090108,36.9,37.17,36.06,36.43,1669841
WRK,20090108,0.14,0.145,0.105,0.145,42300
WRR,20090108,0.004,0.004,0.004,0.004,2865945
WSA,20090108,4,4,3.81,3.95,847391
WTF,20090108,3.83,3.83,3.55,3.6,536061
WTP,20090108,1.145,1.145,1.13,1.13,22140
WVL,20090108,0.3,0.3,0.28,0.3,616848
WWA,20090108,1.8,1.81,1.8,1.81,2312
WYL,20090108,0.8,0.8,0.8,0.8,30020
XAF,20090108,3709.9,3709.9,3709.9,3709.9,0
XAO,20090108,3700.6,3700.6,3614.8,3643.6,0
XAT,20090108,369410,369410,369410,369410,0
XBW,20090108,355.78,355.78,355.78,355.78,0
XCD,20090108,0.04,0.04,0.04,0.04,15000
XDJ,20090108,1212.5,1213,1184.1,1193.8,0
XEJ,20090108,13147.2,13147.2,12548.4,12631.9,0
XFJ,20090108,3606.2,3606.2,3539.9,3579.3,0
XFL,20090108,3779.4,3779.4,3694.2,3727.2,0
XGD,20090108,4247.7,4247.7,4247.7,4247.7,0
XHJ,20090108,7852.8,7986,7819.8,7909.2,0
XIJ,20090108,424.6,434.6,406.3,415.3,0
XJO,20090108,3747.5,3747.5,3662.6,3694.3,0
XKO,20090108,3733.8,3733.8,3649.6,3680.6,0
XMD,20090108,3403.9,3404.2,3341.9,3366.9,0
XMJ,20090108,8961.7,8961.7,8688.2,8771.7,0
XMM,20090108,3077.9,3077.9,3077.9,3077.9,0
XNJ,20090108,3300.9,3300.9,3204.1,3233.7,0
XPJ,20090108,918.7,934.6,898,934.6,0
XRF,20090108,0.1,0.1,0.1,0.1,0
XSJ,20090108,6094.8,6096.1,6004.5,6074.1,0
XSO,20090108,1803,1803,1750.3,1760.3,0
XST,20090108,0.03,0.03,0.03,0.03,0
XTJ,20090108,1259.6,1270.3,1239.3,1250.6,0
XTL,20090108,2237.2,2237.5,2188.1,2208.1,0
XTO,20090108,3083.9,3083.9,3016.1,3042.4,0
XUJ,20090108,4242.8,4244.7,4135.5,4135.5,0
XXJ,20090108,3980.3,3980.3,3890.7,3930.4,0
YRR,20090108,0.056,0.056,0.05,0.05,89000
YTC,20090108,0.15,0.15,0.13,0.13,60000
ZDX,20090108,0.024,0.024,0.02,0.02,1184669
ZGM,20090108,0.047,0.047,0.047,0.047,15000
ZNC,20090108,0.024,0.024,0.024,0.024,1211
ZYL,20090108,0.029,0.029,0.029,0.029,100000
