AAC,20090622,1.41,1.49,1.41,1.465,1536573
AAF,20090622,0.004,0.004,0.003,0.004,950000
AAH,20090622,1.395,1.4,1.39,1.4,63400
AAK,20090622,0.003,0.004,0.003,0.004,5855000
AAM,20090622,0.155,0.165,0.155,0.165,178978
AAR,20090622,0.026,0.026,0.024,0.024,2092454
AAT,20090622,0.02,0.022,0.02,0.022,33619
AAU,20090622,0.25,0.25,0.25,0.25,20000
AAX,20090622,4.27,4.3,4.2,4.25,384454
ABB,20090622,9.15,9.35,9.12,9.35,401969
ABC,20090622,2.22,2.25,2.2,2.25,2282504
ABP,20090622,0.355,0.355,0.345,0.355,3348202
ABQ,20090622,0.16,0.165,0.15,0.165,152588
ABU,20090622,0.022,0.023,0.021,0.021,557884
ABW,20090622,6.17,6.17,6.17,6.17,310
ABY,20090622,0.61,0.61,0.57,0.57,1717361
ACB,20090622,0.45,0.45,0.44,0.44,106000
ACE,20090622,0.043,0.044,0.043,0.044,350000
ACG,20090622,0.185,0.185,0.185,0.185,84535
ACK,20090622,0.23,0.23,0.23,0.23,2000
ACL,20090622,0.37,0.38,0.365,0.365,72363
ACR,20090622,1.24,1.26,1.15,1.24,157375
ACS,20090622,0.155,0.155,0.15,0.15,97500
ACU,20090622,0.04,0.04,0.04,0.04,13750
ACZ,20090622,0.18,0.18,0.18,0.18,15000
ADD,20090622,0.021,0.021,0.021,0.021,20167
ADE,20090622,0.12,0.12,0.11,0.11,127834
ADG,20090622,2.3,2.3,2.2,2.2,3600
ADI,20090622,0.069,0.07,0.069,0.07,417000
ADL,20090622,0.008,0.01,0.008,0.01,100000
ADN,20090622,0.1,0.1,0.095,0.095,35000
ADO,20090622,0.008,0.008,0.008,0.008,1000000
ADQ,20090622,0.1,0.1,0.1,0.1,5600
ADU,20090622,0.42,0.43,0.42,0.42,144028
ADX,20090622,0.14,0.14,0.14,0.14,705965
ADY,20090622,0.029,0.029,0.027,0.027,15231167
AEC,20090622,2.04,2.04,2,2,8495
AED,20090622,0.845,0.845,0.8,0.805,488950
AEE,20090622,0.13,0.13,0.13,0.13,3850
AEF,20090622,22,22,22,22,79
AEI,20090622,0.18,0.18,0.16,0.18,50000
AEO,20090622,1.345,1.4,1.29,1.36,147393
AEP,20090622,2.58,2.59,2.58,2.59,3025
AES,20090622,0.035,0.035,0.035,0.035,20000
AET,20090622,0.3,0.31,0.3,0.31,50039
AEU,20090622,0.255,0.265,0.255,0.265,109000
AEX,20090622,0.005,0.005,0.005,0.005,880000
AEZ,20090622,0.052,0.052,0.051,0.052,1049487
AFA,20090622,0.08,0.08,0.08,0.08,5562
AFI,20090622,4.41,4.51,4.39,4.51,398409
AGD,20090622,0.079,0.08,0.079,0.08,24600
AGF,20090622,1.085,1.09,1.065,1.08,112153
AGG,20090622,9.32,9.32,9.32,9.32,147
AGI,20090622,0.076,0.076,0.075,0.075,49530
AGJ,20090622,0.14,0.15,0.14,0.15,16522
AGK,20090622,13.81,13.91,13.59,13.61,1772915
AGO,20090622,1.8,1.8,1.69,1.71,1960724
AGS,20090622,0.685,0.695,0.675,0.68,483408
AGU,20090622,0.038,0.038,0.035,0.035,1131020
AGV,20090622,0.05,0.05,0.05,0.05,10125
AGY,20090622,0.055,0.055,0.055,0.055,14389
AHD,20090622,4.06,4.2,3.95,4.2,48138
AHE,20090622,1.33,1.35,1.33,1.35,295254
AHN,20090622,0.035,0.035,0.035,0.035,146450
AHR,20090622,0.05,0.05,0.05,0.05,10000
AIA,20090622,1.26,1.26,1.25,1.25,1110003
AIB,20090622,8.25,8.25,8.25,8.25,1187
AIO,20090622,1.39,1.42,1.36,1.36,25224913
AIQ,20090622,1.03,1.05,1.03,1.05,5300
AIX,20090622,1.375,1.44,1.27,1.44,17364590
AIY,20090622,0.016,0.016,0.016,0.016,100000
AIZ,20090622,0.72,0.73,0.72,0.73,7952
AJL,20090622,2.95,2.95,2.84,2.94,140578
AKK,20090622,0.033,0.034,0.032,0.034,174898
ALD,20090622,0.47,0.47,0.42,0.43,207182
ALF,20090622,1.01,1.025,1,1.025,93000
ALK,20090622,0.325,0.325,0.31,0.31,197952
ALL,20090622,3.63,3.65,3.6,3.6,852685
ALR,20090622,1.28,1.3,1.27,1.3,30727
ALS,20090622,3.35,3.35,3.21,3.32,201895
ALT,20090622,0.03,0.03,0.03,0.03,16700
ALU,20090622,0.35,0.35,0.345,0.35,45785
ALZ,20090622,0.555,0.555,0.5,0.505,4206978
AMB,20090622,0.185,0.22,0.185,0.22,7027
AMC,20090622,4.98,5.02,4.93,4.94,1544722
AMH,20090622,0.54,0.54,0.54,0.54,45329
AMM,20090622,0.165,0.165,0.155,0.16,536499
AMO,20090622,0.44,0.45,0.44,0.45,20000
AMP,20090622,5.16,5.19,5.05,5.09,3618164
AMU,20090622,0.38,0.38,0.365,0.375,358584
AMX,20090622,0.345,0.345,0.325,0.325,88769
AND,20090622,1.865,1.875,1.835,1.84,116027
ANG,20090622,1.77,1.77,1.67,1.68,224056
ANM,20090622,0.062,0.065,0.058,0.059,182419
ANN,20090622,8.9,9.25,8.9,9.2,349249
ANO,20090622,0.03,0.03,0.03,0.03,162500
ANP,20090622,0.04,0.04,0.037,0.037,165964
ANQ,20090622,0.305,0.32,0.29,0.29,106000
ANZ,20090622,16.57,16.7,16.47,16.58,8709063
AOA,20090622,0.25,0.26,0.22,0.26,80000
AOC,20090622,0.1,0.105,0.1,0.105,19561
AOD,20090622,1.09,1.1,1.09,1.09,364767
AOE,20090622,3.46,3.56,3.41,3.56,3554460
AOK,20090622,0.18,0.18,0.17,0.175,161699
AOM,20090622,0.006,0.006,0.004,0.004,4440219
AON,20090622,0.26,0.265,0.25,0.25,82000
APA,20090622,2.91,2.97,2.88,2.97,897792
APB,20090622,0.045,0.045,0.045,0.045,350000
APD,20090622,0.2,0.2,0.18,0.18,32480
APE,20090622,7.81,7.81,7.81,7.81,400
APG,20090622,0.034,0.034,0.033,0.033,533163
APH,20090622,0.14,0.14,0.14,0.14,75934
API,20090622,0.67,0.67,0.65,0.67,109965
APK,20090622,0.135,0.135,0.135,0.135,49247
APN,20090622,1.43,1.45,1.34,1.435,2209428
APZ,20090622,0.355,0.36,0.34,0.34,2403643
AQA,20090622,5.63,5.7,5.4,5.63,284539
AQD,20090622,0.155,0.155,0.14,0.15,605000
AQP,20090622,4.86,5.04,4.73,4.91,1151224
AQR,20090622,0.055,0.055,0.055,0.055,100000
ARA,20090622,0.245,0.26,0.245,0.26,63480
ARD,20090622,0.125,0.14,0.12,0.14,199543
ARE,20090622,0.06,0.06,0.058,0.06,429754
ARG,20090622,6.05,6.05,5.95,5.96,130550
ARH,20090622,0.61,0.62,0.6,0.6,88979
ARJ,20090622,0.59,0.6,0.58,0.58,69035
ARO,20090622,0.006,0.006,0.006,0.006,351614
ARP,20090622,3.5,3.52,3.48,3.48,27595
ARU,20090622,0.7,0.71,0.675,0.69,174892
ARW,20090622,0.012,0.012,0.012,0.012,56710
ARX,20090622,0.023,0.028,0.023,0.028,193492
ASB,20090622,2.4,2.55,2.4,2.51,589050
ASC,20090622,0.008,0.009,0.008,0.009,210000
ASL,20090622,0.995,0.995,0.935,0.95,290468
ASU,20090622,0.003,0.003,0.003,0.003,400000
ASV,20090622,0.01,0.01,0.01,0.01,10000
ASX,20090622,35.3,35.89,35.25,35.39,970545
ASZ,20090622,0.66,0.67,0.63,0.63,60951
ATI,20090622,0.012,0.012,0.012,0.012,6666
ATM,20090622,1,1,1,1,100
ATN,20090622,0.01,0.011,0.01,0.01,150000
ATP,20090622,0.105,0.105,0.095,0.1,277641
ATV,20090622,0.05,0.05,0.05,0.05,90185
AUB,20090622,3.85,3.88,3.85,3.85,49573
AUF,20090622,1,1,1,1,42000
AUI,20090622,5.81,5.81,5.79,5.79,6779
AUK,20090622,0.024,0.024,0.024,0.024,30000
AUN,20090622,0.82,0.82,0.78,0.815,1041254
AUP,20090622,4.6,4.61,4.6,4.6,4930
AUQ,20090622,0.06,0.06,0.06,0.06,32298
AUT,20090622,0.155,0.16,0.155,0.16,14000
AVA,20090622,0.105,0.105,0.09,0.09,253379
AVB,20090622,0.017,0.017,0.017,0.017,500000
AVD,20090622,0.088,0.088,0.088,0.088,50000
AVE,20090622,0.97,0.98,0.97,0.98,322896
AVG,20090622,0.155,0.155,0.135,0.135,708827
AVH,20090622,0.105,0.105,0.1,0.105,151336
AVI,20090622,0.135,0.14,0.135,0.14,350000
AVJ,20090622,0.295,0.295,0.285,0.285,20000
AVM,20090622,1.8,1.885,1.78,1.805,14494
AVO,20090622,1.595,1.595,1.55,1.595,234584
AVS,20090622,0.01,0.013,0.01,0.013,680000
AVX,20090622,0.12,0.125,0.12,0.12,3423680
AWB,20090622,1.29,1.32,1.275,1.31,1922039
AWC,20090622,1.46,1.465,1.4,1.45,13889786
AWE,20090622,2.53,2.54,2.46,2.5,2516562
AXA,20090622,3.97,4.01,3.86,3.88,2520347
AXC,20090622,0.025,0.025,0.025,0.025,100000
AXE,20090622,0.062,0.062,0.062,0.062,73314
AXM,20090622,0.18,0.19,0.17,0.18,2879349
AXO,20090622,0.36,0.36,0.33,0.33,209321
AXT,20090622,0.039,0.039,0.039,0.039,80000
AXY,20090622,0.07,0.07,0.06,0.06,1025620
AYF,20090622,5.5,5.5,5.5,5.5,1505
AYT,20090622,1.18,1.2,1.18,1.2,38543
AYX,20090622,0.85,0.85,0.85,0.85,1500
AZC,20090622,0.054,0.054,0.054,0.054,60000
AZM,20090622,0.13,0.135,0.125,0.135,43000
AZS,20090622,0.04,0.04,0.039,0.039,475507
AZZ,20090622,0.33,0.34,0.33,0.33,394824
BAR,20090622,0.095,0.095,0.092,0.094,116000
BAS,20090622,0.032,0.032,0.029,0.03,171000
BAU,20090622,0.465,0.465,0.45,0.46,400337
BBG,20090622,8.2,8.37,8.07,8.11,1387527
BBI,20090622,0.078,0.079,0.076,0.077,10613827
BBP,20090622,0.093,0.094,0.084,0.085,5272293
BCC,20090622,0.043,0.043,0.041,0.041,68000
BCD,20090622,0.145,0.145,0.14,0.14,311173
BCI,20090622,1.21,1.22,1.13,1.14,280048
BCN,20090622,0.014,0.016,0.014,0.015,1529000
BDG,20090622,0.26,0.26,0.25,0.25,610770
BDI,20090622,0.021,0.023,0.021,0.021,980636
BDL,20090622,0.037,0.04,0.036,0.039,893604
BDR,20090622,0.068,0.068,0.068,0.068,21000
BEC,20090622,0.165,0.165,0.16,0.16,169376
BEL,20090622,0.275,0.275,0.27,0.275,277487
BEN,20090622,6.42,6.42,6.25,6.32,887461
BFG,20090622,0.71,0.71,0.65,0.66,104000
BGD,20090622,0.12,0.12,0.1,0.12,1035971
BHP,20090622,35.25,35.44,35.03,35.25,14112212
BIS,20090622,0.165,0.17,0.165,0.165,24000
BJT,20090622,0.39,0.425,0.385,0.41,6571826
BKI,20090622,1.065,1.075,1.06,1.06,64476
BKL,20090622,16.5,16.7,16.01,16.67,4683
BKM,20090622,0.003,0.003,0.003,0.003,370876
BKN,20090622,3.95,4.04,3.9,3.95,256158
BKW,20090622,11,11.44,11,11.38,21451
BKY,20090622,1.07,1.07,1.05,1.07,145598
BLD,20090622,4.11,4.2,3.98,4.01,3925504
BLG,20090622,0.245,0.26,0.24,0.24,275000
BLK,20090622,0.145,0.145,0.145,0.145,50797
BLP,20090622,0.049,0.049,0.046,0.047,545787
BLR,20090622,0.083,0.083,0.073,0.075,4760241
BLT,20090622,0.028,0.029,0.028,0.029,329227
BLU,20090622,0.036,0.036,0.036,0.036,113269
BLY,20090622,0.245,0.255,0.205,0.215,60099860
BLZ,20090622,0.01,0.01,0.01,0.01,787225
BML,20090622,0.038,0.038,0.038,0.038,1250
BMN,20090622,1.08,1.09,1.055,1.065,526954
BMY,20090622,0.165,0.165,0.15,0.15,353778
BND,20090622,0.47,0.485,0.455,0.455,26236
BNE,20090622,0.2,0.2,0.2,0.2,49399
BNO,20090622,0.24,0.25,0.22,0.23,959896
BNT,20090622,0.034,0.034,0.032,0.032,101881
BOE,20090622,0.051,0.052,0.051,0.052,30000
BOL,20090622,0.33,0.34,0.33,0.335,341637
BON,20090622,0.059,0.059,0.055,0.055,100000
BOQ,20090622,8.8,8.81,8.69,8.75,253048
BOS,20090622,0.025,0.025,0.025,0.025,130000
BOW,20090622,0.86,0.86,0.81,0.81,1466974
BPG,20090622,0.009,0.009,0.009,0.009,200000
BPO,20090622,0.017,0.019,0.017,0.018,250724
BPT,20090622,0.82,0.825,0.815,0.825,1908925
BRC,20090622,0.29,0.29,0.27,0.27,18706
BRD,20090622,0.006,0.006,0.005,0.005,750000
BRG,20090622,0.87,0.9,0.87,0.9,51368
BRM,20090622,1.22,1.305,1.18,1.305,3455001
BRO,20090622,0.003,0.003,0.003,0.003,942775
BRU,20090622,0.16,0.165,0.16,0.16,1015764
BRW,20090622,0.08,0.08,0.079,0.079,155130
BSA,20090622,0.16,0.16,0.155,0.155,111715
BSE,20090622,0.06,0.06,0.06,0.06,235000
BSI,20090622,0.03,0.03,0.03,0.03,100000
BSL,20090622,2.63,2.63,2.51,2.62,15225110
BSM,20090622,0.22,0.23,0.215,0.215,91706
BSR,20090622,0.091,0.091,0.09,0.09,208833
BTA,20090622,1.22,1.245,1.21,1.22,300436
BTC,20090622,0.175,0.175,0.16,0.16,38000
BTR,20090622,0.3,0.3,0.275,0.275,185591
BTT,20090622,2.09,2.11,2.08,2.1,41015
BTU,20090622,0.089,0.09,0.085,0.085,201109
BTV,20090622,0.13,0.13,0.125,0.125,134800
BUG,20090622,0.405,0.415,0.39,0.39,46176
BUL,20090622,0.205,0.205,0.195,0.2,1983095
BUR,20090622,0.052,0.055,0.052,0.052,268589
BUX,20090622,0.052,0.052,0.051,0.052,200000
BUY,20090622,0.027,0.028,0.027,0.028,348000
BVA,20090622,0.145,0.145,0.145,0.145,232877
BWN,20090622,0.15,0.15,0.115,0.13,72201
BWP,20090622,1.635,1.65,1.625,1.65,644319
BXB,20090622,5.88,5.91,5.79,5.83,4040101
BYL,20090622,0.21,0.215,0.185,0.2,269270
BYR,20090622,0.031,0.032,0.03,0.03,570400
CAA,20090622,0.082,0.085,0.08,0.085,302800
CAB,20090622,6.3,6.41,6.25,6.36,437135
CAG,20090622,0.005,0.005,0.005,0.005,300000
CAH,20090622,0.094,0.094,0.092,0.094,432480
CAM,20090622,0.79,0.795,0.775,0.795,53586
CAV,20090622,0.185,0.19,0.18,0.185,569959
CAZ,20090622,0.22,0.25,0.21,0.25,275200
CBA,20090622,38.67,38.88,38.36,38.7,3010161
CBB,20090622,0.39,0.39,0.38,0.38,30000
CBD,20090622,0.105,0.105,0.1,0.1,10000
CBH,20090622,0.13,0.14,0.125,0.13,1898751
CBR,20090622,1.3,1.3,1.3,1.3,14760
CCD,20090622,1.145,1.15,1.11,1.13,156434
CCF,20090622,0.195,0.2,0.19,0.19,50000
CCI,20090622,0.07,0.075,0.067,0.067,567850
CCL,20090622,8.5,8.57,8.39,8.42,1733487
CCP,20090622,1.415,1.415,1.34,1.35,82680
CCQ,20090622,0.365,0.365,0.365,0.365,220000
CCU,20090622,0.084,0.084,0.084,0.084,50624
CCV,20090622,0.47,0.47,0.45,0.455,536980
CCY,20090622,0.047,0.047,0.047,0.047,160372
CDA,20090622,0.62,0.62,0.615,0.62,9000
CDD,20090622,3.45,3.45,3.35,3.38,97743
CDI,20090622,0.54,0.54,0.5,0.51,297640
CDP,20090622,3.52,3.52,3.5,3.5,13500
CDU,20090622,2.52,2.54,2.48,2.52,505532
CEG,20090622,0.12,0.13,0.12,0.12,251595
CER,20090622,0.11,0.11,0.097,0.099,17025381
CEU,20090622,0.32,0.32,0.31,0.315,9292386
CEY,20090622,2.55,2.63,2.5,2.58,1929610
CFE,20090622,0.33,0.335,0.325,0.33,465525
CFR,20090622,0.007,0.007,0.006,0.007,2724080
CFU,20090622,0.2,0.21,0.18,0.185,9559290
CFX,20090622,1.685,1.69,1.66,1.675,5416652
CGF,20090622,2.2,2.32,2.2,2.32,1246881
CGG,20090622,0.2,0.21,0.2,0.2,2118732
CGM,20090622,0.03,0.03,0.017,0.029,825100
CGO,20090622,0.51,0.51,0.51,0.51,2
CGS,20090622,0.24,0.265,0.24,0.265,80000
CGT,20090622,0.05,0.05,0.05,0.05,15000
CHB,20090622,23,23,23,23,25
CHC,20090622,0.555,0.555,0.535,0.545,4725858
CHF,20090622,0.06,0.06,0.06,0.06,7200
CHM,20090622,0.013,0.013,0.013,0.013,382550
CHN,20090622,0.275,0.275,0.275,0.275,50000
CHO,20090622,4.25,4.26,4.2,4.2,53466
CHZ,20090622,0.1,0.1,0.1,0.1,48000
CIF,20090622,1.48,1.55,1.32,1.55,636909
CIG,20090622,0.017,0.018,0.015,0.015,5563000
CIL,20090622,1.015,1.015,0.99,0.99,109437
CIN,20090622,14.25,14.25,14.09,14.1,7056
CIR,20090622,0.7,0.73,0.7,0.7,17255
CIX,20090622,0.35,0.35,0.34,0.34,3550
CIY,20090622,0.043,0.045,0.043,0.043,312575
CKK,20090622,0.285,0.285,0.28,0.28,20000
CKL,20090622,0.4,0.4,0.4,0.4,27413
CKR,20090622,0.004,0.004,0.004,0.004,10000
CKT,20090622,0.48,0.48,0.46,0.46,122540
CLH,20090622,0.465,0.5,0.465,0.5,22300
CLO,20090622,0.76,0.77,0.745,0.755,308752
CLT,20090622,0.27,0.27,0.27,0.27,15000
CLU,20090622,0.03,0.03,0.024,0.024,63000
CLV,20090622,0.205,0.21,0.205,0.21,62644
CLY,20090622,0.14,0.15,0.14,0.15,64254
CMJ,20090622,2.26,2.29,2.23,2.29,2218499
CMO,20090622,0.017,0.017,0.013,0.013,295294
CMP,20090622,0.14,0.14,0.14,0.14,2060
CMV,20090622,0.1,0.1,0.095,0.1,301544
CMW,20090622,0.57,0.58,0.555,0.555,239743
CMY,20090622,0.051,0.051,0.042,0.047,274000
CNA,20090622,84,84,84,84,120
CND,20090622,0.63,0.63,0.62,0.62,17200
CNF,20090622,0.055,0.056,0.053,0.055,2577867
CNH,20090622,0.069,0.069,0.068,0.068,31000
CNM,20090622,0.235,0.24,0.23,0.23,630501
CNN,20090622,0.028,0.028,0.026,0.026,900000
CNP,20090622,0.098,0.099,0.097,0.097,1878454
CNT,20090622,1.71,1.72,1.68,1.71,412630
CNX,20090622,0.41,0.42,0.4,0.41,1153295
COE,20090622,0.475,0.48,0.46,0.465,553186
COF,20090622,1.89,1.92,1.875,1.92,52742
COH,20090622,56.84,57.71,56.4,56.51,129577
COI,20090622,0.33,0.34,0.31,0.31,364123
COK,20090622,0.45,0.45,0.435,0.44,252484
COM,20090622,0.07,0.07,0.07,0.07,3500
COS,20090622,0.066,0.066,0.065,0.066,982000
COU,20090622,1.52,1.53,1.51,1.53,89081
COV,20090622,0.125,0.13,0.125,0.13,300000
COZ,20090622,0.185,0.19,0.185,0.185,96650
CPA,20090622,0.845,0.87,0.845,0.87,11339533
CPB,20090622,20.83,20.83,20.05,20.13,16132
CPK,20090622,0.015,0.015,0.015,0.015,8000
CPN,20090622,0.145,0.145,0.145,0.145,99500
CPR,20090622,0.19,0.19,0.18,0.18,30000
CPU,20090622,8.71,8.72,8.65,8.65,1563136
CQT,20090622,0.49,0.505,0.49,0.495,395791
CRB,20090622,0.04,0.049,0.04,0.049,68108
CRC,20090622,0.17,0.17,0.17,0.17,115200
CRE,20090622,0.165,0.17,0.165,0.17,173392
CRG,20090622,10.13,10.56,10.11,10.41,356794
CRJ,20090622,0.032,0.036,0.032,0.036,194396
CRK,20090622,0.7,0.7,0.7,0.7,12000
CRS,20090622,0.018,0.018,0.018,0.018,5195
CSD,20090622,0.041,0.041,0.04,0.04,260000
CSE,20090622,0.11,0.11,0.105,0.105,75138
CSJ,20090622,0.925,0.925,0.925,0.925,100000
CSL,20090622,31.65,31.93,31.55,31.62,2435066
CSR,20090622,1.56,1.59,1.555,1.59,4328794
CSS,20090622,0.64,0.64,0.59,0.59,129815
CST,20090622,3.03,3.07,3,3,22370
CSV,20090622,0.83,0.83,0.83,0.83,50000
CSW,20090622,0.93,0.93,0.93,0.93,40000
CTN,20090622,0.84,0.85,0.825,0.835,169013
CTO,20090622,0.19,0.195,0.18,0.18,3427180
CTP,20090622,0.094,0.094,0.087,0.087,14624679
CTX,20090622,11.91,12.69,11.86,12.63,1284989
CUE,20090622,0.15,0.155,0.145,0.145,482254
CUL,20090622,0.072,0.072,0.07,0.07,207500
CUR,20090622,0.415,0.425,0.4,0.4,78250
CUS,20090622,2.18,2.2,2.15,2.18,112835
CUV,20090622,0.315,0.325,0.28,0.3,437256
CUX,20090622,0.083,0.083,0.083,0.083,56000
CUY,20090622,0.48,0.48,0.48,0.48,2000
CVC,20090622,0.61,0.61,0.6,0.6,149000
CVI,20090622,0.007,0.008,0.006,0.007,17467496
CVN,20090622,0.8,0.85,0.775,0.85,7556765
CVR,20090622,0.06,0.07,0.06,0.07,30000
CWG,20090622,0.041,0.041,0.041,0.041,50000
CWK,20090622,0.2,0.21,0.2,0.21,176550
CWN,20090622,7.12,7.13,6.93,6.95,1632172
CWP,20090622,1.43,1.43,1.43,1.43,11500
CWT,20090622,0.305,0.31,0.3,0.31,162933
CXC,20090622,13.75,13.95,13.65,13.8,51733
CXG,20090622,0.26,0.26,0.24,0.25,262236
CXM,20090622,0.28,0.28,0.275,0.275,32576
CXN,20090622,0.04,0.04,0.04,0.04,50000
CXP,20090622,3.67,3.71,3.6,3.6,164200
CXS,20090622,0.705,0.725,0.69,0.72,1102791
CXU,20090622,0.33,0.33,0.31,0.31,51667
CXY,20090622,0.12,0.12,0.11,0.11,1102326
CYA,20090622,0.765,0.77,0.765,0.765,153450
CYG,20090622,0.95,0.95,0.9,0.9,11850
CYT,20090622,0.082,0.082,0.08,0.08,244000
CYU,20090622,0.19,0.19,0.19,0.19,40000
CZA,20090622,1.635,1.695,1.635,1.695,276281
CZP,20090622,0.041,0.041,0.04,0.04,218000
CZR,20090622,0.035,0.035,0.035,0.035,56000
DCG,20090622,0.64,0.645,0.63,0.63,148800
DDD,20090622,0.012,0.012,0.012,0.012,3000
DDT,20090622,0.018,0.018,0.017,0.018,373048
DEG,20090622,0.04,0.062,0.04,0.047,1605792
DGO,20090622,0.08,0.08,0.08,0.08,150000
DGR,20090622,0.036,0.036,0.035,0.036,383722
DGX,20090622,0.235,0.235,0.235,0.235,25000
DIA,20090622,0.016,0.017,0.013,0.013,225000
DIO,20090622,0.6,0.6,0.55,0.56,64542
DJS,20090622,4.05,4.2,4.03,4.2,1344203
DJW,20090622,3.85,3.86,3.81,3.84,144866
DKN,20090622,0.42,0.42,0.42,0.42,927
DKS,20090622,6.27,6.27,6.27,6.27,4759
DLS,20090622,0.035,0.035,0.033,0.034,3095428
DMG,20090622,0.22,0.22,0.22,0.22,97000
DML,20090622,0.27,0.27,0.265,0.265,61301
DMM,20090622,0.17,0.17,0.17,0.17,15000
DMP,20090622,3.15,3.15,3.15,3.15,1500
DMX,20090622,0.165,0.165,0.16,0.16,29000
DOM,20090622,4.52,4.55,4.37,4.55,541439
DOW,20090622,4.91,5.17,4.91,5.15,1259541
DRK,20090622,0.09,0.09,0.09,0.09,10000
DRX,20090622,0.15,0.16,0.15,0.15,103066
DSQ,20090622,0.09,0.09,0.09,0.09,8084
DTL,20090622,6.15,6.15,5.96,6,1326
DTM,20090622,0.081,0.082,0.081,0.082,65000
DUE,20090622,1.64,1.64,1.585,1.6,3701825
DUI,20090622,2.6,2.6,2.6,2.6,339
DUL,20090622,0.034,0.034,0.034,0.034,25000
DVA,20090622,0.155,0.155,0.15,0.15,25000
DVM,20090622,0.045,0.045,0.045,0.045,25000
DVN,20090622,0.465,0.47,0.46,0.46,52050
DWS,20090622,0.765,0.77,0.765,0.77,41200
DXS,20090622,0.78,0.785,0.735,0.75,34114164
DYE,20090622,0.82,0.845,0.78,0.79,262545
DYL,20090622,0.395,0.415,0.395,0.395,701882
EAL,20090622,0.275,0.275,0.26,0.27,70000
EAR,20090622,0.032,0.032,0.031,0.031,45000
EBT,20090622,0.058,0.058,0.051,0.051,191757
ECQ,20090622,0.08,0.08,0.08,0.08,5000
ECU,20090622,0.29,0.29,0.285,0.29,80500
EDE,20090622,0.048,0.049,0.04,0.045,851000
EEE,20090622,0.065,0.065,0.065,0.065,50000
EER,20090622,0.09,0.09,0.085,0.085,119500
EFG,20090622,0.06,0.06,0.06,0.06,5000
EGO,20090622,0.01,0.01,0.009,0.01,4703000
EHL,20090622,0.45,0.46,0.43,0.44,2663421
EKM,20090622,0.037,0.037,0.037,0.037,231688
ELD,20090622,0.27,0.28,0.26,0.275,5253747
ELI,20090622,0.765,0.765,0.765,0.765,9700
ELK,20090622,0.21,0.22,0.185,0.205,817845
ELM,20090622,0.17,0.17,0.17,0.17,130000
ELX,20090622,0.15,0.15,0.135,0.135,17813
ELY,20090622,0.085,0.085,0.07,0.07,220316
EMA,20090622,0.3,0.3,0.28,0.28,14606
EME,20090622,0.53,0.53,0.53,0.53,34000
EMG,20090622,0.58,0.63,0.58,0.63,52270
EMR,20090622,0.049,0.049,0.049,0.049,100000
EMS,20090622,0.044,0.046,0.038,0.038,1139200
EMU,20090622,0.095,0.095,0.09,0.09,35000
ENB,20090622,0.3,0.3,0.285,0.285,91850
ENE,20090622,1.8,1.89,1.8,1.88,628788
ENG,20090622,0.015,0.015,0.015,0.015,1354591
ENR,20090622,0.235,0.235,0.23,0.23,32184
ENT,20090622,0.255,0.255,0.24,0.255,163339
ENV,20090622,0.455,0.48,0.455,0.48,720114
EON,20090622,0.45,0.45,0.45,0.45,5000
EPG,20090622,0.13,0.13,0.13,0.13,200000
EPR,20090622,0.005,0.005,0.004,0.005,3251834
EPS,20090622,0.044,0.044,0.044,0.044,15000
EPX,20090622,0.86,0.89,0.83,0.89,55410
EQN,20090622,2.94,2.98,2.83,2.9,3202797
EQX,20090622,0.06,0.06,0.06,0.06,281000
ERA,20090622,22.35,22.67,21.73,22.45,421427
ERC,20090622,1.08,1.18,1.08,1.18,324093
ERH,20090622,0.125,0.125,0.115,0.12,333744
ERJ,20090622,0.145,0.145,0.13,0.13,3552851
ERM,20090622,0.155,0.16,0.15,0.15,333549
ERN,20090622,0.064,0.064,0.064,0.064,75000
ERO,20090622,0.05,0.05,0.049,0.05,36000
ESG,20090622,0.845,0.865,0.825,0.865,4915948
ESI,20090622,0.025,0.05,0.025,0.043,213101753
ESN,20090622,0.003,0.003,0.003,0.003,30000
ESS,20090622,0.18,0.18,0.15,0.16,445266
ESV,20090622,0.49,0.49,0.46,0.47,250860
ETC,20090622,0.435,0.44,0.41,0.42,1509781
ETE,20090622,0.115,0.12,0.11,0.115,771300
ETT,20090622,0.002,0.002,0.002,0.002,1855922
EUG,20090622,0.18,0.18,0.18,0.18,45000
EVE,20090622,0.036,0.036,0.034,0.035,344300
EVG,20090622,0.045,0.045,0.045,0.045,23667
EVZ,20090622,0.1,0.1,0.09,0.09,860000
EWC,20090622,0.61,0.61,0.575,0.59,1173476
EXE,20090622,0.14,0.14,0.13,0.13,718676
EXM,20090622,0.015,0.015,0.013,0.014,7374683
EXR,20090622,0.054,0.055,0.053,0.055,966957
EXS,20090622,0.27,0.27,0.25,0.255,1113951
EXT,20090622,7.1,7.27,6.7,7.08,749326
EZL,20090622,0.9,0.9,0.9,0.9,5555
FAN,20090622,2.99,2.99,2.92,2.92,4126
FAR,20090622,0.068,0.074,0.066,0.074,4122826
FAS,20090622,0.048,0.048,0.045,0.046,646000
FBU,20090622,5.32,5.4,5.16,5.26,1047838
FCN,20090622,0.11,0.115,0.11,0.115,115100
FDY,20090622,0.07,0.07,0.07,0.07,85500
FEA,20090622,0.15,0.15,0.15,0.15,407850
FER,20090622,0.1,0.12,0.1,0.12,12090
FFF,20090622,0.032,0.032,0.031,0.031,1284600
FGE,20090622,0.49,0.49,0.48,0.48,18351
FGL,20090622,5.15,5.21,5.09,5.1,4339430
FIS,20090622,0.1,0.1,0.1,0.1,44000
FKP,20090622,0.795,0.795,0.76,0.77,356613
FLT,20090622,8.72,8.99,8.7,8.8,149992
FLX,20090622,13.18,13.74,13.18,13.36,337836
FMG,20090622,3.88,4.07,3.86,4.07,12727956
FML,20090622,0.028,0.028,0.026,0.026,17870015
FMS,20090622,0.06,0.061,0.057,0.057,12141146
FND,20090622,0.37,0.375,0.365,0.365,69500
FNT,20090622,0.023,0.023,0.023,0.023,100000
FPA,20090622,0.54,0.54,0.53,0.53,154338
FPH,20090622,2.27,2.35,2.26,2.26,245935
FPS,20090622,1.44,1.44,1.44,1.44,1700
FRE,20090622,0.014,0.014,0.012,0.012,264000
FRI,20090622,0.8,0.8,0.79,0.79,5074
FRR,20090622,0.092,0.092,0.09,0.09,156000
FRS,20090622,0.5,0.52,0.48,0.485,494813
FSA,20090622,0.395,0.395,0.39,0.39,60791
FSE,20090622,0.036,0.036,0.033,0.034,3416000
FTE,20090622,0.14,0.14,0.135,0.135,1512277
FUN,20090622,0.145,0.145,0.14,0.145,230014
FUT,20090622,0.004,0.004,0.004,0.004,500000
FWD,20090622,5.7,5.78,5.61,5.73,418843
FWL,20090622,0.085,0.085,0.08,0.08,53000
FXJ,20090622,1.23,1.265,1.205,1.215,9314633
FXL,20090622,0.84,0.84,0.82,0.82,149454
FXR,20090622,0.13,0.135,0.12,0.12,1097425
FYI,20090622,0.004,0.004,0.004,0.004,72588
GAP,20090622,0.061,0.061,0.061,0.061,145851
GAU,20090622,0.089,0.098,0.089,0.098,281207
GBG,20090622,0.815,0.815,0.79,0.805,1134546
GBI,20090622,0.53,0.53,0.53,0.53,2000
GBP,20090622,0.13,0.13,0.125,0.13,149384
GBT,20090622,0.67,0.67,0.67,0.67,6762
GBZ,20090622,0.03,0.032,0.03,0.03,462000
GCG,20090622,0.135,0.135,0.13,0.13,230250
GCL,20090622,5.21,5.46,5.2,5.35,398979
GCR,20090622,0.023,0.023,0.022,0.023,425834
GDA,20090622,0.01,0.01,0.01,0.01,1668125
GDN,20090622,0.077,0.079,0.076,0.076,1585454
GDY,20090622,0.97,0.98,0.95,0.955,140893
GER,20090622,0.135,0.135,0.135,0.135,20000
GFE,20090622,0.185,0.185,0.185,0.185,8257
GFF,20090622,1.345,1.365,1.33,1.35,11843605
GGG,20090622,0.405,0.405,0.36,0.365,1175739
GGP,20090622,0.065,0.065,0.059,0.06,1755756
GGX,20090622,0.06,0.06,0.06,0.06,400000
GGY,20090622,0.06,0.06,0.06,0.06,30000
GIP,20090622,0.062,0.063,0.061,0.063,69739
GIR,20090622,0.675,0.695,0.615,0.625,883387
GJT,20090622,0.058,0.058,0.052,0.054,1362918
GLA,20090622,0.042,0.042,0.042,0.042,55232
GLB,20090622,0.2,0.2,0.18,0.2,39995
GLF,20090622,0.038,0.038,0.035,0.035,400000
GLI,20090622,0.02,0.02,0.02,0.02,35000
GLM,20090622,0.065,0.072,0.065,0.072,51300
GLN,20090622,0.135,0.14,0.13,0.13,344230
GME,20090622,0.061,0.061,0.061,0.061,232000
GMG,20090622,0.395,0.4,0.375,0.39,21292024
GMI,20090622,0.965,0.985,0.955,0.96,209957
GML,20090622,0.081,0.081,0.07,0.07,112000
GMR,20090622,0.039,0.043,0.039,0.042,560090
GNC,20090622,7.48,7.57,7.4,7.57,248324
GNM,20090622,0.56,0.59,0.56,0.59,22700
GNS,20090622,0.96,0.99,0.92,0.955,1722172
GOW,20090622,2.65,2.65,2.62,2.62,16000
GPB,20090622,0.15,0.15,0.15,0.15,140000
GPG,20090622,0.55,0.55,0.545,0.55,27857
GPM,20090622,0.097,0.1,0.097,0.097,444066
GPP,20090622,0.1,0.1,0.1,0.1,5400
GPT,20090622,0.48,0.485,0.46,0.47,61748622
GRB,20090622,0.063,0.063,0.06,0.06,380668
GRD,20090622,0.515,0.515,0.485,0.485,507283
GRF,20090622,1.65,1.65,1.64,1.64,15151
GRK,20090622,0.05,0.05,0.046,0.046,144006
GRR,20090622,0.505,0.54,0.505,0.53,44131
GRT,20090622,0.44,0.44,0.44,0.44,20000
GRV,20090622,0.065,0.065,0.065,0.065,5000
GRY,20090622,0.29,0.29,0.27,0.28,343160
GSC,20090622,0.031,0.031,0.03,0.03,240000
GSE,20090622,0.023,0.024,0.023,0.023,70000
GSF,20090622,0.003,0.003,0.003,0.003,271500
GTG,20090622,0.052,0.06,0.052,0.06,123310
GUD,20090622,6.41,6.8,6.41,6.68,154543
GUL,20090622,0.047,0.047,0.047,0.047,25000
GUN,20090622,0.1,0.135,0.1,0.12,1847161
GWR,20090622,0.5,0.5,0.48,0.48,21494
GWT,20090622,2.27,2.34,2.27,2.29,408797
GXL,20090622,0.55,0.55,0.55,0.55,5000
GXY,20090622,0.68,0.69,0.68,0.68,92540
HAO,20090622,0.12,0.14,0.12,0.13,292718
HAP,20090622,0.15,0.15,0.15,0.15,244000
HAV,20090622,0.51,0.515,0.5,0.515,2602
HAW,20090622,0.009,0.01,0.008,0.009,4760003
HAZ,20090622,0.11,0.11,0.11,0.11,49600
HCG,20090622,0.021,0.021,0.021,0.021,50000
HDF,20090622,1.35,1.36,1.19,1.26,676016
HDN,20090622,0.135,0.14,0.125,0.14,257235
HEM,20090622,0.1,0.1,0.1,0.1,5400
HFA,20090622,0.175,0.18,0.17,0.17,1000024
HGG,20090622,1.795,1.85,1.795,1.83,490670
HGN,20090622,0.23,0.23,0.225,0.225,100000
HGO,20090622,0.19,0.19,0.18,0.18,2148471
HHL,20090622,5.3,5.3,5,5,8776
HHV,20090622,0.715,0.715,0.705,0.71,203136
HHY,20090622,1.22,1.25,1.21,1.21,94261
HIG,20090622,0.125,0.125,0.115,0.115,855644
HIL,20090622,1.565,1.6,1.565,1.59,203075
HIN,20090622,0.81,0.81,0.8,0.8,411840
HLD,20090622,0.125,0.125,0.12,0.12,158000
HLG,20090622,0.34,0.34,0.32,0.32,20000
HLS,20090622,0.1,0.1,0.1,0.1,84000
HMC,20090622,0.045,0.045,0.045,0.045,150000
HNG,20090622,0.815,0.845,0.815,0.82,43736
HNR,20090622,0.155,0.155,0.14,0.15,428213
HOM,20090622,0.52,0.52,0.52,0.52,10000
HRL,20090622,0.097,0.097,0.096,0.096,26200
HRR,20090622,0.2,0.215,0.195,0.195,238785
HSK,20090622,0.49,0.495,0.48,0.485,190708
HSP,20090622,4.27,4.37,4.27,4.37,791921
HST,20090622,1.3,1.3,1.26,1.295,925303
HTA,20090622,0.11,0.115,0.11,0.11,108949
HTE,20090622,0.03,0.032,0.03,0.032,208546
HTI,20090622,0.019,0.019,0.019,0.019,92000
HTX,20090622,0.033,0.033,0.033,0.033,200000
HVN,20090622,2.81,3.01,2.81,2.92,3277107
HYO,20090622,0.02,0.02,0.02,0.02,5300
HZL,20090622,0.39,0.39,0.39,0.39,3000
HZN,20090622,0.185,0.19,0.175,0.175,3657089
IAA,20090622,39.45,40.37,39.45,40.34,430
IAG,20090622,3.43,3.48,3.39,3.41,5546566
IAS,20090622,0.575,0.58,0.575,0.58,22961
IAT,20090622,0.01,0.01,0.01,0.01,20000
IAU,20090622,0.37,0.385,0.365,0.375,848068
IBC,20090622,0.415,0.415,0.405,0.405,65260
IBG,20090622,0.1,0.1,0.097,0.097,97580
IBK,20090622,44,44.42,44,44.42,1363
ICN,20090622,0.35,0.35,0.335,0.345,2189108
ICP,20090622,0.034,0.034,0.033,0.033,355594
ICS,20090622,0.165,0.165,0.155,0.155,96395
ICV,20090622,0.01,0.013,0.01,0.01,1755113
IDG,20090622,0.69,0.69,0.65,0.67,123600
IDL,20090622,0.27,0.275,0.265,0.265,3144263
IDM,20090622,0.059,0.059,0.059,0.059,150000
IDO,20090622,0.2,0.2,0.175,0.175,119650
IDT,20090622,1.51,1.51,1.47,1.47,23775
IEF,20090622,0.15,0.155,0.14,0.145,789421
IEM,20090622,39.83,40.5,39.75,40.5,5356
IEU,20090622,39.6,40.13,39.6,40.13,510
IFE,20090622,0.35,0.35,0.35,0.35,1700
IFL,20090622,3.96,4.07,3.93,3.95,241331
IFM,20090622,0.285,0.295,0.275,0.29,282592
IFN,20090622,1.19,1.195,1.13,1.15,1572731
IGC,20090622,0.21,0.21,0.205,0.205,329416
IGO,20090622,4.21,4.25,4.15,4.19,185740
IGR,20090622,0.295,0.295,0.28,0.28,958043
IHF,20090622,0.83,0.83,0.8,0.8,48722
IHK,20090622,17.18,17.18,17.18,17.18,112
IIF,20090622,0.24,0.245,0.225,0.235,9721264
III,20090622,0.069,0.069,0.068,0.068,8700
IIN,20090622,1.6,1.65,1.55,1.6,126871
IJH,20090622,71.99,71.99,71.99,71.99,400
IJP,20090622,11.85,11.98,11.85,11.98,400
IKO,20090622,43.57,43.57,43.57,43.57,100
ILF,20090622,0.054,0.055,0.053,0.054,716536
ILU,20090622,3.06,3.11,3.04,3.08,1989325
IMA,20090622,0.73,0.735,0.705,0.705,103646
IMC,20090622,0.033,0.033,0.033,0.033,10206
IMD,20090622,0.66,0.67,0.62,0.62,923137
IMF,20090622,1.69,1.69,1.65,1.68,217221
IMI,20090622,0.004,0.005,0.004,0.004,39366645
IMP,20090622,0.008,0.008,0.007,0.008,3050327
IMU,20090622,0.073,0.073,0.072,0.072,389199
INE,20090622,0.52,0.52,0.5,0.515,66600
INL,20090622,0.015,0.015,0.015,0.015,640000
INP,20090622,0.24,0.24,0.225,0.235,253659
INT,20090622,0.021,0.021,0.02,0.02,2364328
IOF,20090622,0.49,0.51,0.48,0.505,29083290
IOH,20090622,0.785,0.785,0.615,0.68,414810
IOO,20090622,63.45,64.16,63.45,64.05,630
IPD,20090622,0.64,0.64,0.64,0.64,3400
IPE,20090622,0.18,0.195,0.18,0.195,149143
IPL,20090622,2.46,2.48,2.43,2.45,5994882
IPP,20090622,0.13,0.13,0.13,0.13,30000
IPR,20090622,0.07,0.07,0.068,0.07,301500
IPT,20090622,0.145,0.145,0.145,0.145,20000
IPX,20090622,0.11,0.125,0.11,0.125,8500
IRC,20090622,0.13,0.13,0.13,0.13,30000
IRD,20090622,0.18,0.2,0.18,0.18,237934
IRE,20090622,7.12,7.12,7,7.05,194717
IRG,20090622,0.007,0.007,0.007,0.007,100000
IRH,20090622,0.051,0.051,0.047,0.047,238962
IRI,20090622,0.3,0.3,0.285,0.285,20000
IRL,20090622,0.024,0.024,0.024,0.024,140000
IRM,20090622,0.097,0.097,0.096,0.096,147600
IRN,20090622,0.56,0.56,0.525,0.535,862965
ISF,20090622,0.67,0.675,0.66,0.67,1442482
ISK,20090622,0.19,0.19,0.175,0.175,56006
ISS,20090622,0.16,0.16,0.155,0.155,60000
ITC,20090622,0.049,0.049,0.042,0.043,4942123
ITD,20090622,0.084,0.084,0.084,0.084,14000
IVA,20090622,1.8,1.9,1.76,1.89,59531
IVC,20090622,5.55,5.63,5.55,5.61,98999
IVE,20090622,58.8,59.1,58.8,59.1,709
IVV,20090622,115.3,116.42,115.3,116.34,909
IWI,20090622,0.305,0.315,0.275,0.31,154445
IXJ,20090622,57.99,58.04,57.86,57.86,2210
IXP,20090622,60.73,60.79,60.67,60.67,2014
IXR,20090622,0.255,0.255,0.25,0.25,77550
IZZ,20090622,46.54,48.74,46.5,48.64,12113
JAL,20090622,0.37,0.37,0.35,0.35,79172
JAT,20090622,0.033,0.033,0.032,0.032,500000
JBH,20090622,14.15,14.55,14.05,14.47,551255
JET,20090622,0.78,0.78,0.77,0.77,11947
JGL,20090622,0.097,0.099,0.097,0.099,53778
JHX,20090622,4.02,4.22,4.02,4.2,3110538
JMB,20090622,0.4,0.4,0.39,0.39,20555
JML,20090622,0.275,0.275,0.26,0.27,1678974
JMS,20090622,0.19,0.195,0.18,0.19,234350
JPR,20090622,0.039,0.04,0.032,0.034,691959
JRL,20090622,0.455,0.455,0.45,0.45,8295
JRV,20090622,0.006,0.006,0.006,0.006,12120360
JVG,20090622,0.017,0.017,0.017,0.017,84000
KAM,20090622,0.35,0.35,0.35,0.35,3157
KAR,20090622,7.33,7.44,7.16,7.41,598528
KAT,20090622,0.54,0.54,0.54,0.54,10000
KBC,20090622,0.072,0.072,0.07,0.07,414021
KCN,20090622,6.38,6.52,6.38,6.46,238745
KEN,20090622,0.11,0.11,0.11,0.11,5700
KEY,20090622,0.145,0.145,0.145,0.145,43333
KGL,20090622,0.04,0.04,0.037,0.037,364000
KIK,20090622,0.18,0.195,0.17,0.185,1135462
KIL,20090622,0.565,0.595,0.565,0.59,130562
KLM,20090622,0.13,0.13,0.13,0.13,1000
KML,20090622,0.02,0.02,0.02,0.02,150000
KMN,20090622,0.105,0.11,0.105,0.105,47471
KOG,20090622,0.046,0.046,0.046,0.046,45000
KOR,20090622,0.07,0.07,0.065,0.065,140000
KRM,20090622,0.385,0.385,0.365,0.365,654034
KRS,20090622,0.14,0.14,0.14,0.14,344642
KSC,20090622,2.29,2.29,2.29,2.29,423
KSX,20090622,0.046,0.048,0.044,0.044,1380590
KTE,20090622,0.035,0.035,0.032,0.032,111113
KYC,20090622,0.315,0.33,0.315,0.32,32700
KZL,20090622,0.725,0.745,0.685,0.685,6075579
LAT,20090622,0.032,0.034,0.032,0.034,1010154
LAU,20090622,0.185,0.185,0.185,0.185,2214
LBL,20090622,0.1,0.1,0.1,0.1,105000
LBT,20090622,0.135,0.135,0.135,0.135,287000
LBY,20090622,0.1,0.1,0.09,0.099,685415
LCM,20090622,0.53,0.54,0.53,0.54,40000
LCT,20090622,0.195,0.195,0.18,0.18,450925
LDW,20090622,1.45,1.45,1.4,1.45,19365
LEG,20090622,0.024,0.025,0.024,0.024,578000
LEI,20090622,22.8,23.23,22.75,23,469111
LEP,20090622,2.43,2.47,2.38,2.39,32734
LGD,20090622,0.081,0.081,0.081,0.081,18000
LGL,20090622,2.88,2.95,2.87,2.93,17106429
LGO,20090622,0.011,0.011,0.011,0.011,410000
LIC,20090622,0.032,0.035,0.03,0.03,363995
LIN,20090622,0.076,0.076,0.076,0.076,2500
LIO,20090622,0.04,0.04,0.038,0.038,42700
LKO,20090622,0.008,0.009,0.008,0.008,57127941
LLA,20090622,0.018,0.018,0.018,0.018,59597
LLC,20090622,7.14,7.3,7.1,7.17,712569
LLP,20090622,0.099,0.105,0.098,0.105,895941
LMC,20090622,3.47,3.47,3.47,3.47,1338
LMG,20090622,0.005,0.005,0.005,0.005,500000
LML,20090622,0.11,0.11,0.11,0.11,150000
LMP,20090622,0.11,0.11,0.11,0.11,49641
LNG,20090622,0.535,0.55,0.525,0.55,372940
LNN,20090622,11.51,11.52,11.5,11.52,2373408
LOD,20090622,0.12,0.145,0.12,0.145,5342856
LOM,20090622,0.035,0.035,0.034,0.034,140000
LRF,20090622,0.535,0.545,0.535,0.545,110995
LRG,20090622,0.018,0.018,0.017,0.017,388247
LRL,20090622,0.105,0.105,0.1,0.1,29450
LSA,20090622,0.011,0.011,0.01,0.01,2905104
LSL,20090622,0.019,0.019,0.019,0.019,10000
LSR,20090622,0.042,0.043,0.042,0.043,55270
LST,20090622,1.03,1.065,1.03,1.03,86086
LTR,20090622,0.025,0.025,0.025,0.025,996920
LUM,20090622,0.005,0.005,0.005,0.005,400000
LWB,20090622,1.6,1.6,1.6,1.6,14400
LYC,20090622,0.5,0.51,0.475,0.475,2834233
LYL,20090622,1.5,1.5,1.49,1.49,13700
MAB,20090622,0.03,0.03,0.03,0.03,85000
MAE,20090622,0.295,0.295,0.25,0.26,1457648
MAH,20090622,0.37,0.37,0.355,0.355,4403134
MAK,20090622,0.57,0.59,0.555,0.56,667575
MAN,20090622,0.013,0.013,0.009,0.009,1438889
MAP,20090622,2.33,2.35,2.24,2.32,6207661
MAR,20090622,0.061,0.061,0.061,0.061,9000
MAT,20090622,0.115,0.115,0.115,0.115,90000
MAU,20090622,0.1,0.135,0.1,0.13,29888
MBN,20090622,2.55,2.66,2.55,2.64,539208
MBP,20090622,0.028,0.028,0.026,0.026,1017000
MBT,20090622,0.175,0.18,0.165,0.175,381250
MCB,20090622,0.012,0.012,0.01,0.011,1074903
MCC,20090622,6.68,6.79,6.36,6.45,1290072
MCG,20090622,2.95,2.96,2.94,2.94,14099173
MCK,20090622,0.295,0.295,0.295,0.295,13100
MCO,20090622,0.15,0.15,0.15,0.15,3700
MCP,20090622,1.81,1.82,1.72,1.79,1329299
MCR,20090622,1.5,1.53,1.4,1.46,842814
MCU,20090622,0.575,0.615,0.575,0.61,136868
MCW,20090622,0.485,0.535,0.48,0.53,14339392
MDA,20090622,0.045,0.045,0.04,0.04,110000
MDL,20090622,0.63,0.65,0.605,0.645,1360229
MDT,20090622,0.125,0.13,0.11,0.11,14054599
MDV,20090622,0.011,0.011,0.011,0.011,50000
MEI,20090622,0.1,0.1,0.09,0.095,47670
MEL,20090622,0.57,0.57,0.55,0.56,527190
MEO,20090622,0.235,0.27,0.23,0.245,31270666
MEP,20090622,0.285,0.285,0.285,0.285,29750
MES,20090622,0.11,0.11,0.11,0.11,332
MET,20090622,0.125,0.125,0.125,0.125,28000
MEU,20090622,0.07,0.07,0.064,0.064,28400
MFF,20090622,0.525,0.53,0.52,0.525,387542
MFG,20090622,0.535,0.535,0.505,0.51,75384
MFI,20090622,0.012,0.012,0.01,0.011,676899
MGK,20090622,0.031,0.033,0.031,0.033,255000
MGO,20090622,0.105,0.105,0.105,0.105,53500
MGR,20090622,1.11,1.12,1.08,1.085,12838534
MGU,20090622,0.07,0.07,0.07,0.07,90000
MGX,20090622,0.96,1.02,0.955,0.985,4632576
MGZ,20090622,0.095,0.105,0.095,0.105,75576
MHL,20090622,0.002,0.003,0.002,0.003,1200000
MHM,20090622,0.063,0.063,0.063,0.063,100000
MIG,20090622,1.415,1.475,1.415,1.47,7823160
MII,20090622,0.055,0.055,0.054,0.054,200000
MIK,20090622,0.043,0.043,0.043,0.043,17000
MIN,20090622,3.93,3.93,3.78,3.9,21199
MIR,20090622,1.55,1.55,1.52,1.52,46628
MIX,20090622,0.087,0.087,0.081,0.082,341000
MKY,20090622,0.012,0.012,0.01,0.011,558793
MLB,20090622,1.7,1.75,1.67,1.705,80380
MLE,20090622,1.385,1.4,1.365,1.395,416965
MLI,20090622,0.049,0.05,0.048,0.048,538909
MLM,20090622,0.31,0.31,0.305,0.305,130721
MLS,20090622,0.036,0.036,0.034,0.034,1546784
MLT,20090622,14.85,14.85,14.62,14.65,36405
MLX,20090622,0.125,0.125,0.12,0.12,353833
MMA,20090622,0.425,0.425,0.42,0.425,462001
MMB,20090622,0.46,0.46,0.44,0.45,212250
MMG,20090622,1.36,1.38,1.335,1.375,274857
MML,20090622,2.2,2.24,2.16,2.19,441013
MMR,20090622,0.12,0.125,0.11,0.11,25000
MMS,20090622,2.94,2.95,2.89,2.89,34966
MMX,20090622,1.69,1.69,1.62,1.64,1211717
MMY,20090622,0.05,0.05,0.05,0.05,146026
MMZ,20090622,0.003,0.003,0.003,0.003,23000
MND,20090622,11.14,11.4,11.11,11.3,337773
MNL,20090622,0.22,0.22,0.22,0.22,99999
MNM,20090622,0.034,0.035,0.033,0.035,817452
MNW,20090622,0.04,0.04,0.04,0.04,21000
MOC,20090622,1.015,1.03,0.975,1.02,243313
MOF,20090622,0.215,0.23,0.215,0.23,34622701
MOG,20090622,0.047,0.047,0.035,0.035,70000
MOL,20090622,0.61,0.665,0.61,0.66,853491
MOS,20090622,0.155,0.155,0.15,0.15,373279
MOX,20090622,0.052,0.053,0.052,0.053,25000
MOY,20090622,0.034,0.035,0.032,0.034,622223
MPA,20090622,0.069,0.069,0.069,0.069,13150
MPD,20090622,0.008,0.008,0.008,0.008,21000
MPF,20090622,0.083,0.085,0.083,0.085,145537
MPI,20090622,0.016,0.019,0.016,0.016,84000
MPJ,20090622,0.003,0.003,0.003,0.003,230000
MPO,20090622,1.115,1.195,1.08,1.195,1008183
MPS,20090622,0.115,0.115,0.105,0.105,270000
MQG,20090622,37.16,37.89,36.6,37.82,1889510
MRE,20090622,0.805,0.825,0.785,0.795,2700551
MRK,20090622,0.01,0.01,0.01,0.01,635379
MRM,20090622,1.75,1.78,1.73,1.78,219916
MRO,20090622,0.084,0.084,0.084,0.084,19786
MRU,20090622,3.38,3.48,3.24,3.38,158174
MRZ,20090622,0.3,0.33,0.3,0.3,372065
MSB,20090622,0.82,0.82,0.82,0.82,10890
MSC,20090622,0.005,0.005,0.004,0.004,14693317
MSH,20090622,0.155,0.16,0.15,0.155,653334
MSR,20090622,0.11,0.11,0.11,0.11,4000
MST,20090622,0.032,0.035,0.031,0.033,673323
MTB,20090622,0.014,0.014,0.014,0.014,6500
MTD,20090622,0.04,0.04,0.04,0.04,200000
MTH,20090622,0.16,0.165,0.16,0.165,95315
MTN,20090622,0.83,0.83,0.81,0.82,36121
MTS,20090622,4.15,4.16,4.06,4.1,3164981
MTU,20090622,0.795,0.795,0.78,0.78,97766
MTY,20090622,0.025,0.025,0.025,0.025,231249
MUE,20090622,0.125,0.13,0.125,0.13,182000
MUM,20090622,0.087,0.087,0.087,0.087,25000
MUN,20090622,0.44,0.45,0.42,0.42,1024607
MVU,20090622,0.13,0.13,0.13,0.13,17857
MWS,20090622,0.015,0.015,0.012,0.013,175000
MXI,20090622,0.255,0.255,0.245,0.245,242691
MXQ,20090622,0.027,0.035,0.025,0.03,896000
MXR,20090622,0.025,0.025,0.025,0.025,426000
NAB,20090622,22.07,22.52,22.07,22.49,6997714
NAD,20090622,0.015,0.016,0.015,0.015,25642281
NAG,20090622,0.04,0.04,0.039,0.039,120000
NAM,20090622,0.4,0.4,0.4,0.4,12500
NAN,20090622,0.46,0.475,0.45,0.475,39240
NAV,20090622,0.21,0.21,0.205,0.21,186732
NBL,20090622,0.92,0.94,0.9,0.9,131942
NCM,20090622,31.21,31.54,30.85,31.22,1489894
NDO,20090622,0.19,0.195,0.185,0.195,3145655
NEC,20090622,0.37,0.37,0.35,0.36,348825
NEM,20090622,5.2,5.24,5.17,5.24,64164
NEU,20090622,0.029,0.029,0.025,0.025,3992753
NFE,20090622,1.47,1.47,1.34,1.42,87075
NFK,20090622,0.58,0.58,0.55,0.565,76970
NGE,20090622,0.084,0.085,0.081,0.084,835000
NGF,20090622,0.225,0.225,0.21,0.215,947535
NGM,20090622,0.22,0.24,0.205,0.22,1714579
NHC,20090622,4.54,4.54,4.41,4.48,245505
NHF,20090622,0.885,0.89,0.87,0.89,471063
NHR,20090622,1.49,1.49,1.49,1.49,5696
NIO,20090622,0.022,0.022,0.022,0.022,24300
NKP,20090622,0.31,0.31,0.26,0.285,317242
NLB,20090622,1.6,1.6,1.55,1.55,13700
NLG,20090622,0.008,0.008,0.007,0.007,140000
NME,20090622,0.19,0.19,0.19,0.19,7000
NMI,20090622,0.022,0.023,0.022,0.023,301139
NMR,20090622,0.066,0.066,0.066,0.066,71000
NMS,20090622,0.57,0.58,0.47,0.545,3199062
NOD,20090622,0.55,0.56,0.53,0.535,1297591
NQM,20090622,0.265,0.265,0.265,0.265,12008
NRT,20090622,0.615,0.65,0.615,0.65,23473
NRU,20090622,0.028,0.028,0.027,0.027,56635
NSE,20090622,0.051,0.051,0.05,0.05,205587
NSL,20090622,0.011,0.011,0.011,0.011,1023448
NSN,20090622,1.305,1.5,1.305,1.5,8549
NST,20090622,0.025,0.025,0.025,0.025,157721
NTC,20090622,0.165,0.165,0.165,0.165,40000
NTU,20090622,0.23,0.23,0.21,0.21,16146
NUF,20090622,10.75,10.82,10.32,10.6,1100436
NUP,20090622,0.035,0.035,0.033,0.034,636867
NVT,20090622,2.7,2.71,2.64,2.67,102481
NWE,20090622,0.021,0.022,0.02,0.02,1718120
NWH,20090622,0.82,0.855,0.81,0.84,2220480
NWR,20090622,0.052,0.052,0.051,0.051,79150
NWS,20090622,13.52,13.64,13.26,13.57,1170607
NWT,20090622,0.004,0.004,0.003,0.004,5353500
NXS,20090622,0.425,0.425,0.395,0.4,10872691
NZO,20090622,1.25,1.27,1.23,1.27,38900
OAK,20090622,0.61,0.61,0.6,0.6,50300
OBJ,20090622,0.005,0.005,0.004,0.004,266000
OBL,20090622,0.015,0.015,0.015,0.015,210440
OCL,20090622,0.315,0.315,0.31,0.31,8000
ODY,20090622,0.11,0.11,0.11,0.11,500000
OEC,20090622,0.063,0.063,0.062,0.063,179045
OEL,20090622,0.074,0.077,0.074,0.075,2423042
OEX,20090622,0.175,0.18,0.175,0.175,310893
OFG,20090622,0.43,0.43,0.425,0.425,138382
OGC,20090622,1.15,1.17,1.065,1.09,436942
OIF,20090622,0.155,0.155,0.155,0.155,19188
OIL,20090622,0.046,0.046,0.046,0.046,18000
OKJ,20090622,0.07,0.07,0.07,0.07,122500
OKN,20090622,1.765,1.8,1.75,1.75,110333
OKU,20090622,0.09,0.09,0.09,0.09,25000
OLE,20090622,0.003,0.003,0.003,0.003,1000000
OLY,20090622,0.023,0.023,0.023,0.023,35000
OMH,20090622,1.26,1.295,1.25,1.285,481389
OMI,20090622,0.18,0.18,0.14,0.14,56075
ONC,20090622,0.185,0.185,0.18,0.18,128000
ORD,20090622,0.029,0.029,0.028,0.028,510000
ORE,20090622,0.59,0.59,0.58,0.59,20205
ORG,20090622,14.5,14.76,14.45,14.52,2634577
ORH,20090622,0.052,0.054,0.05,0.054,40000
ORI,20090622,20.55,20.88,20.37,20.68,1101398
ORL,20090622,3.66,3.69,3.64,3.64,30570
OSH,20090622,5.73,5.74,5.43,5.48,7483388
OST,20090622,2.46,2.53,2.44,2.52,4950197
OUM,20090622,0.037,0.037,0.037,0.037,62500
OVR,20090622,0.082,0.09,0.082,0.09,88000
OZL,20090622,0.93,0.945,0.925,0.935,16260812
PAA,20090622,0.02,0.02,0.02,0.02,86667
PAG,20090622,1,1.03,1,1.03,358271
PAN,20090622,2.5,2.55,2.42,2.52,978055
PAX,20090622,0.155,0.16,0.155,0.16,198000
PBB,20090622,0.225,0.225,0.225,0.225,4000
PBD,20090622,0.375,0.375,0.375,0.375,67104
PBG,20090622,0.82,0.825,0.79,0.805,9481177
PBP,20090622,1.935,1.965,1.92,1.92,11190
PBT,20090622,0.175,0.175,0.16,0.16,71200
PCL,20090622,0.034,0.034,0.029,0.03,3246800
PCP,20090622,0.02,0.021,0.02,0.02,157000
PDM,20090622,0.045,0.046,0.045,0.046,232000
PDN,20090622,4.49,4.7,4.46,4.7,3530071
PDY,20090622,0.029,0.03,0.024,0.025,11561393
PDZ,20090622,0.135,0.135,0.13,0.13,133015
PEK,20090622,0.024,0.024,0.024,0.024,10000
PEM,20090622,0.41,0.415,0.375,0.385,1130379
PEN,20090622,0.033,0.033,0.03,0.03,4248728
PET,20090622,0.535,0.535,0.53,0.53,10678
PEV,20090622,0.015,0.015,0.015,0.015,401693
PFG,20090622,0.11,0.11,0.11,0.11,41500
PFL,20090622,0.68,0.68,0.67,0.68,70098
PGA,20090622,1.6,1.65,1.545,1.555,45584
PGL,20090622,0.81,0.83,0.81,0.83,29807
PGM,20090622,0.33,0.33,0.33,0.33,44435
PGS,20090622,0.09,0.095,0.09,0.092,849690
PHG,20090622,0.089,0.093,0.089,0.093,31676
PHK,20090622,0.12,0.12,0.12,0.12,131207
PIE,20090622,0.009,0.009,0.009,0.009,107826
PIO,20090622,0.027,0.028,0.026,0.028,1242175
PLA,20090622,1.065,1.07,1.03,1.05,703194
PLB,20090622,0.515,0.515,0.515,0.515,10000
PLI,20090622,0.61,0.615,0.6,0.6,75988
PLT,20090622,0.1,0.1,0.098,0.098,62392
PLV,20090622,0.85,0.88,0.85,0.85,74625
PMC,20090622,1.425,1.43,1.42,1.42,87901
PMH,20090622,0.094,0.094,0.094,0.094,25020
PMP,20090622,0.41,0.425,0.41,0.425,330815
PMV,20090622,5.4,5.41,5.35,5.38,88723
PMX,20090622,0.011,0.011,0.009,0.009,500000
PNA,20090622,0.35,0.385,0.34,0.385,33273322
PNN,20090622,0.33,0.33,0.32,0.32,102313
PNX,20090622,0.08,0.08,0.079,0.079,130300
POH,20090622,0.175,0.175,0.16,0.165,999661
POL,20090622,0.27,0.27,0.25,0.25,555000
POS,20090622,0.275,0.32,0.275,0.31,1410050
POZ,20090622,0.31,0.31,0.31,0.31,25000
PPC,20090622,1.465,1.55,1.465,1.55,97746
PPI,20090622,0.18,0.18,0.18,0.18,480000
PPK,20090622,0.275,0.275,0.275,0.275,140160
PPN,20090622,0.175,0.175,0.175,0.175,121052
PPP,20090622,0.41,0.415,0.405,0.415,459481
PPS,20090622,0.13,0.13,0.12,0.12,98000
PPT,20090622,28.06,29.57,28.06,29.45,125103
PPX,20090622,0.45,0.46,0.445,0.445,1919916
PPY,20090622,0.41,0.43,0.4,0.43,19464
PRC,20090622,0.9,0.91,0.9,0.91,116934
PRE,20090622,0.01,0.01,0.009,0.009,833242
PRG,20090622,2.72,2.76,2.72,2.74,280938
PRR,20090622,0.06,0.06,0.057,0.057,3096861
PRT,20090622,0.51,0.515,0.5,0.5,754644
PRU,20090622,0.83,0.83,0.77,0.81,423359
PRV,20090622,0.715,0.715,0.71,0.715,143083
PRW,20090622,0.135,0.145,0.13,0.13,7461067
PRY,20090622,5.52,5.54,5.34,5.45,2046313
PSA,20090622,0.31,0.31,0.3,0.3,192439
PSH,20090622,0.94,0.96,0.94,0.96,8074
PSP,20090622,0.018,0.018,0.018,0.018,125000
PST,20090622,0.32,0.32,0.32,0.32,91218
PSY,20090622,0.28,0.29,0.25,0.29,295000
PTM,20090622,4.18,4.21,4.1,4.21,222233
PTN,20090622,0.095,0.095,0.09,0.09,66011
PTO,20090622,0.012,0.012,0.012,0.012,235000
PTR,20090622,0.34,0.34,0.315,0.315,98546
PTS,20090622,0.055,0.055,0.055,0.055,101000
PVA,20090622,2.15,2.15,2.14,2.14,13925
PVE,20090622,1.335,1.39,1.335,1.35,501841
PWK,20090622,4.04,4.1,4,4.04,16724
PXR,20090622,0.016,0.016,0.016,0.016,25000
PXS,20090622,2.51,2.55,2.45,2.45,224292
PYC,20090622,0.048,0.048,0.048,0.048,100000
PYM,20090622,0.125,0.125,0.12,0.12,116663
QAN,20090622,2.04,2.07,1.985,2.01,8799983
QBE,20090622,19.29,19.63,19.21,19.5,2605785
QED,20090622,0.013,0.013,0.013,0.013,100000
QGM,20090622,0.022,0.022,0.02,0.02,70000
QHL,20090622,0.17,0.17,0.165,0.165,470364
QMG,20090622,0.012,0.012,0.011,0.011,685000
QML,20090622,0.325,0.335,0.31,0.335,114500
QNL,20090622,0.09,0.1,0.09,0.1,382
QOL,20090622,0.016,0.016,0.014,0.014,280000
QPN,20090622,0.008,0.008,0.008,0.008,192500
QRS,20090622,0.022,0.022,0.022,0.022,51112
QTM,20090622,0.235,0.27,0.23,0.265,477439
QUR,20090622,0.007,0.007,0.007,0.007,1350000
RAU,20090622,0.02,0.02,0.02,0.02,1496973
RAW,20090622,0.075,0.075,0.071,0.072,140000
RBM,20090622,0.017,0.018,0.016,0.017,3665786
RBX,20090622,0.075,0.075,0.075,0.075,215000
RBY,20090622,0.037,0.037,0.037,0.037,100000
RCG,20090622,0.365,0.365,0.35,0.36,102425
RCO,20090622,0.325,0.33,0.325,0.325,148000
RCR,20090622,0.64,0.64,0.62,0.62,194372
RCU,20090622,0.17,0.17,0.16,0.16,182576
RCY,20090622,0.185,0.19,0.18,0.18,1003923
RDF,20090622,2.05,2.05,1.9,1.98,561307
RDM,20090622,0.23,0.23,0.21,0.215,628500
RDR,20090622,0.28,0.28,0.255,0.255,169000
REA,20090622,6.31,6.38,6.07,6.15,147787
RED,20090622,0.079,0.08,0.077,0.077,593123
REF,20090622,0.68,0.71,0.68,0.695,110796
REO,20090622,0.015,0.015,0.015,0.015,121507
RER,20090622,0.04,0.04,0.039,0.039,323789
RES,20090622,0.7,0.7,0.67,0.7,24750
REX,20090622,0.8,0.83,0.8,0.805,71414
REY,20090622,0.095,0.095,0.095,0.095,214616
RFE,20090622,1.1,1.125,1.025,1.06,555725
RFG,20090622,1.6,1.6,1.56,1.58,11356
RFL,20090622,0.071,0.075,0.071,0.075,11520
RFT,20090622,0.003,0.003,0.003,0.003,209626
RHC,20090622,11.06,11.46,11.06,11.34,274373
RHE,20090622,0.11,0.11,0.11,0.11,15000
RHG,20090622,0.475,0.49,0.475,0.49,1730625
RHL,20090622,1.75,1.75,1.73,1.73,3600
RHT,20090622,0.014,0.014,0.014,0.014,10000
RIA,20090622,0.15,0.15,0.15,0.15,69778
RIC,20090622,0.755,0.77,0.755,0.77,69229
RIO,20090622,50.64,51.22,49.35,50,9932328
RIV,20090622,5.5,5.73,5.37,5.68,669068
RKN,20090622,1.225,1.24,1.225,1.225,9203
RLC,20090622,0.023,0.028,0.023,0.028,123545
RMD,20090622,4.94,4.96,4.91,4.95,516456
RMG,20090622,0.008,0.008,0.008,0.008,360000
RMI,20090622,0.004,0.004,0.004,0.004,121378
RML,20090622,0.071,0.071,0.068,0.071,255000
RMS,20090622,0.555,0.56,0.55,0.55,333021
RMT,20090622,0.031,0.031,0.03,0.03,182000
RNC,20090622,0.025,0.025,0.023,0.023,52000
RND,20090622,0.33,0.33,0.33,0.33,37000
RNG,20090622,0.022,0.023,0.022,0.022,428611
RNI,20090622,0.02,0.02,0.02,0.02,160000
RNY,20090622,0.096,0.098,0.086,0.086,1018702
ROC,20090622,0.9,0.92,0.87,0.91,6382686
ROG,20090622,0.011,0.011,0.011,0.011,500000
ROK,20090622,2.37,2.37,2.37,2.37,8200
ROL,20090622,0.645,0.65,0.6,0.64,114500
ROY,20090622,0.066,0.066,0.066,0.066,6000
RPC,20090622,0.016,0.016,0.016,0.016,255000
RRA,20090622,0.72,0.72,0.7,0.7,270450
RRL,20090622,0.505,0.515,0.495,0.495,292376
RRS,20090622,0.048,0.05,0.048,0.048,753956
RSG,20090622,0.7,0.7,0.67,0.68,1060240
RSN,20090622,0.004,0.004,0.003,0.004,2285400
RUB,20090622,0.028,0.028,0.027,0.027,135600
RUL,20090622,0.55,0.55,0.55,0.55,1000
RUM,20090622,0.085,0.085,0.082,0.082,212500
RVR,20090622,0.073,0.073,0.073,0.073,85000
RWD,20090622,0.37,0.37,0.37,0.37,16000
RXL,20090622,0.023,0.023,0.023,0.023,30000
RXM,20090622,0.58,0.595,0.57,0.57,167778
RZR,20090622,0.033,0.033,0.033,0.033,50000
SAE,20090622,0.1,0.1,0.095,0.097,1139553
SAI,20090622,2.66,2.75,2.66,2.71,98428
SAR,20090622,0.21,0.215,0.195,0.2,1041050
SAU,20090622,0.12,0.12,0.12,0.12,99007
SAV,20090622,0.135,0.135,0.13,0.13,200047
SAY,20090622,0.1,0.1,0.09,0.1,177717
SBI,20090622,0.1,0.1,0.1,0.1,16500
SBL,20090622,0.019,0.02,0.019,0.02,660000
SBM,20090622,0.235,0.24,0.235,0.24,1664042
SBS,20090622,0.025,0.025,0.025,0.025,500000
SCC,20090622,0.14,0.14,0.14,0.14,10543
SDG,20090622,0.69,0.695,0.66,0.665,946758
SDI,20090622,0.24,0.255,0.23,0.23,180000
SDL,20090622,0.17,0.175,0.16,0.165,10489184
SDM,20090622,1,1.015,0.955,0.955,221256
SEA,20090622,0.09,0.09,0.09,0.09,21856
SEK,20090622,4.28,4.29,4.11,4.16,614867
SEN,20090622,0.04,0.04,0.037,0.037,747143
SER,20090622,0.014,0.014,0.013,0.014,116892
SEV,20090622,5.41,5.52,5.38,5.47,152511
SEY,20090622,0.068,0.068,0.065,0.065,72550
SFC,20090622,4.25,4.3,4.1,4.3,8030
SFH,20090622,0.58,0.59,0.5,0.54,82166
SFR,20090622,0.95,1.07,0.935,0.95,2431292
SFY,20090622,38.76,39.04,38.74,38.87,24190
SGH,20090622,1.72,1.74,1.72,1.74,12500
SGM,20090622,23.1,25.1,23.1,24.85,682309
SGN,20090622,0.605,0.615,0.555,0.595,484342
SGP,20090622,3.03,3.04,2.98,3,16248472
SGT,20090622,2.51,2.52,2.48,2.5,940794
SGX,20090622,5.3,5.56,5.27,5.41,13624080
SGY,20090622,0.032,0.032,0.032,0.032,100000
SGZ,20090622,0.1,0.1,0.09,0.09,50000
SHC,20090622,0.06,0.06,0.06,0.06,30000
SHE,20090622,0.029,0.029,0.027,0.027,50000
SHL,20090622,12.2,12.23,11.75,11.8,1487745
SHV,20090622,2.25,2.3,2.1,2.2,87525
SHX,20090622,0.15,0.15,0.15,0.15,4710
SIE,20090622,0.48,0.49,0.48,0.48,415394
SIP,20090622,1.07,1.14,1.06,1.135,3853908
SIV,20090622,0.95,0.95,0.95,0.95,120
SKC,20090622,2.2,2.21,2.18,2.21,140227
SKE,20090622,1.3,1.34,1.3,1.3,16624
SKI,20090622,1.12,1.135,1.11,1.11,2072013
SLA,20090622,0.089,0.09,0.088,0.088,239000
SLF,20090622,6.73,6.89,6.54,6.76,188929
SLM,20090622,3.4,3.6,3.4,3.55,358554
SLR,20090622,0.655,0.66,0.64,0.65,375261
SLV,20090622,1.39,1.445,1.38,1.445,143068
SLX,20090622,5.9,6.02,5.9,5.99,54010
SMA,20090622,0.01,0.01,0.01,0.01,530650
SMD,20090622,0.12,0.12,0.115,0.115,30000
SML,20090622,0.017,0.017,0.017,0.017,86086
SMM,20090622,1.765,1.805,1.755,1.755,12329
SMN,20090622,0.006,0.006,0.005,0.005,860619
SMX,20090622,3.29,3.5,3.21,3.5,468532
SND,20090622,0.285,0.285,0.27,0.275,92500
SNO,20090622,0.345,0.345,0.325,0.325,25000
SNU,20090622,0.089,0.09,0.089,0.09,95000
SOE,20090622,0.082,0.082,0.08,0.082,271094
SOL,20090622,10.41,10.58,10.28,10.4,78965
SOM,20090622,0.027,0.028,0.027,0.027,576900
SOO,20090622,0.05,0.05,0.05,0.05,62500
SOT,20090622,0.35,0.35,0.33,0.34,231566
SPH,20090622,0.79,0.79,0.68,0.71,74100
SPI,20090622,0.1,0.115,0.1,0.105,535770
SPL,20090622,0.305,0.32,0.3,0.31,82708
SPN,20090622,0.8,0.8,0.78,0.78,6320375
SPT,20090622,2.22,2.27,2.18,2.26,418306
SRH,20090622,0.45,0.45,0.44,0.44,12000
SRI,20090622,0.074,0.079,0.073,0.073,1530000
SRK,20090622,0.41,0.43,0.41,0.42,152142
SRL,20090622,1.875,1.93,1.83,1.9,1416362
SRM,20090622,0.036,0.036,0.032,0.032,245000
SRR,20090622,0.24,0.24,0.185,0.2,1121298
SRV,20090622,2.89,2.95,2.87,2.87,12044
SRX,20090622,3.28,3.49,3.28,3.3,46107
SRZ,20090622,0.05,0.05,0.041,0.041,164960
SSC,20090622,0.006,0.006,0.006,0.006,1020000
SSI,20090622,0.62,0.62,0.6,0.6,2976
SSM,20090622,0.435,0.435,0.42,0.425,541422
SSN,20090622,0.033,0.033,0.03,0.03,543500
SSS,20090622,0.008,0.009,0.008,0.009,1322935
STG,20090622,0.042,0.042,0.04,0.042,452651
STI,20090622,0.022,0.022,0.021,0.021,2700000
STO,20090622,14.9,14.94,14.62,14.7,4624806
STP,20090622,0.79,0.83,0.79,0.83,1525
STS,20090622,0.82,0.82,0.815,0.815,21450
STU,20090622,0.71,0.73,0.71,0.71,28540
STW,20090622,37.24,37.5,37.11,37.31,215813
STX,20090622,0.195,0.195,0.19,0.19,616464
STZ,20090622,0.051,0.055,0.051,0.055,120000
SUL,20090622,3.61,3.68,3.52,3.52,323199
SUN,20090622,6.4,6.44,6.17,6.27,4146027
SUR,20090622,0.087,0.087,0.08,0.08,910501
SVL,20090622,0.05,0.05,0.05,0.05,20242
SVM,20090622,0.062,0.062,0.062,0.062,50000
SWG,20090622,0.004,0.004,0.004,0.004,772800
SWK,20090622,0.43,0.47,0.41,0.43,914178
SWW,20090622,0.135,0.135,0.135,0.135,25400
SXG,20090622,0.068,0.069,0.068,0.068,95231
SXM,20090622,0.11,0.11,0.11,0.11,42500
SYG,20090622,0.005,0.005,0.004,0.004,275000
SYL,20090622,2.94,2.94,2.94,2.94,17700
SYM,20090622,0.475,0.49,0.475,0.49,58492
SYR,20090622,0.034,0.034,0.034,0.034,100000
SYS,20090622,0.038,0.038,0.035,0.035,144466
TAG,20090622,0.145,0.145,0.135,0.135,58000
TAH,20090622,6.92,7.16,6.92,7.16,4319402
TAL,20090622,2.54,2.65,2.54,2.6,541635
TAM,20090622,0.032,0.032,0.031,0.032,5720618
TAN,20090622,0.28,0.28,0.26,0.26,69761
TAP,20090622,1.17,1.17,1.115,1.15,179267
TAS,20090622,0.028,0.029,0.026,0.029,368367
TAW,20090622,0.03,0.03,0.03,0.03,28000
TBG,20090622,0.69,0.69,0.64,0.65,27600
TBR,20090622,0.84,0.84,0.84,0.84,9777
TCL,20090622,4.11,4.16,4.1,4.14,1570942
TCN,20090622,0.095,0.095,0.095,0.095,21299
TCQ,20090622,0.18,0.18,0.175,0.175,1957376
TDO,20090622,0.11,0.12,0.11,0.12,493370
TDX,20090622,0.028,0.028,0.028,0.028,50000
TEL,20090622,2.07,2.12,2.06,2.08,2796564
TEN,20090622,1.135,1.18,1.135,1.18,545222
TEU,20090622,0.07,0.07,0.07,0.07,1438
TEX,20090622,0.065,0.065,0.061,0.062,250132
TEY,20090622,0.19,0.2,0.19,0.2,25949
TFC,20090622,1.2,1.21,1.17,1.17,89356
TFS,20090622,0.13,0.13,0.13,0.13,50000
TGG,20090622,0.725,0.735,0.71,0.715,158250
TGP,20090622,0.32,0.33,0.32,0.32,77763
TGR,20090622,1.96,1.97,1.835,1.95,2356982
TGS,20090622,0.115,0.115,0.11,0.115,647721
TGX,20090622,0.032,0.032,0.032,0.032,16500
THG,20090622,0.23,0.24,0.22,0.235,329837
THO,20090622,0.59,0.59,0.57,0.57,49384
THR,20090622,0.032,0.032,0.032,0.032,79830
THX,20090622,0.165,0.17,0.16,0.16,236121
TIS,20090622,0.16,0.17,0.16,0.17,27500
TJN,20090622,0.55,0.55,0.55,0.55,81600
TKL,20090622,0.105,0.105,0.105,0.105,200000
TLM,20090622,0.305,0.305,0.305,0.305,20000
TLS,20090622,3.31,3.33,3.24,3.27,41855048
TLZ,20090622,0.19,0.19,0.19,0.19,800
TNC,20090622,0.005,0.005,0.005,0.005,100000
TNE,20090622,0.81,0.83,0.81,0.83,25374
TNG,20090622,0.052,0.055,0.05,0.054,294690
TOE,20090622,0.215,0.22,0.215,0.22,721901
TOL,20090622,6.61,6.77,6.44,6.44,4260540
TOX,20090622,1.83,1.9,1.8,1.8,44009
TPX,20090622,2.7,2.7,2.57,2.7,4409
TRF,20090622,0.25,0.26,0.235,0.235,836313
TRG,20090622,4.15,4.17,4.12,4.12,8920
TRH,20090622,0.175,0.175,0.175,0.175,8600
TRO,20090622,0.1,0.1,0.08,0.09,96000
TRS,20090622,12.45,12.5,12.25,12.25,42034
TRU,20090622,5.3,5.3,5.3,5.3,2000
TRY,20090622,1.32,1.32,1.28,1.28,158677
TSE,20090622,2.64,2.65,2.57,2.61,674466
TSF,20090622,0.017,0.017,0.017,0.017,4000
TSH,20090622,0.1,0.1,0.099,0.099,722470
TSI,20090622,1.08,1.08,1.01,1.03,201460
TSM,20090622,0.51,0.52,0.505,0.505,36224
TSO,20090622,0.305,0.31,0.295,0.3,677800
TSV,20090622,0.03,0.03,0.027,0.028,11924038
TTA,20090622,0.038,0.038,0.038,0.038,21008
TTH,20090622,0.014,0.014,0.014,0.014,13122
TTR,20090622,0.054,0.055,0.051,0.052,779480
TTS,20090622,2.56,2.57,2.51,2.54,4163600
TUC,20090622,0.09,0.1,0.09,0.1,37399
TWD,20090622,2.03,2.03,2.02,2.02,8500
TWO,20090622,0.97,0.97,0.97,0.97,6663
TWR,20090622,1.425,1.425,1.37,1.38,18096
TXN,20090622,0.255,0.255,0.245,0.245,103560
TZN,20090622,0.7,0.7,0.68,0.69,173813
UBI,20090622,0.95,0.95,0.95,0.95,30000
UCL,20090622,0.006,0.006,0.006,0.006,1815000
UCW,20090622,0.23,0.23,0.23,0.23,43000
UEQ,20090622,0.12,0.12,0.115,0.115,269085
UGL,20090622,9.8,9.95,9.7,9.83,605720
UMC,20090622,0.87,0.875,0.81,0.85,221429
UNI,20090622,0.3,0.3,0.29,0.3,474001
UNO,20090622,0.375,0.38,0.35,0.37,131286
UNX,20090622,0.4,0.4,0.4,0.4,41000
UOG,20090622,0.035,0.035,0.035,0.035,1400
URA,20090622,0.037,0.042,0.036,0.042,53386
URL,20090622,0.018,0.018,0.017,0.017,1128196
URM,20090622,0.04,0.043,0.04,0.043,148765
USA,20090622,0.087,0.087,0.076,0.076,976898
UTO,20090622,0.11,0.11,0.11,0.11,4558
UUL,20090622,0.082,0.082,0.076,0.082,298764
UXA,20090622,0.091,0.091,0.091,0.091,64058
UXC,20090622,0.47,0.49,0.43,0.49,442016
VAS,20090622,50.8,51.04,50.8,50.95,7033
VBA,20090622,0.32,0.33,0.305,0.315,11269213
VCN,20090622,0.11,0.11,0.105,0.105,766121
VEU,20090622,45.04,45.07,45.04,45.07,462
VGH,20090622,0.75,0.755,0.745,0.75,56243
VGP,20090622,0.012,0.012,0.012,0.012,16000
VHL,20090622,0.035,0.035,0.035,0.035,174719
VID,20090622,0.003,0.004,0.003,0.004,3724567
VIL,20090622,0.008,0.008,0.008,0.008,100000
VIR,20090622,0.225,0.235,0.225,0.235,109000
VLA,20090622,0.037,0.037,0.036,0.036,230000
VMG,20090622,0.205,0.205,0.19,0.19,792011
VML,20090622,0.05,0.05,0.046,0.047,334686
VMS,20090622,0.22,0.22,0.2,0.2,459361
VMT,20090622,0.065,0.076,0.06,0.069,474868
VNS,20090622,0.22,0.22,0.2,0.2,100000
VPE,20090622,0.395,0.415,0.385,0.39,478649
VPG,20090622,0.075,0.076,0.07,0.071,28643142
VRL,20090622,0.97,1,0.96,1,4661
VSC,20090622,0.21,0.21,0.21,0.21,10553
VTG,20090622,0.1,0.1,0.1,0.1,38000
VTP,20090622,0.765,0.77,0.75,0.75,64611
VTS,20090622,57.78,57.78,57.78,57.78,250
VWM,20090622,0.185,0.185,0.18,0.18,88692
VXR,20090622,0.04,0.04,0.04,0.04,240000
WAB,20090622,0.061,0.061,0.061,0.061,75123
WAL,20090622,0.06,0.06,0.06,0.06,2000
WAM,20090622,1.03,1.03,1.025,1.03,76926
WAN,20090622,4.4,4.62,4.4,4.6,323046
WAS,20090622,0.014,0.014,0.013,0.014,1400000
WAT,20090622,0.6,0.6,0.6,0.6,18905
WBA,20090622,0.62,0.62,0.6,0.605,98148
WBB,20090622,7.86,7.86,7.86,7.86,86
WBC,20090622,20.28,20.36,19.89,20.13,8094926
WCB,20090622,1.91,1.95,1.84,1.84,12350
WCL,20090622,0.52,0.535,0.515,0.52,68500
WCN,20090622,0.046,0.046,0.046,0.046,20000
WCP,20090622,0.031,0.031,0.03,0.03,213724
WCU,20090622,0.3,0.32,0.3,0.32,117210
WDC,20090622,11.15,11.18,10.87,10.92,7892652
WDR,20090622,0.13,0.13,0.13,0.13,41754
WDS,20090622,1.35,1.42,1.31,1.35,363455
WEB,20090622,1.29,1.335,1.29,1.335,35066
WEC,20090622,1.73,1.73,1.69,1.7,468186
WES,20090622,21.83,21.88,21.55,21.65,3052114
WFL,20090622,0.61,0.61,0.61,0.61,33000
WFM,20090622,0.069,0.069,0.066,0.066,77600
WGP,20090622,0.033,0.033,0.032,0.032,265479
WGR,20090622,0.29,0.29,0.29,0.29,47500
WHC,20090622,3.05,3.05,2.69,2.91,388591
WHE,20090622,0.27,0.27,0.265,0.265,419388
WHF,20090622,2.55,2.6,2.55,2.6,21059
WHG,20090622,0.94,0.94,0.91,0.92,129488
WHN,20090622,0.033,0.042,0.03,0.035,4866026
WHS,20090622,2.97,2.97,2.97,2.97,330
WIG,20090622,1.12,1.12,1.1,1.1,9500
WIL,20090622,0.59,0.59,0.585,0.59,139800
WKR,20090622,0.02,0.02,0.02,0.02,25000
WLF,20090622,0.46,0.46,0.46,0.46,60000
WME,20090622,0.24,0.245,0.23,0.235,774745
WOR,20090622,24.53,24.92,23.66,24.4,1028624
WOW,20090622,25.8,26.05,25.71,25.77,2633041
WPG,20090622,0.38,0.38,0.375,0.375,4850
WPL,20090622,41.96,41.96,40.87,41.3,1448451
WRK,20090622,0.285,0.295,0.28,0.285,1416791
WRL,20090622,0.07,0.07,0.07,0.07,70000
WRR,20090622,0.003,0.003,0.003,0.003,350000
WSA,20090622,5.5,5.52,5.3,5.5,527904
WTF,20090622,4.48,4.48,4.33,4.36,2137680
WTP,20090622,1.3,1.315,1.285,1.29,31521
WWA,20090622,2.16,2.16,2.16,2.16,2265
WWI,20090622,0.11,0.11,0.11,0.11,35000
WWM,20090622,0.071,0.071,0.071,0.071,13334
WYL,20090622,0.6,0.62,0.6,0.6,177300
XAF,20090622,3923.6,3923.6,3923.6,3923.6,0
XAO,20090622,3902.1,3924.9,3891.1,3910.8,0
XAT,20090622,391960,391960,391960,391960,0
XBW,20090622,396.96,396.96,396.96,396.96,0
XCD,20090622,0.03,0.03,0.03,0.03,176286
XDJ,20090622,1269.8,1276.8,1265.9,1276.8,0
XEJ,20090622,14432.3,14625.6,14389.9,14507.7,0
XEN,20090622,0.1,0.1,0.1,0.1,10000
XFJ,20090622,3675.3,3705.4,3665.4,3689.5,0
XFL,20090622,3932,3956.6,3920.9,3937.6,0
XGD,20090622,5015.3,5015.3,5015.3,5015.3,0
XHJ,20090622,7999.6,8075,7991.6,8009.6,0
XIJ,20090622,509.4,509.9,505.3,506.9,0
XJO,20090622,3908.9,3931.2,3897.6,3918.2,0
XKO,20090622,3904.2,3926.3,3892.8,3913.1,0
XMD,20090622,3486.3,3512.5,3477.9,3512.5,0
XMJ,20090622,10181.4,10237,10094.6,10206.3,0
XMM,20090622,3645.9,3645.9,3645.9,3645.9,0
XNJ,20090622,2984.7,3001.2,2969.1,2985,0
XPJ,20090622,732.7,742.1,728.2,731.7,0
XRF,20090622,0.1,0.1,0.1,0.1,30366
XSJ,20090622,6488.6,6529.4,6466.6,6477.2,0
XSO,20090622,2071.5,2080.1,2059.3,2080.1,0
XST,20090622,0.04,0.04,0.04,0.04,10000
XTJ,20090622,1142.7,1149.7,1120.7,1129.9,0
XTL,20090622,2365.7,2380.3,2357.5,2368.7,0
XTO,20090622,3202.3,3221.5,3193.6,3209.1,0
XUJ,20090622,4073.7,4085.4,4021,4029.4,0
XXJ,20090622,4241.7,4278,4230.9,4262.2,0
YRR,20090622,0.052,0.052,0.046,0.048,800467
YTC,20090622,0.27,0.3,0.27,0.3,208500
ZDX,20090622,0.086,0.087,0.086,0.087,50000
ZGL,20090622,0.1,0.1,0.1,0.1,136350
ZIM,20090622,7.85,7.85,7.85,7.85,3500
ZMG,20090622,0.01,0.01,0.01,0.01,100000
ZNC,20090622,0.036,0.036,0.035,0.035,30795
ZYL,20090622,0.02,0.02,0.02,0.02,310000
