AAC,20090420,1.63,1.63,1.545,1.565,343209
AAF,20090420,0.002,0.002,0.002,0.002,300000
AAG,20090420,0.092,0.092,0.092,0.092,170000
AAH,20090420,1.385,1.385,1.38,1.385,218800
AAL,20090420,0.08,0.08,0.08,0.08,10000
AAM,20090420,0.145,0.145,0.145,0.145,103500
AAO,20090420,0.034,0.034,0.034,0.034,25000
AAR,20090420,0.024,0.026,0.024,0.026,746875
AAU,20090420,0.25,0.25,0.25,0.25,300
AAX,20090420,4.27,4.29,3.64,3.72,1087141
ABB,20090420,6.33,6.39,6.21,6.27,263083
ABC,20090420,2.1,2.12,2.05,2.07,1040061
ABP,20090420,0.335,0.37,0.33,0.37,6592085
ABU,20090420,0.008,0.008,0.008,0.008,1000000
ABY,20090420,0.39,0.395,0.345,0.375,2167598
ACB,20090420,0.25,0.25,0.25,0.25,524105
ACE,20090420,0.052,0.052,0.052,0.052,20000
ACG,20090420,0.24,0.24,0.23,0.235,295856
ACL,20090420,0.36,0.41,0.36,0.41,558920
ACR,20090420,0.69,0.69,0.69,0.69,2778
ADD,20090420,0.02,0.02,0.02,0.02,11667
ADE,20090420,0.1,0.1,0.1,0.1,160000
ADI,20090420,0.052,0.052,0.049,0.05,550476
ADL,20090420,0.006,0.006,0.006,0.006,180000
ADU,20090420,0.4,0.4,0.37,0.37,50000
ADX,20090420,0.075,0.079,0.072,0.078,608752
ADY,20090420,0.026,0.027,0.025,0.026,12585642
AEC,20090420,1.55,1.58,1.55,1.58,18501
AED,20090420,0.715,0.715,0.68,0.7,153959
AEE,20090420,0.125,0.13,0.125,0.13,110547
AEF,20090420,23,23,23,23,490
AEM,20090420,0.012,0.012,0.012,0.012,190000
AEO,20090420,1.275,1.275,1.22,1.25,24167
AEP,20090420,2.3,2.45,2.3,2.37,121887
AET,20090420,0.12,0.12,0.12,0.12,87522
AEU,20090420,0.255,0.265,0.25,0.25,133000
AEX,20090420,0.006,0.006,0.006,0.006,210000
AEZ,20090420,0.043,0.044,0.039,0.04,4433496
AFI,20090420,4.5,4.53,4.4,4.42,202387
AGF,20090420,1,1.03,1,1.01,225830
AGG,20090420,8.44,8.46,8.39,8.46,3726
AGI,20090420,0.08,0.08,0.07,0.07,73750
AGK,20090420,14.68,14.76,14.48,14.68,662013
AGO,20090420,1.39,1.43,1.35,1.38,893812
AGS,20090420,0.685,0.685,0.6,0.625,952796
AGU,20090420,0.017,0.017,0.017,0.017,100000
AHD,20090420,4.19,4.2,4.19,4.2,2911
AHE,20090420,1.2,1.29,1.2,1.245,183661
AIA,20090420,1.375,1.375,1.375,1.375,902000
AIO,20090420,1.32,1.58,1.315,1.545,29948026
AIX,20090420,1.555,1.555,1.505,1.505,470129
AIZ,20090420,0.84,0.84,0.84,0.84,15604
AJL,20090420,3,3,2.91,2.96,161206
AKK,20090420,0.047,0.056,0.047,0.051,166776
ALD,20090420,0.36,0.36,0.345,0.35,278500
ALF,20090420,0.73,0.735,0.72,0.73,105730
ALK,20090420,0.23,0.23,0.225,0.225,47000
ALL,20090420,4.17,4.18,3.9,3.98,1739082
ALS,20090420,2.95,2.97,2.88,2.96,245759
ALU,20090420,0.45,0.45,0.45,0.45,2000
ALZ,20090420,0.435,0.44,0.4,0.425,6138363
AMC,20090420,5.11,5.21,5.02,5.11,2301530
AMH,20090420,0.55,0.56,0.55,0.55,56243
AMM,20090420,0.145,0.15,0.14,0.145,1029617
AMO,20090420,0.42,0.42,0.42,0.42,15000
AMP,20090420,5.39,5.43,5.18,5.23,5240309
AMU,20090420,0.38,0.395,0.37,0.37,42025
AMX,20090420,0.26,0.27,0.25,0.27,656762
AND,20090420,1.65,1.65,1.57,1.65,676570
ANG,20090420,1.37,1.37,1.295,1.295,56379
ANN,20090420,8.51,8.62,8.33,8.46,423871
ANP,20090420,0.031,0.033,0.031,0.033,305000
ANQ,20090420,0.3,0.3,0.3,0.3,12400
ANZ,20090420,16.81,17.06,16.6,17.05,6025224
AOA,20090420,0.23,0.23,0.23,0.23,10000
AOE,20090420,3.18,3.23,3.15,3.23,2337017
AOK,20090420,0.11,0.11,0.11,0.11,75000
AOM,20090420,0.006,0.006,0.006,0.006,250000
AON,20090420,0.19,0.2,0.19,0.2,20000
AOS,20090420,0.008,0.008,0.008,0.008,100000
APA,20090420,2.73,2.76,2.7,2.75,493337
APD,20090420,0.2,0.2,0.2,0.2,65000
APE,20090420,6.12,6.15,6.12,6.15,683
APG,20090420,0.04,0.04,0.039,0.039,311569
APH,20090420,0.2,0.2,0.155,0.155,110000
API,20090420,0.51,0.545,0.505,0.545,113082
APN,20090420,1.6,1.8,1.6,1.625,799027
APZ,20090420,0.415,0.42,0.405,0.405,929013
AQA,20090420,3.45,3.54,3.3,3.37,123453
AQD,20090420,0.125,0.13,0.125,0.125,120000
AQP,20090420,5.3,5.51,5.16,5.41,1066413
ARA,20090420,0.235,0.235,0.235,0.235,35600
ARD,20090420,0.075,0.075,0.075,0.075,27975
ARE,20090420,0.058,0.058,0.056,0.056,78045
ARG,20090420,5.8,5.82,5.76,5.76,139369
ARH,20090420,0.46,0.51,0.46,0.51,119437
ARM,20090420,0.071,0.071,0.071,0.071,10000
ARP,20090420,3.02,3.07,3.01,3.01,547733
ARU,20090420,0.35,0.375,0.35,0.375,1106658
ARV,20090420,0.04,0.04,0.04,0.04,5250
ARW,20090420,0.011,0.012,0.011,0.011,149142
ARX,20090420,0.014,0.014,0.014,0.014,5000
ASB,20090420,2.5,2.7,2.47,2.7,535915
ASL,20090420,1.08,1.1,1.02,1.06,204351
ASX,20090420,31.75,31.75,31.19,31.5,597154
ASZ,20090420,0.6,0.6,0.6,0.6,34350
ATI,20090420,0.007,0.007,0.007,0.007,550000
ATJ,20090420,0.075,0.075,0.075,0.075,135600
ATP,20090420,0.125,0.125,0.125,0.125,25000
ATQ,20090420,0.1,0.1,0.1,0.1,110000
ATR,20090420,1.6,1.6,1.6,1.6,3000
ATV,20090420,0.045,0.045,0.045,0.045,239580
ATW,20090420,0.015,0.015,0.015,0.015,10000
AUB,20090420,3.63,3.64,3.63,3.63,15692
AUI,20090420,5.3,5.3,5.3,5.3,6730
AUK,20090420,0.02,0.02,0.02,0.02,300000
AUN,20090420,0.71,0.735,0.7,0.72,3200132
AUQ,20090420,0.065,0.065,0.06,0.06,103880
AUT,20090420,0.115,0.115,0.11,0.115,500000
AUW,20090420,1.025,1.06,1.02,1.035,535711
AVA,20090420,0.105,0.105,0.105,0.105,10000
AVE,20090420,0.8,0.805,0.8,0.8,37500
AVG,20090420,0.245,0.295,0.245,0.295,65628
AVH,20090420,0.095,0.095,0.09,0.09,64268
AVJ,20090420,0.36,0.36,0.355,0.355,4361
AVM,20090420,1.6,1.6,1.48,1.48,19650
AVO,20090420,1.455,1.47,1.415,1.44,642333
AVX,20090420,0.1,0.1,0.09,0.091,1380892
AWB,20090420,1.245,1.295,1.235,1.275,1485661
AWC,20090420,1.65,1.75,1.64,1.72,9860944
AWE,20090420,2.46,2.49,2.42,2.43,889584
AXA,20090420,4.01,4.09,3.96,4,1866809
AXI,20090420,0.03,0.03,0.03,0.03,85000
AXM,20090420,0.25,0.25,0.24,0.245,1910231
AXO,20090420,0.2,0.245,0.2,0.245,1194082
AXT,20090420,0.04,0.04,0.04,0.04,20200
AXY,20090420,0.023,0.023,0.021,0.021,75000
AXZ,20090420,0.09,0.09,0.09,0.09,320
AYR,20090420,0.019,0.019,0.019,0.019,17300
AYT,20090420,1.195,1.195,1.18,1.185,122839
AZC,20090420,0.048,0.061,0.041,0.059,808566
AZD,20090420,0.003,0.003,0.003,0.003,500000
AZS,20090420,0.074,0.074,0.074,0.074,500
AZX,20090420,0.18,0.18,0.18,0.18,16666
AZZ,20090420,0.054,0.054,0.053,0.053,25000
BAR,20090420,0.062,0.062,0.062,0.062,50000
BAS,20090420,0.032,0.035,0.032,0.035,125878
BAU,20090420,0.27,0.27,0.27,0.27,24000
BBG,20090420,8.87,9.08,8.87,8.99,413444
BBI,20090420,0.071,0.072,0.069,0.072,6532831
BBL,20090420,0.32,0.32,0.32,0.32,1000
BBP,20090420,0.055,0.055,0.05,0.052,2753888
BBW,20090420,1.105,1.145,1.1,1.145,1402367
BCC,20090420,0.057,0.061,0.055,0.06,1425112
BCD,20090420,0.175,0.175,0.17,0.17,214211
BCI,20090420,0.54,0.58,0.54,0.545,61500
BCM,20090420,1,1.025,1,1,214168
BCN,20090420,0.007,0.008,0.007,0.008,2687500
BDG,20090420,0.22,0.22,0.21,0.215,753040
BDI,20090420,0.013,0.013,0.013,0.013,350000
BDL,20090420,0.063,0.063,0.057,0.059,247500
BDR,20090420,0.075,0.075,0.07,0.07,43478
BEC,20090420,0.175,0.18,0.165,0.175,636370
BEN,20090420,6.98,7,6.71,6.73,1317630
BET,20090420,1.45,1.45,1.45,1.45,2000
BFG,20090420,0.55,0.6,0.55,0.59,71550
BGD,20090420,0.02,0.022,0.02,0.022,924000
BGL,20090420,0.069,0.07,0.069,0.07,70000
BHP,20090420,33.26,33.38,32.57,32.88,10241613
BIS,20090420,0.25,0.25,0.25,0.25,18755
BIT,20090420,0.09,0.09,0.08,0.08,74053
BJT,20090420,0.29,0.31,0.28,0.295,2644079
BKI,20090420,1.04,1.04,1.02,1.02,100024
BKL,20090420,15,15,14.25,14.47,3709
BKM,20090420,0.004,0.004,0.004,0.004,492000
BKN,20090420,3.35,3.39,2.91,3.19,938177
BKW,20090420,11.1,11.1,11.03,11.1,9593
BKY,20090420,0.68,0.73,0.67,0.72,809014
BLD,20090420,3.89,3.89,3.68,3.8,5593518
BLG,20090420,0.22,0.22,0.215,0.22,215534
BLK,20090420,0.097,0.097,0.095,0.095,53000
BLP,20090420,0.05,0.052,0.05,0.052,1079260
BLR,20090420,0.04,0.041,0.039,0.041,1414200
BLT,20090420,0.027,0.027,0.027,0.027,100000
BLY,20090420,0.185,0.185,0.17,0.175,18890783
BLZ,20090420,0.004,0.004,0.004,0.004,700000
BML,20090420,0.034,0.034,0.034,0.034,17475
BMN,20090420,0.97,1.04,0.925,1,1838833
BMY,20090420,0.059,0.059,0.059,0.059,8475
BND,20090420,0.22,0.25,0.22,0.25,27875
BNO,20090420,0.21,0.225,0.21,0.225,25600
BOC,20090420,0.795,0.795,0.735,0.735,23108
BOE,20090420,0.061,0.061,0.061,0.061,30000
BOL,20090420,0.56,0.58,0.545,0.56,169556
BON,20090420,0.054,0.054,0.05,0.05,969170
BOQ,20090420,8.56,8.72,8.56,8.68,381058
BOS,20090420,0.008,0.008,0.007,0.007,650000
BOW,20090420,1.3,1.35,1.225,1.235,1148266
BPO,20090420,0.018,0.018,0.016,0.016,350000
BPT,20090420,0.78,0.79,0.775,0.775,4879899
BRC,20090420,0.2,0.21,0.19,0.21,3312430
BRG,20090420,0.69,0.69,0.68,0.68,63425
BRM,20090420,1.24,1.245,1.18,1.245,379860
BRU,20090420,0.245,0.245,0.23,0.235,969060
BRW,20090420,0.084,0.084,0.078,0.083,165000
BSA,20090420,0.18,0.18,0.175,0.175,137871
BSE,20090420,0.095,0.095,0.09,0.09,250000
BSL,20090420,2.65,2.72,2.62,2.67,5513804
BSM,20090420,0.165,0.17,0.165,0.17,235585
BSR,20090420,0.069,0.069,0.065,0.065,40000
BTA,20090420,0.675,0.72,0.66,0.72,608517
BTC,20090420,0.15,0.15,0.15,0.15,10000
BTR,20090420,0.41,0.42,0.37,0.37,257738
BTT,20090420,1.99,1.99,1.84,1.87,24880
BTV,20090420,0.093,0.093,0.093,0.093,70655
BUL,20090420,0.255,0.26,0.245,0.25,669244
BUR,20090420,0.046,0.046,0.046,0.046,323789
BUY,20090420,0.029,0.03,0.029,0.03,267000
BVA,20090420,0.22,0.22,0.195,0.205,189950
BWN,20090420,0.11,0.11,0.11,0.11,15385
BWP,20090420,1.8,1.92,1.79,1.865,728813
BXB,20090420,5.88,5.9,5.76,5.79,7646049
BYI,20090420,0.5,0.5,0.5,0.5,1000000
BYL,20090420,0.19,0.19,0.19,0.19,5000
CAA,20090420,0.084,0.085,0.084,0.085,43216
CAB,20090420,6.28,6.45,6.1,6.35,160651
CAF,20090420,0.2,0.2,0.2,0.2,14674
CAH,20090420,0.076,0.076,0.072,0.073,1439788
CAM,20090420,0.69,0.7,0.69,0.69,71584
CAP,20090420,0.051,0.051,0.05,0.05,49627
CAQ,20090420,0.08,0.08,0.08,0.08,75000
CAS,20090420,0.14,0.14,0.14,0.14,49510
CAU,20090420,0.012,0.012,0.012,0.012,50000
CAV,20090420,0.165,0.17,0.165,0.17,90050
CAZ,20090420,0.165,0.175,0.15,0.175,44926
CBA,20090420,37.5,37.5,36.22,36.5,3187423
CBD,20090420,0.035,0.035,0.032,0.032,500000
CBH,20090420,0.105,0.11,0.099,0.1,3312136
CCD,20090420,0.735,0.735,0.735,0.735,32300
CCF,20090420,0.12,0.12,0.12,0.12,152898
CCI,20090420,0.043,0.043,0.041,0.041,150000
CCL,20090420,8.34,8.47,8.3,8.39,3163174
CCP,20090420,1.1,1.12,1.09,1.105,70145
CCQ,20090420,0.39,0.39,0.38,0.38,31000
CCV,20090420,0.42,0.43,0.41,0.42,1849703
CDA,20090420,0.6,0.6,0.6,0.6,2000
CDD,20090420,3.2,3.27,3.19,3.25,130365
CDF,20090420,0.995,0.995,0.995,0.995,1400
CDI,20090420,0.46,0.46,0.43,0.44,255506
CDP,20090420,3.25,3.26,3.25,3.25,1176
CDU,20090420,2,2.04,1.99,2,110427
CEG,20090420,0.165,0.165,0.165,0.165,19952
CEO,20090420,0.006,0.006,0.006,0.006,30000
CER,20090420,0.047,0.05,0.045,0.045,22668802
CEU,20090420,0.385,0.405,0.38,0.405,3331239
CEY,20090420,2.11,2.15,2.05,2.15,1069494
CFE,20090420,0.265,0.265,0.26,0.265,122332
CFR,20090420,0.006,0.006,0.006,0.006,1072000
CFU,20090420,0.082,0.082,0.073,0.073,7825835
CFX,20090420,1.59,1.6,1.56,1.6,4492565
CGF,20090420,1.82,1.91,1.82,1.9,1858596
CGG,20090420,0.135,0.155,0.135,0.145,4423556
CGO,20090420,0.35,0.35,0.35,0.35,18500
CGT,20090420,0.045,0.05,0.045,0.05,90000
CGX,20090420,1.65,1.65,1.6,1.6,16000
CHC,20090420,0.375,0.4,0.37,0.38,2134263
CHM,20090420,0.014,0.014,0.014,0.014,44119
CHN,20090420,0.135,0.135,0.135,0.135,111488
CIF,20090420,1.53,1.65,1.53,1.55,119292
CIG,20090420,0.017,0.017,0.015,0.015,3863568
CII,20090420,0.87,0.87,0.85,0.85,50000
CIL,20090420,1.35,1.35,1.35,1.35,17947
CIR,20090420,0.76,0.76,0.75,0.76,66650
CKK,20090420,0.245,0.25,0.245,0.25,39600
CKT,20090420,0.31,0.31,0.3,0.31,96385
CLH,20090420,0.45,0.45,0.45,0.45,9000
CLO,20090420,0.56,0.565,0.56,0.56,124147
CLQ,20090420,0.2,0.2,0.2,0.2,5200
CLV,20090420,0.22,0.23,0.215,0.225,631165
CLX,20090420,0.8,0.8,0.7,0.7,6000
CLY,20090420,0.13,0.13,0.12,0.12,100000
CMJ,20090420,2.01,2.1,2,2.1,1769707
CMV,20090420,0.14,0.14,0.135,0.135,20000
CMW,20090420,0.63,0.63,0.61,0.62,149060
CNA,20090420,76,76,76,76,87
CND,20090420,0.41,0.44,0.41,0.44,55874
CNM,20090420,0.24,0.26,0.24,0.25,1546646
CNP,20090420,0.064,0.066,0.063,0.063,3345176
CNT,20090420,1.13,1.135,1.12,1.125,43318
CNX,20090420,0.435,0.435,0.405,0.42,390296
COE,20090420,0.345,0.35,0.345,0.35,1171110
COF,20090420,1.73,1.8,1.72,1.78,325324
COH,20090420,49.72,50.25,49.6,49.84,127999
COI,20090420,0.32,0.345,0.32,0.345,698075
COK,20090420,0.375,0.395,0.375,0.375,148686
COM,20090420,0.055,0.055,0.055,0.055,250000
COO,20090420,0.042,0.042,0.042,0.042,2000
COS,20090420,0.051,0.051,0.05,0.05,250000
COU,20090420,1.3,1.32,1.3,1.3,113031
COY,20090420,0.05,0.05,0.05,0.05,88800
COZ,20090420,0.165,0.17,0.15,0.17,401167
CPA,20090420,0.93,0.965,0.92,0.925,11224839
CPB,20090420,16.8,16.8,16.16,16.33,41827
CPI,20090420,0.155,0.155,0.155,0.155,5500
CPN,20090420,0.135,0.14,0.135,0.14,250000
CPR,20090420,0.12,0.125,0.115,0.125,203098
CPU,20090420,9.01,9.05,8.9,8.96,1906062
CQT,20090420,0.445,0.48,0.42,0.45,1120666
CRC,20090420,0.21,0.21,0.195,0.195,275000
CRE,20090420,0.105,0.11,0.105,0.11,80000
CRG,20090420,9.05,9.07,8.95,9.04,132381
CRJ,20090420,0.035,0.035,0.035,0.035,15000
CRK,20090420,0.79,0.79,0.78,0.78,179100
CRL,20090420,0.045,0.045,0.04,0.04,37000
CRS,20090420,0.018,0.018,0.017,0.017,7925
CRT,20090420,0.425,0.43,0.425,0.43,2755348
CSE,20090420,0.14,0.16,0.14,0.145,558534
CSL,20090420,32.9,32.92,32.15,32.34,2041527
CSR,20090420,1.38,1.38,1.335,1.355,8483748
CSS,20090420,0.67,0.8,0.67,0.695,449955
CST,20090420,2.95,3,2.8,3,41094
CSV,20090420,0.62,0.62,0.61,0.615,36491
CSW,20090420,0.93,0.93,0.93,0.93,40000
CTN,20090420,0.7,0.725,0.695,0.72,99534
CTO,20090420,0.195,0.2,0.19,0.2,1374904
CTP,20090420,0.115,0.125,0.11,0.11,928514
CTX,20090420,9.44,9.73,9.39,9.73,808264
CUE,20090420,0.12,0.12,0.115,0.115,487495
CUL,20090420,0.039,0.041,0.039,0.04,180000
CUR,20090420,0.31,0.31,0.31,0.31,105000
CUS,20090420,1.885,1.92,1.88,1.92,187766
CUV,20090420,0.27,0.29,0.27,0.29,592500
CUX,20090420,0.065,0.065,0.065,0.065,117000
CUY,20090420,0.435,0.435,0.43,0.43,9825
CVA,20090420,0.02,0.02,0.02,0.02,104586
CVI,20090420,0.009,0.009,0.008,0.009,1229500
CVN,20090420,0.395,0.4,0.38,0.395,2779287
CVR,20090420,0.046,0.046,0.045,0.045,83858
CVS,20090420,0.039,0.039,0.036,0.036,160067
CWK,20090420,0.19,0.19,0.18,0.18,69284
CWN,20090420,6.63,6.69,6.54,6.6,933465
CWP,20090420,0.98,0.98,0.98,0.98,300
CWT,20090420,0.3,0.3,0.3,0.3,34604
CXC,20090420,1.48,1.49,1.45,1.45,128051
CXG,20090420,0.34,0.34,0.33,0.33,59721
CXM,20090420,0.2,0.21,0.2,0.2,170700
CXN,20090420,0.06,0.06,0.055,0.055,100000
CXP,20090420,3.37,3.39,3.16,3.2,356164
CXS,20090420,0.45,0.46,0.445,0.445,126376
CXY,20090420,0.068,0.079,0.067,0.068,9945285
CYA,20090420,0.795,0.795,0.775,0.78,48462
CYG,20090420,1.2,1.2,1.2,1.2,19429
CYT,20090420,0.09,0.09,0.09,0.09,7904
CZA,20090420,1.29,1.29,1.175,1.245,218915
CZP,20090420,0.043,0.043,0.043,0.043,114233
DBS,20090420,0.185,0.185,0.185,0.185,7100
DDD,20090420,0.009,0.009,0.008,0.008,100000
DDT,20090420,0.033,0.033,0.031,0.031,647578
DEG,20090420,0.028,0.028,0.027,0.027,301170
DGR,20090420,0.039,0.039,0.037,0.039,791444
DGX,20090420,0.2,0.2,0.2,0.2,20000
DIA,20090420,0.012,0.012,0.012,0.012,88000
DIO,20090420,0.5,0.5,0.48,0.5,472623
DJS,20090420,3.02,3.11,3.02,3.08,1236894
DJW,20090420,3.5,3.6,3.48,3.55,59706
DKN,20090420,0.4,0.4,0.4,0.4,2519
DKS,20090420,5.8,5.8,5.8,5.8,1000
DLS,20090420,0.019,0.019,0.019,0.019,16833
DML,20090420,0.3,0.33,0.3,0.315,196500
DMM,20090420,0.12,0.125,0.115,0.125,168000
DMP,20090420,3.02,3.02,3,3,2337
DMX,20090420,0.2,0.205,0.2,0.2,50000
DMY,20090420,0.013,0.013,0.013,0.013,3000
DOM,20090420,5.04,5.04,4.86,5.03,238030
DOW,20090420,4.93,4.96,4.84,4.93,1543159
DRA,20090420,0.062,0.062,0.061,0.061,65000
DRX,20090420,0.155,0.16,0.15,0.16,299024
DTL,20090420,5.3,5.31,5.3,5.31,634
DUE,20090420,1.58,1.59,1.535,1.565,4170680
DUI,20090420,2.18,2.22,2.18,2.22,291634
DUL,20090420,0.035,0.035,0.035,0.035,10000
DVA,20090420,0.15,0.17,0.15,0.17,203170
DVN,20090420,0.6,0.61,0.56,0.58,126535
DWS,20090420,0.695,0.695,0.67,0.68,22339
DWY,20090420,0.1,0.1,0.1,0.1,47281
DXS,20090420,0.85,0.855,0.825,0.825,12430214
DYE,20090420,1.095,1.1,1.055,1.07,156637
DYL,20090420,0.155,0.16,0.155,0.155,578393
EAL,20090420,0.46,0.46,0.46,0.46,3000
EAR,20090420,0.022,0.022,0.022,0.022,5000
EBT,20090420,0.058,0.058,0.058,0.058,60000
ECU,20090420,0.25,0.25,0.245,0.245,65273
EDE,20090420,0.082,0.082,0.078,0.079,186694
EEE,20090420,0.065,0.065,0.065,0.065,85000
EER,20090420,0.125,0.13,0.12,0.13,102000
EGL,20090420,0.055,0.055,0.053,0.053,100000
EGO,20090420,0.01,0.01,0.01,0.01,3920878
EHL,20090420,0.485,0.485,0.475,0.48,5388306
EKM,20090420,0.035,0.035,0.03,0.03,32000
ELK,20090420,0.135,0.14,0.135,0.14,15000
ELM,20090420,0.13,0.13,0.125,0.125,194080
EMA,20090420,0.21,0.215,0.21,0.215,87049
EME,20090420,0.565,0.565,0.52,0.52,30000
EMG,20090420,0.245,0.27,0.245,0.27,130000
EMR,20090420,0.054,0.054,0.048,0.048,32090
EMS,20090420,0.061,0.061,0.056,0.056,69625
EMU,20090420,0.09,0.09,0.09,0.09,50000
ENE,20090420,1.335,1.4,1.33,1.355,128278
ENG,20090420,0.017,0.017,0.016,0.016,97125
ENR,20090420,0.125,0.125,0.105,0.105,48093
ENV,20090420,0.4,0.425,0.4,0.425,1993828
EPG,20090420,0.175,0.175,0.17,0.17,73765
EPR,20090420,0.004,0.004,0.004,0.004,120000
EPS,20090420,0.041,0.043,0.04,0.04,61787
EPX,20090420,0.78,0.8,0.78,0.8,11500
EPY,20090420,0.09,0.09,0.09,0.09,8887
EQN,20090420,2.4,2.43,2.34,2.39,1075350
EQT,20090420,12.5,12.5,12,12,8029
ERA,20090420,21.6,21.71,21.22,21.4,168199
ERH,20090420,0.13,0.135,0.12,0.135,213726
ERL,20090420,0.08,0.08,0.08,0.08,30000
ERM,20090420,0.16,0.17,0.15,0.15,1451686
ESG,20090420,0.81,0.81,0.76,0.775,2168417
ESI,20090420,0.019,0.02,0.019,0.019,1211866
ESN,20090420,0.006,0.006,0.006,0.006,3753616
ESV,20090420,0.37,0.41,0.37,0.395,494977
ESW,20090420,0.06,0.06,0.06,0.06,50000
ETC,20090420,0.395,0.4,0.375,0.38,1904546
ETE,20090420,0.069,0.075,0.069,0.069,1032730
EVG,20090420,0.049,0.049,0.049,0.049,258333
EVM,20090420,0.05,0.05,0.047,0.047,113000
EVZ,20090420,0.088,0.088,0.085,0.085,68100
EWC,20090420,0.44,0.455,0.425,0.435,2183325
EXE,20090420,0.021,0.021,0.021,0.021,5941
EXM,20090420,0.01,0.01,0.009,0.009,7158810
EXR,20090420,0.04,0.04,0.04,0.04,117757
EXS,20090420,0.135,0.16,0.135,0.15,897625
EXT,20090420,3.72,4.08,3.7,4.05,790077
EYE,20090420,0.038,0.038,0.037,0.038,97999
EZL,20090420,1,1.03,1,1.03,45600
FAC,20090420,0.06,0.06,0.06,0.06,2858
FAN,20090420,2.45,2.45,2.4,2.4,3368
FAR,20090420,0.053,0.054,0.053,0.053,1372327
FAS,20090420,0.028,0.028,0.027,0.028,319556
FAT,20090420,0.68,0.69,0.675,0.675,65560
FBU,20090420,5.4,5.4,5.13,5.15,833265
FCL,20090420,0.43,0.435,0.41,0.41,1864848
FEA,20090420,0.19,0.195,0.185,0.195,95000
FER,20090420,0.19,0.195,0.175,0.19,100200
FGE,20090420,0.32,0.32,0.32,0.32,50700
FGL,20090420,4.93,4.95,4.82,4.9,11094347
FKP,20090420,0.85,0.86,0.835,0.85,885399
FLR,20090420,0.037,0.037,0.035,0.035,263062
FLT,20090420,6.05,6.05,5.81,5.99,134707
FLX,20090420,11.74,11.91,11,11.66,326580
FMG,20090420,2.53,2.76,2.51,2.75,10787107
FML,20090420,0.028,0.03,0.028,0.029,92980392
FMS,20090420,0.07,0.071,0.068,0.068,7560071
FNT,20090420,0.018,0.02,0.018,0.02,1000000
FPA,20090420,0.37,0.37,0.355,0.365,383648
FPH,20090420,2.38,2.38,2.34,2.34,4810
FPS,20090420,1.06,1.06,1,1,35000
FRI,20090420,0.63,0.63,0.62,0.62,22000
FRS,20090420,0.355,0.36,0.33,0.345,328800
FRV,20090420,0.004,0.004,0.004,0.004,55219
FSA,20090420,0.225,0.25,0.225,0.25,106146
FSE,20090420,0.038,0.038,0.036,0.038,1679000
FTE,20090420,0.095,0.097,0.095,0.096,349110
FUN,20090420,0.14,0.14,0.14,0.14,25867
FUT,20090420,0.003,0.003,0.003,0.003,3066667
FWD,20090420,6.1,6.2,5.91,6.12,113584
FXI,20090420,0.53,0.53,0.53,0.53,22155
FXJ,20090420,1.125,1.17,1.115,1.17,12108700
FXL,20090420,0.65,0.65,0.58,0.62,450749
FXR,20090420,0.2,0.21,0.18,0.19,1430925
GAU,20090420,0.039,0.04,0.039,0.039,390000
GBE,20090420,0.185,0.195,0.18,0.195,248000
GBG,20090420,0.64,0.65,0.615,0.625,855490
GBI,20090420,0.45,0.465,0.43,0.465,23150
GBP,20090420,0.215,0.215,0.185,0.2,68000
GBT,20090420,0.85,0.85,0.85,0.85,2500
GBZ,20090420,0.04,0.045,0.04,0.041,164614
GCG,20090420,0.155,0.16,0.13,0.135,118000
GCL,20090420,4.95,5.04,4.92,5.03,303492
GCN,20090420,0.015,0.015,0.015,0.015,300000
GCR,20090420,0.011,0.012,0.011,0.012,1200000
GDA,20090420,0.011,0.011,0.011,0.011,19605
GDN,20090420,0.16,0.16,0.145,0.15,7283779
GDY,20090420,1.265,1.27,1.22,1.25,246165
GER,20090420,0.16,0.17,0.16,0.17,180000
GFF,20090420,1.18,1.19,1.15,1.185,7278995
GGG,20090420,0.23,0.255,0.23,0.245,343501
GGP,20090420,0.077,0.077,0.075,0.075,76250
GGX,20090420,0.045,0.048,0.04,0.04,360744
GGY,20090420,0.042,0.05,0.04,0.04,880000
GIP,20090420,0.026,0.026,0.026,0.026,100000
GIR,20090420,0.43,0.51,0.42,0.51,552753
GJT,20090420,0.07,0.075,0.07,0.07,991264
GLB,20090420,0.16,0.16,0.16,0.16,10350
GLF,20090420,0.046,0.05,0.045,0.05,175000
GLH,20090420,0.021,0.021,0.021,0.021,43500
GLM,20090420,0.075,0.075,0.075,0.075,14300
GLN,20090420,0.145,0.145,0.145,0.145,14586
GME,20090420,0.06,0.06,0.06,0.06,27000
GMG,20090420,0.45,0.51,0.445,0.51,54282226
GMI,20090420,0.895,0.895,0.85,0.87,233897
GML,20090420,0.075,0.075,0.075,0.075,12500
GMR,20090420,0.063,0.063,0.063,0.063,15000
GNC,20090420,6.45,6.89,6.45,6.89,12852
GNM,20090420,0.33,0.335,0.33,0.335,7608
GNS,20090420,1.08,1.14,1.055,1.1,1699338
GNV,20090420,0.19,0.19,0.19,0.19,5000
GOA,20090420,0.007,0.008,0.006,0.008,287970
GOP,20090420,0.032,0.032,0.032,0.032,18161
GPG,20090420,0.575,0.575,0.565,0.565,64125
GPM,20090420,0.115,0.12,0.115,0.12,627024
GPN,20090420,0.005,0.005,0.005,0.005,1550000
GPP,20090420,0.1,0.185,0.1,0.185,68000
GPT,20090420,0.535,0.595,0.515,0.59,45882240
GRB,20090420,0.04,0.043,0.04,0.043,45000
GRD,20090420,0.39,0.42,0.39,0.39,904401
GRK,20090420,0.049,0.051,0.049,0.051,198000
GRR,20090420,0.3,0.3,0.29,0.3,86700
GRY,20090420,0.245,0.245,0.235,0.235,257500
GSE,20090420,0.02,0.023,0.02,0.023,696400
GSF,20090420,0.005,0.005,0.005,0.005,45000
GTE,20090420,0.025,0.025,0.025,0.025,87841
GTP,20090420,0.125,0.13,0.12,0.12,302463
GTX,20090420,0.007,0.007,0.007,0.007,150000
GUD,20090420,7.32,7.33,7.1,7.18,126899
GUN,20090420,0.099,0.1,0.095,0.1,141000
GWR,20090420,0.39,0.39,0.37,0.37,26000
GWT,20090420,2.64,2.68,2.42,2.55,513300
GXL,20090420,0.67,0.685,0.64,0.64,51498
GXY,20090420,0.445,0.46,0.405,0.405,500621
GZL,20090420,1,1,1,1,10000
HAO,20090420,0.065,0.065,0.062,0.062,50000
HAV,20090420,0.665,0.665,0.63,0.63,62357
HAW,20090420,0.01,0.01,0.009,0.01,360000
HDF,20090420,0.61,0.665,0.61,0.665,334636
HDN,20090420,0.11,0.11,0.11,0.11,11000
HEG,20090420,0.15,0.15,0.14,0.145,1437266
HER,20090420,0.41,0.41,0.41,0.41,2496
HFA,20090420,0.155,0.165,0.145,0.165,4896509
HGG,20090420,1.84,1.87,1.815,1.825,581778
HGO,20090420,0.185,0.185,0.175,0.18,1444928
HHL,20090420,5.19,5.2,5.1,5.18,7232
HHV,20090420,0.615,0.63,0.615,0.625,467000
HHY,20090420,1.02,1.02,1.02,1.02,30786
HIG,20090420,0.1,0.105,0.092,0.093,458545
HIL,20090420,1.95,1.97,1.91,1.91,311157
HIN,20090420,0.95,0.95,0.93,0.94,319801
HLG,20090420,0.37,0.37,0.365,0.365,10000
HLX,20090420,0.08,0.08,0.08,0.08,37667
HNG,20090420,0.705,0.705,0.705,0.705,513
HNR,20090420,0.1,0.115,0.1,0.11,381399
HRR,20090420,0.18,0.2,0.18,0.2,71450
HSK,20090420,0.63,0.63,0.62,0.62,650800
HSP,20090420,3.89,3.9,3.77,3.78,898197
HST,20090420,1.73,1.73,1.64,1.73,575633
HTA,20090420,0.097,0.097,0.094,0.094,182000
HTC,20090420,0.015,0.015,0.015,0.015,50000
HTE,20090420,0.035,0.035,0.032,0.032,50000
HTI,20090420,0.014,0.014,0.014,0.014,36000
HVN,20090420,2.89,2.91,2.84,2.86,1633318
HXL,20090420,0.41,0.45,0.41,0.45,6750
HYO,20090420,0.023,0.029,0.023,0.027,1182216
HZN,20090420,0.135,0.14,0.13,0.135,1640007
IAA,20090420,40.1,40.1,39.32,39.35,411
IAG,20090420,3.42,3.45,3.35,3.4,8279877
IAS,20090420,0.45,0.45,0.45,0.45,33245
IAU,20090420,0.25,0.255,0.245,0.25,1087263
IBA,20090420,0.635,0.64,0.62,0.63,1843072
IBC,20090420,0.395,0.4,0.395,0.4,83021
IBG,20090420,0.085,0.085,0.085,0.085,288000
IBK,20090420,40.85,40.85,40.81,40.81,531
ICN,20090420,0.245,0.25,0.24,0.24,244000
ICP,20090420,0.029,0.029,0.028,0.029,670000
ICV,20090420,0.01,0.01,0.01,0.01,56000
IDL,20090420,0.2,0.205,0.185,0.205,6730993
IDO,20090420,0.28,0.28,0.26,0.26,4570
IDT,20090420,1.7,1.7,1.68,1.68,11249
IEF,20090420,0.17,0.17,0.15,0.15,167729
IEM,20090420,39.22,39.38,39.06,39.25,3137
IEU,20090420,39,39,38.89,38.94,3933
IFE,20090420,0.2,0.2,0.2,0.2,32500
IFL,20090420,3.76,3.8,3.67,3.69,243796
IFM,20090420,0.29,0.3,0.29,0.29,37000
IGC,20090420,0.22,0.22,0.22,0.22,30000
IGO,20090420,3.42,3.47,3.3,3.37,350381
IGR,20090420,0.195,0.2,0.195,0.195,600439
IHF,20090420,0.795,0.795,0.78,0.78,15842
IHK,20090420,16.3,16.3,16.29,16.29,3645
IIF,20090420,0.19,0.2,0.185,0.195,11875076
IIN,20090420,1.64,1.67,1.64,1.665,11420
IJP,20090420,11.9,11.92,11.9,11.92,1113
ILF,20090420,0.071,0.073,0.067,0.067,923895
ILU,20090420,3.29,3.34,3.2,3.21,1618050
IMA,20090420,0.55,0.58,0.545,0.58,26682
IMC,20090420,0.046,0.055,0.046,0.055,474019
IMD,20090420,0.46,0.465,0.42,0.45,994612
IMF,20090420,1.45,1.5,1.45,1.5,280714
IMI,20090420,0.003,0.003,0.002,0.002,3228000
IMP,20090420,0.006,0.006,0.005,0.005,3107394
IMU,20090420,0.09,0.09,0.09,0.09,100000
INE,20090420,0.505,0.505,0.5,0.505,33200
INL,20090420,0.018,0.019,0.017,0.018,2507333
INP,20090420,0.23,0.235,0.22,0.22,173071
INT,20090420,0.008,0.008,0.008,0.008,247950
IOF,20090420,0.47,0.475,0.46,0.475,6319446
IOH,20090420,0.34,0.34,0.325,0.33,136773
IOO,20090420,64,64,63.2,63.39,1817
IPA,20090420,0.076,0.076,0.076,0.076,8000
IPD,20090420,0.74,0.74,0.74,0.74,15500
IPL,20090420,2.33,2.33,2.27,2.3,10621722
IPP,20090420,0.125,0.13,0.125,0.13,79500
IPR,20090420,0.073,0.073,0.07,0.07,300000
IPT,20090420,0.055,0.055,0.054,0.055,504000
IRC,20090420,0.12,0.12,0.12,0.12,35000
IRD,20090420,0.15,0.16,0.15,0.16,86697
IRE,20090420,6.35,6.4,6.23,6.38,431197
IRG,20090420,0.004,0.004,0.004,0.004,193400
IRI,20090420,0.3,0.3,0.3,0.3,14000
IRL,20090420,0.02,0.042,0.02,0.039,3780864
IRU,20090420,66.14,66.14,66.14,66.14,101
ISG,20090420,9.99,9.99,9.87,9.87,3501
ITC,20090420,0.031,0.033,0.031,0.033,258220
ITD,20090420,0.09,0.09,0.09,0.09,80000
ITW,20090420,12.53,12.53,12.53,12.53,2000
IVA,20090420,1.5,1.545,1.42,1.45,65714
IVC,20090420,5.1,5.13,5,5.06,120737
IVE,20090420,57.29,57.29,57.17,57.17,1088
IVV,20090420,121.23,121.5,120.26,120.26,2276
IXR,20090420,0.23,0.23,0.23,0.23,50000
IZZ,20090420,45.5,45.5,44.64,45.48,29005
JAL,20090420,0.2,0.2,0.2,0.2,147287
JAT,20090420,0.03,0.03,0.03,0.03,86250
JBH,20090420,13.06,13.17,12.66,13.03,360947
JET,20090420,0.67,0.67,0.66,0.66,3000
JHX,20090420,4.75,4.87,4.68,4.7,2347714
JML,20090420,0.27,0.275,0.26,0.26,2005409
JPR,20090420,0.018,0.018,0.017,0.017,718165
JRV,20090420,0.008,0.008,0.007,0.008,5492500
JVG,20090420,0.012,0.012,0.012,0.012,121166
KAR,20090420,3.42,3.75,3.32,3.74,1480156
KAT,20090420,0.45,0.45,0.45,0.45,8509
KBC,20090420,0.11,0.11,0.11,0.11,689954
KCN,20090420,5.16,5.25,5.11,5.25,471141
KEY,20090420,0.088,0.088,0.088,0.088,41400
KGL,20090420,0.029,0.029,0.029,0.029,65551
KIK,20090420,0.125,0.125,0.12,0.12,141000
KIL,20090420,0.65,0.65,0.6,0.6,181140
KKT,20090420,0.055,0.055,0.055,0.055,20000
KLM,20090420,0.145,0.15,0.13,0.13,15550
KME,20090420,0.16,0.16,0.16,0.16,3000
KMN,20090420,0.077,0.077,0.076,0.076,129973
KOG,20090420,0.041,0.041,0.041,0.041,185000
KOR,20090420,0.047,0.05,0.047,0.05,478010
KRB,20090420,0.35,0.38,0.35,0.38,100500
KSC,20090420,2.3,2.3,2.3,2.3,7000
KSX,20090420,0.026,0.027,0.025,0.026,1039000
KTE,20090420,0.012,0.012,0.012,0.012,19481
KYC,20090420,0.255,0.255,0.24,0.25,159000
KZL,20090420,1.06,1.1,0.905,0.935,5283760
LAU,20090420,0.17,0.17,0.17,0.17,3251
LBL,20090420,0.14,0.14,0.14,0.14,58000
LBT,20090420,0.155,0.155,0.14,0.14,50000
LCT,20090420,0.145,0.145,0.135,0.135,81000
LDW,20090420,1.9,1.9,1.9,1.9,1800
LEF,20090420,0.042,0.042,0.042,0.042,43000
LEG,20090420,0.019,0.019,0.016,0.016,3876292
LEI,20090420,21.87,21.91,21.26,21.45,268910
LEP,20090420,2.21,2.3,2.21,2.27,13961
LGD,20090420,0.09,0.09,0.09,0.09,36140
LGL,20090420,2.76,2.81,2.73,2.79,13392140
LKO,20090420,0.005,0.006,0.005,0.005,19118200
LLA,20090420,0.026,0.026,0.024,0.024,398869
LLC,20090420,7,7.07,6.65,6.78,777529
LLP,20090420,0.11,0.12,0.11,0.115,726922
LML,20090420,0.095,0.095,0.095,0.095,13500
LMP,20090420,0.1,0.1,0.1,0.1,26875
LNC,20090420,2.16,2.19,2.11,2.13,516658
LNG,20090420,0.7,0.7,0.67,0.68,251287
LNN,20090420,8.05,8.37,8.01,8.31,1424663
LOD,20090420,0.085,0.085,0.08,0.081,2608803
LRF,20090420,0.47,0.47,0.45,0.46,506010
LRG,20090420,0.014,0.014,0.014,0.014,8334
LRL,20090420,0.081,0.081,0.081,0.081,55050
LSA,20090420,0.008,0.008,0.008,0.008,500000
LSR,20090420,0.023,0.025,0.023,0.023,36052
LST,20090420,0.93,0.97,0.925,0.925,44346
LWB,20090420,1.4,1.4,1.4,1.4,2000
LYC,20090420,0.32,0.335,0.3,0.31,11203411
LYL,20090420,1.5,1.55,1.5,1.55,29614
MAE,20090420,0.465,0.475,0.41,0.43,1433681
MAH,20090420,0.605,0.61,0.57,0.605,2573680
MAK,20090420,0.56,0.565,0.55,0.565,291825
MAN,20090420,0.006,0.006,0.006,0.006,500000
MAP,20090420,1.86,1.86,1.78,1.84,4657995
MAR,20090420,0.075,0.075,0.075,0.075,80000
MAT,20090420,0.115,0.115,0.115,0.115,10000
MBA,20090420,0.025,0.025,0.025,0.025,70000
MBD,20090420,0.051,0.051,0.046,0.047,221000
MBN,20090420,1.84,1.88,1.79,1.88,695530
MBP,20090420,0.027,0.027,0.026,0.026,124000
MBT,20090420,0.26,0.26,0.25,0.25,64449
MCC,20090420,4.55,4.67,4.35,4.45,433372
MCG,20090420,2.2,2.22,2.17,2.2,594506
MCL,20090420,0.005,0.005,0.004,0.004,450000
MCO,20090420,0.125,0.125,0.125,0.125,140000
MCP,20090420,0.75,0.76,0.74,0.75,91785
MCR,20090420,1.05,1.08,1.01,1.01,1150767
MCU,20090420,0.515,0.53,0.51,0.53,175496
MCW,20090420,0.325,0.355,0.31,0.345,14888978
MDL,20090420,0.62,0.635,0.615,0.62,408275
MDS,20090420,0.024,0.024,0.017,0.017,500000
MDT,20090420,0.06,0.061,0.055,0.057,9845465
MEL,20090420,0.545,0.545,0.51,0.51,808765
MEO,20090420,0.076,0.076,0.073,0.076,1120237
MFF,20090420,0.525,0.535,0.51,0.51,113767
MFG,20090420,0.47,0.47,0.47,0.47,35000
MFI,20090420,0.015,0.017,0.015,0.017,786827
MGO,20090420,0.11,0.12,0.1,0.1,316500
MGR,20090420,1.2,1.25,1.18,1.19,10715768
MGU,20090420,0.045,0.045,0.045,0.045,70000
MGX,20090420,0.685,0.685,0.635,0.645,5510119
MHM,20090420,0.075,0.075,0.075,0.075,90900
MIF,20090420,0.15,0.15,0.15,0.15,12676
MIG,20090420,1.34,1.34,1.3,1.335,15870220
MIK,20090420,0.07,0.07,0.07,0.07,111666
MIN,20090420,2.75,2.78,2.73,2.78,33845
MIR,20090420,1.42,1.43,1.38,1.38,77496
MIX,20090420,0.083,0.087,0.08,0.087,1172358
MKB,20090420,0.085,0.085,0.085,0.085,19848
MKY,20090420,0.008,0.008,0.008,0.008,65000
MLB,20090420,2.48,2.48,2.32,2.35,148227
MLE,20090420,1.25,1.3,1.245,1.245,330745
MLI,20090420,0.04,0.04,0.04,0.04,220000
MLM,20090420,0.34,0.34,0.32,0.32,75000
MLS,20090420,0.014,0.014,0.014,0.014,650000
MLT,20090420,14.46,14.5,14.46,14.5,21145
MLX,20090420,0.1,0.12,0.1,0.12,2724583
MMA,20090420,0.41,0.41,0.4,0.41,210366
MMG,20090420,1.02,1.165,1.02,1.15,434674
MML,20090420,1.59,1.59,1.55,1.55,174231
MMR,20090420,0.09,0.09,0.09,0.09,19350
MMS,20090420,2.87,2.87,2.86,2.87,19311
MMX,20090420,1.14,1.2,1.07,1.12,2574234
MMZ,20090420,0.006,0.006,0.006,0.006,150000
MNC,20090420,0.1,0.105,0.1,0.105,100000
MND,20090420,9.94,10,9.8,10,191747
MNL,20090420,0.26,0.26,0.26,0.26,5000
MNM,20090420,0.046,0.06,0.046,0.059,662000
MNY,20090420,0.425,0.425,0.425,0.425,10000
MOC,20090420,0.76,0.77,0.75,0.765,169047
MOF,20090420,0.2,0.21,0.19,0.2,41555038
MOL,20090420,0.52,0.565,0.45,0.45,2448041
MOS,20090420,0.13,0.13,0.125,0.13,1576463
MOX,20090420,0.053,0.053,0.053,0.053,44742
MOY,20090420,0.016,0.016,0.016,0.016,18942
MPA,20090420,0.045,0.045,0.045,0.045,12000
MPF,20090420,0.067,0.077,0.067,0.076,1039256
MPJ,20090420,0.002,0.002,0.002,0.002,250000
MPO,20090420,1.285,1.295,1.25,1.27,587823
MPS,20090420,0.084,0.084,0.077,0.077,48501
MQG,20090420,31.49,31.5,30.41,31.15,861373
MRE,20090420,0.7,0.73,0.61,0.635,8576477
MRK,20090420,0.005,0.006,0.005,0.006,1980000
MRM,20090420,1.54,1.54,1.49,1.49,183988
MRO,20090420,0.13,0.14,0.13,0.14,183000
MRU,20090420,2.39,2.42,2.34,2.4,173778
MRZ,20090420,0.42,0.425,0.38,0.395,193941
MSB,20090420,0.805,0.805,0.805,0.805,147425
MSC,20090420,0.007,0.007,0.006,0.006,5406158
MSF,20090420,1.5,1.55,1.5,1.55,21695
MSL,20090420,1.32,1.32,1.255,1.255,36246
MST,20090420,0.035,0.035,0.032,0.033,2045542
MTB,20090420,0.01,0.012,0.01,0.012,856855
MTH,20090420,0.097,0.098,0.097,0.098,50000
MTI,20090420,0.007,0.007,0.007,0.007,324868
MTN,20090420,0.53,0.53,0.53,0.53,8700
MTS,20090420,4.05,4.1,4.03,4.06,1164435
MTU,20090420,0.68,0.69,0.68,0.68,23100
MUE,20090420,0.14,0.14,0.14,0.14,70000
MUN,20090420,0.33,0.345,0.33,0.345,373311
MVP,20090420,0.19,0.19,0.19,0.19,25000
MWE,20090420,0.035,0.037,0.034,0.034,216031
MWG,20090420,1.16,1.16,1.16,1.16,8573
MXI,20090420,0.23,0.23,0.23,0.23,17000
MXQ,20090420,0.012,0.012,0.01,0.01,549503
MXR,20090420,0.04,0.04,0.035,0.035,286500
MZM,20090420,0.069,0.069,0.064,0.064,30000
NAB,20090420,22.3,22.39,21.94,22.05,2677307
NAD,20090420,0.011,0.011,0.01,0.011,1386590
NAN,20090420,0.38,0.38,0.37,0.37,317250
NAV,20090420,0.215,0.22,0.21,0.215,239206
NBL,20090420,0.97,0.97,0.97,0.97,4492
NCI,20090420,1,1,1,1,6210
NCM,20090420,28.01,28.4,27.64,27.84,3158491
NDO,20090420,0.1,0.105,0.099,0.1,2131626
NEM,20090420,5.39,5.39,5.09,5.27,84562
NEU,20090420,0.031,0.049,0.028,0.04,33159354
NFE,20090420,1.22,1.22,1.15,1.15,73613
NFK,20090420,0.415,0.42,0.415,0.42,331628
NGE,20090420,0.059,0.063,0.059,0.063,208150
NGF,20090420,0.155,0.155,0.15,0.15,587428
NGM,20090420,0.06,0.068,0.06,0.066,1331714
NGY,20090420,0.036,0.036,0.036,0.036,20000
NHC,20090420,4.12,4.14,4.04,4.04,1235105
NHF,20090420,0.88,0.88,0.86,0.88,40521
NIP,20090420,0.22,0.23,0.22,0.23,90000
NKP,20090420,0.205,0.24,0.2,0.24,443800
NLB,20090420,1.75,1.75,1.7,1.7,1950
NLG,20090420,0.006,0.006,0.006,0.006,200000
NMI,20090420,0.02,0.02,0.02,0.02,128502
NMR,20090420,0.06,0.06,0.055,0.06,115841
NMS,20090420,0.52,0.55,0.52,0.53,1526621
NOD,20090420,0.55,0.56,0.51,0.54,598480
NPX,20090420,0.32,0.325,0.305,0.315,605698
NQM,20090420,0.245,0.245,0.245,0.245,3461
NRT,20090420,0.46,0.46,0.45,0.455,67167
NSE,20090420,0.048,0.048,0.048,0.048,100000
NSL,20090420,0.008,0.01,0.008,0.01,1044450
NST,20090420,0.025,0.025,0.025,0.025,19615
NTC,20090420,0.14,0.14,0.14,0.14,101724
NTU,20090420,0.205,0.25,0.2,0.25,361547
NUF,20090420,12.79,12.9,12.46,12.51,351616
NUP,20090420,0.03,0.03,0.029,0.03,296796
NVT,20090420,2.32,2.35,2.32,2.33,175538
NWE,20090420,0.013,0.013,0.013,0.013,150000
NWR,20090420,0.051,0.051,0.049,0.049,165800
NWS,20090420,12.89,12.89,12.4,12.46,3919652
NWT,20090420,0.004,0.004,0.003,0.004,2644166
NZO,20090420,1.1,1.12,1.09,1.1,52886
OAK,20090420,0.47,0.47,0.47,0.47,15675
OBJ,20090420,0.005,0.005,0.005,0.005,1913000
ODN,20090420,0.033,0.033,0.033,0.033,50000
OEC,20090420,0.05,0.052,0.05,0.051,270000
OEL,20090420,0.064,0.064,0.061,0.063,1764438
OEX,20090420,0.265,0.265,0.25,0.25,1819413
OFG,20090420,0.36,0.36,0.36,0.36,6158
OGC,20090420,0.72,0.73,0.69,0.69,262529
OHL,20090420,0.002,0.002,0.002,0.002,463725
OIF,20090420,0.19,0.19,0.16,0.185,351333
OIL,20090420,0.045,0.045,0.045,0.045,1055
OIP,20090420,0.13,0.13,0.12,0.12,367900
OKN,20090420,1.525,1.55,1.26,1.28,297224
OLE,20090420,0.003,0.003,0.003,0.003,148907
OMH,20090420,1.25,1.26,1.23,1.255,580753
ONC,20090420,0.105,0.12,0.105,0.12,134265
ORD,20090420,0.041,0.052,0.04,0.052,404000
ORE,20090420,0.3,0.3,0.29,0.29,43193
ORG,20090420,15.5,15.8,15.47,15.68,2622545
ORI,20090420,17.3,17.36,16.5,16.9,1169375
ORL,20090420,3,3.07,3,3.07,11874
ORO,20090420,0.003,0.003,0.003,0.003,1000000
ORP,20090420,0.024,0.028,0.024,0.028,716427
OSH,20090420,5.13,5.17,5.05,5.14,4136322
OST,20090420,2.2,2.32,2.15,2.23,49386953
OZL,20090420,0.65,0.65,0.63,0.64,11721405
PAA,20090420,0.02,0.02,0.02,0.02,405000
PAB,20090420,0.072,0.072,0.072,0.072,45000
PAG,20090420,1.14,1.15,1.12,1.13,74510
PAN,20090420,1.685,1.74,1.66,1.7,2070552
PAX,20090420,0.15,0.16,0.15,0.15,179833
PBA,20090420,0.28,0.285,0.28,0.285,14913
PBB,20090420,0.135,0.15,0.13,0.13,100500
PBG,20090420,0.44,0.445,0.43,0.44,1628249
PBP,20090420,1.87,1.87,1.87,1.87,2736
PBT,20090420,0.195,0.195,0.195,0.195,20000
PCC,20090420,0.006,0.006,0.006,0.006,200000
PCL,20090420,0.015,0.015,0.014,0.014,643462
PDN,20090420,3.96,4.1,3.96,4.1,4902688
PDO,20090420,0.25,0.25,0.25,0.25,39450
PDZ,20090420,0.105,0.12,0.105,0.11,956188
PEK,20090420,0.033,0.035,0.033,0.035,70303
PEL,20090420,0.04,0.065,0.04,0.065,14120
PEM,20090420,0.315,0.325,0.27,0.28,960664
PEN,20090420,0.025,0.027,0.025,0.025,1834589
PET,20090420,0.48,0.48,0.48,0.48,556
PEV,20090420,0.018,0.018,0.017,0.017,150000
PFG,20090420,0.13,0.13,0.13,0.13,7771
PFL,20090420,0.77,0.795,0.76,0.795,40105
PGA,20090420,0.96,0.98,0.95,0.98,43222
PGC,20090420,0.028,0.028,0.028,0.028,10000
PGL,20090420,0.85,0.895,0.85,0.85,14799
PGM,20090420,0.23,0.23,0.23,0.23,4000
PHK,20090420,0.12,0.12,0.12,0.12,20000
PIO,20090420,0.028,0.028,0.028,0.028,40000
PLA,20090420,0.87,0.885,0.825,0.84,1082935
PLB,20090420,0.6,0.6,0.54,0.54,21415
PLI,20090420,0.6,0.6,0.59,0.6,538000
PLT,20090420,0.13,0.13,0.12,0.12,416845
PLV,20090420,0.335,0.36,0.335,0.36,35900
PMC,20090420,1.32,1.33,1.32,1.325,34867
PME,20090420,0.74,0.75,0.73,0.73,15400
PMH,20090420,0.074,0.09,0.074,0.09,331500
PMP,20090420,0.46,0.48,0.45,0.45,445615
PMV,20090420,4.13,4.14,4.06,4.1,59219
PNA,20090420,0.355,0.36,0.33,0.34,20316720
PNN,20090420,0.25,0.26,0.25,0.26,21001
PNO,20090420,0.003,0.003,0.003,0.003,1625000
PNX,20090420,0.075,0.075,0.075,0.075,40000
POH,20090420,0.18,0.18,0.17,0.17,90300
POL,20090420,0.125,0.13,0.12,0.125,206555
POS,20090420,0.265,0.27,0.26,0.265,210754
POZ,20090420,0.32,0.32,0.32,0.32,57000
PPC,20090420,1.3,1.32,1.28,1.32,363447
PPP,20090420,0.3,0.3,0.295,0.3,342862
PPS,20090420,0.135,0.135,0.135,0.135,1160
PPT,20090420,31.61,31.98,31.1,31.65,43950
PPX,20090420,0.53,0.55,0.525,0.535,608404
PPY,20090420,0.58,0.58,0.575,0.575,14509
PRC,20090420,0.64,0.64,0.64,0.64,46298
PRE,20090420,0.006,0.007,0.006,0.006,632425
PRG,20090420,2.88,2.92,2.71,2.71,329488
PRO,20090420,0.42,0.42,0.42,0.42,15000
PRR,20090420,0.032,0.034,0.029,0.034,8541188
PRT,20090420,0.55,0.55,0.515,0.54,39441
PRV,20090420,0.585,0.59,0.575,0.575,36873
PRW,20090420,0.049,0.049,0.045,0.045,175106
PRY,20090420,4.3,4.33,4.2,4.24,1226788
PSA,20090420,0.245,0.25,0.24,0.25,93800
PSH,20090420,0.8,0.83,0.77,0.8,37554
PSP,20090420,0.02,0.021,0.02,0.021,170000
PSY,20090420,0.069,0.07,0.069,0.07,32675
PTB,20090420,0.16,0.16,0.16,0.16,8250
PTM,20090420,3.9,3.94,3.86,3.9,175813
PTN,20090420,0.13,0.135,0.125,0.13,161548
PTR,20090420,0.32,0.35,0.31,0.34,121730
PVA,20090420,1.89,1.9,1.89,1.9,7650
PVE,20090420,1.5,1.51,1.5,1.51,16650
PWK,20090420,3.85,3.9,3.71,3.75,31548
PXS,20090420,1.965,1.975,1.9,1.945,166762
PYC,20090420,0.075,0.075,0.075,0.075,25000
PYM,20090420,0.08,0.083,0.08,0.081,144823
QAN,20090420,1.98,2.01,1.94,2,14342048
QBE,20090420,20.6,20.79,20.24,20.36,3709961
QFX,20090420,0.04,0.04,0.04,0.04,186754
QGM,20090420,0.022,0.025,0.022,0.025,430000
QHL,20090420,0.245,0.25,0.235,0.24,349845
QMG,20090420,0.009,0.009,0.007,0.007,815315
QML,20090420,0.3,0.3,0.295,0.295,17042
QMN,20090420,0.07,0.07,0.07,0.07,14117
QOL,20090420,0.013,0.014,0.013,0.014,380000
QPN,20090420,0.01,0.011,0.01,0.011,650000
QRS,20090420,0.03,0.03,0.03,0.03,35000
QRX,20090420,0.46,0.48,0.46,0.48,31000
QSS,20090420,0.08,0.08,0.08,0.08,25000
QTM,20090420,0.14,0.14,0.14,0.14,15000
QUR,20090420,0.005,0.005,0.005,0.005,429941
RAU,20090420,0.027,0.028,0.026,0.026,488000
RAW,20090420,0.072,0.072,0.071,0.071,53888
RCG,20090420,0.285,0.285,0.285,0.285,10000
RCM,20090420,0.05,0.05,0.05,0.05,12500
RCO,20090420,0.21,0.21,0.2,0.2,160000
RCR,20090420,0.505,0.505,0.41,0.425,474092
RCT,20090420,1.91,1.91,1.91,1.91,9000
RCU,20090420,0.16,0.16,0.155,0.155,90000
RCY,20090420,0.2,0.205,0.195,0.2,735075
RDF,20090420,2.35,2.4,2.35,2.39,411769
RDM,20090420,0.12,0.12,0.11,0.11,80479
REA,20090420,4.39,4.4,4.35,4.4,14494
RED,20090420,0.052,0.052,0.049,0.05,1513424
REF,20090420,0.76,0.77,0.75,0.75,150440
REH,20090420,18.1,18.3,18.1,18.3,7855
REO,20090420,0.017,0.017,0.017,0.017,500000
RER,20090420,0.055,0.055,0.055,0.055,660000
RES,20090420,0.46,0.47,0.45,0.45,79846
REX,20090420,0.885,0.885,0.885,0.885,3000
RFE,20090420,0.475,0.51,0.465,0.51,367989
RFG,20090420,1.42,1.44,1.42,1.44,34762
RFL,20090420,0.072,0.072,0.072,0.072,19004
RFT,20090420,0.004,0.004,0.004,0.004,100000
RHC,20090420,9.47,9.49,9.28,9.38,327299
RHG,20090420,0.25,0.26,0.245,0.26,952725
RHI,20090420,1.75,1.85,1.75,1.85,10000
RHL,20090420,2.08,2.08,2.08,2.08,1487
RHM,20090420,0.04,0.04,0.04,0.04,22500
RIC,20090420,0.89,0.89,0.83,0.855,189738
RIO,20090420,58.03,58.49,56.5,57.9,1917009
RIS,20090420,0.035,0.035,0.035,0.035,10000
RIV,20090420,4.45,4.47,4.2,4.22,673449
RKN,20090420,1.19,1.2,1.15,1.165,53615
RMC,20090420,0.072,0.072,0.072,0.072,23300
RMD,20090420,5.27,5.35,5.25,5.32,589081
RMG,20090420,0.007,0.007,0.007,0.007,500000
RMI,20090420,0.006,0.006,0.005,0.005,2015000
RML,20090420,0.09,0.09,0.09,0.09,360000
RMP,20090420,0.08,0.08,0.075,0.075,50000
RMR,20090420,0.011,0.011,0.011,0.011,5908
RMS,20090420,0.57,0.57,0.55,0.55,247779
RMT,20090420,0.04,0.05,0.04,0.049,3832000
RNG,20090420,0.011,0.011,0.011,0.011,912094
RNY,20090420,0.084,0.084,0.072,0.073,1029152
ROB,20090420,0.021,0.021,0.021,0.021,100000
ROC,20090420,0.43,0.445,0.43,0.44,1731986
ROK,20090420,2.46,2.47,2.46,2.47,1910
ROL,20090420,0.32,0.32,0.28,0.28,139700
RRA,20090420,0.54,0.54,0.54,0.54,17000
RRL,20090420,0.39,0.4,0.385,0.39,474335
RRS,20090420,0.03,0.03,0.029,0.029,238561
RSG,20090420,0.76,0.76,0.73,0.76,293985
RSN,20090420,0.002,0.002,0.002,0.002,1181556
RUB,20090420,0.04,0.041,0.04,0.04,255575
RUL,20090420,0.52,0.52,0.515,0.515,7500
RUR,20090420,0.14,0.14,0.14,0.14,15000
RVR,20090420,0.035,0.035,0.031,0.031,42000
RWD,20090420,0.65,0.65,0.64,0.65,52456
RXL,20090420,0.05,0.05,0.045,0.045,60321
RXM,20090420,0.53,0.57,0.52,0.53,174599
RZR,20090420,0.037,0.037,0.037,0.037,135337
SAE,20090420,0.105,0.105,0.1,0.105,545315
SAI,20090420,2.54,2.61,2.54,2.6,253767
SAR,20090420,0.19,0.19,0.19,0.19,255000
SAV,20090420,0.39,0.4,0.39,0.4,78000
SAY,20090420,0.1,0.1,0.1,0.1,50000
SBL,20090420,0.012,0.012,0.012,0.012,750001
SBM,20090420,0.32,0.34,0.315,0.33,10357157
SBN,20090420,0.002,0.002,0.002,0.002,11336895
SBS,20090420,0.015,0.015,0.014,0.014,125000
SCE,20090420,0.003,0.003,0.003,0.003,2001165
SDG,20090420,0.54,0.545,0.525,0.545,458569
SDL,20090420,0.099,0.099,0.093,0.093,28043184
SDM,20090420,1.07,1.1,1.03,1.03,222498
SEA,20090420,0.07,0.07,0.066,0.066,139191
SEK,20090420,3.18,3.21,3.05,3.11,449400
SEN,20090420,0.048,0.05,0.042,0.048,730000
SER,20090420,0.018,0.018,0.016,0.016,115285
SEV,20090420,6.4,6.48,6.24,6.37,256938
SFH,20090420,0.46,0.46,0.445,0.445,71500
SFY,20090420,37.53,37.6,37.12,37.35,25939
SGH,20090420,1.67,1.71,1.65,1.65,25426
SGM,20090420,20.05,20.12,19.06,19.24,453792
SGN,20090420,0.645,0.66,0.635,0.635,1049218
SGP,20090420,3.7,3.95,3.69,3.95,4889157
SGT,20090420,2.4,2.42,2.33,2.38,1563492
SGX,20090420,5.12,5.17,4.88,4.89,628738
SGZ,20090420,0.07,0.07,0.07,0.07,100000
SHE,20090420,0.024,0.024,0.024,0.024,22000
SHL,20090420,10.85,10.92,10.74,10.84,1404333
SHV,20090420,3.45,3.45,3.35,3.35,33544
SIM,20090420,0.315,0.315,0.3,0.3,66500
SIP,20090420,1.08,1.13,1.07,1.13,1507454
SIV,20090420,0.95,0.96,0.94,0.96,14000
SKC,20090420,2.37,2.37,2.37,2.37,53392
SKE,20090420,1.66,1.66,1.6,1.6,53012
SKI,20090420,1.03,1.045,1.01,1.015,2939359
SLA,20090420,0.105,0.13,0.105,0.105,732350
SLF,20090420,6.85,7.01,6.8,7.01,53079
SLM,20090420,3.77,3.94,3.68,3.94,19532
SLR,20090420,0.41,0.41,0.39,0.395,837127
SLT,20090420,0.006,0.006,0.006,0.006,200000
SLV,20090420,0.96,0.99,0.96,0.975,65000
SLX,20090420,4.27,4.45,4.26,4.28,90211
SMM,20090420,1.75,1.83,1.73,1.83,51500
SMX,20090420,2.82,2.84,2.74,2.8,122224
SND,20090420,0.36,0.36,0.36,0.36,101400
SNU,20090420,0.056,0.056,0.056,0.056,10000
SOE,20090420,0.093,0.093,0.093,0.093,107748
SOL,20090420,10.08,10.08,9.79,9.79,37495
SOM,20090420,0.019,0.019,0.019,0.019,39013
SOT,20090420,0.32,0.32,0.3,0.3,383717
SPH,20090420,0.35,0.38,0.35,0.38,95167
SPI,20090420,0.066,0.066,0.066,0.066,208000
SPL,20090420,0.295,0.33,0.295,0.33,185700
SPN,20090420,0.905,0.92,0.9,0.915,2144450
SPP,20090420,0.005,0.005,0.005,0.005,1000000
SPT,20090420,2.07,2.12,2.04,2.08,403101
SRH,20090420,0.42,0.43,0.41,0.43,59400
SRI,20090420,0.03,0.03,0.03,0.03,100000
SRK,20090420,0.57,0.57,0.52,0.545,398376
SRL,20090420,1.58,1.645,1.55,1.585,2261413
SRM,20090420,0.03,0.03,0.03,0.03,200000
SRR,20090420,0.07,0.07,0.07,0.07,55000
SRV,20090420,2.6,2.6,2.6,2.6,52130
SRX,20090420,2.4,2.49,2.39,2.4,41925
SSC,20090420,0.007,0.008,0.007,0.007,1340000
SSM,20090420,0.5,0.51,0.49,0.51,477981
SSN,20090420,0.039,0.039,0.039,0.039,15000
SSS,20090420,0.007,0.007,0.007,0.007,600000
STB,20090420,0.083,0.085,0.083,0.084,97414
STG,20090420,0.022,0.022,0.022,0.022,233278
STI,20090420,0.034,0.043,0.033,0.035,3504692
STO,20090420,16.4,16.84,16.4,16.83,3350719
STS,20090420,0.91,0.91,0.91,0.91,2633
STU,20090420,0.44,0.44,0.44,0.44,5000
STW,20090420,35.7,35.85,35.35,35.67,296348
STX,20090420,0.205,0.21,0.185,0.19,1732722
SUL,20090420,2.91,3.05,2.91,3,547693
SUN,20090420,6.54,6.58,6.44,6.5,4459753
SUR,20090420,0.058,0.058,0.058,0.058,100000
SWG,20090420,0.003,0.003,0.003,0.003,4700000
SWK,20090420,0.375,0.38,0.36,0.365,378160
SXE,20090420,0.8,0.8,0.79,0.79,25000
SXG,20090420,0.1,0.1,0.1,0.1,12651
SYM,20090420,0.425,0.425,0.425,0.425,2286
SYS,20090420,0.027,0.027,0.027,0.027,285000
TAH,20090420,7.06,7.12,6.97,7.05,1582397
TAL,20090420,2.32,2.39,2.3,2.37,360595
TAM,20090420,0.033,0.034,0.033,0.034,2950836
TAN,20090420,0.265,0.265,0.265,0.265,4000
TAP,20090420,0.835,0.835,0.8,0.815,732440
TAS,20090420,0.029,0.029,0.029,0.029,20000
TBG,20090420,0.52,0.52,0.52,0.52,20000
TCL,20090420,4.13,4.24,4.09,4.2,2300451
TCN,20090420,0.095,0.095,0.095,0.095,500
TCO,20090420,0.7,0.7,0.7,0.7,1000
TCQ,20090420,0.17,0.175,0.165,0.17,371508
TDO,20090420,0.08,0.084,0.072,0.072,242195
TEL,20090420,1.98,1.995,1.94,1.99,3129286
TEN,20090420,0.81,0.83,0.78,0.8,414934
TEX,20090420,0.041,0.041,0.041,0.041,12625
TEY,20090420,0.3,0.3,0.29,0.29,65011
TFC,20090420,0.9,0.91,0.885,0.89,49954
TGF,20090420,0.08,0.08,0.08,0.08,170000
TGG,20090420,0.8,0.8,0.755,0.755,37093
TGP,20090420,0.44,0.44,0.42,0.42,79000
TGR,20090420,1.775,1.795,1.745,1.795,104920
TGS,20090420,0.12,0.12,0.12,0.12,267869
THG,20090420,0.285,0.285,0.27,0.27,87321
THO,20090420,0.6,0.6,0.6,0.6,3000
THR,20090420,0.03,0.03,0.03,0.03,68043
THX,20090420,0.13,0.14,0.13,0.13,424074
TIM,20090420,0.06,0.06,0.052,0.055,9896766
TIS,20090420,0.185,0.185,0.175,0.175,66375
TLM,20090420,0.29,0.29,0.27,0.285,101200
TLS,20090420,3.19,3.23,3.17,3.21,24569127
TMM,20090420,0.905,0.905,0.905,0.905,8000
TMX,20090420,0.044,0.044,0.044,0.044,50000
TNC,20090420,0.004,0.005,0.004,0.005,143000
TNE,20090420,0.74,0.74,0.72,0.73,224821
TNG,20090420,0.05,0.05,0.048,0.048,569490
TOE,20090420,0.175,0.175,0.165,0.165,992085
TOL,20090420,6.28,6.34,6.11,6.15,1853627
TOX,20090420,1.53,1.53,1.5,1.53,14806
TPC,20090420,0.105,0.105,0.105,0.105,20000
TPF,20090420,0.13,0.13,0.12,0.12,9592
TQH,20090420,0.14,0.14,0.14,0.14,32500
TRG,20090420,4.45,4.55,4.45,4.45,6633
TRO,20090420,0.072,0.072,0.072,0.072,150000
TRS,20090420,11.19,11.19,11.09,11.13,54311
TRU,20090420,4.6,4.64,4.54,4.64,5328
TRY,20090420,1.21,1.23,1.21,1.23,39318
TSE,20090420,2.3,2.3,2.21,2.27,1696778
TSH,20090420,0.13,0.13,0.13,0.13,10500
TSI,20090420,1.075,1.135,1.075,1.08,97289
TSM,20090420,0.36,0.36,0.36,0.36,20000
TSO,20090420,0.165,0.165,0.14,0.14,4038115
TSV,20090420,0.025,0.025,0.024,0.025,1720500
TTA,20090420,0.036,0.036,0.03,0.03,230012
TTI,20090420,0.04,0.04,0.04,0.04,50000
TTS,20090420,2.65,2.69,2.63,2.69,3462349
TTY,20090420,0.215,0.215,0.195,0.2,884946
TWD,20090420,2.13,2.13,2.1,2.1,10772
TWO,20090420,0.6,0.6,0.6,0.6,8563
TWR,20090420,1.05,1.06,1.05,1.05,23868
TXN,20090420,0.27,0.27,0.265,0.265,21599
TYO,20090420,0.25,0.25,0.25,0.25,30000
TZL,20090420,2.15,2.15,2,2.1,11950
TZN,20090420,0.73,0.73,0.695,0.705,198476
UCL,20090420,0.007,0.008,0.007,0.007,2105457
UCM,20090420,0.65,0.65,0.62,0.62,28000
UEQ,20090420,0.145,0.15,0.145,0.15,110000
UGL,20090420,9.51,9.74,9.51,9.72,495906
UMC,20090420,0.96,1,0.9,0.905,708307
UNI,20090420,0.3,0.305,0.29,0.3,154590
UNX,20090420,0.365,0.45,0.365,0.42,576556
URL,20090420,0.01,0.01,0.01,0.01,1732511
URM,20090420,0.027,0.028,0.026,0.026,481779
USA,20090420,0.047,0.048,0.047,0.047,55000
UTO,20090420,0.09,0.09,0.09,0.09,15000
UXA,20090420,0.086,0.092,0.08,0.092,342000
UXC,20090420,0.475,0.49,0.465,0.465,175715
VBA,20090420,0.325,0.325,0.31,0.315,4436791
VCN,20090420,0.095,0.098,0.095,0.098,375000
VGH,20090420,0.52,0.525,0.52,0.52,317233
VID,20090420,0.006,0.006,0.005,0.006,1231541
VIR,20090420,0.3,0.3,0.26,0.28,1347026
VLA,20090420,0.038,0.039,0.038,0.039,76000
VMG,20090420,0.285,0.29,0.27,0.27,383239
VMS,20090420,0.115,0.135,0.115,0.135,394000
VMT,20090420,0.039,0.043,0.039,0.043,114000
VPE,20090420,0.435,0.455,0.42,0.435,1137070
VPG,20090420,0.051,0.058,0.049,0.058,83005304
VRL,20090420,0.82,0.82,0.82,0.82,4700
VTG,20090420,0.105,0.105,0.105,0.105,39238
VTP,20090420,0.815,0.825,0.81,0.81,85900
VTX,20090420,0.05,0.05,0.05,0.05,1602037
VWM,20090420,0.25,0.26,0.245,0.245,277561
VXR,20090420,0.023,0.025,0.023,0.025,414000
WAA,20090420,0.67,0.69,0.67,0.69,25000
WAM,20090420,0.945,0.96,0.92,0.92,46850
WAN,20090420,4.81,4.95,4.72,4.78,147180
WAS,20090420,0.008,0.009,0.007,0.009,1820000
WBA,20090420,0.705,0.72,0.705,0.72,20641
WBB,20090420,6.18,6.18,6.12,6.12,10746
WBC,20090420,20.22,20.4,20.04,20.26,3602428
WCB,20090420,2.2,2.2,2.02,2.05,49519
WCL,20090420,0.595,0.6,0.54,0.55,639854
WCN,20090420,0.05,0.05,0.05,0.05,59500
WCP,20090420,0.03,0.03,0.03,0.03,200000
WDC,20090420,10.81,10.99,10.67,10.99,6269224
WDR,20090420,0.08,0.08,0.08,0.08,71065
WDS,20090420,1.17,1.185,1.15,1.155,164449
WEB,20090420,1.24,1.245,1.23,1.23,467241
WEC,20090420,1.6,1.62,1.6,1.6,213671
WES,20090420,21.1,21.23,20.07,20.4,2990112
WGO,20090420,0.12,0.12,0.12,0.12,49363
WGP,20090420,0.026,0.026,0.026,0.026,70000
WGR,20090420,0.26,0.26,0.25,0.25,97500
WHC,20090420,2.04,2.05,2,2.05,86012
WHE,20090420,0.13,0.135,0.12,0.12,150717
WHF,20090420,2.45,2.45,2.45,2.45,74
WHG,20090420,1.055,1.095,1.055,1.055,21865
WHN,20090420,0.025,0.025,0.02,0.02,530000
WIG,20090420,1.1,1.12,1.1,1.12,21775
WIL,20090420,0.56,0.56,0.54,0.54,172135
WKR,20090420,0.017,0.017,0.016,0.016,85335
WLL,20090420,1.95,2,1.9,1.9,24000
WME,20090420,0.125,0.13,0.125,0.13,80000
WMT,20090420,0.043,0.045,0.041,0.043,3733728
WOR,20090420,19.79,19.9,19,19.2,509370
WOW,20090420,26,26.65,26,26.64,3894673
WPL,20090420,38.25,38.5,37.95,38.3,1024229
WRK,20090420,0.13,0.13,0.125,0.125,74000
WRL,20090420,0.031,0.031,0.031,0.031,100000
WSA,20090420,4.85,4.93,4.45,4.91,1220356
WTF,20090420,4.01,4.11,3.9,4.1,442024
WTG,20090420,0.08,0.08,0.08,0.08,50000
WTN,20090420,0.096,0.096,0.096,0.096,40000
WTP,20090420,1.125,1.135,1.105,1.13,30053
WWA,20090420,1.93,1.95,1.91,1.92,13100
WWI,20090420,0.08,0.085,0.08,0.085,49512
WYL,20090420,0.53,0.535,0.52,0.535,55320
XAF,20090420,3807.5,3807.5,3807.5,3807.5,0
XAO,20090420,3729.1,3739.3,3687.3,3722.3,0
XAT,20090420,377020,377020,377020,377020,0
XBW,20090420,385.19,385.19,385.19,385.19,0
XCD,20090420,0.02,0.02,0.02,0.02,0
XDJ,20090420,1204.5,1210.5,1193.5,1206,0
XEJ,20090420,13525.1,13679.5,13508,13664,0
XEN,20090420,0.034,0.034,0.033,0.034,3080000
XFJ,20090420,3665.4,3689.1,3624.4,3661.7,0
XFL,20090420,3831.4,3841.8,3783.8,3820.9,0
XGD,20090420,4518.4,4518.4,4518.4,4518.4,0
XHJ,20090420,7806.7,7838.8,7710.1,7750.4,0
XIJ,20090420,516.6,522.6,510.2,513.7,0
XJO,20090420,3777.9,3788,3731.7,3769,0
XKO,20090420,3766.6,3777,3721.5,3758.4,0
XMD,20090420,3282.8,3292.2,3248.3,3281.6,0
XMJ,20090420,9450.3,9475.1,9259.6,9353.3,0
XMM,20090420,3322.8,3322.8,3322.8,3322.8,0
XNJ,20090420,2861.5,2867.5,2811.8,2852.2,0
XPJ,20090420,746.4,762.9,737,762.9,0
XRF,20090420,0.11,0.11,0.1,0.1,205000
XSJ,20090420,6290.2,6319.1,6195.6,6289.3,0
XSO,20090420,1851.7,1859.2,1834.3,1854.9,0
XST,20090420,0.03,0.03,0.03,0.03,0
XTE,20090420,0.9,0.9,0.9,0.9,456112
XTJ,20090420,1099.1,1111.1,1090.8,1105.4,0
XTL,20090420,2317.4,2324.8,2287.5,2306.7,0
XTO,20090420,3108.3,3116.6,3070.4,3100.6,0
XUJ,20090420,4053,4062.9,4014.6,4061.8,0
XXJ,20090420,4219.5,4248.5,4168.4,4198.7,0
YRR,20090420,0.055,0.055,0.055,0.055,20000
ZGL,20090420,0.105,0.105,0.1,0.105,150000
ZNC,20090420,0.025,0.03,0.025,0.03,405635
ZYL,20090420,0.028,0.028,0.026,0.026,125000
