AAC,20090907,1.515,1.54,1.505,1.505,441220
AAD,20090907,1.38,1.39,1.35,1.38,425735
AAF,20090907,0.004,0.004,0.004,0.004,4500000
AAG,20090907,0.12,0.12,0.12,0.12,18000
AAI,20090907,47.03,47.03,47.03,47.03,210
AAK,20090907,0.007,0.007,0.006,0.006,2342950
AAM,20090907,0.17,0.18,0.17,0.175,1042144
AAO,20090907,0.068,0.068,0.061,0.061,96000
AAR,20090907,0.027,0.027,0.025,0.025,190000
AAU,20090907,0.265,0.265,0.265,0.265,4600
AAX,20090907,4.92,5.17,4.82,5.14,744758
ABB,20090907,8.97,8.99,8.91,8.95,1036273
ABC,20090907,2.79,2.79,2.75,2.78,1836368
ABP,20090907,0.34,0.355,0.34,0.355,5449718
ABQ,20090907,0.155,0.165,0.155,0.16,488569
ABU,20090907,0.041,0.042,0.041,0.042,506000
ABV,20090907,0.017,0.017,0.016,0.016,815000
ABW,20090907,6,6,6,6,1813
ABY,20090907,0.96,1.02,0.96,1.015,1325464
ACB,20090907,0.37,0.41,0.37,0.41,487198
ACE,20090907,0.035,0.035,0.035,0.035,72570
ACL,20090907,0.48,0.485,0.465,0.475,217149
ACR,20090907,1.45,1.45,1.41,1.415,145933
ACS,20090907,0.18,0.18,0.17,0.17,150000
ACU,20090907,0.037,0.037,0.037,0.037,8058
ACZ,20090907,0.2,0.2,0.2,0.2,22057
ADA,20090907,0.77,0.77,0.75,0.755,138056
ADD,20090907,0.054,0.054,0.054,0.054,180438
ADE,20090907,0.14,0.145,0.135,0.135,562890
ADI,20090907,0.065,0.065,0.065,0.065,166372
ADL,20090907,0.01,0.012,0.01,0.011,330000
ADN,20090907,0.13,0.15,0.13,0.15,916892
ADO,20090907,0.011,0.011,0.011,0.011,241850
ADU,20090907,0.365,0.37,0.36,0.36,768780
ADX,20090907,0.125,0.135,0.125,0.13,3209361
ADY,20090907,0.019,0.019,0.018,0.018,17927675
AEA,20090907,0.09,0.09,0.09,0.09,8000
AEC,20090907,2.3,2.3,2.3,2.3,17174
AED,20090907,0.68,0.68,0.65,0.66,354090
AEE,20090907,0.18,0.18,0.165,0.165,44333
AEI,20090907,0.14,0.14,0.14,0.14,16100
AEM,20090907,0.013,0.014,0.013,0.014,807000
AEO,20090907,1.44,1.45,1.41,1.41,49678
AES,20090907,0.052,0.052,0.052,0.052,5556
AET,20090907,0.35,0.35,0.34,0.34,65239
AEU,20090907,0.39,0.39,0.385,0.385,39358
AEZ,20090907,0.059,0.065,0.059,0.065,1724630
AFA,20090907,0.2,0.21,0.2,0.21,154705
AFI,20090907,4.93,4.98,4.92,4.96,226179
AFR,20090907,0.065,0.065,0.064,0.064,140700
AGF,20090907,1.095,1.1,1.055,1.08,538160
AGG,20090907,10.09,10.13,9.99,9.99,1276984
AGI,20090907,0.12,0.15,0.115,0.115,136227
AGK,20090907,13.71,13.73,13.55,13.55,1843304
AGO,20090907,1.675,1.68,1.64,1.67,1344045
AGS,20090907,0.78,0.78,0.76,0.78,276454
AGU,20090907,0.033,0.033,0.033,0.033,10000
AGY,20090907,0.07,0.07,0.07,0.07,10380
AHD,20090907,5.65,5.65,5.62,5.65,14870
AHE,20090907,2,2.06,2,2.01,106688
AIA,20090907,1.47,1.47,1.44,1.44,2011
AIB,20090907,7.1,7.1,7.1,7.1,14
AIO,20090907,1.635,1.64,1.58,1.605,24748507
AIQ,20090907,0.98,0.98,0.945,0.98,52277
AIV,20090907,0.062,0.062,0.062,0.062,68117
AIX,20090907,1.53,1.535,1.5,1.5,1340898
AJA,20090907,0.43,0.435,0.42,0.435,1192408
AJL,20090907,4.22,4.23,4.19,4.2,313669
AKK,20090907,0.057,0.059,0.055,0.059,704000
ALD,20090907,0.5,0.5,0.49,0.49,76564
ALF,20090907,1.22,1.22,1.22,1.22,15000
ALK,20090907,0.39,0.405,0.385,0.405,538723
ALL,20090907,4.58,4.61,4.44,4.5,1988265
ALR,20090907,1.3,1.32,1.3,1.32,9000
ALS,20090907,4.34,4.38,4.27,4.37,179165
ALT,20090907,0.023,0.023,0.023,0.023,43000
ALY,20090907,0.22,0.23,0.22,0.23,102500
ALZ,20090907,0.495,0.505,0.49,0.505,9222405
AMA,20090907,0.04,0.048,0.04,0.048,506033
AMB,20090907,0.28,0.28,0.28,0.28,12252
AMC,20090907,5.69,5.89,5.51,5.61,5065900
AMH,20090907,0.66,0.66,0.62,0.62,46963
AMM,20090907,0.195,0.195,0.195,0.195,304450
AMP,20090907,6.29,6.29,6.07,6.1,11060002
AMT,20090907,0.48,0.48,0.48,0.48,4334
AMU,20090907,0.29,0.29,0.275,0.285,1205491
AMX,20090907,0.42,0.45,0.42,0.445,399880
AND,20090907,2.42,2.42,2.28,2.3,505990
ANG,20090907,2.35,2.35,2.26,2.32,131268
ANM,20090907,0.053,0.055,0.053,0.055,790
ANN,20090907,9.54,9.72,9.41,9.47,599916
ANP,20090907,0.044,0.045,0.044,0.045,249047
ANQ,20090907,0.25,0.25,0.25,0.25,38880
ANZ,20090907,21.4,21.55,21.18,21.35,8212275
AOC,20090907,0.12,0.125,0.115,0.115,56750
AOD,20090907,1.105,1.115,1.105,1.11,38072
AOE,20090907,4.51,4.53,4.38,4.42,2198185
AOK,20090907,0.115,0.115,0.115,0.115,43000
AON,20090907,0.24,0.24,0.225,0.225,88069
APA,20090907,2.97,2.99,2.93,2.94,1555849
APB,20090907,0.052,0.059,0.052,0.059,83777
APD,20090907,0.27,0.29,0.265,0.29,62198
APE,20090907,9.2,9.2,9.15,9.15,1410
APG,20090907,0.039,0.04,0.039,0.04,528000
APH,20090907,0.15,0.16,0.15,0.16,27150
API,20090907,0.785,0.785,0.76,0.78,152782
APK,20090907,0.31,0.31,0.3,0.3,10175
APN,20090907,1.895,1.915,1.88,1.895,1182084
APZ,20090907,0.45,0.45,0.42,0.425,2798198
AQA,20090907,6.8,6.94,6.77,6.94,555984
AQD,20090907,0.155,0.155,0.15,0.155,216543
AQL,20090907,0.011,0.011,0.01,0.01,1000000
AQP,20090907,5.33,5.43,5.28,5.34,1611294
ARA,20090907,0.24,0.24,0.24,0.24,960
ARE,20090907,0.068,0.068,0.065,0.066,251195
ARG,20090907,6.33,6.4,6.33,6.4,140228
ARH,20090907,0.425,0.425,0.4,0.42,83387
ARJ,20090907,0.54,0.58,0.54,0.58,45000
ARM,20090907,0.34,0.345,0.315,0.325,1741618
ARP,20090907,4.37,4.45,4.36,4.39,16921
ARU,20090907,0.74,0.775,0.72,0.75,2212109
ARW,20090907,0.011,0.011,0.011,0.011,518604
ARX,20090907,0.025,0.027,0.025,0.025,167511
ASB,20090907,2.99,2.99,2.88,2.88,87731
ASC,20090907,0.008,0.008,0.008,0.008,500000
ASL,20090907,1.56,1.57,1.53,1.535,748175
ASX,20090907,31.51,31.97,31.25,31.97,1082931
ASZ,20090907,0.97,0.98,0.96,0.97,294495
ATI,20090907,0.025,0.026,0.023,0.024,21607204
ATJ,20090907,0.065,0.065,0.06,0.06,150000
ATN,20090907,0.013,0.013,0.013,0.013,181818
ATP,20090907,0.094,0.094,0.091,0.092,54216
ATR,20090907,2.05,2.07,2.05,2.06,28553
ATV,20090907,0.047,0.047,0.047,0.047,90000
AUB,20090907,4.7,4.71,4.68,4.7,193445
AUI,20090907,6.98,6.98,6.85,6.85,2963
AUJ,20090907,0.17,0.17,0.17,0.17,25000
AUK,20090907,0.033,0.033,0.033,0.033,10625
AUN,20090907,1.1,1.1,1.06,1.075,2353874
AUP,20090907,4.5,4.5,4.5,4.5,1055
AUZ,20090907,0.001,0.002,0.001,0.002,9135000
AVA,20090907,0.12,0.12,0.11,0.115,711280
AVB,20090907,0.02,0.02,0.019,0.02,755381
AVD,20090907,0.08,0.08,0.08,0.08,7143
AVE,20090907,1.38,1.4,1.375,1.375,55181
AVG,20090907,0.32,0.345,0.315,0.325,117389
AVH,20090907,0.17,0.18,0.165,0.18,79767
AVI,20090907,0.12,0.125,0.12,0.125,15000
AVJ,20090907,0.4,0.41,0.395,0.41,30500
AVM,20090907,2.73,2.73,2.61,2.63,41486
AVO,20090907,1.695,1.725,1.685,1.685,873734
AVX,20090907,0.115,0.12,0.11,0.11,1306250
AVZ,20090907,0.087,0.087,0.087,0.087,11115
AWB,20090907,1.225,1.23,1.17,1.18,2653941
AWC,20090907,1.595,1.6,1.575,1.59,7396397
AWE,20090907,2.45,2.5,2.45,2.46,3319544
AXA,20090907,4.24,4.24,4.1,4.14,7065950
AXI,20090907,0.062,0.062,0.062,0.062,50000
AXM,20090907,0.105,0.105,0.096,0.099,6219066
AXO,20090907,0.3,0.3,0.29,0.3,131285
AXY,20090907,0.06,0.06,0.06,0.06,127671
AXZ,20090907,0.14,0.14,0.14,0.14,10000
AYF,20090907,6.11,6.11,6.05,6.05,6300
AYR,20090907,0.035,0.035,0.035,0.035,22000
AYT,20090907,1.31,1.31,1.295,1.295,15000
AZM,20090907,0.125,0.135,0.125,0.13,2293978
AZS,20090907,0.057,0.057,0.052,0.055,319000
AZU,20090907,0.18,0.18,0.18,0.18,16666
AZZ,20090907,0.26,0.26,0.255,0.26,317651
BAR,20090907,0.135,0.135,0.125,0.125,1648600
BAS,20090907,0.051,0.051,0.048,0.048,50000
BAU,20090907,0.76,0.78,0.74,0.78,1321526
BBG,20090907,10.89,11,10.31,10.47,1711228
BBI,20090907,0.057,0.059,0.042,0.045,251465163
BBP,20090907,0.067,0.067,0.058,0.062,8599635
BCC,20090907,0.042,0.043,0.042,0.042,220488
BCD,20090907,0.135,0.135,0.125,0.13,1213330
BCI,20090907,1,1.01,0.99,1,105795
BCN,20090907,0.023,0.025,0.023,0.024,13524457
BDG,20090907,0.275,0.28,0.255,0.265,2189151
BDI,20090907,0.03,0.03,0.03,0.03,30000
BDL,20090907,0.095,0.098,0.095,0.096,5129756
BDM,20090907,0.19,0.19,0.17,0.17,93334
BDR,20090907,0.105,0.105,0.1,0.1,60000
BEC,20090907,0.12,0.12,0.115,0.12,723606
BEL,20090907,0.305,0.305,0.305,0.305,20000
BEN,20090907,8.17,8.22,8.06,8.11,930432
BGD,20090907,0.21,0.215,0.2,0.215,636690
BGL,20090907,0.105,0.105,0.105,0.105,8000
BHP,20090907,36.76,36.91,36.54,36.78,12423903
BIS,20090907,0.24,0.24,0.24,0.24,147687
BIT,20090907,0.125,0.145,0.125,0.125,216000
BKG,20090907,0.07,0.07,0.065,0.065,20000
BKI,20090907,1.2,1.205,1.2,1.2,145923
BKL,20090907,19,19,18.75,18.95,3203
BKM,20090907,0.003,0.003,0.003,0.003,950000
BKN,20090907,6.22,6.38,6.21,6.25,652991
BKP,20090907,0.005,0.006,0.005,0.005,13066200
BKW,20090907,13.21,13.8,13.21,13.43,22967
BKY,20090907,1.25,1.38,1.2,1.345,820775
BLD,20090907,5.73,5.79,5.62,5.64,3586274
BLG,20090907,0.195,0.2,0.195,0.195,369602
BLK,20090907,0.23,0.23,0.23,0.23,30104
BLP,20090907,0.105,0.11,0.105,0.11,313058
BLR,20090907,0.062,0.062,0.061,0.062,1017258
BLT,20090907,0.037,0.041,0.037,0.041,1084000
BLY,20090907,0.275,0.28,0.265,0.265,75098322
BMI,20090907,0.038,0.038,0.038,0.038,45032
BML,20090907,0.041,0.041,0.04,0.04,349882
BMN,20090907,1.255,1.27,1.22,1.235,946915
BMY,20090907,0.11,0.11,0.105,0.11,270000
BND,20090907,0.495,0.5,0.49,0.5,45400
BOC,20090907,0.61,0.61,0.61,0.61,10000
BOL,20090907,0.575,0.595,0.57,0.57,227734
BOM,20090907,0.105,0.105,0.1,0.1,187843
BOQ,20090907,10.57,10.71,10.47,10.56,1090135
BOW,20090907,1.555,1.58,1.535,1.55,1442456
BPH,20090907,0.125,0.125,0.115,0.12,139613
BPO,20090907,0.023,0.023,0.023,0.023,569331
BPT,20090907,0.795,0.795,0.77,0.775,7942727
BRC,20090907,0.27,0.27,0.27,0.27,53501
BRD,20090907,0.009,0.009,0.008,0.009,815000
BRG,20090907,1.225,1.27,1.22,1.27,24310
BRM,20090907,1.51,1.61,1.49,1.59,667022
BRU,20090907,0.195,0.195,0.185,0.185,119718
BRW,20090907,0.08,0.081,0.08,0.081,203700
BSA,20090907,0.245,0.25,0.245,0.25,169491
BSE,20090907,0.06,0.06,0.06,0.06,25500
BSI,20090907,0.021,0.021,0.021,0.021,70000
BSL,20090907,2.92,2.93,2.83,2.9,24180624
BSM,20090907,0.205,0.205,0.205,0.205,41500
BSN,20090907,0.047,0.047,0.046,0.046,330000
BSR,20090907,0.155,0.17,0.155,0.165,675000
BTA,20090907,2.07,2.08,2.02,2.08,325917
BTC,20090907,0.215,0.215,0.21,0.215,13000
BTR,20090907,0.27,0.28,0.27,0.28,36000
BTT,20090907,2.37,2.4,2.35,2.4,401370
BTV,20090907,0.115,0.115,0.115,0.115,8
BUG,20090907,0.365,0.365,0.365,0.365,500
BUL,20090907,0.25,0.255,0.245,0.25,2741553
BUX,20090907,0.07,0.07,0.07,0.07,1000
BUY,20090907,0.12,0.13,0.12,0.13,13462235
BVA,20090907,0.165,0.17,0.165,0.17,64005
BWN,20090907,0.13,0.13,0.12,0.13,43325
BWP,20090907,1.77,1.78,1.73,1.77,710054
BXB,20090907,7.72,7.78,7.57,7.6,5942359
BYI,20090907,0.65,0.65,0.65,0.65,7615
BYL,20090907,0.42,0.425,0.415,0.425,511629
BYR,20090907,0.042,0.042,0.035,0.035,1095000
CAA,20090907,0.071,0.071,0.068,0.068,385000
CAB,20090907,5.9,5.94,5.82,5.85,324351
CAF,20090907,0.18,0.18,0.18,0.18,27000
CAH,20090907,0.14,0.14,0.125,0.13,1764986
CAM,20090907,0.96,0.96,0.96,0.96,13647
CAP,20090907,0.12,0.12,0.1,0.11,314493
CAV,20090907,0.13,0.13,0.13,0.13,3000
CAZ,20090907,0.27,0.295,0.27,0.27,145300
CBA,20090907,45.97,46.56,45.88,45.89,5328185
CBB,20090907,0.35,0.35,0.35,0.35,6000
CBD,20090907,0.14,0.14,0.12,0.12,45816
CBH,20090907,0.093,0.096,0.093,0.094,591850
CCC,20090907,0.069,0.069,0.066,0.066,2205000
CCD,20090907,1.16,1.2,1.12,1.18,79021
CCI,20090907,0.088,0.088,0.086,0.087,433529
CCK,20090907,0.115,0.115,0.115,0.115,6000
CCL,20090907,10.1,10.12,9.7,9.84,4253040
CCP,20090907,1.895,1.95,1.825,1.9,52222
CCQ,20090907,0.41,0.42,0.41,0.42,22200
CCU,20090907,0.071,0.072,0.071,0.071,2929650
CCV,20090907,0.565,0.575,0.56,0.57,1146072
CDA,20090907,0.95,0.95,0.925,0.94,25525
CDD,20090907,4.4,4.45,4.37,4.38,46530
CDI,20090907,0.45,0.46,0.43,0.435,9139954
CDT,20090907,0.11,0.11,0.11,0.11,150000
CDU,20090907,5.54,5.65,5.23,5.55,1049450
CEG,20090907,0.16,0.165,0.16,0.16,22000
CEO,20090907,0.012,0.012,0.012,0.012,55000
CER,20090907,0.13,0.13,0.125,0.125,4583448
CEU,20090907,0.375,0.375,0.36,0.37,28394771
CEY,20090907,3.25,3.27,3.09,3.09,3129458
CFE,20090907,0.42,0.43,0.41,0.425,1599833
CFR,20090907,0.005,0.005,0.005,0.005,500000
CFU,20090907,0.215,0.22,0.21,0.22,2633444
CFX,20090907,1.86,1.88,1.85,1.86,9896343
CGF,20090907,3.28,3.28,3.08,3.16,5201816
CGG,20090907,0.36,0.4,0.36,0.385,2782114
CGM,20090907,0.035,0.036,0.035,0.036,35000
CGO,20090907,0.8,0.82,0.8,0.81,69858
CGT,20090907,0.04,0.04,0.04,0.04,204176
CGX,20090907,2.01,2.1,2.01,2.04,103300
CHC,20090907,0.555,0.585,0.555,0.58,4396543
CHM,20090907,0.028,0.028,0.026,0.027,1393331
CHN,20090907,0.345,0.36,0.34,0.36,904266
CHO,20090907,4.88,4.9,4.86,4.86,16017
CHZ,20090907,0.12,0.12,0.12,0.12,58000
CIF,20090907,1.53,1.535,1.505,1.505,226697
CIG,20090907,0.019,0.019,0.019,0.019,150000
CII,20090907,0.86,0.86,0.86,0.86,500
CIL,20090907,1.135,1.14,1.1,1.1,36290
CIR,20090907,0.745,0.75,0.745,0.745,35500
CIW,20090907,0.37,0.37,0.37,0.37,25000
CIX,20090907,0.305,0.31,0.295,0.31,126800
CKK,20090907,0.19,0.21,0.175,0.205,828040
CKL,20090907,0.42,0.45,0.42,0.43,35175
CKR,20090907,0.005,0.005,0.005,0.005,261879
CKT,20090907,0.59,0.59,0.59,0.59,72510
CLH,20090907,0.595,0.605,0.59,0.605,79423
CLO,20090907,0.935,0.935,0.885,0.89,1318731
CLQ,20090907,0.345,0.345,0.34,0.34,15000
CLU,20090907,0.043,0.044,0.043,0.044,52490
CLV,20090907,0.2,0.2,0.195,0.195,163403
CLY,20090907,0.175,0.175,0.175,0.175,3000
CMJ,20090907,3.44,3.44,3.26,3.28,1978435
CMP,20090907,0.205,0.21,0.205,0.21,41000
CMV,20090907,0.125,0.13,0.125,0.13,116831
CMW,20090907,0.62,0.65,0.62,0.635,559684
CMY,20090907,0.055,0.055,0.055,0.055,143110
CNA,20090907,81.95,82.05,81.91,81.95,6609
CND,20090907,0.78,0.785,0.765,0.785,240405
CNH,20090907,0.125,0.13,0.12,0.13,70966
CNM,20090907,0.215,0.23,0.215,0.22,662962
CNN,20090907,0.021,0.021,0.021,0.021,500000
CNP,20090907,0.165,0.175,0.16,0.175,8740638
CNT,20090907,1.9,1.9,1.83,1.88,166527
CNX,20090907,0.82,0.84,0.76,0.76,3281461
COE,20090907,0.465,0.47,0.44,0.445,724501
COF,20090907,2.1,2.1,2.05,2.08,63651
COH,20090907,61.1,61.11,60.01,60.3,179996
COI,20090907,0.43,0.43,0.395,0.43,1040372
COK,20090907,0.36,0.36,0.34,0.345,2387390
COU,20090907,1.41,1.48,1.41,1.48,366895
COV,20090907,0.16,0.18,0.16,0.18,450900
COY,20090907,0.052,0.052,0.05,0.05,100000
COZ,20090907,0.23,0.23,0.23,0.23,760
CPA,20090907,0.895,0.9,0.89,0.9,3026161
CPB,20090907,24.71,24.9,24.2,24.44,13610
CPI,20090907,0.18,0.18,0.155,0.155,47400
CPN,20090907,0.05,0.05,0.05,0.05,218976
CPR,20090907,0.38,0.38,0.365,0.365,179130
CPU,20090907,10.27,10.37,9.86,9.99,6013690
CQT,20090907,0.75,0.765,0.705,0.71,596983
CRC,20090907,0.145,0.145,0.14,0.14,85000
CRE,20090907,0.145,0.15,0.14,0.14,236500
CRG,20090907,10.7,10.8,10.56,10.71,299027
CRJ,20090907,0.017,0.02,0.017,0.02,2138967
CRK,20090907,0.6,0.6,0.585,0.585,35240
CRS,20090907,0.013,0.013,0.011,0.012,36937061
CSD,20090907,0.1,0.1,0.099,0.1,278000
CSL,20090907,33.67,34.14,33.4,33.94,5405594
CSR,20090907,1.94,1.94,1.9,1.905,5118499
CSS,20090907,0.5,0.52,0.49,0.49,275416
CST,20090907,3.52,3.52,3.35,3.35,37769
CSV,20090907,1.16,1.18,1.155,1.18,59288
CSW,20090907,0.92,0.92,0.92,0.92,20000
CTN,20090907,1.03,1.05,1.025,1.05,83815
CTO,20090907,0.175,0.18,0.17,0.17,3213917
CTP,20090907,0.14,0.14,0.13,0.13,6656425
CTX,20090907,12.18,12.28,12.13,12.23,708675
CUE,20090907,0.225,0.225,0.22,0.225,1177158
CUL,20090907,0.078,0.079,0.07,0.079,508000
CUR,20090907,0.38,0.38,0.38,0.38,53000
CUS,20090907,2.83,2.86,2.78,2.84,275543
CUV,20090907,0.31,0.31,0.3,0.31,390933
CUX,20090907,0.09,0.09,0.09,0.09,15400
CUY,20090907,0.425,0.425,0.425,0.425,11500
CVB,20090907,0.05,0.05,0.05,0.05,20000
CVC,20090907,0.55,0.55,0.55,0.55,118250
CVI,20090907,0.005,0.005,0.005,0.005,6674995
CVN,20090907,0.52,0.535,0.515,0.52,5184869
CWG,20090907,0.051,0.051,0.045,0.045,62500
CWK,20090907,0.285,0.315,0.285,0.295,644419
CWN,20090907,8.23,8.34,7.91,8,2114925
CWP,20090907,2,2,1.9,1.9,5700
CWT,20090907,0.31,0.31,0.3,0.3,125472
CXC,20090907,19.8,20,19.55,19.85,15166
CXD,20090907,0.35,0.36,0.35,0.35,71161
CXG,20090907,0.36,0.4,0.36,0.395,1106188
CXM,20090907,0.51,0.525,0.49,0.52,183487
CXP,20090907,3.9,4.01,3.87,4,445949
CXS,20090907,0.67,0.68,0.67,0.68,269755
CXU,20090907,0.29,0.295,0.28,0.295,77824
CXY,20090907,0.091,0.091,0.087,0.09,4378430
CYA,20090907,0.835,0.85,0.83,0.83,135525
CYC,20090907,0.09,0.09,0.09,0.09,10000
CYG,20090907,1.45,1.45,1.44,1.445,5000
CYL,20090907,0.1,0.1,0.1,0.1,20000
CYS,20090907,0.24,0.275,0.225,0.235,714618
CYT,20090907,0.14,0.14,0.13,0.13,99145
CYU,20090907,0.32,0.33,0.305,0.305,92591
CZA,20090907,1.745,1.745,1.68,1.68,56819
DCG,20090907,1.18,1.28,1.15,1.15,455331
DDT,20090907,0.019,0.019,0.018,0.018,1226125
DEG,20090907,0.044,0.05,0.044,0.05,485328
DEX,20090907,0.38,0.38,0.355,0.355,68600
DGI,20090907,0.4,0.4,0.38,0.38,20000
DGO,20090907,0.09,0.09,0.09,0.09,82000
DGR,20090907,0.036,0.036,0.036,0.036,5000
DGX,20090907,0.29,0.29,0.29,0.29,10000
DIO,20090907,0.83,0.83,0.81,0.81,171131
DJS,20090907,5.03,5.1,4.96,5,3226387
DJW,20090907,4.2,4.25,4.16,4.22,70555
DKN,20090907,0.55,0.55,0.55,0.55,24000
DKS,20090907,13.2,13.2,13.2,13.2,1000
DLE,20090907,0.17,0.17,0.17,0.17,10000
DLS,20090907,0.064,0.072,0.061,0.07,9238826
DMA,20090907,0.185,0.21,0.185,0.19,697860
DMG,20090907,0.17,0.17,0.155,0.155,472924
DML,20090907,0.38,0.4,0.38,0.4,221106
DMM,20090907,0.31,0.31,0.31,0.31,53000
DMN,20090907,0.005,0.005,0.005,0.005,395000
DMP,20090907,3.95,3.95,3.9,3.9,9233
DMX,20090907,0.25,0.26,0.235,0.26,119970
DOM,20090907,4.42,4.45,4.26,4.26,529517
DOW,20090907,7.87,7.87,7.74,7.75,2525874
DRA,20090907,0.08,0.083,0.08,0.08,1950015
DRK,20090907,0.24,0.25,0.24,0.25,262909
DRX,20090907,0.155,0.16,0.155,0.16,73250
DTL,20090907,7.46,7.49,7.4,7.45,39760
DTM,20090907,0.07,0.07,0.07,0.07,2700
DUE,20090907,1.535,1.56,1.515,1.56,2805927
DUI,20090907,2.87,2.87,2.87,2.87,25429
DVM,20090907,0.045,0.045,0.045,0.045,175000
DVN,20090907,0.465,0.47,0.46,0.47,158043
DWS,20090907,1.23,1.23,1.2,1.2,143030
DWY,20090907,0.115,0.115,0.115,0.115,3111
DXS,20090907,0.75,0.765,0.735,0.76,29358071
DYE,20090907,0.86,0.87,0.855,0.86,80284
DYL,20090907,0.305,0.31,0.295,0.295,684916
EAL,20090907,0.36,0.37,0.36,0.37,22546
EAR,20090907,0.04,0.04,0.04,0.04,48000
EBT,20090907,0.105,0.105,0.1,0.1,339149
ECE,20090907,0.001,0.001,0.001,0.001,16000
ECQ,20090907,0.165,0.165,0.14,0.145,307915
ECU,20090907,0.595,0.83,0.595,0.77,1034544
EDE,20090907,0.065,0.065,0.064,0.064,320508
EDS,20090907,0.125,0.125,0.125,0.125,72000
EEE,20090907,0.1,0.1,0.098,0.099,332944
EER,20090907,0.13,0.13,0.13,0.13,30000
EFE,20090907,0.09,0.095,0.09,0.095,59000
EFG,20090907,0.066,0.066,0.066,0.066,445
EGL,20090907,0.056,0.06,0.056,0.06,68333
EGO,20090907,0.011,0.012,0.011,0.012,13629000
EHL,20090907,0.805,0.825,0.77,0.8,5190170
EKM,20090907,0.042,0.042,0.042,0.042,376500
ELK,20090907,0.15,0.155,0.15,0.15,166000
ELX,20090907,0.15,0.15,0.15,0.15,62000
ELY,20090907,0.09,0.09,0.09,0.09,8000
EMA,20090907,0.21,0.22,0.205,0.205,460287
EMG,20090907,0.47,0.5,0.47,0.485,197174
EMM,20090907,0.011,0.011,0.011,0.011,100000
EMR,20090907,0.052,0.058,0.052,0.058,70586
EMS,20090907,0.058,0.063,0.058,0.061,5473171
EMU,20090907,0.17,0.17,0.16,0.16,43250
ENB,20090907,0.235,0.235,0.225,0.225,46163
ENE,20090907,2.65,2.67,2.57,2.67,76525
ENG,20090907,0.017,0.017,0.016,0.016,222000
ENR,20090907,0.31,0.35,0.31,0.315,321370
ENT,20090907,0.37,0.4,0.37,0.38,97003
ENV,20090907,0.5,0.5,0.48,0.49,1335562
EPG,20090907,0.195,0.195,0.185,0.19,299774
EPS,20090907,0.05,0.05,0.05,0.05,5000
EPX,20090907,1.095,1.15,1.09,1.095,24894
EPY,20090907,0.16,0.16,0.16,0.16,14953
EQN,20090907,3.1,3.19,3.08,3.19,1784846
EQT,20090907,18.49,18.49,18.49,18.49,3000
ERA,20090907,24.35,24.85,24.35,24.82,226662
ERC,20090907,1.235,1.26,1.205,1.235,452142
ERH,20090907,0.145,0.145,0.14,0.14,232810
ERJ,20090907,0.13,0.13,0.12,0.125,1862810
ERM,20090907,0.29,0.34,0.28,0.325,5175958
ERO,20090907,0.066,0.066,0.066,0.066,11000
ESG,20090907,1.05,1.055,1.01,1.02,2316861
ESI,20090907,0.057,0.069,0.057,0.069,25575736
ESN,20090907,0.004,0.005,0.004,0.005,8500000
ESV,20090907,0.52,0.52,0.5,0.515,470000
ESW,20090907,0.15,0.15,0.15,0.15,10000
ETE,20090907,0.175,0.175,0.17,0.17,178750
ETT,20090907,0.003,0.003,0.003,0.003,650000
EVG,20090907,0.085,0.085,0.08,0.082,431000
EVM,20090907,0.049,0.049,0.049,0.049,40367
EVZ,20090907,0.145,0.145,0.14,0.14,114965
EWC,20090907,0.525,0.53,0.5,0.5,3228690
EXE,20090907,0.22,0.25,0.22,0.25,462887
EXM,20090907,0.014,0.014,0.013,0.013,7808558
EXR,20090907,0.048,0.048,0.048,0.048,40300
EXS,20090907,0.24,0.245,0.235,0.24,356213
EXT,20090907,9.9,10.06,9.6,10.06,392311
EZL,20090907,1.25,1.25,1.25,1.25,10490
FAC,20090907,0.045,0.045,0.045,0.045,30000
FAN,20090907,3.43,3.43,3.28,3.4,105777
FAR,20090907,0.053,0.053,0.05,0.051,9212264
FAS,20090907,0.04,0.04,0.04,0.04,975000
FAT,20090907,0.83,0.83,0.82,0.82,80000
FBU,20090907,6.34,6.45,6.3,6.44,2076493
FCN,20090907,0.1,0.105,0.1,0.105,68000
FEA,20090907,0.23,0.23,0.22,0.225,83500
FER,20090907,0.074,0.074,0.069,0.069,273500
FGE,20090907,1.01,1.04,1,1.01,345426
FGL,20090907,5.35,5.36,5.18,5.24,14234628
FIS,20090907,0.15,0.15,0.15,0.15,100000
FKP,20090907,0.745,0.76,0.73,0.755,5770554
FLK,20090907,0.165,0.17,0.165,0.17,6661
FLT,20090907,13.3,14.15,13.29,14.08,328830
FLX,20090907,17.38,17.39,17.29,17.3,301711
FMG,20090907,4.16,4.16,4.1,4.11,3089194
FML,20090907,0.028,0.031,0.028,0.031,149596587
FMS,20090907,0.115,0.12,0.11,0.11,47522077
FNT,20090907,0.027,0.028,0.027,0.027,54649
FPA,20090907,0.61,0.61,0.6,0.6,22778
FPH,20090907,2.8,2.8,2.7,2.8,2474
FPS,20090907,1.59,1.6,1.59,1.6,4076
FRE,20090907,0.007,0.007,0.006,0.006,2142000
FRI,20090907,0.91,0.91,0.91,0.91,1356
FRR,20090907,0.17,0.17,0.165,0.165,47000
FSA,20090907,0.415,0.44,0.41,0.43,283212
FTE,20090907,0.14,0.14,0.135,0.14,692000
FUN,20090907,0.18,0.185,0.18,0.18,218000
FWD,20090907,7.46,7.53,7.3,7.48,93702
FWL,20090907,0.12,0.12,0.12,0.12,10000
FXI,20090907,0.61,0.63,0.61,0.63,163000
FXJ,20090907,1.495,1.535,1.49,1.53,24579162
FXL,20090907,1.45,1.45,1.43,1.445,554300
FXR,20090907,0.125,0.13,0.125,0.125,143600
FYI,20090907,0.007,0.007,0.007,0.007,5715
GAP,20090907,0.1,0.1,0.1,0.1,30113
GBA,20090907,0.15,0.15,0.14,0.14,150900
GBE,20090907,0.3,0.3,0.28,0.28,90800
GBG,20090907,0.83,0.845,0.83,0.84,857236
GBI,20090907,0.685,0.72,0.685,0.7,90000
GBP,20090907,0.135,0.135,0.135,0.135,5433
GBT,20090907,0.88,0.9,0.88,0.88,10054
GBZ,20090907,0.25,0.265,0.24,0.24,2753598
GCG,20090907,0.165,0.165,0.16,0.16,67070
GCL,20090907,6.15,6.21,6.08,6.15,24915
GCR,20090907,0.033,0.034,0.03,0.031,2988599
GCS,20090907,0.88,0.9,0.88,0.88,76060
GDA,20090907,0.018,0.021,0.018,0.02,10713070
GDN,20090907,0.048,0.05,0.047,0.049,1509671
GDO,20090907,0.325,0.34,0.32,0.32,520868
GDY,20090907,0.99,0.995,0.96,0.96,133134
GED,20090907,0.05,0.05,0.05,0.05,9091
GER,20090907,0.145,0.145,0.145,0.145,20000
GFE,20090907,0.2,0.2,0.2,0.2,68317
GFF,20090907,1.58,1.61,1.56,1.6,4685592
GGG,20090907,0.57,0.665,0.55,0.65,1730625
GGP,20090907,0.058,0.059,0.056,0.057,7408820
GGX,20090907,0.058,0.058,0.055,0.058,99464
GGY,20090907,0.055,0.056,0.055,0.056,285090
GHT,20090907,0.37,0.37,0.365,0.365,4000
GIP,20090907,0.04,0.04,0.04,0.04,458100
GIR,20090907,0.725,0.765,0.725,0.75,353384
GLB,20090907,0.47,0.47,0.46,0.46,4500
GLF,20090907,0.035,0.035,0.03,0.03,300000
GLM,20090907,0.041,0.041,0.036,0.036,80000
GLN,20090907,0.025,0.025,0.023,0.025,1199400
GME,20090907,0.061,0.061,0.06,0.06,395790
GMG,20090907,0.565,0.59,0.54,0.59,59849343
GMI,20090907,1.065,1.095,1.065,1.07,133362
GML,20090907,0.073,0.079,0.073,0.079,60000
GMR,20090907,0.135,0.145,0.135,0.135,776866
GMX,20090907,0.85,0.86,0.85,0.85,13687
GNC,20090907,7.7,7.96,7.6,7.92,550923
GNI,20090907,0.028,0.028,0.028,0.028,150000
GNM,20090907,0.63,0.63,0.63,0.63,49000
GNS,20090907,1.005,1.005,0.97,0.985,2397547
GNV,20090907,0.1,0.1,0.1,0.1,20000
GOA,20090907,0.035,0.039,0.033,0.036,8584084
GOZ,20090907,1.59,1.6,1.55,1.6,142606
GPG,20090907,0.655,0.655,0.645,0.645,228502
GPM,20090907,0.165,0.165,0.16,0.16,253013
GPT,20090907,0.62,0.62,0.6,0.605,27123278
GRB,20090907,0.07,0.071,0.069,0.07,373013
GRD,20090907,0.535,0.54,0.535,0.54,24825
GRK,20090907,0.075,0.075,0.072,0.072,161100
GRR,20090907,0.32,0.32,0.31,0.31,290694
GRT,20090907,0.36,0.36,0.36,0.36,5195
GRY,20090907,0.39,0.41,0.39,0.41,703113
GSE,20090907,0.057,0.057,0.042,0.044,2502046
GTE,20090907,0.09,0.09,0.085,0.09,859753
GTG,20090907,0.05,0.05,0.05,0.05,9500
GTR,20090907,0.08,0.08,0.08,0.08,78000
GTX,20090907,0.02,0.02,0.02,0.02,70000
GUD,20090907,8.61,8.76,8.6,8.66,247607
GUL,20090907,0.08,0.08,0.08,0.08,7250
GUN,20090907,0.09,0.09,0.087,0.087,239589
GWR,20090907,0.365,0.365,0.35,0.355,177740
GWT,20090907,2.72,2.73,2.64,2.64,668704
GXY,20090907,1.45,1.84,1.45,1.8,2126021
GYN,20090907,0.07,0.07,0.07,0.07,140000
GZL,20090907,1.4,1.4,1.4,1.4,10000
HAO,20090907,0.09,0.09,0.09,0.09,7000
HAP,20090907,0.255,0.255,0.245,0.245,89086
HAW,20090907,0.007,0.008,0.007,0.008,4855667
HAZ,20090907,0.2,0.21,0.2,0.2,509500
HCG,20090907,0.072,0.072,0.072,0.072,61800
HCT,20090907,0.18,0.18,0.18,0.18,108000
HDF,20090907,0.955,0.96,0.945,0.95,3156106
HDN,20090907,0.205,0.205,0.205,0.205,97400
HEG,20090907,0.245,0.245,0.235,0.245,316250
HER,20090907,0.735,0.735,0.735,0.735,48200
HFA,20090907,0.265,0.27,0.26,0.26,1198223
HGG,20090907,2.37,2.37,2.13,2.35,2829147
HGN,20090907,0.3,0.31,0.3,0.31,69850
HGO,20090907,0.26,0.3,0.26,0.295,4315947
HHL,20090907,6.36,6.5,6.36,6.4,7211
HHV,20090907,0.755,0.775,0.755,0.775,251963
HHY,20090907,1.4,1.4,1.4,1.4,23325
HIG,20090907,0.14,0.145,0.14,0.145,877120
HIL,20090907,1.71,1.72,1.68,1.69,525977
HMC,20090907,0.048,0.048,0.047,0.047,680000
HNG,20090907,1.05,1.05,1.05,1.05,30710
HNR,20090907,0.165,0.165,0.155,0.155,512379
HRL,20090907,0.12,0.12,0.12,0.12,10000
HRR,20090907,0.205,0.21,0.205,0.21,46292
HSK,20090907,0.46,0.465,0.44,0.44,290069
HSN,20090907,0.6,0.62,0.6,0.62,38108
HSP,20090907,4.55,4.59,4.41,4.43,1788584
HST,20090907,1.785,1.81,1.74,1.8,1700932
HTA,20090907,0.12,0.12,0.115,0.115,168542
HTC,20090907,0.023,0.023,0.022,0.022,925600
HTE,20090907,0.034,0.039,0.034,0.039,2725455
HTI,20090907,0.01,0.012,0.01,0.012,524141
HTX,20090907,0.083,0.085,0.082,0.085,91600
HVN,20090907,3.95,3.97,3.85,3.89,8889315
HXL,20090907,0.45,0.45,0.45,0.45,12990
HYO,20090907,0.035,0.035,0.035,0.035,14500
HZN,20090907,0.255,0.265,0.25,0.265,8042215
IAA,20090907,42.92,43.13,42.86,43.13,928
IAG,20090907,3.61,3.62,3.51,3.53,13940900
IAS,20090907,0.585,0.585,0.585,0.585,551170
IAT,20090907,0.014,0.014,0.014,0.014,50000
IAU,20090907,0.345,0.35,0.34,0.34,416512
IBG,20090907,0.155,0.155,0.145,0.15,28000
IBK,20090907,45.83,45.83,45.1,45.51,839
ICN,20090907,0.52,0.555,0.52,0.55,5133834
ICP,20090907,0.045,0.045,0.044,0.044,873945
ICS,20090907,0.095,0.095,0.091,0.091,240000
ICV,20090907,0.008,0.008,0.008,0.008,30000
IDG,20090907,0.34,0.355,0.335,0.355,327609
IDL,20090907,0.44,0.445,0.42,0.42,1432951
IDM,20090907,0.115,0.115,0.105,0.105,4075253
IDT,20090907,1.5,1.52,1.5,1.52,49141
IEF,20090907,0.26,0.28,0.26,0.26,892072
IEM,20090907,43.87,43.87,42.52,43.24,11319
IEU,20090907,43.02,43.02,42.6,42.6,3232
IFE,20090907,0.36,0.395,0.36,0.37,16167
IFL,20090907,4.41,4.44,4.32,4.34,301986
IFM,20090907,0.41,0.42,0.41,0.41,58475
IFN,20090907,1.31,1.32,1.3,1.315,1824047
IFS,20090907,0.074,0.075,0.07,0.075,471813
IGC,20090907,0.195,0.195,0.195,0.195,4500
IGO,20090907,4.48,4.65,4.45,4.55,993544
IGR,20090907,0.295,0.3,0.28,0.295,2130756
IHF,20090907,0.76,0.775,0.76,0.765,12589
IIF,20090907,0.505,0.525,0.505,0.525,5405267
III,20090907,0.095,0.1,0.09,0.1,71425
IIN,20090907,2.21,2.21,2.13,2.18,105117
IJP,20090907,11.78,11.87,11.78,11.87,9354
IJR,20090907,58.2,58.2,58.2,58.2,430
IKO,20090907,50.94,50.94,50.45,50.45,535
ILF,20090907,0.145,0.145,0.135,0.14,1220571
ILU,20090907,3.97,4,3.91,3.97,750557
IMA,20090907,0.64,0.68,0.64,0.68,41125
IMC,20090907,0.051,0.053,0.049,0.053,947050
IMD,20090907,0.75,0.765,0.75,0.755,323624
IMF,20090907,1.57,1.575,1.525,1.525,298687
IMI,20090907,0.004,0.004,0.003,0.004,5224762
IMP,20090907,0.008,0.008,0.007,0.007,1075000
IMU,20090907,0.095,0.095,0.095,0.095,124123
INE,20090907,0.47,0.47,0.445,0.45,161000
INL,20090907,0.015,0.016,0.015,0.016,419362
INP,20090907,0.2,0.21,0.2,0.205,506134
INQ,20090907,0.081,0.081,0.077,0.078,92000
INT,20090907,0.016,0.017,0.016,0.017,437355
IOF,20090907,0.55,0.57,0.535,0.56,13599175
IOH,20090907,0.7,0.72,0.675,0.72,263620
IOO,20090907,65.75,66.17,65.39,65.94,7049
IPD,20090907,0.56,0.56,0.555,0.555,20000
IPE,20090907,0.205,0.205,0.205,0.205,30000
IPL,20090907,3.04,3.07,3,3.02,7895678
IPR,20090907,0.062,0.062,0.062,0.062,68000
IPT,20090907,0.17,0.17,0.17,0.17,100000
IRC,20090907,0.16,0.17,0.16,0.17,35232
IRD,20090907,0.575,0.69,0.57,0.685,1297102
IRE,20090907,8.24,8.56,8.12,8.47,407185
IRH,20090907,0.06,0.06,0.06,0.06,124600
IRI,20090907,0.36,0.365,0.36,0.365,107000
IRL,20090907,0.021,0.021,0.021,0.021,6500
IRM,20090907,0.1,0.1,0.092,0.092,117647
IRN,20090907,0.8,0.815,0.765,0.78,742718
IRU,20090907,67.28,67.29,67.28,67.29,869
ISF,20090907,0.85,0.865,0.84,0.86,1889793
ISK,20090907,0.2,0.2,0.2,0.2,10000
ISS,20090907,0.255,0.255,0.25,0.25,43070
ITC,20090907,0.054,0.054,0.051,0.051,3068616
ITX,20090907,0.76,0.76,0.75,0.75,80000
IVA,20090907,3.6,4.05,3.48,3.5,444637
IVC,20090907,5.65,5.7,5.57,5.65,365030
IVE,20090907,61.62,61.95,61.6,61.6,4702
IVV,20090907,120.15,120.19,119.83,120.14,1751
IXR,20090907,0.255,0.255,0.255,0.255,48850
IZZ,20090907,48,48.74,48,48.54,8596
JAL,20090907,0.575,0.575,0.55,0.57,414661
JBH,20090907,18.7,18.71,18.2,18.36,725870
JET,20090907,1.01,1.03,1.01,1.03,49563
JGL,20090907,0.105,0.105,0.1,0.105,802000
JHX,20090907,7.12,7.12,6.86,7.04,3128360
JMB,20090907,0.4,0.4,0.4,0.4,140500
JML,20090907,0.35,0.36,0.35,0.35,1797485
JMS,20090907,0.185,0.185,0.165,0.17,163417
JPR,20090907,0.044,0.044,0.04,0.043,721676
JRV,20090907,0.005,0.005,0.005,0.005,4020001
JVG,20090907,0.011,0.011,0.011,0.011,2000000
JYC,20090907,0.51,0.51,0.51,0.51,295000
KAM,20090907,0.44,0.5,0.44,0.5,4800
KAR,20090907,10.8,10.93,10.67,10.76,358551
KAS,20090907,0.055,0.055,0.055,0.055,15000
KBC,20090907,0.105,0.11,0.098,0.1,323388
KCN,20090907,7.7,7.79,7.6,7.73,324650
KEY,20090907,0.12,0.125,0.12,0.125,210000
KGL,20090907,0.1,0.1,0.093,0.093,217600
KIK,20090907,0.145,0.15,0.145,0.145,645000
KIL,20090907,0.7,0.7,0.7,0.7,3963
KIS,20090907,0.19,0.19,0.18,0.18,17801
KKT,20090907,0.07,0.07,0.07,0.07,500000
KMN,20090907,0.12,0.13,0.12,0.125,403746
KOG,20090907,0.041,0.041,0.04,0.04,155000
KOR,20090907,0.2,0.2,0.2,0.2,79108
KRB,20090907,0.35,0.38,0.35,0.38,99800
KRM,20090907,0.53,0.57,0.525,0.545,586542
KRS,20090907,0.195,0.195,0.195,0.195,92895
KSC,20090907,2.61,2.62,2.55,2.6,27300
KSX,20090907,0.054,0.055,0.052,0.052,552000
KZL,20090907,0.975,0.98,0.94,0.94,1640550
LAU,20090907,0.205,0.21,0.205,0.21,55000
LBL,20090907,0.1,0.1,0.093,0.093,109900
LBY,20090907,0.25,0.25,0.215,0.215,3490245
LCE,20090907,0.4,0.4,0.4,0.4,10000
LCM,20090907,0.8,0.8,0.8,0.8,6932
LCT,20090907,0.155,0.16,0.155,0.16,482260
LCY,20090907,0.048,0.048,0.046,0.046,100000
LDW,20090907,2.15,2.15,2.15,2.15,784
LEG,20090907,0.024,0.025,0.023,0.024,9539630
LEI,20090907,36.85,37.21,36.56,37.14,836157
LEP,20090907,2,2,1.95,1.95,146232
LGL,20090907,3.04,3.04,2.99,3,18155083
LGO,20090907,0.01,0.01,0.009,0.009,72000
LIN,20090907,0.23,0.245,0.23,0.245,89691
LKO,20090907,0.01,0.011,0.01,0.01,14372000
LLA,20090907,0.031,0.032,0.031,0.031,274273
LLC,20090907,9.01,9.21,8.9,9.2,2752674
LLP,20090907,0.195,0.195,0.19,0.19,208900
LMC,20090907,5,5.05,5,5,3254
LMG,20090907,0.007,0.007,0.006,0.007,1985000
LML,20090907,0.215,0.215,0.205,0.21,445200
LMP,20090907,0.1,0.11,0.1,0.1,547000
LMW,20090907,0.41,0.42,0.4,0.4,27025
LNC,20090907,1.46,1.505,1.425,1.505,2039336
LNG,20090907,1.6,1.78,1.6,1.765,3114686
LNN,20090907,11.85,11.86,11.85,11.85,1794046
LOD,20090907,0.125,0.125,0.12,0.125,377563
LOM,20090907,0.017,0.017,0.015,0.016,344999
LRC,20090907,0.01,0.01,0.01,0.01,768136
LRF,20090907,0.59,0.59,0.58,0.585,76940
LRL,20090907,0.12,0.12,0.12,0.12,5000
LSA,20090907,0.012,0.014,0.012,0.013,2774000
LSR,20090907,0.046,0.046,0.045,0.045,60629
LST,20090907,1.61,1.655,1.6,1.65,169492
LTR,20090907,0.047,0.05,0.047,0.05,19409
LWB,20090907,1.9,1.91,1.9,1.91,17000
LYC,20090907,0.725,0.76,0.705,0.76,11540464
LYL,20090907,2.98,3.09,2.98,3.09,42615
MAE,20090907,0.175,0.175,0.165,0.165,204423
MAH,20090907,0.59,0.625,0.585,0.615,8874553
MAK,20090907,0.435,0.44,0.425,0.425,1111208
MAN,20090907,0.008,0.008,0.008,0.008,350000
MAP,20090907,2.44,2.45,2.4,2.45,2485306
MAQ,20090907,3.46,3.5,3.46,3.5,16626
MAR,20090907,0.086,0.089,0.08,0.088,391682
MAT,20090907,0.245,0.25,0.24,0.245,80617
MAU,20090907,0.14,0.14,0.14,0.14,112777
MBD,20090907,0.05,0.05,0.05,0.05,120000
MBN,20090907,3.18,3.21,3.14,3.2,694745
MBP,20090907,0.031,0.031,0.031,0.031,20492
MBT,20090907,0.24,0.245,0.24,0.245,1009287
MCC,20090907,8.63,8.76,8.2,8.24,897454
MCH,20090907,0.7,0.7,0.7,0.7,5039
MCL,20090907,0.004,0.004,0.004,0.004,4090893
MCO,20090907,0.275,0.275,0.26,0.26,518100
MCP,20090907,2.16,2.17,2.16,2.16,80405
MCR,20090907,2.34,2.41,2.32,2.34,1299066
MCU,20090907,0.87,0.9,0.86,0.865,24838
MCW,20090907,0.595,0.64,0.59,0.63,13752767
MDL,20090907,0.69,0.7,0.67,0.675,413653
MDS,20090907,0.045,0.05,0.045,0.05,90000
MDT,20090907,0.087,0.105,0.087,0.1,54850342
MDV,20090907,0.023,0.023,0.021,0.023,5782471
MDX,20090907,0.35,0.35,0.345,0.345,62499
MEI,20090907,0.175,0.175,0.17,0.17,32900
MEL,20090907,0.43,0.455,0.43,0.445,651151
MEO,20090907,0.57,0.58,0.565,0.575,4028560
MEP,20090907,0.28,0.28,0.28,0.28,33000
MES,20090907,0.105,0.105,0.1,0.1,98200
MET,20090907,0.11,0.11,0.11,0.11,30000
MEU,20090907,0.09,0.09,0.087,0.087,190000
MFF,20090907,0.58,0.58,0.565,0.565,230187
MFG,20090907,0.8,0.8,0.79,0.8,468600
MFI,20090907,0.012,0.012,0.011,0.012,377000
MGK,20090907,0.03,0.03,0.028,0.028,294050
MGO,20090907,0.17,0.175,0.165,0.165,1332102
MGR,20090907,1.465,1.47,1.41,1.455,19930466
MGX,20090907,1.015,1.03,1,1.01,3727476
MGY,20090907,0.07,0.07,0.07,0.07,40000
MGZ,20090907,0.14,0.14,0.14,0.14,13500
MHC,20090907,0.45,0.48,0.45,0.48,86000
MHL,20090907,0.003,0.004,0.003,0.003,8000000
MHM,20090907,0.091,0.1,0.091,0.1,76000
MIG,20090907,1.355,1.375,1.35,1.36,4874504
MII,20090907,0.06,0.061,0.059,0.06,1431250
MIK,20090907,0.091,0.091,0.089,0.089,54000
MIN,20090907,5.21,5.34,5.16,5.23,27310
MIR,20090907,1.73,1.73,1.72,1.725,14512
MIX,20090907,0.09,0.092,0.089,0.089,722351
MKB,20090907,0.08,0.08,0.076,0.077,678500
MKY,20090907,0.019,0.019,0.018,0.018,580000
MLB,20090907,1.75,1.75,1.72,1.72,272130
MLI,20090907,0.039,0.039,0.038,0.039,290000
MLM,20090907,0.285,0.285,0.28,0.28,47000
MLS,20090907,0.016,0.016,0.016,0.016,1549277
MLT,20090907,17.3,17.39,17.28,17.38,4377
MLX,20090907,0.11,0.11,0.105,0.105,403000
MMA,20090907,0.41,0.415,0.405,0.41,181052
MMB,20090907,0.78,0.8,0.725,0.77,566725
MMG,20090907,1.35,1.385,1.34,1.37,351677
MML,20090907,2.71,2.8,2.71,2.78,268870
MMR,20090907,0.43,0.445,0.395,0.4,1027435
MMS,20090907,3.56,3.57,3.52,3.53,106742
MMX,20090907,1.875,1.915,1.855,1.88,824915
MMY,20090907,0.059,0.059,0.059,0.059,30350
MNC,20090907,0.19,0.19,0.19,0.19,20000
MND,20090907,12.18,12.2,12.1,12.1,309000
MNL,20090907,0.4,0.405,0.4,0.405,49600
MNM,20090907,0.039,0.04,0.039,0.04,890000
MNW,20090907,0.039,0.039,0.039,0.039,27629
MNY,20090907,0.405,0.405,0.405,0.405,3750
MOC,20090907,1.2,1.29,1.185,1.19,161819
MOF,20090907,0.265,0.285,0.265,0.28,64593096
MOG,20090907,0.065,0.065,0.06,0.065,555000
MOL,20090907,1.35,1.44,1.33,1.43,586384
MOS,20090907,0.13,0.135,0.13,0.135,2373849
MOX,20090907,0.1,0.105,0.097,0.105,309799
MOY,20090907,0.043,0.043,0.043,0.043,550000
MPA,20090907,0.047,0.047,0.045,0.045,54725
MPF,20090907,0.065,0.071,0.065,0.07,106500
MPI,20090907,0.015,0.015,0.015,0.015,50000
MPJ,20090907,0.002,0.002,0.002,0.002,332350
MPO,20090907,1.2,1.23,1.195,1.21,1180268
MPS,20090907,0.115,0.115,0.115,0.115,272975
MQG,20090907,49,49.7,48.5,48.57,1152645
MRE,20090907,0.915,0.94,0.89,0.935,3341961
MRK,20090907,0.009,0.009,0.009,0.009,223079
MRM,20090907,2.88,2.89,2.78,2.8,431369
MRO,20090907,0.077,0.077,0.077,0.077,90000
MRU,20090907,3.48,3.52,3.45,3.5,262612
MRZ,20090907,0.535,0.55,0.51,0.54,376410
MSB,20090907,1,1.05,1,1.03,66700
MSC,20090907,0.004,0.005,0.004,0.005,29353766
MSF,20090907,2.35,2.4,2.35,2.37,47061
MSH,20090907,0.185,0.185,0.17,0.17,60000
MSL,20090907,1.72,1.73,1.68,1.69,41583
MSO,20090907,0.015,0.015,0.015,0.015,400000
MSR,20090907,0.135,0.14,0.135,0.135,284181
MST,20090907,0.027,0.027,0.025,0.025,895592
MTB,20090907,0.029,0.03,0.028,0.028,295150
MTH,20090907,0.21,0.23,0.21,0.215,605620
MTI,20090907,0.006,0.007,0.006,0.007,110000
MTN,20090907,0.7,0.72,0.695,0.695,169530
MTS,20090907,4.39,4.41,4.34,4.36,3469531
MTU,20090907,1.12,1.165,1.12,1.16,31141
MTY,20090907,0.027,0.028,0.026,0.026,644900
MUE,20090907,0.195,0.195,0.195,0.195,9835
MUM,20090907,0.057,0.064,0.057,0.064,543000
MUN,20090907,0.37,0.38,0.37,0.38,108738
MUT,20090907,0.003,0.003,0.003,0.003,1300000
MVU,20090907,0.09,0.09,0.09,0.09,31440
MWG,20090907,1.145,1.145,1.145,1.145,12480
MWR,20090907,0.012,0.012,0.012,0.012,54500
MWS,20090907,0.013,0.013,0.013,0.013,15690
MXI,20090907,0.39,0.395,0.39,0.39,394079
MYG,20090907,0.04,0.043,0.04,0.04,770000
MZI,20090907,0.03,0.03,0.025,0.025,635000
MZM,20090907,0.14,0.15,0.14,0.15,56149
NAB,20090907,27.51,27.63,27.25,27.31,7551550
NAD,20090907,0.025,0.026,0.023,0.023,12723402
NAG,20090907,0.04,0.04,0.04,0.04,13000
NAN,20090907,0.46,0.46,0.45,0.45,48000
NAV,20090907,0.2,0.205,0.2,0.2,460939
NBL,20090907,0.96,0.96,0.96,0.96,6700
NBS,20090907,0.455,0.465,0.45,0.455,959352
NCK,20090907,1.29,1.29,1.29,1.29,24000
NCM,20090907,32.1,32.57,32.07,32.56,2011445
NCO,20090907,0.36,0.36,0.35,0.35,141550
NDL,20090907,0.045,0.045,0.042,0.042,166666
NDO,20090907,0.14,0.145,0.135,0.135,6008270
NEC,20090907,0.57,0.62,0.57,0.62,259202
NEM,20090907,5.5,5.51,5.25,5.33,147462
NEU,20090907,0.028,0.028,0.027,0.027,70000
NFE,20090907,1.57,1.59,1.505,1.575,582935
NFK,20090907,0.77,0.85,0.745,0.82,800888
NGE,20090907,0.215,0.225,0.185,0.195,6980663
NGF,20090907,0.22,0.22,0.205,0.205,935207
NGM,20090907,0.17,0.17,0.16,0.165,419000
NGX,20090907,0.78,0.78,0.76,0.78,48000
NGY,20090907,0.135,0.135,0.135,0.135,32000
NHC,20090907,5.2,5.29,5.15,5.25,836254
NHF,20090907,1.13,1.145,1.11,1.145,357196
NHR,20090907,1.7,1.7,1.67,1.685,13320
NIO,20090907,0.048,0.048,0.048,0.048,300000
NIP,20090907,0.44,0.5,0.44,0.48,196200
NKP,20090907,0.27,0.27,0.255,0.255,587570
NLB,20090907,1.5,1.5,1.5,1.5,3000
NLG,20090907,0.02,0.02,0.019,0.019,386199
NMI,20090907,0.09,0.09,0.088,0.088,116300
NMR,20090907,0.081,0.081,0.08,0.08,110000
NMS,20090907,0.8,0.845,0.795,0.835,2586603
NOD,20090907,1.06,1.07,1.04,1.06,553077
NPX,20090907,1.9,1.95,1.89,1.92,34435
NQM,20090907,0.22,0.23,0.22,0.23,399000
NRL,20090907,0.015,0.015,0.015,0.015,400000
NRT,20090907,0.69,0.69,0.69,0.69,10000
NRU,20090907,0.04,0.041,0.04,0.04,238740
NSE,20090907,0.08,0.08,0.08,0.08,4044
NSL,20090907,0.028,0.028,0.026,0.026,3655777
NSP,20090907,0.39,0.39,0.39,0.39,4000
NST,20090907,0.045,0.045,0.045,0.045,325000
NSX,20090907,0.25,0.25,0.25,0.25,127500
NTC,20090907,0.235,0.235,0.22,0.235,142813
NTU,20090907,0.165,0.185,0.16,0.18,100000
NUF,20090907,11.28,11.33,11.25,11.3,1031974
NUP,20090907,0.056,0.063,0.056,0.061,1498199
NVT,20090907,3.39,3.49,3.36,3.38,1131573
NWE,20090907,0.019,0.019,0.018,0.018,281300
NWH,20090907,1.35,1.375,1.34,1.35,1581704
NWR,20090907,0.072,0.072,0.072,0.072,10000
NWS,20090907,15.04,15.23,15,15.17,1221186
NWT,20090907,0.006,0.007,0.006,0.007,11945895
NXS,20090907,0.385,0.385,0.36,0.365,6017427
NZO,20090907,1.305,1.315,1.295,1.3,32331
OAK,20090907,0.43,0.43,0.415,0.42,34423
OBJ,20090907,0.005,0.005,0.004,0.005,3429733
OBL,20090907,0.028,0.028,0.028,0.028,60000
OCP,20090907,2.79,2.84,2.79,2.8,171631
OEC,20090907,0.052,0.052,0.048,0.048,1490440
OEL,20090907,0.064,0.064,0.06,0.061,6293567
OEQ,20090907,0.57,0.57,0.57,0.57,7020
OEX,20090907,0.25,0.25,0.24,0.245,696140
OFG,20090907,0.6,0.6,0.59,0.59,167030
OGC,20090907,1.085,1.085,1.02,1.035,567519
OIL,20090907,0.069,0.069,0.067,0.067,40422
OIP,20090907,0.135,0.14,0.13,0.14,350000
OKN,20090907,2.61,2.79,2.61,2.77,80132
OKU,20090907,0.08,0.08,0.08,0.08,150000
OMH,20090907,1.735,1.735,1.615,1.645,844083
OMI,20090907,0.145,0.145,0.145,0.145,10000
ONC,20090907,0.19,0.19,0.185,0.185,71419
ONT,20090907,2.8,2.8,2.8,2.8,1900
OOH,20090907,0.12,0.12,0.12,0.12,8836
ORD,20090907,0.04,0.04,0.037,0.037,289000
ORE,20090907,1.34,1.48,1.3,1.45,377245
ORG,20090907,14.8,14.93,14.7,14.73,2683119
ORI,20090907,22.39,22.46,21.8,22.36,1476999
ORL,20090907,4.3,4.3,4.3,4.3,4377
ORM,20090907,0.125,0.13,0.125,0.13,11307
ORN,20090907,0.035,0.036,0.034,0.035,5742346
ORO,20090907,0.004,0.004,0.004,0.004,100000
ORP,20090907,0.035,0.036,0.034,0.036,540000
OSH,20090907,6.31,6.34,6.26,6.27,3431922
OST,20090907,3.21,3.21,3.11,3.14,6797774
OUM,20090907,0.032,0.032,0.032,0.032,130375
OVR,20090907,0.071,0.071,0.07,0.07,56251
OZG,20090907,0.16,0.16,0.16,0.16,250000
OZL,20090907,1.045,1.055,1.035,1.04,13159905
PAA,20090907,0.048,0.048,0.048,0.048,250000
PAB,20090907,0.1,0.1,0.1,0.1,130000
PAG,20090907,1.04,1.05,1.02,1.04,843519
PAN,20090907,2.29,2.38,2.27,2.32,894874
PAX,20090907,0.195,0.2,0.185,0.2,528045
PBA,20090907,0.73,0.73,0.73,0.73,18000
PBD,20090907,0.3,0.3,0.29,0.29,24500
PBG,20090907,1.095,1.1,1.075,1.08,4846643
PBP,20090907,2.45,2.5,2.45,2.5,13199
PBT,20090907,0.23,0.23,0.23,0.23,5000
PCC,20090907,0.008,0.011,0.008,0.011,229566
PCL,20090907,0.031,0.031,0.03,0.03,458800
PCP,20090907,0.035,0.04,0.035,0.04,875000
PDM,20090907,0.063,0.066,0.062,0.062,733290
PDN,20090907,4.53,4.63,4.46,4.61,2256784
PDY,20090907,0.033,0.034,0.033,0.034,3516942
PDZ,20090907,0.185,0.2,0.185,0.19,310247
PEA,20090907,0.38,0.4,0.38,0.4,195000
PEK,20090907,0.034,0.034,0.034,0.034,15000
PEL,20090907,0.037,0.037,0.037,0.037,25000
PEM,20090907,0.43,0.45,0.425,0.45,3311736
PEN,20090907,0.05,0.052,0.049,0.051,28700424
PEV,20090907,0.015,0.015,0.015,0.015,200000
PFG,20090907,0.165,0.165,0.16,0.16,28500
PFL,20090907,0.99,1.07,0.99,1.07,84898
PGA,20090907,1.68,1.7,1.675,1.695,232746
PGC,20090907,0.025,0.025,0.025,0.025,1300000
PGL,20090907,0.59,0.6,0.59,0.595,49039
PGM,20090907,0.255,0.255,0.255,0.255,25000
PGS,20090907,0.135,0.135,0.135,0.135,100000
PHG,20090907,0.064,0.064,0.063,0.064,121676
PIO,20090907,0.064,0.064,0.061,0.063,1340554
PLA,20090907,0.89,0.92,0.88,0.9,1559333
PLI,20090907,0.9,0.9,0.88,0.88,376849
PLV,20090907,0.685,0.685,0.63,0.63,96800
PMC,20090907,1.605,1.645,1.605,1.635,31565
PME,20090907,0.77,0.77,0.77,0.77,2597
PMH,20090907,0.155,0.18,0.155,0.18,241698
PMP,20090907,0.715,0.72,0.69,0.7,436300
PMV,20090907,6.81,6.99,6.81,6.95,571629
PNA,20090907,0.425,0.44,0.42,0.44,26132063
PNN,20090907,0.315,0.335,0.315,0.335,41695
PNO,20090907,0.005,0.005,0.005,0.005,640000
PNW,20090907,0.03,0.03,0.03,0.03,30000
PNX,20090907,0.091,0.091,0.091,0.091,11100
POH,20090907,0.115,0.115,0.115,0.115,40000
POL,20090907,0.405,0.405,0.4,0.4,56697
POS,20090907,0.365,0.39,0.35,0.35,1177818
POZ,20090907,0.25,0.25,0.235,0.235,163000
PPC,20090907,1.84,1.86,1.8,1.825,95048
PPI,20090907,0.17,0.17,0.17,0.17,34880
PPK,20090907,0.315,0.315,0.315,0.315,6000
PPP,20090907,0.56,0.59,0.55,0.59,707053
PPS,20090907,0.14,0.145,0.14,0.145,114546
PPT,20090907,38.53,38.97,38.16,38.85,98561
PPX,20090907,0.67,0.68,0.645,0.645,1719242
PPY,20090907,0.41,0.41,0.405,0.41,65300
PRC,20090907,0.835,0.835,0.835,0.835,605
PRE,20090907,0.01,0.01,0.009,0.009,1783492
PRG,20090907,3.7,3.77,3.65,3.74,59284
PRO,20090907,0.6,0.6,0.575,0.575,17000
PRR,20090907,0.105,0.11,0.099,0.105,12538701
PRT,20090907,0.65,0.65,0.65,0.65,29678
PRU,20090907,0.94,1.105,0.94,1.095,2586088
PRV,20090907,0.71,0.725,0.71,0.715,152133
PRW,20090907,0.047,0.048,0.047,0.048,1161190
PRY,20090907,6.3,6.5,6.26,6.34,1904212
PSA,20090907,0.255,0.255,0.25,0.255,175889
PSH,20090907,0.88,0.88,0.86,0.86,20637
PSP,20090907,0.14,0.15,0.14,0.145,1320936
PST,20090907,0.325,0.325,0.325,0.325,100000
PSY,20090907,0.26,0.26,0.26,0.26,2800
PTM,20090907,5.14,5.2,5.12,5.12,553506
PTN,20090907,0.175,0.185,0.175,0.175,413185
PTR,20090907,0.295,0.31,0.295,0.31,130825
PTS,20090907,0.067,0.067,0.067,0.067,111667
PVA,20090907,3.2,3.2,3.15,3.15,2122
PVE,20090907,1.68,1.68,1.65,1.67,30007
PWK,20090907,5.25,5.43,5.25,5.4,81817
PXS,20090907,2.4,2.44,2.36,2.4,133089
PYC,20090907,0.078,0.078,0.074,0.074,75000
PYM,20090907,0.105,0.105,0.105,0.105,41172
QAN,20090907,2.45,2.45,2.41,2.43,7043406
QBE,20090907,22.06,22.65,22.06,22.5,3744447
QFX,20090907,0.052,0.052,0.051,0.052,184659
QHL,20090907,0.31,0.31,0.29,0.29,280171
QMG,20090907,0.028,0.03,0.028,0.03,571208
QML,20090907,0.43,0.43,0.425,0.425,174606
QMN,20090907,0.2,0.205,0.18,0.18,1530793
QNL,20090907,0.085,0.085,0.085,0.085,80000
QPN,20090907,0.01,0.01,0.009,0.01,3783000
QRX,20090907,0.8,0.8,0.75,0.8,42500
QTM,20090907,0.33,0.33,0.31,0.315,73890
QUR,20090907,0.018,0.018,0.017,0.017,700000
QXQ,20090907,0.115,0.17,0.115,0.16,80913
RAU,20090907,0.041,0.041,0.039,0.04,10482883
RAW,20090907,0.062,0.075,0.062,0.075,105000
RBH,20090907,0.043,0.043,0.041,0.042,425000
RBR,20090907,0.066,0.066,0.066,0.066,20000
RCG,20090907,0.385,0.385,0.385,0.385,4420
RCI,20090907,0.325,0.325,0.31,0.31,152000
RCO,20090907,0.305,0.305,0.305,0.305,7000
RCP,20090907,0.019,0.019,0.018,0.018,2343752
RCR,20090907,0.96,1.11,0.96,1.1,870710
RCT,20090907,1.84,1.9,1.83,1.83,20953
RCU,20090907,0.19,0.19,0.155,0.155,339381
RCY,20090907,0.145,0.145,0.14,0.145,832600
RDF,20090907,2.46,2.47,2.44,2.45,14776
RDM,20090907,0.2,0.2,0.2,0.2,2000
RDR,20090907,0.395,0.46,0.395,0.46,1912840
REA,20090907,7.1,7.28,7.1,7.19,35668
RED,20090907,0.087,0.09,0.085,0.085,1134785
REF,20090907,0.625,0.625,0.61,0.62,9699
REH,20090907,21.6,21.75,21.6,21.75,1458
RER,20090907,0.052,0.062,0.052,0.062,3057741
RES,20090907,0.5,0.5,0.485,0.5,207500
REX,20090907,1.125,1.135,1.125,1.13,7780
REY,20090907,0.245,0.31,0.245,0.28,3323598
RFE,20090907,1.275,1.305,1.26,1.27,134067
RFG,20090907,2.31,2.32,2.29,2.29,62618
RFL,20090907,0.086,0.086,0.086,0.086,240
RFT,20090907,0.003,0.003,0.003,0.003,926359
RHC,20090907,10.56,10.67,10.51,10.54,1508783
RHD,20090907,0.305,0.35,0.305,0.35,19894
RHE,20090907,0.135,0.135,0.13,0.13,2082914
RHG,20090907,0.5,0.5,0.485,0.49,580319
RHI,20090907,2.7,2.7,2.7,2.7,6891
RHL,20090907,2.71,2.71,2.71,2.71,2380
RHM,20090907,0.085,0.09,0.085,0.09,45000
RHT,20090907,0.015,0.015,0.015,0.015,125018
RIA,20090907,0.11,0.11,0.11,0.11,28000
RIC,20090907,1.04,1.04,0.99,1.01,593880
RIO,20090907,56.09,56.54,55.61,56.54,3017662
RIV,20090907,6.14,6.21,6.06,6.07,245400
RKN,20090907,1.51,1.52,1.51,1.51,29287
RLA,20090907,0.025,0.025,0.025,0.025,95000
RMD,20090907,5.4,5.42,5.27,5.4,784990
RMI,20090907,0.006,0.006,0.005,0.006,2924000
RMP,20090907,0.18,0.18,0.18,0.18,55000
RMR,20090907,0.013,0.013,0.013,0.013,130000
RMS,20090907,0.48,0.48,0.47,0.475,198074
RMT,20090907,0.056,0.06,0.056,0.06,436328
RNG,20090907,0.019,0.021,0.019,0.02,7742020
RNI,20090907,0.043,0.043,0.043,0.043,23616
RNY,20090907,0.098,0.099,0.097,0.099,190054
ROC,20090907,0.665,0.67,0.655,0.655,2389523
ROG,20090907,0.037,0.038,0.036,0.036,4010522
ROK,20090907,2.47,2.47,2.38,2.4,13433
ROL,20090907,0.695,0.7,0.685,0.69,94000
ROY,20090907,0.115,0.115,0.11,0.11,84374
RRL,20090907,0.485,0.5,0.485,0.5,40000
RRS,20090907,0.052,0.052,0.049,0.051,2882670
RSG,20090907,0.66,0.67,0.61,0.63,1211339
RSN,20090907,0.005,0.005,0.005,0.005,700000
RUL,20090907,0.91,0.94,0.91,0.94,10938
RUM,20090907,0.082,0.082,0.074,0.075,353300
RVR,20090907,0.1,0.1,0.076,0.08,129020
RWD,20090907,0.52,0.64,0.52,0.63,230911
RXL,20090907,0.016,0.017,0.016,0.017,1050000
RXM,20090907,2.02,2.05,1.92,2,364112
SAE,20090907,0.165,0.18,0.165,0.175,2308476
SAI,20090907,3.5,3.51,3.4,3.46,487917
SAR,20090907,0.29,0.295,0.28,0.29,2624369
SAU,20090907,0.099,0.099,0.092,0.092,155850
SAV,20090907,0.15,0.15,0.145,0.145,74100
SAY,20090907,0.085,0.085,0.085,0.085,11000
SBM,20090907,0.28,0.29,0.275,0.29,12014040
SBN,20090907,0.003,0.003,0.002,0.003,1129345
SCC,20090907,0.25,0.25,0.25,0.25,3000
SDG,20090907,0.72,0.745,0.715,0.74,1332720
SDI,20090907,0.23,0.23,0.21,0.21,16819
SDL,20090907,0.185,0.195,0.17,0.175,64068635
SDM,20090907,1.58,1.585,1.535,1.54,377681
SEA,20090907,0.12,0.12,0.11,0.12,598319
SEG,20090907,0.05,0.055,0.05,0.055,336667
SEK,20090907,5.33,5.36,5.19,5.28,3333344
SEN,20090907,0.066,0.085,0.066,0.078,4112280
SER,20090907,0.024,0.024,0.024,0.024,388000
SEV,20090907,6.25,6.28,6.19,6.28,353316
SEY,20090907,0.145,0.15,0.14,0.145,234151
SFH,20090907,0.945,0.97,0.93,0.93,381190
SFP,20090907,0.043,0.043,0.043,0.043,26000
SFR,20090907,1.83,1.865,1.815,1.82,336200
SFY,20090907,43.8,43.8,43.64,43.71,14887
SGH,20090907,1.45,1.45,1.45,1.45,4540
SGM,20090907,23.3,23.34,22.93,23.1,295406
SGN,20090907,0.78,0.785,0.77,0.78,1271013
SGP,20090907,3.68,3.82,3.59,3.82,12440699
SGT,20090907,2.67,2.69,2.63,2.68,2966482
SGX,20090907,7.05,7.07,7.01,7.03,1006857
SGY,20090907,0.085,0.088,0.085,0.088,54000
SHC,20090907,0.05,0.05,0.049,0.05,230000
SHE,20090907,0.029,0.029,0.025,0.025,142925
SHL,20090907,14.35,14.85,14.34,14.64,2369142
SHV,20090907,3.04,3.1,2.95,2.95,42433
SIV,20090907,1.45,1.5,1.45,1.5,3650
SKC,20090907,2.61,2.65,2.59,2.63,125763
SKE,20090907,1.795,1.875,1.795,1.835,90095
SKI,20090907,1.095,1.095,1.085,1.09,2305074
SLA,20090907,0.125,0.13,0.125,0.125,94121
SLF,20090907,8.34,8.34,8.06,8.26,142632
SLM,20090907,3.8,3.86,3.74,3.86,140726
SLR,20090907,0.935,1.02,0.935,1,3446736
SLT,20090907,0.005,0.005,0.004,0.004,720870
SLV,20090907,1.205,1.205,1.175,1.2,189473
SLX,20090907,7.05,7.37,7.05,7.35,68882
SMD,20090907,0.165,0.165,0.165,0.165,10000
SML,20090907,0.019,0.019,0.018,0.018,409515
SMM,20090907,1.84,1.84,1.705,1.755,12750
SMN,20090907,0.028,0.028,0.027,0.027,327032
SMX,20090907,4.67,4.9,4.67,4.87,404822
SND,20090907,0.35,0.35,0.35,0.35,5000
SNU,20090907,0.091,0.091,0.091,0.091,11000
SNV,20090907,0.075,0.075,0.075,0.075,16250
SOE,20090907,0.092,0.095,0.091,0.093,119722
SOL,20090907,11.89,11.95,11.7,11.85,113456
SOM,20090907,0.023,0.026,0.023,0.025,5740632
SOO,20090907,0.08,0.08,0.076,0.076,81577
SOT,20090907,0.875,0.885,0.87,0.885,333681
SPD,20090907,0.17,0.17,0.17,0.17,50000
SPH,20090907,1.225,1.225,1.21,1.21,6801
SPI,20090907,0.094,0.094,0.094,0.094,150000
SPL,20090907,0.485,0.485,0.47,0.485,146574
SPN,20090907,0.795,0.815,0.79,0.8,6054957
SPT,20090907,2.4,2.4,2.34,2.39,353635
SRH,20090907,0.56,0.57,0.56,0.57,27000
SRI,20090907,0.079,0.082,0.078,0.078,870000
SRK,20090907,0.955,0.96,0.925,0.925,243643
SRL,20090907,1.85,1.85,1.815,1.85,839531
SRR,20090907,0.175,0.175,0.175,0.175,244220
SRV,20090907,3.47,3.5,3.4,3.4,1385843
SRX,20090907,4.35,4.45,4.34,4.41,26300
SRZ,20090907,0.062,0.062,0.061,0.061,25000
SSC,20090907,0.015,0.016,0.014,0.015,2223799
SSI,20090907,0.92,0.92,0.92,0.92,4222
SSM,20090907,0.56,0.57,0.545,0.56,1640208
SSN,20090907,0.027,0.027,0.027,0.027,473996
SSS,20090907,0.014,0.016,0.013,0.016,12897403
STG,20090907,0.059,0.059,0.059,0.059,10000
STI,20090907,0.012,0.013,0.012,0.013,625055
STO,20090907,15.57,15.57,15.25,15.3,3876729
STP,20090907,1.29,1.35,1.25,1.35,24000
STS,20090907,0.83,0.86,0.83,0.86,6862
STU,20090907,0.74,0.74,0.735,0.735,56134
STW,20090907,42.19,42.21,41.92,42.06,525435
STX,20090907,0.255,0.26,0.255,0.255,492384
STZ,20090907,0.065,0.065,0.06,0.06,270000
SUL,20090907,5,5.05,5,5.03,85907
SUN,20090907,8.13,8.5,8.04,8.24,9898468
SUR,20090907,0.089,0.09,0.089,0.09,143112
SVS,20090907,0.28,0.28,0.275,0.275,60185
SWK,20090907,0.595,0.61,0.59,0.61,471856
SWN,20090907,0.32,0.34,0.32,0.33,33925
SWW,20090907,0.115,0.115,0.105,0.105,5000
SXE,20090907,1.45,1.47,1.45,1.47,40347
SXG,20090907,0.089,0.1,0.086,0.091,253750
SYL,20090907,3.7,3.7,3.7,3.7,3000
SYM,20090907,0.53,0.535,0.53,0.535,36000
SYS,20090907,0.048,0.048,0.047,0.047,31111
TAH,20090907,6.94,6.94,6.81,6.88,1861011
TAL,20090907,2.63,2.75,2.59,2.71,1335777
TAM,20090907,0.054,0.061,0.054,0.058,54839624
TAP,20090907,1.08,1.095,1.065,1.08,278490
TAS,20090907,0.079,0.079,0.079,0.079,65000
TAW,20090907,0.012,0.015,0.012,0.015,20550
TBG,20090907,0.725,0.725,0.7,0.7,17000
TCL,20090907,4.12,4.12,4.06,4.08,1766658
TCM,20090907,0.15,0.175,0.15,0.175,13100
TCQ,20090907,0.125,0.135,0.125,0.135,1406769
TDO,20090907,0.12,0.13,0.12,0.13,190150
TDX,20090907,0.018,0.019,0.018,0.019,2565570
TEL,20090907,2.22,2.26,2.21,2.24,4313781
TEN,20090907,1.26,1.27,1.2,1.22,3712305
TEU,20090907,0.08,0.08,0.08,0.08,20000
TFC,20090907,1.065,1.07,1.03,1.035,647602
TFS,20090907,0.215,0.215,0.2,0.2,64610
TGA,20090907,0.69,0.7,0.69,0.695,177884
TGF,20090907,0.085,0.089,0.085,0.087,97569
TGG,20090907,0.86,0.86,0.85,0.855,69006
TGP,20090907,0.47,0.47,0.47,0.47,8000
TGR,20090907,1.78,1.78,1.73,1.73,399365
TGS,20090907,0.12,0.125,0.12,0.12,166332
THG,20090907,0.335,0.34,0.33,0.335,486500
THO,20090907,0.6,0.6,0.6,0.6,2633
THX,20090907,0.245,0.285,0.245,0.27,2252916
TIS,20090907,0.22,0.23,0.22,0.23,119800
TKL,20090907,0.09,0.09,0.09,0.09,40000
TLM,20090907,0.49,0.5,0.45,0.46,355908
TLS,20090907,3.29,3.3,3.23,3.23,107480638
TLZ,20090907,0.16,0.16,0.16,0.16,17050
TMM,20090907,0.9,0.9,0.9,0.9,11000
TNE,20090907,0.74,0.78,0.715,0.73,973889
TNG,20090907,0.085,0.088,0.082,0.085,800194
TOE,20090907,0.19,0.19,0.18,0.18,1758416
TOL,20090907,8.04,8.24,8.02,8.2,3002411
TON,20090907,0.23,0.235,0.23,0.235,193372
TOX,20090907,2.21,2.23,2.16,2.23,152263
TPI,20090907,1.555,1.585,1.52,1.52,2799216
TPX,20090907,2.9,2.9,2.9,2.9,2000
TRF,20090907,0.22,0.22,0.215,0.22,31500
TRG,20090907,5.11,5.2,5.11,5.19,11191
TRH,20090907,0.26,0.26,0.26,0.26,10000
TRO,20090907,0.1,0.1,0.1,0.1,2419
TRS,20090907,13.69,13.79,13.69,13.75,75980
TRU,20090907,5.5,5.6,5.47,5.6,12202
TRY,20090907,2.16,2.3,2.16,2.25,190257
TSE,20090907,3.84,3.98,3.79,3.98,2869318
TSH,20090907,0.115,0.12,0.115,0.12,109500
TSI,20090907,0.89,0.9,0.89,0.89,252341
TSM,20090907,0.78,0.795,0.77,0.795,533626
TSO,20090907,0.325,0.345,0.325,0.345,371415
TSV,20090907,0.029,0.03,0.028,0.028,8599132
TTA,20090907,0.059,0.059,0.059,0.059,50045
TTI,20090907,0.053,0.053,0.052,0.052,69454
TTR,20090907,0.061,0.061,0.06,0.06,208932
TTS,20090907,2.39,2.41,2.35,2.36,3150809
TTV,20090907,0.054,0.054,0.054,0.054,25000
TUC,20090907,0.09,0.09,0.087,0.087,140000
TWD,20090907,2.32,2.32,2.3,2.3,6723
TWO,20090907,1.34,1.4,1.32,1.4,56590
TWR,20090907,1.28,1.3,1.265,1.29,12738
TXN,20090907,0.225,0.225,0.215,0.22,166641
TZN,20090907,0.7,0.715,0.7,0.705,96431
UBI,20090907,1.26,1.27,1.26,1.26,75500
UCL,20090907,0.007,0.007,0.007,0.007,785000
UCM,20090907,0.86,0.86,0.7,0.8,260500
UCW,20090907,0.22,0.22,0.22,0.22,242217
UEQ,20090907,0.14,0.17,0.14,0.17,1461309
UGL,20090907,14.5,14.68,14.41,14.62,710522
UNI,20090907,0.74,0.8,0.74,0.8,1742551
UNX,20090907,0.34,0.345,0.32,0.335,56155
UOG,20090907,0.037,0.037,0.037,0.037,25000
UOS,20090907,0.22,0.22,0.22,0.22,30000
URA,20090907,0.039,0.04,0.039,0.04,133300
URL,20090907,0.021,0.022,0.021,0.022,2945149
USA,20090907,0.19,0.19,0.185,0.19,537000
UTO,20090907,0.115,0.115,0.115,0.115,426
UUL,20090907,0.092,0.092,0.092,0.092,120000
UXA,20090907,0.115,0.125,0.115,0.12,641841
UXC,20090907,0.855,0.87,0.85,0.855,225981
VAS,20090907,58,58.31,58,58.17,3775
VBA,20090907,0.37,0.37,0.36,0.365,5591942
VCN,20090907,0.115,0.12,0.115,0.115,455000
VEC,20090907,0.08,0.08,0.08,0.08,99600
VEU,20090907,48.37,48.41,48.37,48.41,241
VGH,20090907,1.14,1.25,1.14,1.24,288294
VHL,20090907,0.061,0.061,0.06,0.06,229278
VIL,20090907,0.011,0.011,0.011,0.011,1
VIR,20090907,0.315,0.315,0.3,0.305,103206
VLA,20090907,0.026,0.026,0.026,0.026,135000
VMG,20090907,0.52,0.53,0.495,0.53,2620645
VML,20090907,0.07,0.07,0.07,0.07,151850
VMS,20090907,0.195,0.2,0.185,0.185,115714
VMT,20090907,0.105,0.11,0.1,0.105,699290
VNS,20090907,0.23,0.29,0.23,0.29,90000
VOR,20090907,0.028,0.03,0.027,0.028,1921340
VPE,20090907,0.39,0.4,0.38,0.395,323100
VPG,20090907,0.125,0.13,0.12,0.12,9234796
VRL,20090907,1.225,1.255,1.22,1.255,11813
VSC,20090907,0.185,0.185,0.185,0.185,1500
VTG,20090907,0.21,0.21,0.205,0.205,29800
VTP,20090907,0.835,0.88,0.83,0.88,167875
VTS,20090907,60.74,60.74,60.5,60.5,314
VWM,20090907,0.17,0.17,0.17,0.17,103758
VXR,20090907,0.069,0.071,0.069,0.07,613761
WAB,20090907,0.059,0.059,0.059,0.059,25000
WAM,20090907,1.205,1.25,1.205,1.25,79680
WAN,20090907,6.44,6.54,6.37,6.46,508660
WAS,20090907,0.015,0.015,0.014,0.014,1758293
WBA,20090907,0.535,0.55,0.53,0.55,166251
WBB,20090907,9.55,9.64,9.5,9.5,7853
WBC,20090907,24.41,24.55,23.99,24.13,8630467
WCB,20090907,2.1,2.1,2.08,2.08,11000
WCL,20090907,0.535,0.555,0.52,0.555,464551
WCP,20090907,0.06,0.08,0.06,0.073,9268834
WCU,20090907,0.275,0.29,0.275,0.29,258469
WDC,20090907,12.57,13.02,12.5,12.88,13134849
WDR,20090907,0.24,0.265,0.24,0.265,1545465
WDS,20090907,1.94,1.95,1.85,1.915,177588
WEB,20090907,1.69,1.69,1.64,1.64,84402
WEC,20090907,2.64,2.64,2.5,2.55,28955
WES,20090907,24.87,24.93,24.62,24.75,3085578
WFL,20090907,0.55,0.555,0.53,0.55,245952
WFM,20090907,0.08,0.08,0.08,0.08,245100
WGP,20090907,0.026,0.026,0.026,0.026,100000
WGR,20090907,0.38,0.38,0.36,0.37,252837
WHC,20090907,3.53,3.53,3.38,3.4,582250
WHE,20090907,0.58,0.585,0.56,0.58,1820061
WHF,20090907,3.3,3.3,3.28,3.28,2500
WHG,20090907,1.02,1.02,0.98,0.985,49628
WHN,20090907,0.048,0.048,0.045,0.046,345125
WHS,20090907,3.2,3.2,3.19,3.19,552
WIL,20090907,0.72,0.735,0.72,0.735,26270
WLL,20090907,1.91,1.91,1.9,1.9,2863
WME,20090907,0.175,0.175,0.17,0.17,304280
WOR,20090907,28.6,29.06,28.05,28.97,1360582
WOW,20090907,28.29,28.57,28.12,28.26,7831608
WPG,20090907,0.305,0.305,0.3,0.3,56000
WPL,20090907,47,47.25,46.5,46.82,1533900
WRK,20090907,0.435,0.47,0.435,0.465,549510
WRL,20090907,0.065,0.065,0.065,0.065,100000
WRR,20090907,0.003,0.003,0.003,0.003,666666
WSA,20090907,5.24,5.28,5.1,5.19,510046
WSY,20090907,0.009,0.009,0.009,0.009,20000
WTF,20090907,5.5,5.92,5.5,5.59,525650
WTP,20090907,1.6,1.635,1.6,1.62,220741
WWA,20090907,2.5,2.52,2.5,2.52,84231
WWI,20090907,0.12,0.135,0.12,0.12,3701606
WYL,20090907,0.95,0.95,0.92,0.92,141260
XAF,20090907,4442.2,4442.2,4442.2,4442.2,0
XAO,20090907,4449.6,4473.8,4442.7,4461.1,0
XAT,20090907,445580,445580,445580,445580,0
XBW,20090907,429.05,429.05,429.05,429.05,0
XCD,20090907,0.03,0.03,0.03,0.03,2752
XDJ,20090907,1489.2,1505.3,1486.5,1490.3,0
XEJ,20090907,15825,15901.4,15795.9,15819,0
XEN,20090907,0.24,0.26,0.24,0.245,333000
XFJ,20090907,4418.9,4459.4,4411.9,4444.1,0
XFL,20090907,4448.4,4471.4,4441.8,4457.2,0
XGD,20090907,5338.6,5338.6,5338.6,5338.6,0
XHJ,20090907,8614.8,8807.5,8613.2,8764.8,0
XIJ,20090907,599.3,609.3,588.1,594.7,0
XJO,20090907,4443.1,4467.6,4435.5,4454.4,0
XKO,20090907,4443.2,4467.8,4435.5,4454.6,0
XMD,20090907,4097.7,4128.7,4086.3,4117.2,0
XMJ,20090907,10966.7,11031.7,10934.3,11014.3,0
XMM,20090907,3891.4,3891.4,3891.4,3891.4,0
XNJ,20090907,3643.4,3663.3,3628.1,3651.5,0
XPJ,20090907,851.6,884.5,851.4,880.5,0
XRF,20090907,0.15,0.16,0.15,0.16,400000
XSJ,20090907,7201,7201,7117.3,7122.7,0
XSO,20090907,2400,2418.8,2393.7,2413.7,0
XST,20090907,0.07,0.07,0.07,0.07,0
XTE,20090907,4.3,4.3,4.3,4.3,37500
XTJ,20090907,1145.5,1148.6,1128.2,1128.5,0
XTL,20090907,2684.3,2699.5,2679.7,2689.7,0
XTO,20090907,3639,3658.6,3633,3647.4,0
XUJ,20090907,4003.2,4023.3,3988.1,3991,0
XXJ,20090907,5131,5177.1,5121.5,5133.8,0
YRR,20090907,0.048,0.049,0.047,0.049,180000
YTC,20090907,0.3,0.3,0.25,0.27,148841
ZDX,20090907,0.088,0.089,0.088,0.089,130000
ZGL,20090907,0.19,0.195,0.19,0.195,134700
ZGM,20090907,0.033,0.033,0.033,0.033,5000
ZIM,20090907,8.51,8.51,8.51,8.51,5000
ZNC,20090907,0.041,0.043,0.04,0.043,242161
