AAC,20090617,1.35,1.4,1.35,1.38,755120
AAF,20090617,0.003,0.003,0.003,0.003,30044
AAH,20090617,1.395,1.4,1.395,1.395,52335
AAK,20090617,0.004,0.004,0.003,0.004,5301300
AAL,20090617,0.061,0.061,0.061,0.061,8853
AAM,20090617,0.16,0.17,0.16,0.165,303052
AAO,20090617,0.032,0.032,0.03,0.03,225000
AAR,20090617,0.026,0.029,0.024,0.029,2787117
AAU,20090617,0.26,0.26,0.26,0.26,2745
AAX,20090617,4.1,4.14,3.92,4.09,831418
ABB,20090617,9.39,9.39,9.01,9.25,729101
ABC,20090617,2.24,2.24,2.17,2.2,3443223
ABP,20090617,0.35,0.36,0.345,0.35,4041164
ABQ,20090617,0.165,0.165,0.16,0.165,29130
ABU,20090617,0.024,0.024,0.022,0.022,350000
ABV,20090617,0.014,0.014,0.014,0.014,100000
ABY,20090617,0.64,0.64,0.59,0.63,1518249
ACB,20090617,0.465,0.48,0.445,0.46,267000
ACE,20090617,0.038,0.038,0.038,0.038,15000
ACG,20090617,0.19,0.19,0.19,0.19,60000
ACL,20090617,0.37,0.375,0.37,0.375,41678
ACR,20090617,1.21,1.24,1.185,1.205,38713
ACS,20090617,0.16,0.16,0.155,0.16,129661
ACW,20090617,0.05,0.05,0.05,0.05,5000
ACZ,20090617,0.18,0.18,0.18,0.18,43750
ADA,20090617,0.45,0.45,0.45,0.45,15000
ADE,20090617,0.125,0.13,0.12,0.13,198583
ADG,20090617,2.2,2.2,2.2,2.2,344
ADI,20090617,0.07,0.07,0.068,0.068,200478
ADN,20090617,0.12,0.12,0.1,0.1,381333
ADO,20090617,0.008,0.009,0.008,0.009,3060000
ADU,20090617,0.43,0.48,0.43,0.46,177528
ADX,20090617,0.14,0.15,0.14,0.15,974093
ADY,20090617,0.029,0.03,0.028,0.029,6899474
AED,20090617,0.895,0.895,0.85,0.87,813281
AEI,20090617,0.15,0.15,0.15,0.15,100000
AEM,20090617,0.009,0.009,0.009,0.009,510000
AEO,20090617,1.5,1.515,1.485,1.49,332950
AEP,20090617,2.58,2.64,2.57,2.63,5115
AEU,20090617,0.25,0.315,0.25,0.285,386692
AEX,20090617,0.005,0.005,0.005,0.005,4928267
AEZ,20090617,0.056,0.06,0.056,0.059,564761
AFI,20090617,4.56,4.59,4.48,4.5,276411
AFR,20090617,0.081,0.081,0.08,0.08,225000
AGD,20090617,0.083,0.083,0.083,0.083,10000
AGF,20090617,1.05,1.06,1.04,1.05,186135
AGG,20090617,9,9.4,9,9.03,9825
AGI,20090617,0.083,0.083,0.083,0.083,13555
AGK,20090617,14.1,14.1,13.65,13.68,1578090
AGO,20090617,1.805,1.805,1.655,1.78,3618927
AGS,20090617,0.71,0.71,0.665,0.69,813326
AGU,20090617,0.033,0.034,0.031,0.033,1169551
AGV,20090617,0.04,0.04,0.04,0.04,20000
AHD,20090617,4.3,4.48,4.3,4.3,3749
AHE,20090617,1.33,1.35,1.33,1.34,69146
AIA,20090617,1.22,1.235,1.22,1.22,132101
AIO,20090617,1.3,1.34,1.25,1.25,109421867
AIQ,20090617,1.01,1.05,1.01,1.05,16811
AIV,20090617,0.07,0.07,0.07,0.07,993
AIX,20090617,1.63,1.66,1.615,1.62,739791
AIZ,20090617,0.8,0.8,0.795,0.795,6500
AJL,20090617,2.81,2.87,2.75,2.8,163612
AKK,20090617,0.034,0.034,0.034,0.034,123000
ALD,20090617,0.49,0.5,0.48,0.48,441632
ALF,20090617,1.03,1.03,1.02,1.025,95000
ALK,20090617,0.33,0.33,0.32,0.32,288253
ALL,20090617,3.75,3.76,3.69,3.71,970239
ALR,20090617,1.25,1.3,1.24,1.3,17004
ALS,20090617,3.55,3.56,3.42,3.44,349487
ALT,20090617,0.028,0.028,0.028,0.028,18571
ALU,20090617,0.36,0.36,0.36,0.36,15000
ALY,20090617,0.22,0.22,0.2,0.2,391400
ALZ,20090617,0.455,0.455,0.45,0.455,1572579
AMC,20090617,4.96,5.16,4.91,5.14,2697734
AMM,20090617,0.17,0.17,0.165,0.165,104500
AMP,20090617,5.06,5.13,5.02,5.04,4233137
AMU,20090617,0.375,0.375,0.37,0.37,91282
AMX,20090617,0.335,0.34,0.325,0.325,106590
AND,20090617,1.98,1.98,1.855,1.93,141413
ANG,20090617,1.58,1.65,1.55,1.65,64373
ANM,20090617,0.085,0.085,0.06,0.067,648023
ANN,20090617,9,9.22,8.85,9.16,683578
ANO,20090617,0.033,0.033,0.031,0.031,900000
ANP,20090617,0.04,0.04,0.04,0.04,50000
ANQ,20090617,0.32,0.32,0.3,0.32,105497
ANZ,20090617,16.75,16.9,16.3,16.45,10552032
AOA,20090617,0.26,0.265,0.26,0.265,7500
AOD,20090617,1.1,1.1,1.09,1.09,85833
AOE,20090617,3.4,3.48,3.28,3.4,6454510
AOK,20090617,0.185,0.185,0.18,0.185,245568
AOM,20090617,0.006,0.007,0.006,0.007,175000
AON,20090617,0.24,0.24,0.23,0.23,75190
APA,20090617,2.82,2.89,2.8,2.85,779878
APB,20090617,0.039,0.04,0.039,0.04,160000
APD,20090617,0.185,0.185,0.185,0.185,55200
APE,20090617,7.35,7.35,7.35,7.35,2300
APG,20090617,0.035,0.036,0.034,0.034,559880
APH,20090617,0.15,0.15,0.13,0.135,171000
API,20090617,0.66,0.66,0.61,0.615,72843
APK,20090617,0.14,0.14,0.14,0.14,1020
APN,20090617,1.49,1.54,1.465,1.49,2462235
APZ,20090617,0.335,0.34,0.325,0.34,1090857
AQA,20090617,5.25,5.25,4.92,5.01,611534
AQD,20090617,0.16,0.16,0.155,0.16,235001
AQP,20090617,5.14,5.14,4.86,5.02,1623135
ARA,20090617,0.225,0.225,0.225,0.225,4580
ARD,20090617,0.14,0.14,0.12,0.12,95000
ARE,20090617,0.07,0.071,0.06,0.06,1245935
ARG,20090617,6.11,6.12,6.04,6.04,173031
ARH,20090617,0.55,0.57,0.55,0.57,60969
ARM,20090617,0.185,0.19,0.185,0.19,7000
ARO,20090617,0.006,0.006,0.006,0.006,546269
ARP,20090617,3.51,3.56,3.5,3.5,21055
ARU,20090617,0.71,0.74,0.66,0.74,429130
ARX,20090617,0.023,0.025,0.022,0.022,542933
ASB,20090617,2.45,2.45,2.37,2.44,56160
ASL,20090617,1.03,1.03,0.965,0.985,624379
ASV,20090617,0.01,0.01,0.01,0.01,84000
ASX,20090617,36.5,36.5,35.09,35.74,820294
ASZ,20090617,0.65,0.65,0.64,0.645,42693
ATI,20090617,0.013,0.013,0.012,0.012,1382311
ATJ,20090617,0.1,0.1,0.1,0.1,50000
ATN,20090617,0.01,0.011,0.01,0.011,250000
ATP,20090617,0.115,0.115,0.105,0.105,117800
ATR,20090617,1.9,1.9,1.9,1.9,9500
ATV,20090617,0.049,0.051,0.049,0.05,391946
AUB,20090617,3.95,3.95,3.9,3.9,23170
AUF,20090617,1,1,1,1,24700
AUI,20090617,5.78,5.78,5.78,5.78,1755
AUN,20090617,0.775,0.795,0.76,0.79,3214778
AUP,20090617,4.6,4.61,4.6,4.61,4100
AUQ,20090617,0.064,0.064,0.057,0.06,399652
AUT,20090617,0.165,0.165,0.165,0.165,15566
AVA,20090617,0.096,0.096,0.092,0.092,170000
AVB,20090617,0.017,0.017,0.017,0.017,149500
AVE,20090617,0.985,0.985,0.95,0.95,48668
AVG,20090617,0.22,0.22,0.19,0.19,147112
AVH,20090617,0.11,0.11,0.105,0.105,42857
AVI,20090617,0.13,0.145,0.13,0.145,111356
AVJ,20090617,0.3,0.3,0.295,0.295,56650
AVM,20090617,1.84,1.84,1.75,1.75,50089
AVO,20090617,1.65,1.665,1.62,1.62,441951
AVS,20090617,0.014,0.014,0.01,0.012,185000
AVX,20090617,0.115,0.115,0.11,0.11,2356429
AWB,20090617,1.33,1.33,1.28,1.32,1650744
AWC,20090617,1.47,1.49,1.435,1.46,24605762
AWE,20090617,2.62,2.63,2.56,2.61,1375856
AWL,20090617,0.005,0.005,0.005,0.005,200000
AXA,20090617,3.85,3.91,3.81,3.86,2370008
AXM,20090617,0.195,0.2,0.195,0.2,1267038
AXO,20090617,0.35,0.35,0.325,0.34,466614
AXT,20090617,0.039,0.039,0.039,0.039,15000
AXY,20090617,0.077,0.084,0.077,0.08,1347300
AYF,20090617,5.8,5.8,5.8,5.8,1700
AYT,20090617,1.165,1.165,1.165,1.165,20895
AZC,20090617,0.055,0.055,0.055,0.055,20400
AZM,20090617,0.14,0.14,0.135,0.135,123180
AZS,20090617,0.044,0.044,0.044,0.044,308046
AZZ,20090617,0.335,0.345,0.31,0.34,486196
BAR,20090617,0.1,0.1,0.094,0.094,91227
BAS,20090617,0.031,0.031,0.03,0.03,199820
BAU,20090617,0.435,0.435,0.42,0.425,211035
BBG,20090617,8.49,8.51,8.38,8.45,453502
BBI,20090617,0.08,0.081,0.076,0.079,23694749
BBP,20090617,0.095,0.096,0.091,0.096,3867712
BCC,20090617,0.051,0.051,0.049,0.049,311400
BCD,20090617,0.145,0.145,0.14,0.145,405799
BCN,20090617,0.015,0.016,0.015,0.016,1951900
BDG,20090617,0.265,0.265,0.245,0.26,1790923
BDI,20090617,0.018,0.018,0.018,0.018,47250
BDL,20090617,0.042,0.042,0.04,0.041,761585
BEC,20090617,0.17,0.175,0.17,0.17,539425
BEL,20090617,0.25,0.25,0.235,0.235,99271
BEN,20090617,6.4,6.45,6.33,6.41,775274
BFG,20090617,0.7,0.72,0.7,0.72,81246
BGD,20090617,0.09,0.105,0.09,0.1,1916062
BGL,20090617,0.058,0.058,0.05,0.05,520000
BHP,20090617,35.39,35.84,35.15,35.66,18817233
BIT,20090617,0.093,0.093,0.093,0.093,7000
BJT,20090617,0.365,0.38,0.365,0.38,1546247
BKI,20090617,1.09,1.09,1.075,1.075,70902
BKL,20090617,16.5,16.9,16.5,16.9,11794
BKN,20090617,4.1,4.15,3.85,3.94,1317944
BKW,20090617,11.04,11.1,11.04,11.04,29927
BKY,20090617,1.1,1.12,1.055,1.09,360016
BLD,20090617,4.36,4.38,4.13,4.18,3995391
BLG,20090617,0.255,0.265,0.25,0.265,458958
BLK,20090617,0.155,0.155,0.155,0.155,992
BLP,20090617,0.052,0.052,0.049,0.049,373174
BLR,20090617,0.087,0.099,0.082,0.086,14648534
BLT,20090617,0.026,0.026,0.026,0.026,27000
BLU,20090617,0.035,0.035,0.035,0.035,362950
BLY,20090617,0.305,0.31,0.245,0.26,137496677
BLZ,20090617,0.011,0.012,0.011,0.012,2574516
BML,20090617,0.038,0.038,0.037,0.037,204827
BMN,20090617,1.1,1.12,1.05,1.12,1644576
BMY,20090617,0.19,0.195,0.17,0.175,706935
BND,20090617,0.465,0.49,0.45,0.485,123100
BNE,20090617,0.17,0.17,0.15,0.15,13147
BNO,20090617,0.24,0.245,0.235,0.245,54766
BNT,20090617,0.03,0.03,0.03,0.03,50000
BNV,20090617,0.02,0.033,0.02,0.033,34700
BOC,20090617,0.68,0.68,0.68,0.68,2648
BOD,20090617,0.03,0.03,0.03,0.03,300000
BOL,20090617,0.37,0.37,0.35,0.35,915373
BON,20090617,0.056,0.056,0.056,0.056,12500
BOQ,20090617,8.73,8.75,8.6,8.62,590478
BOS,20090617,0.025,0.025,0.025,0.025,75000
BOW,20090617,0.85,0.9,0.84,0.895,1424405
BPO,20090617,0.018,0.02,0.018,0.02,410000
BPT,20090617,0.855,0.865,0.82,0.825,5681615
BRM,20090617,1.215,1.23,1.165,1.23,1101598
BRO,20090617,0.003,0.003,0.003,0.003,2000000
BRU,20090617,0.215,0.215,0.175,0.185,926050
BRW,20090617,0.081,0.081,0.077,0.077,94135
BSA,20090617,0.155,0.155,0.15,0.15,74811
BSE,20090617,0.07,0.07,0.07,0.07,8000
BSL,20090617,2.51,2.52,2.45,2.47,25290209
BSM,20090617,0.23,0.24,0.225,0.23,227061
BSR,20090617,0.08,0.08,0.079,0.079,252425
BTA,20090617,1.275,1.285,1.215,1.24,616227
BTR,20090617,0.325,0.35,0.32,0.35,146400
BTT,20090617,2.05,2.1,2.05,2.1,35851
BTU,20090617,0.099,0.099,0.091,0.091,59727
BTV,20090617,0.125,0.13,0.12,0.13,348742
BUG,20090617,0.4,0.4,0.4,0.4,3433
BUL,20090617,0.205,0.205,0.2,0.2,1357100
BUR,20090617,0.05,0.05,0.048,0.048,113200
BUY,20090617,0.028,0.029,0.028,0.029,259987
BVA,20090617,0.155,0.155,0.15,0.15,978666
BWN,20090617,0.14,0.15,0.14,0.15,66399
BWP,20090617,1.63,1.66,1.625,1.625,1094676
BXB,20090617,5.84,5.88,5.73,5.78,6710517
BYL,20090617,0.22,0.22,0.22,0.22,7300
CAA,20090617,0.076,0.076,0.07,0.071,287500
CAB,20090617,6.4,6.4,6.28,6.32,430202
CAG,20090617,0.005,0.005,0.005,0.005,550000
CAH,20090617,0.097,0.097,0.094,0.096,1184062
CAM,20090617,0.795,0.8,0.795,0.795,50500
CAP,20090617,0.07,0.08,0.07,0.08,212299
CAQ,20090617,0.082,0.082,0.082,0.082,100000
CAU,20090617,0.009,0.009,0.008,0.008,170000
CAV,20090617,0.18,0.2,0.18,0.195,382982
CAZ,20090617,0.26,0.26,0.23,0.23,104918
CBA,20090617,37.68,38.11,37.13,37.7,4404549
CBB,20090617,0.37,0.37,0.37,0.37,10000
CBH,20090617,0.135,0.135,0.125,0.125,3570688
CBR,20090617,1.3,1.3,1.3,1.3,1620
CCD,20090617,1.25,1.285,1.205,1.285,113240
CCF,20090617,0.18,0.21,0.18,0.21,216335
CCI,20090617,0.065,0.065,0.065,0.065,26120
CCL,20090617,8.69,8.83,8.56,8.65,3131177
CCP,20090617,1.49,1.49,1.485,1.485,38719
CCQ,20090617,0.36,0.365,0.36,0.365,32000
CCU,20090617,0.09,0.09,0.09,0.09,27000
CCV,20090617,0.485,0.485,0.47,0.485,154650
CDA,20090617,0.65,0.65,0.65,0.65,1000
CDD,20090617,3.45,3.47,3.42,3.44,125917
CDI,20090617,0.465,0.465,0.435,0.46,463004
CDL,20090617,0.05,0.05,0.05,0.05,10000
CDT,20090617,0.13,0.13,0.13,0.13,20000
CDU,20090617,2.55,2.55,2.47,2.52,531069
CEG,20090617,0.13,0.13,0.13,0.13,3445
CEO,20090617,0.008,0.008,0.008,0.008,650000
CER,20090617,0.125,0.13,0.11,0.11,28807167
CEU,20090617,0.3,0.315,0.3,0.31,8243865
CEY,20090617,2.7,2.71,2.55,2.59,5902942
CFE,20090617,0.33,0.335,0.315,0.325,1293456
CFR,20090617,0.007,0.007,0.006,0.007,4665643
CFU,20090617,0.18,0.2,0.175,0.2,14047158
CFX,20090617,1.635,1.635,1.6,1.63,5315827
CGF,20090617,2.3,2.34,2.14,2.23,1248401
CGG,20090617,0.23,0.23,0.215,0.23,1182982
CGI,20090617,0.01,0.01,0.01,0.01,500
CGO,20090617,0.56,0.56,0.56,0.56,3250
CHB,20090617,22.51,24,22.51,24,203
CHC,20090617,0.5,0.505,0.49,0.5,1418273
CHM,20090617,0.014,0.014,0.014,0.014,63500
CHN,20090617,0.27,0.27,0.25,0.25,105000
CHO,20090617,4.25,4.25,4.25,4.25,4790
CHQ,20090617,0.53,0.53,0.53,0.53,53789
CHZ,20090617,0.11,0.115,0.11,0.115,325000
CIF,20090617,1.55,1.58,1.54,1.56,282151
CIG,20090617,0.019,0.019,0.018,0.018,1204744
CIL,20090617,1.025,1.05,1.02,1.04,16102
CIW,20090617,0.34,0.34,0.34,0.34,50000
CIX,20090617,0.345,0.345,0.345,0.345,62000
CIY,20090617,0.049,0.051,0.048,0.048,536751
CKK,20090617,0.28,0.28,0.28,0.28,4900
CKL,20090617,0.405,0.405,0.405,0.405,10000
CKR,20090617,0.004,0.004,0.004,0.004,20200
CKT,20090617,0.5,0.5,0.475,0.475,116392
CLH,20090617,0.46,0.46,0.46,0.46,30000
CLO,20090617,0.71,0.72,0.7,0.72,849752
CLS,20090617,0.64,0.64,0.64,0.64,800
CLT,20090617,0.27,0.27,0.27,0.27,15000
CLU,20090617,0.035,0.035,0.035,0.035,50000
CLV,20090617,0.215,0.22,0.215,0.22,217890
CLY,20090617,0.14,0.145,0.14,0.145,349996
CMG,20090617,0.1,0.1,0.1,0.1,5000
CMJ,20090617,2.3,2.35,2.21,2.21,1020974
CMO,20090617,0.015,0.015,0.015,0.015,25000
CMP,20090617,0.14,0.14,0.135,0.135,30000
CMV,20090617,0.105,0.11,0.1,0.11,508030
CMW,20090617,0.61,0.62,0.58,0.62,204386
CNB,20090617,0.52,0.52,0.51,0.51,7560
CND,20090617,0.67,0.67,0.67,0.67,45815
CNF,20090617,0.055,0.055,0.055,0.055,544500
CNH,20090617,0.075,0.076,0.075,0.076,8400
CNK,20090617,0.062,0.062,0.062,0.062,42258
CNM,20090617,0.205,0.22,0.2,0.22,699319
CNN,20090617,0.028,0.028,0.027,0.027,1505300
CNP,20090617,0.11,0.11,0.105,0.11,4401467
CNT,20090617,1.6,1.6,1.5,1.535,138383
CNX,20090617,0.43,0.43,0.41,0.43,1956819
COE,20090617,0.47,0.47,0.455,0.47,803695
COF,20090617,2.02,2.05,1.995,2.04,97157
COH,20090617,58.35,58.35,56.11,56.25,262835
COI,20090617,0.3,0.35,0.3,0.33,604233
COJ,20090617,0.005,0.005,0.005,0.005,14000000
COK,20090617,0.415,0.43,0.395,0.43,474756
COS,20090617,0.074,0.074,0.074,0.074,7500
COU,20090617,1.49,1.5,1.49,1.5,107120
COY,20090617,0.075,0.075,0.075,0.075,30500
CPA,20090617,0.845,0.885,0.835,0.855,13431468
CPB,20090617,19.4,19.8,19.4,19.45,34174
CPI,20090617,0.18,0.18,0.16,0.16,256250
CPK,20090617,0.016,0.017,0.016,0.017,328521
CPN,20090617,0.16,0.16,0.16,0.16,58965
CPR,20090617,0.19,0.205,0.17,0.2,111580
CPU,20090617,8.82,8.88,8.6,8.65,1169748
CQT,20090617,0.47,0.52,0.465,0.52,782531
CRC,20090617,0.165,0.185,0.165,0.185,445913
CRE,20090617,0.17,0.175,0.17,0.17,130000
CRG,20090617,10.4,10.61,10.1,10.3,193704
CRJ,20090617,0.047,0.056,0.047,0.053,874093
CRK,20090617,0.725,0.725,0.7,0.7,111293
CRS,20090617,0.02,0.02,0.018,0.018,387802
CSL,20090617,30.02,30.55,30,30.3,2768557
CSR,20090617,1.6,1.65,1.58,1.59,12432821
CSS,20090617,0.645,0.685,0.61,0.63,382001
CST,20090617,3.01,3.08,3,3.03,46424
CSU,20090617,0.905,0.905,0.905,0.905,8400
CSV,20090617,0.825,0.85,0.785,0.8,130954
CTN,20090617,0.845,0.85,0.845,0.85,14100
CTO,20090617,0.185,0.19,0.18,0.18,2320509
CTX,20090617,12.25,12.56,11.81,11.81,941795
CUE,20090617,0.145,0.145,0.145,0.145,843592
CUL,20090617,0.076,0.076,0.07,0.072,218394
CUR,20090617,0.44,0.44,0.41,0.44,27500
CUS,20090617,2.2,2.21,2.16,2.17,74524
CUV,20090617,0.335,0.335,0.32,0.32,204814
CUX,20090617,0.085,0.085,0.083,0.083,110000
CUY,20090617,0.51,0.51,0.5,0.5,9042
CVC,20090617,0.61,0.62,0.6,0.62,166500
CVG,20090617,0.08,0.08,0.08,0.08,50000
CVI,20090617,0.008,0.008,0.007,0.007,12257741
CVN,20090617,0.81,0.81,0.77,0.805,8802993
CVR,20090617,0.068,0.07,0.068,0.07,500000
CVS,20090617,0.049,0.049,0.047,0.047,238500
CWG,20090617,0.05,0.05,0.041,0.041,400000
CWK,20090617,0.2,0.2,0.195,0.195,91264
CWN,20090617,7.2,7.22,6.92,7.02,1467292
CWP,20090617,1.41,1.41,1.41,1.41,2500
CWT,20090617,0.32,0.32,0.32,0.32,3000
CXC,20090617,14.99,15,14.51,14.9,35372
CXD,20090617,0.46,0.46,0.45,0.45,25000
CXG,20090617,0.27,0.27,0.26,0.26,118750
CXH,20090617,0.04,0.04,0.04,0.04,25000
CXM,20090617,0.29,0.29,0.28,0.28,56100
CXN,20090617,0.033,0.033,0.033,0.033,30000
CXP,20090617,3.77,3.85,3.65,3.65,199027
CXS,20090617,0.595,0.605,0.59,0.6,264907
CXU,20090617,0.365,0.365,0.34,0.34,163966
CXY,20090617,0.115,0.115,0.11,0.11,3245564
CYA,20090617,0.8,0.8,0.755,0.78,89675
CYG,20090617,0.985,0.985,0.95,0.95,8000
CYT,20090617,0.09,0.1,0.09,0.09,53627
CYU,20090617,0.19,0.19,0.19,0.19,35000
CZA,20090617,1.675,1.68,1.635,1.68,324652
CZR,20090617,0.04,0.04,0.035,0.035,33000
DBS,20090617,0.18,0.18,0.18,0.18,20000
DDT,20090617,0.017,0.017,0.016,0.017,2593835
DEG,20090617,0.036,0.037,0.03,0.03,467000
DEX,20090617,0.41,0.43,0.41,0.41,133072
DGR,20090617,0.042,0.043,0.042,0.043,45000
DIA,20090617,0.015,0.015,0.013,0.013,475000
DIO,20090617,0.61,0.615,0.595,0.61,175736
DJS,20090617,4.01,4.06,3.96,4,1904912
DJW,20090617,3.95,3.95,3.86,3.86,49661
DKN,20090617,0.415,0.44,0.415,0.42,69000
DKS,20090617,6.3,6.3,6.3,6.3,12900
DLS,20090617,0.033,0.035,0.032,0.035,11654613
DMA,20090617,0.11,0.11,0.1,0.1,30000
DMG,20090617,0.245,0.245,0.245,0.245,15000
DML,20090617,0.27,0.27,0.27,0.27,4700
DMM,20090617,0.17,0.17,0.16,0.16,10000
DMP,20090617,3,3,2.99,3,27688
DMX,20090617,0.195,0.195,0.195,0.195,16104
DOM,20090617,4.77,4.86,4.62,4.67,235549
DOW,20090617,5.18,5.21,4.87,4.9,1074958
DRA,20090617,0.067,0.069,0.067,0.067,261000
DRX,20090617,0.165,0.165,0.16,0.165,133950
DSF,20090617,0.02,0.02,0.02,0.02,50000
DTL,20090617,6,6,5.98,5.98,6500
DUE,20090617,1.61,1.625,1.58,1.6,2971052
DUI,20090617,2.65,2.65,2.65,2.65,999
DUL,20090617,0.037,0.037,0.037,0.037,108515
DVA,20090617,0.16,0.18,0.16,0.18,17431
DVN,20090617,0.455,0.455,0.45,0.45,52780
DWS,20090617,0.8,0.8,0.77,0.77,191501
DXS,20090617,0.73,0.74,0.72,0.73,11490780
DYE,20090617,0.83,0.83,0.765,0.77,385061
DYL,20090617,0.405,0.405,0.38,0.4,2027737
ECM,20090617,0.095,0.095,0.095,0.095,31388
ECU,20090617,0.325,0.325,0.31,0.315,153375
EDE,20090617,0.051,0.053,0.05,0.051,719250
EDS,20090617,0.079,0.089,0.079,0.089,10000
EEE,20090617,0.064,0.065,0.064,0.065,19279
EFE,20090617,0.07,0.07,0.066,0.066,17000
EFG,20090617,0.062,0.062,0.061,0.061,154060
EFT,20090617,0.036,0.036,0.036,0.036,50000
EGO,20090617,0.01,0.01,0.009,0.01,7795633
EHL,20090617,0.45,0.455,0.425,0.44,3036565
ELD,20090617,0.34,0.35,0.305,0.31,6004231
ELI,20090617,0.74,0.75,0.71,0.71,65300
ELK,20090617,0.16,0.175,0.16,0.17,195450
ELX,20090617,0.15,0.15,0.15,0.15,18300
ELY,20090617,0.09,0.09,0.09,0.09,60590
EMA,20090617,0.32,0.32,0.31,0.31,111530
EME,20090617,0.55,0.55,0.53,0.53,15000
EMG,20090617,0.55,0.55,0.55,0.55,21000
EMR,20090617,0.052,0.052,0.048,0.05,353700
EMS,20090617,0.031,0.031,0.031,0.031,604000
EMU,20090617,0.095,0.095,0.09,0.09,25000
ENB,20090617,0.28,0.3,0.28,0.295,194286
ENE,20090617,1.73,1.73,1.67,1.7,1440658
ENG,20090617,0.016,0.016,0.015,0.015,250000
ENI,20090617,0.01,0.01,0.01,0.01,10000
ENL,20090617,0.04,0.04,0.04,0.04,7000
ENT,20090617,0.24,0.29,0.23,0.27,813044
ENV,20090617,0.48,0.505,0.48,0.5,1000807
EOL,20090617,0.056,0.06,0.053,0.06,300000
EOS,20090617,0.6,0.6,0.58,0.58,58750
EPG,20090617,0.13,0.13,0.125,0.125,452600
EPL,20090617,0.15,0.15,0.15,0.15,5000
EPR,20090617,0.005,0.005,0.005,0.005,120000
EPX,20090617,0.8,0.8,0.8,0.8,2000
EQN,20090617,2.94,2.97,2.86,2.93,1295136
EQT,20090617,13.65,13.65,13.6,13.6,2950
ERA,20090617,22.96,23.9,22.14,23.9,815751
ERC,20090617,1.135,1.17,1.085,1.105,210509
ERH,20090617,0.12,0.12,0.115,0.115,175500
ERJ,20090617,0.13,0.13,0.105,0.125,3113835
ERL,20090617,0.073,0.073,0.073,0.073,4700
ERM,20090617,0.165,0.165,0.155,0.155,190398
ERN,20090617,0.067,0.067,0.067,0.067,20000
ERO,20090617,0.065,0.065,0.062,0.062,149445
ESG,20090617,0.72,0.725,0.695,0.715,4008578
ESI,20090617,0.022,0.022,0.021,0.021,2091009
ESN,20090617,0.004,0.004,0.004,0.004,1615000
ESS,20090617,0.25,0.25,0.25,0.25,26415
ESV,20090617,0.425,0.43,0.405,0.43,205872
ETC,20090617,0.425,0.45,0.415,0.43,1726657
ETE,20090617,0.09,0.09,0.088,0.088,467000
ETT,20090617,0.002,0.002,0.002,0.002,904103
EVE,20090617,0.034,0.034,0.034,0.034,85000
EVG,20090617,0.048,0.048,0.048,0.048,10000
EVM,20090617,0.044,0.044,0.042,0.042,31700
EVZ,20090617,0.11,0.11,0.11,0.11,37498
EWC,20090617,0.58,0.595,0.565,0.57,2199520
EXE,20090617,0.18,0.185,0.17,0.18,327873
EXM,20090617,0.014,0.016,0.014,0.015,6038685
EXR,20090617,0.06,0.06,0.058,0.058,109250
EXS,20090617,0.325,0.33,0.32,0.33,217620
EXT,20090617,6.49,6.49,6,6.4,403755
EZE,20090617,0.019,0.019,0.019,0.019,230300
EZL,20090617,0.9,0.9,0.87,0.87,33797
FAC,20090617,0.064,0.064,0.064,0.064,5615
FAN,20090617,3,3,2.94,2.99,16548
FAR,20090617,0.07,0.07,0.065,0.068,2173981
FAS,20090617,0.045,0.045,0.042,0.042,572785
FBU,20090617,5.15,5.18,4.96,5.04,1132363
FCN,20090617,0.11,0.12,0.11,0.12,291200
FEA,20090617,0.14,0.15,0.14,0.145,72313
FER,20090617,0.125,0.125,0.1,0.105,43949
FFF,20090617,0.033,0.033,0.032,0.032,100000
FGE,20090617,0.43,0.43,0.425,0.425,450
FGI,20090617,0.39,0.39,0.39,0.39,5000
FGL,20090617,5.15,5.15,5.02,5.07,7506651
FIS,20090617,0.096,0.096,0.095,0.095,106050
FKP,20090617,0.825,0.85,0.765,0.79,1436502
FLT,20090617,8.8,9.08,8.53,8.77,270879
FLX,20090617,12.91,13.49,12.25,12.32,535477
FMG,20090617,3.61,3.81,3.49,3.77,17694354
FML,20090617,0.028,0.029,0.027,0.028,45390548
FMS,20090617,0.06,0.064,0.059,0.063,18520591
FND,20090617,0.38,0.38,0.38,0.38,326500
FNP,20090617,0.3,0.3,0.3,0.3,4116
FNT,20090617,0.027,0.027,0.027,0.027,4622
FOF,20090617,0.45,0.45,0.45,0.45,5000
FPA,20090617,0.54,0.545,0.53,0.545,463500
FPH,20090617,2.29,2.35,2.29,2.33,11312
FPS,20090617,1.4,1.465,1.4,1.465,35465
FRE,20090617,0.015,0.016,0.014,0.014,1192401
FRR,20090617,0.094,0.094,0.094,0.094,9000
FRS,20090617,0.44,0.44,0.42,0.435,556434
FSA,20090617,0.405,0.405,0.4,0.4,53200
FSE,20090617,0.038,0.038,0.035,0.036,3789263
FTE,20090617,0.155,0.155,0.145,0.155,1489156
FUN,20090617,0.145,0.145,0.135,0.14,217181
FUT,20090617,0.005,0.006,0.005,0.005,6339888
FWD,20090617,6.21,6.28,5.9,6.05,287799
FWL,20090617,0.09,0.09,0.089,0.089,120000
FXI,20090617,0.6,0.6,0.6,0.6,10000
FXJ,20090617,1.25,1.265,1.22,1.23,7675260
FXL,20090617,0.84,0.84,0.83,0.84,275636
FXR,20090617,0.14,0.14,0.135,0.14,944653
GBE,20090617,0.15,0.15,0.15,0.15,13500
GBG,20090617,0.82,0.83,0.785,0.825,1547529
GBI,20090617,0.55,0.55,0.55,0.55,20000
GBP,20090617,0.13,0.13,0.125,0.13,138200
GBT,20090617,0.695,0.695,0.63,0.63,20005
GBZ,20090617,0.03,0.03,0.027,0.027,106296
GCG,20090617,0.135,0.135,0.135,0.135,56000
GCL,20090617,6.6,6.6,5.8,5.92,237553
GCR,20090617,0.023,0.023,0.022,0.022,1220000
GDA,20090617,0.011,0.012,0.011,0.012,1699215
GDN,20090617,0.078,0.079,0.075,0.076,5033551
GDY,20090617,0.99,1,0.95,1,216126
GER,20090617,0.13,0.13,0.125,0.13,107000
GFE,20090617,0.185,0.185,0.185,0.185,235
GFF,20090617,1.37,1.38,1.325,1.35,4161939
GGE,20090617,0.005,0.005,0.005,0.005,300000
GGG,20090617,0.45,0.45,0.425,0.43,606965
GGP,20090617,0.068,0.069,0.063,0.063,1481328
GGY,20090617,0.065,0.065,0.061,0.062,609000
GIP,20090617,0.06,0.06,0.06,0.06,11628
GIR,20090617,0.67,0.695,0.655,0.695,434395
GJT,20090617,0.055,0.055,0.052,0.052,825952
GLB,20090617,0.2,0.21,0.2,0.21,2353
GLF,20090617,0.045,0.045,0.04,0.04,354000
GLI,20090617,0.02,0.022,0.02,0.022,322366
GLM,20090617,0.06,0.06,0.055,0.055,334000
GLN,20090617,0.14,0.14,0.14,0.14,150727
GMG,20090617,0.39,0.4,0.365,0.38,73645916
GMI,20090617,0.97,0.97,0.95,0.97,260118
GML,20090617,0.084,0.084,0.084,0.084,16000
GMR,20090617,0.045,0.046,0.043,0.045,370471
GNC,20090617,7.35,7.5,7.35,7.45,281932
GNI,20090617,0.036,0.036,0.035,0.035,111506
GNM,20090617,0.56,0.56,0.53,0.555,5800
GNS,20090617,0.98,1.015,0.955,0.955,1016301
GOA,20090617,0.011,0.011,0.011,0.011,457843
GOP,20090617,0.032,0.039,0.025,0.039,1851551
GOW,20090617,2.68,2.68,2.68,2.68,20358
GPG,20090617,0.555,0.56,0.55,0.56,265228
GPM,20090617,0.1,0.1,0.1,0.1,723751
GPT,20090617,0.51,0.52,0.5,0.51,63633543
GRB,20090617,0.063,0.063,0.06,0.06,475000
GRD,20090617,0.51,0.525,0.505,0.525,342735
GRK,20090617,0.047,0.049,0.047,0.049,83965
GRR,20090617,0.57,0.57,0.5,0.53,235088
GRT,20090617,0.4,0.4,0.4,0.4,500
GRY,20090617,0.285,0.295,0.275,0.285,557630
GSE,20090617,0.023,0.024,0.023,0.024,75000
GTE,20090617,0.022,0.022,0.022,0.022,50000
GTG,20090617,0.06,0.06,0.055,0.055,595815
GTR,20090617,0.046,0.046,0.046,0.046,10000
GTX,20090617,0.015,0.015,0.015,0.015,200000
GUD,20090617,6.62,6.65,6.36,6.4,102787
GUL,20090617,0.05,0.05,0.047,0.047,109428
GUN,20090617,0.1,0.1,0.088,0.088,798874
GWR,20090617,0.475,0.475,0.44,0.47,56112
GWT,20090617,2.51,2.53,2.37,2.37,563652
GXL,20090617,0.55,0.55,0.55,0.55,5000
GXY,20090617,0.69,0.72,0.665,0.68,255625
GZL,20090617,0.94,0.94,0.94,0.94,2000
HAP,20090617,0.135,0.135,0.135,0.135,34000
HAV,20090617,0.525,0.54,0.525,0.54,19895
HAW,20090617,0.01,0.01,0.009,0.009,16961506
HAZ,20090617,0.115,0.115,0.11,0.11,34000
HCG,20090617,0.02,0.02,0.017,0.017,389266
HDF,20090617,1.425,1.445,1.36,1.36,311649
HDG,20090617,0.085,0.085,0.085,0.085,13924
HEG,20090617,0.2,0.205,0.2,0.2,361648
HFA,20090617,0.17,0.18,0.165,0.18,1778772
HGG,20090617,1.84,1.87,1.835,1.835,760082
HGN,20090617,0.24,0.24,0.23,0.23,88450
HGO,20090617,0.17,0.175,0.165,0.175,816440
HHL,20090617,5.18,5.24,5.18,5.24,1360
HHM,20090617,0.24,0.24,0.24,0.24,74
HHV,20090617,0.715,0.72,0.71,0.71,114276
HHY,20090617,1.25,1.25,1.25,1.25,24220
HIG,20090617,0.115,0.12,0.115,0.12,177000
HII,20090617,0.15,0.15,0.15,0.15,45000
HIL,20090617,1.65,1.675,1.62,1.65,229017
HIN,20090617,0.85,0.85,0.835,0.84,19930
HLD,20090617,0.11,0.11,0.11,0.11,76000
HLG,20090617,0.32,0.355,0.32,0.325,28319
HLX,20090617,0.09,0.09,0.089,0.089,180000
HMC,20090617,0.048,0.049,0.048,0.049,470000
HNG,20090617,0.805,0.85,0.805,0.85,15647
HOM,20090617,0.48,0.48,0.48,0.48,8300
HRL,20090617,0.1,0.1,0.096,0.096,335000
HRR,20090617,0.205,0.21,0.2,0.2,194010
HSK,20090617,0.485,0.49,0.485,0.485,85319
HSN,20090617,0.365,0.395,0.365,0.395,20000
HSP,20090617,4.08,4.34,4.07,4.28,2015138
HST,20090617,1.33,1.34,1.31,1.325,1134104
HTA,20090617,0.115,0.115,0.11,0.11,410692
HTE,20090617,0.03,0.03,0.03,0.03,32954
HTI,20090617,0.016,0.016,0.016,0.016,110000
HVN,20090617,2.95,2.97,2.87,2.89,2026071
HYO,20090617,0.019,0.019,0.019,0.019,310221
HZL,20090617,0.39,0.39,0.39,0.39,1500
HZN,20090617,0.185,0.19,0.18,0.185,3891698
IAA,20090617,40.11,40.11,39.85,39.92,777
IAG,20090617,3.32,3.46,3.32,3.4,10113154
IAS,20090617,0.575,0.58,0.575,0.58,151000
IAT,20090617,0.01,0.01,0.01,0.01,88831
IAU,20090617,0.37,0.37,0.355,0.365,1548672
IBG,20090617,0.105,0.105,0.1,0.1,178453
IBK,20090617,45.2,45.29,45.19,45.19,6927
ICN,20090617,0.31,0.315,0.3,0.31,1210988
ICP,20090617,0.036,0.036,0.035,0.035,451500
ICS,20090617,0.165,0.165,0.165,0.165,21420
IDG,20090617,0.7,0.71,0.67,0.67,731407
IDL,20090617,0.27,0.27,0.245,0.26,6014350
IDO,20090617,0.265,0.265,0.24,0.24,83910
IDT,20090617,1.45,1.48,1.43,1.45,36115
IEF,20090617,0.215,0.215,0.14,0.15,2324586
IEM,20090617,40.67,41.06,40.52,40.9,5277
IEU,20090617,40.61,40.61,40.61,40.61,200
IFE,20090617,0.345,0.345,0.32,0.32,28978
IFL,20090617,4,4.03,3.92,3.98,208809
IFM,20090617,0.295,0.295,0.29,0.29,137350
IFN,20090617,1.25,1.25,1.22,1.22,1418769
IGC,20090617,0.215,0.215,0.21,0.21,867273
IGO,20090617,4.47,4.55,4.37,4.5,844196
IGR,20090617,0.295,0.32,0.28,0.315,1623613
IIF,20090617,0.3,0.305,0.285,0.29,5541450
III,20090617,0.07,0.07,0.07,0.07,5000
IIN,20090617,1.79,1.8,1.73,1.74,329806
IJP,20090617,11.8,12,11.8,12,3729
ILF,20090617,0.055,0.057,0.051,0.057,1510206
ILU,20090617,3.25,3.33,3.14,3.21,3361821
IMA,20090617,0.73,0.74,0.71,0.73,59243
IMC,20090617,0.034,0.034,0.033,0.033,20000
IMD,20090617,0.67,0.71,0.635,0.71,650267
IMF,20090617,1.9,1.9,1.525,1.76,968030
IMI,20090617,0.004,0.005,0.004,0.004,1370143
IMP,20090617,0.008,0.008,0.008,0.008,12659918
IMU,20090617,0.076,0.076,0.073,0.073,174856
INE,20090617,0.51,0.51,0.495,0.495,120000
INL,20090617,0.015,0.015,0.015,0.015,1250000
INP,20090617,0.265,0.265,0.255,0.255,484291
INT,20090617,0.022,0.024,0.021,0.023,36521469
IOH,20090617,0.815,0.825,0.795,0.815,413040
IOO,20090617,64.5,64.82,64.1,64.15,1319
IPD,20090617,0.62,0.62,0.62,0.62,30000
IPE,20090617,0.19,0.19,0.175,0.18,41867
IPL,20090617,2.58,2.59,2.4,2.46,25078504
IPR,20090617,0.07,0.07,0.068,0.068,337200
IPT,20090617,0.16,0.16,0.16,0.16,50000
IRC,20090617,0.12,0.12,0.12,0.12,50000
IRD,20090617,0.18,0.18,0.17,0.17,104500
IRE,20090617,7.06,7.13,6.96,7,724311
IRG,20090617,0.006,0.006,0.005,0.005,520000
IRH,20090617,0.053,0.054,0.051,0.051,81500
IRI,20090617,0.295,0.3,0.28,0.295,88582
IRM,20090617,0.11,0.12,0.11,0.11,68336
IRN,20090617,0.61,0.64,0.585,0.585,4041798
IRU,20090617,64.9,64.9,64.9,64.9,12
ISF,20090617,0.67,0.69,0.67,0.67,739743
ISG,20090617,11.35,11.35,11.32,11.32,3000
ISK,20090617,0.2,0.2,0.19,0.19,60000
ISS,20090617,0.17,0.17,0.165,0.165,130800
ITC,20090617,0.044,0.044,0.043,0.043,1070000
ITD,20090617,0.085,0.085,0.085,0.085,40327
ITW,20090617,12.37,12.37,12.37,12.37,1600
IVA,20090617,2.03,2.07,2.01,2.02,43344
IVC,20090617,5.66,5.75,5.58,5.69,145062
IVE,20090617,59.26,59.26,58.89,59.2,2015
IVV,20090617,118,118,116.37,117,999
IWI,20090617,0.31,0.315,0.29,0.29,66900
IXJ,20090617,54.15,56.04,54.15,55.89,1457
IXR,20090617,0.24,0.25,0.24,0.25,112179
IZZ,20090617,47.5,47.71,47.08,47.4,9809
JAL,20090617,0.365,0.37,0.36,0.36,114888
JBH,20090617,14.65,14.89,14.52,14.7,798314
JET,20090617,0.78,0.78,0.78,0.78,58040
JGL,20090617,0.085,0.098,0.085,0.085,73590
JHX,20090617,4.18,4.22,4.12,4.17,3425083
JML,20090617,0.305,0.305,0.285,0.29,2616162
JMS,20090617,0.16,0.16,0.16,0.16,21000
JPR,20090617,0.042,0.042,0.04,0.04,2116604
JRL,20090617,0.46,0.46,0.4,0.4,22115
JRV,20090617,0.006,0.007,0.006,0.007,2260000
JVG,20090617,0.013,0.013,0.013,0.013,24000
KAR,20090617,6.93,7.09,6.84,7.01,817386
KBC,20090617,0.077,0.077,0.075,0.075,50341
KCN,20090617,6.35,6.51,6.27,6.3,476530
KEN,20090617,0.12,0.14,0.12,0.14,10000
KEY,20090617,0.165,0.165,0.165,0.165,15000
KGL,20090617,0.036,0.036,0.033,0.033,214106
KIK,20090617,0.175,0.175,0.16,0.175,549045
KIL,20090617,0.61,0.61,0.58,0.58,165000
KLM,20090617,0.13,0.13,0.13,0.13,40000
KML,20090617,0.02,0.02,0.02,0.02,647500
KMN,20090617,0.11,0.11,0.1,0.105,160000
KOG,20090617,0.044,0.044,0.044,0.044,32000
KOR,20090617,0.07,0.07,0.069,0.07,138000
KRM,20090617,0.35,0.35,0.345,0.345,92584
KRS,20090617,0.14,0.14,0.14,0.14,47594
KSX,20090617,0.04,0.04,0.038,0.039,598469
KTE,20090617,0.037,0.037,0.035,0.035,31667
KYC,20090617,0.33,0.35,0.33,0.35,6000
KZL,20090617,0.8,0.805,0.76,0.78,7211594
LAT,20090617,0.03,0.031,0.029,0.029,1400000
LBT,20090617,0.135,0.135,0.135,0.135,199100
LBY,20090617,0.096,0.11,0.096,0.11,781000
LCM,20090617,0.435,0.435,0.43,0.43,19200
LCT,20090617,0.17,0.17,0.165,0.165,101000
LDW,20090617,1.48,1.49,1.43,1.43,38400
LEG,20090617,0.024,0.025,0.024,0.025,610000
LEI,20090617,23.52,23.67,22.8,23.02,619888
LEP,20090617,2.38,2.39,2.28,2.36,55826
LGL,20090617,2.9,2.9,2.84,2.89,18298141
LIC,20090617,0.035,0.035,0.035,0.035,3400
LKO,20090617,0.006,0.007,0.006,0.007,10182666
LLA,20090617,0.018,0.018,0.018,0.018,163731
LLC,20090617,7.18,7.31,7.06,7.23,637869
LLP,20090617,0.1,0.105,0.1,0.105,1995859
LMG,20090617,0.004,0.004,0.004,0.004,500000
LML,20090617,0.093,0.1,0.09,0.1,149460
LMP,20090617,0.115,0.115,0.105,0.105,622000
LNC,20090617,1.86,1.865,1.685,1.72,1484751
LNG,20090617,0.525,0.545,0.505,0.54,647274
LNN,20090617,11.5,11.51,11.49,11.51,5313444
LOD,20090617,0.105,0.11,0.105,0.11,499127
LOM,20090617,0.03,0.03,0.029,0.029,117991
LRF,20090617,0.545,0.55,0.54,0.54,95667
LRL,20090617,0.115,0.115,0.115,0.115,20000
LSA,20090617,0.012,0.012,0.011,0.011,1998626
LST,20090617,1.02,1.08,1.02,1.08,98801
LTR,20090617,0.025,0.025,0.025,0.025,2323080
LUM,20090617,0.005,0.005,0.005,0.005,200000
LYC,20090617,0.53,0.545,0.515,0.545,2533750
LYL,20090617,1.465,1.465,1.46,1.46,18515
MAE,20090617,0.305,0.31,0.29,0.31,688496
MAH,20090617,0.36,0.365,0.355,0.355,7667872
MAK,20090617,0.545,0.58,0.51,0.57,981249
MAP,20090617,2.2,2.26,2.19,2.24,7581258
MAQ,20090617,2.25,2.25,2.25,2.25,2700
MAR,20090617,0.062,0.062,0.062,0.062,40000
MAT,20090617,0.12,0.12,0.115,0.12,167514
MBA,20090617,0.03,0.03,0.028,0.028,1171754
MBD,20090617,0.05,0.05,0.05,0.05,91000
MBN,20090617,2.55,2.55,2.37,2.45,1006884
MBP,20090617,0.033,0.033,0.029,0.029,1616000
MBT,20090617,0.25,0.25,0.17,0.185,1193886
MCC,20090617,6.34,6.77,6.24,6.62,2832305
MCG,20090617,2.94,2.94,2.93,2.93,20045949
MCL,20090617,0.003,0.004,0.003,0.004,26978000
MCO,20090617,0.16,0.165,0.16,0.16,333140
MCP,20090617,1.63,1.75,1.63,1.73,64038
MCR,20090617,1.51,1.515,1.425,1.485,1875247
MCU,20090617,0.63,0.635,0.62,0.62,352101
MCW,20090617,0.55,0.555,0.505,0.515,5375087
MDL,20090617,0.64,0.65,0.63,0.63,1742338
MDS,20090617,0.025,0.025,0.024,0.024,45000
MDT,20090617,0.165,0.165,0.15,0.15,9790364
MDV,20090617,0.011,0.011,0.011,0.011,600000
MDX,20090617,0.49,0.49,0.49,0.49,52000
MEG,20090617,0.15,0.15,0.15,0.15,10000
MEI,20090617,0.105,0.105,0.105,0.105,60000
MEL,20090617,0.575,0.575,0.54,0.555,880501
MEO,20090617,0.15,0.15,0.14,0.15,5077087
MEP,20090617,0.29,0.31,0.29,0.3,57241
MES,20090617,0.11,0.115,0.11,0.115,66000
MET,20090617,0.14,0.14,0.14,0.14,20000
MFC,20090617,0.13,0.13,0.11,0.11,176941
MFF,20090617,0.53,0.53,0.53,0.53,6800
MFG,20090617,0.52,0.53,0.52,0.52,44201
MFI,20090617,0.016,0.016,0.015,0.015,1096112
MGK,20090617,0.039,0.039,0.03,0.03,2084325
MGO,20090617,0.105,0.105,0.105,0.105,10000
MGR,20090617,1.125,1.125,1.095,1.115,15590287
MGU,20090617,0.055,0.055,0.055,0.055,12500
MGX,20090617,0.995,1.015,0.955,0.99,7746560
MGY,20090617,0.043,0.045,0.043,0.045,17000
MHL,20090617,0.003,0.003,0.003,0.003,5666666
MIG,20090617,1.455,1.47,1.425,1.425,6466797
MII,20090617,0.04,0.045,0.04,0.045,1550000
MIK,20090617,0.046,0.046,0.044,0.044,251764
MIN,20090617,3.92,3.95,3.85,3.95,120348
MIR,20090617,1.68,1.68,1.53,1.53,27404
MIX,20090617,0.09,0.09,0.086,0.086,796521
MKB,20090617,0.05,0.05,0.05,0.05,3259
MKY,20090617,0.011,0.011,0.011,0.011,779000
MLB,20090617,1.735,1.77,1.715,1.76,70220
MLE,20090617,1.31,1.33,1.165,1.275,409081
MLI,20090617,0.053,0.053,0.05,0.05,2122129
MLM,20090617,0.325,0.325,0.315,0.315,53090
MLS,20090617,0.036,0.037,0.036,0.037,1316489
MLT,20090617,14.93,15.02,14.86,14.86,35292
MLX,20090617,0.135,0.135,0.125,0.13,846936
MMA,20090617,0.43,0.43,0.425,0.43,105943
MMB,20090617,0.45,0.45,0.44,0.44,197930
MMG,20090617,1.35,1.415,1.33,1.39,382720
MML,20090617,2.01,2.03,1.93,2,324177
MMR,20090617,0.115,0.115,0.115,0.115,55000
MMS,20090617,2.96,2.98,2.94,2.94,81943
MMX,20090617,1.75,1.76,1.65,1.7,2431087
MMY,20090617,0.05,0.05,0.05,0.05,17002
MND,20090617,11.75,11.85,11.18,11.23,296919
MNM,20090617,0.038,0.039,0.035,0.039,226160
MNW,20090617,0.041,0.041,0.035,0.035,280000
MOC,20090617,1.01,1.035,1,1.01,32583
MOF,20090617,0.225,0.225,0.2,0.2,51998496
MOL,20090617,0.535,0.57,0.525,0.565,981692
MOS,20090617,0.15,0.155,0.15,0.155,1372973
MOX,20090617,0.072,0.072,0.072,0.072,10000
MOY,20090617,0.036,0.036,0.035,0.035,366079
MPA,20090617,0.069,0.069,0.069,0.069,600
MPD,20090617,0.008,0.008,0.008,0.008,185500
MPF,20090617,0.079,0.08,0.078,0.078,58489
MPJ,20090617,0.003,0.003,0.003,0.003,5817907
MPO,20090617,1.08,1.095,1.02,1.08,983262
MPS,20090617,0.115,0.12,0.115,0.115,112258
MQG,20090617,37.04,37.35,35.95,35.95,2409808
MRC,20090617,0.1,0.1,0.1,0.1,100000
MRE,20090617,0.82,0.835,0.73,0.83,6859190
MRK,20090617,0.009,0.009,0.009,0.009,2250000
MRM,20090617,1.75,1.75,1.65,1.68,696684
MRO,20090617,0.086,0.086,0.085,0.085,194678
MRU,20090617,3.7,3.7,3.55,3.55,125085
MRZ,20090617,0.365,0.365,0.345,0.345,134056
MSB,20090617,0.83,0.84,0.83,0.83,66450
MSC,20090617,0.004,0.004,0.004,0.004,3445757
MSF,20090617,1.85,1.85,1.69,1.75,25000
MSH,20090617,0.11,0.11,0.11,0.11,160000
MSL,20090617,1.14,1.15,1.13,1.145,72927
MSR,20090617,0.105,0.105,0.105,0.105,10000
MST,20090617,0.036,0.036,0.032,0.036,856200
MTH,20090617,0.17,0.17,0.15,0.15,284999
MTI,20090617,0.008,0.008,0.008,0.008,70000
MTN,20090617,0.82,0.82,0.8,0.82,92085
MTS,20090617,4.26,4.29,4.23,4.24,4655090
MTU,20090617,0.82,0.83,0.79,0.81,175217
MUE,20090617,0.13,0.135,0.125,0.125,150449
MUN,20090617,0.425,0.47,0.425,0.465,421358
MVP,20090617,0.17,0.17,0.16,0.16,14000
MXI,20090617,0.27,0.27,0.26,0.26,26277
MXQ,20090617,0.025,0.025,0.021,0.022,504709
MXR,20090617,0.028,0.028,0.028,0.028,68660
MZM,20090617,0.14,0.15,0.14,0.15,72500
NAB,20090617,21.89,22.21,21.42,21.73,9136229
NAD,20090617,0.012,0.013,0.012,0.012,875626
NAE,20090617,0.05,0.05,0.05,0.05,100000
NAG,20090617,0.04,0.04,0.039,0.039,150000
NAM,20090617,0.42,0.42,0.42,0.42,46220
NAN,20090617,0.495,0.495,0.48,0.48,698653
NAV,20090617,0.225,0.225,0.22,0.225,450104
NBL,20090617,1.05,1.05,1.05,1.05,13550
NCI,20090617,0.97,0.97,0.97,0.97,900
NCK,20090617,0.65,0.67,0.65,0.67,7000
NCM,20090617,31,31.29,30.3,31.08,2241064
NDO,20090617,0.18,0.19,0.175,0.19,5363599
NEC,20090617,0.4,0.4,0.375,0.395,110483
NEM,20090617,5.22,5.27,5.2,5.22,155340
NEU,20090617,0.031,0.031,0.03,0.03,298500
NFE,20090617,1.455,1.46,1.43,1.44,299857
NFK,20090617,0.535,0.585,0.53,0.585,236441
NGE,20090617,0.081,0.082,0.081,0.082,540000
NGF,20090617,0.23,0.24,0.23,0.235,233741
NGM,20090617,0.17,0.17,0.155,0.16,200402
NGY,20090617,0.092,0.092,0.092,0.092,40000
NHC,20090617,4.37,4.39,4.33,4.36,361122
NHF,20090617,0.885,0.91,0.85,0.89,116285
NHR,20090617,1.3,1.3,1.29,1.29,27023
NIO,20090617,0.024,0.025,0.022,0.022,208000
NKP,20090617,0.305,0.335,0.305,0.335,285039
NLB,20090617,1.4,1.4,1.4,1.4,171
NLG,20090617,0.007,0.007,0.007,0.007,25000
NME,20090617,0.165,0.21,0.155,0.21,38809
NMI,20090617,0.022,0.022,0.02,0.022,1104673
NMS,20090617,0.58,0.58,0.57,0.575,1225671
NOD,20090617,0.6,0.61,0.58,0.6,446755
NQM,20090617,0.28,0.28,0.28,0.28,11497
NRT,20090617,0.79,0.79,0.75,0.75,18826
NRU,20090617,0.03,0.03,0.03,0.03,6000
NSE,20090617,0.05,0.05,0.05,0.05,75000
NSL,20090617,0.012,0.012,0.011,0.012,3130400
NSX,20090617,0.28,0.3,0.24,0.24,738218
NTC,20090617,0.165,0.165,0.16,0.16,90490
NUF,20090617,10.22,10.94,10.17,10.35,6535688
NUP,20090617,0.036,0.037,0.036,0.036,2176631
NVT,20090617,2.65,2.7,2.61,2.64,21572
NWE,20090617,0.021,0.021,0.02,0.021,520000
NWH,20090617,0.89,0.9,0.825,0.84,1659031
NWR,20090617,0.056,0.056,0.056,0.056,50000
NWS,20090617,13.5,13.61,13.3,13.45,1909779
NWT,20090617,0.005,0.005,0.004,0.004,13325000
NXS,20090617,0.395,0.415,0.39,0.405,10528129
NZO,20090617,1.26,1.27,1.26,1.27,48000
OAK,20090617,0.6,0.6,0.6,0.6,5000
OBJ,20090617,0.006,0.006,0.006,0.006,400000
OBL,20090617,0.016,0.017,0.016,0.017,261250
OCL,20090617,0.32,0.32,0.31,0.31,20000
OEC,20090617,0.073,0.073,0.07,0.07,146503
OEL,20090617,0.075,0.075,0.072,0.073,2334054
OEQ,20090617,0.42,0.42,0.415,0.42,58470
OEX,20090617,0.175,0.175,0.17,0.175,818804
OFG,20090617,0.44,0.44,0.43,0.43,629
OGC,20090617,1.05,1.115,1.04,1.1,248195
OIF,20090617,0.155,0.165,0.155,0.155,59512
OIL,20090617,0.049,0.049,0.047,0.047,320185
OIP,20090617,0.092,0.092,0.083,0.083,217550
OKN,20090617,1.8,1.85,1.75,1.85,108175
OLE,20090617,0.003,0.003,0.003,0.003,808048
OMH,20090617,1.33,1.36,1.315,1.32,933350
OMI,20090617,0.19,0.19,0.19,0.19,20000
ONC,20090617,0.19,0.19,0.19,0.19,7400
ORD,20090617,0.029,0.03,0.028,0.028,490000
ORE,20090617,0.66,0.66,0.605,0.66,176205
ORG,20090617,14.63,14.68,14.43,14.43,2533199
ORH,20090617,0.055,0.055,0.053,0.053,165000
ORI,20090617,20.01,20.46,19.46,20.2,1457413
ORL,20090617,3.7,3.74,3.7,3.7,13766
ORO,20090617,0.005,0.005,0.005,0.005,1350274
ORP,20090617,0.03,0.03,0.03,0.03,100000
OSH,20090617,5.57,5.62,5.48,5.53,4462675
OST,20090617,2.42,2.44,2.31,2.4,6202752
OTI,20090617,0.044,0.044,0.044,0.044,20000
OUM,20090617,0.036,0.036,0.036,0.036,100000
OVR,20090617,0.093,0.094,0.09,0.094,392000
OZL,20090617,0.905,0.965,0.89,0.965,37565236
PAB,20090617,0.1,0.1,0.1,0.1,203000
PAG,20090617,1,1.045,0.97,1.02,332964
PAN,20090617,2.62,2.7,2.51,2.64,2270208
PBA,20090617,0.41,0.41,0.41,0.41,10000
PBB,20090617,0.22,0.235,0.22,0.235,416438
PBD,20090617,0.37,0.37,0.37,0.37,5000
PBG,20090617,0.8,0.805,0.71,0.8,8554394
PBP,20090617,1.895,1.92,1.88,1.92,45156
PBT,20090617,0.195,0.195,0.185,0.185,45730
PCC,20090617,0.007,0.007,0.007,0.007,107926
PCL,20090617,0.024,0.029,0.021,0.027,4255200
PDN,20090617,4.7,4.99,4.58,4.99,6339383
PDY,20090617,0.029,0.034,0.028,0.032,28037977
PDZ,20090617,0.125,0.13,0.125,0.13,177901
PEM,20090617,0.425,0.43,0.41,0.425,508521
PEN,20090617,0.033,0.034,0.03,0.031,8071137
PEV,20090617,0.015,0.015,0.014,0.014,235807
PFL,20090617,0.695,0.695,0.695,0.695,11354
PGA,20090617,1.62,1.685,1.62,1.625,207012
PGC,20090617,0.023,0.023,0.022,0.022,162000
PGL,20090617,0.81,0.81,0.81,0.81,11146
PGM,20090617,0.31,0.31,0.31,0.31,28200
PGS,20090617,0.086,0.09,0.085,0.085,616333
PHG,20090617,0.084,0.085,0.084,0.085,71534
PIE,20090617,0.009,0.009,0.009,0.009,22001
PIO,20090617,0.027,0.028,0.027,0.028,975000
PLA,20090617,1.08,1.085,1.03,1.07,2530933
PLI,20090617,0.6,0.6,0.59,0.6,90350
PLT,20090617,0.098,0.105,0.097,0.105,85312
PLV,20090617,0.7,0.7,0.68,0.69,158710
PMC,20090617,1.44,1.47,1.42,1.425,41516
PME,20090617,0.7,0.7,0.69,0.69,49303
PMP,20090617,0.425,0.425,0.405,0.41,313232
PMV,20090617,5.49,5.49,5.3,5.3,60773
PNA,20090617,0.36,0.37,0.345,0.36,31727716
PNN,20090617,0.36,0.36,0.3,0.3,343822
PNO,20090617,0.005,0.005,0.005,0.005,1440000
PNX,20090617,0.067,0.067,0.066,0.066,112787
POH,20090617,0.14,0.14,0.13,0.13,299842
POL,20090617,0.27,0.285,0.27,0.28,292921
POS,20090617,0.26,0.265,0.245,0.245,652095
POZ,20090617,0.335,0.335,0.335,0.335,4800
PPC,20090617,1.625,1.63,1.6,1.62,119438
PPI,20090617,0.2,0.2,0.2,0.2,4330
PPK,20090617,0.29,0.29,0.275,0.275,39000
PPN,20090617,0.165,0.165,0.165,0.165,84349
PPP,20090617,0.37,0.44,0.37,0.42,2298879
PPS,20090617,0.12,0.12,0.12,0.12,17235
PPT,20090617,28.8,29.29,28.5,28.71,133643
PPX,20090617,0.505,0.51,0.495,0.495,2572750
PRC,20090617,0.96,0.96,0.91,0.91,77584
PRE,20090617,0.011,0.011,0.01,0.01,5350000
PRG,20090617,2.73,2.76,2.73,2.74,139690
PRO,20090617,0.53,0.55,0.52,0.55,42313
PRR,20090617,0.058,0.058,0.054,0.057,4903937
PRT,20090617,0.55,0.55,0.54,0.55,146048
PRU,20090617,0.81,0.83,0.78,0.82,2254788
PRV,20090617,0.675,0.675,0.65,0.65,88465
PRW,20090617,0.13,0.145,0.12,0.125,12052992
PRY,20090617,5.3,5.45,5.3,5.45,1062733
PSA,20090617,0.31,0.31,0.31,0.31,44365
PSH,20090617,0.96,0.96,0.945,0.945,14515
PSP,20090617,0.018,0.018,0.017,0.017,162500
PSY,20090617,0.245,0.28,0.245,0.28,298976
PTM,20090617,4.1,4.18,4.08,4.1,379409
PTN,20090617,0.094,0.094,0.092,0.093,263500
PTO,20090617,0.018,0.018,0.018,0.018,25000
PTS,20090617,0.06,0.06,0.055,0.055,250000
PUN,20090617,0.055,0.059,0.055,0.059,17500
PVA,20090617,2.15,2.15,2.15,2.15,675
PVE,20090617,1.3,1.33,1.29,1.3,45143
PWK,20090617,4.01,4.01,3.88,3.95,139247
PWR,20090617,0.06,0.06,0.06,0.06,7335
PXS,20090617,2.56,2.6,2.52,2.55,178151
PYM,20090617,0.12,0.12,0.12,0.12,36881
QAN,20090617,2.12,2.13,2.07,2.07,7031043
QBE,20090617,19.22,19.25,18.8,18.89,5484829
QHL,20090617,0.17,0.17,0.165,0.17,588058
QML,20090617,0.34,0.34,0.34,0.34,32500
QNL,20090617,0.081,0.083,0.081,0.081,192
QOL,20090617,0.012,0.012,0.012,0.012,16000
QPN,20090617,0.008,0.009,0.008,0.009,410000
QRS,20090617,0.022,0.025,0.022,0.025,20061
QTM,20090617,0.19,0.2,0.19,0.2,92000
QXQ,20090617,0.145,0.15,0.14,0.15,38185
RAU,20090617,0.021,0.021,0.018,0.019,7043813
RAW,20090617,0.08,0.08,0.08,0.08,50000
RBM,20090617,0.018,0.019,0.018,0.018,1355560
RBR,20090617,0.049,0.049,0.049,0.049,3314
RBV,20090617,0.5,0.5,0.5,0.5,6000
RBY,20090617,0.041,0.042,0.041,0.041,102112
RCG,20090617,0.38,0.385,0.38,0.385,89260
RCO,20090617,0.335,0.335,0.325,0.335,68800
RCR,20090617,0.53,0.61,0.53,0.59,531193
RCU,20090617,0.17,0.17,0.16,0.16,191791
RCY,20090617,0.18,0.19,0.18,0.19,740119
RDF,20090617,2.18,2.19,2.16,2.19,164631
RDM,20090617,0.195,0.215,0.18,0.205,734975
RDR,20090617,0.255,0.265,0.255,0.26,53341
REA,20090617,5.67,5.9,5.67,5.9,7489
RED,20090617,0.08,0.08,0.078,0.078,577240
REF,20090617,0.72,0.77,0.72,0.77,193948
RER,20090617,0.042,0.042,0.042,0.042,490100
RES,20090617,0.67,0.69,0.67,0.67,230124
REX,20090617,0.85,0.855,0.845,0.845,95100
REY,20090617,0.09,0.09,0.089,0.089,593944
RFE,20090617,0.92,0.95,0.9,0.925,330558
RFG,20090617,1.57,1.595,1.56,1.56,35177
RFL,20090617,0.074,0.074,0.074,0.074,60000
RHC,20090617,11.33,11.66,11.21,11.47,422024
RHD,20090617,0.2,0.21,0.2,0.21,37731
RHG,20090617,0.415,0.42,0.405,0.42,640546
RHI,20090617,2.6,2.61,2.6,2.61,15050
RHL,20090617,1.845,1.85,1.8,1.8,16621
RIA,20090617,0.15,0.15,0.15,0.15,50000
RIC,20090617,0.82,0.82,0.795,0.8,214523
RIO,20090617,57,59.8,56.7,57.68,9898860
RIV,20090617,6.18,6.24,5.92,6,624850
RKN,20090617,1.22,1.24,1.21,1.24,44973
RMD,20090617,4.92,4.92,4.73,4.81,837990
RMI,20090617,0.005,0.005,0.005,0.005,310000
RMP,20090617,0.18,0.18,0.18,0.18,83722
RMR,20090617,0.015,0.015,0.015,0.015,125890
RMS,20090617,0.56,0.57,0.555,0.57,183042
RNG,20090617,0.025,0.025,0.025,0.025,155158
RNI,20090617,0.02,0.02,0.02,0.02,2733
RNY,20090617,0.095,0.096,0.091,0.094,242000
ROB,20090617,0.015,0.015,0.015,0.015,48175
ROC,20090617,0.78,0.8,0.745,0.8,4161435
ROK,20090617,2.45,2.45,2.45,2.45,750
ROL,20090617,0.635,0.7,0.635,0.68,161399
ROY,20090617,0.077,0.08,0.077,0.079,130000
RPC,20090617,0.016,0.016,0.016,0.016,400000
RPX,20090617,0.46,0.47,0.46,0.47,188639
RRA,20090617,0.77,0.78,0.77,0.78,98440
RRL,20090617,0.5,0.5,0.49,0.49,269818
RRS,20090617,0.048,0.049,0.047,0.048,649179
RSG,20090617,0.715,0.715,0.69,0.71,870754
RSN,20090617,0.003,0.003,0.003,0.003,459167
RTL,20090617,0.007,0.007,0.006,0.006,120000
RUB,20090617,0.033,0.033,0.03,0.03,41500
RUL,20090617,0.62,0.62,0.62,0.62,6000
RVR,20090617,0.081,0.085,0.08,0.085,69429
RWD,20090617,0.38,0.39,0.375,0.375,102516
RXM,20090617,0.6,0.6,0.58,0.58,215261
RZR,20090617,0.04,0.04,0.04,0.04,240500
SAE,20090617,0.1,0.105,0.1,0.105,460000
SAI,20090617,2.68,2.77,2.68,2.73,219041
SAR,20090617,0.215,0.215,0.205,0.21,324205
SAU,20090617,0.145,0.145,0.145,0.145,5000
SAV,20090617,0.13,0.135,0.125,0.13,389300
SAY,20090617,0.091,0.091,0.087,0.09,189763
SBI,20090617,0.09,0.09,0.09,0.09,10000
SBL,20090617,0.02,0.02,0.019,0.019,342796
SBM,20090617,0.245,0.245,0.235,0.24,5527483
SBN,20090617,0.002,0.002,0.002,0.002,2340000
SBS,20090617,0.026,0.026,0.025,0.025,50000
SCC,20090617,0.165,0.165,0.165,0.165,47807
SDG,20090617,0.635,0.645,0.6,0.615,961543
SDI,20090617,0.23,0.23,0.23,0.23,31711
SDL,20090617,0.16,0.16,0.15,0.16,26179324
SDM,20090617,1.075,1.12,1.07,1.085,265935
SEA,20090617,0.1,0.1,0.095,0.095,149785
SEK,20090617,4.15,4.2,4.09,4.1,714982
SEN,20090617,0.037,0.039,0.035,0.039,274745
SER,20090617,0.014,0.015,0.014,0.015,510066
SEV,20090617,5.45,5.47,5.41,5.41,192109
SFH,20090617,0.58,0.59,0.58,0.58,110390
SFR,20090617,1,1.02,0.84,0.84,5582928
SFY,20090617,38.33,39,38.33,38.73,29648
SGH,20090617,1.81,1.81,1.8,1.8,25017
SGM,20090617,24.01,24.78,23.63,24.63,519702
SGN,20090617,0.61,0.64,0.605,0.64,389757
SGP,20090617,3.17,3.17,3,3.02,13150013
SGT,20090617,2.6,2.63,2.55,2.57,1670733
SGX,20090617,5.34,5.41,5.2,5.36,1388137
SGY,20090617,0.033,0.033,0.032,0.032,795000
SGZ,20090617,0.1,0.1,0.1,0.1,80652
SHC,20090617,0.065,0.065,0.065,0.065,8000
SHE,20090617,0.042,0.042,0.035,0.035,127503
SHL,20090617,12.15,12.38,12.04,12.15,2326356
SHV,20090617,2.6,2.6,2.51,2.51,20298
SHX,20090617,0.205,0.205,0.205,0.205,10000
SIE,20090617,0.34,0.385,0.34,0.385,952812
SIP,20090617,1.02,1.06,1.02,1.055,2673842
SIV,20090617,1,1,1,1,3500
SKC,20090617,2.19,2.19,2.17,2.17,8800
SKE,20090617,1.395,1.395,1.34,1.39,90554
SKI,20090617,1.11,1.12,1.1,1.11,2335429
SKT,20090617,3.4,3.4,3.4,3.4,13400
SLA,20090617,0.1,0.1,0.091,0.091,156920
SLF,20090617,6.98,6.98,6.8,6.81,142485
SLM,20090617,3.6,3.6,3.48,3.53,28606
SLR,20090617,0.65,0.655,0.62,0.65,400939
SLV,20090617,1.37,1.37,1.36,1.36,44299
SLX,20090617,5.85,6.04,5.85,6.04,64849
SMC,20090617,0.04,0.04,0.04,0.04,17000
SMD,20090617,0.13,0.13,0.13,0.13,40000
SMX,20090617,3.25,3.26,3.17,3.22,409417
SNU,20090617,0.081,0.081,0.081,0.081,22000
SNV,20090617,0.064,0.064,0.064,0.064,295000
SOE,20090617,0.081,0.082,0.079,0.082,350000
SOL,20090617,10.25,10.32,10.1,10.29,13085
SOM,20090617,0.026,0.026,0.025,0.026,1936842
SOO,20090617,0.062,0.062,0.06,0.06,367074
SOT,20090617,0.325,0.34,0.325,0.34,673644
SPH,20090617,0.83,0.835,0.79,0.79,22589
SPI,20090617,0.1,0.1,0.1,0.1,105989
SPL,20090617,0.32,0.33,0.32,0.33,60847
SPN,20090617,0.815,0.83,0.785,0.785,5913601
SPP,20090617,0.008,0.008,0.008,0.008,799
SPQ,20090617,0.08,0.08,0.08,0.08,25000
SPT,20090617,2.17,2.25,2.17,2.24,345972
SRI,20090617,0.08,0.082,0.068,0.068,5511267
SRK,20090617,0.425,0.425,0.41,0.42,386558
SRL,20090617,1.82,1.83,1.71,1.81,2518414
SRR,20090617,0.25,0.275,0.235,0.24,1693951
SRV,20090617,2.83,2.84,2.82,2.82,63850
SRX,20090617,3.07,3.17,3.07,3.13,7472
SRZ,20090617,0.052,0.052,0.052,0.052,8000
SSM,20090617,0.45,0.455,0.435,0.445,385754
STB,20090617,0.098,0.098,0.088,0.09,351000
STG,20090617,0.044,0.044,0.044,0.044,11200
STI,20090617,0.022,0.023,0.021,0.023,4769092
STO,20090617,14.1,14.35,14.02,14.19,5285868
STS,20090617,0.82,0.825,0.81,0.825,62298
STU,20090617,0.74,0.74,0.68,0.68,50608
STW,20090617,37.5,37.53,36.89,37.35,345333
STX,20090617,0.19,0.19,0.18,0.185,1455781
SUL,20090617,3.84,3.84,3.78,3.78,41305
SUN,20090617,6.25,6.55,6.22,6.49,5117591
SUR,20090617,0.08,0.08,0.077,0.077,460750
SWG,20090617,0.004,0.004,0.004,0.004,112500
SWK,20090617,0.42,0.43,0.415,0.43,240064
SWN,20090617,0.355,0.36,0.35,0.36,148800
SWW,20090617,0.15,0.15,0.15,0.15,300
SXE,20090617,0.92,0.92,0.92,0.92,12625
SXM,20090617,0.11,0.115,0.105,0.105,317342
SYM,20090617,0.45,0.45,0.45,0.45,10500
SYR,20090617,0.04,0.04,0.04,0.04,58000
SYS,20090617,0.037,0.037,0.035,0.035,171000
TAH,20090617,6.98,6.99,6.86,6.86,1743362
TAL,20090617,2.69,2.74,2.65,2.69,493686
TAM,20090617,0.031,0.032,0.031,0.031,681150
TAN,20090617,0.28,0.29,0.275,0.29,24131
TAP,20090617,1.12,1.12,1.04,1.08,1064353
TAS,20090617,0.03,0.03,0.03,0.03,30000
TCL,20090617,4.07,4.11,4.02,4.02,1336871
TCM,20090617,0.17,0.18,0.165,0.18,21733
TCN,20090617,0.08,0.08,0.08,0.08,1000
TCQ,20090617,0.185,0.19,0.18,0.19,746800
TDO,20090617,0.12,0.12,0.12,0.12,35000
TDX,20090617,0.026,0.027,0.026,0.027,129540
TEL,20090617,2.03,2.07,2.03,2.04,2358421
TEN,20090617,1.2,1.205,1.14,1.2,528300
TEY,20090617,0.175,0.18,0.175,0.18,92551
TFC,20090617,1.22,1.25,1.15,1.15,251619
TGF,20090617,0.105,0.105,0.105,0.105,10000
TGG,20090617,0.72,0.74,0.72,0.72,45945
TGR,20090617,2.16,2.16,2.05,2.12,123255
TGS,20090617,0.11,0.11,0.11,0.11,525500
TGX,20090617,0.03,0.03,0.029,0.029,20000
THG,20090617,0.29,0.29,0.28,0.285,125454
THR,20090617,0.032,0.032,0.032,0.032,5000
THX,20090617,0.165,0.165,0.16,0.16,160994
TIS,20090617,0.17,0.17,0.16,0.16,225555
TJN,20090617,0.555,0.555,0.55,0.55,21200
TKL,20090617,0.11,0.13,0.11,0.125,323334
TLM,20090617,0.3,0.305,0.29,0.29,121000
TLS,20090617,3.41,3.46,3.36,3.36,61984419
TLZ,20090617,0.19,0.19,0.18,0.19,7925
TMX,20090617,0.059,0.059,0.052,0.052,146588
TNC,20090617,0.004,0.005,0.004,0.005,978750
TNE,20090617,0.84,0.84,0.84,0.84,1100
TNG,20090617,0.055,0.055,0.048,0.05,272455
TOE,20090617,0.235,0.235,0.215,0.225,3012352
TOL,20090617,6.62,6.67,6.45,6.48,3233967
TOX,20090617,1.81,1.825,1.79,1.81,130145
TPX,20090617,2.7,2.7,2.7,2.7,6860
TRF,20090617,0.18,0.18,0.18,0.18,1000
TRG,20090617,4.4,4.4,4.4,4.4,100
TRH,20090617,0.2,0.2,0.2,0.2,54097
TRM,20090617,0.06,0.06,0.06,0.06,15000
TRS,20090617,11.91,12.21,11.85,12.2,34660
TRY,20090617,1.35,1.39,1.345,1.37,91359
TSE,20090617,2.61,2.68,2.58,2.64,995035
TSF,20090617,0.013,0.013,0.013,0.013,50000
TSH,20090617,0.1,0.1,0.099,0.099,150000
TSI,20090617,0.98,1,0.97,1,103550
TSM,20090617,0.47,0.5,0.465,0.5,222677
TSO,20090617,0.295,0.3,0.285,0.295,1577267
TSV,20090617,0.03,0.032,0.029,0.032,7959223
TTI,20090617,0.031,0.032,0.031,0.032,118369
TTR,20090617,0.029,0.029,0.026,0.029,223000
TTS,20090617,2.56,2.57,2.51,2.52,6030420
TWD,20090617,2,2,1.88,1.88,4000
TXN,20090617,0.23,0.23,0.22,0.22,186000
TZN,20090617,0.75,0.75,0.7,0.71,804992
UBI,20090617,1.04,1.04,1.02,1.02,32390
UCL,20090617,0.006,0.006,0.005,0.005,1705910
UCW,20090617,0.21,0.22,0.21,0.22,20000
UEQ,20090617,0.12,0.12,0.115,0.115,144721
UGL,20090617,10.5,10.5,9.73,9.9,777325
UMC,20090617,0.905,0.905,0.87,0.88,818905
UNI,20090617,0.305,0.315,0.295,0.315,1056900
UNO,20090617,0.36,0.36,0.325,0.325,84049
UNX,20090617,0.425,0.425,0.38,0.4,211765
UOG,20090617,0.035,0.035,0.035,0.035,45000
UOS,20090617,0.18,0.18,0.17,0.17,105000
URA,20090617,0.045,0.045,0.042,0.042,82727
URL,20090617,0.019,0.019,0.017,0.017,2461236
URM,20090617,0.045,0.045,0.045,0.045,21720
USA,20090617,0.09,0.09,0.086,0.087,83333
UTO,20090617,0.12,0.12,0.12,0.12,100000
UXA,20090617,0.092,0.095,0.091,0.092,106020
UXC,20090617,0.53,0.54,0.515,0.53,264309
VAS,20090617,51.55,51.55,50.36,50.91,18520
VBA,20090617,0.32,0.345,0.32,0.345,8262819
VCN,20090617,0.11,0.11,0.11,0.11,43760
VEC,20090617,0.075,0.085,0.075,0.085,56000
VEU,20090617,45.2,45.2,45.17,45.18,1043
VGH,20090617,0.78,0.78,0.77,0.78,43426
VGP,20090617,0.013,0.013,0.013,0.013,33300
VHL,20090617,0.033,0.034,0.033,0.034,37000
VID,20090617,0.003,0.004,0.003,0.003,3863790
VIE,20090617,0.075,0.075,0.075,0.075,138124
VIR,20090617,0.23,0.23,0.21,0.215,135037
VLA,20090617,0.039,0.039,0.036,0.036,620250
VMG,20090617,0.205,0.21,0.2,0.205,1783185
VML,20090617,0.053,0.055,0.05,0.055,501155
VMS,20090617,0.205,0.21,0.2,0.2,350437
VMT,20090617,0.059,0.059,0.055,0.059,210000
VNS,20090617,0.2,0.2,0.2,0.2,15000
VPE,20090617,0.405,0.435,0.39,0.4,665750
VPG,20090617,0.082,0.083,0.078,0.083,25746452
VRL,20090617,1,1,0.95,0.95,9189
VTG,20090617,0.105,0.105,0.105,0.105,32000
VTP,20090617,0.77,0.78,0.77,0.78,43064
VWM,20090617,0.205,0.205,0.195,0.195,6666
VXR,20090617,0.039,0.04,0.038,0.04,350000
WAA,20090617,0.81,0.81,0.81,0.81,10000
WAB,20090617,0.06,0.06,0.06,0.06,400000
WAG,20090617,0.004,0.004,0.004,0.004,890000
WAM,20090617,1.07,1.07,1.025,1.025,59025
WAN,20090617,4.6,4.69,4.45,4.51,509484
WAS,20090617,0.014,0.014,0.014,0.014,130000
WBA,20090617,0.625,0.645,0.62,0.645,33181
WBB,20090617,7.42,7.5,7.41,7.5,4209
WBC,20090617,19.68,19.94,19.18,19.6,8999153
WCB,20090617,2,2,1.91,1.91,30832
WCL,20090617,0.53,0.53,0.49,0.505,326500
WCP,20090617,0.033,0.033,0.03,0.03,782000
WCU,20090617,0.33,0.33,0.31,0.315,185670
WDC,20090617,11.32,11.33,11,11.01,8718471
WDR,20090617,0.14,0.14,0.14,0.14,100000
WDS,20090617,1.47,1.495,1.36,1.36,75204
WEB,20090617,1.305,1.305,1.25,1.26,18400
WEC,20090617,1.66,1.72,1.65,1.69,193602
WES,20090617,22.06,22.37,21.47,21.47,2794334
WFL,20090617,0.65,0.65,0.65,0.65,50000
WFM,20090617,0.075,0.08,0.07,0.07,186896
WGP,20090617,0.031,0.032,0.031,0.031,295000
WGR,20090617,0.29,0.29,0.29,0.29,45025
WHC,20090617,3.05,3.1,3,3.07,221816
WHE,20090617,0.305,0.315,0.29,0.29,542207
WHF,20090617,2.52,2.58,2.52,2.58,10064
WHG,20090617,0.93,0.93,0.925,0.925,38541
WHN,20090617,0.026,0.031,0.026,0.031,1098884
WIG,20090617,1.15,1.16,1.15,1.16,19963
WIL,20090617,0.585,0.585,0.58,0.58,52933
WLF,20090617,0.5,0.5,0.5,0.5,3000
WME,20090617,0.24,0.26,0.235,0.25,1707380
WOR,20090617,23.41,23.49,22.25,22.95,1865833
WOW,20090617,26.16,26.25,25.5,25.5,3793537
WPL,20090617,40.72,41.24,40.5,40.91,2818577
WRK,20090617,0.215,0.235,0.215,0.23,1729869
WRL,20090617,0.07,0.07,0.06,0.06,725000
WRR,20090617,0.003,0.003,0.003,0.003,444160
WSA,20090617,5.53,5.66,5.37,5.63,765099
WTF,20090617,4.23,4.33,4.11,4.11,442014
WTG,20090617,0.08,0.08,0.08,0.08,6400
WTP,20090617,1.19,1.3,1.19,1.3,89452
WWA,20090617,2.15,2.16,2.15,2.16,29000
WWI,20090617,0.094,0.095,0.094,0.095,95562
WWM,20090617,0.08,0.08,0.08,0.08,90000
WYL,20090617,0.505,0.55,0.5,0.54,593584
XAF,20090617,3907.3,3907.3,3907.3,3907.3,0
XAO,20090617,3941.9,3957.9,3875.7,3904.2,0
XAT,20090617,390550,390550,390550,390550,0
XBW,20090617,398.51,398.51,398.51,398.51,0
XCD,20090617,0.03,0.03,0.03,0.03,20000
XDJ,20090617,1295,1295,1264.7,1268.4,0
XEJ,20090617,14421.9,14422.3,14201.6,14283,0
XEN,20090617,0.1,0.11,0.1,0.105,330000
XFJ,20090617,3682.2,3684.5,3589.6,3627.8,0
XFL,20090617,3959.2,3980.7,3889.6,3921,0
XGD,20090617,4967.8,4967.8,4967.8,4967.8,0
XHJ,20090617,7820.2,7882.4,7762.8,7827,0
XIJ,20090617,510.9,516.8,502.3,504.9,0
XJO,20090617,3962.6,3962.6,3874.8,3904.1,0
XKO,20090617,3957.7,3957.7,3869.7,3899.7,0
XMD,20090617,3559,3559,3494.3,3511.7,0
XMJ,20090617,10378.9,10564.7,10248,10404.6,0
XMM,20090617,3724.5,3724.5,3724.5,3724.5,0
XNJ,20090617,3032.3,3038.3,2963,2963,0
XPJ,20090617,760.4,760.4,736.1,737.2,0
XRF,20090617,0.1,0.1,0.1,0.1,0
XSJ,20090617,6576,6622.8,6444,6447.2,0
XSO,20090617,2108.3,2108.3,2061.4,2081,0
XST,20090617,0.04,0.04,0.04,0.04,0
XTJ,20090617,1170.8,1183.4,1155.9,1155.9,0
XTL,20090617,2382.1,2398.4,2343.5,2361.9,0
XTO,20090617,3245.1,3245.1,3172.7,3197.1,0
XUJ,20090617,4111.5,4125.7,4049.1,4049.1,0
XXJ,20090617,4221.9,4225.1,4119,4172.1,0
YRR,20090617,0.054,0.054,0.052,0.052,748318
YTC,20090617,0.2,0.2,0.2,0.2,39000
ZDX,20090617,0.083,0.083,0.083,0.083,220
ZGL,20090617,0.12,0.13,0.11,0.11,46400
ZGM,20090617,0.025,0.025,0.025,0.025,6500
ZIM,20090617,8.05,8.05,7.99,8,51178
ZMG,20090617,0.009,0.009,0.006,0.009,230000
ZNC,20090617,0.035,0.035,0.035,0.035,10000
ZYL,20090617,0.021,0.021,0.021,0.021,431766
