1AD,20170517,0.31,0.31,0.31,0.31,35774
1ST,20170517,0.045,0.045,0.045,0.045,11890
3DP,20170517,0.022,0.023,0.022,0.022,322952
3PL,20170517,1.01,1.025,1.01,1.025,45160
4CE,20170517,0.02,0.02,0.02,0.02,235000
4DS,20170517,0.029,0.029,0.028,0.028,2322187
4WD,20170517,0.41,0.41,0.4,0.4,227529
88E,20170517,0.047,0.047,0.045,0.047,10522811
8EC,20170517,0.88,0.9,0.88,0.9,22365
8IH,20170517,0.49,0.49,0.485,0.485,48940
9SP,20170517,0.14,0.145,0.14,0.145,213375
A2M,20170517,3.24,3.32,3.24,3.31,3205612
A3D,20170517,1.415,1.415,1.36,1.405,32979
AAA,20170517,50.13,50.13,50.12,50.13,146433
AAC,20170517,1.88,1.89,1.86,1.865,1616449
AAD,20170517,2.05,2.07,2.04,2.05,2874768
AAJ,20170517,0.01,0.01,0.009,0.01,3500000
AAR,20170517,0.036,0.038,0.036,0.036,163972
AAU,20170517,0.018,0.018,0.018,0.018,1500
AB1,20170517,0.029,0.029,0.029,0.029,50000
ABA,20170517,5.14,5.16,5.12,5.15,15398
ABC,20170517,5.73,5.78,5.69,5.69,1499531
ABP,20170517,3.36,3.38,3.325,3.33,921487
ABT,20170517,0.36,0.36,0.34,0.34,20000
ABU,20170517,0.09,0.09,0.088,0.088,93183
ABV,20170517,0.006,0.006,0.006,0.006,3900000
ABX,20170517,0.115,0.115,0.11,0.11,349869
ACB,20170517,0.054,0.056,0.054,0.056,310058
ACG,20170517,0.053,0.053,0.053,0.053,189500
ACK,20170517,0.7,0.7,0.7,0.7,700
ACL,20170517,0.01,0.01,0.01,0.01,717522
ACP,20170517,0.021,0.022,0.02,0.02,132300
ACQ,20170517,0.935,0.935,0.935,0.935,1000
ACR,20170517,0.26,0.265,0.255,0.26,419853
ACW,20170517,0.075,0.079,0.075,0.079,707628
ACX,20170517,4.67,4.73,4.57,4.58,821584
AD1,20170517,0.17,0.17,0.17,0.17,250
ADA,20170517,2.37,2.42,2.3,2.35,107479
ADH,20170517,0.775,0.81,0.76,0.765,172819
ADJ,20170517,0.057,0.057,0.055,0.057,569686
ADO,20170517,0.03,0.03,0.03,0.03,142614
ADR,20170517,0.165,0.165,0.165,0.165,36790
ADV,20170517,0.016,0.017,0.015,0.015,5504245
ADX,20170517,0.013,0.013,0.013,0.013,174215
ADY,20170517,0.008,0.008,0.008,0.008,100000
AEB,20170517,0.06,0.063,0.06,0.063,310000
AEE,20170517,0.023,0.024,0.023,0.023,136650
AEF,20170517,83,83,80.75,80.75,248
AEG,20170517,1.04,1.06,1.04,1.06,90050
AFA,20170517,0.19,0.19,0.19,0.19,13543
AFG,20170517,1.385,1.405,1.37,1.4,392345
AFI,20170517,5.91,5.91,5.86,5.86,481044
AFR,20170517,0.06,0.06,0.06,0.06,268000
AFY,20170517,2.51,2.53,2.49,2.49,392512
AGE,20170517,0.011,0.011,0.011,0.011,49900
AGG,20170517,3.04,3.05,3.04,3.05,2160
AGI,20170517,1.845,1.92,1.845,1.92,1057764
AGL,20170517,26.72,27.03,26.72,26.8,1385142
AGO,20170517,0.014,0.015,0.013,0.015,97369080
AGR,20170517,0.43,0.43,0.42,0.42,38076
AGY,20170517,0.099,0.105,0.09,0.091,8837142
AHF,20170517,0.12,0.12,0.12,0.12,10000
AHG,20170517,3.7,3.705,3.65,3.65,932307
AHK,20170517,0.135,0.155,0.135,0.155,90699
AHX,20170517,1.2,1.2,1.2,1.2,7500
AHY,20170517,1.575,1.62,1.515,1.53,5136477
AHZ,20170517,0.295,0.3,0.285,0.285,211823
AIA,20170517,6.32,6.38,6.28,6.35,26459
AIS,20170517,0.049,0.049,0.049,0.049,24459
AIZ,20170517,2.59,2.62,2.58,2.62,143492
AJA,20170517,6.68,6.68,6.6,6.62,57283
AJC,20170517,0.006,0.006,0.005,0.005,6313736
AJD,20170517,1.625,1.65,1.615,1.625,39364
AJL,20170517,0.315,0.315,0.315,0.315,65
AJM,20170517,0.14,0.145,0.14,0.14,806129
AJQ,20170517,0.076,0.078,0.076,0.077,37314
AJX,20170517,0.495,0.5,0.485,0.485,242706
AKK,20170517,0.003,0.003,0.003,0.003,859174
AKM,20170517,0.021,0.021,0.019,0.019,350913
AKP,20170517,15.63,16,15.55,16,4421
ALC,20170517,0.066,0.067,0.063,0.063,466510
ALF,20170517,1.25,1.25,1.225,1.225,417573
ALI,20170517,1.83,1.84,1.825,1.825,35480
ALK,20170517,0.28,0.28,0.26,0.27,588377
ALL,20170517,20.18,20.3,19.92,19.95,1579932
ALQ,20170517,6.3,6.31,6.22,6.23,1799490
ALR,20170517,1.16,1.16,1.16,1.16,25000
ALT,20170517,0.005,0.005,0.005,0.005,1000000
ALU,20170517,8.55,8.69,8.46,8.48,269812
AMA,20170517,1.075,1.08,1.065,1.07,423071
AMC,20170517,15.37,15.39,15.24,15.25,3813061
AME,20170517,0.08,0.08,0.08,0.08,123845
AMH,20170517,0.92,0.925,0.905,0.905,251664
AMI,20170517,0.205,0.205,0.2,0.205,17035
AML,20170517,0.15,0.15,0.14,0.15,301801
AMN,20170517,0.47,0.47,0.47,0.47,14114
AMP,20170517,5.19,5.24,5.15,5.17,8941340
AMT,20170517,0.175,0.18,0.175,0.18,45000
ANG,20170517,0.16,0.165,0.155,0.165,1222092
ANL,20170517,0.036,0.04,0.036,0.039,638326
ANN,20170517,24.21,24.41,23.87,23.93,349071
ANO,20170517,0.026,0.026,0.026,0.026,798544
ANP,20170517,0.032,0.032,0.032,0.032,50000
ANQ,20170517,0.003,0.003,0.003,0.003,400000
ANR,20170517,0.98,0.98,0.95,0.95,5314
ANW,20170517,0.008,0.008,0.008,0.008,267000
ANZ,20170517,29.44,29.47,28.98,29.16,5865425
AOA,20170517,0.004,0.004,0.004,0.004,55666
AOF,20170517,2.1,2.11,2.1,2.1,4980
AOG,20170517,3.33,3.35,3.31,3.32,1086467
AOH,20170517,0.14,0.145,0.14,0.145,83700
AON,20170517,0.2,0.2,0.2,0.2,50000
AOU,20170517,0.18,0.2,0.18,0.2,15148
AOW,20170517,0.027,0.03,0.027,0.027,196504
APA,20170517,9.42,9.51,9.355,9.37,1643745
APC,20170517,0.11,0.11,0.11,0.11,10000
APD,20170517,0.37,0.385,0.37,0.385,173363
APE,20170517,7.98,8.04,7.77,7.84,480127
APG,20170517,0.006,0.006,0.006,0.006,1959587
API,20170517,2.13,2.145,2.09,2.11,2064855
APL,20170517,1.225,1.225,1.215,1.225,476480
APO,20170517,5.2,5.22,5.01,5.04,1857989
APW,20170517,1.5,1.51,1.5,1.51,9990
APX,20170517,2.62,2.62,2.57,2.58,84169
APY,20170517,0.01,0.01,0.01,0.01,3978900
APZ,20170517,1.09,1.11,1.07,1.08,135072
AQC,20170517,0.01,0.01,0.009,0.009,11871351
AQD,20170517,0.012,0.012,0.012,0.012,1016793
AQG,20170517,2.17,2.18,2.12,2.16,16469
AQI,20170517,0.19,0.19,0.185,0.185,69511
AQQ,20170517,0.024,0.024,0.024,0.024,19950
AQS,20170517,0.055,0.055,0.055,0.055,26000
AQX,20170517,0.045,0.046,0.043,0.046,510577
AQZ,20170517,0.825,0.87,0.825,0.86,67109
ARA,20170517,0.75,0.75,0.745,0.745,120000
ARB,20170517,16.56,16.69,16.445,16.46,384699
ARC,20170517,0.5,0.5,0.5,0.5,60000
ARD,20170517,0.028,0.03,0.027,0.03,898698
ARE,20170517,0.01,0.01,0.009,0.009,1338333
ARF,20170517,2.14,2.16,2.12,2.16,265629
ARG,20170517,7.67,7.69,7.65,7.66,158127
ARL,20170517,0.62,0.62,0.55,0.565,400750
ARM,20170517,0.045,0.045,0.045,0.045,4200
ARS,20170517,0.045,0.046,0.045,0.046,225000
ARU,20170517,0.054,0.055,0.052,0.053,800911
ARV,20170517,0.076,0.076,0.072,0.072,48000
ASB,20170517,1.865,1.865,1.815,1.845,132018
ASG,20170517,2.15,2.2,2.15,2.15,458496
ASL,20170517,1.305,1.305,1.285,1.295,125133
ASN,20170517,0.029,0.029,0.029,0.029,50000
AST,20170517,1.745,1.75,1.73,1.73,8751745
ASW,20170517,0.84,0.84,0.84,0.84,5327
ASX,20170517,52.42,52.59,51.68,51.78,300199
ATC,20170517,0.13,0.13,0.125,0.125,409707
ATL,20170517,1.34,1.35,1.33,1.35,112671
ATS,20170517,0.24,0.24,0.235,0.235,85022
ATU,20170517,0.25,0.25,0.25,0.25,23150
AU1,20170517,0.025,0.025,0.025,0.025,866500
AUB,20170517,13.17,13.17,12.64,12.9,23202
AUC,20170517,0.025,0.025,0.024,0.024,763857
AUF,20170517,1.4,1.4,1.4,1.4,9375
AUI,20170517,8.24,8.31,8.24,8.31,23987
AUR,20170517,0.07,0.07,0.068,0.07,533116
AUST,20170517,15.76,15.76,15.76,15.76,1130
AUZ,20170517,0.013,0.013,0.012,0.012,2222369
AVB,20170517,0.099,0.105,0.099,0.1,541832
AVG,20170517,0.47,0.47,0.46,0.46,43410
AVH,20170517,0.084,0.085,0.084,0.085,110276
AVI,20170517,0.014,0.014,0.013,0.013,763444
AVJ,20170517,0.61,0.62,0.605,0.605,511590
AVL,20170517,0.017,0.017,0.016,0.016,4839808
AVN,20170517,2.55,2.55,2.47,2.49,108723
AVQ,20170517,0.13,0.13,0.125,0.125,8364
AWC,20170517,1.845,1.872,1.832,1.845,5148708
AWE,20170517,0.48,0.485,0.46,0.465,3175041
AWN,20170517,0.52,0.53,0.52,0.53,22650
AWV,20170517,0.12,0.12,0.12,0.12,244699
AXE,20170517,0.054,0.055,0.054,0.055,139408
AXL,20170517,1.42,1.42,1.42,1.42,5000
AXP,20170517,0.845,0.845,0.837,0.845,37568
AYF,20170517,6.07,6.07,6.07,6.07,1244
AYH,20170517,1.4,1.4,1.4,1.4,75
AYR,20170517,0.005,0.005,0.005,0.005,166176
AYS,20170517,1.82,1.827,1.77,1.795,868045
AZJ,20170517,5.48,5.51,5.41,5.44,5708624
AZM,20170517,0.026,0.027,0.026,0.027,181229
AZS,20170517,0.012,0.013,0.012,0.013,1150000
AZV,20170517,0.088,0.09,0.088,0.09,190870
AZY,20170517,0.019,0.019,0.018,0.018,206525
BAF,20170517,1.16,1.16,1.155,1.16,85772
BAL,20170517,5.61,5.65,5.34,5.36,1056546
BAP,20170517,5.18,5.3,5.16,5.26,2838012
BAR,20170517,0.049,0.05,0.049,0.05,181050
BAS,20170517,0.002,0.002,0.002,0.002,250000
BAT,20170517,0.073,0.073,0.07,0.07,722729
BBG,20170517,1.04,1.05,1.03,1.035,38620
BBL,20170517,0.495,0.495,0.495,0.495,4101
BBN,20170517,1.94,1.94,1.83,1.85,147449
BBOZ,20170517,17.05,17.41,17.05,17.38,104677
BBUS,20170517,7.31,7.34,7.31,7.33,64300
BBX,20170517,0.084,0.084,0.084,0.084,100000
BCI,20170517,0.145,0.145,0.14,0.14,681680
BCK,20170517,0.027,0.027,0.027,0.027,10
BCL,20170517,0.45,0.45,0.42,0.425,45028
BCN,20170517,0.023,0.024,0.022,0.022,2479306
BCT,20170517,0.033,0.033,0.033,0.033,40000
BD1,20170517,0.014,0.014,0.012,0.012,8446931
BDA,20170517,0.24,0.25,0.195,0.205,926023
BDR,20170517,0.24,0.245,0.23,0.24,6067601
BEAR,20170517,14.8,14.86,14.79,14.86,25452
BEE,20170517,0.275,0.275,0.275,0.275,18087
BEL,20170517,0.135,0.135,0.135,0.135,33577
BEN,20170517,12.28,12.3,12.12,12.14,1262222
BFC,20170517,0.235,0.235,0.225,0.225,417237
BFG,20170517,0.675,0.685,0.675,0.68,74848
BGA,20170517,6.25,6.41,6.19,6.2,230982
BHD,20170517,1.08,1.08,1.05,1.05,62617
BHL,20170517,0.155,0.185,0.15,0.18,180000
BHP,20170517,24.19,24.23,24.04,24.07,5982658
BID,20170517,0.03,0.03,0.03,0.03,233333
BIG,20170517,0.74,0.79,0.715,0.75,1058860
BIN,20170517,1.795,1.795,1.71,1.72,540942
BIQ,20170517,0.051,0.051,0.051,0.051,98569
BKI,20170517,1.62,1.63,1.62,1.625,222860
BKL,20170517,105.41,107.22,105.41,105.54,20204
BKP,20170517,0.001,0.001,0.001,0.001,2091
BKT,20170517,0.073,0.075,0.071,0.072,2672696
BKW,20170517,15.34,15.4,15.01,15.01,219097
BKY,20170517,0.835,0.865,0.835,0.84,212128
BLA,20170517,8.08,8.08,7.75,7.78,135592
BLD,20170517,6.71,6.77,6.64,6.66,4311208
BLG,20170517,0.23,0.23,0.23,0.23,141422
BLK,20170517,0.33,0.335,0.315,0.32,1037666
BLT,20170517,0.155,0.17,0.155,0.16,151328
BLX,20170517,1.615,1.62,1.55,1.62,2177314
BLY,20170517,0.042,0.042,0.041,0.041,403127
BLZ,20170517,0.027,0.027,0.027,0.027,284387
BML,20170517,0.001,0.001,0.001,0.001,176000
BMN,20170517,0.04,0.04,0.038,0.038,775666
BMP,20170517,0.215,0.215,0.185,0.19,89583
BMT,20170517,0.21,0.21,0.205,0.205,276000
BNO,20170517,0.375,0.375,0.365,0.365,161030
BOC,20170517,0.38,0.38,0.31,0.32,34944
BOE,20170517,0.059,0.059,0.056,0.056,158556
BOL,20170517,0.115,0.115,0.11,0.11,166343
BOND,20170517,25.86,25.86,25.86,25.86,75
BOQ,20170517,11.88,11.95,11.71,11.74,1636033
BOT,20170517,0.054,0.054,0.05,0.05,1920880
BPF,20170517,0.091,0.091,0.09,0.09,67897
BPL,20170517,0.038,0.038,0.038,0.038,12500
BPS,20170517,0.88,0.9,0.88,0.88,36697
BPT,20170517,0.675,0.68,0.655,0.66,6269557
BRB,20170517,0.63,0.635,0.605,0.63,147735
BRC,20170517,0.065,0.065,0.065,0.065,17154
BRG,20170517,10.7,10.83,10.61,10.66,275026
BRI,20170517,1.68,1.68,1.68,1.68,80000
BRK,20170517,0.01,0.01,0.01,0.01,947843
BRL,20170517,0.079,0.08,0.079,0.08,363677
BRN,20170517,0.2,0.202,0.2,0.2,953608
BRU,20170517,0.17,0.17,0.165,0.165,420131
BSA,20170517,0.335,0.335,0.3,0.32,959951
BSE,20170517,0.3,0.305,0.295,0.3,183548
BSL,20170517,11.22,11.5,11.19,11.47,3556977
BSM,20170517,0.01,0.01,0.01,0.01,774230
BSR,20170517,0.017,0.017,0.017,0.017,572739
BTC,20170517,0.13,0.13,0.13,0.13,123015
BTH,20170517,0.217,0.22,0.21,0.22,91000
BTI,20170517,0.905,0.915,0.905,0.915,42012
BTT,20170517,12.57,12.6,12.11,12.13,1385055
BUB,20170517,0.14,0.145,0.14,0.145,275700
BUD,20170517,0.055,0.06,0.054,0.058,1055448
BUL,20170517,0.059,0.06,0.058,0.06,1054131
BUX,20170517,0.245,0.27,0.245,0.265,316481
BUY,20170517,0.007,0.007,0.007,0.007,500000
BVS,20170517,1.36,1.385,1.36,1.385,37023
BWP,20170517,2.94,2.95,2.9,2.92,1681783
BWX,20170517,5.16,5.16,5.06,5.09,150495
BXB,20170517,10.5,10.515,10.42,10.45,2425616
BYE,20170517,0.1,0.105,0.1,0.1,233314
CA8,20170517,0.13,0.13,0.13,0.13,50
CAA,20170517,0.13,0.13,0.13,0.13,366769
CAB,20170517,2.55,2.6,2.53,2.59,239872
CAD,20170517,0.004,0.004,0.003,0.004,25578241
CAE,20170517,0.022,0.022,0.022,0.022,51175
CAF,20170517,0.68,0.68,0.67,0.67,97500
CAJ,20170517,0.185,0.185,0.175,0.175,1215834
CAM,20170517,0.87,0.87,0.865,0.865,47792
CAN,20170517,0.58,0.595,0.57,0.57,221783
CAP,20170517,0.058,0.058,0.057,0.057,50000
CAR,20170517,11.61,11.74,11.61,11.64,325988
CAS,20170517,0.115,0.115,0.11,0.11,330654
CAT,20170517,1.98,1.995,1.96,1.97,298823
CAV,20170517,0.013,0.013,0.011,0.011,1843230
CAY,20170517,0.086,0.086,0.086,0.086,18435
CAZ,20170517,0.056,0.056,0.053,0.053,88023
CBA,20170517,82.22,82.29,80.85,80.97,2517183
CBC,20170517,0.87,0.875,0.87,0.875,11855
CBL,20170517,3.15,3.15,3.12,3.12,10161
CCE,20170517,0.058,0.059,0.057,0.057,735002
CCL,20170517,9.42,9.67,9.4,9.63,2731043
CCP,20170517,18.75,19.07,18.51,18.64,148757
CCV,20170517,0.28,0.28,0.277,0.28,71050
CCZ,20170517,0.013,0.014,0.013,0.013,1000000
CDA,20170517,2.3,2.49,2.3,2.35,1040188
CDC,20170517,0.12,0.12,0.12,0.12,126762
CDD,20170517,1.37,1.37,1.345,1.36,142901
CDM,20170517,1.23,1.23,1.205,1.21,550234
CDP,20170517,8.01,8.06,8,8.06,11136
CDT,20170517,0.017,0.017,0.017,0.017,41823
CDU,20170517,0.255,0.26,0.25,0.255,267444
CDV,20170517,0.47,0.49,0.465,0.49,499772
CDY,20170517,0.027,0.027,0.027,0.027,445000
CETF,20170517,51.85,51.85,51.85,51.85,0
CFE,20170517,0.027,0.029,0.027,0.028,2600975
CFO,20170517,0.35,0.35,0.33,0.35,92498
CGA,20170517,1.27,1.27,1.27,1.27,770
CGC,20170517,4.51,4.54,4.48,4.48,618598
CGF,20170517,13,13.04,12.555,12.65,2809217
CGL,20170517,4.5,4.56,4.5,4.53,21752
CGN,20170517,0.027,0.03,0.027,0.03,530000
CGS,20170517,0.79,0.79,0.79,0.79,11000
CHC,20170517,5.82,5.85,5.715,5.72,1598529
CHK,20170517,0.016,0.017,0.015,0.015,3023088
CHN,20170517,0.16,0.165,0.16,0.16,785422
CHP,20170517,0.02,0.02,0.019,0.019,7344213
CIA,20170517,0.91,0.92,0.9,0.92,82582
CIE,20170517,0.97,0.97,0.965,0.965,122777
CIM,20170517,39.54,39.95,39.37,39.74,397160
CIN,20170517,32.24,32.98,32.22,32.98,5010
CIO,20170517,0.027,0.028,0.026,0.028,559083
CIP,20170517,2.47,2.48,2.45,2.45,169685
CIW,20170517,0.51,0.51,0.51,0.51,9000
CKA,20170517,0.029,0.029,0.027,0.028,671012
CKF,20170517,5.33,5.44,5.21,5.23,234758
CL1,20170517,3.05,3.1,3.04,3.09,95579
CL8,20170517,0.037,0.043,0.036,0.042,18246844
CLA,20170517,0.036,0.037,0.036,0.036,4026936
CLH,20170517,1.275,1.28,1.27,1.275,58610
CLL,20170517,0.025,0.025,0.023,0.023,597800
CLQ,20170517,0.665,0.675,0.65,0.665,852231
CLV,20170517,0.43,0.45,0.43,0.45,44969
CLW,20170517,4.04,4.05,4.03,4.04,351023
CLX,20170517,0.74,0.75,0.715,0.75,18395
CLZ,20170517,0.009,0.009,0.009,0.009,130000
CM8,20170517,0.135,0.14,0.135,0.14,30000
CMA,20170517,2.37,2.44,2.37,2.4,30932
CMI,20170517,1,1,1,1,42188
CMM,20170517,0.1,0.1,0.1,0.1,15300
CMP,20170517,0.385,0.43,0.385,0.397,974490
CMW,20170517,0.965,0.97,0.955,0.96,3185388
CMY,20170517,0.012,0.012,0.012,0.012,4938880
CNI,20170517,1.21,1.23,1.21,1.22,70418
CNJ,20170517,0.033,0.036,0.033,0.036,39884
CNQ,20170517,0.008,0.009,0.008,0.008,1028998
CNU,20170517,4.14,4.185,4.12,4.12,317736
CNW,20170517,0.018,0.018,0.017,0.017,95000
COB,20170517,0.21,0.21,0.2,0.2,178204
COE,20170517,0.36,0.36,0.35,0.355,2601398
COG,20170517,0.115,0.12,0.115,0.12,224394
COH,20170517,145.01,145.9,142.61,142.76,157644
COI,20170517,0.145,0.145,0.145,0.145,34500
COY,20170517,0.022,0.022,0.022,0.022,159314
CPH,20170517,0.5,0.5,0.47,0.47,333295
CPU,20170517,14.91,14.99,14.69,14.7,1989394
CQR,20170517,4.33,4.36,4.305,4.33,564544
CR8,20170517,0.039,0.039,0.035,0.038,2100678
CRL,20170517,0.055,0.062,0.055,0.061,1148000
CSE,20170517,0.2,0.2,0.2,0.2,86853
CSL,20170517,134.3,134.91,132.135,132.65,667531
CSR,20170517,4.37,4.39,4.25,4.28,6268996
CSS,20170517,0.04,0.041,0.04,0.041,606017
CSV,20170517,0.46,0.465,0.44,0.46,351045
CT1,20170517,0.017,0.017,0.017,0.017,272729
CTD,20170517,22,22.06,21.64,21.72,164536
CTL,20170517,0.012,0.016,0.012,0.015,15957784
CTM,20170517,0.008,0.008,0.008,0.008,974767
CTN,20170517,0.9,0.905,0.885,0.895,292936
CTO,20170517,0.01,0.01,0.009,0.009,270000
CTP,20170517,0.195,0.195,0.185,0.185,3026487
CTX,20170517,32.18,32.72,32.18,32.36,996907
CUA,20170517,2.32,2.32,2.31,2.31,6641
CUE,20170517,0.06,0.06,0.059,0.059,26491
CUL,20170517,0.002,0.002,0.002,0.002,3234
CUP,20170517,0.64,0.64,0.62,0.62,67967
CUV,20170517,7.15,7.23,7,7.04,23031
CV1,20170517,0.11,0.11,0.11,0.11,334783
CVC,20170517,1.95,1.95,1.95,1.95,2
CVN,20170517,0.085,0.086,0.083,0.085,1431901
CVT,20170517,0.03,0.03,0.028,0.028,1164376
CWN,20170517,12.74,12.88,12.71,12.75,928062
CWP,20170517,5.3,5.31,5.26,5.3,233962
CWY,20170517,1.26,1.28,1.25,1.275,2797781
CXM,20170517,0.061,0.061,0.061,0.061,11000
CXO,20170517,0.075,0.077,0.075,0.077,344500
CYA,20170517,0.94,0.945,0.94,0.94,119438
CYB,20170517,4.84,4.87,4.74,4.87,6446166
CYL,20170517,0.47,0.47,0.45,0.45,7817
CYP,20170517,0.565,0.565,0.5,0.54,690631
CYQ,20170517,0.028,0.028,0.025,0.025,610700
CZI,20170517,0.072,0.072,0.065,0.065,352484
CZN,20170517,0.022,0.022,0.02,0.02,3215054
CZR,20170517,0.014,0.014,0.014,0.014,19334
CZZ,20170517,14.11,14.3,14.11,14.27,3495
D13,20170517,0.14,0.14,0.14,0.14,325128
D2O,20170517,1.03,1.03,1.03,1.03,30252
DAU,20170517,0.034,0.034,0.034,0.034,37960
DAV,20170517,0.1,0.105,0.1,0.1,565000
DCC,20170517,0.031,0.031,0.03,0.03,80764
DCG,20170517,0.875,0.9,0.845,0.9,316391
DCL,20170517,0.11,0.11,0.11,0.11,55335
DCN,20170517,1.75,1.8,1.732,1.765,854091
DDD,20170517,0.004,0.005,0.004,0.005,490555
DDR,20170517,2.44,2.44,2.37,2.37,79675
DDT,20170517,0.006,0.006,0.006,0.006,578500
DEG,20170517,0.053,0.053,0.052,0.053,708298
DFM,20170517,0.9,0.915,0.9,0.91,142693
DGO,20170517,0.34,0.34,0.34,0.34,120
DGR,20170517,0.13,0.135,0.13,0.135,104795
DJRE,20170517,20.98,21.04,20.97,20.98,23939
DJW,20170517,3.57,3.64,3.53,3.61,280535
DKM,20170517,0.19,0.19,0.19,0.19,220000
DKO,20170517,0.058,0.06,0.058,0.059,85859
DLX,20170517,7.05,7.1,6.78,6.78,3491061
DM1,20170517,0.049,0.049,0.048,0.048,20000
DMP,20170517,61,61.52,60.65,60.73,194508
DN8,20170517,0.19,0.19,0.19,0.19,99999
DNA,20170517,0.525,0.53,0.525,0.53,178897
DNK,20170517,0.68,0.69,0.63,0.685,327059
DOW,20170517,6.45,6.5,6.37,6.44,2110707
DRG,20170517,0.043,0.043,0.04,0.04,451532
DRM,20170517,0.32,0.33,0.315,0.32,453768
DRO,20170517,0.345,0.345,0.345,0.345,29034
DRX,20170517,0.008,0.009,0.008,0.009,559004
DSX,20170517,0.046,0.046,0.045,0.045,353339
DTI,20170517,0.2,0.2,0.2,0.2,3787
DTL,20170517,1.66,1.66,1.63,1.63,71705
DTM,20170517,0.006,0.006,0.006,0.006,442363
DTS,20170517,0.22,0.23,0.205,0.205,50646
DTZ,20170517,0.185,0.185,0.175,0.18,23968
DUB,20170517,0.205,0.23,0.2,0.205,132046
DUI,20170517,3.76,3.77,3.76,3.77,22475
DVL,20170517,0.33,0.33,0.31,0.33,93915
DVN,20170517,0.4,0.4,0.4,0.4,75150
DW8,20170517,0.015,0.015,0.015,0.015,150000
DWS,20170517,1.64,1.665,1.64,1.65,122702
DXB,20170517,0.007,0.007,0.007,0.007,6981814
DXF,20170517,0.105,0.105,0.105,0.105,69428
DXS,20170517,10.17,10.265,10.065,10.13,2613955
DYE,20170517,0.225,0.23,0.215,0.22,121519
DYL,20170517,0.245,0.25,0.235,0.24,174519
E2M,20170517,0.15,0.15,0.15,0.15,6200
EAI,20170517,0.915,0.92,0.915,0.92,85620
EAR,20170517,0.15,0.15,0.14,0.14,74340
ECG,20170517,0.08,0.08,0.076,0.076,125000
ECX,20170517,3.85,3.88,3.73,3.76,864964
EDC,20170517,1.05,1.05,1.05,1.05,11219
EDE,20170517,0.22,0.22,0.205,0.205,1004540
EEG,20170517,0.008,0.008,0.008,0.008,4758131
EEU,20170517,14.55,14.6,14.55,14.58,4947
EGA,20170517,0.22,0.25,0.22,0.25,35838
EGG,20170517,1.07,1.07,1.07,1.07,100914
EGH,20170517,0.39,0.39,0.34,0.37,313403
EGI,20170517,0.98,0.98,0.965,0.965,349414
EGN,20170517,0.195,0.195,0.195,0.195,135000
EGO,20170517,0.16,0.175,0.155,0.155,27500
EGS,20170517,0.345,0.35,0.34,0.34,481913
EHE,20170517,3.1,3.11,3.04,3.04,1119676
EHL,20170517,0.076,0.076,0.075,0.075,74000
ELD,20170517,4.53,4.68,4.52,4.67,1163027
ELK,20170517,0.062,0.062,0.062,0.062,167000
ELX,20170517,1.092,1.1,1.085,1.09,91924
EMB,20170517,12,12,12,12,750
EMC,20170517,0.88,0.88,0.815,0.86,701812
EMF,20170517,1.96,1.96,1.96,1.96,41133
EMH,20170517,0.78,0.78,0.67,0.76,383786
EML,20170517,1.62,1.7,1.62,1.645,527604
EMR,20170517,0.043,0.044,0.043,0.043,378125
EMU,20170517,0.095,0.095,0.095,0.095,54031
ENB,20170517,0.009,0.009,0.009,0.009,3599779
ENN,20170517,2.16,2.18,2.16,2.18,17426
ENR,20170517,0.11,0.11,0.1,0.1,110786
ENT,20170517,0.034,0.04,0.032,0.04,529803
ENX,20170517,0.015,0.015,0.015,0.015,136000
ENZ,20170517,0.076,0.076,0.075,0.075,121400
EOS,20170517,3.1,3.11,3.03,3.04,37462
EPD,20170517,0.44,0.45,0.44,0.44,483831
EPM,20170517,0.006,0.006,0.006,0.006,200000
EPT,20170517,0.028,0.028,0.027,0.028,544415
EPW,20170517,1.195,1.195,1.17,1.185,83211
EQE,20170517,0.017,0.017,0.016,0.016,1944120
EQT,20170517,17.4,17.7,17.39,17.7,21711
EQU,20170517,0.105,0.105,0.105,0.105,644000
EQX,20170517,0.495,0.495,0.47,0.47,211837
ERA,20170517,0.545,0.545,0.52,0.54,82334
ERL,20170517,0.02,0.021,0.02,0.02,1073745
ERM,20170517,0.086,0.099,0.086,0.09,812859
ESE,20170517,0.35,0.355,0.34,0.34,140013
ESH,20170517,0.017,0.019,0.017,0.019,615213
ESI,20170517,0.015,0.015,0.014,0.014,4274037
ESR,20170517,0.024,0.025,0.022,0.025,759439
ESV,20170517,0.081,0.086,0.08,0.081,345966
ETE,20170517,0.024,0.024,0.024,0.024,137500
ETPMAG,20170517,21.8,21.93,21.8,21.81,10214
ETPMPD,20170517,105,105,105,105,0
ETPMPM,20170517,121.95,121.95,121.95,121.95,0
ETPMPT,20170517,119.62,119.62,119.62,119.62,0
EUR,20170517,0.052,0.054,0.049,0.054,1128312
EVE,20170517,0.008,0.008,0.008,0.008,978500
EVN,20170517,2.33,2.38,2.31,2.36,12126750
EVS,20170517,0.068,0.075,0.068,0.075,453698
EVT,20170517,13.48,13.5,13,13.23,15419
EVZ,20170517,0.011,0.015,0.011,0.011,703720
EWC,20170517,0.415,0.415,0.405,0.41,166757
EXC,20170517,0.038,0.038,0.035,0.037,979000
EXG,20170517,0.042,0.042,0.041,0.041,193886
EXR,20170517,0.032,0.048,0.032,0.04,12172954
EXU,20170517,0.105,0.12,0.105,0.115,3182574
EYM,20170517,0.028,0.03,0.028,0.029,120000
EZL,20170517,1.11,1.12,1.11,1.12,7620
FAR,20170517,0.083,0.083,0.08,0.081,2011830
FBR,20170517,0.105,0.11,0.1,0.105,1538908
FBU,20170517,7.69,7.7,7.56,7.56,605296
FCT,20170517,0.375,0.38,0.365,0.365,50458
FDM,20170517,0.096,0.1,0.096,0.1,112613
FE8,20170517,0.12,0.12,0.12,0.12,10000
FEL,20170517,0.022,0.022,0.021,0.021,1180000
FET,20170517,2.78,2.83,2.76,2.82,78479
FFG,20170517,0.022,0.024,0.021,0.024,373549
FFT,20170517,0.1,0.1,0.1,0.1,298430
FGG,20170517,1.08,1.09,1.08,1.085,729204
FGR,20170517,0.105,0.105,0.1,0.1,836250
FGX,20170517,1.12,1.13,1.115,1.12,154772
FHS,20170517,0.1,0.1,0.1,0.1,100000
FID,20170517,4.26,4.26,4.26,4.26,965
FIG,20170517,0.74,0.78,0.74,0.77,157101
FLN,20170517,0.875,0.92,0.87,0.9,153183
FLT,20170517,36.87,36.9,36.31,36.66,334882
FMG,20170517,4.92,5.05,4.89,5.02,27022639
FML,20170517,0.4,0.41,0.4,0.41,7672
FMS,20170517,0.054,0.054,0.054,0.054,142453
FND,20170517,0.175,0.175,0.175,0.175,305000
FNP,20170517,4.53,4.64,4.46,4.54,107084
FOD,20170517,0.058,0.058,0.058,0.058,223361
FOR,20170517,2.03,2.04,2.03,2.04,15828
FPC,20170517,1.2,1.2,1.185,1.19,2126
FPH,20170517,9.65,9.73,9.35,9.53,786287
FRI,20170517,0.8,0.8,0.8,0.8,55000
FRM,20170517,1.28,1.3,1.27,1.27,33651
FSA,20170517,1.35,1.37,1.35,1.37,22522
FSF,20170517,5.52,5.63,5.51,5.63,26666
FSG,20170517,0.035,0.037,0.035,0.037,1574679
FTT,20170517,0.064,0.064,0.064,0.064,100000
FTZ,20170517,0.1,0.1,0.1,0.1,100000
FUN,20170517,0.005,0.005,0.005,0.005,20296
FWD,20170517,2.04,2.08,2.01,2.08,59828
FXJ,20170517,1.175,1.175,1.155,1.16,26452646
FXL,20170517,1.85,1.862,1.832,1.845,2532415
FZO,20170517,0.27,0.27,0.27,0.27,1860
GAP,20170517,0.4,0.4,0.4,0.4,115000
GBE,20170517,0.016,0.016,0.015,0.015,340769
GBG,20170517,0.018,0.019,0.018,0.019,108334
GBM,20170517,0.009,0.009,0.009,0.009,654437
GBP,20170517,0.025,0.025,0.025,0.025,110000
GBR,20170517,0.17,0.18,0.17,0.18,11205
GBT,20170517,2.88,2.89,2.86,2.89,41318
GBX,20170517,0.015,0.016,0.015,0.016,800000
GC1,20170517,0.93,0.93,0.93,0.93,7093
GCM,20170517,0.91,0.91,0.91,0.91,675
GCS,20170517,0.56,0.56,0.53,0.53,57593
GCY,20170517,0.49,0.49,0.47,0.475,280710
GDF,20170517,1.075,1.075,1.065,1.075,39505
GDI,20170517,1.045,1.045,1.035,1.04,643064
GDX,20170517,31.12,31.35,31.12,31.31,10539
GEAR,20170517,22.12,22.12,21.7,21.72,35556
GEG,20170517,1.395,1.405,1.39,1.405,575000
GES,20170517,0.029,0.029,0.029,0.029,100000
GFL,20170517,1.86,1.86,1.85,1.85,6862
GFY,20170517,0.57,0.585,0.57,0.585,34483
GGG,20170517,0.1,0.1,0.095,0.098,640241
GGL,20170517,0.019,0.019,0.019,0.019,29322
GGUS,20170517,12.54,12.54,12.52,12.52,14000
GGX,20170517,0.003,0.003,0.003,0.003,395000
GHC,20170517,2.3,2.31,2.3,2.31,1035098
GID,20170517,0.042,0.042,0.041,0.042,637858
GLF,20170517,0.01,0.01,0.01,0.01,190000
GLL,20170517,0.135,0.135,0.13,0.13,378000
GMA,20170517,3.04,3.04,2.95,2.96,1408053
GMG,20170517,8.38,8.41,8.27,8.31,5000170
GMN,20170517,0.09,0.09,0.09,0.09,17241
GMR,20170517,0.005,0.005,0.005,0.005,780000
GMV,20170517,0.17,0.19,0.17,0.19,1689516
GNC,20170517,9.95,10.34,9.91,10.17,1589488
GNE,20170517,2.13,2.14,2.11,2.14,28934
GNG,20170517,1.49,1.51,1.49,1.51,18496
GNX,20170517,0.21,0.22,0.21,0.215,139337
GOLD,20170517,159.08,159.5,158.94,158.96,4060
GOR,20170517,0.675,0.68,0.665,0.665,703516
GOVT,20170517,25.68,25.68,25.68,25.68,0
GOW,20170517,3.59,3.59,3.59,3.59,13900
GOZ,20170517,3.28,3.29,3.27,3.28,618518
GPP,20170517,0.025,0.028,0.025,0.027,7633150
GPR,20170517,0.042,0.043,0.04,0.042,1013392
GPT,20170517,5.26,5.29,5.135,5.15,4756426
GPX,20170517,0.335,0.335,0.3,0.3,171418
GRB,20170517,0.034,0.034,0.033,0.033,129674
GRR,20170517,0.15,0.155,0.145,0.155,1846470
GSC,20170517,0.175,0.18,0.175,0.18,1638735
GSS,20170517,0.43,0.43,0.43,0.43,23254
GSW,20170517,0.865,0.865,0.76,0.795,112561
GTG,20170517,0.01,0.01,0.01,0.01,293395
GTK,20170517,4.38,4.38,4.31,4.38,9394
GTN,20170517,2.28,2.4,2.27,2.4,8860
GTR,20170517,0.03,0.03,0.03,0.03,100000
GTY,20170517,2.19,2.21,2.18,2.19,459476
GUD,20170517,12.55,12.7,12.53,12.63,272852
GVF,20170517,1.1,1.105,1.1,1.105,220619
GWA,20170517,3.04,3.05,2.955,2.97,732649
GXL,20170517,6.37,6.39,6.23,6.24,595841
GXY,20170517,0.495,0.495,0.455,0.46,23184961
HAV,20170517,0.55,0.55,0.545,0.545,9829
HCH,20170517,0.031,0.033,0.031,0.033,107231
HCT,20170517,0.13,0.13,0.13,0.13,83600
HEG,20170517,0.064,0.064,0.059,0.059,467439
HFA,20170517,2.33,2.34,2.28,2.34,75591
HFR,20170517,1.02,1.02,0.995,1,122976
HGG,20170517,4.09,4.13,4.05,4.11,6673834
HGO,20170517,0.062,0.062,0.061,0.061,130000
HHL,20170517,3,3.13,3,3.07,67827
HHV,20170517,1.125,1.13,1.11,1.11,142473
HIG,20170517,0.063,0.063,0.061,0.061,232008
HIL,20170517,0.195,0.205,0.19,0.205,235833
HLX,20170517,0.046,0.046,0.045,0.045,751053
HML,20170517,2.08,2.1,2,2,50335
HMO,20170517,0.088,0.088,0.088,0.088,15000
HMX,20170517,0.047,0.048,0.047,0.048,50000
HNG,20170517,0.57,0.57,0.57,0.57,7000
HOM,20170517,0.42,0.42,0.415,0.415,10000
HPI,20170517,2.98,3,2.97,2.99,344950
HPR,20170517,0.05,0.052,0.05,0.052,121982
HRL,20170517,0.085,0.085,0.085,0.085,297532
HRR,20170517,0.086,0.086,0.085,0.085,256044
HSK,20170517,0.072,0.072,0.072,0.072,100627
HSN,20170517,3.5,3.52,3.47,3.51,424772
HSO,20170517,2.19,2.21,2.155,2.17,14643026
HT1,20170517,2.38,2.4,2.33,2.36,1540584
HTA,20170517,0.07,0.07,0.066,0.066,100596
HUB,20170517,5.09,5.15,5.05,5.14,8414
HUO,20170517,4.73,4.83,4.73,4.75,9021
HVN,20170517,3.88,3.92,3.8,3.85,5635544
HVST,20170517,19.89,19.89,19.69,19.69,91767
HXG,20170517,0.145,0.145,0.14,0.14,81925
HZN,20170517,0.056,0.056,0.055,0.055,20364
HZR,20170517,0.515,0.515,0.49,0.49,65910
IAA,20170517,75.52,75.52,74.81,74.95,6228
IAB,20170517,1.02,1.02,1.02,1.02,48
IAF,20170517,106.42,106.65,106.42,106.51,13429
IAG,20170517,6.31,6.33,6.25,6.27,4125009
IAM,20170517,0.044,0.048,0.044,0.047,7149291
IAU,20170517,1,1,1,1,1303
IBC,20170517,0.51,0.51,0.5,0.5,63076
IBG,20170517,0.07,0.071,0.07,0.071,23440
IBK,20170517,51.12,51.41,51.12,51.41,961
IBN,20170517,0.004,0.004,0.004,0.004,2269728
ICG,20170517,0.015,0.016,0.015,0.015,5455623
ICN,20170517,0.029,0.029,0.028,0.028,22655
ICQ,20170517,0.275,0.275,0.275,0.275,40000
ICS,20170517,1.39,1.39,1.39,1.39,6328
ICT,20170517,0.026,0.028,0.026,0.027,390000
IDA,20170517,0.115,0.115,0.115,0.115,100000
IDR,20170517,2.23,2.23,2.2,2.23,115389
IDT,20170517,0.14,0.14,0.135,0.135,85540
IDX,20170517,1.45,1.5,1.445,1.465,294823
IEL,20170517,4.57,4.58,4.45,4.5,1324473
IEM,20170517,56.27,56.27,55.57,55.73,11484
IEU,20170517,61,61.16,60.86,61.03,71684
IFL,20170517,9.06,9.19,9.03,9.07,1237750
IFM,20170517,0.72,0.745,0.72,0.72,192709
IFN,20170517,0.915,0.927,0.895,0.9,3544147
IGB,20170517,103.59,103.69,103.59,103.69,405
IGL,20170517,2.3,2.3,2.23,2.28,116146
IGO,20170517,3.13,3.2,3.13,3.19,2404258
IHCB,20170517,105.45,105.55,105.45,105.55,35877
IHD,20170517,14.27,14.27,14.1,14.1,8933
IHEB,20170517,107.7,107.7,107.7,107.7,0
IHHY,20170517,108.75,108.8,108.75,108.8,54
IHK,20170517,31.4,31.44,31.38,31.41,10431
IHOO,20170517,115.67,115.84,114.42,115.84,657
IHVV,20170517,307.81,307.97,306,306.28,1299
IIL,20170517,0.67,0.67,0.62,0.65,78779
IJH,20170517,231.9,231.9,230.34,230.34,1933
IJP,20170517,70.87,71.12,70.87,70.99,4838
IJR,20170517,92.3,93.07,92.01,92.08,2991
IKO,20170517,89.54,89.54,88.79,89.28,451
ILB,20170517,116.85,116.85,115.61,116.39,418
ILC,20170517,23.75,23.82,23.52,23.52,21460
ILU,20170517,8.33,8.52,8.28,8.32,2825359
IMA,20170517,0.097,0.1,0.097,0.1,526706
IMC,20170517,0.58,0.59,0.575,0.58,136895
IMD,20170517,0.64,0.64,0.6,0.635,356395
IMF,20170517,1.995,1.995,1.98,1.985,149943
IMU,20170517,0.015,0.015,0.014,0.014,34267
INA,20170517,2.73,2.74,2.69,2.7,673530
ING,20170517,3.17,3.18,3.14,3.18,353279
INK,20170517,0.092,0.093,0.088,0.093,124426
INM,20170517,46.62,46.87,46.6,46.69,35124
INV,20170517,0.295,0.295,0.295,0.295,700000
IOF,20170517,4.71,4.74,4.65,4.65,3730292
IOO,20170517,114.87,114.95,114.53,114.56,17431
IOT,20170517,0.019,0.019,0.018,0.019,1653589
IOZ,20170517,24.06,24.06,23.85,23.85,166461
IP1,20170517,0.155,0.155,0.135,0.135,311666
IPB,20170517,0.018,0.018,0.018,0.018,85000
IPD,20170517,0.56,0.565,0.535,0.54,982816
IPE,20170517,0.11,0.115,0.11,0.115,378500
IPH,20170517,4.8,4.84,4.69,4.8,493156
IPL,20170517,3.63,3.7,3.63,3.65,7938222
IRC,20170517,0.098,0.098,0.098,0.098,178000
IRD,20170517,0.265,0.265,0.265,0.265,3773
IRE,20170517,12.21,12.26,12.15,12.16,334619
IRI,20170517,3,3,2.9,2.93,150325
IRU,20170517,186,186,184.36,184.36,273
ISD,20170517,1.69,1.7,1.66,1.665,1082387
ISH,20170517,0.017,0.017,0.017,0.017,61560
ISO,20170517,4.33,4.6,4.3,4.3,35489
ISU,20170517,2.1,2.11,2.045,2.09,476470
ISX,20170517,0.145,0.145,0.145,0.145,108418
ITD,20170517,0.57,0.575,0.57,0.575,10850
ITL,20170517,5.4,5.4,5.4,5.4,450
ITW,20170517,47,47,46.21,46.5,1066
IVC,20170517,15.18,15.25,15.07,15.13,247999
IVE,20170517,88.54,88.91,88.46,88.76,4406
IVR,20170517,0.037,0.039,0.037,0.039,1525318
IVV,20170517,324.23,324.23,322.9,322.9,22307
IXI,20170517,138.72,138.88,138.72,138.8,449
IXJ,20170517,143.1,143.4,142.79,143,4428
IXP,20170517,80.17,80.37,80.17,80.37,956
IZZ,20170517,53.11,53.11,52.72,52.72,1711
JAL,20170517,0.105,0.105,0.105,0.105,5000
JBH,20170517,23.24,23.64,23.19,23.25,1975025
JCI,20170517,0.86,0.865,0.86,0.865,106500
JHC,20170517,2.1,2.14,2.07,2.11,837712
JHX,20170517,21.88,21.94,21.48,21.58,1137366
JIN,20170517,2.83,2.85,2.78,2.79,45395
JJF,20170517,0.18,0.18,0.18,0.18,16334
JKA,20170517,0.003,0.003,0.003,0.003,499000
JKL,20170517,0.21,0.21,0.21,0.21,365977
JYC,20170517,1.65,1.65,1.65,1.65,2290
K2F,20170517,0.099,0.099,0.099,0.099,105000
KAI,20170517,0.02,0.022,0.02,0.021,235455
KAM,20170517,0.3,0.3,0.28,0.29,110000
KAR,20170517,1.42,1.43,1.41,1.42,151266
KAS,20170517,0.02,0.02,0.02,0.02,2455
KAT,20170517,0.73,0.73,0.73,0.73,13157
KBU,20170517,0.009,0.009,0.009,0.009,853000
KCN,20170517,0.215,0.225,0.21,0.215,548688
KDR,20170517,0.44,0.445,0.41,0.415,1619994
KEY,20170517,0.009,0.009,0.008,0.008,280200
KFE,20170517,0.02,0.02,0.02,0.02,270049
KGD,20170517,0.03,0.032,0.03,0.032,801564
KGL,20170517,0.365,0.37,0.365,0.37,60876
KGN,20170517,1.565,1.59,1.55,1.59,27030
KII,20170517,2.47,2.47,2.47,2.47,36340
KIN,20170517,0.415,0.415,0.4,0.405,500005
KIS,20170517,0.045,0.047,0.045,0.047,96352
KLL,20170517,0.38,0.38,0.38,0.38,53941
KMD,20170517,1.83,1.83,1.78,1.78,159101
KME,20170517,0.33,0.33,0.33,0.33,4000
KNL,20170517,0.16,0.16,0.155,0.16,107413
KNM,20170517,0.015,0.015,0.015,0.015,364812
KNO,20170517,0.15,0.155,0.15,0.155,64000
KOR,20170517,0.018,0.018,0.018,0.018,463688
KOV,20170517,2.54,2.54,2.51,2.51,8000
KPO,20170517,0.061,0.061,0.06,0.06,500000
KPT,20170517,2.07,2.07,2.04,2.06,115515
KRL,20170517,0.036,0.036,0.036,0.036,412917
KSC,20170517,1.61,1.68,1.605,1.68,52250
KSL,20170517,0.835,0.84,0.78,0.81,251423
KSN,20170517,0.02,0.02,0.02,0.02,305600
KTE,20170517,0.013,0.013,0.013,0.013,600
KZR,20170517,0.13,0.135,0.13,0.135,44990
LAA,20170517,0.135,0.14,0.13,0.13,281828
LAU,20170517,0.37,0.37,0.37,0.37,112550
LBL,20170517,0.14,0.14,0.14,0.14,8679
LBT,20170517,0.315,0.315,0.31,0.31,81285
LCD,20170517,0.023,0.023,0.023,0.023,49296
LCK,20170517,0.14,0.14,0.14,0.14,64857
LCM,20170517,0.3,0.31,0.3,0.31,277271
LCT,20170517,0.125,0.125,0.12,0.12,356257
LEG,20170517,0.012,0.012,0.012,0.012,997439
LEP,20170517,4.83,4.83,4.78,4.82,29779
LER,20170517,0.1,0.1,0.097,0.1,130300
LEX,20170517,0.17,0.17,0.16,0.16,85000
LFR,20170517,0.04,0.04,0.04,0.04,25000
LGO,20170517,0.006,0.007,0.006,0.007,3440736
LHB,20170517,0.078,0.078,0.078,0.078,380
LHC,20170517,2.07,2.09,2.05,2.09,17125
LI3,20170517,0.12,0.13,0.12,0.13,70958
LIC,20170517,3.92,3.99,3.87,3.99,7177
LIN,20170517,0.015,0.016,0.015,0.016,659065
LIO,20170517,0.05,0.05,0.048,0.048,222377
LIT,20170517,0.1,0.11,0.1,0.1,1121854
LKE,20170517,0.052,0.054,0.052,0.054,406040
LKO,20170517,0.002,0.002,0.001,0.001,450000
LLC,20170517,16.81,16.82,16.48,16.53,996197
LMG,20170517,0.017,0.018,0.017,0.018,129000
LML,20170517,0.043,0.043,0.043,0.043,494541
LMW,20170517,0.63,0.63,0.605,0.605,29518
LNG,20170517,0.7,0.715,0.695,0.715,534143
LNK,20170517,8.08,8.09,7.96,7.99,2604598
LNU,20170517,0.043,0.046,0.043,0.046,27000
LOM,20170517,0.315,0.32,0.31,0.315,252561
LOV,20170517,4.05,4.12,3.8,3.99,117918
LPD,20170517,0.012,0.013,0.012,0.012,349807
LPE,20170517,0.023,0.024,0.023,0.024,1557255
LPI,20170517,0.3,0.3,0.29,0.29,351107
LRS,20170517,0.005,0.005,0.005,0.005,22367992
LSH,20170517,0.185,0.195,0.185,0.195,123087
LSR,20170517,0.01,0.011,0.01,0.011,1371825
LTR,20170517,0.012,0.013,0.012,0.013,1825727
LVH,20170517,0.48,0.5,0.45,0.45,389055
LVT,20170517,0.24,0.245,0.225,0.245,69523
LWP,20170517,0.001,0.001,0.001,0.001,1000000
LYC,20170517,0.081,0.082,0.08,0.082,4281606
MA1,20170517,0.81,0.81,0.79,0.79,43683
MAH,20170517,0.15,0.155,0.15,0.15,313448
MAI,20170517,0.49,0.5,0.46,0.46,139471
MAT,20170517,0.25,0.265,0.25,0.255,59459
MAU,20170517,0.095,0.095,0.095,0.095,20000
MAY,20170517,0.019,0.02,0.019,0.02,546000
MBE,20170517,0.049,0.049,0.048,0.048,970519
MCA,20170517,0.055,0.055,0.055,0.055,10000
MCE,20170517,0.53,0.54,0.525,0.535,258490
MCP,20170517,1.285,1.295,1.215,1.27,92439
MCR,20170517,0.17,0.17,0.167,0.17,91233
MCY,20170517,2.99,3.05,2.99,3.05,31820
MDC,20170517,0.8,0.8,0.76,0.77,70904
MDI,20170517,0.028,0.028,0.028,0.028,89000
MDL,20170517,0.57,0.59,0.535,0.535,121185
MDR,20170517,0.031,0.031,0.031,0.031,10560
MEA,20170517,0.59,0.6,0.59,0.6,137931
MEB,20170517,0.335,0.34,0.32,0.34,97000
MEC,20170517,1.09,1.13,1.09,1.13,7661
MED,20170517,0.013,0.013,0.013,0.013,147000
MEI,20170517,0.015,0.015,0.015,0.015,523815
MEL,20170517,0.041,0.041,0.041,0.041,60000
MEM,20170517,0.002,0.002,0.002,0.002,1150000
MEU,20170517,0.014,0.014,0.014,0.014,74500
MEY,20170517,0.125,0.125,0.125,0.125,2000
MEZ,20170517,2.65,2.65,2.6,2.6,303281
MFD,20170517,1.15,1.15,1.08,1.105,43938
MFF,20170517,1.96,1.965,1.95,1.95,531530
MFG,20170517,25.73,25.86,25.38,25.42,423953
MGC,20170517,0.98,0.98,0.95,0.975,373323
MGE,20170517,2.93,2.94,2.92,2.92,503647
MGL,20170517,0.038,0.038,0.037,0.037,99025
MGP,20170517,0.28,0.28,0.28,0.28,9993
MGR,20170517,2.32,2.32,2.25,2.27,18120287
MGT,20170517,0.042,0.042,0.04,0.04,234896
MGU,20170517,0.055,0.055,0.054,0.054,433000
MGV,20170517,0.081,0.082,0.077,0.077,862591
MGX,20170517,0.3,0.302,0.295,0.3,3353864
MGZ,20170517,0.03,0.03,0.03,0.03,60000
MHC,20170517,0.028,0.028,0.028,0.028,88000
MHG,20170517,2.82,2.83,2.82,2.83,13234
MHI,20170517,0.19,0.19,0.19,0.19,100000
MHJ,20170517,1.095,1.12,1.09,1.12,180034
MIL,20170517,1.7,1.7,1.7,1.7,1764
MIN,20170517,9.6,10.12,9.49,10.07,1215586
MIR,20170517,2.55,2.63,2.55,2.61,68719
MJP,20170517,0.091,0.091,0.09,0.091,117666
MLA,20170517,0.051,0.051,0.051,0.051,19364
MLB,20170517,2.59,2.59,2.47,2.55,58318
MLD,20170517,1.67,1.695,1.64,1.675,162710
MLM,20170517,0.059,0.059,0.056,0.056,953379
MLS,20170517,0.005,0.005,0.004,0.004,2577433
MLT,20170517,4.53,4.53,4.48,4.48,157784
MLX,20170517,0.68,0.705,0.675,0.69,5765383
MMI,20170517,0.135,0.135,0.13,0.13,142823
MMJ,20170517,0.36,0.37,0.34,0.36,2994742
MML,20170517,0.35,0.35,0.33,0.335,1125531
MMS,20170517,14.1,14.42,13.96,14.25,507126
MNB,20170517,0.007,0.007,0.007,0.007,426291
MNC,20170517,0.056,0.056,0.056,0.056,4874
MND,20170517,12.66,12.81,12.55,12.64,120960
MNE,20170517,0.02,0.02,0.02,0.02,175048
MNF,20170517,4.38,4.4,4.37,4.37,38505
MNM,20170517,0.008,0.008,0.007,0.007,1164132
MNS,20170517,0.56,0.59,0.555,0.58,833935
MNY,20170517,1.495,1.497,1.47,1.47,180955
MOAT,20170517,51.34,51.34,51.06,51.06,5457
MOB,20170517,0.175,0.175,0.175,0.175,116054
MOC,20170517,2.3,2.31,2.14,2.15,461242
MOD,20170517,0.061,0.061,0.056,0.059,1706570
MOE,20170517,3.1,3.1,3.07,3.1,17168
MOX,20170517,0.01,0.01,0.01,0.01,1188507
MOY,20170517,0.2,0.2,0.195,0.2,894146
MP1,20170517,2.06,2.08,1.97,1.98,55748
MPL,20170517,2.88,2.88,2.81,2.81,17308499
MPO,20170517,0.145,0.145,0.145,0.145,16000
MPW,20170517,0.22,0.23,0.22,0.23,50000
MPX,20170517,0.28,0.28,0.28,0.28,2000
MQA,20170517,5.64,5.69,5.57,5.57,1578577
MQG,20170517,89.64,89.8,88.46,88.8,1374085
MQR,20170517,0.205,0.205,0.195,0.2,72674
MRD,20170517,0.015,0.016,0.015,0.015,8676583
MRG,20170517,0.65,0.65,0.62,0.63,136485
MRM,20170517,0.215,0.22,0.212,0.215,160002
MRP,20170517,0.2,0.215,0.195,0.195,443705
MRV,20170517,0.011,0.012,0.011,0.012,155000
MSB,20170517,2.32,2.46,2.32,2.39,629242
MSM,20170517,0.225,0.23,0.225,0.23,362496
MSP,20170517,0.032,0.034,0.03,0.033,2471541
MSR,20170517,0.004,0.004,0.004,0.004,14834301
MSV,20170517,0.032,0.033,0.032,0.033,60730
MTB,20170517,0.006,0.006,0.005,0.005,286415
MTC,20170517,0.185,0.2,0.18,0.18,172550
MTO,20170517,3.75,3.98,3.7,3.8,60006
MTR,20170517,3.03,3.1,3.02,3.07,1666198
MTS,20170517,2.07,2.08,2.04,2.06,2744916
MUA,20170517,0.865,0.87,0.855,0.86,142513
MUS,20170517,0.04,0.043,0.038,0.04,12864245
MVA,20170517,20.7,20.7,20.47,20.47,3195
MVB,20170517,28.36,28.36,28.24,28.24,3750
MVE,20170517,25.4,25.4,25.37,25.37,81
MVF,20170517,1.92,1.98,1.92,1.95,895903
MVP,20170517,4.86,4.9,4.76,4.9,52365
MVR,20170517,20.2,20.28,20.2,20.28,2480
MVS,20170517,18.12,18.12,18.12,18.12,77
MVT,20170517,0.155,0.155,0.155,0.155,400000
MVW,20170517,26.2,26.2,26.02,26.02,21519
MWR,20170517,0.49,0.49,0.49,0.49,50000
MWY,20170517,2.38,2.38,2.29,2.29,12301
MX1,20170517,0.405,0.41,0.4,0.4,347308
MXC,20170517,0.058,0.059,0.057,0.057,3273117
MXI,20170517,0.68,0.69,0.68,0.69,27196
MXR,20170517,0.001,0.002,0.001,0.002,6525184
MYE,20170517,0.3,0.3,0.29,0.29,9800
MYO,20170517,3.58,3.62,3.53,3.53,751392
MYQ,20170517,0.055,0.055,0.054,0.054,187500
MYR,20170517,0.945,0.955,0.925,0.95,5767461
MYS,20170517,4.73,4.76,4.7,4.76,117101
MYX,20170517,1.115,1.12,1.08,1.085,12316479
MZI,20170517,0.205,0.205,0.2,0.2,347630
MZM,20170517,0.13,0.14,0.13,0.14,42195
MZN,20170517,0.01,0.01,0.01,0.01,4004495
MZZ,20170517,0.205,0.205,0.205,0.205,25000
NAB,20170517,31.2,31.25,30.81,30.83,6836498
NAC,20170517,1.08,1.08,1.075,1.075,2978
NAE,20170517,0.013,0.013,0.013,0.013,2026866
NAG,20170517,0.056,0.058,0.056,0.058,149605
NAN,20170517,3.07,3.09,2.99,3,515368
NCC,20170517,1.35,1.35,1.35,1.35,7752
NCK,20170517,7.22,7.28,7.11,7.11,95591
NCL,20170517,0.05,0.05,0.05,0.05,50000
NCM,20170517,20.5,21.17,20.44,21.14,4473502
NDO,20170517,0.096,0.096,0.093,0.095,109587
NDQ,20170517,13.35,13.36,13.31,13.31,42476
NEA,20170517,0.505,0.515,0.5,0.5,352936
NEC,20170517,1.32,1.345,1.305,1.31,1544927
NEU,20170517,0.068,0.068,0.064,0.064,1340775
NGE,20170517,0.425,0.425,0.425,0.425,10571
NGY,20170517,0.03,0.034,0.03,0.034,32500
NHC,20170517,1.82,1.82,1.755,1.755,42136
NHF,20170517,5.7,5.7,5.3,5.54,5710812
NIU,20170517,0.002,0.002,0.002,0.002,71428
NMG,20170517,0.008,0.008,0.007,0.007,40535
NMI,20170517,0.012,0.012,0.012,0.012,31898
NML,20170517,0.039,0.039,0.036,0.036,2158433
NMT,20170517,0.265,0.265,0.25,0.25,1783290
NNW,20170517,0.086,0.086,0.083,0.083,242797
NOR,20170517,0.018,0.018,0.016,0.016,875155
NOV,20170517,0.155,0.155,0.155,0.155,10000
NOX,20170517,0.29,0.29,0.285,0.29,19470
NRT,20170517,0.049,0.051,0.049,0.049,289795
NSE,20170517,0.004,0.004,0.004,0.004,137619
NSL,20170517,0.029,0.029,0.026,0.026,7259831
NSR,20170517,1.46,1.477,1.45,1.46,997855
NST,20170517,4.65,4.67,4.615,4.63,4151784
NSX,20170517,0.31,0.31,0.31,0.31,3000
NTC,20170517,1.66,1.7,1.51,1.53,379355
NTI,20170517,0.25,0.255,0.25,0.25,18286
NTU,20170517,0.125,0.13,0.125,0.125,293493
NUF,20170517,9.8,9.92,9.8,9.89,341193
NUH,20170517,0.079,0.086,0.079,0.081,8698192
NVL,20170517,2.37,2.49,2.37,2.41,41089
NVT,20170517,4.52,4.55,4.32,4.35,1856678
NWE,20170517,0.003,0.003,0.003,0.003,400000
NWH,20170517,0.555,0.595,0.555,0.595,455431
NWS,20170517,18,18.16,17.83,17.89,214915
NWZ,20170517,0.002,0.002,0.001,0.001,1175000
NXT,20170517,4.39,4.41,4.33,4.33,766808
NZC,20170517,0.22,0.22,0.22,0.22,10000
NZM,20170517,0.755,0.755,0.72,0.72,405440
OCA,20170517,0.8,0.8,0.8,0.8,253002
OCC,20170517,0.39,0.39,0.385,0.385,106410
ODY,20170517,0.067,0.067,0.067,0.067,300000
OEC,20170517,0.45,0.45,0.44,0.45,57750
OEL,20170517,0.029,0.029,0.028,0.029,656114
OFX,20170517,1.41,1.41,1.36,1.39,397169
OGC,20170517,4.49,4.54,4.46,4.54,310875
OGX,20170517,0.054,0.055,0.054,0.055,445813
OIL,20170517,0.125,0.125,0.12,0.12,234928
OKU,20170517,0.225,0.245,0.225,0.245,534391
OLH,20170517,0.035,0.035,0.035,0.035,15000
OLV,20170517,0.03,0.03,0.03,0.03,18181
OMH,20170517,0.125,0.125,0.115,0.12,264234
OML,20170517,4.5,4.58,4.46,4.5,1029237
ONE,20170517,4.8,4.8,4.75,4.75,1191
ONT,20170517,7.09,7.09,7,7,4395
OOK,20170517,0.015,0.015,0.015,0.015,246737
OOO,20170517,14.15,14.15,13.86,13.92,7538
OPG,20170517,0.505,0.505,0.505,0.505,1000
OPN,20170517,0.14,0.14,0.14,0.14,7134
OPT,20170517,0.87,0.87,0.835,0.87,124610
ORA,20170517,2.86,2.88,2.82,2.83,5546135
ORE,20170517,3.5,3.55,3.36,3.43,987154
ORG,20170517,7.73,7.765,7.635,7.72,4164586
ORI,20170517,18.4,18.9,18.17,18.56,1533560
ORL,20170517,1.05,1.1,1,1.085,146603
ORR,20170517,0.415,0.45,0.41,0.43,708880
OSH,20170517,7.31,7.38,7.29,7.36,3241933
OSL,20170517,0.115,0.115,0.115,0.115,1412898
OSP,20170517,0.415,0.415,0.41,0.41,147271
OTW,20170517,1.98,2,1.98,2,3482
OVH,20170517,0.59,0.595,0.567,0.57,362057
OVL,20170517,0.012,0.014,0.012,0.014,596406
OVN,20170517,0.41,0.41,0.41,0.41,24775
OXX,20170517,0.09,0.09,0.081,0.081,157966
OZF,20170517,21.12,21.12,21.07,21.07,2085
OZG,20170517,0.16,0.16,0.155,0.155,125000
OZL,20170517,6.45,6.65,6.385,6.62,3486052
PAA,20170517,0.071,0.071,0.067,0.07,25165
PAB,20170517,0.006,0.006,0.006,0.006,603541
PAC,20170517,6,6.1,5.95,6,109062
PAF,20170517,1.03,1.04,1.03,1.04,192700
PAI,20170517,1,1,0.995,1,431836
PAK,20170517,0.055,0.055,0.053,0.053,183571
PAN,20170517,0.24,0.24,0.24,0.24,236937
PAR,20170517,0.645,0.67,0.6,0.625,400334
PBP,20170517,0.48,0.48,0.48,0.48,60000
PBT,20170517,0.055,0.055,0.054,0.054,107487
PBX,20170517,0.022,0.022,0.022,0.022,90545
PCH,20170517,0.008,0.008,0.007,0.007,4848272
PCL,20170517,0.001,0.001,0.001,0.001,216666
PDI,20170517,0.009,0.009,0.009,0.009,1092209
PDN,20170517,0.058,0.083,0.058,0.074,58507385
PDZ,20170517,0.47,0.47,0.47,0.47,210600
PEA,20170517,0.745,0.745,0.712,0.73,373856
PEK,20170517,0.074,0.074,0.074,0.074,48693
PEN,20170517,0.38,0.385,0.38,0.38,103344
PEP,20170517,2.88,2.91,2.85,2.91,217611
PEX,20170517,0.2,0.225,0.2,0.2,299078
PGC,20170517,0.73,0.73,0.71,0.71,77566
PGF,20170517,1.09,1.095,1.09,1.095,432099
PGH,20170517,6.3,6.38,6.28,6.29,1031230
PGM,20170517,0.095,0.096,0.094,0.095,317198
PGO,20170517,0.053,0.053,0.053,0.053,55632
PGR,20170517,0.59,0.59,0.58,0.58,8530
PGS,20170517,0.012,0.012,0.012,0.012,413080
PHK,20170517,0.145,0.15,0.145,0.15,326798
PIC,20170517,1.04,1.045,1.035,1.045,131116
PIL,20170517,0.01,0.011,0.01,0.01,309295
PIO,20170517,0.018,0.019,0.018,0.019,627245
PIQ,20170517,0.15,0.15,0.15,0.15,25000
PL8,20170517,1.09,1.09,1.085,1.085,571664
PLG,20170517,0.81,0.815,0.805,0.815,2604825
PLH,20170517,0.21,0.215,0.2,0.2,251595
PLS,20170517,0.43,0.43,0.392,0.395,9782440
PMC,20170517,1.58,1.595,1.575,1.59,280561
PME,20170517,5.27,5.41,5.14,5.3,29888
PMP,20170517,0.64,0.66,0.64,0.66,127243
PMV,20170517,12.62,12.695,12.47,12.55,297123
PMY,20170517,0.006,0.006,0.006,0.006,400000
PNC,20170517,2.2,2.2,2.16,2.19,163276
PNI,20170517,2.35,2.35,2.34,2.34,30039
PNL,20170517,0.44,0.44,0.435,0.435,96081
PNN,20170517,0.025,0.025,0.024,0.024,1090202
PNR,20170517,0.205,0.21,0.202,0.21,1293910
PNV,20170517,0.23,0.23,0.225,0.23,317163
PNX,20170517,0.015,0.015,0.015,0.015,50000
POH,20170517,0.015,0.015,0.015,0.015,13631
POP,20170517,0.014,0.014,0.014,0.014,3646230
POS,20170517,0.029,0.03,0.029,0.029,1442714
POU,20170517,17.2,17.23,17.2,17.22,5403
POW,20170517,0.035,0.035,0.035,0.035,39842
PPC,20170517,1.22,1.22,1.22,1.22,4312
PPP,20170517,0.026,0.026,0.026,0.026,6468
PPS,20170517,0.385,0.385,0.37,0.375,695828
PPT,20170517,54.18,54.81,53.77,53.84,126970
PRG,20170517,1.685,1.715,1.677,1.69,688181
PRL,20170517,0.036,0.036,0.034,0.035,4572260
PRR,20170517,0.031,0.031,0.03,0.03,856656
PRT,20170517,0.325,0.33,0.32,0.325,387189
PRU,20170517,0.305,0.31,0.295,0.305,7261116
PRY,20170517,3.79,3.82,3.78,3.81,2772970
PSA,20170517,0.14,0.15,0.14,0.15,125500
PSC,20170517,0.027,0.029,0.026,0.027,3513684
PSI,20170517,2.1,2.1,2.07,2.07,8750
PSM,20170517,0.02,0.022,0.02,0.022,2100000
PSQ,20170517,2.05,2.05,2.05,2.05,9
PSY,20170517,0.04,0.041,0.039,0.039,398058
PSZ,20170517,0.265,0.275,0.265,0.275,13450
PTL,20170517,0.63,0.64,0.63,0.64,14679
PTM,20170517,4.46,4.48,4.4,4.4,767067
PTR,20170517,0.017,0.018,0.017,0.018,15556
PTX,20170517,0.091,0.091,0.091,0.091,626951
PVA,20170517,2.78,2.81,2.77,2.81,4858
PVD,20170517,0.035,0.037,0.035,0.037,105834
PWH,20170517,2.06,2.07,2.05,2.06,26787
PWN,20170517,0.011,0.011,0.011,0.011,140196
PXS,20170517,0.28,0.28,0.28,0.28,6102
PYC,20170517,0.045,0.048,0.045,0.046,1850739
PZC,20170517,0.004,0.004,0.004,0.004,500000
QAN,20170517,4.91,4.92,4.855,4.87,9070436
QAU,20170517,13,13.02,12.99,12.99,3186
QBE,20170517,13.13,13.21,13.07,13.16,3393910
QBL,20170517,0.016,0.018,0.016,0.017,15408495
QFN,20170517,11.77,11.77,11.75,11.75,218835
QFY,20170517,0.077,0.08,0.077,0.08,192849
QHL,20170517,0.105,0.105,0.1,0.105,755617
QIP,20170517,1.72,1.75,1.69,1.75,9727
QMIX,20170517,17.16,17.16,17.16,17.16,0
QMS,20170517,1.12,1.125,1.09,1.1,367846
QNL,20170517,0.024,0.024,0.024,0.024,28000
QOZ,20170517,13.22,13.22,13.13,13.13,112038
QRE,20170517,4.58,4.59,4.58,4.58,9793
QUAL,20170517,21.53,21.54,21.47,21.54,32027
QUB,20170517,2.63,2.65,2.595,2.6,2246689
QUS,20170517,31.18,31.19,31.07,31.07,3746
QVE,20170517,1.29,1.295,1.275,1.29,265820
RAC,20170517,0.23,0.23,0.23,0.23,112
RAN,20170517,0.545,0.56,0.54,0.56,54750
RAP,20170517,0.3,0.31,0.297,0.305,546698
RARI,20170517,25.21,25.21,25.21,25.21,53
RBL,20170517,0.83,0.83,0.82,0.82,9914
RBO,20170517,0.081,0.082,0.079,0.079,575965
RBX,20170517,0.07,0.07,0.07,0.07,6647
RCB,20170517,20.47,20.47,20.4,20.41,49061
RCE,20170517,0.19,0.19,0.19,0.19,15821
RCG,20170517,0.67,0.675,0.66,0.675,1510126
RCO,20170517,0.23,0.23,0.23,0.23,6000
RCR,20170517,3.45,3.455,3.3,3.37,371045
RCT,20170517,3.45,3.46,3.43,3.45,10955
RDG,20170517,0.019,0.019,0.018,0.018,72342
RDH,20170517,1.13,1.13,1.125,1.125,12394
RDM,20170517,0.16,0.16,0.14,0.145,450247
RDS,20170517,0.012,0.012,0.011,0.011,1114085
RDV,20170517,30.65,30.65,30.5,30.5,6767
REA,20170517,62.88,63.14,61.98,62.11,166527
RED,20170517,0.04,0.04,0.04,0.04,507266
REF,20170517,0.094,0.095,0.085,0.085,118988
REG,20170517,4.21,4.27,4.18,4.19,461541
REH,20170517,40.22,41.2,40.2,40.2,1982
RES,20170517,0.06,0.061,0.06,0.061,98888
REV,20170517,0.044,0.044,0.044,0.044,18140
REX,20170517,0.975,0.98,0.96,0.98,16719
REY,20170517,0.125,0.125,0.125,0.125,41700
RFF,20170517,1.8,1.8,1.76,1.78,163535
RFG,20170517,5.2,5.2,5.08,5.09,1170958
RFN,20170517,0.01,0.011,0.01,0.01,5122396
RFT,20170517,0.017,0.017,0.016,0.016,63001
RFX,20170517,0.22,0.24,0.22,0.23,180554
RGB,20170517,21.16,21.16,21.16,21.16,24000
RGI,20170517,0.28,0.29,0.28,0.28,50185
RGS,20170517,0.13,0.135,0.13,0.135,55273
RHC,20170517,72.3,72.44,71.05,71.18,341245
RHL,20170517,3.1,3.14,3.07,3.11,986892
RHP,20170517,0.38,0.38,0.37,0.37,152923
RHS,20170517,0.16,0.16,0.16,0.16,265000
RHT,20170517,0.021,0.021,0.021,0.021,250000
RIC,20170517,1.435,1.49,1.4,1.45,226088
RIE,20170517,0.018,0.018,0.018,0.018,400
RIM,20170517,0.024,0.024,0.023,0.023,1361160
RIO,20170517,60.79,61.79,60.67,61.62,2404759
RIR,20170517,0.023,0.024,0.023,0.023,3897821
RKN,20170517,1.65,1.71,1.65,1.68,110232
RLE,20170517,0.097,0.1,0.094,0.094,2291824
RMD,20170517,9.2,9.23,9.17,9.23,1032915
RMG,20170517,0.015,0.015,0.015,0.015,294060
RMS,20170517,0.415,0.425,0.405,0.41,2291140
RMX,20170517,0.032,0.033,0.029,0.029,4059294
RNL,20170517,0.007,0.007,0.007,0.007,3539745
RNO,20170517,0.225,0.26,0.225,0.25,339554
RNT,20170517,0.098,0.105,0.098,0.1,3444936
RNU,20170517,0.019,0.019,0.019,0.019,250070
ROG,20170517,0.006,0.006,0.006,0.006,586000
RRL,20170517,3.27,3.345,3.26,3.33,6157741
RSG,20170517,1.185,1.23,1.177,1.215,7719241
RSM,20170517,20.63,20.63,20.63,20.63,492
RTG,20170517,0.16,0.16,0.155,0.155,155000
RTR,20170517,0.024,0.024,0.022,0.022,323313
RUL,20170517,0.6,0.6,0.59,0.59,26928
RVA,20170517,0.91,0.91,0.91,0.91,1
RVL,20170517,30.53,30.53,30.53,30.53,3974
RVR,20170517,0.19,0.195,0.19,0.19,595485
RVY,20170517,0.026,0.026,0.026,0.026,25000
RWC,20170517,3.29,3.36,3.28,3.34,2407491
RWD,20170517,0.3,0.3,0.27,0.295,285454
RWH,20170517,1.35,1.35,1.35,1.35,1505
RXH,20170517,0.025,0.025,0.025,0.025,40000
RXL,20170517,0.014,0.015,0.014,0.015,450985
RXM,20170517,0.055,0.055,0.055,0.055,3150
RXP,20170517,0.78,0.8,0.78,0.79,198951
S2R,20170517,0.2,0.2,0.2,0.2,66059
S32,20170517,2.68,2.7,2.65,2.67,25431632
SAR,20170517,1.045,1.072,1.04,1.07,7780591
SAS,20170517,0.2,0.202,0.185,0.19,6059916
SBM,20170517,2.91,3.015,2.91,2.99,6140597
SCG,20170517,4.21,4.24,4.16,4.18,20688698
SCI,20170517,0.021,0.021,0.02,0.021,141988
SCO,20170517,2.62,2.62,2.46,2.5,72523
SCP,20170517,2.29,2.31,2.27,2.28,4034542
SCU,20170517,0.145,0.145,0.135,0.135,680281
SDA,20170517,3.95,4.02,3.92,3.95,512973
SDF,20170517,2.81,2.84,2.8,2.81,1400365
SDG,20170517,1.725,1.74,1.7,1.7,22837
SDI,20170517,0.58,0.58,0.56,0.58,170298
SDL,20170517,0.005,0.005,0.004,0.004,731755
SDV,20170517,0.012,0.012,0.012,0.012,478665
SE1,20170517,0.365,0.365,0.365,0.365,15835
SEA,20170517,0.087,0.091,0.087,0.089,498445
SEG,20170517,0.035,0.035,0.035,0.035,34571
SEH,20170517,0.089,0.089,0.087,0.087,258081
SEK,20170517,17.74,17.99,17.74,17.81,2160833
SEN,20170517,0.093,0.093,0.092,0.092,244490
SEQ,20170517,0.32,0.32,0.31,0.31,136974
SER,20170517,0.008,0.008,0.008,0.008,1732000
SES,20170517,0.085,0.085,0.085,0.085,24344
SFG,20170517,0.076,0.076,0.074,0.074,1244213
SFI,20170517,0.086,0.086,0.085,0.085,816696
SFR,20170517,5.8,5.97,5.79,5.93,511270
SFX,20170517,0.59,0.6,0.59,0.595,142317
SFY,20170517,55.26,55.26,54.69,54.69,4067
SGC,20170517,0.07,0.071,0.07,0.07,385429
SGF,20170517,3.85,3.85,3.75,3.76,117130
SGH,20170517,0.1,0.105,0.099,0.099,1415262
SGM,20170517,11.85,12.02,11.84,12.02,570393
SGP,20170517,4.71,4.73,4.635,4.66,6642527
SGQ,20170517,0.135,0.135,0.135,0.135,112219
SGR,20170517,5.23,5.25,5.155,5.16,3131550
SHJ,20170517,0.5,0.5,0.495,0.495,16643
SHK,20170517,0.005,0.005,0.005,0.005,130976
SHL,20170517,23,23.15,22.75,22.87,835389
SHM,20170517,1.2,1.2,1.18,1.18,74461
SHO,20170517,0.041,0.041,0.041,0.041,40000
SHV,20170517,5,5.1,4.95,4.97,323933
SIG,20170517,1.265,1.272,1.23,1.235,2960375
SIO,20170517,0.32,0.32,0.31,0.31,154426
SIQ,20170517,7.27,7.27,7.05,7.12,70664
SIV,20170517,7.47,7.505,7.45,7.45,52347
SKB,20170517,0.64,0.64,0.64,0.64,1075
SKC,20170517,4.02,4.06,4.01,4.02,606840
SKF,20170517,0.074,0.074,0.074,0.074,40000
SKI,20170517,2.64,2.65,2.63,2.64,5309579
SKT,20170517,3.35,3.36,3.28,3.28,265642
SLC,20170517,2.5,2.53,2.45,2.48,264755
SLF,20170517,12.99,12.99,12.76,12.76,53420
SLK,20170517,4.22,4.23,4.16,4.16,111553
SLM,20170517,0.45,0.45,0.45,0.45,755
SLR,20170517,0.49,0.5,0.475,0.485,3481571
SLX,20170517,0.405,0.41,0.405,0.41,20072
SM1,20170517,3.61,3.61,3.58,3.58,55
SMA,20170517,0.009,0.009,0.009,0.009,819401
SMC,20170517,0.35,0.35,0.35,0.35,30546
SMD,20170517,0.016,0.017,0.016,0.017,305590
SMN,20170517,1.34,1.4,1.34,1.34,98757
SMP,20170517,0.185,0.185,0.185,0.185,66368
SMR,20170517,0.35,0.36,0.35,0.36,13882
SMX,20170517,1.62,1.635,1.62,1.625,28232
SNC,20170517,1.02,1.02,1.02,1.02,2019
SNL,20170517,2.25,2.25,2.25,2.25,2000
SO4,20170517,0.455,0.48,0.455,0.46,308758
SOL,20170517,18.6,18.8,18.26,18.26,150610
SOM,20170517,3.1,3.14,3.1,3.13,20691
SOR,20170517,0.062,0.068,0.062,0.068,189768
SP1,20170517,0.009,0.009,0.009,0.009,513432
SPK,20170517,3.39,3.43,3.39,3.42,766132
SPL,20170517,0.72,0.737,0.705,0.72,191013
SPO,20170517,1.115,1.12,1.115,1.115,979117
SPZ,20170517,0.245,0.25,0.245,0.25,20168
SRF,20170517,0.105,0.11,0.1,0.105,641506
SRG,20170517,1.335,1.335,1.325,1.325,8001
SRI,20170517,0.014,0.014,0.014,0.014,1432838
SRN,20170517,0.001,0.001,0.001,0.001,10025000
SRO,20170517,0.006,0.006,0.006,0.006,59956
SRS,20170517,0.026,0.026,0.026,0.026,2384
SRV,20170517,6.02,6.03,5.94,5.96,94375
SRX,20170517,14.9,15.02,14.9,15,171310
SRZ,20170517,0.024,0.025,0.024,0.025,607377
SSG,20170517,0.64,0.64,0.61,0.61,8000
SSM,20170517,1.35,1.365,1.31,1.31,2002236
SSN,20170517,0.003,0.003,0.003,0.003,187500
SST,20170517,22.02,22.02,22.02,22.02,1400
ST1,20170517,0.14,0.14,0.14,0.14,36521
STA,20170517,0.007,0.007,0.007,0.007,13527884
STL,20170517,0.026,0.026,0.026,0.026,496779
STO,20170517,3.55,3.57,3.5,3.52,9351514
STW,20170517,54.98,55,54.51,54.55,135292
STX,20170517,0.08,0.082,0.08,0.08,248148
SUD,20170517,0.021,0.021,0.021,0.021,887
SUH,20170517,0.09,0.09,0.08,0.08,131800
SUL,20170517,8.15,8.23,8.13,8.18,919831
SUM,20170517,0.013,0.013,0.01,0.011,1726523
SUN,20170517,14.3,14.4,14.26,14.3,3148043
SUR,20170517,0.004,0.004,0.004,0.004,1667
SVL,20170517,0.135,0.14,0.135,0.14,727682
SVM,20170517,0.11,0.11,0.105,0.11,358910
SVT,20170517,0.13,0.13,0.12,0.12,121023
SVW,20170517,11.06,11.33,11.06,11.23,106214
SVY,20170517,0.12,0.12,0.12,0.12,10000
SWJ,20170517,0.028,0.028,0.027,0.027,1488558
SWK,20170517,0.26,0.26,0.26,0.26,49500
SWL,20170517,1.2,1.2,1.175,1.18,92148
SWM,20170517,0.725,0.735,0.71,0.72,3752282
SXE,20170517,0.55,0.55,0.53,0.55,127000
SXL,20170517,1.32,1.34,1.295,1.305,1926172
SXY,20170517,0.3,0.302,0.29,0.295,1776861
SYA,20170517,0.019,0.02,0.019,0.02,2267122
SYD,20170517,7.31,7.32,7.215,7.25,5060862
SYI,20170517,29.71,29.72,29.62,29.72,119948
SYR,20170517,2.55,2.555,2.48,2.48,1252849
SYT,20170517,0.029,0.029,0.029,0.029,1278050
T3D,20170517,0.008,0.008,0.008,0.008,203440
TAH,20170517,4.66,4.695,4.63,4.64,2105061
TAM,20170517,0.059,0.06,0.057,0.057,491650
TAP,20170517,0.07,0.072,0.068,0.07,843500
TAS,20170517,0.17,0.17,0.17,0.17,67493
TAW,20170517,0.245,0.25,0.235,0.25,1614310
TB8,20170517,0.17,0.175,0.165,0.165,345898
TBH,20170517,0.175,0.19,0.175,0.19,731490
TBR,20170517,6.18,6.18,6.18,6.18,520
TCH,20170517,1.51,1.535,1.51,1.51,10038
TCL,20170517,12.15,12.16,11.92,11.93,4910661
TDL,20170517,0.15,0.16,0.15,0.16,66103
TEG,20170517,0.04,0.04,0.04,0.04,260000
TEK,20170517,0.215,0.22,0.215,0.215,245528
TEN,20170517,0.225,0.227,0.21,0.215,3665777
TER,20170517,0.03,0.033,0.03,0.033,12154259
TFG,20170517,0.16,0.16,0.16,0.16,202000
TFL,20170517,0.25,0.25,0.21,0.235,79799
TGA,20170517,1.225,1.235,1.21,1.21,236522
TGG,20170517,1.375,1.38,1.37,1.38,106703
TGH,20170517,1,1,1,1,6428
TGP,20170517,0.935,0.94,0.935,0.935,4368
TGR,20170517,4.45,4.51,4.37,4.37,405944
TGZ,20170517,3.34,3.4,3.3,3.4,64500
THC,20170517,0.345,0.345,0.335,0.345,937096
THD,20170517,0.017,0.018,0.017,0.017,17021392
THX,20170517,0.051,0.051,0.051,0.051,1500
TIG,20170517,0.056,0.056,0.056,0.056,21977
TIL,20170517,2.25,2.25,2.25,2.25,5
TKF,20170517,0.035,0.035,0.035,0.035,552541
TLG,20170517,0.74,0.74,0.705,0.72,194005
TLM,20170517,0.29,0.29,0.28,0.285,55202
TLS,20170517,4.39,4.405,4.375,4.4,18383812
TME,20170517,4.98,5.01,4.95,4.95,272605
TMP,20170517,0.3,0.315,0.3,0.31,64756
TMT,20170517,0.2,0.2,0.2,0.2,76131
TMX,20170517,0.01,0.01,0.009,0.01,379500
TND,20170517,0.054,0.057,0.054,0.054,214167
TNE,20170517,5.55,5.59,5.5,5.5,406223
TNG,20170517,0.14,0.14,0.14,0.14,168000
TNK,20170517,2.16,2.17,2.13,2.17,65310
TNP,20170517,0.005,0.005,0.005,0.005,100000
TNR,20170517,0.096,0.096,0.095,0.095,49787
TNT,20170517,0.088,0.095,0.088,0.089,146921
TOE,20170517,0.035,0.035,0.035,0.035,49000
TOM,20170517,0.027,0.027,0.027,0.027,71250
TON,20170517,0.062,0.062,0.057,0.059,2569834
TOP,20170517,0.69,0.69,0.69,0.69,5017
TOT,20170517,1.11,1.11,1.11,1.11,41283
TOU,20170517,0.115,0.115,0.11,0.11,1035000
TOX,20170517,2.28,2.34,2.2,2.24,876453
TPE,20170517,2.05,2.1,2.05,2.1,31000
TPM,20170517,5.86,5.92,5.825,5.89,2313315
TPP,20170517,0.17,0.17,0.17,0.17,262705
TPS,20170517,0.025,0.025,0.025,0.025,703751
TRL,20170517,0.033,0.033,0.032,0.032,80606
TRS,20170517,3.57,3.57,3.47,3.5,259517
TRY,20170517,0.1,0.105,0.099,0.1,5026043
TSN,20170517,0.013,0.013,0.013,0.013,100000
TSV,20170517,0.008,0.008,0.008,0.008,300400
TTC,20170517,0.38,0.38,0.38,0.38,74000
TTI,20170517,0.036,0.036,0.035,0.036,495201
TTS,20170517,4.27,4.3,4.25,4.25,2601947
TUP,20170517,0.063,0.063,0.063,0.063,50500
TV2,20170517,0.008,0.008,0.007,0.007,798000
TWD,20170517,3.74,3.74,3.74,3.74,4852
TWE,20170517,13.23,13.3,12.99,13.07,2361830
TWR,20170517,1.03,1.04,0.98,1.04,53294
TYK,20170517,0.005,0.005,0.005,0.005,197267
TYX,20170517,0.024,0.024,0.024,0.024,16431
TZL,20170517,0.038,0.038,0.036,0.037,663197
TZN,20170517,0.19,0.195,0.19,0.19,49836
UBA,20170517,19.76,19.76,19.75,19.76,4727
UBE,20170517,21.55,21.55,21.55,21.55,4132
UBN,20170517,0.07,0.07,0.068,0.069,209063
UBP,20170517,23,23,22.45,22.45,2098
UBU,20170517,24.03,24.03,24.03,24.03,1320
UBW,20170517,23.18,23.18,23.18,23.18,85
UCM,20170517,0.19,0.19,0.19,0.19,17649
UIL,20170517,0.038,0.038,0.032,0.032,510000
UMAX,20170517,18.13,18.13,18.08,18.08,18644
UNL,20170517,0.12,0.12,0.11,0.11,112829
UNV,20170517,0.13,0.135,0.13,0.135,210078
UOS,20170517,0.61,0.61,0.6,0.6,3340
UPD,20170517,0.68,0.68,0.645,0.66,412344
URB,20170517,1.07,1.07,1.05,1.05,23054
URF,20170517,2.01,2.01,2.01,2.01,123750
USD,20170517,13.12,13.14,13.11,13.11,221006
USF,20170517,2.27,2.27,2.27,2.27,18750
USG,20170517,2.27,2.27,2.27,2.27,17500
USR,20170517,0.455,0.455,0.455,0.455,31729
UTR,20170517,0.026,0.026,0.026,0.026,15000
UUV,20170517,0.17,0.17,0.16,0.16,440000
VAE,20170517,60.6,60.6,60.39,60.39,1564
VAF,20170517,49,49.05,48.995,49.05,45509
VAH,20170517,0.175,0.18,0.175,0.18,164097
VAL,20170517,0.009,0.009,0.009,0.009,1020361
VAN,20170517,0.059,0.06,0.059,0.059,240000
VAP,20170517,80.97,81.03,79.6,79.72,28078
VAR,20170517,0.013,0.013,0.013,0.013,466021
VAS,20170517,74.31,74.31,73.67,73.71,52310
VCF,20170517,50.16,50.17,50.05,50.05,13307
VCX,20170517,2.76,2.78,2.74,2.74,12323441
VEQ,20170517,54.2,54.29,54.07,54.16,4852
VEU,20170517,67.59,67.8,67.43,67.56,16821
VGAD,20170517,61.87,61.87,61.59,61.59,17497
VGB,20170517,49.31,49.38,49.31,49.35,7948
VGE,20170517,62.75,62.75,62.14,62.2,5073
VGS,20170517,63.23,63.34,63.15,63.19,26008
VHT,20170517,0.375,0.375,0.35,0.35,181528
VHY,20170517,62.56,62.56,61.91,61.91,15610
VIF,20170517,49.49,49.49,49.31,49.33,12221
VIV,20170517,0.044,0.044,0.043,0.043,513060
VLA,20170517,1.08,1.1,1.075,1.1,74289
VLC,20170517,61.9,61.9,61.2,61.2,1465
VLT,20170517,0.029,0.029,0.029,0.029,100000
VLW,20170517,2.32,2.34,2.31,2.31,158193
VMC,20170517,0.125,0.125,0.11,0.11,11950
VML,20170517,0.012,0.012,0.012,0.012,948750
VMS,20170517,0.028,0.028,0.028,0.028,15962
VMT,20170517,0.063,0.063,0.062,0.062,29934
VMY,20170517,0.205,0.205,0.205,0.205,2500
VOC,20170517,2.36,2.49,2.36,2.45,6020537
VPC,20170517,0.015,0.015,0.015,0.015,420000
VRC,20170517,0.031,0.031,0.03,0.031,558285
VRI,20170517,0.03,0.03,0.029,0.029,120000
VRL,20170517,3.47,3.48,3.41,3.48,100314
VRS,20170517,0.12,0.125,0.12,0.125,67040
VRT,20170517,6.04,6.07,5.97,6,619599
VSC,20170517,1,1,1,1,21888
VSO,20170517,50.43,50.43,50.01,50.01,2731
VTG,20170517,1.29,1.355,0.79,0.9,9027517
VTS,20170517,165.54,165.56,165,165.03,11915
VVR,20170517,2.35,2.37,2.35,2.35,553630
WAA,20170517,1.12,1.12,1.12,1.12,7000
WAF,20170517,0.26,0.27,0.26,0.265,1069851
WAM,20170517,2.31,2.35,2.3,2.33,598837
WAX,20170517,1.41,1.42,1.405,1.42,149204
WBA,20170517,1.235,1.295,1.23,1.295,62526
WBC,20170517,32.67,32.675,32.15,32.16,9614732
WBT,20170517,0.021,0.021,0.019,0.019,3830336
WCN,20170517,0.006,0.006,0.005,0.006,3682500
WCP,20170517,0.09,0.093,0.088,0.09,162785
WDE,20170517,0.79,0.79,0.77,0.775,1011622
WDIV,20170517,19.03,19.03,18.97,18.97,5766
WEB,20170517,12.17,12.24,12.1,12.14,180085
WEMG,20170517,19.6,19.6,19.6,19.6,500
WES,20170517,43.43,43.67,43.27,43.36,1982079
WFD,20170517,8.5,8.53,8.39,8.41,16834310
WFE,20170517,0.003,0.003,0.003,0.003,552213
WGF,20170517,1.025,1.04,1.025,1.04,37928
WGL,20170517,0.017,0.017,0.016,0.016,1079299
WGX,20170517,2.11,2.15,2.07,2.08,1676091
WHA,20170517,0.355,0.36,0.35,0.35,324345
WHC,20170517,2.46,2.68,2.45,2.64,11870027
WHF,20170517,4.56,4.57,4.56,4.57,49736
WIC,20170517,0.935,0.94,0.93,0.94,43156
WKT,20170517,0.069,0.069,0.066,0.066,74681
WLD,20170517,0.19,0.2,0.19,0.2,243007
WLE,20170517,1.12,1.12,1.115,1.115,685388
WLL,20170517,4.33,4.4,4.33,4.37,4452
WMC,20170517,0.15,0.18,0.15,0.18,230138
WMK,20170517,0.995,1,0.995,1,230562
WMN,20170517,0.046,0.047,0.045,0.045,3088789
WNR,20170517,0.275,0.275,0.275,0.275,1516
WOF,20170517,0.034,0.037,0.034,0.037,60000
WOR,20170517,11.21,11.37,11.21,11.32,1114253
WOW,20170517,26.55,26.78,26.24,26.24,2379206
WPG,20170517,0.05,0.054,0.05,0.053,600997
WPL,20170517,32.4,32.49,32.18,32.42,1450318
WPP,20170517,1.245,1.28,1.24,1.28,528776
WQW,20170517,0.4,0.4,0.395,0.395,10000
WRG,20170517,0.002,0.002,0.002,0.002,625000
WRLD,20170517,11.09,11.1,11.09,11.1,4989
WRM,20170517,0.015,0.015,0.015,0.015,5562335
WSA,20170517,2.02,2.08,2.01,2.04,3362116
WSG,20170517,0.007,0.007,0.007,0.007,425000
WSI,20170517,0.014,0.014,0.014,0.014,2000
WTC,20170517,6.82,6.91,6.8,6.91,265165
WTP,20170517,0.685,0.69,0.67,0.68,178170
WXHG,20170517,20.89,20.89,20.78,20.78,13618
WXOZ,20170517,27.07,27.1,27.03,27.07,1726
XAM,20170517,0.205,0.21,0.205,0.21,79961
XIP,20170517,2.14,2.15,2.13,2.13,17750
XPD,20170517,0.034,0.034,0.034,0.034,9500
XPE,20170517,0.014,0.014,0.013,0.013,8852595
XRO,20170517,22.35,22.37,22.1,22.26,104819
XST,20170517,0.007,0.007,0.007,0.007,3625162
XTE,20170517,0.39,0.395,0.38,0.395,55771
YAL,20170517,0.26,0.28,0.26,0.28,56891
YBR,20170517,0.11,0.11,0.107,0.107,198600
YHL,20170517,0.03,0.03,0.025,0.03,72367
YMAX,20170517,9.29,9.29,9.19,9.19,140587
YNB,20170517,0.04,0.042,0.04,0.042,66218
YOJ,20170517,0.076,0.078,0.076,0.077,234400
YOW,20170517,0.41,0.42,0.4,0.42,105891
YPB,20170517,0.085,0.085,0.085,0.085,30654
ZEL,20170517,7.25,7.25,7.25,7.25,462
ZEN,20170517,0.52,0.52,0.5,0.5,182060
ZGL,20170517,0.125,0.125,0.125,0.125,87000
ZGOL,20170517,16.64,16.65,16.64,16.65,151
ZIM,20170517,5,5,5,5,22308
ZIP,20170517,0.03,0.032,0.028,0.03,216562
ZLD,20170517,0.087,0.089,0.085,0.088,2749334
ZMI,20170517,0.008,0.008,0.008,0.008,2354019
ZML,20170517,0.695,0.695,0.66,0.69,118947
ZNO,20170517,0.18,0.18,0.175,0.175,160380
ZNT,20170517,0.95,0.96,0.95,0.96,67680
ZOZI,20170517,10.84,10.84,10.83,10.83,40864
ZUSD,20170517,10.28,10.28,10.28,10.28,1550
ZYB,20170517,0.005,0.005,0.005,0.005,424999
ZYUS,20170517,12.79,12.81,12.73,12.73,34227
XAF,20170517,5772.5,5772.9,5702.7,5705,0
XAO,20170517,5882.2,5882.2,5819.4,5821.2,0
XAT,20170517,5788.4,5788.4,5723.2,5724.7,0
XDJ,20170517,2215.6,2215.6,2189.1,2189.5,0
XEC,20170517,1200.7,1204.9,1195,1199.4,0
XEJ,20170517,9499.1,9502.6,9375.7,9441.4,0
XFJ,20170517,6658.2,6658.2,6534.8,6538.2,0
XFL,20170517,5829.8,5830.1,5759.9,5762,0
XGD,20170517,4244.8,4397.1,4244.8,4395.8,0
XHJ,20170517,23598.3,23626.9,23243.9,23282.5,0
XIJ,20170517,892.2,892.3,877.3,877.3,0
XJO,20170517,5850.5,5850.5,5784.5,5786,0
XJR,20170517,3335.9,3361.3,3335.9,3357.6,0
XKO,20170517,5793.2,5793.2,5728,5729.6,0
XMD,20170517,6214.8,6214.8,6152.2,6153.6,0
XMJ,20170517,9687.8,9758.1,9687.8,9741,0
XMM,20170517,2862.4,2899.6,2862.4,2894.4,0
XNJ,20170517,5754.1,5754.1,5684.6,5687.8,0
XPJ,20170517,1396.6,1399.6,1376.7,1379.5,0
XSJ,20170517,9607.2,9607.7,9472.4,9472.4,0
XSO,20170517,2378.5,2379,2361,2362.1,0
XTJ,20170517,1531.5,1531.5,1518.6,1526.6,0
XTL,20170517,3339.6,3340.4,3294.6,3296.1,0
XTO,20170517,4859.2,4859.2,4802.4,4803.9,0
XUJ,20170517,9042,9082.1,8991.1,8998.3,0
XXJ,20170517,7426.2,7426.2,7288.5,7292.3,0
