1AD,20170208,0.23,0.23,0.23,0.23,8700
1AG,20170208,0.033,0.033,0.033,0.033,150000
1PG,20170208,0.185,0.2,0.185,0.2,445204
3PL,20170208,0.955,0.97,0.93,0.94,105131
4CE,20170208,0.022,0.023,0.022,0.023,533167
4DS,20170208,0.028,0.028,0.028,0.028,1417620
4WD,20170208,0.875,0.875,0.87,0.87,19169
88E,20170208,0.04,0.041,0.039,0.039,5576640
8EC,20170208,1.005,1.005,1.005,1.005,10200
8IH,20170208,0.7,0.705,0.69,0.705,65600
9SP,20170208,0.17,0.17,0.16,0.17,482679
A2M,20170208,2.3,2.3,2.28,2.3,3415338
A3D,20170208,3.36,3.65,3.36,3.6,110408
AAA,20170208,50.09,50.1,50.09,50.09,117385
AAC,20170208,1.435,1.45,1.4,1.42,1874972
AAD,20170208,2.05,2.13,2.05,2.11,3256469
AAJ,20170208,0.01,0.011,0.01,0.011,6775127
AAR,20170208,0.018,0.018,0.018,0.018,281880
AAU,20170208,0.01,0.01,0.01,0.01,5000
AB1,20170208,0.033,0.033,0.033,0.033,126410
ABA,20170208,5.43,5.43,5.27,5.27,9720
ABC,20170208,5.13,5.195,5.13,5.17,828089
ABP,20170208,2.86,2.91,2.84,2.9,887472
ABT,20170208,0.55,0.55,0.55,0.55,1472
ABU,20170208,0.115,0.115,0.11,0.11,32000
ABV,20170208,0.007,0.007,0.007,0.007,175000
ABX,20170208,0.14,0.14,0.14,0.14,19553
AC8,20170208,0.21,0.21,0.2,0.205,560583
ACB,20170208,0.079,0.088,0.079,0.088,782350
ACG,20170208,0.068,0.068,0.066,0.066,164452
ACK,20170208,0.65,0.65,0.65,0.65,100000
ACL,20170208,0.015,0.015,0.015,0.015,500000
ACQ,20170208,1.04,1.04,1.03,1.03,24133
ACR,20170208,0.305,0.31,0.305,0.305,115284
ACU,20170208,0.025,0.025,0.025,0.025,228131
ACX,20170208,3.13,3.13,3.04,3.1,1544364
AD1,20170208,0.265,0.265,0.265,0.265,6950
ADA,20170208,2.32,2.35,2.24,2.26,109025
ADH,20170208,1.33,1.365,1.325,1.33,119714
ADJ,20170208,0.085,0.086,0.084,0.085,165649
ADN,20170208,0.012,0.012,0.012,0.012,1
ADO,20170208,0.038,0.039,0.038,0.039,192624
ADR,20170208,0.21,0.225,0.205,0.205,651538
ADV,20170208,0.028,0.03,0.028,0.028,4405293
ADX,20170208,0.013,0.013,0.013,0.013,381814
AEB,20170208,0.046,0.046,0.046,0.046,71438
AEE,20170208,0.038,0.043,0.038,0.042,5146701
AEF,20170208,89.1,89.1,89,89,46
AEG,20170208,1.04,1.045,1.02,1.04,148000
AEV,20170208,0.12,0.12,0.12,0.12,20235
AFA,20170208,0.165,0.2,0.16,0.2,77831
AFG,20170208,1.35,1.35,1.31,1.325,309921
AFI,20170208,5.85,5.9,5.82,5.82,344333
AFR,20170208,0.04,0.04,0.04,0.04,194037
AFY,20170208,2.61,2.74,2.6,2.72,121105
AGD,20170208,0.175,0.175,0.175,0.175,5000
AGE,20170208,0.019,0.02,0.019,0.02,5049206
AGG,20170208,3.65,3.68,3.46,3.5,9397
AGI,20170208,1.755,1.797,1.725,1.77,313136
AGJ,20170208,0.047,0.047,0.047,0.047,63596
AGL,20170208,23.45,23.45,22.94,23,1840774
AGO,20170208,0.04,0.042,0.037,0.041,134568568
AGR,20170208,0.085,0.085,0.083,0.085,60111
AGY,20170208,0.032,0.032,0.03,0.03,1314632
AHF,20170208,0.16,0.16,0.155,0.155,687624
AHG,20170208,3.9,3.99,3.9,3.95,1015347
AHK,20170208,0.17,0.21,0.17,0.185,83200
AHL,20170208,0.07,0.07,0.07,0.07,10000
AHQ,20170208,0.03,0.03,0.03,0.03,8501
AHX,20170208,1.15,1.15,1.15,1.15,11887
AHY,20170208,1.425,1.445,1.42,1.44,1338049
AHZ,20170208,0.33,0.34,0.33,0.33,574307
AIA,20170208,6.61,6.74,6.55,6.74,15313
AIK,20170208,0.17,0.185,0.17,0.185,1430188
AIR,20170208,0.078,0.078,0.074,0.074,87711
AIS,20170208,0.046,0.048,0.046,0.047,270341
AIZ,20170208,2.01,2.02,1.99,2,82570
AJA,20170208,6.5,6.5,6.3,6.4,115715
AJC,20170208,0.005,0.006,0.005,0.006,1136006
AJD,20170208,1.53,1.55,1.53,1.545,35822
AJL,20170208,0.375,0.375,0.375,0.375,30153
AJM,20170208,0.175,0.175,0.17,0.17,1099810
AJQ,20170208,0.068,0.068,0.068,0.068,3573052
AJX,20170208,0.645,0.66,0.635,0.645,284818
AKK,20170208,0.006,0.007,0.006,0.006,32410629
AKM,20170208,0.03,0.03,0.03,0.03,50000
AKP,20170208,12.93,12.94,12.76,12.8,5180
ALC,20170208,0.075,0.076,0.069,0.073,5112124
ALF,20170208,1.38,1.395,1.38,1.385,237174
ALI,20170208,1.675,1.675,1.65,1.65,107507
ALK,20170208,0.39,0.39,0.355,0.375,947753
ALL,20170208,15.22,15.5,15.22,15.42,1698104
ALQ,20170208,5.94,6,5.92,5.94,606207
ALR,20170208,1.13,1.135,1.13,1.135,3660
ALU,20170208,8.04,8.23,8,8.19,326469
ALY,20170208,0.022,0.022,0.022,0.022,163077
AMA,20170208,1.04,1.065,1.03,1.065,563298
AMC,20170208,14.45,14.755,14.385,14.55,4686598
AME,20170208,0.11,0.11,0.11,0.11,46297
AMH,20170208,0.915,0.915,0.915,0.915,16097
AMI,20170208,0.18,0.185,0.18,0.18,286090
AML,20170208,0.2,0.2,0.195,0.195,119571
AMN,20170208,0.6,0.61,0.6,0.61,60607
AMP,20170208,5.01,5.055,4.99,5.03,10443008
ANG,20170208,0.175,0.18,0.175,0.18,1494860
ANL,20170208,0.033,0.035,0.032,0.034,7963571
ANN,20170208,21.65,22.06,21.65,22,532268
ANP,20170208,0.037,0.037,0.037,0.037,50000
ANR,20170208,1.2,1.2,1.2,1.2,29325
ANW,20170208,0.01,0.01,0.01,0.01,1578944
ANZ,20170208,28.8,29.32,28.74,29.19,5591342
AO1,20170208,0.3,0.3,0.3,0.3,6666
AOA,20170208,0.008,0.008,0.008,0.008,2810002
AOD,20170208,0.695,0.695,0.695,0.695,13808
AOF,20170208,2.06,2.1,2.06,2.08,315635
AOG,20170208,3.14,3.17,3.13,3.17,872641
AOH,20170208,0.14,0.145,0.135,0.145,659617
AOP,20170208,0.076,0.076,0.075,0.075,148136
AOU,20170208,0.22,0.235,0.22,0.235,268000
AOW,20170208,0.053,0.054,0.051,0.054,255368
APA,20170208,8.28,8.37,8.23,8.33,1717110
APD,20170208,0.41,0.41,0.405,0.41,50862
APE,20170208,9.2,9.42,9.1,9.14,30299
APG,20170208,0.007,0.007,0.007,0.007,1525000
API,20170208,1.89,1.92,1.89,1.91,1025470
APL,20170208,1.09,1.09,1.09,1.09,102199
APN,20170208,2.5,2.54,2.5,2.52,745605
APO,20170208,5.58,5.65,5.54,5.65,912019
APW,20170208,1.56,1.565,1.56,1.565,18262
APX,20170208,2.72,2.85,2.71,2.8,785535
APY,20170208,0.01,0.01,0.01,0.01,750000
APZ,20170208,1.04,1.04,1.035,1.035,42320
AQC,20170208,0.017,0.017,0.016,0.016,202568
AQD,20170208,0.008,0.008,0.006,0.007,6104312
AQF,20170208,1.88,1.88,1.88,1.88,60000
AQG,20170208,2.9,2.91,2.88,2.9,640932
AQI,20170208,0.27,0.27,0.265,0.265,252064
AQQ,20170208,0.019,0.019,0.018,0.018,594737
AQZ,20170208,0.79,0.79,0.79,0.79,11263
AR1,20170208,0.012,0.012,0.012,0.012,200000
ARA,20170208,0.655,0.66,0.655,0.66,68794
ARB,20170208,15.53,15.62,15.33,15.59,316066
ARC,20170208,0.5,0.5,0.5,0.5,1000
ARD,20170208,0.028,0.028,0.028,0.028,40000
ARF,20170208,1.96,1.96,1.91,1.92,292106
ARG,20170208,7.68,7.72,7.67,7.72,174018
ARM,20170208,0.065,0.066,0.065,0.066,78100
ARU,20170208,0.093,0.096,0.091,0.093,483041
ASB,20170208,1.68,1.71,1.665,1.71,723317
ASG,20170208,2.6,2.62,2.58,2.62,70878
ASL,20170208,1.425,1.475,1.425,1.475,198758
ASN,20170208,0.042,0.042,0.042,0.042,19767
ASP,20170208,0.007,0.007,0.007,0.007,517809
AST,20170208,1.6,1.605,1.59,1.6,4234556
ASW,20170208,0.9,0.9,0.9,0.9,4602
ASX,20170208,49.83,50.44,49.45,50.42,339693
ATC,20170208,0.155,0.155,0.15,0.15,880427
ATL,20170208,1.32,1.36,1.31,1.36,1446675
ATS,20170208,0.235,0.235,0.235,0.235,3232
ATT,20170208,0.044,0.044,0.044,0.044,7700
ATU,20170208,0.455,0.475,0.455,0.475,39000
AU1,20170208,0.039,0.039,0.03,0.031,6234642
AUB,20170208,10.34,10.38,10.05,10.3,19369
AUC,20170208,0.035,0.035,0.035,0.035,15477
AUF,20170208,1.2,1.2,1.2,1.2,39933
AUI,20170208,7.85,7.89,7.85,7.89,7899
AUK,20170208,0.013,0.013,0.013,0.013,195388
AUQ,20170208,0.019,0.022,0.019,0.022,1302119
AUST,20170208,15.2,15.21,15.2,15.21,4053
AUZ,20170208,0.008,0.011,0.008,0.01,34918322
AVB,20170208,0.097,0.105,0.097,0.1,16851274
AVG,20170208,0.53,0.53,0.525,0.53,35474
AVH,20170208,0.12,0.125,0.12,0.12,957913
AVI,20170208,0.017,0.017,0.016,0.016,1953249
AVJ,20170208,0.585,0.59,0.58,0.59,551684
AVL,20170208,0.019,0.021,0.019,0.02,29537749
AVN,20170208,2.27,2.33,2.27,2.31,171682
AVQ,20170208,0.17,0.17,0.17,0.17,3200
AVZ,20170208,0.032,0.034,0.031,0.032,26069472
AWC,20170208,1.91,1.94,1.897,1.91,14018870
AWE,20170208,0.57,0.575,0.55,0.555,2660384
AWQ,20170208,0.9,0.9,0.865,0.865,39000
AWV,20170208,0.125,0.127,0.125,0.125,648342
AXE,20170208,0.071,0.082,0.071,0.078,457555
AXI,20170208,0.049,0.049,0.049,0.049,12250
AXL,20170208,1.37,1.37,1.37,1.37,2500
AXP,20170208,0.95,0.96,0.945,0.95,205121
AYR,20170208,0.009,0.009,0.009,0.009,5509150
AYS,20170208,1.93,1.94,1.9,1.91,199530
AZJ,20170208,4.97,5.08,4.935,5.06,5694510
AZM,20170208,0.037,0.037,0.036,0.036,970795
AZS,20170208,0.017,0.017,0.017,0.017,3860674
AZV,20170208,0.084,0.09,0.084,0.09,241781
AZY,20170208,0.019,0.019,0.019,0.019,126842
BAF,20170208,1.125,1.165,1.12,1.165,142602
BAL,20170208,4.97,5.15,4.7,4.89,2159410
BAP,20170208,5.38,5.47,5.35,5.46,931414
BAR,20170208,0.081,0.081,0.075,0.077,1215782
BAS,20170208,0.002,0.003,0.002,0.003,13453468
BAT,20170208,0.096,0.097,0.096,0.096,794000
BAU,20170208,0.067,0.067,0.065,0.066,145235
BBG,20170208,1.355,1.355,1.32,1.33,77600
BBN,20170208,2.48,2.48,2.44,2.45,90973
BBOZ,20170208,19.1,19.1,18.83,18.86,32222
BBUS,20170208,8.21,8.22,8.19,8.19,12656
BBX,20170208,0.048,0.048,0.048,0.048,98740
BCI,20170208,0.24,0.247,0.23,0.23,2839220
BCK,20170208,0.021,0.021,0.021,0.021,50000
BCN,20170208,0.019,0.019,0.017,0.017,10953730
BCT,20170208,0.038,0.038,0.037,0.037,104001
BD1,20170208,0.03,0.035,0.03,0.031,1796623
BDA,20170208,0.24,0.24,0.24,0.24,5000
BDR,20170208,0.38,0.382,0.365,0.365,7211732
BEAR,20170208,15.44,15.44,15.37,15.37,930
BEE,20170208,0.36,0.36,0.36,0.36,53888
BEL,20170208,0.135,0.135,0.135,0.135,3334
BEN,20170208,12.16,12.425,12.155,12.34,1839804
BFC,20170208,0.28,0.285,0.27,0.285,156586
BFG,20170208,0.775,0.785,0.76,0.76,261081
BGA,20170208,5.24,5.39,5.18,5.35,1175967
BGH,20170208,0.032,0.032,0.032,0.032,150000
BGS,20170208,0.305,0.305,0.3,0.305,714431
BHP,20170208,25.76,25.9,25.65,25.74,7019140
BID,20170208,0.056,0.056,0.055,0.055,11189
BIG,20170208,0.42,0.44,0.42,0.425,139966
BIT,20170208,0.036,0.036,0.034,0.034,998308
BKI,20170208,1.68,1.695,1.68,1.68,175135
BKL,20170208,114,115.41,113,114.71,25703
BKN,20170208,3.2,3.23,3.2,3.21,307993
BKP,20170208,0.001,0.001,0.001,0.001,100000
BKT,20170208,0.14,0.14,0.14,0.14,120713
BKW,20170208,12.51,12.69,12.5,12.68,189923
BKY,20170208,1.04,1.14,1.03,1.09,793230
BLA,20170208,6.77,6.77,6.66,6.75,45220
BLD,20170208,5.79,5.9,5.78,5.86,5126052
BLG,20170208,0.24,0.245,0.235,0.245,137032
BLT,20170208,0.195,0.2,0.19,0.2,2976108
BLX,20170208,1.68,1.72,1.68,1.7,23060
BLY,20170208,0.13,0.13,0.13,0.13,178500
BMG,20170208,0.012,0.012,0.011,0.011,11006665
BMN,20170208,0.078,0.095,0.077,0.091,4056830
BMP,20170208,0.31,0.31,0.3,0.31,79475
BMZ,20170208,0.039,0.039,0.034,0.034,815270
BNO,20170208,0.37,0.375,0.36,0.375,342494
BOA,20170208,0.18,0.18,0.18,0.18,10000
BOC,20170208,0.195,0.21,0.195,0.21,90160
BOE,20170208,0.067,0.073,0.067,0.071,11494057
BOL,20170208,0.11,0.11,0.11,0.11,96928
BOND,20170208,25.65,25.67,25.65,25.67,1002
BOQ,20170208,11.3,11.465,11.3,11.39,1504006
BOT,20170208,0.045,0.047,0.045,0.045,477212
BPA,20170208,6.5,6.6,6.5,6.6,15886
BPF,20170208,0.225,0.225,0.22,0.22,51933
BPH,20170208,0.006,0.006,0.005,0.006,2392697
BPL,20170208,0.038,0.039,0.037,0.037,364885
BPS,20170208,0.94,0.94,0.92,0.94,11124
BPT,20170208,0.75,0.75,0.73,0.735,5247749
BRB,20170208,0.575,0.585,0.57,0.57,102278
BRC,20170208,0.09,0.09,0.09,0.09,35634
BRG,20170208,8.19,8.43,8.19,8.38,293941
BRK,20170208,0.012,0.013,0.012,0.013,107315
BRL,20170208,0.051,0.052,0.051,0.052,167430
BRN,20170208,0.28,0.285,0.255,0.26,4389726
BRU,20170208,0.175,0.185,0.175,0.185,179794
BSA,20170208,0.34,0.36,0.335,0.36,47672
BSE,20170208,0.235,0.24,0.23,0.24,331992
BSL,20170208,11.24,11.34,11.03,11.09,2370200
BSM,20170208,0.013,0.013,0.013,0.013,2581386
BSN,20170208,0.022,0.022,0.02,0.02,356055
BSR,20170208,0.028,0.028,0.027,0.027,604982
BSX,20170208,0.21,0.21,0.205,0.205,25000
BTI,20170208,1.025,1.025,1.02,1.025,56228
BTT,20170208,9.33,9.56,9.27,9.52,542587
BUB,20170208,0.175,0.175,0.17,0.17,1566692
BUD,20170208,0.05,0.051,0.05,0.051,38006
BUG,20170208,0.38,0.38,0.38,0.38,9000
BUL,20170208,0.042,0.042,0.042,0.042,15125
BUX,20170208,0.2,0.2,0.2,0.2,215326
BUY,20170208,0.01,0.01,0.009,0.009,650376
BVS,20170208,1.415,1.42,1.41,1.42,55016
BWF,20170208,0.81,0.81,0.81,0.81,42811
BWP,20170208,2.91,2.935,2.85,2.86,1414685
BWR,20170208,1.23,1.23,1.23,1.23,14522
BWX,20170208,4.39,4.4,4.23,4.31,502949
BXB,20170208,10.3,10.55,10.3,10.39,4907181
BXN,20170208,0.018,0.021,0.018,0.021,50050
BYE,20170208,0.125,0.125,0.125,0.125,20000
BYI,20170208,1.15,1.15,1.15,1.15,1345
BYL,20170208,0.13,0.13,0.13,0.13,2025
CA8,20170208,0.23,0.26,0.23,0.255,46050
CAA,20170208,0.18,0.185,0.18,0.185,168922
CAB,20170208,3.55,3.58,3.52,3.52,233822
CAD,20170208,0.003,0.003,0.002,0.002,5210686
CAE,20170208,0.014,0.014,0.014,0.014,1
CAF,20170208,0.71,0.71,0.7,0.7,31383
CAJ,20170208,0.125,0.125,0.12,0.12,729560
CAM,20170208,0.91,0.91,0.9,0.9,26342
CAP,20170208,0.063,0.063,0.063,0.063,10376
CAR,20170208,9.99,10.93,9.89,10.83,2259586
CAS,20170208,0.105,0.105,0.1,0.1,588279
CAT,20170208,2.26,2.34,2.22,2.3,704022
CAV,20170208,0.01,0.011,0.01,0.01,3420220
CAY,20170208,0.081,0.081,0.08,0.08,100113
CAZ,20170208,0.074,0.074,0.07,0.07,84116
CBA,20170208,81.77,82.54,81.62,82.35,2112168
CBC,20170208,0.93,0.93,0.93,0.93,433
CBL,20170208,3.6,3.6,3.55,3.6,3669
CCA,20170208,0.645,0.66,0.64,0.66,30928
CCE,20170208,0.088,0.088,0.082,0.083,2540915
CCJ,20170208,0.012,0.014,0.01,0.01,1189992
CCL,20170208,9.78,9.89,9.75,9.86,1329946
CCP,20170208,16.97,17.15,16.86,16.99,187131
CCV,20170208,0.36,0.365,0.355,0.355,151570
CCZ,20170208,0.018,0.018,0.014,0.014,66000
CDA,20170208,2.03,2.04,2,2.03,30359
CDC,20170208,0.12,0.12,0.12,0.12,71002
CDD,20170208,1.2,1.2,1.175,1.175,190449
CDM,20170208,1.197,1.21,1.195,1.2,78765
CDP,20170208,7.76,7.76,7.76,7.76,17
CDU,20170208,0.35,0.36,0.34,0.34,195199
CDV,20170208,0.405,0.405,0.39,0.4,2171924
CDY,20170208,0.032,0.033,0.031,0.031,1045711
CEL,20170208,0.015,0.015,0.015,0.015,10000
CETF,20170208,50.07,50.07,50.06,50.06,400
CFE,20170208,0.018,0.018,0.017,0.018,1135890
CFO,20170208,0.505,0.53,0.48,0.52,263174
CGC,20170208,3.33,3.41,3.32,3.38,645140
CGF,20170208,11.1,11.31,11.04,11.26,1785803
CGL,20170208,4.98,4.98,4.95,4.95,11773
CGM,20170208,0.009,0.009,0.008,0.009,1369299
CGR,20170208,0.24,0.24,0.24,0.24,96840
CGS,20170208,1.28,1.28,1.245,1.245,766946
CHC,20170208,4.82,4.86,4.77,4.82,1676855
CHK,20170208,0.023,0.024,0.019,0.021,21454407
CHN,20170208,0.175,0.175,0.17,0.17,156644
CHP,20170208,0.015,0.015,0.015,0.015,175000
CHZ,20170208,0.042,0.042,0.042,0.042,16700
CIA,20170208,1.19,1.22,1.14,1.16,111568
CIE,20170208,0.965,0.99,0.965,0.99,333163
CIM,20170208,37.2,39.44,36.84,38.85,1632865
CIN,20170208,32.3,32.7,32.3,32.7,3316
CIO,20170208,0.024,0.027,0.024,0.026,2666057
CIP,20170208,2.48,2.49,2.47,2.47,102119
CIW,20170208,0.55,0.57,0.55,0.57,16800
CKA,20170208,0.015,0.015,0.013,0.015,2191999
CKF,20170208,5.65,5.88,5.65,5.77,258882
CL1,20170208,2.58,2.59,2.55,2.57,300704
CL8,20170208,0.018,0.018,0.017,0.017,476459
CLA,20170208,0.036,0.036,0.034,0.034,4951625
CLH,20170208,1.315,1.315,1.295,1.31,236011
CLQ,20170208,0.72,0.735,0.71,0.72,1313439
CLV,20170208,0.505,0.51,0.5,0.51,121480
CLW,20170208,3.86,3.88,3.85,3.86,86766
CM8,20170208,0.11,0.12,0.11,0.12,326546
CMA,20170208,2.26,2.26,2.21,2.22,22365
CMI,20170208,0.935,0.935,0.935,0.935,21989
CMM,20170208,0.105,0.105,0.1,0.1,628569
CMP,20170208,0.73,0.73,0.715,0.72,9627
CMW,20170208,0.985,0.995,0.985,0.99,1785828
CNI,20170208,1.13,1.15,1.125,1.15,77146
CNJ,20170208,0.046,0.046,0.042,0.042,1009136
CNU,20170208,4.03,4.1,4.02,4.1,643498
CNW,20170208,0.02,0.021,0.02,0.021,399380
COB,20170208,0.195,0.195,0.185,0.19,582980
COE,20170208,0.365,0.385,0.365,0.385,1581423
COH,20170208,128.63,132.135,128.01,131.57,237822
COI,20170208,0.085,0.085,0.085,0.085,500000
CPH,20170208,0.235,0.235,0.215,0.23,215536
CPU,20170208,12.75,12.98,12.74,12.95,1825630
CQR,20170208,4.23,4.25,4.22,4.23,589556
CR8,20170208,0.069,0.07,0.063,0.064,2903787
CRB,20170208,0.105,0.105,0.105,0.105,5024
CSL,20170208,112.7,113.2,112.1,112.94,733709
CSR,20170208,4.32,4.375,4.29,4.36,3827604
CSS,20170208,0.035,0.035,0.035,0.035,949069
CSV,20170208,0.76,0.76,0.725,0.725,932016
CT1,20170208,0.029,0.029,0.025,0.025,175863
CTD,20170208,16.79,16.85,16.57,16.66,416600
CTE,20170208,0.19,0.19,0.19,0.19,1896
CTL,20170208,0.016,0.017,0.015,0.015,2971900
CTM,20170208,0.007,0.007,0.007,0.007,1760000
CTN,20170208,1.085,1.09,1.085,1.085,282303
CTO,20170208,0.012,0.012,0.012,0.012,1698578
CTP,20170208,0.175,0.185,0.175,0.18,907388
CTX,20170208,29.19,29.33,28.31,28.41,890403
CUA,20170208,2.2,2.22,2.2,2.22,6204
CUE,20170208,0.087,0.089,0.087,0.089,76000
CUL,20170208,0.003,0.003,0.003,0.003,909069
CUP,20170208,0.82,0.82,0.81,0.815,172951
CUV,20170208,6.99,7.1,6.89,7,31713
CV1,20170208,0.091,0.091,0.089,0.089,355500
CVC,20170208,1.86,1.86,1.86,1.86,595
CVN,20170208,0.098,0.099,0.097,0.097,802991
CVO,20170208,1.92,1.92,1.91,1.92,3358027
CVT,20170208,0.074,0.075,0.072,0.073,282633
CVW,20170208,1.3,1.3,1.29,1.29,100000
CWN,20170208,11.17,11.23,11.15,11.22,1936317
CWP,20170208,5.26,5.3,5.17,5.3,41496
CWY,20170208,1.15,1.16,1.145,1.16,2480794
CXM,20170208,0.069,0.07,0.069,0.069,250000
CXO,20170208,0.088,0.09,0.084,0.087,9813565
CXU,20170208,0.069,0.069,0.069,0.069,40000
CXX,20170208,0.27,0.27,0.26,0.26,186000
CYA,20170208,0.92,0.92,0.92,0.92,25639
CYB,20170208,4.58,4.62,4.57,4.61,3576981
CYG,20170208,0.82,0.82,0.82,0.82,28000
CYL,20170208,0.5,0.5,0.5,0.5,2500
CYP,20170208,0.65,0.65,0.63,0.64,229127
CYQ,20170208,0.04,0.041,0.04,0.04,8447451
CYY,20170208,0.019,0.02,0.019,0.02,690034
CZA,20170208,0.05,0.05,0.05,0.05,242800
CZI,20170208,0.058,0.06,0.058,0.059,287171
CZL,20170208,0.029,0.029,0.029,0.029,476781
CZN,20170208,0.034,0.045,0.034,0.045,111754364
CZZ,20170208,15.4,15.5,15.14,15.32,9205
D13,20170208,0.12,0.125,0.11,0.11,740312
D2O,20170208,1.025,1.05,1.02,1.03,27850
DAF,20170208,0.009,0.009,0.009,0.009,149844
DAU,20170208,0.029,0.029,0.029,0.029,100000
DAV,20170208,0.16,0.165,0.16,0.165,13613
DCC,20170208,0.04,0.04,0.038,0.038,352953
DCG,20170208,1,1.015,0.975,0.975,263941
DCL,20170208,0.22,0.22,0.22,0.22,22500
DCN,20170208,2.49,2.51,2.39,2.47,1193873
DDD,20170208,0.005,0.005,0.005,0.005,3296253
DDR,20170208,2.31,2.33,2.3,2.32,77696
DDT,20170208,0.014,0.014,0.014,0.014,92950
DFM,20170208,0.8,0.83,0.79,0.81,84319
DGH,20170208,0.965,0.965,0.965,0.965,9500
DGR,20170208,0.12,0.12,0.115,0.12,472149
DHR,20170208,0.009,0.009,0.009,0.009,821216
DJRE,20170208,20.2,20.29,20.2,20.24,32902
DJW,20170208,3.63,3.67,3.63,3.65,61771
DKM,20170208,0.2,0.2,0.18,0.18,748456
DKO,20170208,0.057,0.057,0.055,0.056,395707
DLC,20170208,0.005,0.005,0.005,0.005,50
DLX,20170208,6.12,6.21,6.12,6.19,1189257
DMC,20170208,0.08,0.08,0.08,0.08,375000
DME,20170208,0.25,0.3,0.25,0.27,201558
DMG,20170208,0.011,0.012,0.011,0.012,761526
DMI,20170208,0.05,0.05,0.05,0.05,12854
DMP,20170208,59.15,59.75,58.94,59.5,419507
DNA,20170208,0.37,0.39,0.37,0.39,189828
DNK,20170208,0.75,0.755,0.745,0.75,397713
DOW,20170208,6.7,6.795,6.67,6.7,2452100
DRA,20170208,0.29,0.29,0.29,0.29,7601
DRM,20170208,0.46,0.46,0.415,0.425,3872469
DRO,20170208,0.46,0.49,0.46,0.49,284816
DRX,20170208,0.015,0.015,0.015,0.015,200000
DSE,20170208,0.081,0.081,0.081,0.081,75134
DSX,20170208,0.055,0.055,0.052,0.054,1546469
DTI,20170208,0.425,0.425,0.425,0.425,60000
DTL,20170208,1.705,1.725,1.7,1.725,71164
DTM,20170208,0.01,0.011,0.01,0.01,1878034
DTR,20170208,0.04,0.04,0.038,0.038,25500
DTS,20170208,0.305,0.32,0.305,0.32,40000
DTX,20170208,0.22,0.225,0.22,0.225,83586
DTZ,20170208,0.335,0.34,0.32,0.32,329400
DUB,20170208,0.37,0.38,0.365,0.38,196206
DUE,20170208,2.7,2.75,2.7,2.74,7306135
DUI,20170208,3.52,3.58,3.52,3.52,42306
DVL,20170208,0.44,0.45,0.425,0.425,98614
DVN,20170208,0.45,0.45,0.445,0.445,40410
DWS,20170208,1.57,1.58,1.545,1.545,139344
DXB,20170208,0.008,0.008,0.008,0.008,300000
DXS,20170208,9.15,9.15,9.06,9.14,1662432
DYE,20170208,0.22,0.225,0.22,0.225,90417
DYL,20170208,0.024,0.025,0.023,0.023,11150226
EAI,20170208,0.845,0.865,0.845,0.865,14835
EAL,20170208,0.065,0.065,0.065,0.065,18825
EAR,20170208,0.17,0.175,0.17,0.175,134000
EAX,20170208,0.97,0.97,0.94,0.94,6962
EBG,20170208,0.86,0.86,0.86,0.86,630
ECG,20170208,0.2,0.2,0.2,0.2,28000
ECX,20170208,3.62,3.65,3.58,3.61,587243
EDE,20170208,0.305,0.307,0.295,0.295,1405890
EEG,20170208,0.009,0.009,0.009,0.009,936000
EGA,20170208,0.24,0.24,0.22,0.22,257000
EGG,20170208,0.91,0.91,0.91,0.91,11434
EGH,20170208,0.65,0.66,0.65,0.65,72074
EGI,20170208,0.985,0.985,0.985,0.985,62500
EGO,20170208,0.275,0.28,0.275,0.28,18633
EGS,20170208,0.385,0.4,0.38,0.39,212451
EHE,20170208,2.76,2.79,2.75,2.76,826490
EHL,20170208,0.095,0.098,0.093,0.094,1322561
ELD,20170208,4.26,4.33,4.16,4.29,245093
ELK,20170208,0.076,0.076,0.075,0.076,20081835
ELT,20170208,0.011,0.012,0.011,0.011,2848761
ELX,20170208,1.1,1.1,1.065,1.09,207729
EMB,20170208,11,11,11,11,770
EMC,20170208,0.795,0.8,0.78,0.785,318018
EME,20170208,0.115,0.12,0.11,0.12,25800
EMF,20170208,1.78,1.78,1.78,1.78,52815
EMH,20170208,0.8,0.84,0.8,0.84,275069
EML,20170208,1.6,1.61,1.545,1.565,412241
EMR,20170208,0.048,0.048,0.047,0.047,972615
EMX,20170208,0.054,0.055,0.054,0.054,349135
ENB,20170208,0.008,0.008,0.008,0.008,2664226
ENN,20170208,2.12,2.12,2.11,2.12,156697
EOS,20170208,1.885,1.895,1.85,1.895,26009
EPA,20170208,0.002,0.002,0.002,0.002,250000
EPD,20170208,0.47,0.47,0.445,0.465,208297
EPM,20170208,0.007,0.007,0.007,0.007,4108913
EPT,20170208,0.023,0.023,0.021,0.022,2490568
EPW,20170208,1.18,1.18,1.165,1.175,254253
EQE,20170208,0.01,0.011,0.01,0.011,563177
EQT,20170208,18.36,18.6,18.36,18.36,779
EQU,20170208,0.11,0.11,0.095,0.098,3308751
EQX,20170208,0.455,0.455,0.45,0.45,10000
ERA,20170208,0.715,0.73,0.715,0.72,679017
ERL,20170208,0.026,0.027,0.026,0.027,743794
ERM,20170208,0.115,0.115,0.11,0.11,705397
ESH,20170208,0.024,0.025,0.023,0.023,650000
ESI,20170208,0.015,0.016,0.015,0.016,561971
ESR,20170208,0.048,0.053,0.047,0.053,14119009
ESV,20170208,0.12,0.12,0.12,0.12,74106
ETF,20170208,19,19,19,19,9
ETPMAG,20170208,22.2,22.5,22.2,22.45,17781
ETPMPD,20170208,99.8,99.8,99.8,99.8,0
ETPMPM,20170208,120.17,120.17,120.14,120.14,240
ETPMPT,20170208,126.8,126.8,126.8,126.8,20
EUR,20170208,0.057,0.058,0.056,0.058,370342
EVN,20170208,2.38,2.39,2.31,2.35,8284002
EVS,20170208,0.068,0.071,0.068,0.071,157710
EVT,20170208,14,14.1,13.9,13.98,28261
EVZ,20170208,0.015,0.015,0.015,0.015,1
EWC,20170208,0.425,0.425,0.375,0.39,546473
EXC,20170208,0.051,0.051,0.051,0.051,242213
EXG,20170208,0.024,0.025,0.024,0.025,58432
EXO,20170208,0.003,0.003,0.003,0.003,2150000
EXU,20170208,0.069,0.07,0.069,0.069,89100
EYM,20170208,0.009,0.009,0.009,0.009,2325000
FAR,20170208,0.075,0.076,0.073,0.074,2188026
FBR,20170208,0.081,0.094,0.081,0.093,5411634
FBU,20170208,9.91,9.91,9.69,9.75,678074
FCT,20170208,0.53,0.54,0.53,0.54,175621
FDM,20170208,0.12,0.12,0.105,0.115,2626283
FDV,20170208,0.45,0.45,0.45,0.45,72246
FET,20170208,2.44,2.48,2.44,2.45,90754
FFC,20170208,0.14,0.14,0.1,0.13,164500
FFG,20170208,0.03,0.03,0.03,0.03,16000
FFI,20170208,3.85,3.89,3.85,3.89,13000
FFT,20170208,0.15,0.155,0.14,0.155,242333
FGG,20170208,1.055,1.06,1.05,1.05,151229
FGR,20170208,0.115,0.125,0.115,0.12,989073
FGX,20170208,1.145,1.15,1.145,1.15,181763
FHS,20170208,0.1,0.1,0.1,0.1,321878
FID,20170208,3.7,3.77,3.7,3.77,8912
FIG,20170208,0.63,0.63,0.6,0.62,451118
FLK,20170208,0.955,0.955,0.955,0.955,588000
FLN,20170208,0.985,1.005,0.975,0.98,34777
FLT,20170208,29.3,29.57,29.3,29.47,191029
FMG,20170208,6.59,6.77,6.54,6.6,15793834
FML,20170208,0.52,0.52,0.46,0.46,35732
FMS,20170208,0.08,0.086,0.079,0.085,2892448
FND,20170208,0.17,0.17,0.17,0.17,870149
FNP,20170208,4,4.03,3.92,3.97,57887
FNT,20170208,0.027,0.027,0.027,0.027,397411
FOD,20170208,0.05,0.052,0.05,0.052,126000
FOR,20170208,1.97,1.98,1.97,1.98,14300
FPH,20170208,8.45,8.56,8.45,8.56,249515
FRI,20170208,0.965,0.965,0.965,0.965,15072
FRM,20170208,1.68,1.785,1.68,1.775,1167
FRN,20170208,0.021,0.021,0.021,0.021,1001791
FRX,20170208,0.095,0.095,0.095,0.095,170000
FSA,20170208,1.305,1.305,1.305,1.305,6000
FSF,20170208,5.88,5.93,5.82,5.89,205483
FTT,20170208,0.063,0.063,0.061,0.063,465070
FTZ,20170208,0.1,0.1,0.095,0.095,113000
FWD,20170208,1.905,1.92,1.9,1.92,25438
FXJ,20170208,0.875,0.9,0.875,0.885,4489107
FXL,20170208,2.19,2.27,2.17,2.25,771471
GAP,20170208,0.4,0.405,0.4,0.405,63900
GBG,20170208,0.029,0.031,0.029,0.029,848349
GBP,20170208,0.026,0.026,0.026,0.026,50000
GBR,20170208,0.14,0.14,0.14,0.14,35536
GBT,20170208,2.85,2.89,2.8,2.85,86632
GBX,20170208,0.005,0.005,0.005,0.005,850000
GBZ,20170208,0.014,0.014,0.014,0.014,42365
GC1,20170208,0.945,0.95,0.945,0.95,32550
GCS,20170208,0.58,0.58,0.57,0.575,328060
GCY,20170208,0.625,0.625,0.6,0.61,173248
GDF,20170208,1.05,1.06,1.05,1.06,68055
GDI,20170208,0.99,0.99,0.985,0.987,33757
GDX,20170208,32.41,33.12,32.41,33.1,12306
GEAR,20170208,19.92,20.12,19.92,20.12,9935
GEM,20170208,3.48,3.54,3.48,3.53,801006
GES,20170208,0.018,0.018,0.018,0.018,800000
GEV,20170208,0.18,0.19,0.18,0.185,247418
GFL,20170208,1.68,1.7,1.65,1.65,32166
GFY,20170208,1.09,1.09,1.04,1.08,47213
GGG,20170208,0.145,0.155,0.14,0.15,4388202
GGL,20170208,0.017,0.017,0.015,0.017,121497
GGUS,20170208,11.53,11.53,11.53,11.53,180
GGX,20170208,0.004,0.004,0.004,0.004,745000
GHC,20170208,1.85,1.95,1.85,1.95,36828
GID,20170208,0.029,0.029,0.028,0.028,404997
GLF,20170208,0.011,0.011,0.01,0.011,2170000
GLL,20170208,0.12,0.12,0.12,0.12,50000
GMA,20170208,3.25,3.25,2.76,2.87,6706145
GME,20170208,0.054,0.063,0.054,0.057,623548
GMG,20170208,7.09,7.14,7.03,7.13,5466172
GMN,20170208,0.125,0.125,0.12,0.12,475594
GMR,20170208,0.009,0.009,0.008,0.008,8027833
GMY,20170208,1.02,1.02,1.02,1.02,1000
GNC,20170208,9.4,9.47,9.35,9.41,596743
GNG,20170208,1.54,1.585,1.535,1.565,47939
GNX,20170208,0.192,0.195,0.182,0.182,406786
GOLD,20170208,153.99,154.8,153.35,154.4,13662
GOO,20170208,0.215,0.215,0.215,0.215,220000
GOR,20170208,0.605,0.605,0.58,0.58,1416081
GOVT,20170208,25.54,25.54,25.54,25.54,729
GOZ,20170208,3.1,3.13,3.1,3.1,153488
GPP,20170208,0.026,0.026,0.025,0.025,3160546
GPR,20170208,0.039,0.041,0.039,0.04,1996491
GPT,20170208,4.7,4.76,4.68,4.74,5341649
GPX,20170208,0.385,0.39,0.38,0.38,107409
GRB,20170208,0.046,0.046,0.046,0.046,220030
GRR,20170208,0.22,0.235,0.22,0.23,1721750
GRV,20170208,0.044,0.044,0.044,0.044,15000
GSC,20170208,0.115,0.115,0.115,0.115,660284
GSS,20170208,0.42,0.42,0.42,0.42,3242
GSW,20170208,0.33,0.33,0.33,0.33,2575
GTE,20170208,0.025,0.028,0.024,0.028,5148348
GTG,20170208,0.011,0.011,0.011,0.011,110000
GTK,20170208,3.05,3.05,3,3.02,13824
GTN,20170208,2.7,2.7,2.7,2.7,833
GTY,20170208,2.02,2.03,2,2,1003711
GUD,20170208,10.03,10.07,9.85,10.02,208026
GVF,20170208,1.15,1.15,1.15,1.15,8675
GWA,20170208,2.7,2.775,2.695,2.75,1213030
GWR,20170208,0.042,0.042,0.042,0.042,2258
GXL,20170208,6.46,6.65,6.44,6.51,544999
GXY,20170208,0.56,0.585,0.555,0.56,21449733
GZL,20170208,2.3,2.3,2.3,2.3,1400
HAO,20170208,0.145,0.145,0.145,0.145,100000
HAV,20170208,0.72,0.72,0.69,0.69,22454
HAW,20170208,0.03,0.03,0.03,0.03,170000
HCH,20170208,0.03,0.034,0.03,0.032,1081449
HCT,20170208,0.125,0.125,0.125,0.125,6184
HEG,20170208,0.002,0.002,0.002,0.002,10000000
HFA,20170208,2.12,2.13,2.09,2.13,606263
HFR,20170208,1.2,1.25,1.2,1.225,217533
HGG,20170208,3.54,3.64,3.53,3.62,7013725
HGO,20170208,0.06,0.06,0.055,0.06,296567
HHL,20170208,2.3,2.3,2.27,2.28,116119
HHV,20170208,1.19,1.195,1.18,1.18,262765
HHY,20170208,0.105,0.105,0.105,0.105,39926
HIG,20170208,0.067,0.071,0.067,0.071,102777
HIL,20170208,0.335,0.345,0.335,0.34,72159
HLO,20170208,3.9,3.9,3.9,3.9,16297
HLX,20170208,0.056,0.056,0.054,0.054,762859
HML,20170208,1.7,1.7,1.685,1.685,40026
HMO,20170208,0.15,0.15,0.15,0.15,400000
HMX,20170208,0.051,0.054,0.049,0.049,2895215
HNR,20170208,0.015,0.015,0.015,0.015,1190301
HOG,20170208,0.007,0.007,0.007,0.007,304116
HOM,20170208,0.445,0.445,0.445,0.445,2560
HOR,20170208,0.022,0.023,0.022,0.023,362191
HOT,20170208,0.175,0.175,0.175,0.175,20000
HPI,20170208,2.77,2.8,2.75,2.78,211098
HRR,20170208,0.125,0.125,0.125,0.125,265996
HSK,20170208,0.085,0.09,0.082,0.082,370000
HSN,20170208,3.73,3.78,3.69,3.73,260230
HSO,20170208,2.26,2.32,2.26,2.3,9914981
HT8,20170208,0.09,0.09,0.08,0.08,30000
HTA,20170208,0.075,0.075,0.075,0.075,42005
HUB,20170208,4.95,5.05,4.87,4.98,144011
HUO,20170208,4.42,4.46,4.42,4.45,80866
HVN,20170208,4.93,4.93,4.83,4.88,2114175
HVST,20170208,19.79,19.86,19.78,19.85,160672
HXG,20170208,0.255,0.26,0.24,0.25,542024
HZN,20170208,0.061,0.061,0.06,0.06,614453
HZR,20170208,0.655,0.655,0.65,0.655,157035
IAA,20170208,65.74,65.74,64.61,65.02,3964
IAB,20170208,1.27,1.27,1.27,1.27,4500
IAF,20170208,105.6,105.68,105.29,105.65,6489
IAG,20170208,5.76,5.83,5.76,5.82,3283122
IAM,20170208,0.065,0.065,0.062,0.063,2412203
IAU,20170208,1.2,1.2,1.2,1.2,15411
IBG,20170208,0.1,0.105,0.098,0.099,4238935
IBK,20170208,45.36,45.62,45.36,45.62,1435
IBN,20170208,0.008,0.008,0.008,0.008,437000
ICG,20170208,0.02,0.021,0.019,0.019,6438866
ICN,20170208,0.03,0.03,0.03,0.03,123650
ICQ,20170208,0.23,0.23,0.215,0.215,503778
ICT,20170208,0.05,0.052,0.048,0.052,2235845
ICU,20170208,0.056,0.056,0.056,0.056,38929
IDA,20170208,0.08,0.08,0.08,0.08,16000
IDR,20170208,2.08,2.09,2.08,2.08,55916
IDT,20170208,0.175,0.175,0.175,0.175,39198
IDX,20170208,1.11,1.13,1.1,1.12,117052
IEC,20170208,0.026,0.026,0.026,0.026,200000
IEL,20170208,3.95,4,3.86,3.9,413888
IEM,20170208,49,49.16,48.85,49.07,12341
IEU,20170208,51.9,52.03,50.73,51.96,13043
IFL,20170208,8.92,9.02,8.87,8.99,1067797
IFM,20170208,0.725,0.725,0.71,0.72,1590518
IFN,20170208,1.005,1.01,0.98,1,1941426
IGB,20170208,102.7,102.81,102.7,102.7,408
IGL,20170208,2.4,2.45,2.36,2.39,416545
IGO,20170208,4.01,4.03,3.96,3.98,1889564
IHCB,20170208,105.26,105.26,104.99,104.99,979
IHD,20170208,13.73,13.73,13.68,13.71,9095
IHEB,20170208,105.34,105.34,105.34,105.34,238
IHHY,20170208,109.24,109.24,109,109,95
IHK,20170208,27.45,27.45,27.45,27.45,2
IHL,20170208,0.065,0.065,0.064,0.065,75000
IHOO,20170208,107.2,107.2,106.51,106.51,527
IHS,20170208,0.032,0.035,0.032,0.035,83505
IHVV,20170208,292.56,293.41,292.56,292.63,1158
IIL,20170208,0.915,0.93,0.875,0.9,360538
IJH,20170208,221.75,221.75,221.05,221.47,1166
IJP,20170208,66.91,66.91,66.64,66.86,2154
IJR,20170208,89.13,89.77,89.13,89.77,1333
IKO,20170208,76.4,76.4,75.47,75.47,688
ILB,20170208,113.74,113.85,113.5,113.5,536
ILC,20170208,23.16,23.28,23.16,23.28,6802
ILU,20170208,7.02,7.05,6.96,7,1947515
IMA,20170208,0.045,0.045,0.044,0.044,185916
IMC,20170208,0.3,0.3,0.3,0.3,7000
IMD,20170208,0.71,0.735,0.685,0.69,3032187
IMF,20170208,1.76,1.77,1.74,1.74,330775
IMU,20170208,0.018,0.02,0.017,0.017,25235006
INA,20170208,2.6,2.62,2.6,2.6,166036
ING,20170208,3.25,3.385,3.25,3.36,1321376
INK,20170208,0.07,0.07,0.07,0.07,3607
INL,20170208,0.021,0.022,0.021,0.021,1905139
INM,20170208,47.87,48.47,47.75,47.82,104601
INV,20170208,0.31,0.31,0.31,0.31,7000
IOF,20170208,4.54,4.59,4.53,4.58,1191933
IOO,20170208,102.05,102.92,102.05,102.74,14158
IOT,20170208,0.037,0.041,0.037,0.04,13965116
IOZ,20170208,23.02,23.14,23.02,23.13,25117
IP1,20170208,0.185,0.185,0.185,0.185,3500
IPD,20170208,0.82,0.855,0.815,0.855,1043076
IPH,20170208,4.84,4.85,4.78,4.82,670783
IPL,20170208,3.71,3.725,3.685,3.71,3984801
IPT,20170208,0.024,0.024,0.024,0.024,375000
IRD,20170208,0.14,0.14,0.12,0.12,125600
IRE,20170208,10.86,11.06,10.8,11.01,389718
IRI,20170208,2.9,2.95,2.85,2.85,11376
IRU,20170208,177.25,177.25,176.85,177.05,298
ISD,20170208,2.53,2.56,2.47,2.52,1160953
ISG,20170208,28.5,28.65,28.5,28.65,821
ISH,20170208,0.022,0.022,0.022,0.022,97728
ISO,20170208,4.2,4.2,4.18,4.18,172
ISU,20170208,1.7,1.72,1.7,1.705,3011192
ISX,20170208,0.185,0.185,0.175,0.175,367962
ITD,20170208,0.38,0.41,0.36,0.41,143850
ITW,20170208,41.57,41.57,41.15,41.5,342
IVC,20170208,12.97,13.1,12.92,13,174640
IVE,20170208,78,78.18,77.91,78.09,2640
IVO,20170208,0.019,0.019,0.019,0.019,427000
IVQ,20170208,0.08,0.08,0.08,0.08,5500
IVR,20170208,0.038,0.038,0.038,0.038,488728
IVV,20170208,301.97,302.38,300.8,301.95,9484
IVX,20170208,0.002,0.003,0.002,0.002,2018544
IXI,20170208,124,124.4,123.97,124.3,663
IXJ,20170208,128.61,128.9,128.23,128.31,4844
IXP,20170208,76.51,76.53,76.51,76.53,585
IZZ,20170208,48.38,48.4,48.12,48.4,1860
JAL,20170208,0.105,0.105,0.1,0.105,157106
JBH,20170208,27.85,28.13,27.76,28.08,798512
JCI,20170208,0.695,0.695,0.695,0.695,1000
JHC,20170208,1.97,1.99,1.952,1.965,600625
JHX,20170208,19.3,19.82,19.11,19.34,1089779
JIN,20170208,1.625,1.63,1.58,1.58,21786
JIP,20170208,0.19,0.2,0.19,0.2,188000
JKA,20170208,0.004,0.005,0.004,0.005,11000000
JKL,20170208,0.265,0.265,0.265,0.265,108751
JYC,20170208,1.45,1.5,1.45,1.5,20580
K2F,20170208,0.155,0.165,0.155,0.165,33461
K2P,20170208,0.15,0.16,0.15,0.16,140448
KAI,20170208,0.038,0.038,0.036,0.036,167436
KAM,20170208,0.37,0.425,0.37,0.425,604349
KAR,20170208,1.725,1.765,1.705,1.735,598584
KAS,20170208,0.021,0.021,0.021,0.021,947683
KBC,20170208,0.135,0.135,0.135,0.135,20000
KBU,20170208,0.019,0.019,0.019,0.019,250000
KCN,20170208,0.31,0.32,0.295,0.3,722736
KDR,20170208,0.49,0.49,0.47,0.475,1368357
KEY,20170208,0.005,0.005,0.005,0.005,399000
KFE,20170208,0.014,0.014,0.014,0.014,1600121
KGL,20170208,0.26,0.26,0.26,0.26,326600
KGN,20170208,1.55,1.55,1.55,1.55,17793
KIN,20170208,0.22,0.22,0.215,0.215,45563
KKT,20170208,0.51,0.51,0.51,0.51,2184
KLL,20170208,0.24,0.24,0.24,0.24,26090
KLR,20170208,0.045,0.045,0.045,0.045,48000
KMD,20170208,1.84,1.875,1.83,1.865,311128
KME,20170208,0.345,0.35,0.345,0.35,50200
KNL,20170208,0.17,0.17,0.165,0.17,155048
KNM,20170208,0.015,0.015,0.015,0.015,180000
KNO,20170208,0.175,0.175,0.175,0.175,6578
KOR,20170208,0.018,0.018,0.018,0.018,300000
KOV,20170208,2.67,2.68,2.65,2.68,5907
KPC,20170208,0.065,0.065,0.065,0.065,5000
KPL,20170208,0.072,0.072,0.07,0.07,304170
KPO,20170208,0.092,0.093,0.09,0.093,565512
KRC,20170208,0.007,0.008,0.007,0.008,262069
KSL,20170208,1.025,1.025,1.02,1.02,25070
KSN,20170208,0.034,0.037,0.034,0.035,2171822
KTE,20170208,0.018,0.018,0.018,0.018,186073
KYK,20170208,0.22,0.22,0.21,0.21,113034
KZR,20170208,0.185,0.185,0.18,0.18,231905
LAU,20170208,0.365,0.365,0.345,0.36,545233
LBT,20170208,0.33,0.33,0.325,0.325,297650
LCA,20170208,0.64,0.64,0.64,0.64,40000
LCD,20170208,0.028,0.028,0.027,0.027,380000
LCK,20170208,0.15,0.15,0.15,0.15,65887
LCM,20170208,0.375,0.375,0.365,0.365,37000
LCT,20170208,0.115,0.115,0.1,0.1,1448895
LEP,20170208,4.42,4.42,4.32,4.35,20319
LER,20170208,0.14,0.145,0.14,0.145,24870
LEX,20170208,0.165,0.2,0.165,0.19,296816
LGD,20170208,0.22,0.225,0.22,0.225,2501
LGR,20170208,0.06,0.06,0.06,0.06,180000
LHC,20170208,2.38,2.38,2.34,2.38,9447
LIC,20170208,3.79,3.81,3.72,3.72,25765
LIO,20170208,0.06,0.06,0.06,0.06,16000
LIT,20170208,0.185,0.185,0.175,0.175,1039693
LKO,20170208,0.002,0.002,0.001,0.002,5520000
LLC,20170208,14.38,14.58,14.34,14.46,1160518
LMG,20170208,0.026,0.026,0.026,0.026,249236
LML,20170208,0.038,0.04,0.038,0.04,217189
LNG,20170208,0.775,0.78,0.745,0.75,2056763
LNK,20170208,7.33,7.4,7.29,7.38,1031010
LNU,20170208,0.049,0.055,0.049,0.055,2789703
LOM,20170208,0.37,0.375,0.365,0.375,494514
LOV,20170208,3.73,3.83,3.7,3.71,78424
LPD,20170208,0.019,0.02,0.018,0.018,67665330
LPE,20170208,0.022,0.022,0.022,0.022,205174
LPI,20170208,0.315,0.32,0.31,0.32,152912
LRS,20170208,0.016,0.018,0.016,0.018,28340599
LSH,20170208,0.31,0.31,0.28,0.28,573095
LSR,20170208,0.01,0.01,0.01,0.01,59229
LTR,20170208,0.029,0.029,0.027,0.028,8616798
LVH,20170208,0.44,0.445,0.435,0.44,408702
LWP,20170208,0.001,0.001,0.001,0.001,4661444
LYC,20170208,0.096,0.098,0.094,0.095,27518651
LYL,20170208,2.56,2.56,2.55,2.55,5000
M7T,20170208,0.32,0.32,0.28,0.3,238861
MA1,20170208,0.85,0.87,0.85,0.87,19613
MAH,20170208,0.145,0.147,0.145,0.147,530860
MAR,20170208,0.003,0.003,0.003,0.003,1000000
MAT,20170208,0.19,0.19,0.185,0.185,128009
MAY,20170208,0.023,0.023,0.022,0.022,410233
MBE,20170208,0.074,0.076,0.071,0.073,11942978
MBK,20170208,0.03,0.033,0.03,0.032,879588
MCA,20170208,0.06,0.061,0.06,0.061,611967
MCE,20170208,0.5,0.5,0.49,0.49,102364
MCP,20170208,1.03,1.04,1.025,1.04,11420
MCR,20170208,0.27,0.27,0.26,0.26,150519
MCT,20170208,0.072,0.074,0.067,0.069,1912827
MCY,20170208,2.96,2.96,2.95,2.95,724
MDC,20170208,0.7,0.74,0.68,0.72,103261
MDI,20170208,0.018,0.018,0.018,0.018,464000
MDL,20170208,0.53,0.55,0.49,0.525,249445
MDR,20170208,0.035,0.035,0.035,0.035,1262621
MEA,20170208,0.715,0.74,0.69,0.69,290898
MEB,20170208,0.365,0.365,0.365,0.365,28030
MED,20170208,0.017,0.018,0.017,0.018,1890297
MEI,20170208,0.011,0.011,0.011,0.011,2900
MEL,20170208,0.043,0.043,0.041,0.041,277895
MEP,20170208,0.089,0.089,0.089,0.089,116249
MEU,20170208,0.023,0.023,0.022,0.023,278529
MEY,20170208,0.17,0.17,0.17,0.17,173
MEZ,20170208,2.6,2.6,2.56,2.56,18079
MFD,20170208,1.19,1.19,1.19,1.19,58705
MFF,20170208,1.85,1.86,1.845,1.855,175749
MFG,20170208,23.55,24.315,23.53,24.23,648127
MGC,20170208,0.98,0.98,0.965,0.975,178696
MGE,20170208,2.6,2.63,2.6,2.62,331807
MGL,20170208,0.036,0.036,0.035,0.036,420643
MGP,20170208,0.325,0.325,0.325,0.325,7855
MGR,20170208,2.08,2.11,2.075,2.1,22460458
MGT,20170208,0.041,0.041,0.041,0.041,150000
MGV,20170208,0.073,0.073,0.072,0.072,214438
MGX,20170208,0.365,0.367,0.355,0.36,955617
MHG,20170208,2.6,2.6,2.6,2.6,34597
MHI,20170208,0.175,0.175,0.175,0.175,16
MHJ,20170208,1.26,1.31,1.25,1.3,65467
MIL,20170208,1.6,1.6,1.57,1.57,9143
MIN,20170208,12.32,12.68,12.27,12.61,600155
MIR,20170208,2.82,2.86,2.82,2.86,30471
MJC,20170208,0.014,0.02,0.014,0.02,1262000
MJP,20170208,0.21,0.23,0.2,0.23,89162
MLB,20170208,1.95,1.95,1.92,1.94,21209
MLD,20170208,1.65,1.65,1.615,1.64,99328
MLM,20170208,0.061,0.061,0.061,0.061,58200
MLS,20170208,0.014,0.014,0.014,0.014,14281996
MLT,20170208,4.42,4.45,4.41,4.41,445511
MLX,20170208,0.745,0.76,0.725,0.75,2853243
MMI,20170208,0.16,0.18,0.16,0.17,780107
MMJ,20170208,0.26,0.295,0.25,0.29,2263612
MML,20170208,0.435,0.435,0.4,0.41,1460000
MMR,20170208,0.032,0.035,0.03,0.03,82047
MMS,20170208,10.37,10.62,10.37,10.51,245877
MNC,20170208,0.08,0.081,0.08,0.081,3324
MND,20170208,10.38,10.88,10.38,10.83,232013
MNE,20170208,0.019,0.019,0.019,0.019,170
MNF,20170208,4.77,4.81,4.76,4.81,53209
MNM,20170208,0.011,0.011,0.01,0.01,13485495
MNS,20170208,0.69,0.69,0.675,0.68,856046
MNY,20170208,1.735,1.77,1.725,1.77,130402
MOAT,20170208,47.5,47.65,47.5,47.56,2548
MOC,20170208,2.45,2.47,2.43,2.44,51769
MOD,20170208,0.034,0.036,0.034,0.036,4777845
MOX,20170208,0.01,0.01,0.01,0.01,350000
MOY,20170208,0.33,0.34,0.325,0.33,2272857
MP1,20170208,2.4,2.42,2.31,2.31,311839
MPL,20170208,2.72,2.77,2.7,2.76,7721816
MPO,20170208,0.155,0.155,0.155,0.155,179016
MPP,20170208,1.8,1.8,1.46,1.46,56282
MPX,20170208,0.27,0.27,0.27,0.27,13000
MQA,20170208,5.18,5.28,5.12,5.26,2448333
MQG,20170208,82.5,83.92,82.31,83.71,800572
MRC,20170208,0.125,0.135,0.125,0.135,213077
MRD,20170208,0.008,0.008,0.008,0.008,4165353
MRG,20170208,1.27,1.3,1.27,1.3,111332
MRM,20170208,0.285,0.29,0.285,0.285,202290
MRQ,20170208,0.014,0.015,0.014,0.015,150000
MRV,20170208,0.004,0.004,0.004,0.004,1000000
MSB,20170208,1.47,1.47,1.425,1.455,389359
MSG,20170208,0.026,0.026,0.026,0.026,19500
MSM,20170208,0.23,0.235,0.225,0.225,180185
MSR,20170208,0.006,0.006,0.005,0.005,6184027
MSV,20170208,0.03,0.033,0.029,0.033,1031713
MTB,20170208,0.008,0.008,0.007,0.007,1172381
MTO,20170208,3.97,4.05,3.95,3.95,32088
MTR,20170208,2.94,2.96,2.92,2.95,939222
MTS,20170208,2.15,2.19,2.15,2.17,3677897
MUA,20170208,0.835,0.835,0.81,0.81,32674
MUS,20170208,0.055,0.059,0.055,0.057,11881466
MVA,20170208,19.42,19.56,19.42,19.56,357
MVF,20170208,1.73,1.73,1.7,1.71,150050
MVP,20170208,5.15,5.29,5.15,5.25,46810
MVR,20170208,20.58,20.6,20.49,20.58,607350
MVS,20170208,17.31,17.33,17.27,17.33,602
MVW,20170208,24.71,24.81,24.69,24.79,17635
MWY,20170208,2.54,2.59,2.5,2.59,13900
MX1,20170208,0.46,0.46,0.46,0.46,29349
MXC,20170208,0.041,0.041,0.039,0.04,2555886
MXI,20170208,0.67,0.67,0.645,0.645,135150
MXR,20170208,0.003,0.003,0.003,0.003,1453333
MYO,20170208,3.6,3.6,3.55,3.57,568757
MYR,20170208,1.215,1.24,1.215,1.24,2245617
MYS,20170208,4.6,4.63,4.51,4.63,144546
MYX,20170208,1.27,1.345,1.26,1.335,14393050
MZI,20170208,0.265,0.265,0.265,0.265,238656
MZM,20170208,0.14,0.14,0.135,0.14,250100
MZN,20170208,0.025,0.025,0.024,0.024,1959366
NAB,20170208,30.53,30.74,30.4,30.63,5046061
NAC,20170208,1.135,1.14,1.135,1.135,27050
NAE,20170208,0.028,0.028,0.026,0.026,7673614
NAG,20170208,0.06,0.061,0.059,0.059,483730
NAN,20170208,2.91,2.92,2.86,2.88,824210
NBL,20170208,1.45,1.46,1.44,1.45,56300
NCC,20170208,1.325,1.34,1.325,1.34,49973
NCK,20170208,6.47,6.5,6.37,6.45,87719
NCL,20170208,0.04,0.04,0.035,0.035,50000
NCM,20170208,23.85,23.95,23.51,23.59,2540362
NCR,20170208,0.006,0.006,0.005,0.005,931125
NDQ,20170208,11.79,11.8,11.75,11.79,31934
NEA,20170208,0.605,0.62,0.595,0.595,711380
NEC,20170208,1,1,0.985,0.985,4597497
NEN,20170208,0.22,0.22,0.22,0.22,256841
NEU,20170208,0.089,0.091,0.087,0.088,4726724
NGE,20170208,0.4,0.405,0.4,0.405,60000
NHC,20170208,1.595,1.635,1.59,1.625,67900
NHF,20170208,4.63,4.71,4.57,4.71,1909791
NHL,20170208,0.035,0.037,0.035,0.035,140364
NIU,20170208,0.005,0.005,0.004,0.005,37415098
NML,20170208,0.046,0.046,0.042,0.042,786837
NMT,20170208,0.375,0.38,0.36,0.36,1013172
NOR,20170208,0.023,0.023,0.023,0.023,1564500
NOV,20170208,0.165,0.165,0.165,0.165,25000
NOX,20170208,0.515,0.515,0.5,0.5,49364
NRT,20170208,0.085,0.085,0.084,0.084,45750
NSL,20170208,0.041,0.041,0.039,0.041,7730237
NSR,20170208,1.435,1.435,1.415,1.425,1254931
NST,20170208,4.3,4.3,4.18,4.23,2853773
NSX,20170208,0.27,0.27,0.27,0.27,5134
NTC,20170208,1.795,1.8,1.732,1.735,210982
NTI,20170208,0.28,0.28,0.265,0.28,150000
NTL,20170208,0.005,0.005,0.005,0.005,100000
NTM,20170208,0.066,0.066,0.064,0.065,211929
NTU,20170208,0.12,0.12,0.12,0.12,107926
NUF,20170208,8.99,9,8.83,8.86,387230
NUH,20170208,0.12,0.12,0.115,0.12,916859
NVL,20170208,2.17,2.19,2.1,2.15,10062
NVO,20170208,0.055,0.055,0.055,0.055,52336
NVT,20170208,4.67,4.72,4.65,4.71,1385197
NWF,20170208,0.27,0.27,0.27,0.27,10000
NWH,20170208,0.68,0.71,0.68,0.695,426554
NWS,20170208,16.3,16.45,16.3,16.45,196559
NWZ,20170208,0.004,0.004,0.004,0.004,3918267
NXM,20170208,0.12,0.12,0.115,0.115,50000
NXT,20170208,3.06,3.1,3.02,3.07,948024
NZC,20170208,0.21,0.22,0.21,0.22,101412
NZK,20170208,1.3,1.3,1.3,1.3,5000
NZM,20170208,0.635,0.635,0.625,0.63,120555
OBJ,20170208,0.064,0.065,0.064,0.065,483783
OBL,20170208,0.003,0.003,0.003,0.003,3300001
OCC,20170208,0.47,0.48,0.46,0.48,251167
OEC,20170208,0.83,0.83,0.83,0.83,99565
OEL,20170208,0.035,0.035,0.034,0.034,934950
OEX,20170208,0.007,0.007,0.007,0.007,725000
OFX,20170208,1.39,1.405,1.375,1.395,1628252
OGC,20170208,4.4,4.45,4.3,4.37,284617
OGX,20170208,0.072,0.074,0.069,0.07,6822110
OIL,20170208,0.05,0.05,0.048,0.048,275940
OKU,20170208,0.18,0.19,0.17,0.19,8084831
OLV,20170208,0.045,0.045,0.045,0.045,59966
OMH,20170208,0.13,0.13,0.13,0.13,230000
OML,20170208,4.34,4.39,4.28,4.38,352561
ONE,20170208,6.6,6.6,6.5,6.55,67305
ONT,20170208,7.64,7.65,7.605,7.65,3674
OOK,20170208,0.025,0.026,0.025,0.026,253460
OOO,20170208,15.29,15.36,15.26,15.36,73383
OPT,20170208,0.95,0.95,0.89,0.94,104779
ORA,20170208,2.9,2.93,2.89,2.92,2993912
ORE,20170208,3.98,4.02,3.88,3.92,1710472
ORG,20170208,6.95,7,6.89,6.9,4925506
ORI,20170208,18.6,18.76,18.6,18.62,666643
ORL,20170208,1.675,1.675,1.665,1.675,20756
ORN,20170208,0.02,0.02,0.019,0.019,480523
ORR,20170208,0.54,0.55,0.54,0.54,62838
OSH,20170208,6.99,6.99,6.855,6.88,4376043
OSL,20170208,0.1,0.1,0.097,0.098,470484
OSP,20170208,0.46,0.47,0.445,0.46,72385
OTR,20170208,0.32,0.32,0.32,0.32,250
OTW,20170208,2.3,2.45,2.3,2.45,11000
OVH,20170208,0.57,0.58,0.565,0.565,63082
OVL,20170208,0.021,0.022,0.021,0.021,477533
OVN,20170208,0.79,0.79,0.79,0.79,3000
OZF,20170208,20.32,20.4,20.32,20.4,10100
OZL,20170208,9.05,9.375,9.01,9.27,1925856
OZR,20170208,8.58,8.61,8.58,8.6,5002
PAA,20170208,0.052,0.053,0.05,0.05,250000
PAB,20170208,0.006,0.006,0.006,0.006,368750
PAC,20170208,5.15,5.23,5.12,5.2,32724
PAF,20170208,0.945,0.945,0.94,0.94,62400
PAI,20170208,0.93,0.935,0.915,0.92,219937
PAK,20170208,0.097,0.097,0.096,0.096,216306
PAN,20170208,0.32,0.34,0.32,0.34,1951548
PBP,20170208,0.53,0.53,0.505,0.505,8000
PBT,20170208,0.052,0.052,0.052,0.052,34116
PCH,20170208,0.006,0.006,0.006,0.006,200000
PCL,20170208,0.003,0.003,0.003,0.003,13000
PDI,20170208,0.012,0.012,0.012,0.012,152696
PDN,20170208,0.125,0.15,0.125,0.135,21853298
PDZ,20170208,0.445,0.445,0.415,0.43,205388
PEA,20170208,0.72,0.73,0.705,0.71,32503
PEK,20170208,0.089,0.097,0.089,0.097,127000
PEN,20170208,0.735,0.77,0.735,0.76,479997
PEP,20170208,2.66,2.66,2.66,2.66,7001
PEX,20170208,0.17,0.17,0.17,0.17,50000
PFG,20170208,0.13,0.13,0.13,0.13,62700
PGC,20170208,0.815,0.82,0.81,0.815,399916
PGF,20170208,0.985,0.99,0.98,0.99,378426
PGH,20170208,6.45,6.68,6.45,6.67,614676
PGI,20170208,0.079,0.079,0.079,0.079,27928
PGM,20170208,0.12,0.135,0.12,0.13,368983
PGO,20170208,0.085,0.085,0.083,0.083,749738
PGR,20170208,0.775,0.775,0.77,0.775,73167
PGY,20170208,0.001,0.001,0.001,0.001,153486
PHG,20170208,0.45,0.45,0.45,0.45,147
PHI,20170208,8.5,8.5,8.5,8.5,1465
PHK,20170208,0.07,0.07,0.07,0.07,100000
PIC,20170208,1,1,0.995,1,233122
PIL,20170208,0.015,0.016,0.015,0.016,148800
PIO,20170208,0.02,0.021,0.019,0.019,8162639
PIQ,20170208,0.21,0.21,0.21,0.21,38389
PLG,20170208,0.77,0.775,0.77,0.775,785454
PLH,20170208,0.195,0.24,0.195,0.24,1248403
PLS,20170208,0.515,0.52,0.507,0.515,1886181
PMC,20170208,1.6,1.65,1.6,1.615,251311
PME,20170208,4.6,4.68,4.59,4.59,22247
PMP,20170208,0.67,0.67,0.65,0.67,116432
PMV,20170208,14,14.22,13.75,14.01,1690807
PMY,20170208,0.008,0.008,0.007,0.007,1583264
PNC,20170208,2.04,2.08,2.04,2.08,11500
PNI,20170208,2.55,2.6,2.55,2.6,40896
PNL,20170208,0.525,0.58,0.525,0.575,317429
PNN,20170208,0.016,0.016,0.015,0.015,127186
PNR,20170208,0.23,0.24,0.23,0.24,1673296
PNV,20170208,0.27,0.27,0.265,0.265,45867
POH,20170208,0.026,0.026,0.026,0.026,197432
POP,20170208,0.016,0.016,0.016,0.016,200000
POS,20170208,0.043,0.043,0.043,0.043,599744
POU,20170208,16.24,16.24,16.2,16.21,2390
POZ,20170208,0.023,0.023,0.023,0.023,2000
PPC,20170208,1.03,1.035,1.02,1.03,90947
PPH,20170208,1.6,1.62,1.58,1.6,42649
PPL,20170208,0.36,0.38,0.36,0.38,93000
PPP,20170208,0.028,0.028,0.027,0.027,76250
PPS,20170208,0.435,0.44,0.425,0.425,532524
PPT,20170208,45.94,46.57,45.94,46.41,144933
PPY,20170208,0.006,0.007,0.006,0.007,136922
PRG,20170208,1.785,1.785,1.73,1.76,2119532
PRL,20170208,0.023,0.023,0.02,0.022,1252142
PRO,20170208,0.95,0.95,0.945,0.945,107430
PRR,20170208,0.035,0.035,0.035,0.035,498658
PRT,20170208,0.305,0.305,0.295,0.3,730755
PRU,20170208,0.315,0.325,0.305,0.31,15511781
PRY,20170208,3.92,3.97,3.9,3.96,1933331
PSA,20170208,0.175,0.175,0.17,0.17,125000
PSC,20170208,0.026,0.029,0.025,0.028,6801221
PSI,20170208,1.95,2,1.95,2,10002
PSM,20170208,0.026,0.026,0.026,0.026,526125
PSQ,20170208,2.02,2.08,2.02,2.08,36821
PSY,20170208,0.059,0.059,0.057,0.059,759554
PSZ,20170208,0.335,0.335,0.335,0.335,66808
PTB,20170208,0.57,0.57,0.57,0.57,30000
PTL,20170208,0.585,0.585,0.585,0.585,13731
PTM,20170208,5,5.01,4.95,4.99,876358
PTR,20170208,0.027,0.027,0.027,0.027,150
PTX,20170208,0.093,0.093,0.09,0.09,118081
PVD,20170208,0.06,0.061,0.056,0.061,801991
PWH,20170208,2.23,2.37,2.23,2.36,29344
PWN,20170208,0.021,0.021,0.021,0.021,13056
PXS,20170208,0.285,0.3,0.285,0.3,586705
PYC,20170208,0.035,0.035,0.034,0.035,813069
PZC,20170208,0.005,0.005,0.005,0.005,200000
QAG,20170208,7.64,7.64,7.64,7.64,5120
QAN,20170208,3.33,3.4,3.33,3.38,6548763
QAU,20170208,12.96,12.97,12.92,12.96,33939
QBE,20170208,12.32,12.45,12.3,12.38,4726190
QBL,20170208,0.009,0.009,0.009,0.009,100000
QHL,20170208,0.105,0.105,0.1,0.1,79451
QIP,20170208,1.865,2,1.865,2,3507178
QMIX,20170208,15.52,15.52,15.52,15.52,0
QMS,20170208,1.085,1.1,1.08,1.1,111607
QOZ,20170208,12.7,12.76,12.66,12.69,25058
QRE,20170208,4.74,4.74,4.72,4.72,11090
QST,20170208,0.15,0.15,0.15,0.15,9580
QTM,20170208,0.015,0.023,0.015,0.021,505697
QUAL,20170208,18.94,19.12,18.94,19.07,43002
QUB,20170208,2.29,2.32,2.26,2.31,1645935
QUR,20170208,0.014,0.014,0.014,0.014,152932
QUS,20170208,30,30,29.77,29.77,1810
QVE,20170208,1.285,1.305,1.28,1.3,113031
RAN,20170208,1.13,1.14,1.13,1.13,148123
RAP,20170208,0.325,0.355,0.32,0.355,1993122
RARI,20170208,23.98,23.98,23.98,23.98,0
RAW,20170208,0.039,0.039,0.039,0.039,90000
RBL,20170208,0.9,0.9,0.88,0.9,28519
RBO,20170208,0.099,0.099,0.092,0.094,528878
RCB,20170208,20.25,20.33,20.25,20.33,1796
RCE,20170208,0.245,0.245,0.22,0.22,128667
RCG,20170208,1.3,1.35,1.3,1.33,4092444
RCO,20170208,0.2,0.2,0.2,0.2,6450
RCR,20170208,3.21,3.21,3.15,3.16,75384
RCT,20170208,3.8,3.8,3.8,3.8,2500
RDF,20170208,0.58,0.62,0.58,0.61,134621
RDG,20170208,0.03,0.03,0.029,0.029,134000
RDH,20170208,1.1,1.1,1.1,1.1,5000
RDM,20170208,0.135,0.14,0.135,0.14,6472
RDV,20170208,29.31,29.4,29.22,29.4,7143
REA,20170208,51.3,53.51,51.3,53,380409
RED,20170208,0.067,0.07,0.062,0.065,9683223
REF,20170208,0.1,0.1,0.1,0.1,82315
REG,20170208,4.28,4.35,4.26,4.31,532494
REH,20170208,43.76,44,43.76,44,6220
RES,20170208,0.095,0.1,0.094,0.094,467070
REX,20170208,0.805,0.835,0.805,0.835,54489
REY,20170208,0.11,0.11,0.11,0.11,30000
REZ,20170208,0.11,0.11,0.1,0.1,20000
RFF,20170208,1.7,1.71,1.695,1.7,336764
RFG,20170208,6.35,6.41,6.28,6.39,591158
RFN,20170208,0.034,0.034,0.034,0.034,65000
RFT,20170208,0.022,0.024,0.022,0.024,66287
RFX,20170208,0.25,0.26,0.245,0.255,418070
RGS,20170208,0.15,0.15,0.15,0.15,51180
RHC,20170208,67.51,67.605,67.03,67.51,568571
RHL,20170208,3,3,2.9,2.9,12380
RHP,20170208,0.55,0.55,0.53,0.53,13203
RIC,20170208,1.32,1.325,1.3,1.315,328643
RIO,20170208,65.33,66.08,64.92,65.69,1966967
RIR,20170208,0.019,0.02,0.019,0.02,800000
RKN,20170208,1.75,1.75,1.74,1.75,58132
RLE,20170208,0.068,0.068,0.067,0.067,125000
RMD,20170208,9.01,9.03,8.99,9,2010874
RMI,20170208,0.006,0.006,0.006,0.006,100000
RMP,20170208,0.024,0.024,0.024,0.024,122956
RMR,20170208,0.06,0.06,0.055,0.059,2492355
RMS,20170208,0.675,0.675,0.65,0.675,1821941
RMX,20170208,0.043,0.045,0.041,0.042,6110382
RND,20170208,1.805,1.805,1.805,1.805,1000
RNE,20170208,0.014,0.014,0.013,0.013,30198992
RNI,20170208,0.014,0.014,0.014,0.014,3272251
RNO,20170208,0.017,0.017,0.017,0.017,528008
RNU,20170208,0.023,0.026,0.023,0.026,642697
RNY,20170208,0.045,0.045,0.045,0.045,33000
RRL,20170208,3.55,3.58,3.44,3.47,3951621
RRS,20170208,0.006,0.006,0.006,0.006,500000
RSG,20170208,1.73,1.735,1.655,1.665,6156947
RSH,20170208,0.054,0.056,0.052,0.056,242493
RTG,20170208,0.225,0.25,0.225,0.23,99000
RTR,20170208,0.025,0.026,0.025,0.025,546204
RUL,20170208,0.63,0.63,0.61,0.62,125221
RVA,20170208,0.92,0.95,0.92,0.95,13300
RVR,20170208,0.255,0.26,0.25,0.25,2120226
RVY,20170208,0.024,0.025,0.024,0.025,1081500
RWC,20170208,2.73,2.77,2.71,2.74,7931117
RWD,20170208,0.45,0.45,0.42,0.44,93290
RXL,20170208,0.016,0.016,0.015,0.016,1740000
RXM,20170208,0.078,0.078,0.072,0.072,315715
RXP,20170208,0.88,0.88,0.865,0.875,174617
S2R,20170208,0.265,0.28,0.265,0.27,67819
S32,20170208,2.61,2.67,2.6,2.64,22368334
SAR,20170208,1.245,1.25,1.205,1.22,6496438
SAS,20170208,0.09,0.091,0.089,0.09,1071863
SAU,20170208,0.31,0.31,0.29,0.29,142409
SBM,20170208,2.79,2.79,2.66,2.68,3738934
SCG,20170208,4.4,4.46,4.39,4.45,9665074
SCI,20170208,0.023,0.023,0.023,0.023,107239
SCO,20170208,2.6,2.6,2.52,2.52,68887
SCP,20170208,2.23,2.23,2.17,2.19,2268116
SDA,20170208,3.55,3.55,3.49,3.54,342260
SDF,20170208,2.26,2.28,2.23,2.27,1201773
SDG,20170208,1.75,1.79,1.745,1.79,14238
SDI,20170208,0.72,0.73,0.705,0.715,286312
SDL,20170208,0.005,0.005,0.004,0.005,22283454
SE1,20170208,0.325,0.34,0.325,0.325,48500
SEA,20170208,0.155,0.16,0.155,0.16,2318802
SEG,20170208,0.002,0.002,0.001,0.002,580000
SEH,20170208,0.105,0.105,0.099,0.1,8066979
SEK,20170208,14.55,14.67,14.43,14.65,973264
SEN,20170208,0.092,0.093,0.092,0.093,884668
SEQ,20170208,0.33,0.335,0.33,0.335,90351
SER,20170208,0.015,0.015,0.013,0.013,280073
SFC,20170208,6.1,6.1,6.1,6.1,1500
SFG,20170208,0.095,0.096,0.093,0.095,122616
SFH,20170208,0.62,0.655,0.62,0.655,1745235
SFI,20170208,0.095,0.096,0.092,0.092,1144638
SFR,20170208,6.44,6.56,6.36,6.54,1390196
SFX,20170208,0.58,0.6,0.565,0.585,147182
SFY,20170208,52.9,53.21,52.9,53.14,2453
SGF,20170208,3.37,3.45,3.37,3.44,28391
SGH,20170208,0.25,0.26,0.25,0.255,577000
SGM,20170208,11.4,11.58,11.22,11.51,1143394
SGP,20170208,4.37,4.44,4.37,4.42,4084816
SGQ,20170208,0.14,0.14,0.13,0.13,2523202
SGR,20170208,4.8,4.83,4.78,4.82,7589940
SHJ,20170208,0.68,0.685,0.68,0.68,95235
SHK,20170208,0.004,0.006,0.004,0.006,3911486
SHL,20170208,21.28,21.65,21.19,21.62,917166
SHM,20170208,1.245,1.29,1.235,1.25,77313
SHV,20170208,5.3,5.42,5.27,5.34,428490
SIH,20170208,0.016,0.017,0.016,0.016,1363000
SIO,20170208,0.395,0.395,0.365,0.395,54396
SIP,20170208,1.2,1.215,1.19,1.21,1725959
SIQ,20170208,6.15,6.35,6.12,6.28,659397
SIT,20170208,0.12,0.12,0.12,0.12,200000
SIV,20170208,8.5,8.58,8.44,8.54,69718
SKB,20170208,0.56,0.56,0.51,0.54,137465
SKC,20170208,3.43,3.62,3.43,3.6,1060611
SKI,20170208,2.35,2.37,2.34,2.36,2074813
SKN,20170208,0.17,0.18,0.17,0.18,7700
SKS,20170208,0.33,0.33,0.33,0.33,8000
SKT,20170208,4.16,4.22,4.16,4.18,242533
SLC,20170208,2.22,2.24,2.13,2.14,616662
SLF,20170208,12.49,12.58,12.47,12.58,39253
SLK,20170208,4.6,4.64,4.55,4.56,21014
SLM,20170208,0.61,0.615,0.61,0.615,5152
SLR,20170208,0.73,0.74,0.71,0.74,2403644
SLX,20170208,0.665,0.735,0.665,0.71,546577
SMA,20170208,0.014,0.014,0.013,0.014,5544183
SMC,20170208,0.33,0.33,0.33,0.33,2500
SMD,20170208,0.016,0.016,0.016,0.016,561890
SMI,20170208,0.042,0.044,0.042,0.044,110742
SMM,20170208,0.32,0.405,0.3,0.405,58207
SMN,20170208,1.545,1.58,1.495,1.505,91318
SMP,20170208,0.185,0.19,0.185,0.19,40500
SMR,20170208,0.48,0.48,0.455,0.47,98597
SMX,20170208,1.38,1.38,1.31,1.34,28470
SNC,20170208,1.03,1.03,1.02,1.03,60990
SND,20170208,0.58,0.58,0.57,0.57,32000
SNL,20170208,2.1,2.1,2.09,2.1,17276
SO4,20170208,0.545,0.55,0.54,0.54,133221
SOL,20170208,15.3,15.83,15.3,15.71,130842
SOM,20170208,3.4,3.44,3.4,3.44,7318
SOP,20170208,0.015,0.015,0.015,0.015,500000
SOR,20170208,0.097,0.1,0.097,0.1,242000
SP1,20170208,0.023,0.027,0.023,0.027,31574
SPK,20170208,3.43,3.45,3.39,3.41,635273
SPL,20170208,0.74,0.755,0.74,0.74,664713
SPO,20170208,0.915,0.942,0.915,0.92,5015326
SPQ,20170208,0.008,0.008,0.007,0.007,71410
SPY,20170208,300,300,299.79,299.79,235
SPZ,20170208,0.31,0.31,0.305,0.305,38660
SRF,20170208,0.175,0.175,0.17,0.175,819670
SRG,20170208,1.5,1.52,1.5,1.52,99812
SRN,20170208,0.001,0.001,0.001,0.001,350000
SRO,20170208,0.008,0.008,0.008,0.008,471311
SRS,20170208,0.024,0.024,0.024,0.024,1600
SRV,20170208,6.23,6.25,6.2,6.25,46457
SRX,20170208,14.4,14.45,14.06,14.16,685400
SRY,20170208,0.049,0.054,0.049,0.054,321000
SRZ,20170208,0.035,0.035,0.032,0.032,200000
SSG,20170208,0.685,0.7,0.67,0.7,116458
SSM,20170208,1.155,1.175,1.125,1.135,549917
SSN,20170208,0.004,0.004,0.003,0.004,593364
SSO,20170208,12.41,12.41,12.41,12.41,723
ST1,20170208,0.031,0.031,0.03,0.03,638525
STA,20170208,0.007,0.007,0.007,0.007,12883
STL,20170208,0.041,0.046,0.041,0.044,7520262
STO,20170208,3.81,3.87,3.81,3.82,5630876
STW,20170208,52.52,52.84,52.52,52.81,27412
STX,20170208,0.083,0.084,0.082,0.084,381250
SUL,20170208,9.43,9.59,9.43,9.49,785809
SUM,20170208,0.023,0.023,0.023,0.023,165000
SUN,20170208,12.89,13.06,12.89,13.03,2392341
SVA,20170208,0.04,0.04,0.037,0.037,258130
SVL,20170208,0.185,0.185,0.175,0.175,1616089
SVM,20170208,0.095,0.095,0.091,0.092,419897
SVW,20170208,8,8.96,8,8.92,1278157
SVY,20170208,0.14,0.14,0.135,0.135,100000
SW1,20170208,0.22,0.22,0.215,0.215,111400
SWJ,20170208,0.017,0.017,0.017,0.017,1600000
SWK,20170208,0.3,0.3,0.295,0.3,179457
SWL,20170208,0.88,0.9,0.88,0.9,148412
SWM,20170208,0.765,0.775,0.75,0.75,4724044
SXE,20170208,0.57,0.57,0.57,0.57,3473
SXL,20170208,1.35,1.385,1.35,1.375,2534227
SXX,20170208,0.009,0.009,0.009,0.009,125030
SXY,20170208,0.305,0.32,0.305,0.315,2168396
SYA,20170208,0.032,0.034,0.031,0.032,3587530
SYD,20170208,6.07,6.09,5.98,6.06,6151054
SYI,20170208,28.45,28.5,28.42,28.5,3393
SYR,20170208,3.02,3.07,3,3.02,1034712
SYT,20170208,0.032,0.032,0.031,0.031,1000004
T3D,20170208,0.013,0.013,0.013,0.013,600
TAH,20170208,4.25,4.26,4.18,4.19,4138035
TAM,20170208,0.062,0.065,0.062,0.065,117038
TAP,20170208,0.09,0.091,0.09,0.09,101384
TAR,20170208,0.045,0.045,0.043,0.043,214383
TAS,20170208,0.26,0.26,0.255,0.255,164456
TAW,20170208,0.115,0.115,0.11,0.11,131493
TBH,20170208,0.21,0.22,0.2,0.2,64878
TBR,20170208,6.85,7,6.85,7,33887
TCH,20170208,1.05,1.05,1.05,1.05,61195
TCL,20170208,11.01,11.02,10.74,10.82,8352921
TDL,20170208,0.17,0.17,0.16,0.165,49087
TDO,20170208,0.041,0.041,0.04,0.04,760000
TEG,20170208,0.035,0.036,0.035,0.035,325703
TEK,20170208,0.24,0.24,0.235,0.235,83040
TEN,20170208,0.855,0.875,0.84,0.84,229637
TER,20170208,0.032,0.034,0.032,0.033,1687541
TFC,20170208,1.54,1.555,1.53,1.54,710394
TFG,20170208,0.25,0.25,0.25,0.25,12162
TFL,20170208,0.16,0.16,0.16,0.16,98350
TGA,20170208,1.6,1.61,1.575,1.585,319281
TGG,20170208,1.24,1.24,1.235,1.24,96523
TGH,20170208,1.27,1.28,1.27,1.27,18624
TGP,20170208,0.875,0.88,0.87,0.87,500583
TGR,20170208,4.5,4.56,4.39,4.4,1395424
TGS,20170208,0.042,0.042,0.041,0.041,630593
TGZ,20170208,0.9,0.915,0.9,0.915,243259
THD,20170208,0.013,0.014,0.013,0.014,1027462
THX,20170208,0.069,0.069,0.062,0.062,482376
TIA,20170208,0.66,0.66,0.66,0.66,950
TIG,20170208,0.059,0.06,0.059,0.059,320000
TIL,20170208,2.64,2.64,2.54,2.54,6308
TKF,20170208,0.053,0.054,0.053,0.054,33934
TKM,20170208,0.045,0.045,0.044,0.044,211500
TLG,20170208,0.435,0.435,0.42,0.42,68644
TLM,20170208,0.375,0.375,0.37,0.375,118723
TLS,20170208,5.05,5.095,5.05,5.09,12309902
TME,20170208,4.74,4.795,4.74,4.78,692647
TMM,20170208,2.14,2.14,2.13,2.13,6030
TMP,20170208,0.185,0.185,0.185,0.185,25000
TMT,20170208,0.22,0.245,0.22,0.235,982842
TMX,20170208,0.012,0.012,0.012,0.012,265420
TND,20170208,0.071,0.074,0.067,0.074,1597116
TNE,20170208,4.97,5.04,4.955,5.04,706928
TNG,20170208,0.175,0.175,0.17,0.172,840246
TNK,20170208,2.32,2.35,2.23,2.23,56474
TNP,20170208,0.006,0.006,0.006,0.006,180817
TNR,20170208,0.13,0.13,0.13,0.13,20474
TOE,20170208,0.054,0.054,0.053,0.053,362777
TON,20170208,0.067,0.067,0.064,0.065,3236812
TOP,20170208,0.7,0.715,0.7,0.715,75047
TOT,20170208,1.15,1.15,1.15,1.15,15981
TOX,20170208,2.5,2.52,2.36,2.45,461461
TPC,20170208,1.555,1.6,1.55,1.55,5928
TPE,20170208,2.72,2.72,2.62,2.7,125966
TPM,20170208,6.09,6.385,6.06,6.36,3120757
TPP,20170208,0.245,0.245,0.235,0.24,353507
TPW,20170208,0.16,0.16,0.16,0.16,64711
TRL,20170208,0.036,0.037,0.036,0.036,410995
TRS,20170208,8.65,8.65,8.39,8.39,38622
TRY,20170208,0.185,0.185,0.175,0.175,1961361
TSN,20170208,0.019,0.019,0.018,0.018,7646597
TSV,20170208,0.013,0.013,0.013,0.013,902559
TTA,20170208,0.04,0.04,0.04,0.04,125000
TTC,20170208,0.525,0.525,0.515,0.515,103017
TTI,20170208,0.035,0.037,0.035,0.037,1096903
TTL,20170208,0.036,0.036,0.035,0.035,284712
TTS,20170208,4.11,4.15,4.09,4.1,2188956
TTW,20170208,0.045,0.045,0.045,0.045,348837
TUP,20170208,0.074,0.074,0.073,0.073,500000
TV2,20170208,0.008,0.008,0.008,0.008,3888519
TWD,20170208,3.65,3.65,3.57,3.57,14353
TWE,20170208,11.48,11.58,11.32,11.54,2141435
TWR,20170208,0.76,0.79,0.74,0.74,49461
TYK,20170208,0.007,0.007,0.007,0.007,50000
TYX,20170208,0.029,0.029,0.028,0.028,560279
TZL,20170208,0.05,0.05,0.05,0.05,46400
TZN,20170208,0.14,0.15,0.135,0.15,33401
UBA,20170208,18.9,18.9,18.9,18.9,3915
UBE,20170208,18.33,18.38,18.33,18.38,1793
UBI,20170208,0.33,0.33,0.325,0.325,57995
UBJ,20170208,20.52,20.52,20.49,20.49,2564
UBN,20170208,0.115,0.115,0.11,0.11,186210
UBU,20170208,22.41,22.41,22.41,22.41,464
UCM,20170208,0.23,0.23,0.22,0.22,61726
UEQ,20170208,0.011,0.012,0.011,0.011,1753733
UIL,20170208,0.045,0.048,0.045,0.048,182000
UMAX,20170208,17.3,17.3,17.2,17.2,7109
UNL,20170208,0.195,0.2,0.195,0.2,53901
UNS,20170208,0.048,0.048,0.046,0.047,662664
UNV,20170208,0.135,0.14,0.135,0.14,81000
UOS,20170208,0.65,0.65,0.64,0.64,17485
UPD,20170208,0.45,0.46,0.45,0.46,62541
URF,20170208,2.01,2.01,2.01,2.01,237118
USA,20170208,0.01,0.01,0.01,0.01,11650
USD,20170208,12.76,12.8,12.75,12.77,50513
USF,20170208,2.13,2.13,2.13,2.13,11700
USR,20170208,0.475,0.475,0.475,0.475,17581
UTR,20170208,0.034,0.037,0.034,0.037,398230
UUL,20170208,0.036,0.036,0.036,0.036,27589
VAE,20170208,53.7,53.7,53.7,53.7,119
VAF,20170208,48.62,48.63,48.54,48.62,14232
VAH,20170208,0.2,0.2,0.195,0.195,1903968
VAN,20170208,0.041,0.041,0.041,0.041,3240
VAP,20170208,77.2,78.19,77.2,78.19,10059
VAR,20170208,0.017,0.017,0.017,0.017,749406
VAS,20170208,71.04,71.45,71.03,71.44,20411
VCF,20170208,51.39,51.45,51.3,51.44,1203
VCX,20170208,2.87,2.88,2.84,2.88,9094378
VEE,20170208,0.645,0.645,0.645,0.645,10000
VEQ,20170208,46.71,46.71,46.7,46.7,447
VEU,20170208,60.07,61.58,60.07,60.43,5572
VGAD,20170208,58.23,58.23,57.91,58.06,7285
VGB,20170208,48.99,48.99,48.87,48.98,3410
VGE,20170208,56.49,56.55,55.9,56.54,8413
VGL,20170208,5.41,5.41,5.41,5.41,6075
VGS,20170208,57.9,58.04,57.82,57.95,21130
VHT,20170208,0.61,0.61,0.61,0.61,15000
VHY,20170208,58.57,58.77,58.42,58.72,17420
VIC,20170208,0.013,0.013,0.013,0.013,305080
VIF,20170208,51.55,51.74,51.5,51.62,6111
VII,20170208,0.34,0.34,0.34,0.34,4937
VIV,20170208,0.043,0.043,0.041,0.041,891551
VKA,20170208,0.018,0.018,0.017,0.017,1007783
VLA,20170208,1.05,1.095,1.045,1.07,47494
VLT,20170208,0.033,0.033,0.033,0.033,150000
VLW,20170208,2.35,2.36,2.31,2.33,322417
VMC,20170208,0.14,0.14,0.125,0.14,2647
VML,20170208,0.018,0.018,0.017,0.017,477848
VMT,20170208,0.074,0.075,0.073,0.073,394173
VMY,20170208,0.245,0.245,0.24,0.24,20881
VOC,20170208,4.01,4.03,3.93,4.01,4866920
VP7,20170208,0.205,0.22,0.205,0.21,355000
VPC,20170208,0.016,0.018,0.016,0.018,1587379
VRC,20170208,0.044,0.044,0.041,0.041,1167687
VRI,20170208,0.045,0.045,0.045,0.045,52919
VRL,20170208,3.86,3.92,3.75,3.79,372132
VRM,20170208,0.037,0.037,0.037,0.037,550000
VRS,20170208,0.215,0.215,0.215,0.215,239300
VRT,20170208,5.11,5.23,5.105,5.15,372890
VSO,20170208,48,48.18,48,48.18,2669
VTG,20170208,3.3,3.35,3.29,3.29,364192
VTS,20170208,154.97,155.11,154.5,154.69,6281
VVR,20170208,2.37,2.37,2.34,2.35,447736
VXR,20170208,0.007,0.007,0.007,0.007,589637
WAA,20170208,1.17,1.17,1.17,1.17,17059
WAF,20170208,0.3,0.3,0.28,0.295,370488
WAM,20170208,2.42,2.45,2.41,2.44,1103657
WAT,20170208,1.43,1.43,1.43,1.43,3126
WAX,20170208,1.53,1.54,1.525,1.535,121624
WBA,20170208,1.38,1.415,1.38,1.415,767970
WBC,20170208,32.29,32.39,31.97,32.27,5321674
WBT,20170208,0.029,0.029,0.028,0.028,1401779
WCN,20170208,0.009,0.009,0.008,0.009,4201065
WCP,20170208,0.086,0.086,0.086,0.086,90704
WDE,20170208,0.84,0.845,0.83,0.83,207764
WDIV,20170208,17.49,17.49,17.4,17.45,21924
WEB,20170208,11.32,11.6,11.29,11.5,598563
WEC,20170208,0.046,0.048,0.046,0.048,123688
WEL,20170208,0.09,0.09,0.09,0.09,10000
WEMG,20170208,17.31,17.31,17.31,17.31,0
WES,20170208,40.5,40.55,40.2,40.45,1675306
WFD,20170208,8.87,8.96,8.84,8.95,3674636
WGF,20170208,1.04,1.04,1.04,1.04,88372
WGL,20170208,0.024,0.024,0.023,0.023,1453292
WGX,20170208,2.27,2.36,2.24,2.32,3538782
WHC,20170208,2.67,2.75,2.66,2.73,4027962
WHF,20170208,4.36,4.39,4.35,4.39,26671
WIC,20170208,0.99,0.99,0.98,0.99,23605
WKT,20170208,0.105,0.12,0.105,0.115,2162620
WLC,20170208,0.007,0.007,0.007,0.007,178571
WLD,20170208,0.195,0.205,0.195,0.2,2120665
WLE,20170208,1.155,1.155,1.15,1.155,366908
WLF,20170208,0.08,0.08,0.079,0.08,112000
WMC,20170208,0.16,0.16,0.16,0.16,5000
WMK,20170208,1.03,1.035,1.03,1.035,71500
WMN,20170208,0.015,0.015,0.015,0.015,350000
WOF,20170208,0.027,0.027,0.027,0.027,150000
WOR,20170208,9.55,9.68,9.41,9.48,1399168
WOW,20170208,25.39,25.44,25.27,25.36,5801784
WPG,20170208,0.075,0.077,0.074,0.077,671099
WPL,20170208,31.71,31.75,31.27,31.41,1574711
WPP,20170208,1.005,1.04,1.005,1.02,1470786
WQW,20170208,0.41,0.41,0.41,0.41,10000
WRLD,20170208,10.16,10.17,10.14,10.17,4480
WRM,20170208,0.018,0.018,0.017,0.018,5698879
WRR,20170208,0.17,0.17,0.17,0.17,6000
WSA,20170208,2.58,2.62,2.57,2.57,1417061
WSG,20170208,0.012,0.012,0.012,0.012,320000
WTC,20170208,5.02,5.2,4.96,5.06,145679
WTP,20170208,0.765,0.765,0.74,0.75,49620
WWI,20170208,0.03,0.03,0.03,0.03,102688
WXHG,20170208,19.59,19.61,19.59,19.61,598
WXOZ,20170208,24.7,24.7,24.63,24.67,1284
XIP,20170208,2.52,2.55,2.49,2.49,14435
XPD,20170208,0.085,0.085,0.08,0.08,691390
XPE,20170208,0.027,0.027,0.026,0.027,8193523
XRO,20170208,18.22,18.3,17.95,17.97,11951
XST,20170208,0.02,0.02,0.018,0.019,2588058
XTD,20170208,0.094,0.094,0.094,0.094,51247
XTE,20170208,0.325,0.325,0.325,0.325,1253
YAL,20170208,0.47,0.475,0.47,0.475,22354
YBR,20170208,0.142,0.145,0.14,0.145,187867
YMAX,20170208,9.14,9.16,9.13,9.13,38914
YNB,20170208,0.073,0.074,0.073,0.074,245497
YOJ,20170208,0.045,0.045,0.045,0.045,100000
YOW,20170208,0.57,0.63,0.57,0.61,1196821
YPB,20170208,0.165,0.18,0.165,0.18,178546
ZEL,20170208,6.51,6.51,6.51,6.51,500008
ZEU,20170208,0.018,0.018,0.018,0.018,50000
ZGL,20170208,0.14,0.145,0.14,0.145,25000
ZGOL,20170208,16,16.09,16,16.09,130
ZIM,20170208,6,6,6,6,1325
ZIP,20170208,0.046,0.05,0.046,0.05,56863
ZLD,20170208,0.03,0.031,0.028,0.028,943515
ZMI,20170208,0.011,0.012,0.011,0.012,5643742
ZML,20170208,0.72,0.73,0.7,0.73,1360848
ZNT,20170208,0.98,1,0.98,1,380855
ZOZI,20170208,10.45,10.47,10.45,10.47,15153
ZUSD,20170208,10,10.01,9.99,9.99,5460
ZYB,20170208,0.007,0.007,0.007,0.007,460
ZYUS,20170208,12.52,12.55,12.52,12.54,9176
XAF,20170208,5576.2,5608.6,5573.9,5603.9,0
XAO,20170208,5672.6,5707.5,5671.1,5703.4,0
XAT,20170208,5565.9,5599,5564.4,5594.8,0
XDJ,20170208,2023.3,2040.8,2022.5,2038.1,0
XEC,20170208,1350.4,1354.4,1349.6,1350.9,0
XEJ,20170208,9035.1,9061.9,8931.3,8948.8,0
XFJ,20170208,6399.3,6474.6,6399.3,6460.5,0
XFL,20170208,5627.4,5659.5,5625.1,5654.8,0
XGD,20170208,4830.5,4852.1,4755.4,4778.1,0
XHJ,20170208,20820.6,20985.9,20816.4,20985.9,0
XIJ,20170208,773.4,790.6,772,789.3,0
XJO,20170208,5621.9,5655.6,5620.4,5651.4,0
XJR,20170208,3511.3,3511.3,3484.5,3491.6,0
XKO,20170208,5574.2,5606.5,5572.8,5602.5,0
XMD,20170208,5758.7,5815.6,5758.7,5808.5,0
XMJ,20170208,10168.7,10189.3,10118.3,10154.3,0
XMM,20170208,3127.2,3127.2,3102.9,3113.4,0
XNJ,20170208,5053.6,5086.5,5053.6,5078.4,0
XPJ,20170208,1339.4,1350.4,1337.8,1349.5,0
XSJ,20170208,8879.8,8901.9,8849.1,8893,0
XSO,20170208,2331.7,2338.2,2329,2337.1,0
XTJ,20170208,1763.7,1779.9,1763,1778.6,0
XTL,20170208,3271.2,3291.1,3269.4,3287.8,0
XTO,20170208,4666.3,4695.2,4665.1,4691.4,0
XUJ,20170208,8039,8039,7935.8,7979.1,0
XXJ,20170208,7137.4,7221.4,7137.4,7205.6,0
