1AD,20171222,0.25,0.25,0.25,0.25,106090
3DP,20171222,0.14,0.14,0.13,0.135,1006674
3PL,20171222,1.46,1.48,1.44,1.44,113990
4CE,20171222,0.064,0.067,0.064,0.065,851898
4DS,20171222,0.044,0.045,0.044,0.044,1599095
4WD,20171222,0.345,0.345,0.345,0.345,2015
5GN,20171222,0.36,0.38,0.36,0.38,89250
88E,20171222,0.023,0.023,0.022,0.022,6014083
8EC,20171222,0.965,0.965,0.965,0.965,12368
8IH,20171222,0.265,0.265,0.265,0.265,30000
9SP,20171222,0.083,0.084,0.083,0.084,225335
A2M,20171222,7.38,7.49,7.34,7.49,2743789
A3D,20171222,0.935,0.97,0.93,0.97,10748
AAA,20171222,50.14,50.14,50.13,50.14,68009
AAC,20171222,1.32,1.355,1.32,1.335,833373
AAD,20171222,2,2,1.965,1.98,876157
AAJ,20171222,0.017,0.019,0.017,0.019,4372139
AAR,20171222,0.09,0.091,0.09,0.091,72347
ABA,20171222,5.21,5.23,5.18,5.22,49652
ABC,20171222,6.53,6.58,6.53,6.56,3078027
ABP,20171222,4.12,4.14,4.06,4.11,445039
ABR,20171222,0.39,0.39,0.355,0.36,22900
ABT,20171222,0.48,0.48,0.48,0.48,1800
ABU,20171222,0.091,0.091,0.09,0.09,32851
ABX,20171222,0.125,0.125,0.12,0.12,148399
AC8,20171222,0.62,0.675,0.62,0.66,701942
ACG,20171222,0.033,0.034,0.033,0.034,282393
ACK,20171222,1.295,1.295,1.29,1.29,26122
ACL,20171222,0.012,0.012,0.012,0.012,207291
ACQ,20171222,1.145,1.145,1.14,1.14,23460
ACR,20171222,0.15,0.15,0.15,0.15,44615
ACW,20171222,0.043,0.043,0.042,0.042,78187
ACX,20171222,7.69,7.73,7.69,7.71,1728576
AD1,20171222,0.09,0.093,0.09,0.09,548035
AD8,20171222,2.19,2.2,2.19,2.2,4896
ADA,20171222,2.41,2.42,2.38,2.4,76025
ADH,20171222,1.7,1.78,1.7,1.765,143397
ADJ,20171222,0.04,0.04,0.039,0.039,320855
ADN,20171222,0.007,0.007,0.005,0.005,9781014
ADO,20171222,0.018,0.018,0.017,0.017,1381576
ADR,20171222,0.078,0.078,0.077,0.077,130901
ADV,20171222,0.016,0.016,0.016,0.016,3989912
ADX,20171222,0.014,0.014,0.014,0.014,40000
AEB,20171222,0.026,0.028,0.023,0.023,23370415
AEE,20171222,0.024,0.024,0.023,0.024,74434
AEF,20171222,138.6,139.6,138.6,139.53,542
AEG,20171222,1.04,1.05,1.035,1.05,45662
AEI,20171222,0.265,0.265,0.265,0.265,100000
AEV,20171222,0.045,0.045,0.045,0.045,60416
AFG,20171222,1.65,1.655,1.62,1.62,60690
AFI,20171222,6.18,6.23,6.17,6.19,278334
AFT,20171222,0.001,0.001,0.001,0.001,1180000
AGG,20171222,2.52,2.54,2.47,2.47,3375
AGI,20171222,2.11,2.12,2.08,2.11,36287
AGL,20171222,24.43,24.52,24.25,24.39,2339834
AGO,20171222,0.022,0.023,0.021,0.023,44693937
AGS,20171222,0.089,0.089,0.089,0.089,45107
AGY,20171222,0.24,0.25,0.24,0.245,2699470
AHF,20171222,0.115,0.117,0.115,0.115,117815
AHG,20171222,3.71,3.73,3.67,3.7,590766
AHK,20171222,0.07,0.07,0.07,0.07,25000
AHL,20171222,0.034,0.035,0.032,0.032,854005
AHQ,20171222,0.039,0.039,0.035,0.038,242667
AHX,20171222,0.92,0.92,0.92,0.92,27000
AHY,20171222,1.49,1.51,1.475,1.51,3208266
AHZ,20171222,0.295,0.295,0.285,0.29,69753
AIA,20171222,6.05,6.05,5.95,6.01,96548
AIB,20171222,0.5,0.5,0.5,0.5,826
AIQ,20171222,0.08,0.085,0.08,0.085,34530
AIS,20171222,0.1,0.11,0.1,0.11,1524
AIZ,20171222,2.92,2.93,2.91,2.93,60637
AJD,20171222,2,2,1.94,2,179537
AJM,20171222,0.41,0.42,0.405,0.41,7467391
AJQ,20171222,0.087,0.092,0.086,0.091,155134
AJX,20171222,0.355,0.355,0.345,0.345,538903
AKG,20171222,0.48,0.51,0.48,0.51,67865
AKM,20171222,0.011,0.011,0.011,0.011,3050000
AKP,20171222,16.31,17.39,16.31,16.7,1976
AL8,20171222,1.63,1.63,1.52,1.54,69224
ALC,20171222,0.047,0.047,0.046,0.046,116153
ALF,20171222,1.075,1.08,1.07,1.07,141984
ALI,20171222,1.905,1.91,1.9,1.905,64274
ALK,20171222,0.325,0.325,0.315,0.325,206225
ALL,20171222,24.2,24.25,23.83,23.83,953747
ALQ,20171222,7.12,7.19,7.11,7.15,1700409
ALR,20171222,1.27,1.275,1.26,1.26,25639
ALT,20171222,0.005,0.005,0.005,0.005,37037
ALU,20171222,13.75,13.77,13.32,13.5,450885
AMA,20171222,1.03,1.035,1.015,1.02,1518445
AMB,20171222,0.16,0.16,0.16,0.16,50000
AMC,20171222,15.5,15.53,15.42,15.48,2035579
AMD,20171222,0.042,0.042,0.039,0.041,801149
AME,20171222,0.074,0.074,0.074,0.074,27914
AMG,20171222,0.071,0.071,0.07,0.07,164500
AMH,20171222,0.89,0.89,0.875,0.89,273349
AMI,20171222,0.265,0.275,0.265,0.27,4812231
AML,20171222,0.29,0.295,0.29,0.29,641043
AMN,20171222,0.89,0.9,0.88,0.9,24989
AMP,20171222,5.25,5.27,5.23,5.25,4950620
AMT,20171222,0.15,0.15,0.14,0.14,52707
ANG,20171222,0.265,0.267,0.265,0.265,864557
ANL,20171222,0.019,0.02,0.019,0.019,276219
ANN,20171222,25.1,25.1,24.46,24.58,1403291
ANP,20171222,0.025,0.028,0.025,0.028,407098
ANR,20171222,1.705,1.705,1.7,1.7,28020
ANW,20171222,0.013,0.013,0.012,0.012,7098823
ANZ,20171222,28.99,29.005,28.86,28.87,6069350
AOA,20171222,0.006,0.007,0.006,0.007,2443573
AOD,20171222,0.65,0.65,0.635,0.645,67555
AOF,20171222,2.32,2.34,2.32,2.33,194742
AOG,20171222,2.63,2.71,2.63,2.68,3702898
AOH,20171222,0.14,0.14,0.135,0.135,106000
AOK,20171222,0.02,0.02,0.02,0.02,37037
AON,20171222,0.21,0.21,0.21,0.21,385058
AOP,20171222,0.215,0.215,0.215,0.215,59130
AOU,20171222,0.09,0.095,0.09,0.095,238291
AOW,20171222,0.034,0.034,0.033,0.033,387518
APA,20171222,8.66,8.69,8.6,8.63,2222045
APC,20171222,0.1,0.1,0.1,0.1,175076
APE,20171222,7.89,7.96,7.82,7.89,14448
API,20171222,1.66,1.68,1.645,1.675,908709
APL,20171222,1.275,1.275,1.27,1.275,321857
APO,20171222,4.75,4.88,4.75,4.86,1041617
APT,20171222,6,6.07,5.9,5.91,967198
APW,20171222,1.67,1.67,1.67,1.67,1500
APX,20171222,8.15,8.24,8,8,495036
APZ,20171222,1.05,1.06,1.05,1.055,119820
AQC,20171222,0.775,0.8,0.775,0.8,40987
AQD,20171222,0.02,0.02,0.02,0.02,107455
AQG,20171222,2.23,2.23,2.2,2.21,54389
AQI,20171222,0.135,0.135,0.135,0.135,18176
AQZ,20171222,1.73,1.73,1.7,1.72,33569
ARA,20171222,0.795,0.795,0.795,0.795,5000
ARB,20171222,19.03,19.33,19.03,19.3,43867
ARE,20171222,0.03,0.032,0.03,0.031,4040659
ARF,20171222,2.3,2.32,2.28,2.28,206188
ARG,20171222,8.18,8.23,8.14,8.16,184298
ARL,20171222,1.65,1.72,1.65,1.7,354551
ARM,20171222,0.038,0.038,0.037,0.037,124000
ARS,20171222,0.052,0.052,0.052,0.052,200000
ARU,20171222,0.105,0.105,0.105,0.105,896397
ARV,20171222,0.26,0.26,0.235,0.245,11314520
ASB,20171222,1.805,1.86,1.8,1.86,193147
ASG,20171222,1.955,2,1.955,1.995,7531
ASL,20171222,2.48,2.55,2.475,2.51,394140
ASN,20171222,0.12,0.12,0.115,0.12,691291
AST,20171222,1.81,1.827,1.8,1.8,6499518
ASW,20171222,0.775,0.78,0.775,0.78,1317
ASX,20171222,55.52,55.78,54.9,55.04,468942
ATC,20171222,0.21,0.21,0.205,0.205,780740
ATL,20171222,1.695,1.8,1.68,1.76,1179600
ATP,20171222,0.028,0.028,0.026,0.028,1080001
ATS,20171222,0.24,0.24,0.235,0.235,251155
ATU,20171222,0.18,0.18,0.175,0.175,356800
AU1,20171222,0.022,0.022,0.02,0.022,2010000
AU8,20171222,0.65,0.675,0.65,0.66,409992
AUB,20171222,13.21,13.39,13.21,13.34,7382
AUC,20171222,0.03,0.035,0.03,0.032,693976
AUI,20171222,8.68,8.68,8.68,8.68,1028
AUL,20171222,0.007,0.008,0.007,0.008,181008
AUQ,20171222,0.03,0.03,0.03,0.03,1382000
AUR,20171222,0.053,0.053,0.053,0.053,75468
AUST,20171222,16.56,16.56,16.54,16.54,1936
AUZ,20171222,0.115,0.12,0.11,0.115,28577202
AVB,20171222,0.086,0.086,0.08,0.083,3484538
AVD,20171222,0.021,0.022,0.017,0.022,1449912
AVG,20171222,0.455,0.46,0.455,0.455,302006
AVH,20171222,0.06,0.06,0.058,0.059,620474
AVJ,20171222,0.75,0.755,0.745,0.755,39819
AVL,20171222,0.019,0.02,0.019,0.019,3479817
AVN,20171222,2.27,2.27,2.26,2.26,325516
AVQ,20171222,0.14,0.14,0.13,0.13,639361
AVZ,20171222,0.23,0.23,0.222,0.225,5984213
AWC,20171222,2.42,2.445,2.4,2.41,7663033
AWE,20171222,0.86,0.87,0.855,0.86,8209513
AWV,20171222,0.068,0.07,0.068,0.07,57842
AWY,20171222,0.028,0.028,0.028,0.028,235700
AX1,20171222,0.79,0.81,0.78,0.805,377137
AXE,20171222,0.12,0.125,0.115,0.12,626313
AXL,20171222,1.53,1.54,1.53,1.54,89152
AXP,20171222,0.695,0.71,0.685,0.685,27940
AXT,20171222,0.028,0.028,0.028,0.028,150000
AYR,20171222,0.004,0.004,0.004,0.004,800000
AYS,20171222,2,2,1.98,2,102095
AYZ,20171222,59.3,59.3,59.3,59.3,260
AZJ,20171222,4.97,4.995,4.92,4.95,3652376
AZM,20171222,0.021,0.022,0.021,0.022,1689737
AZS,20171222,0.36,0.37,0.355,0.37,227116
AZY,20171222,0.021,0.021,0.021,0.021,123809
BAF,20171222,1.195,1.21,1.19,1.19,120866
BAH,20171222,0.3,0.3,0.3,0.3,200000
BAL,20171222,10.38,10.82,10.35,10.77,442991
BAP,20171222,5.65,5.73,5.63,5.69,1008072
BAR,20171222,0.05,0.051,0.049,0.051,857506
BAS,20171222,0.003,0.003,0.003,0.003,456000
BAT,20171222,0.072,0.072,0.07,0.071,802519
BAU,20171222,0.092,0.092,0.092,0.092,49000
BBG,20171222,0.95,0.96,0.95,0.96,147727
BBN,20171222,1.645,1.665,1.61,1.635,127754
BBOZ,20171222,14.88,14.93,14.82,14.92,12111
BBUS,20171222,5.4,5.41,5.4,5.4,90306
BCB,20171222,0.018,0.018,0.018,0.018,1455421
BCI,20171222,0.15,0.155,0.15,0.155,384343
BCN,20171222,0.016,0.016,0.016,0.016,50000
BCT,20171222,0.065,0.066,0.064,0.065,1008972
BDA,20171222,0.355,0.355,0.35,0.35,57524
BDI,20171222,0.002,0.002,0.002,0.002,60701141
BDR,20171222,0.185,0.185,0.167,0.17,7715840
BEAR,20171222,13.94,13.97,13.93,13.97,68740
BEE,20171222,0.24,0.25,0.24,0.25,25666
BEL,20171222,0.115,0.115,0.11,0.11,53588
BEN,20171222,11.47,11.53,11.45,11.51,409809
BFC,20171222,0.265,0.275,0.26,0.26,1205651
BFG,20171222,0.74,0.77,0.74,0.75,568547
BGA,20171222,7.4,7.54,7.4,7.47,202889
BGH,20171222,0.028,0.028,0.028,0.028,8000
BGS,20171222,0.73,0.77,0.725,0.76,882314
BGT,20171222,0.2,0.2,0.195,0.2,272943
BHD,20171222,0.94,0.95,0.94,0.95,33958
BHP,20171222,29.08,29.36,29.05,29.1,12887788
BIG,20171222,3.29,3.39,3.15,3.34,429879
BIN,20171222,2.58,2.67,2.54,2.65,333516
BIQ,20171222,0.085,0.085,0.085,0.085,5000
BIS,20171222,0.8,0.8,0.8,0.8,5274
BIT,20171222,0.028,0.028,0.027,0.027,213692
BKI,20171222,1.73,1.73,1.725,1.725,150417
BKL,20171222,170.01,173.5,170.01,171.18,28362
BKT,20171222,0.053,0.056,0.053,0.056,118414
BKW,20171222,15,15,14.85,14.87,83243
BKY,20171222,1,1.002,0.955,0.955,245162
BLA,20171222,14.35,14.79,14.25,14.7,74107
BLD,20171222,7.95,7.99,7.87,7.91,3696349
BLG,20171222,0.38,0.385,0.375,0.38,62333
BLT,20171222,0.195,0.21,0.195,0.205,154767
BLX,20171222,1.455,1.545,1.455,1.545,25825
BLY,20171222,0.011,0.011,0.01,0.01,4861000
BLZ,20171222,0.04,0.041,0.04,0.041,59388
BMH,20171222,0.235,0.235,0.235,0.235,31173
BMN,20171222,0.055,0.057,0.054,0.057,863450
BMP,20171222,0.18,0.185,0.18,0.185,19266
BMT,20171222,0.235,0.235,0.21,0.21,296267
BNO,20171222,0.375,0.38,0.365,0.365,62642
BNR,20171222,0.036,0.036,0.035,0.035,134000
BOC,20171222,0.27,0.27,0.27,0.27,17120
BOE,20171222,0.048,0.05,0.047,0.05,479964
BOL,20171222,0.27,0.27,0.265,0.27,310852
BOND,20171222,25.78,25.78,25.78,25.78,0
BOQ,20171222,12.65,12.74,12.62,12.67,1053432
BOT,20171222,0.06,0.062,0.06,0.06,358855
BPF,20171222,0.12,0.135,0.12,0.135,1403370
BPG,20171222,0.009,0.009,0.008,0.009,3815501
BPH,20171222,0.003,0.003,0.003,0.003,496706
BPL,20171222,0.068,0.08,0.066,0.08,2301856
BPS,20171222,0.435,0.445,0.42,0.445,878137
BPT,20171222,1.16,1.185,1.16,1.18,5319586
BRB,20171222,0.58,0.59,0.57,0.585,176277
BRC,20171222,0.063,0.065,0.06,0.061,694921
BRG,20171222,12.56,12.61,12.47,12.57,113141
BRK,20171222,0.012,0.012,0.012,0.012,240268
BRL,20171222,0.15,0.15,0.145,0.145,868806
BRN,20171222,0.17,0.18,0.165,0.17,3616379
BRU,20171222,0.295,0.3,0.29,0.3,365451
BSA,20171222,0.365,0.385,0.365,0.385,354002
BSE,20171222,0.265,0.275,0.26,0.275,1648596
BSL,20171222,15.08,15.25,14.88,15.09,3957738
BSM,20171222,0.018,0.019,0.018,0.019,1005000
BSR,20171222,0.016,0.016,0.015,0.016,2065883
BST,20171222,0.93,0.93,0.93,0.93,13500
BSX,20171222,0.5,0.5,0.485,0.485,38100
BTC,20171222,0.23,0.23,0.23,0.23,38475
BTH,20171222,0.38,0.38,0.35,0.36,715780
BTI,20171222,0.9,0.91,0.9,0.91,51070
BTT,20171222,11.49,11.52,11.41,11.45,848558
BUB,20171222,0.705,0.765,0.705,0.74,4759565
BUD,20171222,0.265,0.295,0.26,0.29,2435046
BUG,20171222,0.255,0.255,0.255,0.255,8500
BUL,20171222,0.15,0.15,0.145,0.15,404347
BUX,20171222,0.125,0.125,0.12,0.12,41013
BUY,20171222,0.007,0.007,0.007,0.007,2300000
BVS,20171222,1.77,1.775,1.76,1.765,215007
BWF,20171222,0.9,0.9,0.9,0.9,1600
BWP,20171222,3.17,3.175,3.15,3.15,651075
BWR,20171222,1.37,1.37,1.37,1.37,3935
BWX,20171222,7.52,7.59,7.41,7.43,280091
BXB,20171222,10.16,10.275,10.14,10.18,4162368
BXN,20171222,0.098,0.098,0.094,0.095,598409
BYE,20171222,0.2,0.21,0.2,0.2,868122
CA8,20171222,0.14,0.14,0.14,0.14,861
CAA,20171222,0.145,0.145,0.145,0.145,326144
CAB,20171222,2.09,2.13,2.05,2.09,100690
CAF,20171222,0.51,0.515,0.51,0.515,6543
CAG,20171222,0.175,0.175,0.16,0.175,70500
CAI,20171222,0.04,0.04,0.039,0.039,1606536
CAJ,20171222,0.29,0.3,0.29,0.295,2915231
CAM,20171222,0.9,0.9,0.9,0.9,61000
CAN,20171222,2.53,2.53,2.5,2.52,104636
CAP,20171222,0.105,0.11,0.092,0.11,168482
CAR,20171222,14.72,14.73,14.55,14.64,445230
CAT,20171222,1.635,1.665,1.62,1.62,316704
CAY,20171222,0.13,0.14,0.13,0.14,842225
CAZ,20171222,0.047,0.047,0.047,0.047,222500
CBA,20171222,80,80.68,79.95,80.39,5288058
CBC,20171222,0.865,0.87,0.865,0.87,10100
CBL,20171222,2.85,2.85,2.85,2.85,1750
CCA,20171222,0.84,0.84,0.82,0.82,25383
CCE,20171222,0.04,0.04,0.039,0.039,747174
CCG,20171222,0.26,0.26,0.25,0.25,53810
CCJ,20171222,0.011,0.011,0.011,0.011,244360
CCL,20171222,8.51,8.57,8.48,8.52,2251627
CCP,20171222,22.48,22.57,22.28,22.55,138716
CCV,20171222,0.36,0.365,0.35,0.365,226043
CCZ,20171222,0.057,0.057,0.053,0.056,2899272
CDA,20171222,2.15,2.2,2.15,2.2,275547
CDD,20171222,1.445,1.47,1.44,1.445,43029
CDM,20171222,1.36,1.375,1.35,1.35,371795
CDP,20171222,7.98,7.99,7.98,7.98,25573
CDT,20171222,0.028,0.028,0.028,0.028,904581
CDU,20171222,0.325,0.345,0.325,0.335,5832362
CDV,20171222,0.535,0.535,0.51,0.525,126229
CDY,20171222,0.46,0.46,0.445,0.445,13888
CETF,20171222,62.6,62.74,62.6,62.74,1752
CFE,20171222,0.055,0.055,0.054,0.055,3317269
CFO,20171222,0.3,0.3,0.3,0.3,57977
CGA,20171222,0.43,0.43,0.425,0.43,28003
CGC,20171222,6.7,6.785,6.68,6.69,795512
CGF,20171222,14.22,14.26,14.14,14.17,683023
CGL,20171222,6.29,6.295,6.23,6.29,25636
CGM,20171222,0.006,0.006,0.006,0.006,1015000
CGR,20171222,0.445,0.46,0.445,0.46,334528
CGS,20171222,0.9,0.91,0.9,0.9,79619
CHC,20171222,6.21,6.21,6.115,6.18,2241486
CHK,20171222,0.01,0.01,0.009,0.009,2288223
CHN,20171222,0.18,0.18,0.18,0.18,215400
CHP,20171222,0.01,0.01,0.009,0.01,8319343
CIA,20171222,1.4,1.47,1.395,1.47,52594
CIE,20171222,0.965,0.965,0.955,0.965,85721
CIM,20171222,52.31,52.67,51.99,52.12,100567
CIO,20171222,0.023,0.023,0.023,0.023,406306
CIP,20171222,2.585,2.63,2.57,2.62,427174
CIW,20171222,0.52,0.52,0.52,0.52,68030
CKA,20171222,0.081,0.081,0.079,0.079,1670729
CKF,20171222,5.36,5.41,5.32,5.38,318456
CL1,20171222,2.7,2.73,2.68,2.7,63177
CL8,20171222,0.035,0.036,0.033,0.036,508053
CLA,20171222,0.115,0.115,0.11,0.115,2144120
CLH,20171222,1.34,1.345,1.315,1.32,72814
CLI,20171222,0.085,0.09,0.085,0.09,140734
CLL,20171222,0.135,0.155,0.135,0.15,780314
CLQ,20171222,1.48,1.495,1.44,1.48,1244083
CLV,20171222,0.73,0.73,0.72,0.73,144286
CLW,20171222,4.26,4.28,4.22,4.23,215414
CLX,20171222,1.175,1.175,1.175,1.175,2000
CLY,20171222,0.004,0.005,0.004,0.005,1470611
CLZ,20171222,0.004,0.004,0.004,0.004,10441699
CM8,20171222,0.135,0.135,0.135,0.135,20137
CMA,20171222,2.44,2.46,2.43,2.43,134367
CMC,20171222,0.025,0.025,0.022,0.022,100000
CMD,20171222,0.098,0.1,0.098,0.1,21916
CMI,20171222,1.315,1.32,1.315,1.32,3000
CMM,20171222,0.073,0.073,0.07,0.07,167923
CMP,20171222,0.39,0.39,0.39,0.39,6200
CMW,20171222,1.025,1.03,1.015,1.02,2749044
CNI,20171222,1.44,1.465,1.435,1.46,171993
CNJ,20171222,0.043,0.044,0.042,0.044,343696
CNU,20171222,3.86,3.92,3.815,3.91,4655141
CNW,20171222,0.017,0.017,0.017,0.017,6939
CNX,20171222,0.15,0.15,0.15,0.15,45000
COB,20171222,0.855,0.89,0.82,0.845,2153055
COE,20171222,0.31,0.322,0.305,0.32,1187216
COG,20171222,0.115,0.115,0.115,0.115,5000
COH,20171222,175.13,175.94,173.79,174.14,141342
COI,20171222,0.24,0.25,0.24,0.245,24861
COM,20171222,0.007,0.008,0.007,0.008,15260000
CP1,20171222,0.2,0.2,0.19,0.195,341320
CPH,20171222,0.8,0.815,0.8,0.805,397282
CPU,20171222,16.85,16.96,16.78,16.8,1612871
CQG,20171222,1.065,1.08,1.065,1.07,65267
CQR,20171222,4.28,4.3,4.26,4.26,555820
CRB,20171222,0.074,0.075,0.074,0.074,3028250
CRD,20171222,1.31,1.34,1.24,1.24,163318
CRL,20171222,0.12,0.125,0.12,0.125,15000
CRO,20171222,0.072,0.072,0.063,0.068,1036260
CRR,20171222,2.95,2.95,2.93,2.93,27760
CSL,20171222,141.4,141.83,140.715,141.2,2047798
CSR,20171222,4.71,4.79,4.71,4.78,1365257
CSS,20171222,0.065,0.065,0.062,0.064,1594808
CSV,20171222,0.442,0.45,0.43,0.45,69426
CT1,20171222,0.028,0.028,0.024,0.027,1317172
CTD,20171222,21.2,21.27,20.3,21.14,355830
CTL,20171222,0.011,0.012,0.011,0.012,911541
CTM,20171222,0.006,0.006,0.006,0.006,2346019
CTO,20171222,0.007,0.007,0.006,0.006,195450
CTP,20171222,0.089,0.091,0.089,0.09,1835233
CTX,20171222,34,34.41,33.84,33.95,910225
CUE,20171222,0.072,0.074,0.072,0.074,13483
CUL,20171222,0.002,0.002,0.002,0.002,152000
CUP,20171222,0.615,0.615,0.615,0.615,21404
CUV,20171222,7.81,7.85,7.7,7.83,13550
CUX,20171222,0.006,0.006,0.006,0.006,365514
CV1,20171222,0.076,0.076,0.076,0.076,44844
CVF,20171222,1.13,1.13,1.13,1.13,985
CVN,20171222,0.095,0.098,0.095,0.097,282145
CVS,20171222,0.01,0.01,0.009,0.009,250000
CVT,20171222,0.039,0.039,0.039,0.039,44871
CVV,20171222,0.059,0.059,0.059,0.059,800
CVW,20171222,1.46,1.48,1.46,1.48,525511
CWN,20171222,12.98,13.05,12.895,12.93,1223446
CWP,20171222,6.11,6.12,6,6.1,39344
CWX,20171222,0.245,0.265,0.24,0.255,682753
CWY,20171222,1.555,1.6,1.555,1.57,1631210
CXM,20171222,0.087,0.087,0.085,0.085,194000
CXO,20171222,0.075,0.08,0.075,0.078,1830642
CXZ,20171222,0.01,0.01,0.01,0.01,1200000
CYA,20171222,0.96,0.97,0.96,0.965,334582
CYB,20171222,5.86,5.88,5.77,5.8,2999662
CYC,20171222,0.95,0.95,0.95,0.95,550
CYG,20171222,1.11,1.15,1.1,1.15,39584
CYL,20171222,1.22,1.22,1.19,1.2,220873
CYP,20171222,0.6,0.6,0.585,0.6,43172
CZL,20171222,0.016,0.016,0.014,0.015,3540214
CZN,20171222,0.015,0.016,0.015,0.015,4322621
CZR,20171222,0.018,0.018,0.018,0.018,500600
CZZ,20171222,18.06,18.39,18.06,18.39,6492
D13,20171222,0.071,0.073,0.068,0.073,491205
D2O,20171222,1.12,1.12,1.12,1.12,7000
DCC,20171222,0.34,0.365,0.34,0.345,6107457
DCG,20171222,1.295,1.3,1.23,1.29,121210
DCL,20171222,0.105,0.105,0.105,0.105,10000
DCN,20171222,2.63,2.65,2.62,2.62,423204
DDD,20171222,0.01,0.01,0.01,0.01,100000
DDR,20171222,2.98,2.99,2.93,2.94,95721
DDT,20171222,0.004,0.004,0.004,0.004,178571
DEG,20171222,0.175,0.175,0.165,0.17,2796523
DEM,20171222,0.245,0.26,0.245,0.26,165358
DEV,20171222,0.011,0.011,0.011,0.011,100000
DFM,20171222,0.78,0.795,0.78,0.795,60353
DGR,20171222,0.1,0.1,0.1,0.1,88000
DHG,20171222,3.48,3.53,3.46,3.46,720941
DHR,20171222,0.017,0.017,0.017,0.017,985044
DIV,20171222,21.44,21.44,21.44,21.44,160
DJRE,20171222,20.67,20.67,20.6,20.66,23285
DJW,20171222,3.6,3.66,3.58,3.65,132020
DKM,20171222,0.21,0.25,0.21,0.235,740524
DLC,20171222,0.005,0.005,0.005,0.005,19250
DLX,20171222,7.79,7.83,7.75,7.79,540206
DM1,20171222,0.029,0.029,0.029,0.029,40000
DMG,20171222,0.013,0.013,0.013,0.013,12544
DMP,20171222,45.6,46.6,45.25,46.6,221208
DNA,20171222,0.315,0.325,0.3,0.3,690112
DNK,20171222,0.7,0.715,0.695,0.71,132091
DOR,20171222,0.205,0.205,0.205,0.205,25462
DOW,20171222,6.92,7.06,6.92,7.03,1537235
DRA,20171222,0.195,0.195,0.19,0.19,53770
DRG,20171222,0.25,0.255,0.235,0.25,1691514
DRM,20171222,0.2,0.2,0.195,0.195,158885
DRO,20171222,0.175,0.18,0.175,0.18,162214
DRX,20171222,0.017,0.017,0.017,0.017,230664
DSE,20171222,0.058,0.058,0.058,0.058,1406498
DTL,20171222,1.73,1.78,1.73,1.78,298324
DTM,20171222,0.007,0.007,0.007,0.007,1000001
DTS,20171222,0.22,0.22,0.21,0.21,99634
DTZ,20171222,0.17,0.17,0.16,0.165,403186
DUB,20171222,0.47,0.475,0.45,0.455,62838
DUI,20171222,4.09,4.09,4.08,4.08,1288
DVN,20171222,0.395,0.395,0.395,0.395,9188
DWS,20171222,1.57,1.585,1.555,1.58,59588
DXB,20171222,0.12,0.12,0.12,0.12,269620
DXS,20171222,10.03,10.1,9.92,9.94,2058866
DYL,20171222,0.33,0.33,0.315,0.315,107339
E2M,20171222,0.12,0.12,0.12,0.12,103401
EAI,20171222,1.105,1.115,1.1,1.11,199151
EAR,20171222,0.285,0.31,0.285,0.3,2048086
EAX,20171222,0.89,0.9,0.89,0.9,11148
EBO,20171222,16.74,16.74,16.65,16.65,1000
ECG,20171222,0.07,0.07,0.07,0.07,70000
ECX,20171222,4.06,4.08,4.02,4.08,418021
EDE,20171222,0.12,0.12,0.115,0.12,648317
EEG,20171222,0.012,0.012,0.012,0.012,1342495
EEU,20171222,14.92,14.92,14.9,14.9,902
EFE,20171222,0.019,0.019,0.014,0.014,10604569
EGA,20171222,0.265,0.27,0.265,0.27,63456
EGD,20171222,1.94,1.95,1.94,1.95,45381
EGG,20171222,0.995,1,0.995,0.995,16750
EGH,20171222,0.31,0.315,0.305,0.315,110098
EGI,20171222,1.165,1.165,1.165,1.165,9386
EGL,20171222,0.094,0.094,0.094,0.094,27106
EGN,20171222,0.43,0.43,0.43,0.43,29347
EHE,20171222,3.5,3.51,3.46,3.51,1517331
EHL,20171222,0.245,0.25,0.242,0.25,8443150
EHX,20171222,0.125,0.125,0.125,0.125,210194
ELD,20171222,7.67,7.84,7.66,7.78,203552
ELK,20171222,0.065,0.066,0.065,0.066,1446458
ELO,20171222,4.05,4.05,3.84,3.93,37600
ELS,20171222,1.335,1.345,1.3,1.345,129126
ELX,20171222,0.98,0.98,0.96,0.975,38667
EMH,20171222,0.72,0.72,0.71,0.72,13400
EML,20171222,1.825,1.87,1.81,1.84,90767
EMP,20171222,0.003,0.003,0.003,0.003,25000
EMR,20171222,0.041,0.041,0.04,0.04,1237165
EMU,20171222,0.14,0.14,0.14,0.14,30000
EN1,20171222,0.23,0.232,0.225,0.23,232374
ENA,20171222,0.071,0.071,0.071,0.071,57760
ENB,20171222,0.013,0.013,0.011,0.013,1730200
ENC,20171222,0.32,0.325,0.32,0.32,400000
ENN,20171222,2.12,2.14,2.12,2.14,584045
ENT,20171222,0.019,0.021,0.018,0.021,617419
EOS,20171222,2.4,2.44,2.4,2.4,11058
EPD,20171222,0.47,0.475,0.47,0.475,50594
EPM,20171222,0.016,0.016,0.016,0.016,3123388
EPT,20171222,0.065,0.067,0.063,0.067,1202109
EPW,20171222,1.39,1.39,1.375,1.38,75709
EQE,20171222,0.033,0.033,0.033,0.033,5000
EQT,20171222,19.89,20,19.53,19.53,9888
ERA,20171222,0.91,0.935,0.9,0.92,164015
ERL,20171222,0.019,0.019,0.017,0.017,740680
ERM,20171222,0.085,0.095,0.085,0.09,419601
ESE,20171222,0.305,0.305,0.285,0.285,492916
ESH,20171222,0.015,0.015,0.015,0.015,1061796
ESI,20171222,0.009,0.01,0.009,0.009,3710440
ESK,20171222,0.11,0.11,0.11,0.11,568
ESR,20171222,0.025,0.025,0.025,0.025,217957
ESV,20171222,0.19,0.195,0.19,0.195,303936
ETE,20171222,0.026,0.026,0.026,0.026,316531
ETF,20171222,21.47,21.47,21.47,21.47,1875
ETPMAG,20171222,20.14,20.2,20.01,20.01,4892
ETPMPD,20171222,125.83,125.83,125.83,125.83,0
ETPMPM,20171222,124.94,124.94,124.94,124.94,0
ETPMPT,20171222,114.49,114.49,114.49,114.49,0
EUR,20171222,0.175,0.175,0.165,0.17,1569504
EVE,20171222,0.015,0.016,0.014,0.015,11833888
EVN,20171222,2.59,2.59,2.56,2.59,7744888
EVO,20171222,0.7,0.7,0.7,0.7,500
EVS,20171222,0.075,0.075,0.075,0.075,8456
EVT,20171222,13.27,13.36,13.08,13.19,19354
EWC,20171222,0.365,0.37,0.365,0.37,70861
EXG,20171222,0.048,0.05,0.047,0.049,1097537
EXP,20171222,0.865,0.87,0.86,0.86,159859
EXR,20171222,0.068,0.072,0.068,0.071,729386
EXU,20171222,0.105,0.105,0.099,0.099,2245582
EZL,20171222,1.17,1.19,1.17,1.17,16504
FAR,20171222,0.077,0.079,0.075,0.079,3860724
FBR,20171222,0.17,0.2,0.165,0.19,6688531
FBU,20171222,7.01,7.04,6.96,7.01,998088
FCC,20171222,1.2,1.2,1.17,1.2,139172
FCR,20171222,0.001,0.002,0.001,0.002,600000
FCT,20171222,0.3,0.3,0.295,0.295,180556
FDM,20171222,0.27,0.275,0.265,0.27,812644
FDV,20171222,0.675,0.675,0.67,0.67,41230
FEL,20171222,0.036,0.049,0.03,0.04,15584288
FET,20171222,2.86,2.89,2.86,2.89,112686
FFC,20171222,0.115,0.115,0.115,0.115,76692
FFG,20171222,0.077,0.081,0.07,0.07,19660026
FFI,20171222,4.05,4.05,4.05,4.05,130
FGF,20171222,0.016,0.018,0.015,0.016,17373718
FGG,20171222,1.26,1.295,1.25,1.295,283876
FGO,20171222,0.067,0.067,0.065,0.066,1572305
FGR,20171222,0.14,0.14,0.13,0.13,499481
FGX,20171222,1.165,1.17,1.16,1.17,219893
FHS,20171222,0.079,0.079,0.079,0.079,82000
FID,20171222,5.3,5.35,5.3,5.34,2846
FIG,20171222,0.44,0.47,0.44,0.46,202208
FLC,20171222,0.53,0.54,0.52,0.54,484570
FLK,20171222,1.26,1.26,1.26,1.26,5000
FLN,20171222,0.495,0.51,0.495,0.5,677290
FLT,20171222,44.88,44.88,44.52,44.65,273749
FMG,20171222,4.92,4.925,4.88,4.9,11776462
FMS,20171222,0.1,0.1,0.097,0.098,169091
FND,20171222,0.245,0.245,0.235,0.24,23771802
FNP,20171222,5.15,5.16,4.82,4.88,55396
FNT,20171222,0.015,0.019,0.015,0.017,929663
FOR,20171222,2.05,2.07,2.05,2.07,20000
FPC,20171222,1.2,1.24,1.2,1.24,114520
FPH,20171222,12.79,12.94,12.78,12.85,225349
FPP,20171222,1.13,1.13,1.13,1.13,5375
FRI,20171222,1.02,1.02,1.015,1.02,12576
FRM,20171222,0.99,0.99,0.97,0.97,34089
FRN,20171222,0.024,0.024,0.022,0.024,204972
FSA,20171222,1.605,1.615,1.605,1.615,79083
FSF,20171222,5.9,5.9,5.8,5.8,1338
FSI,20171222,1.705,1.71,1.705,1.71,2190
FTT,20171222,0.05,0.051,0.049,0.05,654414
FWD,20171222,2.87,2.89,2.79,2.88,70145
FXJ,20171222,0.76,0.797,0.76,0.785,10144739
FXL,20171222,1.62,1.675,1.59,1.675,1069147
FYI,20171222,0.085,0.088,0.082,0.086,758187
FZO,20171222,0.6,0.6,0.58,0.6,59960
G1A,20171222,0.705,0.705,0.69,0.69,21458
G88,20171222,0.59,0.595,0.55,0.56,558196
GAP,20171222,0.35,0.35,0.345,0.35,125132
GAS,20171222,0.375,0.375,0.35,0.35,66672
GBG,20171222,0.023,0.025,0.023,0.023,539851
GBR,20171222,0.3,0.305,0.29,0.3,213976
GBT,20171222,2.35,2.39,2.33,2.35,42743
GBZ,20171222,0.011,0.011,0.011,0.011,500000
GC1,20171222,0.975,0.99,0.975,0.99,149366
GCS,20171222,0.92,0.95,0.915,0.915,436878
GCY,20171222,0.4,0.405,0.395,0.405,95542
GDF,20171222,1.17,1.175,1.17,1.175,24581
GDI,20171222,1.315,1.315,1.285,1.3,581768
GDX,20171222,29.99,29.99,29.32,29.42,4200
GEAR,20171222,24.22,24.33,24.2,24.21,97316
GED,20171222,0.064,0.064,0.064,0.064,18516
GEM,20171222,3.4,3.44,3.37,3.44,2944500
GEV,20171222,0.45,0.45,0.44,0.44,366948
GFI,20171222,0.305,0.305,0.295,0.295,13666
GFY,20171222,0.385,0.385,0.375,0.38,17158
GGE,20171222,0.004,0.004,0.004,0.004,408000
GGG,20171222,0.1,0.102,0.1,0.1,1512480
GGUS,20171222,15.93,15.98,15.93,15.98,5183
GGX,20171222,0.003,0.003,0.003,0.003,333333
GLL,20171222,0.14,0.15,0.14,0.15,95356
GMA,20171222,3.07,3.105,3.04,3.07,574495
GMC,20171222,0.016,0.016,0.016,0.016,6806569
GMD,20171222,0.03,0.031,0.03,0.031,442064
GME,20171222,0.11,0.12,0.1,0.1,401555
GMG,20171222,8.69,8.71,8.585,8.6,2557827
GMN,20171222,0.125,0.125,0.12,0.12,303204
GMR,20171222,0.043,0.044,0.041,0.041,978361
GMV,20171222,0.325,0.33,0.315,0.325,613139
GMY,20171222,1.45,1.45,1.4,1.4,2500
GNC,20171222,8.12,8.28,8.12,8.17,858237
GNE,20171222,2.26,2.3,2.26,2.3,14173
GNG,20171222,1.35,1.38,1.35,1.38,58675
GNX,20171222,0.36,0.37,0.36,0.37,184433
GOLD,20171222,155.72,157,155.26,155.48,7636
GOO,20171222,0.105,0.115,0.105,0.105,266604
GOR,20171222,0.685,0.705,0.685,0.7,423850
GOVT,20171222,25.59,25.59,25.59,25.59,270
GOW,20171222,3.2,3.22,3.2,3.2,47800
GOZ,20171222,3.55,3.57,3.52,3.52,219509
GPP,20171222,0.016,0.016,0.015,0.015,1233842
GPR,20171222,0.023,0.025,0.023,0.024,4944158
GPT,20171222,5.28,5.28,5.23,5.24,3800574
GPX,20171222,0.34,0.35,0.34,0.35,105994
GRB,20171222,0.091,0.091,0.088,0.09,1665237
GRR,20171222,0.225,0.225,0.22,0.22,1031540
GSC,20171222,0.285,0.34,0.285,0.335,6220369
GSL,20171222,0.175,0.18,0.175,0.175,87413
GSW,20171222,3.63,3.67,3.53,3.55,162802
GTE,20171222,0.022,0.025,0.022,0.025,5261164
GTG,20171222,0.011,0.013,0.01,0.012,24895117
GTK,20171222,6.15,6.2,6.09,6.2,43540
GTY,20171222,2.17,2.19,2.155,2.18,333604
GUD,20171222,12.65,12.7,12.6,12.67,57429
GUL,20171222,0.023,0.023,0.023,0.023,9000
GVF,20171222,1.17,1.175,1.17,1.175,40714
GWA,20171222,2.92,2.92,2.865,2.9,365416
GWR,20171222,0.08,0.08,0.08,0.08,12500
GXL,20171222,6.03,6.15,6.03,6.15,282642
GXY,20171222,3.9,3.94,3.85,3.88,2210285
HAS,20171222,0.36,0.36,0.345,0.345,47818
HAV,20171222,0.2,0.225,0.2,0.215,322359
HAW,20171222,0.067,0.07,0.067,0.07,166309
HCH,20171222,0.034,0.034,0.033,0.033,71121
HDY,20171222,0.01,0.01,0.009,0.009,22955329
HEG,20171222,0.155,0.195,0.155,0.165,1557002
HFR,20171222,0.975,0.985,0.955,0.985,34442
HGO,20171222,0.08,0.082,0.08,0.081,35712
HHM,20171222,0.024,0.024,0.024,0.024,449785
HHY,20171222,0.125,0.125,0.125,0.125,5000
HIG,20171222,0.092,0.093,0.091,0.091,357431
HIL,20171222,0.2,0.21,0.195,0.21,94310
HLO,20171222,5,5.11,5,5.08,37490
HLX,20171222,0.035,0.036,0.035,0.035,2355088
HMO,20171222,0.13,0.13,0.13,0.13,8540
HMX,20171222,0.045,0.045,0.043,0.045,2404113
HNG,20171222,0.48,0.48,0.48,0.48,9800
HNR,20171222,0.018,0.018,0.017,0.018,4302430
HOM,20171222,0.545,0.55,0.545,0.55,11990
HOT,20171222,0.2,0.2,0.2,0.2,104201
HPI,20171222,3.38,3.39,3.34,3.35,80989
HRL,20171222,0.115,0.115,0.115,0.115,161000
HRR,20171222,0.67,0.675,0.66,0.67,16782
HSN,20171222,3.75,3.8,3.75,3.79,572320
HSO,20171222,2.07,2.1,2.06,2.07,4389423
HT1,20171222,1.925,1.955,1.845,1.93,713099
HT8,20171222,0.067,0.067,0.067,0.067,7611
HTA,20171222,0.066,0.066,0.066,0.066,7755
HUB,20171222,9.7,9.74,9.61,9.72,31588
HUO,20171222,4.7,4.7,4.59,4.68,28205
HVN,20171222,4.15,4.21,4.13,4.18,2501812
HVST,20171222,17,17.04,16.98,16.99,11857
HWK,20171222,0.031,0.031,0.031,0.031,200000
HXG,20171222,0.105,0.11,0.098,0.11,1146901
HZN,20171222,0.088,0.09,0.087,0.087,1394278
HZR,20171222,0.53,0.53,0.5,0.51,196712
IAA,20171222,84.49,85.97,83.81,84.05,10174
IAB,20171222,0.495,0.495,0.495,0.495,2029
IAF,20171222,106.76,106.76,106.18,106.26,15094
IAG,20171222,7.23,7.265,7.23,7.25,5759920
IAM,20171222,0.012,0.012,0.011,0.011,5114426
IAU,20171222,1.105,1.105,1.105,1.105,823
IBG,20171222,0.072,0.073,0.071,0.073,436783
IBK,20171222,57.5,57.53,57.14,57.14,1905
IBN,20171222,0.004,0.004,0.004,0.004,500000
IBX,20171222,0.15,0.15,0.14,0.14,85500
ICG,20171222,0.005,0.005,0.005,0.005,140000
ICQ,20171222,0.19,0.195,0.19,0.19,88564
ICT,20171222,0.062,0.064,0.062,0.063,270130
IDA,20171222,0.06,0.064,0.06,0.064,39401
IDO,20171222,0.019,0.02,0.019,0.02,550000
IDR,20171222,2.57,2.58,2.55,2.55,137305
IDX,20171222,2.25,2.27,2.25,2.26,37601
IDZ,20171222,0.23,0.25,0.23,0.25,11126
IEL,20171222,6.39,6.39,6.11,6.14,98197
IEM,20171222,59.93,60.54,59.56,59.85,33310
IEU,20171222,61.03,61.22,60.93,61,20844
IFL,20171222,10.93,10.93,10.82,10.83,1232173
IFM,20171222,0.82,0.85,0.81,0.84,349702
IFN,20171222,0.68,0.685,0.675,0.685,315653
IGB,20171222,102.7,102.7,102.54,102.54,731
IGL,20171222,2.15,2.17,2.14,2.16,274686
IGO,20171222,4.51,4.57,4.48,4.53,1483574
IHCB,20171222,106.55,106.58,106.36,106.55,1887
IHD,20171222,14.3,14.32,14.28,14.28,7508
IHEB,20171222,108.97,108.97,108.97,108.97,245
IHHY,20171222,106.54,106.96,106.54,106.96,971
IHK,20171222,33.29,33.29,32.36,32.37,22377
IHOO,20171222,113.99,113.99,113.7,113.7,24
IHVV,20171222,343,343.52,342.24,342.31,402
IIL,20171222,0.029,0.029,0.028,0.028,556862
IJH,20171222,247.5,247.5,246.68,246.71,838
IJP,20171222,77.89,77.89,77.5,77.78,5583
IJR,20171222,100.49,100.49,100.25,100.49,1682
IKO,20171222,94.4,94.4,93.34,94.09,1469
ILB,20171222,115.34,115.34,114.94,115.2,949
ILC,20171222,23.95,23.99,23.93,23.94,16673
ILU,20171222,10.09,10.17,10.06,10.13,1662698
IMA,20171222,0.115,0.115,0.115,0.115,200
IMC,20171222,0.175,0.175,0.17,0.17,34500
IMD,20171222,0.985,1.035,0.985,1.035,2772042
IMF,20171222,2.85,2.88,2.845,2.85,468131
IMM,20171222,0.023,0.023,0.022,0.022,4069187
IMS,20171222,0.046,0.048,0.046,0.048,156676
IMU,20171222,0.015,0.016,0.015,0.015,843541
INA,20171222,2.73,2.76,2.72,2.74,54272
ING,20171222,3.45,3.49,3.42,3.42,222985
INK,20171222,0.135,0.135,0.13,0.135,194480
INM,20171222,48.55,48.6,48.02,48.02,12341
INV,20171222,0.315,0.315,0.28,0.28,34374
IOF,20171222,4.66,4.68,4.61,4.61,545086
IOG,20171222,0.008,0.009,0.008,0.009,1600000
IOO,20171222,122.2,122.2,120.41,120.54,6693
IOT,20171222,0.01,0.01,0.009,0.01,11513440
IOZ,20171222,25.05,25.11,25.04,25.04,183351
IP1,20171222,0.08,0.08,0.08,0.08,12511
IPD,20171222,0.935,0.94,0.92,0.93,142188
IPH,20171222,5.3,5.3,5.25,5.27,232200
IPL,20171222,3.92,3.96,3.895,3.92,5720690
IPT,20171222,0.015,0.015,0.015,0.015,6527912
IRC,20171222,0.125,0.135,0.125,0.135,120461
IRE,20171222,11.59,11.75,11.49,11.67,150065
IRI,20171222,4,4,3.91,3.99,133367
IRU,20171222,199.42,199.42,199.28,199.39,434
ISD,20171222,1.385,1.385,1.355,1.36,379945
ISH,20171222,0.041,0.041,0.041,0.041,236220
ISO,20171222,5.04,5.07,5.04,5.07,12854
ISU,20171222,1.38,1.385,1.355,1.38,176456
ISX,20171222,0.165,0.165,0.155,0.155,167509
ITD,20171222,0.47,0.47,0.47,0.47,118258
ITW,20171222,46,46,46,46,170
IVC,20171222,16.26,16.38,16.18,16.27,127437
IVE,20171222,91.66,92.02,90.64,90.69,5975
IVO,20171222,0.014,0.017,0.013,0.013,44589105
IVQ,20171222,0.09,0.09,0.09,0.09,50000
IVR,20171222,0.018,0.018,0.018,0.018,1963037
IVV,20171222,352.83,352.83,349.5,349.91,6496
IVX,20171222,0.007,0.007,0.006,0.006,3005935
IXI,20171222,135.5,135.81,135.21,135.81,2245
IXJ,20171222,148.62,148.62,146.06,146.53,4367
IXP,20171222,78.76,78.89,78.36,78.68,2365
IXU,20171222,0.535,0.535,0.5,0.505,188180
IZZ,20171222,60.45,60.77,59.01,59.17,8685
JAL,20171222,0.15,0.15,0.15,0.15,250000
JAN,20171222,0.39,0.39,0.39,0.39,722500
JBH,20171222,24.79,24.89,24.71,24.8,397150
JCI,20171222,0.54,0.54,0.53,0.53,5908
JCS,20171222,0.045,0.046,0.044,0.044,487331
JHC,20171222,1.925,1.965,1.925,1.955,785746
JHG,20171222,50.23,50.23,49.8,49.93,213949
JHL,20171222,0.012,0.012,0.012,0.012,16200
JHX,20171222,22.39,22.57,22.31,22.4,1145963
JIN,20171222,3.4,3.49,3.39,3.47,98497
JKL,20171222,0.081,0.081,0.081,0.081,800
JLG,20171222,1.32,1.32,1.305,1.305,12020
JRV,20171222,0.65,0.675,0.645,0.65,479245
JVG,20171222,0.002,0.002,0.002,0.002,2000000
K2F,20171222,0.295,0.32,0.29,0.315,1082753
KAI,20171222,0.038,0.041,0.038,0.04,6014144
KAM,20171222,0.26,0.26,0.26,0.26,16000
KAR,20171222,1.295,1.3,1.275,1.3,423752
KAS,20171222,0.013,0.013,0.013,0.013,125608
KAT,20171222,0.805,0.805,0.805,0.805,37500
KCN,20171222,0.41,0.415,0.41,0.415,94250
KDR,20171222,1.83,1.86,1.75,1.8,1337389
KEY,20171222,0.008,0.008,0.008,0.008,1795736
KFE,20171222,0.1,0.11,0.088,0.096,2162839
KGL,20171222,0.36,0.36,0.355,0.36,30346
KGN,20171222,5.94,6.255,5.93,6.2,367882
KII,20171222,2.81,2.81,2.81,2.81,530
KIN,20171222,0.27,0.275,0.265,0.27,204014
KKT,20171222,0.485,0.485,0.48,0.48,68038
KLA,20171222,25,25,21,21,5130
KLH,20171222,0.015,0.015,0.015,0.015,500000
KLL,20171222,0.4,0.4,0.385,0.385,243939
KMD,20171222,2.16,2.22,2.16,2.21,43189
KME,20171222,0.545,0.545,0.545,0.545,9100
KMT,20171222,0.029,0.029,0.029,0.029,401350
KNL,20171222,0.15,0.15,0.15,0.15,372393
KNM,20171222,0.135,0.14,0.125,0.13,1606269
KOR,20171222,0.028,0.028,0.027,0.027,94116
KOV,20171222,2.3,2.33,2.3,2.33,8000
KP2,20171222,0.135,0.135,0.135,0.135,114790
KPG,20171222,1.745,1.745,1.735,1.735,6506
KPO,20171222,0.068,0.07,0.068,0.068,8994287
KPT,20171222,2.31,2.32,2.31,2.32,2976
KRC,20171222,0.015,0.016,0.015,0.015,9285697
KRM,20171222,0.073,0.078,0.07,0.072,1893481
KSC,20171222,1.7,1.7,1.7,1.7,1650
KSL,20171222,0.7,0.71,0.685,0.71,46245
KSN,20171222,0.02,0.021,0.02,0.021,1829795
KYK,20171222,0.165,0.17,0.165,0.17,154660
KZA,20171222,0.42,0.44,0.415,0.42,64769
KZR,20171222,0.12,0.12,0.12,0.12,102097
LAA,20171222,0.135,0.14,0.135,0.14,48324
LAU,20171222,0.4,0.4,0.4,0.4,46330
LBT,20171222,0.195,0.195,0.19,0.19,232237
LCD,20171222,0.019,0.019,0.018,0.018,628540
LCK,20171222,0.097,0.098,0.095,0.095,120575
LCM,20171222,0.315,0.315,0.315,0.315,4415
LCT,20171222,0.027,0.03,0.027,0.03,1691645
LEG,20171222,0.025,0.027,0.024,0.027,7527166
LEP,20171222,4.87,4.98,4.83,4.91,27863
LER,20171222,0.1,0.105,0.1,0.1,128423
LEX,20171222,0.17,0.17,0.16,0.16,80350
LFR,20171222,0.1,0.105,0.1,0.1,121910
LGD,20171222,0.215,0.24,0.21,0.24,152932
LHC,20171222,2.62,2.64,2.62,2.64,29878
LI3,20171222,0.15,0.15,0.145,0.15,91867
LIC,20171222,5.17,5.2,5.12,5.2,12142
LIN,20171222,0.024,0.025,0.024,0.025,1031799
LIO,20171222,0.06,0.06,0.06,0.06,17258
LIT,20171222,0.2,0.205,0.195,0.195,957999
LKE,20171222,0.22,0.25,0.22,0.24,2687901
LKO,20171222,0.001,0.002,0.001,0.002,4875025
LLC,20171222,16.56,16.56,16.29,16.37,1701386
LMW,20171222,0.61,0.61,0.61,0.61,10000
LNG,20171222,0.42,0.42,0.4,0.42,1843003
LNK,20171222,8.64,8.64,8.53,8.55,951419
LNU,20171222,0.165,0.17,0.14,0.145,9397114
LOM,20171222,0.23,0.23,0.225,0.225,415283
LON,20171222,0.046,0.046,0.039,0.04,52953052
LOV,20171222,6.85,6.97,6.845,6.93,39639
LPD,20171222,0.052,0.055,0.052,0.052,23339628
LPE,20171222,0.02,0.02,0.02,0.02,1621432
LPI,20171222,0.56,0.56,0.545,0.545,510946
LRM,20171222,0.18,0.18,0.18,0.18,5000
LRS,20171222,0.01,0.011,0.01,0.01,4649201
LSH,20171222,0.145,0.145,0.145,0.145,102265
LSX,20171222,0.375,0.39,0.375,0.39,93698
LTR,20171222,0.037,0.042,0.036,0.041,6742722
LVH,20171222,1.2,1.225,1.175,1.22,102038
LVT,20171222,0.355,0.385,0.355,0.375,539067
LYC,20171222,2.06,2.07,1.995,2.04,2626485
LYL,20171222,4.83,4.9,4.83,4.85,5848
M7T,20171222,0.27,0.27,0.26,0.27,53537
MA1,20171222,0.87,0.875,0.87,0.875,43064
MAG,20171222,0.13,0.13,0.13,0.13,68300
MAH,20171222,0.235,0.24,0.225,0.23,863517
MAI,20171222,0.57,0.6,0.57,0.6,134904
MAQ,20171222,15.3,15.3,15.3,15.3,1319
MAR,20171222,0.006,0.006,0.006,0.006,260008
MAT,20171222,0.215,0.23,0.215,0.215,282621
MAY,20171222,0.016,0.016,0.014,0.015,7407026
MBK,20171222,0.018,0.018,0.018,0.018,415000
MCE,20171222,0.555,0.555,0.555,0.555,1833
MCM,20171222,0.65,0.65,0.65,0.65,5000
MCP,20171222,1.13,1.14,1.115,1.135,702886
MCR,20171222,0.34,0.34,0.335,0.34,164993
MCT,20171222,0.039,0.04,0.036,0.036,988614
MDC,20171222,0.73,0.76,0.73,0.735,33629
MDI,20171222,0.021,0.021,0.021,0.021,1919225
MDL,20171222,1.025,1.055,1.025,1.055,34554
MDR,20171222,0.046,0.046,0.046,0.046,50000
MEA,20171222,0.535,0.535,0.525,0.525,94360
MEB,20171222,0.345,0.35,0.34,0.35,355724
MEC,20171222,1.1,1.105,1.1,1.1,25200
MED,20171222,0.008,0.008,0.008,0.008,5612345
MEI,20171222,0.059,0.06,0.056,0.057,4369220
MEL,20171222,0.055,0.056,0.055,0.055,234685
MEM,20171222,0.002,0.002,0.002,0.002,1775000
MEP,20171222,0.089,0.091,0.089,0.091,321042
MEU,20171222,0.019,0.021,0.019,0.021,368421
MEZ,20171222,2.7,2.7,2.66,2.69,36278
MFD,20171222,0.92,0.95,0.92,0.95,7593
MFF,20171222,2.26,2.28,2.23,2.24,402183
MFG,20171222,27.08,27.26,26.92,27.1,255377
MGC,20171222,0.84,0.855,0.835,0.84,656784
MGE,20171222,3.05,3.05,3.03,3.03,640531
MGG,20171222,1.64,1.66,1.64,1.66,869618
MGP,20171222,0.28,0.285,0.28,0.285,1241040
MGR,20171222,2.41,2.425,2.39,2.4,8060542
MGT,20171222,0.038,0.038,0.037,0.037,212478
MGU,20171222,0.06,0.06,0.06,0.06,100000
MGV,20171222,0.079,0.079,0.076,0.077,849015
MGX,20171222,0.455,0.465,0.45,0.455,1652986
MGZ,20171222,0.028,0.028,0.025,0.025,438107
MHG,20171222,3.04,3.06,3.04,3.06,7061
MHJ,20171222,1.19,1.23,1.19,1.21,13420
MIL,20171222,1.355,1.385,1.34,1.35,42978
MIN,20171222,20.09,20.68,19.84,20.63,1353420
MIR,20171222,2.65,2.66,2.6,2.66,41627
MLB,20171222,3.42,3.6,3.4,3.6,115374
MLD,20171222,1.61,1.635,1.61,1.635,134731
MLM,20171222,0.056,0.059,0.055,0.059,789204
MLT,20171222,4.69,4.69,4.67,4.67,99128
MLX,20171222,0.99,1.015,0.98,0.995,4052380
MMI,20171222,0.25,0.26,0.25,0.25,1475440
MMJ,20171222,0.395,0.4,0.38,0.395,1023614
MML,20171222,0.405,0.425,0.4,0.405,95019
MMS,20171222,17.16,17.26,16.89,17.07,171850
MNC,20171222,0.048,0.048,0.047,0.047,69000
MND,20171222,17.86,17.92,17.73,17.8,165403
MNF,20171222,6.48,6.49,6.47,6.49,9394
MNS,20171222,0.46,0.47,0.46,0.46,1442092
MNW,20171222,0.046,0.046,0.045,0.045,531761
MNY,20171222,1.62,1.645,1.607,1.615,271166
MOAT,20171222,55.5,55.5,55.48,55.48,523
MOB,20171222,0.125,0.125,0.12,0.12,250000
MOC,20171222,2.45,2.48,2.44,2.46,72171
MOD,20171222,0.05,0.051,0.05,0.05,2705132
MOE,20171222,6.2,6.38,6.2,6.31,21278
MOY,20171222,0.17,0.17,0.165,0.165,159296
MP1,20171222,3.15,3.28,3.15,3.28,245977
MPE,20171222,0.002,0.002,0.001,0.001,28206968
MPL,20171222,3.29,3.36,3.28,3.3,5225417
MPW,20171222,0.25,0.25,0.245,0.245,619893
MPX,20171222,0.285,0.285,0.285,0.285,10000
MQA,20171222,6.25,6.28,6.24,6.27,3915838
MQG,20171222,100.38,100.5,99.83,99.93,2434212
MQR,20171222,0.235,0.275,0.235,0.275,182108
MRG,20171222,0.385,0.39,0.37,0.37,69451
MRL,20171222,1.05,1.1,1.05,1.08,27550
MRM,20171222,0.27,0.28,0.27,0.275,2814133
MRN,20171222,1.36,1.36,1.3,1.3,3339
MRP,20171222,0.12,0.12,0.11,0.12,569723
MRR,20171222,0.077,0.08,0.072,0.08,361604
MRV,20171222,0.012,0.012,0.012,0.012,1512157
MSB,20171222,1.46,1.475,1.43,1.46,950936
MSG,20171222,0.024,0.024,0.024,0.024,21958
MSM,20171222,0.065,0.065,0.058,0.06,3997441
MSP,20171222,0.024,0.024,0.024,0.024,137988
MSR,20171222,0.005,0.005,0.005,0.005,18000
MSV,20171222,0.042,0.045,0.04,0.045,2150444
MTB,20171222,0.01,0.01,0.01,0.01,9330
MTC,20171222,0.245,0.245,0.235,0.24,140804
MTH,20171222,0.034,0.042,0.034,0.04,8297819
MTM,20171222,0.27,0.27,0.27,0.27,25122
MTO,20171222,4.92,4.99,4.9,4.95,78885
MTR,20171222,3.9,3.91,3.9,3.9,1791556
MTS,20171222,3.16,3.19,3.14,3.15,2281200
MUA,20171222,0.56,0.56,0.56,0.56,50042
MUS,20171222,0.031,0.031,0.03,0.03,923713
MVA,20171222,21.18,21.18,21.05,21.05,1924
MVB,20171222,27.52,27.52,27.49,27.49,2035
MVE,20171222,28.13,28.13,28.08,28.08,5071
MVF,20171222,1.255,1.255,1.24,1.245,1145577
MVP,20171222,7.05,7.05,6.94,6.98,59731
MVR,20171222,24.75,24.75,24.72,24.72,1715
MVS,20171222,19.9,20.05,19.9,20.05,3989
MVW,20171222,28.5,28.5,28.31,28.37,88505
MWR,20171222,0.7,0.715,0.7,0.7,11500
MWY,20171222,2.55,2.56,2.52,2.56,22276
MX1,20171222,0.375,0.385,0.37,0.385,198077
MXC,20171222,0.077,0.077,0.076,0.076,1333086
MXI,20171222,0.79,0.79,0.775,0.79,50577
MXR,20171222,0.001,0.001,0.001,0.001,750000
MXT,20171222,2.09,2.1,2.08,2.08,228484
MYE,20171222,0.785,0.795,0.785,0.79,14289
MYL,20171222,0.055,0.055,0.052,0.055,3754058
MYO,20171222,3.74,3.76,3.72,3.73,895820
MYQ,20171222,0.96,0.99,0.935,0.99,115597
MYR,20171222,0.615,0.625,0.615,0.625,3181157
MYS,20171222,4.9,4.95,4.88,4.9,32625
MYX,20171222,0.7,0.72,0.695,0.705,4585343
MZI,20171222,0.13,0.13,0.13,0.13,9901
MZN,20171222,0.011,0.012,0.011,0.011,2780545
MZZ,20171222,0.28,0.29,0.28,0.29,17000
N1H,20171222,0.085,0.085,0.085,0.085,25000
N27,20171222,0.52,0.54,0.48,0.49,578724
NAB,20171222,29.5,29.61,29.5,29.57,10869182
NAC,20171222,1.04,1.045,1.04,1.045,12696
NAG,20171222,0.1,0.1,0.1,0.1,210000
NAM,20171222,0.515,0.515,0.515,0.515,10000
NAN,20171222,2.67,2.78,2.67,2.75,651040
NC6,20171222,0.18,0.18,0.165,0.165,203275
NCC,20171222,1.465,1.465,1.46,1.46,8752
NCK,20171222,6.65,6.69,6.57,6.64,61907
NCM,20171222,22.33,22.48,22.265,22.41,4336832
NCR,20171222,0.008,0.008,0.008,0.008,303000
NCZ,20171222,1.265,1.305,1.255,1.3,698966
NDQ,20171222,14.59,14.6,14.57,14.59,41616
NEA,20171222,0.605,0.607,0.58,0.595,2111201
NEC,20171222,1.615,1.64,1.592,1.62,1886074
NES,20171222,0.21,0.21,0.21,0.21,10000
NET,20171222,0.028,0.029,0.028,0.028,1285553
NEU,20171222,2.97,3.15,2.87,3.15,196545
NEW,20171222,1.505,1.55,1.49,1.51,79548
NGE,20171222,0.46,0.46,0.46,0.46,28153
NGI,20171222,3.15,3.25,3.14,3.21,43667
NHC,20171222,2.4,2.49,2.39,2.44,437043
NHF,20171222,6.72,6.78,6.71,6.73,285415
NHL,20171222,0.044,0.044,0.042,0.042,112058
NIU,20171222,0.002,0.002,0.002,0.002,103390
NKP,20171222,0.039,0.039,0.038,0.038,105000
NLI,20171222,0.052,0.052,0.05,0.05,1412644
NML,20171222,0.079,0.089,0.078,0.089,2304325
NMT,20171222,0.42,0.425,0.415,0.415,243620
NOR,20171222,0.019,0.02,0.018,0.018,1351213
NOV,20171222,0.375,0.38,0.365,0.365,180791
NOX,20171222,1.22,1.22,1.11,1.115,144158
NSC,20171222,0.93,0.94,0.93,0.935,406290
NSL,20171222,0.016,0.017,0.015,0.016,3545642
NSR,20171222,1.565,1.58,1.56,1.57,2052938
NST,20171222,5.9,5.96,5.86,5.96,1909980
NSX,20171222,0.265,0.265,0.265,0.265,37000
NTC,20171222,1.155,1.16,1.135,1.16,241487
NTD,20171222,1.25,1.27,1.245,1.26,165124
NTI,20171222,0.19,0.19,0.185,0.185,53968
NTL,20171222,0.015,0.015,0.015,0.015,292136
NTM,20171222,0.05,0.05,0.05,0.05,143284
NUF,20171222,8.79,8.92,8.75,8.82,913861
NUH,20171222,0.056,0.056,0.054,0.055,439028
NUS,20171222,0.275,0.275,0.275,0.275,2000
NVA,20171222,0.039,0.043,0.039,0.042,8662098
NVL,20171222,2.72,2.75,2.7,2.7,76474
NVO,20171222,0.02,0.02,0.019,0.019,513103
NVT,20171222,5.57,5.58,5.51,5.51,217899
NVX,20171222,0.9,0.9,0.87,0.895,127610
NWE,20171222,0.004,0.005,0.004,0.004,722138
NWF,20171222,0.3,0.3,0.3,0.3,40000
NWH,20171222,1.55,1.57,1.49,1.55,2632877
NWL,20171222,6.42,6.94,6.42,6.67,100878
NWS,20171222,21.64,21.875,21.64,21.81,187920
NXM,20171222,0.071,0.071,0.07,0.07,21430
NXT,20171222,6.12,6.18,6.06,6.08,3003887
NZC,20171222,0.31,0.32,0.3,0.32,661406
NZK,20171222,2.12,2.12,2.12,2.12,1002
NZM,20171222,0.8,0.815,0.785,0.815,342437
OBJ,20171222,0.04,0.042,0.04,0.042,555807
OCA,20171222,0.94,0.94,0.94,0.94,150000
OCC,20171222,0.335,0.34,0.335,0.34,59704
OCL,20171222,3.28,3.29,3.27,3.27,209
ODM,20171222,0.235,0.235,0.235,0.235,206382
OEC,20171222,0.46,0.465,0.46,0.465,59750
OEL,20171222,0.043,0.043,0.042,0.043,2505267
OFX,20171222,1.34,1.39,1.34,1.39,433787
OGA,20171222,0.2,0.205,0.195,0.205,207000
OGC,20171222,3.35,3.4,3.33,3.36,1496268
OGX,20171222,0.023,0.023,0.022,0.023,1001612
OHE,20171222,0.76,0.76,0.76,0.76,365
OIL,20171222,0.09,0.098,0.09,0.098,409404
OKR,20171222,0.5,0.5,0.46,0.5,46000
OKU,20171222,0.41,0.41,0.405,0.41,171251
OLI,20171222,0.185,0.185,0.175,0.175,207629
OMH,20171222,0.75,0.765,0.75,0.755,168492
OML,20171222,4.55,4.57,4.51,4.55,617381
ONE,20171222,2.02,2.02,2.02,2.02,2882
ONT,20171222,6.8,6.81,6.78,6.81,14312
OOK,20171222,0.078,0.08,0.074,0.074,8733319
OOO,20171222,16.06,16.08,16.04,16.08,2183
OPN,20171222,0.12,0.12,0.12,0.12,23000
OPT,20171222,0.665,0.705,0.665,0.7,87108
ORA,20171222,3.38,3.39,3.345,3.35,1118984
ORE,20171222,7.05,7.145,6.96,7.05,1958754
ORG,20171222,9.42,9.49,9.38,9.41,3954984
ORI,20171222,18.15,18.32,18.14,18.24,614839
ORN,20171222,0.026,0.027,0.025,0.025,553489
ORR,20171222,0.245,0.245,0.245,0.245,15900
OSH,20171222,7.6,7.72,7.59,7.66,6739350
OSL,20171222,0.16,0.16,0.15,0.15,915447
OSP,20171222,0.4,0.4,0.4,0.4,2500
OTW,20171222,2.9,2.9,2.81,2.81,7097
OVH,20171222,0.675,0.695,0.675,0.69,321119
OVL,20171222,0.008,0.008,0.007,0.008,2213151
OVN,20171222,0.59,0.59,0.585,0.59,95837
OVR,20171222,0.011,0.011,0.011,0.011,8382475
OZF,20171222,21.5,21.5,21.47,21.47,3262
OZG,20171222,0.18,0.18,0.18,0.18,101000
OZL,20171222,8.91,9.02,8.86,8.99,2381016
OZR,20171222,10.05,10.05,10.03,10.03,42323
P2P,20171222,1.35,1.41,1.35,1.41,227408
PAA,20171222,0.057,0.06,0.057,0.06,149517
PAB,20171222,0.022,0.024,0.022,0.022,2121189
PAC,20171222,7.18,7.28,7.18,7.25,15816
PAF,20171222,1.225,1.235,1.225,1.235,33070
PAI,20171222,1.26,1.265,1.25,1.25,455802
PAK,20171222,0.034,0.034,0.034,0.034,33032
PAN,20171222,0.41,0.42,0.41,0.42,201577
PAR,20171222,0.26,0.27,0.26,0.27,84306
PBP,20171222,0.84,0.89,0.84,0.86,28046
PBT,20171222,0.07,0.07,0.068,0.068,70500
PBX,20171222,0.054,0.058,0.054,0.058,171881
PCG,20171222,3.45,3.45,3.44,3.45,2057
PCL,20171222,0.004,0.004,0.004,0.004,1000000
PDI,20171222,0.036,0.038,0.036,0.038,419450
PDZ,20171222,0.54,0.54,0.525,0.53,35207
PEA,20171222,0.52,0.525,0.52,0.522,17248
PEK,20171222,0.047,0.047,0.045,0.047,871964
PEL,20171222,0.02,0.02,0.02,0.02,1131369
PEN,20171222,0.425,0.43,0.425,0.425,169134
PEX,20171222,0.54,0.545,0.54,0.545,225622
PFG,20171222,0.15,0.15,0.15,0.15,229733
PFP,20171222,3.5,3.52,3.39,3.41,295291
PGC,20171222,0.83,0.83,0.815,0.815,374136
PGF,20171222,1.23,1.24,1.225,1.225,176548
PGH,20171222,5.71,5.74,5.68,5.7,361117
PGM,20171222,0.155,0.155,0.14,0.15,1090098
PGY,20171222,0.047,0.047,0.047,0.047,150000
PHI,20171222,11.94,12.2,11.94,12.2,821
PHK,20171222,0.28,0.285,0.28,0.28,722904
PIA,20171222,1.165,1.165,1.155,1.16,142734
PIC,20171222,1.18,1.18,1.16,1.18,97320
PIL,20171222,0.018,0.019,0.018,0.018,1221116
PIO,20171222,0.026,0.028,0.026,0.026,4461250
PIQ,20171222,0.255,0.26,0.255,0.26,5000
PKD,20171222,0.24,0.24,0.24,0.24,10000
PKO,20171222,0.02,0.02,0.02,0.02,506350
PL8,20171222,1.09,1.095,1.085,1.095,201951
PLG,20171222,1.03,1.03,1.02,1.03,349490
PLH,20171222,0.175,0.18,0.175,0.175,220843
PLL,20171222,0.19,0.19,0.185,0.185,770974
PLS,20171222,1.14,1.15,1.09,1.12,11977631
PM1,20171222,0.02,0.021,0.02,0.02,940605
PMC,20171222,1.995,2.03,1.99,1.995,318274
PME,20171222,8.18,8.25,8.11,8.25,75711
PMP,20171222,0.46,0.48,0.46,0.47,9085
PMV,20171222,14.65,14.74,14.59,14.71,191084
PMY,20171222,0.007,0.007,0.006,0.006,550000
PNC,20171222,2.92,2.94,2.92,2.94,41301
PNI,20171222,3.83,3.85,3.7,3.7,15894
PNL,20171222,0.38,0.39,0.37,0.37,142446
PNN,20171222,0.05,0.066,0.05,0.063,18872072
PNR,20171222,0.2,0.21,0.2,0.205,814356
PNV,20171222,0.48,0.505,0.475,0.495,3743055
PNX,20171222,0.01,0.01,0.01,0.01,1599160
POH,20171222,0.017,0.019,0.017,0.019,3949392
POS,20171222,0.045,0.045,0.044,0.044,1032383
POW,20171222,0.023,0.023,0.023,0.023,500000
PPC,20171222,1.4,1.4,1.395,1.395,1559108
PPE,20171222,1.345,1.37,1.33,1.36,98749
PPG,20171222,0.43,0.43,0.43,0.43,15000
PPH,20171222,3.78,3.99,3.77,3.98,68789
PPL,20171222,0.165,0.165,0.16,0.16,17160
PPS,20171222,0.64,0.65,0.62,0.65,544611
PPT,20171222,48.78,48.98,48.52,48.69,84884
PPY,20171222,0.025,0.025,0.025,0.025,7958
PRL,20171222,0.011,0.012,0.011,0.011,19246697
PRO,20171222,0.415,0.42,0.415,0.415,37648
PRT,20171222,0.28,0.28,0.28,0.28,1360488
PRU,20171222,0.33,0.34,0.33,0.34,2560052
PRY,20171222,3.63,3.66,3.625,3.64,1131473
PSC,20171222,0.053,0.055,0.052,0.052,2160293
PSI,20171222,2.98,3.01,2.98,3.01,17479
PSM,20171222,0.016,0.016,0.016,0.016,400000
PSQ,20171222,1.78,1.78,1.73,1.78,16124
PSY,20171222,0.075,0.075,0.072,0.072,420708
PSZ,20171222,0.2,0.2,0.195,0.2,527325
PTB,20171222,0.685,0.7,0.685,0.69,214000
PTL,20171222,0.5,0.5,0.5,0.5,20000
PTM,20171222,7.69,7.77,7.65,7.73,457346
PTX,20171222,0.067,0.067,0.067,0.067,280667
PUN,20171222,0.032,0.032,0.032,0.032,62032
PUR,20171222,0.105,0.105,0.105,0.105,24000
PVD,20171222,0.054,0.054,0.054,0.054,27000
PWH,20171222,2.29,2.34,2.29,2.29,454256
PXS,20171222,0.255,0.26,0.255,0.255,189953
PXX,20171222,0.115,0.115,0.115,0.115,6098
PYC,20171222,0.039,0.039,0.039,0.039,184580
QAN,20171222,5.23,5.27,5.16,5.19,5217599
QAU,20171222,13.17,13.17,13.11,13.16,27838
QBE,20171222,10.7,10.83,10.68,10.74,4854640
QBL,20171222,0.056,0.061,0.053,0.054,87510384
QCB,20171222,9.65,9.65,9.44,9.44,2910
QFY,20171222,0.06,0.06,0.059,0.059,61757
QHL,20171222,0.079,0.081,0.079,0.081,207858
QIP,20171222,1.52,1.53,1.52,1.53,1548
QMIX,20171222,18.29,18.29,18.29,18.29,0
QMN,20171222,0.165,0.167,0.165,0.167,130349
QMS,20171222,0.995,1.01,0.985,1,372108
QNL,20171222,0.05,0.05,0.049,0.049,382675
QOZ,20171222,13.85,13.89,13.85,13.86,184523
QRE,20171222,5.54,5.55,5.54,5.55,2163
QSS,20171222,0.018,0.018,0.018,0.018,125000
QUAL,20171222,22.46,22.46,22.4,22.4,23844
QUB,20171222,2.6,2.615,2.59,2.59,1740677
QUS,20171222,33.3,33.3,33.27,33.28,4005
QVE,20171222,1.285,1.3,1.28,1.29,295060
RAC,20171222,0.375,0.4,0.375,0.4,106863
RAN,20171222,0.065,0.068,0.064,0.066,275167
RAP,20171222,0.079,0.08,0.076,0.076,1104120
RARI,20171222,25.67,25.67,25.64,25.64,2412
RAW,20171222,0.045,0.045,0.045,0.045,210667
RBL,20171222,1.285,1.35,1.285,1.35,472621
RBO,20171222,0.045,0.046,0.045,0.045,838445
RBR,20171222,0.009,0.009,0.009,0.009,2291458
RCB,20171222,20.26,20.29,20.19,20.25,10430
RCE,20171222,0.17,0.17,0.17,0.17,85535
RCR,20171222,3.88,4.05,3.88,3.93,490263
RCT,20171222,3.36,3.36,3.34,3.35,12826
RCW,20171222,0.31,0.31,0.3,0.3,33203
RD1,20171222,0.09,0.09,0.09,0.09,67133
RDF,20171222,0.6,0.605,0.59,0.59,338263
RDM,20171222,0.15,0.15,0.145,0.145,279354
RDS,20171222,0.012,0.012,0.012,0.012,75000
RDV,20171222,31.3,31.45,31.3,31.36,8415
REA,20171222,77.81,77.82,76.78,77.23,93773
RED,20171222,0.058,0.059,0.056,0.058,2716643
REF,20171222,0.071,0.071,0.071,0.071,291726
REG,20171222,3.47,3.52,3.45,3.49,549472
RES,20171222,0.056,0.061,0.053,0.058,442494
REV,20171222,0.04,0.04,0.04,0.04,16667
REX,20171222,1.48,1.48,1.455,1.475,40192
RFF,20171222,2.28,2.315,2.27,2.28,183527
RFG,20171222,2.2,2.52,2.15,2.3,12343091
RFN,20171222,0.031,0.031,0.03,0.03,7418661
RFT,20171222,0.023,0.025,0.022,0.025,2545969
RFX,20171222,0.13,0.13,0.125,0.13,109149
RGI,20171222,0.355,0.39,0.355,0.375,101946
RGP,20171222,0.071,0.071,0.071,0.071,12000
RHC,20171222,69.52,69.86,69.41,69.59,241291
RHL,20171222,3.06,3.08,3.06,3.08,48842
RHP,20171222,0.83,0.845,0.825,0.825,32509
RHS,20171222,0.14,0.14,0.14,0.14,20000
RHT,20171222,0.025,0.025,0.025,0.025,255470
RHY,20171222,0.27,0.29,0.255,0.27,173288
RIC,20171222,1.4,1.455,1.4,1.425,30901
RIE,20171222,0.084,0.084,0.084,0.084,101000
RIM,20171222,0.028,0.028,0.026,0.027,928519
RIO,20171222,73.79,74.43,73.655,74.28,6769909
RIR,20171222,0.007,0.007,0.007,0.007,2916800
RKN,20171222,1.58,1.59,1.57,1.58,10153
RLC,20171222,0.04,0.041,0.037,0.038,2248365
RLE,20171222,0.081,0.085,0.081,0.085,229621
RMD,20171222,11.09,11.09,10.97,11,1358495
RMS,20171222,0.37,0.375,0.365,0.365,1690063
RMX,20171222,0.017,0.017,0.017,0.017,1424401
RND,20171222,2.55,2.55,2.55,2.55,475
RNE,20171222,0.018,0.019,0.018,0.019,459104
RNL,20171222,0.004,0.004,0.004,0.004,3146845
RNT,20171222,0.055,0.057,0.055,0.057,249180
RNU,20171222,0.031,0.032,0.031,0.032,1210252
RNY,20171222,0.013,0.013,0.012,0.012,75000
ROO,20171222,0.38,0.39,0.37,0.38,353844
RRL,20171222,4.19,4.215,4.18,4.19,1652749
RRS,20171222,0.004,0.004,0.004,0.004,61725
RSG,20171222,1.09,1.11,1.08,1.105,3949724
RSH,20171222,0.038,0.039,0.035,0.035,575600
RSM,20171222,20.5,20.5,20.49,20.49,1327
RTG,20171222,0.275,0.285,0.215,0.23,4493696
RTR,20171222,0.063,0.064,0.062,0.064,723227
RUB,20171222,0.036,0.038,0.036,0.038,254150
RUL,20171222,0.645,0.66,0.645,0.66,358824
RVR,20171222,0.27,0.275,0.265,0.27,792390
RVY,20171222,0.025,0.025,0.025,0.025,2627562
RWC,20171222,3.9,3.99,3.89,3.97,1695716
RWD,20171222,0.23,0.235,0.23,0.23,31590
RXH,20171222,0.01,0.01,0.01,0.01,529032
RXL,20171222,0.015,0.015,0.015,0.015,95000
RXM,20171222,0.096,0.098,0.096,0.097,87960
RXP,20171222,0.665,0.67,0.655,0.67,88172
RYD,20171222,1.34,1.34,1.34,1.34,30325
S2R,20171222,0.215,0.225,0.215,0.22,407421
S32,20171222,3.41,3.455,3.35,3.36,18085925
S3R,20171222,0.009,0.009,0.008,0.008,5946592
SAR,20171222,1.685,1.697,1.665,1.69,3285728
SAS,20171222,0.195,0.2,0.175,0.175,9092674
SAU,20171222,0.255,0.26,0.255,0.26,8857
SBM,20171222,3.7,3.76,3.64,3.69,2580666
SCG,20171222,4.21,4.24,4.15,4.18,10357746
SCI,20171222,0.028,0.028,0.028,0.028,126363
SCO,20171222,3.23,3.34,3.23,3.34,149920
SCP,20171222,2.39,2.4,2.36,2.37,830570
SCT,20171222,0.27,0.305,0.26,0.305,835660
SCU,20171222,0.042,0.042,0.041,0.041,589816
SDA,20171222,5.29,5.37,5.26,5.36,648985
SDF,20171222,2.86,2.87,2.845,2.87,1266841
SDG,20171222,1.765,1.765,1.74,1.74,185467
SDI,20171222,0.605,0.605,0.59,0.59,78983
SDL,20171222,0.004,0.005,0.004,0.004,890001
SDV,20171222,0.01,0.011,0.01,0.011,949995
SDX,20171222,0.105,0.105,0.105,0.105,209919
SE1,20171222,0.26,0.275,0.25,0.275,318284
SEA,20171222,0.067,0.068,0.067,0.068,756022
SEC,20171222,1.99,1.995,1.98,1.995,64601
SEH,20171222,0.155,0.17,0.155,0.16,9974782
SEI,20171222,0.013,0.013,0.013,0.013,1245607
SEK,20171222,18.88,19.065,18.8,18.98,629281
SEN,20171222,0.11,0.11,0.11,0.11,1192869
SEQ,20171222,0.3,0.31,0.3,0.3,75855
SER,20171222,0.007,0.007,0.007,0.007,632170
SFC,20171222,11.3,11.4,11.3,11.3,1474
SFG,20171222,0.064,0.066,0.063,0.063,1155707
SFH,20171222,0.125,0.13,0.125,0.125,2133433
SFI,20171222,0.07,0.07,0.069,0.069,156013
SFL,20171222,0.115,0.115,0.115,0.115,53000
SFR,20171222,6.78,6.85,6.78,6.8,505461
SFX,20171222,0.64,0.675,0.635,0.635,388706
SFY,20171222,56.02,56.02,55.88,55.88,13285
SGC,20171222,0.08,0.08,0.076,0.076,725086
SGF,20171222,4.02,4.19,3.99,4.19,112758
SGH,20171222,3.12,3.35,3.05,3.35,3901
SGM,20171222,15.93,16.01,15.66,15.7,1255153
SGP,20171222,4.63,4.64,4.55,4.57,7736764
SGQ,20171222,0.21,0.21,0.2,0.205,720441
SGR,20171222,6.14,6.18,6.11,6.12,2361244
SHJ,20171222,0.64,0.72,0.64,0.71,16466
SHL,20171222,23.22,23.22,22.95,23.01,970341
SHM,20171222,1.64,1.645,1.63,1.63,66402
SHO,20171222,0.098,0.105,0.092,0.1,1179727
SHV,20171222,4.58,4.58,4.5,4.55,90074
SI6,20171222,0.017,0.017,0.016,0.017,249971
SIG,20171222,0.93,0.96,0.93,0.955,2310059
SIO,20171222,0.31,0.38,0.31,0.36,1985469
SIQ,20171222,10.95,11.01,10.82,10.96,107800
SIV,20171222,7.2,7.3,7.15,7.24,58916
SKC,20171222,3.75,3.82,3.74,3.8,313657
SKF,20171222,0.12,0.12,0.11,0.11,120000
SKI,20171222,2.55,2.56,2.5,2.52,4703249
SKT,20171222,2.61,2.62,2.57,2.61,138993
SLC,20171222,2.43,2.5,2.4,2.48,240361
SLF,20171222,13.3,13.3,13.18,13.2,50290
SLK,20171222,4.02,4.11,4.02,4.11,40669
SLR,20171222,0.345,0.345,0.335,0.335,1204626
SLX,20171222,0.53,0.53,0.48,0.485,208565
SM1,20171222,6.62,6.8,6.54,6.56,35952
SM8,20171222,0.044,0.044,0.044,0.044,27500
SMA,20171222,0.005,0.005,0.005,0.005,1000000
SMC,20171222,0.4,0.4,0.4,0.4,6696
SMD,20171222,0.008,0.009,0.008,0.009,6257962
SMM,20171222,0.22,0.22,0.205,0.205,14270
SMN,20171222,1.28,1.287,1.265,1.275,130879
SMP,20171222,0.175,0.175,0.175,0.175,35482
SMR,20171222,0.69,0.69,0.68,0.68,174968
SNC,20171222,0.965,0.965,0.96,0.96,30045
SND,20171222,0.59,0.595,0.575,0.575,43000
SNL,20171222,3.5,3.54,3.5,3.54,2769
SNS,20171222,0.155,0.16,0.155,0.16,32650
SOL,20171222,17.54,17.68,17.51,17.61,89514
SOM,20171222,3.61,3.64,3.61,3.64,25489
SOR,20171222,0.072,0.073,0.072,0.073,72929
SP3,20171222,0.385,0.42,0.385,0.41,60490
SPI,20171222,0.13,0.13,0.13,0.13,72700
SPK,20171222,3.3,3.32,3.29,3.31,1095603
SPL,20171222,1.345,1.37,1.335,1.37,133677
SPO,20171222,1.15,1.155,1.125,1.15,3053
SPQ,20171222,0.009,0.01,0.009,0.01,150180
SPX,20171222,0.01,0.011,0.01,0.01,1797119
SPY,20171222,347.99,347.99,347.99,347.99,30
SPZ,20171222,0.245,0.25,0.24,0.24,287272
SRG,20171222,1.82,1.83,1.78,1.78,62514
SRI,20171222,0.011,0.011,0.011,0.011,33318
SRK,20171222,0.06,0.06,0.06,0.06,51900
SRO,20171222,0.005,0.005,0.005,0.005,4313416
SRS,20171222,0.034,0.035,0.034,0.035,390559
SRV,20171222,5.61,5.64,5.5,5.5,43939
SRX,20171222,16.45,16.59,16.12,16.39,478036
SSG,20171222,0.45,0.45,0.435,0.45,104739
SSM,20171222,1.33,1.345,1.33,1.33,401307
SSO,20171222,14.91,14.91,14.91,14.91,1032
ST1,20171222,0.155,0.155,0.15,0.15,24595
STA,20171222,0.105,0.105,0.105,0.105,186288
STM,20171222,0.025,0.027,0.025,0.026,4352656
STO,20171222,5.28,5.37,5.28,5.31,8679875
STW,20171222,57.06,57.16,57,57,214591
STX,20171222,0.065,0.065,0.062,0.063,525777
SUD,20171222,0.017,0.017,0.017,0.017,35000
SUL,20171222,8.34,8.36,8.31,8.33,671528
SUM,20171222,0.014,0.014,0.014,0.014,517842
SUN,20171222,14,14.02,13.91,13.95,2841613
SUR,20171222,0.003,0.003,0.003,0.003,10000000
SVH,20171222,0.15,0.15,0.125,0.125,159548
SVL,20171222,0.082,0.082,0.081,0.081,293759
SVM,20171222,0.11,0.12,0.11,0.12,1324593
SVW,20171222,15.05,15.26,14.85,15.2,575700
SVY,20171222,0.195,0.195,0.195,0.195,41436
SW1,20171222,0.48,0.495,0.47,0.47,91960
SWE,20171222,0.04,0.042,0.039,0.04,718926
SWF,20171222,0.145,0.145,0.145,0.145,115000
SWJ,20171222,0.018,0.018,0.017,0.018,220000
SWK,20171222,0.26,0.26,0.25,0.25,1345575
SWM,20171222,0.645,0.645,0.635,0.645,1293940
SXE,20171222,0.765,0.785,0.755,0.77,247840
SXL,20171222,1.18,1.197,1.175,1.19,751965
SXX,20171222,0.009,0.009,0.009,0.009,136955
SXY,20171222,0.38,0.385,0.365,0.365,4796894
SYA,20171222,0.05,0.053,0.05,0.05,8314013
SYD,20171222,7.31,7.32,7.265,7.28,5157985
SYI,20171222,29.83,29.83,29.76,29.76,336
SYR,20171222,4.41,4.46,4.31,4.39,773962
SYT,20171222,0.02,0.02,0.018,0.019,1296831
T3D,20171222,0.005,0.005,0.005,0.005,1988859
TAH,20171222,5.57,5.64,5.545,5.59,4466382
TAM,20171222,0.041,0.041,0.041,0.041,16500
TAR,20171222,0.11,0.11,0.105,0.105,454776
TAW,20171222,0.41,0.445,0.4,0.435,24525226
TB8,20171222,0.14,0.14,0.13,0.13,118241
TBH,20171222,0.38,0.4,0.365,0.37,2134943
TBR,20171222,6.75,6.9,6.75,6.9,1246
TCL,20171222,12.6,12.6,12.43,12.57,7130488
TDO,20171222,0.066,0.066,0.065,0.065,50000
TEG,20171222,0.125,0.125,0.12,0.125,78636
TEK,20171222,0.31,0.33,0.31,0.325,424710
TER,20171222,0.21,0.24,0.21,0.24,1395862
TFG,20171222,0.135,0.135,0.135,0.135,14814
TFL,20171222,0.17,0.175,0.17,0.175,18067
TGA,20171222,0.74,0.777,0.73,0.77,340222
TGG,20171222,1.41,1.42,1.405,1.415,128049
TGH,20171222,1.06,1.06,1.05,1.055,35447
TGN,20171222,0.1,0.105,0.1,0.105,85000
TGP,20171222,1.035,1.035,1.035,1.035,51530
TGR,20171222,3.71,3.73,3.68,3.72,505310
THC,20171222,0.625,0.625,0.6,0.61,192207
THD,20171222,0.012,0.012,0.012,0.012,3046700
THR,20171222,0.054,0.054,0.051,0.054,262024
THX,20171222,0.031,0.031,0.029,0.03,387451
TIA,20171222,0.825,0.83,0.825,0.83,30000
TIL,20171222,2.57,2.57,2.55,2.55,14618
TIN,20171222,0.255,0.255,0.255,0.255,29282
TKF,20171222,0.016,0.017,0.016,0.016,1083896
TKL,20171222,0.045,0.047,0.044,0.045,479111
TKM,20171222,0.027,0.028,0.027,0.028,629588
TLG,20171222,0.56,0.58,0.56,0.565,531131
TLM,20171222,0.235,0.235,0.23,0.23,19942
TLS,20171222,3.65,3.68,3.64,3.66,24787142
TLX,20171222,0.615,0.615,0.6,0.6,74541
TME,20171222,4.38,4.39,4.34,4.35,163307
TML,20171222,0.05,0.05,0.05,0.05,20000
TMP,20171222,0.205,0.205,0.205,0.205,10000
TMT,20171222,0.21,0.21,0.205,0.21,54827
TNE,20171222,5.07,5.12,5.06,5.08,302853
TNG,20171222,0.135,0.14,0.135,0.135,72235
TNK,20171222,2.31,2.31,2.31,2.31,450
TNO,20171222,0.26,0.26,0.26,0.26,3700
TNR,20171222,0.083,0.084,0.081,0.081,141500
TNT,20171222,0.053,0.053,0.052,0.052,36589
TNY,20171222,0.6,0.6,0.6,0.6,1790
TOE,20171222,0.04,0.043,0.04,0.04,501014
TOM,20171222,0.016,0.016,0.016,0.016,50000
TON,20171222,0.1,0.11,0.1,0.11,6172023
TOP,20171222,0.725,0.725,0.72,0.72,242269
TOT,20171222,1.23,1.24,1.23,1.23,23130
TOU,20171222,0.205,0.205,0.205,0.205,23707
TOX,20171222,3.42,3.42,3.4,3.42,4274641
TPE,20171222,2.15,2.17,2.15,2.15,96760
TPM,20171222,6.46,6.495,6.42,6.45,1059105
TPO,20171222,0.029,0.03,0.029,0.03,95000
TPP,20171222,0.24,0.245,0.24,0.245,42320
TPS,20171222,0.165,0.165,0.16,0.16,38571
TPW,20171222,0.38,0.4,0.38,0.4,116849
TRL,20171222,0.012,0.012,0.012,0.012,137530
TRM,20171222,0.029,0.029,0.029,0.029,120800
TRS,20171222,5.44,5.47,5.38,5.45,90814
TRT,20171222,0.14,0.14,0.14,0.14,325096
TRY,20171222,0.095,0.096,0.094,0.096,166389
TSN,20171222,0.01,0.01,0.01,0.01,758850
TTC,20171222,0.135,0.135,0.13,0.13,109072
TTM,20171222,0.036,0.036,0.036,0.036,74321
TTT,20171222,1.2,1.21,1.09,1.14,1457933
TV2,20171222,0.017,0.017,0.016,0.016,5417412
TWD,20171222,4.05,4.05,4.05,4.05,256
TWE,20171222,16.23,16.29,16.12,16.14,1384395
TWR,20171222,0.61,0.61,0.605,0.61,343687
TYK,20171222,0.005,0.006,0.005,0.005,1068310
TYX,20171222,0.018,0.018,0.017,0.017,2005000
TZN,20171222,0.14,0.14,0.135,0.135,35600
UBA,20171222,20.78,20.78,20.78,20.78,119
UBE,20171222,21.6,21.6,21.6,21.6,57
UBI,20171222,0.27,0.285,0.265,0.285,241399
UBN,20171222,0.039,0.039,0.039,0.039,81000
UBP,20171222,25.49,25.58,25.49,25.58,1518
UBU,20171222,25.75,25.75,25.75,25.75,554
UBW,20171222,24.46,24.46,24.45,24.45,823
UCM,20171222,0.17,0.17,0.17,0.17,21500
UMAX,20171222,18.67,18.67,18.63,18.63,22910
UNV,20171222,0.18,0.185,0.18,0.185,20450
UOS,20171222,0.65,0.65,0.65,0.65,71120
UPD,20171222,1.34,1.415,1.34,1.4,227612
URB,20171222,1.05,1.05,1.04,1.05,63656
URF,20171222,1.85,1.85,1.84,1.85,8238
USA,20171222,0.01,0.01,0.01,0.01,100000
USD,20171222,12.63,12.63,12.6,12.6,57116
USR,20171222,0.36,0.36,0.355,0.36,180000
UTR,20171222,0.023,0.023,0.022,0.022,1127531
UUV,20171222,0.099,0.099,0.099,0.099,20000
VAE,20171222,65.5,65.77,65.15,65.33,4893
VAF,20171222,48.85,49.05,48.75,48.75,33560
VAH,20171222,0.28,0.28,0.275,0.28,343533
VAL,20171222,0.02,0.02,0.019,0.02,2445207
VAN,20171222,0.05,0.055,0.048,0.048,1540000
VAP,20171222,83.69,83.85,83.17,83.17,17568
VAS,20171222,77.83,78,77.75,77.75,63621
VCF,20171222,48.47,48.73,48.47,48.73,16916
VCX,20171222,2.8,2.8,2.765,2.78,5607431
VEC,20171222,0.026,0.028,0.023,0.028,174570051
VEQ,20171222,55.06,55.7,54.82,55.02,7168
VEU,20171222,70.99,70.99,70.19,70.35,16104
VG1,20171222,2.19,2.19,2.17,2.18,319467
VGAD,20171222,65.61,65.71,65.6,65.67,10690
VGB,20171222,49.41,49.41,49,49,12542
VGE,20171222,65.77,65.99,65.5,65.77,10352
VGS,20171222,66.75,66.82,66.69,66.7,64310
VHT,20171222,0.675,0.7,0.675,0.7,114438
VHY,20171222,62.36,62.41,62.3,62.3,30953
VIC,20171222,0.013,0.013,0.012,0.012,2130458
VIF,20171222,48.47,48.47,48.16,48.34,12837
VII,20171222,0.33,0.33,0.33,0.33,8375
VIP,20171222,0.05,0.05,0.05,0.05,47963
VIV,20171222,0.044,0.044,0.044,0.044,26703
VKA,20171222,0.039,0.039,0.036,0.036,482612
VLA,20171222,0.65,0.68,0.645,0.68,75401
VLC,20171222,62.59,62.59,62.59,62.59,799
VLS,20171222,0.735,0.74,0.735,0.74,41350
VLW,20171222,2.74,2.76,2.695,2.75,160168
VMC,20171222,0.125,0.125,0.125,0.125,9000
VMG,20171222,0.001,0.001,0.001,0.001,60000
VML,20171222,0.009,0.009,0.008,0.008,1134138
VMS,20171222,0.044,0.044,0.043,0.043,362528
VMT,20171222,0.06,0.06,0.06,0.06,147
VMX,20171222,0.255,0.255,0.25,0.25,18518
VMY,20171222,0.15,0.15,0.15,0.15,100000
VOC,20171222,3.1,3.13,3.08,3.11,984454
VPC,20171222,0.008,0.008,0.008,0.008,863027
VPR,20171222,0.003,0.003,0.003,0.003,9899424
VRC,20171222,0.024,0.024,0.023,0.023,1503334
VRL,20171222,3.92,3.93,3.88,3.91,33731
VRM,20171222,0.035,0.035,0.034,0.035,141290
VRS,20171222,0.18,0.18,0.175,0.175,175157
VRT,20171222,5.28,5.34,5.21,5.27,197088
VRX,20171222,0.046,0.049,0.046,0.047,78582
VSO,20171222,56.06,56.21,56.06,56.15,2481
VTG,20171222,1.39,1.46,1.39,1.455,706430
VTI,20171222,0.48,0.49,0.48,0.49,43369
VTS,20171222,179,179,178.4,178.64,9273
VVR,20171222,2.24,2.26,2.23,2.25,1003007
VXR,20171222,0.016,0.016,0.015,0.015,1541678
WAF,20171222,0.41,0.41,0.4,0.4,66259
WAM,20171222,2.4,2.41,2.39,2.39,448447
WAX,20171222,1.51,1.51,1.505,1.505,24351
WBA,20171222,1.36,1.385,1.36,1.38,216531
WBC,20171222,31.27,31.395,31.25,31.28,4561927
WBE,20171222,0.012,0.012,0.011,0.011,1126626
WBT,20171222,0.053,0.055,0.053,0.055,2143505
WCN,20171222,0.004,0.004,0.003,0.003,2200000
WDE,20171222,0.885,0.89,0.88,0.88,131846
WDIV,20171222,19.52,19.53,19.47,19.47,8644
WEB,20171222,10.65,10.69,10.44,10.59,669013
WEC,20171222,0.035,0.035,0.03,0.03,95809
WEMG,20171222,21.26,21.26,21.26,21.26,68
WES,20171222,44.5,44.52,44.09,44.22,4878202
WFD,20171222,9.35,9.41,9.35,9.4,9424920
WFE,20171222,0.003,0.003,0.003,0.003,3295012
WGF,20171222,0.92,0.92,0.92,0.92,73695
WGL,20171222,0.011,0.012,0.011,0.011,1047194
WGN,20171222,3.77,4.03,3.77,3.99,338175
WGX,20171222,1.59,1.72,1.545,1.65,1939712
WHA,20171222,1.61,1.665,1.59,1.65,244387
WHC,20171222,4.41,4.45,4.36,4.36,3844817
WHF,20171222,4.85,4.88,4.85,4.88,51009
WIC,20171222,1.165,1.18,1.165,1.17,26135
WKT,20171222,0.1,0.1,0.098,0.099,758278
WLD,20171222,0.145,0.15,0.145,0.15,241137
WLE,20171222,1.16,1.16,1.155,1.16,411933
WLF,20171222,0.055,0.055,0.055,0.055,164213
WLL,20171222,4.18,4.18,4.17,4.17,3000
WMC,20171222,0.14,0.14,0.13,0.13,12384
WMI,20171222,1.4,1.415,1.385,1.385,148267
WMK,20171222,0.86,0.87,0.86,0.87,45304
WND,20171222,1.64,1.64,1.61,1.61,11500
WOR,20171222,14.64,14.78,14.55,14.56,708647
WOW,20171222,27.36,27.39,27.22,27.35,5601799
WPG,20171222,0.019,0.021,0.019,0.02,498698
WPL,20171222,32.78,32.97,32.67,32.73,5172366
WPP,20171222,0.9,0.92,0.887,0.905,271205
WRG,20171222,0.65,0.72,0.63,0.7,25594
WRLD,20171222,11.86,11.86,11.83,11.83,84141
WSA,20171222,3.29,3.3,3.22,3.23,1350196
WSI,20171222,0.024,0.024,0.024,0.024,258333
WTC,20171222,14,14.15,13.86,14,194145
WTP,20171222,0.655,0.66,0.64,0.655,154333
WWI,20171222,0.025,0.025,0.025,0.025,570000
WXHG,20171222,22.48,22.48,22.42,22.44,6079
WXOZ,20171222,28.55,28.55,28.5,28.54,749
XF1,20171222,0.67,0.68,0.67,0.675,46158
XIP,20171222,1.15,1.17,1.135,1.135,57491
XPE,20171222,0.007,0.008,0.007,0.008,7927450
XRO,20171222,29.1,29.1,28.53,28.9,54975
XTD,20171222,0.039,0.039,0.039,0.039,31637
XTE,20171222,0.535,0.56,0.515,0.56,40667
YAL,20171222,0.12,0.125,0.12,0.125,990463
YBR,20171222,0.14,0.14,0.14,0.14,121813
YMAX,20171222,9.1,9.15,9.1,9.11,80150
YNB,20171222,0.058,0.058,0.058,0.058,9000
YOJ,20171222,0.275,0.295,0.265,0.265,4701610
YOW,20171222,0.21,0.21,0.21,0.21,148106
YPB,20171222,0.04,0.042,0.04,0.042,1135403
ZEL,20171222,7.06,7.06,6.99,7.01,4175
ZEN,20171222,0.75,0.75,0.73,0.74,70375
ZER,20171222,0.32,0.32,0.32,0.32,3640
ZGOL,20171222,16.24,16.24,16.24,16.24,128
ZIM,20171222,7,7.1,7,7.1,6117
ZIP,20171222,0.024,0.032,0.024,0.026,2181505
ZLD,20171222,0.091,0.093,0.091,0.091,1208340
ZMI,20171222,0.005,0.005,0.005,0.005,2000000
ZML,20171222,0.68,0.69,0.665,0.665,307717
ZNC,20171222,0.135,0.135,0.135,0.135,40000
ZNO,20171222,0.39,0.42,0.375,0.375,266594
ZNT,20171222,1.2,1.2,1.17,1.19,49537
ZOZI,20171222,10.85,10.85,10.85,10.85,0
ZUSD,20171222,9.94,9.94,9.92,9.92,494
ZYB,20171222,0.015,0.015,0.014,0.014,2043534
ZYUS,20171222,12.81,12.81,12.78,12.78,35776
XAF,20171222,5850,5877.9,5850,5858.4,0
XAO,20171222,6156.3,6181.6,6156.3,6167.3,0
XAT,20171222,5994.4,6021.6,5994.4,6004.2,0
XDJ,20171222,2365.1,2376.6,2361.2,2367.7,0
XEC,20171222,1473.1,1486.7,1472.6,1485.6,0
XEJ,20171222,10731.1,10858.2,10731.1,10783.8,0
XFJ,20171222,6522.3,6559.5,6522.3,6540.6,0
XFL,20171222,5913.4,5941.9,5913.4,5922.4,0
XGD,20171222,4772,4813.8,4768.8,4804.2,0
XHJ,20171222,24549.5,24646.8,24496.2,24539.6,0
XIJ,20171222,1031.7,1032.2,1026.6,1028,0
XJO,20171222,6060.4,6087.2,6060.4,6069.7,0
XJR,20171222,3998.8,4039,3998.8,4019.5,0
XKO,20171222,6016.3,6042.8,6016.3,6026.2,0
XMD,20171222,6844,6871.5,6844,6856.3,0
XMJ,20171222,11388.1,11482.8,11388.1,11436.2,0
XMM,20171222,3504.9,3540,3504.9,3524.2,0
XNJ,20171222,5961.4,5988,5960.1,5978.2,0
XPJ,20171222,1427,1431.3,1418.2,1420.7,0
XSJ,20171222,10297.5,10303.8,10245.4,10255.9,0
XSO,20171222,2761.8,2771.7,2759.2,2768.5,0
XTJ,20171222,1314.8,1323,1310.7,1317.9,0
XTL,20171222,3346.6,3363.8,3346.6,3355.5,0
XTO,20171222,4983.7,5006.7,4983.7,4991.5,0
XUJ,20171222,8343.4,8380.4,8316.8,8331.5,0
XXJ,20171222,7274.6,7316,7274.6,7295,0
