1AD,20170503,0.275,0.28,0.275,0.275,50511
3DP,20170503,0.022,0.025,0.022,0.025,444796
3PL,20170503,0.99,0.995,0.98,0.995,1620655
4CE,20170503,0.02,0.02,0.018,0.018,1479752
4DS,20170503,0.025,0.025,0.023,0.023,2438246
4WD,20170503,0.27,0.32,0.255,0.305,418396
88E,20170503,0.045,0.046,0.045,0.045,4818698
8CO,20170503,0.054,0.055,0.054,0.055,108000
8EC,20170503,0.87,0.9,0.87,0.9,4200
8IH,20170503,0.485,0.505,0.485,0.505,28000
9SP,20170503,0.15,0.15,0.145,0.145,85447
A2M,20170503,3.13,3.2,3.11,3.15,4413481
A3D,20170503,1.35,1.35,1.16,1.22,131872
AAA,20170503,50.08,50.09,50.08,50.08,116834
AAC,20170503,1.715,1.717,1.665,1.68,840331
AAD,20170503,2.06,2.11,2.055,2.11,2823726
AAR,20170503,0.038,0.04,0.038,0.04,302528
AAU,20170503,0.018,0.018,0.018,0.018,2275
AB1,20170503,0.031,0.031,0.029,0.031,305567
ABA,20170503,5.24,5.24,5.2,5.23,12597
ABC,20170503,6.03,6.06,5.94,5.97,1737731
ABP,20170503,3.47,3.48,3.43,3.46,795668
ABT,20170503,0.42,0.42,0.325,0.365,335460
ABV,20170503,0.006,0.006,0.006,0.006,1500000
ABX,20170503,0.11,0.12,0.11,0.115,78816
AC8,20170503,0.575,0.59,0.555,0.565,645135
ACB,20170503,0.051,0.051,0.051,0.051,30000
ACG,20170503,0.059,0.059,0.055,0.055,13250
ACK,20170503,0.65,0.67,0.65,0.67,225000
ACQ,20170503,0.975,0.98,0.96,0.96,59622
ACR,20170503,0.28,0.29,0.27,0.275,442113
ACW,20170503,0.08,0.083,0.08,0.082,430343
ACX,20170503,4.25,4.45,4.25,4.31,805053
ADA,20170503,2.6,2.62,2.55,2.55,93384
ADD,20170503,0.012,0.016,0.012,0.016,34035
ADH,20170503,0.8,0.805,0.78,0.78,133879
ADJ,20170503,0.064,0.07,0.063,0.063,247610
ADN,20170503,0.007,0.007,0.007,0.007,34379
ADO,20170503,0.032,0.033,0.032,0.033,58450
ADR,20170503,0.185,0.185,0.175,0.175,189464
ADV,20170503,0.018,0.019,0.017,0.018,1433008
ADX,20170503,0.014,0.014,0.014,0.014,157000
ADY,20170503,0.009,0.009,0.008,0.008,197406
AEB,20170503,0.057,0.06,0.055,0.06,603609
AEE,20170503,0.024,0.026,0.024,0.024,1151640
AEF,20170503,90,90,89.9,89.9,343
AEG,20170503,1.01,1.01,1.005,1.005,63000
AEV,20170503,0.084,0.084,0.084,0.084,17861
AFG,20170503,1.345,1.35,1.33,1.335,161850
AFI,20170503,5.87,5.89,5.82,5.86,386909
AFP,20170503,2.6,2.6,2.6,2.6,1915
AFR,20170503,0.054,0.055,0.052,0.055,399266
AFY,20170503,2.45,2.45,2.43,2.45,68094
AGD,20170503,0.155,0.155,0.145,0.145,139006
AGG,20170503,2.98,3.07,2.98,3.07,7114
AGI,20170503,1.88,1.92,1.84,1.87,329701
AGL,20170503,27.38,27.6,27.06,27.1,2828095
AGO,20170503,0.016,0.017,0.015,0.015,64113069
AGR,20170503,0.465,0.495,0.465,0.495,60771
AGS,20170503,0.09,0.09,0.088,0.088,137663
AGY,20170503,0.069,0.069,0.062,0.062,1584058
AHF,20170503,0.12,0.12,0.1,0.1,2178531
AHG,20170503,3.79,3.825,3.73,3.76,883476
AHK,20170503,0.15,0.16,0.15,0.16,132000
AHL,20170503,0.042,0.042,0.04,0.042,107216
AHQ,20170503,0.022,0.022,0.022,0.022,100000
AHX,20170503,1.16,1.16,1.15,1.15,39000
AHY,20170503,1.845,1.855,1.792,1.8,2495598
AHZ,20170503,0.38,0.38,0.36,0.38,856978
AIA,20170503,6.47,6.57,6.47,6.53,86076
AIS,20170503,0.04,0.04,0.04,0.04,332388
AIV,20170503,0.12,0.12,0.12,0.12,9708
AIZ,20170503,2.47,2.47,2.3,2.37,178529
AJA,20170503,6.7,6.7,6.64,6.68,16335
AJC,20170503,0.006,0.006,0.006,0.006,700000
AJD,20170503,1.61,1.63,1.575,1.595,157861
AJL,20170503,0.24,0.24,0.24,0.24,5500
AJM,20170503,0.145,0.15,0.145,0.145,421777
AJQ,20170503,0.077,0.077,0.075,0.077,93380
AJX,20170503,0.485,0.52,0.485,0.52,810112
AKK,20170503,0.003,0.004,0.003,0.003,1199999
AKM,20170503,0.023,0.023,0.02,0.02,535573
AKP,20170503,16,16.45,15.75,16.45,14677
ALC,20170503,0.063,0.063,0.06,0.06,243149
ALF,20170503,1.255,1.255,1.235,1.255,328451
ALI,20170503,1.82,1.82,1.785,1.79,156163
ALK,20170503,0.25,0.252,0.245,0.245,666926
ALL,20170503,20,20.45,19.99,20.18,2001813
ALQ,20170503,6.43,6.47,6.315,6.36,1472044
ALT,20170503,0.005,0.006,0.005,0.006,4400000
ALU,20170503,8.36,8.42,8.31,8.36,423828
ALY,20170503,0.017,0.017,0.017,0.017,570139
AMA,20170503,1.06,1.085,1.055,1.085,384686
AMC,20170503,15.65,15.71,15.195,15.2,6858609
AMH,20170503,0.905,0.905,0.905,0.905,86520
AMI,20170503,0.2,0.2,0.195,0.2,622955
AMP,20170503,5.38,5.4,5.34,5.37,6450952
ANG,20170503,0.165,0.165,0.16,0.16,2076422
ANL,20170503,0.04,0.041,0.04,0.04,568849
ANN,20170503,23.84,23.9,23.47,23.48,473984
ANP,20170503,0.032,0.032,0.032,0.032,262000
ANR,20170503,1.1,1.1,1.1,1.1,1850
ANW,20170503,0.008,0.008,0.008,0.008,1606231
ANZ,20170503,32.1,32.2,31.28,31.35,10407875
AO1,20170503,0.24,0.25,0.24,0.24,16732
AOA,20170503,0.006,0.007,0.006,0.007,236505
AOF,20170503,2.1,2.1,2.1,2.1,458
AOG,20170503,3.19,3.2,3.16,3.16,2299373
AOH,20170503,0.14,0.14,0.14,0.14,1000
AON,20170503,0.205,0.205,0.205,0.205,13000
AOP,20170503,0.077,0.08,0.07,0.07,114334
AOU,20170503,0.195,0.195,0.19,0.19,24285
AOW,20170503,0.027,0.027,0.027,0.027,47539
APA,20170503,9.36,9.46,9.29,9.37,2186480
APC,20170503,0.12,0.12,0.115,0.115,371653
APD,20170503,0.39,0.39,0.39,0.39,51098
APE,20170503,8,8,7.97,7.99,51510
API,20170503,2.36,2.38,2.285,2.3,2824786
APL,20170503,1.215,1.25,1.21,1.24,525318
APN,20170503,2.45,2.45,2.35,2.39,758881
APO,20170503,5.54,5.57,5.44,5.44,434635
APW,20170503,1.51,1.51,1.5,1.505,20445
APX,20170503,2.7,2.7,2.66,2.66,68183
APY,20170503,0.01,0.01,0.01,0.01,584552
APZ,20170503,1.06,1.07,1.06,1.07,626859
AQC,20170503,0.01,0.011,0.009,0.009,1195765
AQD,20170503,0.012,0.012,0.012,0.012,70000
AQG,20170503,2.05,2.06,2,2.02,239297
AQI,20170503,0.16,0.16,0.145,0.15,161798
AQQ,20170503,0.025,0.026,0.025,0.026,439492
AQX,20170503,0.049,0.05,0.049,0.05,322750
AQZ,20170503,0.685,0.685,0.685,0.685,19000
ARA,20170503,0.75,0.76,0.75,0.76,85110
ARB,20170503,15.7,15.87,15.6,15.8,730518
ARD,20170503,0.031,0.032,0.03,0.03,1662383
ARE,20170503,0.009,0.01,0.008,0.01,763308
ARF,20170503,2.11,2.13,2.1,2.13,55639
ARG,20170503,7.66,7.66,7.6,7.62,231996
ARL,20170503,0.66,0.695,0.65,0.665,106121
ARM,20170503,0.048,0.048,0.048,0.048,100000
ARU,20170503,0.06,0.064,0.06,0.061,1218923
ARV,20170503,0.086,0.086,0.081,0.085,1022047
ASB,20170503,1.73,1.735,1.705,1.72,122793
ASG,20170503,2.18,2.19,2.06,2.15,20430
ASL,20170503,1.355,1.365,1.345,1.36,101062
ASN,20170503,0.033,0.033,0.033,0.033,83334
AST,20170503,1.755,1.77,1.735,1.74,3430214
ASX,20170503,51.51,51.78,50.9,51.08,557631
ATC,20170503,0.135,0.135,0.135,0.135,157181
ATL,20170503,1.33,1.33,1.305,1.31,65639
ATS,20170503,0.235,0.235,0.23,0.23,675241
ATU,20170503,0.3,0.3,0.3,0.3,41300
AU1,20170503,0.024,0.024,0.023,0.023,969242
AUB,20170503,12.32,12.39,12.03,12.23,10585
AUF,20170503,1.36,1.36,1.32,1.32,12128
AUI,20170503,8.15,8.15,8.13,8.14,11240
AUK,20170503,0.017,0.017,0.017,0.017,33000
AUP,20170503,4.8,4.8,4.78,4.78,3207
AUQ,20170503,0.016,0.017,0.016,0.017,2300911
AUST,20170503,16.01,16.01,15.94,15.95,77410
AUZ,20170503,0.014,0.014,0.013,0.014,12514717
AVB,20170503,0.105,0.11,0.1,0.105,3030245
AVD,20170503,0.021,0.021,0.02,0.02,353011
AVG,20170503,0.455,0.475,0.435,0.435,558866
AVH,20170503,0.089,0.094,0.088,0.09,703665
AVJ,20170503,0.595,0.6,0.59,0.59,58530
AVL,20170503,0.018,0.018,0.017,0.017,249000
AVN,20170503,2.46,2.46,2.36,2.4,145026
AVQ,20170503,0.12,0.12,0.11,0.115,458777
AVZ,20170503,0.038,0.039,0.037,0.037,4600588
AWC,20170503,1.76,1.76,1.712,1.715,10829964
AWE,20170503,0.45,0.46,0.45,0.46,1155838
AWV,20170503,0.115,0.115,0.115,0.115,9240
AXE,20170503,0.058,0.058,0.058,0.058,25000
AXI,20170503,0.049,0.049,0.049,0.049,28591
AXP,20170503,0.82,0.84,0.82,0.84,33512
AXT,20170503,0.026,0.026,0.024,0.024,290000
AYF,20170503,6.06,6.06,6.06,6.06,8635
AYR,20170503,0.005,0.005,0.004,0.005,13393451
AYS,20170503,1.84,1.84,1.77,1.81,998054
AYZ,20170503,75.44,75.44,75.44,75.44,395
AZJ,20170503,5.28,5.4,5.26,5.4,4823869
AZM,20170503,0.027,0.027,0.027,0.027,19388
AZS,20170503,0.013,0.013,0.012,0.012,550450
AZV,20170503,0.11,0.11,0.099,0.099,15833
AZY,20170503,0.019,0.019,0.019,0.019,535016
BAF,20170503,1.145,1.16,1.145,1.15,128044
BAL,20170503,6.06,6.36,5.53,5.75,3085000
BAP,20170503,5.38,5.43,5.31,5.35,728121
BAR,20170503,0.05,0.05,0.048,0.05,344588
BAS,20170503,0.002,0.002,0.001,0.001,1250000
BAT,20170503,0.08,0.08,0.08,0.08,41440
BAU,20170503,0.066,0.066,0.066,0.066,4316
BBG,20170503,1.09,1.1,1.08,1.1,50924
BBN,20170503,1.8,1.8,1.72,1.72,248503
BBOZ,20170503,16.39,16.78,16.32,16.72,67306
BBUS,20170503,7.33,7.34,7.32,7.34,50710
BCI,20170503,0.145,0.145,0.135,0.14,941736
BCK,20170503,0.023,0.023,0.022,0.022,693000
BCL,20170503,0.53,0.53,0.48,0.48,17012
BCN,20170503,0.02,0.022,0.02,0.021,2444774
BD1,20170503,0.029,0.029,0.027,0.027,1365882
BDA,20170503,0.195,0.195,0.175,0.185,222952
BDI,20170503,0.002,0.002,0.002,0.002,750000
BDR,20170503,0.215,0.22,0.21,0.215,4177415
BEAR,20170503,14.49,14.62,14.46,14.6,22792
BEE,20170503,0.245,0.245,0.245,0.245,57107
BEL,20170503,0.135,0.135,0.135,0.135,23862
BEN,20170503,12.43,12.46,12.2,12.23,1915192
BFC,20170503,0.26,0.27,0.25,0.25,57321
BFG,20170503,0.675,0.685,0.66,0.685,325096
BGA,20170503,6,6.09,5.965,6.01,301352
BHP,20170503,23.52,23.54,23.14,23.21,13805258
BID,20170503,0.027,0.027,0.025,0.025,509097
BIG,20170503,0.64,0.64,0.605,0.62,290148
BIN,20170503,1.82,1.82,1.76,1.76,11812347
BIQ,20170503,0.061,0.061,0.06,0.06,87669
BIS,20170503,0.415,0.415,0.415,0.415,1000
BIT,20170503,0.035,0.035,0.035,0.035,263639
BKI,20170503,1.61,1.61,1.6,1.605,264481
BKL,20170503,111,113.74,111,113,64758
BKP,20170503,0.001,0.001,0.001,0.001,20958233
BKT,20170503,0.08,0.08,0.076,0.077,879343
BKW,20170503,15.36,15.56,15.3,15.41,242708
BKY,20170503,0.715,0.735,0.71,0.715,108457
BLA,20170503,8,8.04,7.95,8.04,118751
BLD,20170503,6.33,6.42,6.32,6.37,4311433
BLG,20170503,0.25,0.255,0.25,0.25,109828
BLK,20170503,0.315,0.315,0.295,0.295,782334
BLT,20170503,0.19,0.19,0.19,0.19,12650
BLX,20170503,1.78,1.785,1.78,1.78,18611
BLY,20170503,0.041,0.043,0.04,0.04,1282761
BLZ,20170503,0.03,0.03,0.03,0.03,347930
BMG,20170503,0.011,0.011,0.011,0.011,140948
BMH,20170503,0.215,0.215,0.215,0.215,34162
BML,20170503,0.001,0.001,0.001,0.001,53800
BMN,20170503,0.045,0.045,0.041,0.041,641986
BMP,20170503,0.27,0.27,0.26,0.26,12112
BMT,20170503,0.21,0.21,0.21,0.21,27000
BMZ,20170503,0.036,0.036,0.036,0.036,55000
BNO,20170503,0.345,0.365,0.34,0.345,209568
BNR,20170503,0.038,0.04,0.038,0.04,228860
BOC,20170503,0.21,0.215,0.21,0.215,72687
BOE,20170503,0.065,0.065,0.057,0.061,6263776
BOND,20170503,25.78,25.78,25.78,25.78,0
BOQ,20170503,12,12.03,11.71,11.77,2743149
BOT,20170503,0.05,0.051,0.05,0.05,1821209
BPF,20170503,0.135,0.135,0.13,0.13,275604
BPL,20170503,0.032,0.032,0.032,0.032,776384
BPS,20170503,0.89,0.9,0.865,0.89,3161
BPT,20170503,0.695,0.705,0.685,0.7,9380201
BRB,20170503,0.56,0.575,0.56,0.575,314481
BRG,20170503,10.7,10.73,10.59,10.65,195357
BRI,20170503,1.52,1.55,1.52,1.55,83584
BRK,20170503,0.011,0.011,0.011,0.011,3621160
BRL,20170503,0.073,0.075,0.073,0.073,10457165
BRN,20170503,0.21,0.23,0.205,0.215,2347869
BRU,20170503,0.17,0.18,0.17,0.18,40919
BSA,20170503,0.355,0.355,0.35,0.35,320370
BSE,20170503,0.32,0.33,0.32,0.33,472023
BSL,20170503,11.88,12.07,11.86,11.96,2514457
BSM,20170503,0.012,0.012,0.012,0.012,1475059
BST,20170503,0.885,0.885,0.885,0.885,6925
BTI,20170503,0.91,0.92,0.91,0.92,23300
BTT,20170503,12.31,12.57,12.13,12.2,778897
BUB,20170503,0.14,0.145,0.14,0.14,1170191
BUG,20170503,0.33,0.33,0.33,0.33,27018
BUL,20170503,0.056,0.057,0.055,0.057,2734139
BUX,20170503,0.25,0.25,0.23,0.235,179476
BUY,20170503,0.007,0.007,0.007,0.007,3256811
BWF,20170503,1,1,0.95,0.95,6093
BWP,20170503,2.97,2.98,2.94,2.98,1200016
BWR,20170503,1.23,1.23,1.23,1.23,5048
BWX,20170503,5.16,5.18,5.05,5.12,227474
BXB,20170503,10.24,10.32,10.18,10.25,6094800
BXN,20170503,0.02,0.02,0.02,0.02,1000000
BYE,20170503,0.1,0.1,0.095,0.095,37400
BYI,20170503,0.95,0.96,0.95,0.96,6000
CAA,20170503,0.165,0.165,0.165,0.165,33132
CAB,20170503,2.56,2.64,2.53,2.63,436148
CAD,20170503,0.004,0.004,0.003,0.003,7423000
CAE,20170503,0.024,0.025,0.024,0.025,1110000
CAJ,20170503,0.19,0.19,0.185,0.185,1967729
CAM,20170503,0.885,0.885,0.875,0.88,85644
CAP,20170503,0.06,0.061,0.052,0.061,159491
CAR,20170503,11.72,11.91,11.72,11.79,1126569
CAS,20170503,0.105,0.105,0.105,0.105,230944
CAT,20170503,2,2.045,2,2.02,438552
CAV,20170503,0.011,0.011,0.011,0.011,300000
CAY,20170503,0.076,0.077,0.075,0.076,1079587
CAZ,20170503,0.052,0.052,0.052,0.052,91484
CBA,20170503,86.52,86.94,85.2,85.35,3504467
CBC,20170503,0.94,0.94,0.94,0.94,3862
CBL,20170503,3.21,3.21,3.1,3.1,8719
CBQ,20170503,0.003,0.003,0.003,0.003,1393588
CCA,20170503,0.85,0.85,0.85,0.85,5000
CCE,20170503,0.067,0.068,0.064,0.064,5670497
CCJ,20170503,0.01,0.01,0.01,0.01,62000
CCL,20170503,9.5,9.585,9.45,9.54,3021498
CCP,20170503,18.42,18.5,18.31,18.42,140737
CCV,20170503,0.285,0.29,0.285,0.285,119404
CCZ,20170503,0.015,0.015,0.015,0.015,1106977
CDA,20170503,2.18,2.19,2.14,2.14,88934
CDC,20170503,0.12,0.12,0.12,0.12,6000
CDD,20170503,1.32,1.33,1.31,1.325,287947
CDM,20170503,1.215,1.215,1.2,1.2,271835
CDP,20170503,8.09,8.1,7.96,8.09,44034
CDU,20170503,0.34,0.34,0.3,0.315,351677
CDV,20170503,0.45,0.46,0.425,0.46,441421
CDY,20170503,0.028,0.029,0.028,0.028,314925
CEL,20170503,0.02,0.022,0.02,0.022,80000
CEN,20170503,4.79,4.79,4.79,4.79,283
CETF,20170503,51.5,51.53,51.5,51.53,413
CFE,20170503,0.03,0.031,0.027,0.027,11389963
CFO,20170503,0.435,0.475,0.425,0.46,203444
CGA,20170503,1.26,1.285,1.25,1.285,33950
CGC,20170503,4.38,4.405,4.34,4.38,969339
CGF,20170503,13.54,13.73,13.41,13.44,2133474
CGL,20170503,4.35,4.35,4.33,4.33,264956
CGM,20170503,0.009,0.009,0.009,0.009,10042005
CGN,20170503,0.022,0.023,0.022,0.023,38719
CGR,20170503,0.235,0.235,0.235,0.235,20000
CHC,20170503,5.9,5.98,5.745,5.78,2582713
CHK,20170503,0.016,0.017,0.016,0.016,5231444
CHN,20170503,0.16,0.16,0.155,0.155,20251
CHP,20170503,0.015,0.015,0.015,0.015,724770
CIA,20170503,0.93,0.93,0.93,0.93,10
CIE,20170503,0.955,0.955,0.95,0.95,20000
CIM,20170503,38,38.63,37.68,37.82,408195
CIN,20170503,32.45,32.45,32.45,32.45,376
CIO,20170503,0.03,0.03,0.028,0.028,1647527
CIP,20170503,2.46,2.49,2.45,2.49,283157
CKA,20170503,0.035,0.035,0.033,0.034,3199148
CKF,20170503,5.44,5.68,5.435,5.68,677232
CL1,20170503,2.86,2.87,2.84,2.84,33819
CL8,20170503,0.031,0.037,0.031,0.036,15369096
CLA,20170503,0.045,0.046,0.044,0.045,3626447
CLH,20170503,1.3,1.33,1.285,1.29,213426
CLQ,20170503,0.71,0.717,0.685,0.695,826372
CLV,20170503,0.465,0.47,0.465,0.47,64000
CLW,20170503,4,4.02,3.99,4.02,301577
CLX,20170503,0.71,0.71,0.71,0.71,4414
CLY,20170503,0.003,0.003,0.003,0.003,661683
CM8,20170503,0.14,0.14,0.14,0.14,950426
CMA,20170503,2.36,2.37,2.35,2.355,7811
CMI,20170503,1.02,1.02,1.02,1.02,94855
CMM,20170503,0.1,0.11,0.1,0.1,348874
CMP,20170503,0.42,0.42,0.39,0.41,423791
CMW,20170503,0.99,0.995,0.982,0.985,2595938
CMY,20170503,0.016,0.016,0.015,0.015,9335247
CND,20170503,0.097,0.097,0.097,0.097,2350
CNI,20170503,1.22,1.245,1.19,1.2,212866
CNJ,20170503,0.038,0.038,0.038,0.038,15000
CNU,20170503,4.22,4.26,4.16,4.19,592357
CNW,20170503,0.018,0.018,0.018,0.018,50000
COB,20170503,0.225,0.225,0.21,0.21,353244
COE,20170503,0.35,0.36,0.35,0.355,3185337
COG,20170503,0.14,0.14,0.135,0.135,564519
COH,20170503,141,142.45,140.73,141.85,146635
COI,20170503,0.14,0.14,0.135,0.135,148000
COM,20170503,0.014,0.014,0.014,0.014,1560814
COO,20170503,0.045,0.045,0.044,0.044,16331
COY,20170503,0.022,0.023,0.02,0.023,1468160
CPH,20170503,0.6,0.61,0.58,0.585,517365
CPU,20170503,14.61,14.86,14.59,14.71,1813180
CQR,20170503,4.49,4.51,4.45,4.5,686730
CR8,20170503,0.036,0.039,0.036,0.038,2497384
CRL,20170503,0.041,0.041,0.041,0.041,350000
CSE,20170503,0.21,0.21,0.21,0.21,21786
CSL,20170503,132.7,134.14,132.44,133.43,894608
CSR,20170503,5.07,5.095,5.02,5.03,2415313
CSS,20170503,0.037,0.039,0.036,0.036,4852808
CSV,20170503,0.48,0.48,0.47,0.48,69316
CTD,20170503,20.22,20.45,20.16,20.28,258608
CTE,20170503,0.18,0.18,0.18,0.18,9393
CTL,20170503,0.017,0.017,0.016,0.016,1804509
CTM,20170503,0.009,0.009,0.008,0.008,3523268
CTN,20170503,0.98,0.98,0.97,0.97,166744
CTO,20170503,0.011,0.011,0.011,0.011,2292727
CTP,20170503,0.2,0.205,0.197,0.205,6074805
CTX,20170503,30.7,30.79,30.3,30.52,972374
CUA,20170503,2.28,2.28,2.25,2.26,47894
CUE,20170503,0.068,0.07,0.068,0.07,100000
CUP,20170503,0.64,0.68,0.64,0.68,20190
CUV,20170503,6.92,7,6.8,6.87,15540
CUX,20170503,0.006,0.006,0.006,0.006,40000
CV1,20170503,0.115,0.115,0.115,0.115,2562
CVC,20170503,1.85,1.85,1.8,1.8,3744
CVN,20170503,0.089,0.089,0.087,0.088,482605
CVT,20170503,0.037,0.037,0.037,0.037,144490
CVW,20170503,1.44,1.44,1.4,1.43,48543
CWN,20170503,12.62,12.65,12.44,12.46,2115352
CWP,20170503,5.36,5.37,5.26,5.33,29158
CWY,20170503,1.31,1.33,1.295,1.295,3449913
CXM,20170503,0.065,0.065,0.064,0.064,30100
CXO,20170503,0.068,0.076,0.068,0.074,2980879
CXX,20170503,0.32,0.32,0.32,0.32,122796
CXZ,20170503,0.064,0.064,0.061,0.061,302500
CYA,20170503,0.96,0.96,0.95,0.95,131441
CYB,20170503,4.81,4.85,4.775,4.8,1765391
CYC,20170503,0.77,0.77,0.76,0.76,2470
CYG,20170503,0.65,0.68,0.65,0.66,72564
CYL,20170503,0.47,0.47,0.47,0.47,5000
CYP,20170503,0.395,0.425,0.37,0.4,294151
CYY,20170503,0.018,0.018,0.016,0.016,1921935
CZI,20170503,0.069,0.074,0.069,0.07,232544
CZL,20170503,0.017,0.017,0.017,0.017,256381
CZN,20170503,0.023,0.023,0.022,0.022,3208206
CZZ,20170503,14.85,14.99,14.83,14.83,4284
DAF,20170503,0.01,0.01,0.01,0.01,361550
DAU,20170503,0.03,0.03,0.03,0.03,18000
DAV,20170503,0.11,0.11,0.11,0.11,18096
DCC,20170503,0.033,0.035,0.033,0.035,202483
DCG,20170503,0.755,0.78,0.75,0.76,208998
DCL,20170503,0.14,0.14,0.14,0.14,50000
DCN,20170503,1.575,1.62,1.505,1.52,542187
DDD,20170503,0.005,0.006,0.004,0.006,12806712
DDR,20170503,2.44,2.45,2.42,2.42,49928
DDT,20170503,0.006,0.006,0.006,0.006,265000
DEG,20170503,0.055,0.055,0.054,0.054,74909
DEM,20170503,0.34,0.35,0.33,0.35,63368
DFM,20170503,0.8,0.835,0.79,0.83,92254
DGR,20170503,0.14,0.14,0.135,0.135,111492
DHR,20170503,0.007,0.007,0.007,0.007,259150
DIG,20170503,0.29,0.29,0.29,0.29,19000
DIV,20170503,20.73,20.73,20.73,20.73,200
DJRE,20170503,20.98,21.07,20.98,21.02,11974
DJW,20170503,3.61,3.62,3.6,3.62,128726
DKM,20170503,0.16,0.16,0.16,0.16,6685
DKO,20170503,0.053,0.055,0.053,0.054,570509
DLC,20170503,0.004,0.004,0.004,0.004,2200
DLX,20170503,6.9,6.95,6.83,6.86,1279213
DMP,20170503,61.5,62.18,61.33,61.76,114501
DN8,20170503,0.195,0.2,0.195,0.2,40060
DNA,20170503,0.515,0.515,0.505,0.51,519010
DNK,20170503,0.66,0.68,0.66,0.67,12769
DOW,20170503,6.02,6.07,5.77,5.88,7356858
DRA,20170503,0.22,0.225,0.22,0.225,113008
DRM,20170503,0.295,0.295,0.28,0.29,1190346
DRO,20170503,0.34,0.34,0.31,0.315,179991
DRX,20170503,0.009,0.009,0.009,0.009,77772
DSE,20170503,0.055,0.065,0.055,0.063,781221
DTI,20170503,0.195,0.195,0.195,0.195,5240
DTL,20170503,1.705,1.705,1.695,1.695,211320
DTM,20170503,0.005,0.005,0.005,0.005,233411
DTX,20170503,0.24,0.24,0.24,0.24,36699
DTZ,20170503,0.195,0.195,0.17,0.185,348618
DUB,20170503,0.24,0.24,0.225,0.24,247616
DUI,20170503,3.83,3.84,3.77,3.77,67040
DVL,20170503,0.36,0.36,0.36,0.36,33022
DVN,20170503,0.435,0.435,0.41,0.41,51600
DW8,20170503,0.017,0.018,0.016,0.018,1198888
DWS,20170503,1.575,1.575,1.54,1.57,106427
DXB,20170503,0.007,0.007,0.006,0.006,524780
DXS,20170503,10.51,10.555,10.365,10.42,3184771
DYE,20170503,0.235,0.235,0.22,0.235,16037
DYL,20170503,0.275,0.28,0.275,0.275,7025
E2M,20170503,0.14,0.14,0.13,0.14,68308
EAI,20170503,0.895,0.9,0.88,0.9,157260
EAL,20170503,0.048,0.048,0.045,0.046,125550
EAR,20170503,0.165,0.165,0.165,0.165,9470
EBG,20170503,0.9,0.9,0.9,0.9,30000
EBO,20170503,16.76,16.96,16.5,16.96,531
ECX,20170503,3.89,3.89,3.79,3.8,387123
EDC,20170503,1.05,1.05,1.05,1.05,2000
EDE,20170503,0.225,0.225,0.192,0.21,10545162
EEG,20170503,0.006,0.006,0.006,0.006,102233
EFE,20170503,0.014,0.014,0.014,0.014,94099
EGG,20170503,0.97,0.97,0.97,0.97,1833
EGH,20170503,0.355,0.355,0.335,0.34,207193
EGI,20170503,0.955,0.955,0.935,0.935,56804
EGL,20170503,0.021,0.021,0.021,0.021,1075
EGN,20170503,0.19,0.2,0.19,0.2,148300
EGO,20170503,0.18,0.18,0.18,0.18,75326
EGS,20170503,0.325,0.325,0.32,0.32,288994
EHE,20170503,3.22,3.23,3.16,3.17,697786
EHL,20170503,0.083,0.087,0.083,0.086,569551
ELD,20170503,4.46,4.46,4.42,4.45,86093
ELK,20170503,0.069,0.069,0.069,0.069,300000
ELT,20170503,0.008,0.008,0.008,0.008,65000
ELX,20170503,1.075,1.075,1.055,1.07,192382
EMC,20170503,0.755,0.8,0.74,0.8,369472
EME,20170503,0.1,0.1,0.1,0.1,10000
EMG,20170503,0.007,0.009,0.007,0.009,4112459
EMH,20170503,1.08,1.08,0.995,1.05,10438
EML,20170503,1.49,1.59,1.49,1.54,352509
EMR,20170503,0.048,0.049,0.048,0.049,4044272
EMU,20170503,0.13,0.13,0.125,0.125,125000
EMX,20170503,0.036,0.036,0.022,0.024,7537748
ENB,20170503,0.012,0.012,0.01,0.01,4703197
ENC,20170503,0.32,0.32,0.31,0.31,40495
ENN,20170503,2.2,2.23,2.18,2.18,81490
ENT,20170503,0.02,0.02,0.018,0.02,274510
EOS,20170503,3.3,3.4,3.3,3.35,184764
EPD,20170503,0.445,0.447,0.44,0.44,195830
EPM,20170503,0.006,0.006,0.006,0.006,310000
EPT,20170503,0.027,0.027,0.024,0.024,2137771
EPW,20170503,1.24,1.245,1.205,1.205,251741
EQE,20170503,0.014,0.014,0.014,0.014,557000
EQT,20170503,17.43,17.5,17.1,17.4,12128
EQU,20170503,0.125,0.125,0.115,0.115,105000
EQX,20170503,0.48,0.48,0.47,0.47,109635
ERA,20170503,0.57,0.59,0.565,0.59,318522
ERF,20170503,1.3,1.3,1.28,1.28,123174
ERL,20170503,0.021,0.022,0.021,0.022,517913
ERM,20170503,0.081,0.082,0.08,0.08,859115
ESE,20170503,0.34,0.35,0.315,0.32,387351
ESH,20170503,0.018,0.02,0.017,0.018,9813421
ESI,20170503,0.015,0.016,0.015,0.016,1182892
ESR,20170503,0.023,0.023,0.023,0.023,1031474
ESV,20170503,0.082,0.085,0.082,0.085,3250
ETPMAG,20170503,21.48,21.64,21.46,21.6,4348
ETPMPD,20170503,104.39,104.39,104.39,104.39,18
ETPMPM,20170503,125.74,125.74,125.74,125.74,0
ETPMPT,20170503,118.45,118.45,118.45,118.45,0
EUR,20170503,0.047,0.047,0.047,0.047,68191
EVE,20170503,0.007,0.008,0.006,0.008,77195971
EVN,20170503,2.22,2.26,2.19,2.21,10275286
EVS,20170503,0.068,0.068,0.068,0.068,76187
EVT,20170503,13.18,13.7,13.18,13.69,34913
EVZ,20170503,0.01,0.01,0.01,0.01,20000
EWC,20170503,0.375,0.39,0.37,0.39,14462
EXC,20170503,0.04,0.04,0.04,0.04,280000
EXG,20170503,0.044,0.047,0.044,0.046,2448723
EXU,20170503,0.105,0.105,0.093,0.095,2153044
EZL,20170503,1.14,1.14,1.13,1.14,15486
FAR,20170503,0.083,0.083,0.08,0.08,1542163
FBR,20170503,0.12,0.12,0.115,0.115,941383
FBU,20170503,7.91,8.28,7.82,7.86,1702388
FCR,20170503,0.002,0.002,0.002,0.002,500000
FDM,20170503,0.094,0.097,0.093,0.094,556654
FDV,20170503,0.5,0.5,0.48,0.48,34441
FET,20170503,2.85,2.93,2.84,2.92,156598
FFC,20170503,0.135,0.135,0.135,0.135,2000
FFI,20170503,3.83,3.83,3.8,3.8,18000
FFT,20170503,0.13,0.13,0.12,0.12,159492
FGG,20170503,1.04,1.05,1.04,1.04,241054
FGR,20170503,0.105,0.105,0.1,0.1,1024937
FGX,20170503,1.13,1.13,1.125,1.125,118975
FID,20170503,4.17,4.17,4.14,4.16,13668
FIG,20170503,0.72,0.72,0.72,0.72,107222
FLN,20170503,0.785,0.8,0.775,0.78,178636
FLT,20170503,32.38,32.73,32.21,32.61,302694
FMG,20170503,5.31,5.31,5.18,5.22,10633788
FML,20170503,0.415,0.415,0.415,0.415,2000
FMS,20170503,0.068,0.068,0.065,0.065,20410
FND,20170503,0.18,0.18,0.175,0.175,148730
FNP,20170503,4.4,4.49,4.4,4.41,32753
FNT,20170503,0.033,0.033,0.033,0.033,5000
FOD,20170503,0.066,0.066,0.064,0.064,994039
FOR,20170503,1.99,1.99,1.96,1.965,24696
FPC,20170503,1.19,1.235,1.175,1.175,45240
FPH,20170503,9.27,9.37,9.22,9.33,171563
FRI,20170503,0.8,0.82,0.8,0.815,44739
FRM,20170503,1.26,1.28,1.26,1.28,65953
FRN,20170503,0.021,0.021,0.021,0.021,125838
FRX,20170503,0.095,0.095,0.095,0.095,20000
FSA,20170503,1.32,1.37,1.32,1.36,20733
FSF,20170503,5.54,5.55,5.48,5.48,127038
FTT,20170503,0.058,0.062,0.057,0.062,29060225
FUN,20170503,0.006,0.006,0.006,0.006,363274
FWD,20170503,1.92,1.97,1.91,1.95,50895
FXJ,20170503,1.055,1.08,1.045,1.07,20013654
FXL,20170503,2.23,2.23,2.02,2.08,5005698
FZO,20170503,0.275,0.28,0.26,0.27,162269
GAP,20170503,0.405,0.405,0.405,0.405,8784
GBE,20170503,0.016,0.016,0.016,0.016,2329100
GBG,20170503,0.018,0.018,0.018,0.018,290671
GBI,20170503,0.165,0.165,0.165,0.165,30000
GBP,20170503,0.025,0.025,0.025,0.025,359380
GBR,20170503,0.17,0.17,0.165,0.165,50000
GBT,20170503,2.85,2.88,2.84,2.86,44566
GBX,20170503,0.016,0.017,0.016,0.016,3609261
GC1,20170503,0.94,0.94,0.905,0.92,44136
GCR,20170503,0.012,0.014,0.012,0.014,10250
GCS,20170503,0.565,0.565,0.545,0.545,59565
GCY,20170503,0.5,0.53,0.48,0.48,228227
GDF,20170503,1.1,1.11,1.09,1.09,180996
GDI,20170503,1.045,1.055,1.04,1.04,88129
GDX,20170503,29.02,29.09,28.99,29.07,3368
GEAR,20170503,22.83,22.91,22.4,22.5,38684
GED,20170503,0.034,0.034,0.034,0.034,130000
GEG,20170503,1.05,1.05,1.05,1.05,33140
GEM,20170503,3.7,3.7,3.26,3.43,13053598
GEV,20170503,0.175,0.18,0.17,0.18,492499
GFL,20170503,1.99,1.99,1.95,1.95,5630
GFY,20170503,0.66,0.66,0.61,0.61,90087
GGG,20170503,0.089,0.092,0.089,0.089,1169330
GGL,20170503,0.02,0.02,0.019,0.019,422657
GGUS,20170503,12.55,12.56,12.52,12.52,6387
GHC,20170503,2.28,2.28,2.26,2.27,766708
GID,20170503,0.064,0.065,0.064,0.065,2000000
GLH,20170503,0.35,0.35,0.35,0.35,40000
GMA,20170503,3.1,3.235,3.02,3.07,3042793
GMD,20170503,0.019,0.019,0.018,0.018,386060
GMG,20170503,8.36,8.4,8.26,8.32,4070620
GMN,20170503,0.092,0.092,0.092,0.092,10000
GMR,20170503,0.007,0.007,0.006,0.006,21318230
GMY,20170503,0.96,0.96,0.96,0.96,2303
GNC,20170503,8.72,8.82,8.71,8.76,800831
GNE,20170503,2.01,2.05,2.01,2.04,28875
GNG,20170503,1.5,1.505,1.43,1.44,158665
GNX,20170503,0.23,0.23,0.225,0.23,27395
GOLD,20170503,158.67,159.55,158.5,159.55,5088
GOR,20170503,0.68,0.69,0.665,0.685,712942
GOVT,20170503,25.64,25.64,25.64,25.64,0
GOW,20170503,3.56,3.58,3.56,3.58,6217
GOZ,20170503,3.32,3.32,3.27,3.3,349394
GPP,20170503,0.023,0.023,0.022,0.022,1288860
GPR,20170503,0.039,0.039,0.039,0.039,364894
GPT,20170503,5.36,5.4,5.27,5.32,5695744
GPX,20170503,0.35,0.35,0.32,0.32,319241
GRA,20170503,0.81,0.81,0.81,0.81,3734
GRB,20170503,0.036,0.036,0.036,0.036,515023
GRR,20170503,0.175,0.18,0.155,0.16,1036133
GRV,20170503,0.035,0.035,0.029,0.029,203959
GSC,20170503,0.205,0.215,0.19,0.19,6690214
GSW,20170503,0.6,0.62,0.6,0.615,24949
GTE,20170503,0.013,0.014,0.013,0.014,131714
GTG,20170503,0.01,0.01,0.009,0.01,379969
GTK,20170503,4.3,4.31,4.27,4.29,170415
GTN,20170503,2.47,2.47,2.45,2.45,16323
GTR,20170503,0.034,0.034,0.029,0.029,500000
GTY,20170503,2.14,2.18,2.135,2.18,602391
GUD,20170503,12.01,12.04,11.83,11.95,807526
GVF,20170503,1.11,1.11,1.1,1.11,59003
GWA,20170503,3.28,3.325,3.2,3.25,690324
GWR,20170503,0.052,0.052,0.052,0.052,100000
GXL,20170503,6.9,6.94,6.81,6.85,217758
GXY,20170503,0.42,0.425,0.415,0.42,7554165
HAS,20170503,0.089,0.09,0.089,0.089,345199
HAV,20170503,0.6,0.6,0.57,0.57,57000
HCH,20170503,0.03,0.03,0.03,0.03,175008
HCT,20170503,0.135,0.135,0.13,0.135,12525
HFA,20170503,2.39,2.39,2.32,2.37,67819
HFR,20170503,1.03,1.08,1.01,1.05,347820
HGG,20170503,3.97,4,3.94,3.96,2980925
HGO,20170503,0.071,0.071,0.065,0.067,549082
HHL,20170503,2.62,2.66,2.6,2.66,68758
HHV,20170503,1.115,1.13,1.11,1.115,165444
HHY,20170503,0.1,0.105,0.1,0.105,86506
HIG,20170503,0.065,0.065,0.062,0.062,47091
HIL,20170503,0.19,0.22,0.19,0.22,695028
HIT,20170503,0.53,0.54,0.53,0.53,20279
HLX,20170503,0.041,0.048,0.038,0.048,370006
HMO,20170503,0.14,0.14,0.14,0.14,6500
HMX,20170503,0.05,0.05,0.05,0.05,108600
HNG,20170503,0.55,0.55,0.55,0.55,201295
HNR,20170503,0.013,0.014,0.012,0.012,786962
HOM,20170503,0.425,0.425,0.425,0.425,2373
HOT,20170503,0.14,0.15,0.135,0.15,541175
HPI,20170503,3.02,3.04,2.97,2.97,84618
HRR,20170503,0.095,0.095,0.091,0.091,190567
HSN,20170503,3.53,3.57,3.485,3.52,189877
HSO,20170503,2.19,2.22,2.17,2.18,5441506
HTA,20170503,0.073,0.073,0.07,0.071,53300
HUB,20170503,5,5.04,4.96,5,34189
HUO,20170503,4.75,4.84,4.71,4.79,16938
HVN,20170503,4.32,4.33,4.245,4.28,2927572
HVST,20170503,20.35,20.35,20.09,20.14,131480
HWK,20170503,0.013,0.013,0.012,0.012,41352
HXG,20170503,0.14,0.15,0.14,0.15,1005984
HZN,20170503,0.058,0.058,0.057,0.057,602392
HZR,20170503,0.56,0.565,0.55,0.55,106152
IAA,20170503,72.22,72.76,72.1,72.76,4490
IAB,20170503,1.05,1.05,1.05,1.05,6007
IAF,20170503,106.21,106.24,106.1,106.22,4343
IAG,20170503,6.25,6.32,6.25,6.3,9163481
IAU,20170503,1.01,1.01,1,1,1999
IB8,20170503,0.42,0.42,0.42,0.42,3000
IBC,20170503,0.495,0.495,0.495,0.495,51380
IBG,20170503,0.072,0.072,0.072,0.072,204325
IBK,20170503,49.33,49.51,49.3,49.51,4714
IBN,20170503,0.005,0.005,0.005,0.005,380000
ICG,20170503,0.02,0.02,0.019,0.019,1104572
ICN,20170503,0.028,0.029,0.028,0.029,36784
ICQ,20170503,0.275,0.275,0.275,0.275,179446
ICT,20170503,0.035,0.037,0.028,0.03,757874
IDA,20170503,0.095,0.105,0.095,0.105,107744
IDR,20170503,2.22,2.23,2.19,2.2,94463
IDT,20170503,0.13,0.13,0.125,0.13,183349
IDX,20170503,1.33,1.335,1.295,1.31,183535
IEL,20170503,4.625,4.825,4.54,4.65,255354
IEM,20170503,53.7,54.09,53.7,54.05,19119
IEU,20170503,58.06,58.41,58.06,58.23,15038
IFL,20170503,8.99,9.04,8.92,8.98,1814394
IFM,20170503,0.7,0.715,0.7,0.71,291778
IFN,20170503,0.96,0.96,0.935,0.94,4608021
IGB,20170503,103.56,103.56,103.53,103.53,150
IGL,20170503,2.37,2.37,2.34,2.36,8824
IGO,20170503,3.16,3.19,3.08,3.08,5071231
IHCB,20170503,105.6,105.63,105.21,105.21,984
IHD,20170503,14.52,14.52,14.37,14.38,9775
IHEB,20170503,106.83,106.83,106.83,106.83,0
IHHY,20170503,108.27,108.27,108.21,108.21,381
IHK,20170503,30.71,30.71,30.71,30.71,13
IHL,20170503,0.061,0.061,0.061,0.061,20000
IHOO,20170503,113.67,113.67,113.67,113.67,119
IHS,20170503,0.031,0.031,0.031,0.031,65000
IHVV,20170503,306.64,306.67,305.45,305.45,1410
IIL,20170503,0.775,0.78,0.75,0.76,85871
IJH,20170503,229.99,230.5,229.3,230.48,554
IJP,20170503,69.3,69.65,69.24,69.65,4756
IJR,20170503,92.79,93.11,92.75,92.75,1708
IKO,20170503,84,84.25,84,84.24,465
ILB,20170503,115.99,115.99,115.19,115.8,862
ILC,20170503,24.31,24.35,24.03,24.08,23002
ILU,20170503,8.4,8.45,8.29,8.31,3207618
IMA,20170503,0.097,0.098,0.097,0.098,35016
IMC,20170503,0.67,0.7,0.67,0.7,341156
IMD,20170503,0.595,0.605,0.595,0.6,3142293
IMF,20170503,1.89,1.9,1.86,1.86,404000
IMU,20170503,0.013,0.014,0.013,0.014,1598958
ING,20170503,3.14,3.14,3.1,3.13,273448
INK,20170503,0.11,0.11,0.11,0.11,5830
INM,20170503,47.04,47.61,47.04,47.3,63086
IOF,20170503,4.84,4.85,4.76,4.78,1524416
IOO,20170503,110.59,111,110.33,111,14986
IOT,20170503,0.019,0.02,0.016,0.017,20577632
IOZ,20170503,24.4,24.44,24.18,24.21,10644
IP1,20170503,0.175,0.175,0.175,0.175,5722
IPD,20170503,0.71,0.715,0.7,0.7,305383
IPE,20170503,0.115,0.115,0.115,0.115,35000
IPH,20170503,4.93,4.95,4.845,4.89,482286
IPL,20170503,3.69,3.72,3.62,3.63,8008716
IPT,20170503,0.017,0.019,0.017,0.018,2361890
IRD,20170503,0.23,0.285,0.21,0.285,496095
IRE,20170503,12.48,12.52,12.26,12.26,419905
IRI,20170503,2.97,2.99,2.94,2.95,20937
IRU,20170503,184.69,185,184.57,185,604
IS3,20170503,0.185,0.185,0.185,0.185,10000
ISD,20170503,1.49,1.675,1.49,1.65,8965450
ISH,20170503,0.016,0.018,0.016,0.018,215944
ISO,20170503,4.37,4.37,4.35,4.35,24373
ISU,20170503,2,2.03,1.992,2,357102
ISX,20170503,0.15,0.15,0.15,0.15,302665
ITD,20170503,0.59,0.6,0.58,0.6,362294
ITL,20170503,0.18,0.18,0.18,0.18,7200
ITW,20170503,45.62,45.82,45.62,45.81,929
IVC,20170503,14.75,14.865,14.65,14.69,304688
IVE,20170503,85.53,85.79,85.31,85.51,2426
IVO,20170503,0.016,0.018,0.016,0.018,118800
IVQ,20170503,0.07,0.07,0.07,0.07,17162
IVR,20170503,0.039,0.039,0.036,0.036,516871
IVV,20170503,318.42,320.06,318.13,320.06,9366
IVX,20170503,0.003,0.003,0.002,0.002,8087536
IXI,20170503,133.43,134.32,133.43,134.32,2981
IXJ,20170503,139.47,140.37,139.45,140.14,5701
IXP,20170503,78.1,78.24,78.1,78.24,835
IZZ,20170503,50.83,51.23,50.83,51.23,1551
JAT,20170503,0.016,0.016,0.016,0.016,100000
JBH,20170503,25.42,25.55,25.33,25.5,845066
JCI,20170503,0.85,0.86,0.85,0.855,93330
JCS,20170503,0.011,0.011,0.011,0.011,292502
JHC,20170503,2.14,2.18,2.09,2.11,653060
JHX,20170503,22.75,22.81,22.465,22.5,1153014
JIN,20170503,2.38,2.57,2.38,2.48,183780
JKA,20170503,0.003,0.003,0.003,0.003,9341411
JKL,20170503,0.23,0.23,0.225,0.225,16160
JYC,20170503,1.64,1.64,1.64,1.64,12050
K2F,20170503,0.115,0.115,0.115,0.115,100000
K2P,20170503,0.18,0.18,0.18,0.18,105881
KAI,20170503,0.026,0.027,0.025,0.025,868506
KAM,20170503,0.32,0.32,0.32,0.32,4500
KAR,20170503,1.39,1.435,1.355,1.42,509710
KAS,20170503,0.022,0.022,0.021,0.021,283610
KAT,20170503,0.74,0.74,0.74,0.74,20000
KBU,20170503,0.009,0.009,0.009,0.009,100000
KCN,20170503,0.205,0.225,0.2,0.2,334481
KDR,20170503,0.385,0.385,0.36,0.36,859746
KEY,20170503,0.007,0.007,0.007,0.007,112533
KFE,20170503,0.02,0.02,0.019,0.019,405000
KGD,20170503,0.026,0.027,0.026,0.027,188957
KGL,20170503,0.345,0.345,0.34,0.34,48845
KGM,20170503,0.012,0.018,0.012,0.018,83474
KGN,20170503,1.725,1.725,1.66,1.66,5110
KII,20170503,2.44,2.44,2.44,2.44,22293
KIN,20170503,0.35,0.385,0.335,0.34,1047603
KIS,20170503,0.031,0.031,0.031,0.031,2500
KKL,20170503,0.006,0.006,0.005,0.005,265000
KKT,20170503,0.535,0.535,0.535,0.535,3706
KLL,20170503,0.4,0.41,0.4,0.41,6400
KMD,20170503,1.86,1.88,1.85,1.88,112094
KME,20170503,0.33,0.33,0.33,0.33,927
KNL,20170503,0.16,0.175,0.16,0.17,177608
KNM,20170503,0.016,0.017,0.016,0.017,498430
KNO,20170503,0.14,0.14,0.14,0.14,185993
KPL,20170503,0.1,0.1,0.1,0.1,825000
KPO,20170503,0.067,0.067,0.063,0.063,134655
KPT,20170503,2,2.01,2,2,54300
KRC,20170503,0.005,0.005,0.005,0.005,1143609
KRL,20170503,0.024,0.024,0.024,0.024,750000
KSL,20170503,0.95,0.95,0.94,0.94,134609
KSN,20170503,0.02,0.02,0.019,0.019,740000
KTA,20170503,0.046,0.046,0.045,0.045,62000
KTE,20170503,0.012,0.014,0.012,0.014,85000
KYK,20170503,0.17,0.185,0.17,0.18,30781
KZR,20170503,0.13,0.13,0.13,0.13,136000
LAA,20170503,0.17,0.2,0.17,0.185,753287
LAU,20170503,0.395,0.395,0.38,0.395,176120
LBL,20170503,0.13,0.13,0.13,0.13,33066
LBT,20170503,0.31,0.325,0.305,0.32,273641
LCA,20170503,0.59,0.59,0.59,0.59,5572
LCD,20170503,0.025,0.025,0.025,0.025,388606
LCK,20170503,0.145,0.15,0.145,0.15,167528
LCM,20170503,0.325,0.33,0.325,0.325,45654
LCR,20170503,0.02,0.02,0.02,0.02,175000
LCT,20170503,0.12,0.12,0.115,0.115,720847
LCY,20170503,0.004,0.004,0.004,0.004,236001
LEG,20170503,0.013,0.013,0.013,0.013,1914781
LEP,20170503,4.8,4.85,4.76,4.82,21622
LER,20170503,0.11,0.115,0.105,0.115,572919
LEX,20170503,0.17,0.17,0.165,0.165,21750
LGD,20170503,0.185,0.19,0.185,0.19,22500
LGR,20170503,0.06,0.06,0.055,0.055,200834
LHB,20170503,0.073,0.073,0.073,0.073,3000
LHC,20170503,2.14,2.14,2.13,2.14,6047
LIC,20170503,4,4,3.91,3.95,23060
LIN,20170503,0.019,0.02,0.019,0.019,1805280
LIT,20170503,0.105,0.105,0.092,0.093,4592627
LKE,20170503,0.054,0.054,0.052,0.053,270900
LKO,20170503,0.001,0.002,0.001,0.002,1200000
LLC,20170503,16.8,16.97,16.56,16.74,2884441
LML,20170503,0.044,0.046,0.04,0.04,313000
LMW,20170503,0.62,0.635,0.6,0.635,10700
LNG,20170503,0.665,0.7,0.655,0.7,998981
LNK,20170503,7.77,7.79,7.67,7.75,1174555
LNU,20170503,0.035,0.035,0.035,0.035,100000
LNY,20170503,0.003,0.003,0.003,0.003,369000
LOM,20170503,0.315,0.315,0.295,0.295,725597
LOV,20170503,3.8,3.86,3.74,3.77,53021
LPD,20170503,0.014,0.014,0.013,0.013,1288535
LPE,20170503,0.021,0.021,0.021,0.021,2201346
LPI,20170503,0.3,0.305,0.29,0.29,66080
LRS,20170503,0.007,0.007,0.006,0.007,44355360
LSH,20170503,0.195,0.21,0.185,0.21,1169095
LTR,20170503,0.013,0.013,0.012,0.012,1942592
LVH,20170503,0.46,0.46,0.445,0.45,278800
LVT,20170503,0.25,0.25,0.25,0.25,35000
LYC,20170503,0.087,0.089,0.085,0.085,9365440
LYL,20170503,3.16,3.16,3.05,3.05,2500
M7T,20170503,0.255,0.255,0.24,0.24,67497
MA1,20170503,0.805,0.805,0.805,0.805,12500
MAH,20170503,0.155,0.155,0.15,0.155,134750
MAI,20170503,0.48,0.485,0.48,0.485,9749
MAQ,20170503,12.8,12.9,12.8,12.9,420
MAT,20170503,0.23,0.23,0.23,0.23,55000
MAU,20170503,0.1,0.1,0.1,0.1,39900
MAY,20170503,0.021,0.021,0.021,0.021,281152
MBE,20170503,0.052,0.055,0.052,0.052,921315
MBK,20170503,0.023,0.023,0.022,0.022,1170000
MCA,20170503,0.058,0.058,0.057,0.057,1253142
MCP,20170503,1.35,1.375,1.34,1.34,102617
MCR,20170503,0.165,0.17,0.165,0.165,315645
MCT,20170503,0.046,0.048,0.046,0.048,742726
MDC,20170503,0.88,0.88,0.87,0.87,6000
MDI,20170503,0.021,0.021,0.021,0.021,549588
MDL,20170503,0.51,0.52,0.51,0.515,138606
MDR,20170503,0.031,0.031,0.031,0.031,136322
MDX,20170503,0.009,0.009,0.009,0.009,100000
MEA,20170503,0.605,0.61,0.595,0.595,62352
MEB,20170503,0.325,0.33,0.325,0.33,34282
MEC,20170503,1.08,1.08,1.065,1.065,50380
MED,20170503,0.013,0.013,0.012,0.013,533222
MEI,20170503,0.012,0.014,0.012,0.014,1456875
MEL,20170503,0.047,0.047,0.047,0.047,20000
MEM,20170503,0.002,0.002,0.002,0.002,2353185
MEU,20170503,0.013,0.014,0.013,0.014,740904
MEY,20170503,0.115,0.115,0.115,0.115,300
MEZ,20170503,2.58,2.63,2.58,2.61,14000
MFD,20170503,1.16,1.2,1.16,1.2,20600
MFF,20170503,1.86,1.865,1.85,1.85,235383
MFG,20170503,23.58,23.83,23.46,23.57,504246
MGC,20170503,0.9,0.93,0.89,0.93,1480835
MGE,20170503,2.82,2.85,2.82,2.84,260340
MGL,20170503,0.038,0.038,0.038,0.038,10000
MGR,20170503,2.35,2.375,2.32,2.33,9235752
MGT,20170503,0.043,0.043,0.043,0.043,50000
MGU,20170503,0.05,0.05,0.05,0.05,300433
MGV,20170503,0.087,0.088,0.083,0.086,327247
MGX,20170503,0.35,0.352,0.33,0.345,1908581
MHG,20170503,2.78,2.78,2.78,2.78,95790
MHI,20170503,0.185,0.185,0.185,0.185,100000
MHJ,20170503,1.22,1.22,1.16,1.18,269357
MIL,20170503,1.68,1.68,1.66,1.66,24900
MIN,20170503,10.6,10.66,10.17,10.2,1080742
MIR,20170503,2.58,2.58,2.52,2.53,216451
MJP,20170503,0.09,0.09,0.09,0.09,5000
MLA,20170503,0.066,0.067,0.066,0.067,303000
MLB,20170503,2.18,2.43,2.18,2.39,179316
MLD,20170503,1.75,1.765,1.68,1.7,144286
MLM,20170503,0.062,0.062,0.06,0.06,466313
MLS,20170503,0.006,0.006,0.006,0.006,150000
MLT,20170503,4.46,4.46,4.44,4.44,204453
MLX,20170503,0.745,0.795,0.745,0.795,2307887
MMI,20170503,0.14,0.14,0.135,0.135,357294
MMJ,20170503,0.495,0.53,0.49,0.495,3596118
MML,20170503,0.365,0.375,0.36,0.37,309861
MMR,20170503,0.027,0.027,0.027,0.027,100000
MMS,20170503,13.89,13.89,13.615,13.65,211650
MNB,20170503,0.006,0.006,0.006,0.006,500000
MNC,20170503,0.063,0.063,0.063,0.063,42086
MND,20170503,12.75,12.93,12.73,12.87,317079
MNE,20170503,0.02,0.02,0.02,0.02,535000
MNF,20170503,4.46,4.49,4.43,4.47,27496
MNM,20170503,0.009,0.009,0.008,0.008,7810000
MNS,20170503,0.66,0.66,0.645,0.645,1002357
MNY,20170503,1.46,1.5,1.435,1.435,265722
MOAT,20170503,51,51.17,50.97,51.17,941
MOB,20170503,0.205,0.205,0.19,0.195,268935
MOC,20170503,2.3,2.3,2.28,2.3,38473
MOD,20170503,0.05,0.052,0.049,0.051,3665796
MOE,20170503,3.12,3.2,3.12,3.16,100720
MOT,20170503,0.042,0.044,0.042,0.044,15000
MOX,20170503,0.009,0.01,0.009,0.01,888275
MOY,20170503,0.205,0.205,0.2,0.2,807752
MP1,20170503,1.95,1.97,1.9,1.9,100569
MPL,20170503,2.94,2.97,2.925,2.96,8814356
MPO,20170503,0.15,0.15,0.15,0.15,13429
MQA,20170503,5.65,5.73,5.6,5.65,4193977
MQG,20170503,92.05,93.1,91.42,91.54,1107496
MQR,20170503,0.205,0.205,0.185,0.19,302694
MRC,20170503,0.12,0.12,0.12,0.12,2500
MRD,20170503,0.01,0.01,0.01,0.01,1628092
MRG,20170503,1.07,1.07,1,1.035,148763
MRM,20170503,0.22,0.225,0.22,0.22,237828
MRP,20170503,0.205,0.22,0.205,0.22,45363
MRQ,20170503,0.012,0.012,0.012,0.012,555912
MSB,20170503,3.13,3.19,3.13,3.14,776806
MSG,20170503,0.02,0.02,0.02,0.02,415000
MSM,20170503,0.205,0.215,0.205,0.21,146130
MSP,20170503,0.028,0.03,0.027,0.027,14556563
MSR,20170503,0.004,0.004,0.004,0.004,1500000
MSV,20170503,0.03,0.031,0.03,0.031,1650803
MTB,20170503,0.007,0.007,0.006,0.007,787179
MTC,20170503,0.215,0.215,0.19,0.21,697499
MTH,20170503,0.005,0.005,0.005,0.005,600000
MTL,20170503,0.019,0.019,0.019,0.019,10000
MTM,20170503,0.265,0.265,0.265,0.265,15000
MTO,20170503,3.76,3.83,3.75,3.8,11165
MTR,20170503,2.92,3.07,2.92,3.04,3629129
MTS,20170503,2.27,2.27,2.19,2.2,2656831
MUA,20170503,0.92,0.92,0.89,0.9,286657
MUS,20170503,0.041,0.043,0.038,0.04,26036174
MVA,20170503,21.21,21.24,21.21,21.24,885
MVB,20170503,29.66,29.66,29.2,29.2,4024
MVE,20170503,25.39,25.39,25.22,25.24,5537
MVF,20170503,2.08,2.12,2.07,2.08,673045
MVP,20170503,4.96,4.97,4.89,4.95,12322
MVS,20170503,18.51,18.51,18.42,18.42,3505
MVT,20170503,0.155,0.155,0.155,0.155,16186
MVW,20170503,26.3,26.34,26.1,26.1,22938
MWY,20170503,2.39,2.42,2.37,2.4,32750
MX1,20170503,0.38,0.38,0.38,0.38,1009
MXC,20170503,0.06,0.061,0.058,0.058,2813697
MXI,20170503,0.685,0.71,0.685,0.71,101319
MXR,20170503,0.002,0.002,0.001,0.002,1153383
MYE,20170503,0.32,0.36,0.32,0.36,50600
MYO,20170503,3.54,3.57,3.5,3.55,1509323
MYQ,20170503,0.05,0.05,0.05,0.05,116501
MYR,20170503,1.13,1.135,1.09,1.09,5423910
MYS,20170503,4.69,4.69,4.55,4.62,148219
MYX,20170503,1.26,1.26,1.182,1.205,16556517
MZI,20170503,0.235,0.235,0.235,0.235,22564
MZN,20170503,0.011,0.011,0.01,0.01,382972
MZZ,20170503,0.23,0.23,0.23,0.23,20000
NAB,20170503,33.94,33.94,33.02,33.09,6865649
NAE,20170503,0.016,0.017,0.016,0.017,272596
NAG,20170503,0.066,0.066,0.065,0.065,807005
NAN,20170503,3.19,3.25,3.14,3.15,938853
NCC,20170503,1.38,1.39,1.38,1.39,25767
NCK,20170503,7.28,7.38,7.1,7.12,313130
NCL,20170503,0.05,0.05,0.05,0.05,161500
NCM,20170503,21.04,21.27,20.83,20.99,2813841
NDO,20170503,0.035,0.04,0.035,0.04,120800
NDQ,20170503,12.95,13,12.94,13,56346
NEA,20170503,0.49,0.5,0.485,0.495,490970
NEC,20170503,1.265,1.335,1.26,1.325,3741579
NEU,20170503,0.069,0.069,0.068,0.068,689212
NGE,20170503,0.4,0.415,0.38,0.415,42292
NHC,20170503,1.68,1.71,1.68,1.71,109852
NHF,20170503,6.1,6.24,6.09,6.21,536408
NHL,20170503,0.028,0.029,0.028,0.029,40291
NIU,20170503,0.003,0.003,0.003,0.003,1000000
NMI,20170503,0.015,0.015,0.015,0.015,40000
NML,20170503,0.035,0.035,0.035,0.035,100000
NMT,20170503,0.27,0.28,0.27,0.275,634212
NNW,20170503,0.097,0.097,0.096,0.096,6000
NOR,20170503,0.017,0.017,0.016,0.017,1299633
NOV,20170503,0.155,0.155,0.155,0.155,50000
NOX,20170503,0.38,0.38,0.355,0.355,292938
NRT,20170503,0.06,0.06,0.056,0.056,460022
NSL,20170503,0.03,0.031,0.029,0.029,1749206
NSR,20170503,1.48,1.485,1.465,1.47,952322
NST,20170503,4.26,4.35,4.23,4.31,4573155
NTC,20170503,1.365,1.375,1.355,1.37,400658
NTI,20170503,0.195,0.2,0.18,0.2,209250
NTL,20170503,0.005,0.005,0.005,0.005,3652679
NTM,20170503,0.069,0.069,0.069,0.069,7500
NTU,20170503,0.125,0.125,0.12,0.125,688064
NUF,20170503,10.32,10.37,10.14,10.23,820154
NUH,20170503,0.065,0.073,0.065,0.073,3373901
NVL,20170503,2.64,2.64,2.57,2.57,48661
NVT,20170503,4.63,4.71,4.625,4.68,843899
NWE,20170503,0.004,0.004,0.004,0.004,622398
NWF,20170503,0.43,0.435,0.43,0.435,20000
NWH,20170503,0.54,0.545,0.53,0.53,753863
NWS,20170503,17.24,17.28,17.15,17.22,86627
NWZ,20170503,0.003,0.003,0.003,0.003,1334665
NXT,20170503,4.28,4.4,4.28,4.36,1275019
NZC,20170503,0.22,0.235,0.22,0.225,216004
NZK,20170503,1.25,1.25,1.25,1.25,5000
NZM,20170503,0.75,0.75,0.715,0.715,1704216
OAR,20170503,0.058,0.058,0.058,0.058,10000
OBJ,20170503,0.061,0.061,0.058,0.059,1961437
OCC,20170503,0.425,0.425,0.42,0.42,12058
ODY,20170503,0.061,0.062,0.061,0.062,203000
OEC,20170503,0.47,0.47,0.45,0.455,59422
OEL,20170503,0.029,0.029,0.029,0.029,340854
OEX,20170503,0.007,0.007,0.007,0.007,200000
OFX,20170503,1.45,1.45,1.425,1.445,652207
OGC,20170503,4.37,4.46,4.34,4.44,649817
OGX,20170503,0.052,0.052,0.049,0.049,526470
OHE,20170503,1.285,1.285,1.285,1.285,4
OIL,20170503,0.105,0.105,0.1,0.1,353000
OKU,20170503,0.235,0.235,0.23,0.23,913637
OLV,20170503,0.032,0.034,0.032,0.034,57658
OML,20170503,4.55,4.65,4.485,4.49,242006
ONE,20170503,4.99,4.99,4.95,4.95,42774
ONT,20170503,7.05,7.1,7,7,2664
OOK,20170503,0.017,0.017,0.016,0.016,400000
OOO,20170503,14.06,14.06,13.87,13.9,51810
OPN,20170503,0.155,0.155,0.15,0.15,33000
OPT,20170503,0.91,0.93,0.91,0.93,56715
ORA,20170503,2.96,2.96,2.78,2.9,16566867
ORE,20170503,3.2,3.49,3.12,3.43,2729805
ORG,20170503,7.35,7.54,7.35,7.53,8686860
ORI,20170503,18.6,18.76,18.34,18.42,781174
ORL,20170503,1.425,1.425,1.425,1.425,1930
ORN,20170503,0.024,0.024,0.024,0.024,20262
ORR,20170503,0.45,0.45,0.445,0.45,59817
OSH,20170503,7.11,7.26,7.1,7.23,5556792
OSL,20170503,0.125,0.125,0.115,0.115,1278883
OSP,20170503,0.44,0.44,0.43,0.43,142449
OTW,20170503,2,2,2,2,2124
OVH,20170503,0.54,0.54,0.53,0.535,156892
OVL,20170503,0.014,0.014,0.013,0.014,2287731
OVN,20170503,0.44,0.44,0.44,0.44,1500
OVR,20170503,0.012,0.012,0.009,0.01,16528061
OZF,20170503,21.9,21.9,21.9,21.9,550
OZL,20170503,6.94,6.99,6.74,6.79,2632310
OZR,20170503,8.23,8.23,8.23,8.23,1887
PAA,20170503,0.059,0.059,0.056,0.056,1286200
PAC,20170503,5.68,5.94,5.6,5.94,216805
PAF,20170503,1.005,1.01,1.005,1.01,114325
PAI,20170503,1,1.005,1,1,233435
PAK,20170503,0.07,0.07,0.063,0.063,1098655
PAN,20170503,0.28,0.285,0.26,0.27,629565
PBP,20170503,0.48,0.48,0.48,0.48,7942
PBT,20170503,0.064,0.064,0.058,0.058,22087
PCH,20170503,0.008,0.009,0.008,0.009,3008384
PDI,20170503,0.009,0.009,0.009,0.009,1198462
PDZ,20170503,0.5,0.52,0.5,0.5,470186
PEA,20170503,0.68,0.68,0.64,0.64,456564
PEK,20170503,0.087,0.087,0.085,0.085,166421
PEN,20170503,0.37,0.375,0.35,0.36,247492
PEP,20170503,2.9,2.92,2.75,2.78,120992
PEX,20170503,0.22,0.22,0.2,0.2,161112
PFG,20170503,0.115,0.115,0.115,0.115,147824
PGC,20170503,0.72,0.74,0.7,0.72,308189
PGF,20170503,1.06,1.06,1.045,1.05,565592
PGH,20170503,6.7,6.75,6.45,6.6,3787288
PGI,20170503,0.062,0.062,0.062,0.062,12577
PGM,20170503,0.099,0.099,0.096,0.096,405469
PGO,20170503,0.058,0.058,0.057,0.057,87566
PGR,20170503,0.6,0.6,0.58,0.6,13882
PGS,20170503,0.015,0.015,0.014,0.014,256806
PHG,20170503,0.465,0.465,0.465,0.465,40594
PIC,20170503,1.015,1.02,1.01,1.01,263923
PIL,20170503,0.01,0.01,0.01,0.01,316109
PIO,20170503,0.021,0.022,0.021,0.021,2725766
PIQ,20170503,0.18,0.18,0.18,0.18,19500
PLG,20170503,0.805,0.805,0.795,0.805,441266
PLH,20170503,0.225,0.225,0.225,0.225,4000
PLS,20170503,0.41,0.415,0.38,0.4,13943141
PMC,20170503,1.57,1.585,1.565,1.58,283410
PME,20170503,5.5,5.51,5.49,5.5,59601
PMP,20170503,0.655,0.675,0.655,0.655,38469
PMV,20170503,13.3,13.38,13.12,13.18,240841
PMY,20170503,0.006,0.006,0.006,0.006,2992454
PNC,20170503,2.11,2.11,2.08,2.11,85165
PNI,20170503,2.32,2.32,2.31,2.31,32213
PNL,20170503,0.46,0.485,0.44,0.475,357536
PNN,20170503,0.027,0.027,0.024,0.025,3520335
PNR,20170503,0.195,0.2,0.195,0.195,589375
PNV,20170503,0.225,0.23,0.225,0.23,186234
PNX,20170503,0.017,0.018,0.016,0.016,908960
POH,20170503,0.015,0.015,0.014,0.015,709610
POP,20170503,0.014,0.014,0.014,0.014,500000
POS,20170503,0.028,0.03,0.028,0.028,1815241
POU,20170503,16.96,17.05,16.96,17.04,3903
POW,20170503,0.035,0.035,0.035,0.035,33166
POZ,20170503,0.026,0.026,0.026,0.026,81243
PPC,20170503,1.235,1.235,1.19,1.23,182465
PPL,20170503,0.41,0.41,0.41,0.41,24000
PPS,20170503,0.405,0.405,0.4,0.405,3042442
PPT,20170503,53.7,54.17,53.01,53.13,167384
PPY,20170503,0.006,0.006,0.006,0.006,38900
PRG,20170503,1.73,1.775,1.725,1.745,381018
PRL,20170503,0.039,0.04,0.037,0.039,7347872
PRR,20170503,0.033,0.033,0.031,0.031,316719
PRT,20170503,0.3,0.305,0.3,0.3,374923
PRU,20170503,0.285,0.295,0.28,0.285,4377782
PRY,20170503,3.42,3.58,3.42,3.56,2855281
PSA,20170503,0.14,0.15,0.13,0.15,114618
PSC,20170503,0.026,0.026,0.024,0.026,3381000
PSI,20170503,1.92,2,1.92,2,70914
PSM,20170503,0.02,0.02,0.02,0.02,200000
PSQ,20170503,1.97,1.98,1.95,1.96,42323
PSY,20170503,0.048,0.048,0.045,0.046,165776
PSZ,20170503,0.28,0.3,0.28,0.3,59289
PTB,20170503,0.55,0.55,0.55,0.55,50562
PTL,20170503,0.66,0.665,0.66,0.665,16292
PTM,20170503,4.42,4.42,4.28,4.31,1456275
PTX,20170503,0.092,0.096,0.092,0.096,12038
PUN,20170503,0.061,0.061,0.061,0.061,150000
PVA,20170503,2.42,2.42,2.21,2.22,15350
PVD,20170503,0.035,0.035,0.035,0.035,5775
PVL,20170503,0.72,0.72,0.72,0.72,36315
PWH,20170503,2.1,2.12,2.03,2.06,140755
PWN,20170503,0.012,0.012,0.012,0.012,647204
PXS,20170503,0.265,0.265,0.26,0.26,62068
PYC,20170503,0.044,0.045,0.044,0.044,2434536
QAN,20170503,4.36,4.42,4.34,4.36,18736247
QAU,20170503,13.03,13.14,13.03,13.14,2593
QBE,20170503,12.72,13.075,12.72,12.98,4889107
QBL,20170503,0.021,0.021,0.018,0.019,33394220
QFN,20170503,12.37,12.37,12.28,12.28,503
QFY,20170503,0.079,0.079,0.075,0.075,695792
QHL,20170503,0.115,0.115,0.11,0.11,567101
QIN,20170503,1.13,1.135,1.085,1.1,517600
QIP,20170503,1.82,1.82,1.81,1.815,41121
QMIX,20170503,16.74,16.74,16.74,16.74,0
QMS,20170503,1.1,1.105,1.095,1.105,60662
QNL,20170503,0.025,0.025,0.025,0.025,92000
QOZ,20170503,13.46,13.46,13.29,13.29,17898
QRE,20170503,4.54,4.54,4.52,4.52,17900
QTM,20170503,0.018,0.018,0.018,0.018,7600
QUAL,20170503,20.96,21.06,20.96,20.99,14069
QUB,20170503,2.66,2.67,2.64,2.65,2173914
QUR,20170503,0.012,0.012,0.012,0.012,303000
QUS,20170503,30.76,30.88,30.73,30.88,5799
QVE,20170503,1.25,1.255,1.25,1.255,159487
RAC,20170503,0.2,0.21,0.2,0.2,55000
RAN,20170503,0.63,0.665,0.57,0.585,1010960
RAP,20170503,0.315,0.32,0.305,0.305,1029526
RARI,20170503,25.82,25.82,25.76,25.76,532
RAW,20170503,0.045,0.045,0.044,0.044,235083
RBL,20170503,0.77,0.79,0.77,0.79,127540
RBO,20170503,0.07,0.071,0.069,0.069,483873
RBR,20170503,0.005,0.005,0.004,0.004,5000000
RCB,20170503,20.39,20.4,20.32,20.32,51084
RCG,20170503,0.7,0.715,0.66,0.68,6249492
RCP,20170503,0.003,0.003,0.002,0.002,1166667
RCR,20170503,3.24,3.27,3.18,3.24,319159
RCT,20170503,3.49,3.55,3.49,3.55,2500
RDH,20170503,1.1,1.1,1.1,1.1,5906
RDM,20170503,0.165,0.165,0.155,0.16,299864
RDS,20170503,0.012,0.012,0.011,0.012,2125000
RDV,20170503,31.35,31.35,31,31.07,9944
REA,20170503,62.6,64.58,62.26,64.23,312787
RED,20170503,0.038,0.038,0.037,0.037,1183974
REF,20170503,0.096,0.096,0.096,0.096,26727
REG,20170503,4.35,4.45,4.34,4.38,592096
REH,20170503,40.7,40.99,40.5,40.5,6740
RES,20170503,0.075,0.075,0.073,0.073,79075
REX,20170503,0.98,0.98,0.98,0.98,5000
REY,20170503,0.125,0.125,0.125,0.125,3000
RFF,20170503,1.825,1.83,1.8,1.805,370277
RFG,20170503,5.52,5.57,5.5,5.55,678870
RFL,20170503,0.165,0.165,0.165,0.165,3000
RFN,20170503,0.016,0.019,0.016,0.019,179789
RFT,20170503,0.014,0.014,0.014,0.014,25000
RFX,20170503,0.18,0.18,0.175,0.18,232781
RGI,20170503,0.28,0.29,0.265,0.29,375685
RGS,20170503,0.125,0.14,0.125,0.14,51346
RHC,20170503,69.93,70.89,69.925,70.45,801342
RHL,20170503,2.92,2.94,2.89,2.94,933796
RHP,20170503,0.44,0.44,0.44,0.44,52700
RHS,20170503,0.14,0.155,0.135,0.135,151362
RIC,20170503,1.435,1.45,1.43,1.44,136329
RIM,20170503,0.028,0.028,0.028,0.028,350000
RIO,20170503,59.69,59.89,58.88,59.39,1919827
RIR,20170503,0.023,0.024,0.022,0.023,47391511
RKN,20170503,1.585,1.655,1.585,1.62,16615
RLC,20170503,0.024,0.024,0.024,0.024,99999
RMD,20170503,9.26,9.31,9.22,9.28,2485830
RMR,20170503,0.048,0.048,0.048,0.048,146276
RMS,20170503,0.38,0.41,0.38,0.39,1718525
RMT,20170503,0.003,0.003,0.003,0.003,499999
RMX,20170503,0.028,0.029,0.026,0.026,2639613
RNE,20170503,0.011,0.011,0.011,0.011,3963320
RNI,20170503,0.072,0.072,0.072,0.072,96572
RNL,20170503,0.005,0.005,0.005,0.005,1000000
RNT,20170503,0.079,0.079,0.077,0.077,75000
RNU,20170503,0.021,0.021,0.021,0.021,200000
ROG,20170503,0.006,0.006,0.006,0.006,910
RRL,20170503,3.27,3.31,3.19,3.22,2130334
RSG,20170503,1.175,1.205,1.165,1.165,8182425
RSM,20170503,20.63,20.63,20.57,20.57,10657
RTG,20170503,0.18,0.18,0.175,0.175,559882
RUL,20170503,0.585,0.6,0.585,0.6,11217
RVA,20170503,0.9,0.935,0.875,0.935,27260
RVR,20170503,0.182,0.182,0.17,0.175,1996991
RVY,20170503,0.026,0.026,0.026,0.026,425000
RWC,20170503,3.09,3.13,3.07,3.08,1106282
RWD,20170503,0.35,0.36,0.34,0.36,8851
RXL,20170503,0.016,0.016,0.016,0.016,875818
RXM,20170503,0.058,0.058,0.058,0.058,7780
RXP,20170503,0.85,0.85,0.775,0.775,461094
S2R,20170503,0.165,0.167,0.16,0.16,403895
S32,20170503,2.73,2.76,2.71,2.72,22709178
SAR,20170503,0.925,0.96,0.91,0.91,5728670
SAS,20170503,0.22,0.225,0.21,0.22,9518659
SAU,20170503,0.29,0.29,0.28,0.28,6000
SBB,20170503,0.011,0.012,0.011,0.012,50000
SBM,20170503,2.72,2.82,2.705,2.76,3161188
SBU,20170503,0.005,0.005,0.005,0.005,140000
SCG,20170503,4.44,4.44,4.36,4.39,13867921
SCI,20170503,0.022,0.022,0.02,0.02,37566
SCO,20170503,2.65,2.7,2.6,2.67,214724
SCP,20170503,2.38,2.38,2.335,2.36,1229953
SCU,20170503,0.145,0.16,0.13,0.13,1853577
SDA,20170503,3.89,3.9,3.81,3.84,655611
SDF,20170503,2.77,2.78,2.745,2.77,2560949
SDG,20170503,1.735,1.74,1.725,1.725,9087
SDI,20170503,0.64,0.66,0.64,0.66,212100
SDL,20170503,0.004,0.004,0.004,0.004,273200
SDV,20170503,0.013,0.013,0.013,0.013,763183
SE1,20170503,0.38,0.395,0.36,0.395,596468
SEA,20170503,0.1,0.1,0.098,0.098,1844427
SEG,20170503,0.039,0.045,0.039,0.04,1178831
SEH,20170503,0.095,0.095,0.093,0.093,675865
SEK,20170503,17.2,17.69,17.04,17.6,1815797
SEN,20170503,0.093,0.094,0.091,0.092,1156444
SER,20170503,0.013,0.013,0.013,0.013,12000
SES,20170503,0.091,0.091,0.091,0.091,150000
SFC,20170503,6.75,6.89,6.75,6.89,402
SFG,20170503,0.078,0.078,0.075,0.075,1682684
SFH,20170503,0.515,0.515,0.505,0.505,120278
SFI,20170503,0.085,0.088,0.085,0.087,778786
SFR,20170503,5.67,5.78,5.63,5.75,1008664
SFX,20170503,0.58,0.59,0.58,0.58,90218
SFY,20170503,56.11,56.11,55.61,55.68,5905
SGC,20170503,0.076,0.076,0.075,0.075,569943
SGF,20170503,3.65,3.66,3.59,3.66,160376
SGH,20170503,0.094,0.094,0.09,0.091,391865
SGM,20170503,12.43,12.49,12.15,12.31,814168
SGP,20170503,4.98,4.98,4.875,4.92,11209877
SGQ,20170503,0.145,0.15,0.145,0.15,172658
SGR,20170503,5.35,5.44,5.27,5.44,7627090
SGU,20170503,0.047,0.047,0.047,0.047,50000
SHJ,20170503,0.535,0.535,0.515,0.515,722410
SHL,20170503,22.36,22.68,22.33,22.61,650825
SHM,20170503,1.355,1.38,1.35,1.38,98034
SHO,20170503,0.041,0.041,0.04,0.04,58751
SHV,20170503,5.17,5.2,5.03,5.05,550757
SIH,20170503,0.013,0.013,0.013,0.013,100000
SIO,20170503,0.34,0.34,0.34,0.34,45000
SIP,20170503,1.29,1.327,1.285,1.31,3347258
SIQ,20170503,6.56,6.94,6.56,6.69,540232
SIV,20170503,7.55,7.55,7.43,7.45,30675
SKB,20170503,0.63,0.63,0.63,0.63,6537
SKC,20170503,4.02,4.05,4,4.03,930754
SKF,20170503,0.073,0.073,0.07,0.07,40500
SKI,20170503,2.54,2.57,2.52,2.52,10529937
SKT,20170503,3.44,3.44,3.32,3.35,617354
SLC,20170503,2.46,2.53,2.45,2.52,172566
SLF,20170503,13.45,13.45,13.28,13.33,27760
SLK,20170503,4.34,4.37,4.27,4.29,34565
SLM,20170503,0.52,0.54,0.52,0.54,3525
SLR,20170503,0.46,0.505,0.45,0.505,5648943
SLX,20170503,0.45,0.45,0.42,0.435,142880
SMA,20170503,0.01,0.01,0.01,0.01,3782365
SMD,20170503,0.015,0.016,0.015,0.015,1329770
SMI,20170503,0.038,0.038,0.037,0.037,148533
SMN,20170503,1.205,1.235,1.185,1.2,79653
SMP,20170503,0.19,0.19,0.19,0.19,168316
SMX,20170503,1.59,1.6,1.585,1.585,44871
SNC,20170503,1.04,1.05,1.04,1.05,130698
SND,20170503,0.525,0.57,0.525,0.57,79000
SNZ,20170503,4.66,4.66,4.66,4.66,50000
SO4,20170503,0.445,0.45,0.44,0.45,98115
SOL,20170503,18.9,18.98,18.59,18.9,94839
SOM,20170503,3.05,3.15,3.05,3.15,42999
SOR,20170503,0.074,0.074,0.07,0.07,29384
SPI,20170503,0.14,0.14,0.14,0.14,112069
SPK,20170503,3.43,3.43,3.4,3.42,995330
SPL,20170503,0.735,0.775,0.735,0.76,344791
SPO,20170503,1.07,1.085,1.06,1.08,8285340
SPQ,20170503,0.006,0.007,0.006,0.007,447212
SPY,20170503,317.57,317.57,317.57,317.57,32
SPZ,20170503,0.245,0.25,0.24,0.25,113200
SRF,20170503,0.125,0.125,0.125,0.125,170979
SRG,20170503,1.35,1.35,1.33,1.33,9859
SRI,20170503,0.015,0.015,0.014,0.014,1596947
SRK,20170503,0.047,0.047,0.045,0.045,196126
SRN,20170503,0.002,0.002,0.001,0.001,1750000
SRO,20170503,0.008,0.008,0.007,0.007,6137951
SRS,20170503,0.026,0.026,0.025,0.026,60968
SRV,20170503,5.93,5.99,5.87,5.97,71761
SRX,20170503,16,16.23,15.7,16.12,372055
SRY,20170503,0.035,0.035,0.032,0.035,66135
SRZ,20170503,0.025,0.025,0.023,0.025,632853
SSG,20170503,0.65,0.68,0.65,0.65,45520
SSM,20170503,1.175,1.205,1.175,1.185,599328
SSN,20170503,0.003,0.003,0.003,0.003,5000
ST1,20170503,0.155,0.155,0.155,0.155,95346
STA,20170503,0.007,0.007,0.007,0.007,3731920
STL,20170503,0.027,0.027,0.026,0.026,547698
STO,20170503,3.54,3.665,3.53,3.63,62146173
STW,20170503,55.75,55.85,55.23,55.32,69190
STX,20170503,0.083,0.083,0.081,0.081,397147
SUD,20170503,0.02,0.02,0.02,0.02,54002
SUH,20170503,0.11,0.11,0.11,0.11,100000
SUL,20170503,9.67,9.67,9.39,9.5,1067732
SUM,20170503,0.018,0.018,0.018,0.018,100000
SUN,20170503,14.09,14.12,14.03,14.09,7364833
SUR,20170503,0.005,0.005,0.005,0.005,32000
SVA,20170503,0.061,0.063,0.06,0.06,369430
SVL,20170503,0.13,0.145,0.13,0.14,937500
SVM,20170503,0.099,0.1,0.099,0.1,115445
SVW,20170503,11.45,11.48,11.2,11.26,234402
SWJ,20170503,0.027,0.027,0.026,0.026,3691392
SWK,20170503,0.28,0.28,0.28,0.28,120863
SWL,20170503,1.16,1.16,1.15,1.15,24920
SWM,20170503,0.745,0.755,0.74,0.75,2141868
SXE,20170503,0.48,0.48,0.475,0.475,11867
SXL,20170503,1.37,1.382,1.345,1.37,1312436
SXX,20170503,0.007,0.007,0.007,0.007,100333
SXY,20170503,0.295,0.295,0.28,0.29,3229042
SYA,20170503,0.02,0.024,0.02,0.021,2509785
SYD,20170503,7.09,7.125,7,7.05,6166732
SYI,20170503,30.32,30.32,30.02,30.02,10171
SYR,20170503,2.49,2.555,2.405,2.46,1788845
SYT,20170503,0.028,0.03,0.028,0.029,1283126
T3D,20170503,0.009,0.009,0.009,0.009,1014396
TAH,20170503,4.82,4.84,4.78,4.79,2520329
TAM,20170503,0.056,0.059,0.056,0.059,218814
TAP,20170503,0.072,0.073,0.072,0.073,624795
TAS,20170503,0.18,0.18,0.16,0.18,593293
TAW,20170503,0.25,0.25,0.235,0.24,1888676
TBH,20170503,0.14,0.16,0.14,0.155,847604
TCH,20170503,1.48,1.5,1.47,1.5,24027
TCL,20170503,12.41,12.45,12.25,12.32,5990700
TCN,20170503,0.063,0.063,0.062,0.062,121000
TDL,20170503,0.16,0.16,0.16,0.16,9899
TDO,20170503,0.04,0.04,0.04,0.04,20000
TEK,20170503,0.225,0.23,0.225,0.23,30077
TEN,20170503,0.25,0.255,0.24,0.245,4170983
TER,20170503,0.034,0.034,0.033,0.033,4399278
TEX,20170503,0.001,0.002,0.001,0.001,1877000
TFL,20170503,0.17,0.175,0.17,0.175,300000
TGA,20170503,1.29,1.3,1.275,1.28,649008
TGG,20170503,1.33,1.33,1.327,1.33,188013
TGH,20170503,1.065,1.095,1.06,1.095,10829
TGN,20170503,0.03,0.03,0.03,0.03,810000
TGP,20170503,0.955,0.97,0.94,0.965,61336
TGR,20170503,4.55,4.63,4.49,4.55,551827
TGZ,20170503,0.655,0.69,0.64,0.685,47320
THD,20170503,0.031,0.033,0.029,0.031,24382755
THX,20170503,0.054,0.054,0.053,0.053,74287
TIA,20170503,0.94,0.945,0.94,0.945,14530
TIG,20170503,0.044,0.044,0.044,0.044,7500
TIL,20170503,2.35,2.35,2.35,2.35,520
TKF,20170503,0.032,0.032,0.032,0.032,7693
TKL,20170503,0.019,0.019,0.019,0.019,500000
TKM,20170503,0.04,0.04,0.04,0.04,56851
TLG,20170503,0.62,0.675,0.61,0.65,836403
TLM,20170503,0.31,0.315,0.295,0.31,161992
TLS,20170503,4.23,4.27,4.2,4.27,31943624
TME,20170503,4.99,5.015,4.96,5.01,510883
TMT,20170503,0.215,0.215,0.21,0.215,151490
TMX,20170503,0.01,0.011,0.01,0.011,958181
TND,20170503,0.057,0.057,0.051,0.051,242336
TNE,20170503,5.38,5.46,5.36,5.45,790612
TNG,20170503,0.15,0.155,0.15,0.15,81254
TNK,20170503,2.1,2.1,2.06,2.06,16870
TNP,20170503,0.005,0.005,0.005,0.005,95000
TNR,20170503,0.135,0.135,0.115,0.135,19000
TNT,20170503,0.078,0.078,0.078,0.078,30000
TNY,20170503,0.87,0.87,0.845,0.87,18012
TOE,20170503,0.035,0.035,0.035,0.035,124793
TOP,20170503,0.68,0.68,0.64,0.66,164796
TOU,20170503,0.115,0.115,0.105,0.11,390181
TOX,20170503,2.25,2.27,2.22,2.24,170059
TPC,20170503,0.67,0.67,0.67,0.67,5000
TPE,20170503,2.14,2.14,2.14,2.14,15009
TPM,20170503,5.7,5.97,5.68,5.87,3724355
TPP,20170503,0.18,0.185,0.175,0.175,355958
TPS,20170503,0.026,0.026,0.026,0.026,250000
TPW,20170503,0.155,0.16,0.155,0.16,35000
TRL,20170503,0.034,0.034,0.031,0.031,155160
TRS,20170503,4.18,4.18,4.05,4.09,296809
TRT,20170503,0.17,0.17,0.165,0.17,176643
TRY,20170503,0.11,0.11,0.095,0.096,11992472
TSN,20170503,0.013,0.014,0.013,0.013,3401091
TSV,20170503,0.009,0.009,0.008,0.009,960194
TTC,20170503,0.35,0.35,0.35,0.35,1000
TTI,20170503,0.039,0.04,0.039,0.04,76377
TTS,20170503,4.37,4.38,4.33,4.36,3305934
TUP,20170503,0.06,0.06,0.06,0.06,30000
TV2,20170503,0.008,0.008,0.007,0.008,5760406
TWD,20170503,4.03,4.06,4.01,4.01,27649
TWE,20170503,12.6,12.65,12.45,12.48,1492846
TWR,20170503,1.12,1.12,1.1,1.1,22000
TYK,20170503,0.006,0.006,0.006,0.006,100000
TYX,20170503,0.027,0.027,0.027,0.027,70000
TZL,20170503,0.039,0.04,0.039,0.04,130000
TZN,20170503,0.2,0.205,0.19,0.19,89628
UBA,20170503,20.11,20.11,20.11,20.11,8
UBE,20170503,20.52,20.64,20.52,20.64,889
UBI,20170503,0.405,0.425,0.405,0.425,14389
UBJ,20170503,21.22,21.22,21.22,21.22,14
UBN,20170503,0.083,0.083,0.081,0.081,57876
UBW,20170503,22.6,22.67,22.6,22.66,3366
UCW,20170503,0.039,0.039,0.039,0.039,75000
UEQ,20170503,0.009,0.009,0.009,0.009,19000
UMAX,20170503,17.74,17.79,17.7,17.78,3260
UNL,20170503,0.125,0.135,0.125,0.135,103400
UOS,20170503,0.635,0.635,0.625,0.625,13000
UPD,20170503,0.665,0.665,0.655,0.66,122135
URB,20170503,1.075,1.09,1.075,1.085,30400
URF,20170503,1.97,1.97,1.97,1.97,13262
USD,20170503,12.91,12.99,12.91,12.99,48541
USF,20170503,2.24,2.24,2.24,2.24,12934
USG,20170503,2.23,2.23,2.23,2.23,3590
UTR,20170503,0.028,0.028,0.028,0.028,212500
UUV,20170503,0.18,0.185,0.17,0.175,761595
VAE,20170503,58.54,58.83,58.43,58.83,3928
VAF,20170503,48.86,48.86,48.8,48.86,19005
VAH,20170503,0.19,0.19,0.185,0.185,329570
VAL,20170503,0.009,0.01,0.009,0.01,555517
VAP,20170503,83.78,83.79,82.5,82.79,12359
VAR,20170503,0.016,0.017,0.016,0.017,604882
VAS,20170503,75.34,75.47,74.63,74.82,44061
VBS,20170503,1.62,1.65,1.62,1.65,3900
VCF,20170503,50.03,50.06,49.92,50.06,3475
VCX,20170503,2.94,2.95,2.88,2.9,13372250
VEC,20170503,0.005,0.005,0.005,0.005,399967
VEQ,20170503,51.36,51.86,51.36,51.8,3033
VEU,20170503,65.18,66.29,65.18,65.66,22981
VGAD,20170503,61,61.29,61,61.18,19745
VGB,20170503,49.25,49.25,49.18,49.24,1730
VGE,20170503,60.43,60.71,60.23,60.67,3777
VGL,20170503,5.4,5.4,5.4,5.4,3000
VGS,20170503,61.51,61.93,61.51,61.88,22364
VHT,20170503,0.33,0.34,0.32,0.34,114215
VHY,20170503,63.26,63.26,62.53,62.74,14848
VIF,20170503,49.5,49.53,49.37,49.42,4262
VIV,20170503,0.047,0.049,0.046,0.046,244842
VKA,20170503,0.017,0.017,0.017,0.017,40000
VLA,20170503,1.07,1.07,1.055,1.07,24829
VLC,20170503,62.76,62.76,62.76,62.76,585
VLT,20170503,0.031,0.031,0.03,0.03,984094
VLW,20170503,2.33,2.35,2.31,2.32,118789
VMC,20170503,0.13,0.13,0.13,0.13,1000
VMG,20170503,0.001,0.001,0.001,0.001,1276435
VML,20170503,0.013,0.013,0.013,0.013,1977684
VMS,20170503,0.026,0.026,0.025,0.025,28751
VMT,20170503,0.064,0.064,0.064,0.064,21556
VMX,20170503,0.125,0.145,0.125,0.145,59818
VMY,20170503,0.2,0.2,0.2,0.2,428
VOC,20170503,2.45,2.6,2.35,2.44,49796786
VPC,20170503,0.017,0.017,0.015,0.017,638066
VRC,20170503,0.031,0.031,0.03,0.03,1173965
VRI,20170503,0.035,0.035,0.034,0.034,195027
VRL,20170503,3.61,3.65,3.56,3.59,120358
VRM,20170503,0.034,0.035,0.034,0.034,802277
VRS,20170503,0.135,0.135,0.115,0.115,1609774
VRT,20170503,5.95,6.33,5.86,6.18,562090
VRX,20170503,0.013,0.013,0.013,0.013,128100
VSO,20170503,50.89,50.89,50.36,50.4,4742
VTG,20170503,2.2,2.2,2.14,2.15,411005
VTI,20170503,0.4,0.4,0.39,0.39,97500
VTS,20170503,162.87,163.78,162.7,163.78,7659
VVR,20170503,2.34,2.35,2.31,2.34,2199816
VXR,20170503,0.007,0.007,0.007,0.007,1300000
WAA,20170503,1.125,1.14,1.125,1.14,15500
WAF,20170503,0.255,0.255,0.24,0.245,347012
WAM,20170503,2.36,2.38,2.36,2.36,912183
WAX,20170503,1.49,1.51,1.49,1.5,165997
WBA,20170503,1.36,1.37,1.35,1.355,59434
WBC,20170503,34.9,34.96,34.19,34.32,5678736
WBT,20170503,0.023,0.023,0.022,0.022,640000
WCN,20170503,0.006,0.006,0.006,0.006,2901000
WCP,20170503,0.085,0.085,0.085,0.085,58000
WDE,20170503,0.8,0.8,0.79,0.79,129239
WDIV,20170503,18.68,18.7,18.65,18.65,4745
WEB,20170503,11.44,11.6,11.32,11.33,411304
WEC,20170503,0.033,0.033,0.033,0.033,7000
WEL,20170503,0.09,0.09,0.09,0.09,82000
WEMG,20170503,19.03,19.03,19.03,19.03,1330
WES,20170503,43.74,43.8,43.26,43.39,2188778
WFD,20170503,9.21,9.24,9.06,9.12,5229946
WFE,20170503,0.003,0.003,0.003,0.003,1200000
WGF,20170503,0.99,0.99,0.98,0.985,84081
WGL,20170503,0.02,0.02,0.017,0.017,5489737
WGX,20170503,1.85,1.91,1.84,1.84,389195
WHA,20170503,0.37,0.38,0.37,0.38,76696
WHC,20170503,2.8,2.8,2.75,2.78,3703849
WHF,20170503,4.6,4.62,4.6,4.6,6552
WIC,20170503,0.935,0.94,0.935,0.94,61017
WKT,20170503,0.07,0.07,0.07,0.07,86929
WLD,20170503,0.19,0.19,0.185,0.185,238435
WLE,20170503,1.11,1.12,1.105,1.105,548661
WLF,20170503,0.067,0.067,0.067,0.067,14285
WLL,20170503,4.71,4.71,4.7,4.7,21491
WMC,20170503,0.135,0.145,0.13,0.145,165415
WMK,20170503,1,1.01,1,1,39446
WMN,20170503,0.043,0.046,0.043,0.044,1319035
WNR,20170503,0.25,0.25,0.25,0.25,7812
WOF,20170503,0.036,0.038,0.036,0.038,81150
WOR,20170503,11.21,11.29,10.97,11.12,660510
WOW,20170503,27.25,27.3,26.58,26.61,3371688
WPG,20170503,0.049,0.051,0.048,0.051,109979
WPL,20170503,32.39,32.59,32.05,32.14,2855027
WPP,20170503,1.18,1.195,1.175,1.19,219048
WRLD,20170503,10.88,10.88,10.88,10.88,49261
WRM,20170503,0.014,0.015,0.014,0.015,338971
WSA,20170503,2.16,2.165,2.06,2.06,3237821
WSI,20170503,0.013,0.013,0.013,0.013,28947
WTC,20170503,5.9,6.29,5.9,6.25,439375
WTP,20170503,0.73,0.74,0.73,0.74,8504
WWI,20170503,0.026,0.026,0.02,0.02,416176
WXHG,20170503,20.63,20.68,20.63,20.67,12828
WXOZ,20170503,26.38,26.49,26.37,26.43,10129
XAM,20170503,0.21,0.21,0.21,0.21,7064
XF1,20170503,0.49,0.49,0.49,0.49,2000
XIP,20170503,2.02,2.02,1.98,1.98,32175
XPD,20170503,0.037,0.037,0.037,0.037,14500
XPE,20170503,0.016,0.016,0.015,0.015,4895200
XRO,20170503,19.94,20.015,19.83,19.91,73170
XTD,20170503,0.11,0.115,0.11,0.115,37881
XTE,20170503,0.355,0.395,0.355,0.395,427005
YAL,20170503,0.325,0.325,0.31,0.31,67829
YBR,20170503,0.135,0.135,0.13,0.13,21550
YMAX,20170503,9.48,9.48,9.37,9.39,89658
YOJ,20170503,0.07,0.074,0.068,0.073,5277347
YOW,20170503,0.43,0.435,0.425,0.43,1347262
YPB,20170503,0.115,0.115,0.091,0.096,593432
ZEL,20170503,6.8,7.17,6.8,7.17,106924
ZGL,20170503,0.14,0.14,0.14,0.14,7000
ZGOL,20170503,16.6,16.6,16.6,16.6,2983
ZIM,20170503,5.55,5.55,5.55,5.55,700
ZIP,20170503,0.039,0.039,0.034,0.034,52989
ZLD,20170503,0.083,0.094,0.083,0.088,11891005
ZMI,20170503,0.009,0.009,0.008,0.008,743492
ZML,20170503,0.7,0.7,0.685,0.685,51989
ZNT,20170503,0.98,1,0.975,1,58065
ZOZI,20170503,11.05,11.05,10.97,10.97,18673
ZUSD,20170503,10.14,10.14,10.14,10.14,915
ZYB,20170503,0.006,0.006,0.006,0.006,831949
ZYUS,20170503,12.71,12.74,12.71,12.73,20956
XAF,20170503,5895,5895,5819.8,5831.1,0
XAO,20170503,5971.4,5971.5,5910,5919.9,0
XAT,20170503,5890.2,5890.2,5821.8,5832,0
XDJ,20170503,2226,2235.6,2212.7,2225.8,0
XEC,20170503,1200.1,1201.2,1193.1,1194,0
XEJ,20170503,9258.6,9357.5,9248.9,9317.9,0
XFJ,20170503,6989.1,6989.1,6855.1,6866.6,0
XFL,20170503,5953.9,5953.9,5878.6,5889.9,0
XGD,20170503,4227,4300.1,4224.8,4244.6,0
XHJ,20170503,23272.4,23479.1,23232.6,23374.2,0
XIJ,20170503,867.1,874.3,865.2,872.3,0
XJO,20170503,5950.4,5950.4,5882.2,5892.3,0
XJR,20170503,3319,3319,3280,3290.7,0
XKO,20170503,5890.8,5890.8,5825.1,5835.3,0
XMD,20170503,6172.3,6183.2,6120.4,6137.9,0
XMJ,20170503,9755.7,9755.7,9598.6,9610.8,0
XMM,20170503,2868.8,2868.8,2825.2,2830.6,0
XNJ,20170503,5595.4,5644,5588.8,5612.1,0
XPJ,20170503,1445.4,1452.7,1428.5,1436.9,0
XSJ,20170503,9543.2,9588.2,9445.9,9460.8,0
XSO,20170503,2399.6,2404.1,2386.1,2392.6,0
XTJ,20170503,1497,1497,1461.8,1485.4,0
XTL,20170503,3439.9,3439.9,3386.7,3392.5,0
XTO,20170503,4945.2,4945.2,4886.4,4895.3,0
XUJ,20170503,9044.9,9142,8983.1,9011.9,0
XXJ,20170503,7795.1,7795.1,7645.7,7658.6,0
