14D,20180914,0.325,0.345,0.3,0.3,5613940
1AG,20180914,0.05,0.05,0.05,0.05,15000
3DP,20180914,0.032,0.032,0.03,0.03,221661
3PL,20180914,1.25,1.265,1.24,1.25,143530
4CE,20180914,0.045,0.045,0.04,0.041,2047914
4DS,20180914,0.115,0.115,0.11,0.11,2711299
5GN,20180914,0.515,0.52,0.5,0.52,27499
88E,20180914,0.021,0.022,0.021,0.021,3174105
8EC,20180914,0.855,0.9,0.85,0.9,46500
8IH,20180914,0.185,0.185,0.185,0.185,1500
9SP,20180914,0.016,0.016,0.016,0.016,30248
A2M,20180914,10.93,11,10.86,10.95,2335012
A3D,20180914,0.43,0.435,0.415,0.415,25896
AAA,20180914,50.1,50.11,50.1,50.11,65235
AAC,20180914,1.275,1.275,1.24,1.24,339934
AAD,20180914,1.765,1.79,1.74,1.77,1787438
AAR,20180914,0.082,0.082,0.081,0.081,86318
AB1,20180914,0.1,0.115,0.1,0.11,9353306
ABA,20180914,5.53,5.62,5.51,5.6,8498
ABC,20180914,6.21,6.255,6.21,6.23,828043
ABL,20180914,0.004,0.004,0.004,0.004,339825
ABP,20180914,3.51,3.525,3.48,3.48,903499
ABR,20180914,0.165,0.17,0.165,0.17,490425
ABT,20180914,0.175,0.175,0.175,0.175,20000
ABX,20180914,0.115,0.115,0.115,0.115,17850
AC8,20180914,1.05,1.07,1.03,1.06,546959
ACF,20180914,0.495,0.54,0.49,0.54,1317490
ACL,20180914,0.009,0.009,0.009,0.009,433587
ACQ,20180914,1.27,1.3,1.27,1.28,46765
ACR,20180914,0.235,0.235,0.235,0.235,49736
ACW,20180914,0.054,0.055,0.054,0.055,312005
AD8,20180914,3.74,3.74,3.68,3.7,48035
ADA,20180914,1.67,1.7,1.615,1.7,105959
ADH,20180914,2.34,2.35,2.26,2.35,637442
ADJ,20180914,0.04,0.041,0.04,0.04,373771
ADN,20180914,0.006,0.006,0.006,0.006,330841
ADO,20180914,0.013,0.013,0.013,0.013,249074
ADT,20180914,0.4,0.42,0.39,0.42,307524
ADV,20180914,0.011,0.011,0.011,0.011,863141
ADX,20180914,0.012,0.012,0.01,0.01,3581151
ADY,20180914,0.015,0.015,0.015,0.015,507600
AEB,20180914,0.014,0.014,0.014,0.014,213777
AEE,20180914,0.022,0.023,0.022,0.023,7126996
AEF,20180914,157,157,155,155,201
AEG,20180914,1.22,1.23,1.215,1.22,229568
AEV,20180914,0.018,0.018,0.018,0.018,1891665
AFG,20180914,1.57,1.575,1.555,1.555,110218
AFI,20180914,6.22,6.23,6.21,6.21,187197
AFR,20180914,0.023,0.023,0.023,0.023,240345
AGE,20180914,0.009,0.009,0.005,0.006,40989317
AGG,20180914,2.23,2.24,2.23,2.24,600
AGI,20180914,1.1,1.115,1.09,1.1,232566
AGL,20180914,19.1,19.32,19.05,19.09,1837786
AGM,20180914,1.8,1.8,1.79,1.79,19535
AGO,20180914,0.043,0.044,0.043,0.043,5448136
AGR,20180914,0.15,0.15,0.145,0.15,195400
AGS,20180914,0.105,0.105,0.105,0.105,270
AGY,20180914,0.28,0.28,0.245,0.25,7594723
AHF,20180914,0.165,0.165,0.16,0.16,400225
AHG,20180914,2.27,2.29,2.25,2.28,921236
AHN,20180914,0.015,0.015,0.015,0.015,74062
AHQ,20180914,0.06,0.06,0.06,0.06,152241
AHX,20180914,0.56,0.56,0.55,0.55,38399
AHY,20180914,0.73,0.74,0.71,0.715,1713827
AIA,20180914,6.37,6.53,6.37,6.44,78592
AIV,20180914,0.18,0.18,0.18,0.18,10000
AIY,20180914,0.041,0.041,0.041,0.041,4000
AIZ,20180914,2.9,2.93,2.9,2.93,3053
AJL,20180914,0.345,0.345,0.34,0.34,6051
AJM,20180914,0.24,0.25,0.225,0.225,6823070
AJQ,20180914,0.105,0.105,0.105,0.105,290887
AJX,20180914,0.15,0.15,0.13,0.135,395440
AKG,20180914,0.39,0.39,0.385,0.385,120785
AKM,20180914,0.024,0.025,0.024,0.024,3710479
AKP,20180914,11.6,13.14,11.6,13,6961
ALC,20180914,0.048,0.05,0.046,0.05,1405934
ALF,20180914,1.055,1.06,1.055,1.055,151749
ALI,20180914,1.925,1.93,1.92,1.92,39187
ALK,20180914,0.215,0.215,0.21,0.215,389812
ALL,20180914,28.96,29.06,28.2,28.91,2090986
ALQ,20180914,8.62,8.8,8.61,8.78,1782515
ALT,20180914,0.007,0.007,0.007,0.007,1500000
ALU,20180914,25.5,25.92,25.17,25.78,415335
ALX,20180914,6.91,7.08,6.89,7.01,2492907
AMA,20180914,1.14,1.17,1.137,1.17,1740800
AMC,20180914,13.95,13.96,13.84,13.86,2662341
AMD,20180914,0.02,0.02,0.02,0.02,25000
AME,20180914,0.047,0.047,0.047,0.047,109286
AMG,20180914,0.039,0.039,0.038,0.039,1489900
AMH,20180914,0.925,0.925,0.92,0.92,64056
AMI,20180914,0.645,0.65,0.62,0.63,3649230
AML,20180914,0.345,0.35,0.335,0.35,271237
AMN,20180914,0.825,0.865,0.82,0.82,57423
AMP,20180914,3.13,3.17,3.08,3.14,10892214
AMT,20180914,0.11,0.12,0.11,0.12,197768
ANG,20180914,0.23,0.23,0.225,0.23,368760
ANL,20180914,0.007,0.007,0.007,0.007,100000
ANN,20180914,25,25.3,24.62,25.19,562603
ANP,20180914,0.023,0.023,0.023,0.023,200000
ANR,20180914,0.53,0.53,0.505,0.51,16140
ANW,20180914,0.018,0.019,0.018,0.018,870481
ANZ,20180914,28.09,28.28,28.09,28.15,4017563
AOA,20180914,0.006,0.006,0.006,0.006,1250000
AOD,20180914,0.555,0.555,0.555,0.555,56156
AOF,20180914,2.69,2.69,2.675,2.69,7766
AOG,20180914,2.22,2.24,2.21,2.22,1924665
AON,20180914,0.19,0.195,0.19,0.195,49086
AOP,20180914,0.195,0.2,0.195,0.195,41913
AOU,20180914,0.115,0.12,0.115,0.12,47751
AOW,20180914,0.022,0.022,0.021,0.021,1183808
APA,20180914,9.61,9.67,9.6,9.65,2152327
APC,20180914,0.065,0.065,0.065,0.065,119500
APD,20180914,0.42,0.425,0.42,0.425,29165
APE,20180914,7.8,7.98,7.5,7.65,74005
API,20180914,1.835,1.875,1.82,1.865,1626352
APL,20180914,1.15,1.15,1.145,1.15,1078160
APO,20180914,6.65,6.66,6.64,6.66,4695361
APT,20180914,16.91,17.29,16.57,17.27,1592616
APX,20180914,14.3,14.49,14.01,14.13,334232
APZ,20180914,0.96,0.98,0.96,0.98,56234
AQC,20180914,0.715,0.72,0.715,0.72,3405
AQD,20180914,0.018,0.023,0.018,0.02,4449013
AQG,20180914,2.35,2.45,2.35,2.36,44158
AQI,20180914,0.032,0.033,0.032,0.033,11567
AQZ,20180914,2.29,2.32,2.26,2.32,28396
ARA,20180914,0.69,0.69,0.69,0.69,24394
ARB,20180914,19.72,19.96,19.68,19.88,189319
ARE,20180914,0.026,0.027,0.024,0.024,4950250
ARF,20180914,2.37,2.37,2.34,2.36,282339
ARG,20180914,7.95,7.97,7.94,7.95,97023
ARL,20180914,0.58,0.59,0.58,0.58,116905
ARM,20180914,0.025,0.025,0.025,0.025,42376
ARN,20180914,0.215,0.22,0.205,0.21,265527
ARQ,20180914,2.19,2.19,2.11,2.11,106837
ARS,20180914,0.033,0.033,0.033,0.033,30000
ARU,20180914,0.08,0.08,0.078,0.08,130611
ARV,20180914,0.185,0.185,0.18,0.185,175897
ARX,20180914,0.18,0.18,0.18,0.18,384
AS1,20180914,0.15,0.155,0.15,0.155,6200
ASB,20180914,1.82,1.91,1.82,1.91,212508
ASG,20180914,1.46,1.46,1.46,1.46,280000
ASH,20180914,0.28,0.28,0.28,0.28,238500
ASL,20180914,1.66,1.69,1.65,1.68,4977916
ASN,20180914,0.087,0.095,0.087,0.088,1043331
AST,20180914,1.585,1.595,1.58,1.59,2805364
ASW,20180914,0.695,0.7,0.695,0.7,1942
ASX,20180914,63.81,64.14,63.73,64.01,243576
ATC,20180914,0.145,0.15,0.14,0.14,312285
ATL,20180914,1.41,1.435,1.38,1.41,252404
ATP,20180914,0.022,0.022,0.021,0.021,364294
ATS,20180914,0.485,0.485,0.46,0.48,272599
ATU,20180914,0.08,0.08,0.08,0.08,23000
ATX,20180914,0.385,0.385,0.385,0.385,2000
AU8,20180914,0.275,0.285,0.27,0.275,214824
AUB,20180914,13.96,14,13.63,13.82,20705
AUC,20180914,0.023,0.023,0.023,0.023,29036
AUI,20180914,8.38,8.49,8.38,8.48,29076
AUL,20180914,0.004,0.004,0.004,0.004,346980
AUR,20180914,0.055,0.056,0.055,0.055,79503
AUST,20180914,16.36,16.36,16.36,16.36,2000
AUZ,20180914,0.051,0.052,0.046,0.046,28865190
AVA,20180914,0.175,0.175,0.175,0.175,5000
AVC,20180914,0.041,0.041,0.041,0.041,50000
AVG,20180914,0.6,0.61,0.595,0.61,540178
AVH,20180914,0.093,0.096,0.092,0.096,969454
AVJ,20180914,0.705,0.705,0.68,0.685,88106
AVL,20180914,0.046,0.048,0.045,0.045,5488400
AVN,20180914,2.22,2.23,2.2,2.2,270406
AVQ,20180914,0.096,0.096,0.096,0.096,157057
AVZ,20180914,0.096,0.098,0.096,0.097,3114029
AWC,20180914,2.76,2.795,2.74,2.75,8823147
AWN,20180914,0.28,0.28,0.28,0.28,50000
AWV,20180914,0.017,0.017,0.016,0.016,255099
AWY,20180914,0.042,0.042,0.042,0.042,50000
AX1,20180914,1.66,1.68,1.62,1.635,1267164
AX8,20180914,0.11,0.115,0.11,0.115,31384
AXE,20180914,0.08,0.084,0.08,0.082,150000
AXP,20180914,0.125,0.125,0.105,0.105,195109
AYF,20180914,5.96,5.98,5.96,5.98,10750
AYK,20180914,19.88,20,19.88,20,502
AYR,20180914,0.005,0.005,0.005,0.005,200000
AYS,20180914,1.175,1.195,1.15,1.165,222757
AZJ,20180914,4.2,4.22,4.185,4.2,3178273
AZS,20180914,0.185,0.185,0.185,0.185,125000
AZV,20180914,0.076,0.076,0.076,0.076,4930
AZY,20180914,0.013,0.013,0.012,0.012,671097
B2Y,20180914,0.33,0.33,0.315,0.33,444408
BAF,20180914,0.87,0.88,0.865,0.87,482460
BAL,20180914,9.32,9.56,9.19,9.52,1860921
BAP,20180914,7.39,7.49,7.39,7.43,902376
BAR,20180914,0.045,0.046,0.044,0.044,176129
BAS,20180914,0.003,0.004,0.003,0.004,2000000
BAT,20180914,0.028,0.028,0.027,0.028,45383
BBN,20180914,2.35,2.37,2.34,2.36,389078
BBOZ,20180914,13.72,13.75,13.58,13.61,51118
BBUS,20180914,4.3,4.32,4.3,4.3,183639
BBX,20180914,0.14,0.14,0.14,0.14,27256
BC8,20180914,0.2,0.2,0.2,0.2,7500
BCI,20180914,0.135,0.135,0.135,0.135,247572
BCN,20180914,0.023,0.023,0.02,0.021,7240950
BCT,20180914,0.066,0.066,0.065,0.065,365892
BD1,20180914,0.011,0.011,0.011,0.011,685000
BDA,20180914,0.59,0.59,0.52,0.53,14285
BDG,20180914,0.185,0.19,0.185,0.19,550000
BDR,20180914,0.046,0.047,0.046,0.046,3127210
BEAR,20180914,13.49,13.52,13.46,13.46,76002
BEE,20180914,0.12,0.12,0.12,0.12,118724
BEM,20180914,0.135,0.14,0.12,0.12,33079
BEN,20180914,10.65,10.71,10.61,10.64,875522
BFC,20180914,0.18,0.18,0.18,0.18,40223
BFG,20180914,1.035,1.04,1.01,1.03,88202
BGA,20180914,7.15,7.44,7.15,7.25,1046386
BGL,20180914,0.2,0.2,0.195,0.2,203279
BGS,20180914,0.31,0.33,0.31,0.32,339445
BGT,20180914,0.135,0.135,0.13,0.13,75500
BHP,20180914,31.4,31.86,31.39,31.82,7651897
BID,20180914,0.145,0.165,0.14,0.165,5021431
BIN,20180914,3.16,3.2,3.11,3.18,2442219
BIQ,20180914,0.054,0.054,0.054,0.054,100000
BIR,20180914,0.18,0.18,0.18,0.18,695
BIS,20180914,0.94,0.94,0.94,0.94,5484
BIT,20180914,0.017,0.018,0.016,0.018,527891
BKI,20180914,1.53,1.54,1.53,1.535,539779
BKL,20180914,140.01,142.98,140,142.24,38490
BKP,20180914,0.005,0.006,0.005,0.005,10657105
BKT,20180914,0.03,0.03,0.03,0.03,373273
BKW,20180914,17,17.25,16.98,17.09,215798
BKY,20180914,0.71,0.74,0.7,0.735,261623
BLA,20180914,1.63,1.63,1.56,1.585,281000
BLD,20180914,6.93,6.99,6.85,6.89,2461388
BLG,20180914,0.285,0.285,0.285,0.285,26380
BLK,20180914,0.043,0.044,0.042,0.043,2785774
BLT,20180914,0.165,0.175,0.165,0.175,124055
BLX,20180914,1.475,1.475,1.46,1.465,15845
BLY,20180914,0.005,0.006,0.005,0.006,1254622
BLZ,20180914,0.033,0.033,0.03,0.031,300002
BMN,20180914,0.059,0.063,0.058,0.058,4478054
BMT,20180914,0.085,0.085,0.085,0.085,65000
BNL,20180914,0.012,0.012,0.011,0.011,190067
BNO,20180914,0.52,0.53,0.515,0.53,170319
BNR,20180914,0.041,0.041,0.032,0.032,182750
BOE,20180914,0.075,0.075,0.072,0.073,2535134
BOL,20180914,0.215,0.215,0.21,0.215,85846
BOND,20180914,25.87,25.87,25.87,25.87,1000
BOQ,20180914,11.28,11.34,11.23,11.29,751387
BOT,20180914,0.098,0.1,0.097,0.1,415468
BPH,20180914,0.001,0.001,0.001,0.001,1542977
BPL,20180914,0.064,0.064,0.064,0.064,72214
BPT,20180914,1.94,1.975,1.937,1.95,7177663
BRB,20180914,0.335,0.36,0.335,0.35,299100
BRG,20180914,13.2,13.41,13.07,13.09,146434
BRK,20180914,0.013,0.015,0.013,0.014,12439727
BRL,20180914,0.12,0.12,0.115,0.115,1425046
BRN,20180914,0.18,0.18,0.175,0.18,1047674
BRU,20180914,0.25,0.255,0.245,0.255,345435
BSA,20180914,0.27,0.27,0.27,0.27,71005
BSE,20180914,0.235,0.245,0.23,0.24,1454637
BSL,20180914,16.63,16.705,16.435,16.5,2862246
BSM,20180914,0.026,0.026,0.026,0.026,1374500
BSR,20180914,0.02,0.022,0.02,0.022,4530669
BST,20180914,1.04,1.04,1.04,1.04,413
BSX,20180914,0.11,0.11,0.105,0.105,27181
BTH,20180914,0.3,0.315,0.3,0.3,176648
BTI,20180914,0.89,0.89,0.87,0.87,74773
BUB,20180914,0.66,0.67,0.66,0.67,392743
BUD,20180914,0.115,0.115,0.11,0.115,423725
BUL,20180914,0.075,0.075,0.073,0.075,117260
BUX,20180914,0.145,0.145,0.14,0.145,34306
BUY,20180914,0.005,0.005,0.005,0.005,100000
BVS,20180914,4.29,4.32,4.14,4.16,684532
BWF,20180914,0.97,0.99,0.97,0.99,5850
BWP,20180914,3.39,3.43,3.385,3.42,1508090
BWR,20180914,1.53,1.53,1.53,1.53,19286
BWX,20180914,4.1,4.12,4.04,4.09,500566
BXB,20180914,11.23,11.23,11.07,11.1,3486589
BXN,20180914,0.033,0.033,0.033,0.033,100000
BYE,20180914,0.275,0.275,0.27,0.27,80347
BYH,20180914,0.115,0.115,0.115,0.115,50000
C6C,20180914,1.12,1.13,1.115,1.13,20073
CAA,20180914,0.15,0.15,0.15,0.15,216141
CAB,20180914,2.4,2.49,2.38,2.45,162514
CAF,20180914,0.16,0.16,0.15,0.155,797470
CAG,20180914,1.6,1.7,1.6,1.69,72422
CAI,20180914,0.031,0.031,0.03,0.031,649722
CAJ,20180914,0.285,0.285,0.28,0.285,483909
CAM,20180914,0.92,0.935,0.92,0.92,24085
CAN,20180914,2.73,2.74,2.7,2.71,29049
CAP,20180914,0.088,0.088,0.088,0.088,15026
CAR,20180914,15.24,15.27,15.07,15.18,646821
CAS,20180914,0.024,0.024,0.022,0.022,135129
CAT,20180914,1.15,1.15,1.11,1.13,49655
CAY,20180914,0.24,0.25,0.235,0.25,1313516
CAZ,20180914,0.035,0.036,0.033,0.033,260262
CBA,20180914,71.31,71.64,71.18,71.5,2833016
CBC,20180914,1.02,1.025,0.995,1.025,28113
CCA,20180914,0.13,0.14,0.13,0.14,423137
CCE,20180914,0.014,0.014,0.012,0.013,1461472
CCL,20180914,9.45,9.54,9.445,9.49,1236375
CCP,20180914,22.28,22.76,22.23,22.69,132279
CCV,20180914,0.31,0.325,0.31,0.325,1972093
CCZ,20180914,0.036,0.04,0.036,0.04,325696
CDA,20180914,3.16,3.25,3.16,3.25,97571
CDD,20180914,1.19,1.23,1.19,1.21,166436
CDM,20180914,1.245,1.25,1.235,1.235,208306
CDP,20180914,8.02,8.08,8.01,8.05,65971
CDV,20180914,0.44,0.445,0.44,0.445,15444
CDX,20180914,0.038,0.04,0.038,0.04,542900
CDY,20180914,0.395,0.395,0.395,0.395,76381
CE1,20180914,0.054,0.055,0.052,0.055,3405918
CETF,20180914,52.09,52.09,52.09,52.09,1455
CFE,20180914,0.024,0.024,0.024,0.024,55258
CFO,20180914,0.165,0.165,0.165,0.165,7782
CG1,20180914,0.57,0.58,0.57,0.57,82500
CGA,20180914,0.66,0.66,0.66,0.66,7575
CGC,20180914,6.71,6.75,6.61,6.75,1629488
CGF,20180914,10.3,10.5,10.29,10.48,3537548
CGL,20180914,7.86,7.89,7.83,7.85,88972
CGM,20180914,0.003,0.003,0.003,0.003,1000000
CGR,20180914,0.525,0.555,0.525,0.555,113183
CGS,20180914,0.63,0.63,0.625,0.625,11344
CHC,20180914,7.16,7.2,7.15,7.17,935024
CHN,20180914,0.135,0.135,0.135,0.135,14203
CHP,20180914,0.001,0.001,0.001,0.001,350000
CHR,20180914,3.4,4.15,3.4,4.15,34839
CI1,20180914,0.019,0.019,0.018,0.018,214417
CIA,20180914,1.36,1.375,1.355,1.37,326935
CIE,20180914,0.92,0.93,0.92,0.92,107063
CIM,20180914,50.53,51.31,50.53,50.92,169600
CIN,20180914,32.83,32.83,32.82,32.82,612
CIP,20180914,2.99,3,2.98,2.99,5717004
CIW,20180914,0.52,0.52,0.515,0.52,88000
CKA,20180914,0.038,0.042,0.038,0.041,1039341
CKF,20180914,5.73,5.84,5.72,5.82,304881
CL1,20180914,1.965,1.97,1.96,1.965,126804
CL8,20180914,0.018,0.018,0.017,0.017,574341
CLA,20180914,0.099,0.115,0.099,0.11,2944683
CLF,20180914,1.28,1.28,1.275,1.275,10116
CLH,20180914,1.575,1.595,1.57,1.595,146177
CLI,20180914,0.026,0.028,0.026,0.028,66500
CLL,20180914,0.112,0.112,0.11,0.11,526968
CLQ,20180914,0.45,0.475,0.445,0.475,3828644
CLT,20180914,0.48,0.48,0.48,0.48,2156
CLV,20180914,1.51,1.57,1.49,1.56,319323
CLW,20180914,4.33,4.42,4.33,4.39,251271
CLZ,20180914,0.004,0.005,0.004,0.004,31182605
CM8,20180914,0.042,0.042,0.041,0.041,116852
CMA,20180914,2.5,2.51,2.5,2.5,290830
CMC,20180914,0.022,0.025,0.022,0.025,605957
CMI,20180914,1.49,1.5,1.49,1.5,27500
CMM,20180914,0.058,0.058,0.058,0.058,1176
CMW,20180914,1.135,1.145,1.13,1.13,5080849
CNI,20180914,1.31,1.32,1.27,1.31,87552
CNJ,20180914,0.027,0.027,0.027,0.027,598497
CNU,20180914,4.41,4.46,4.37,4.38,983024
CNW,20180914,0.02,0.02,0.02,0.02,3538378
COB,20180914,0.45,0.495,0.45,0.47,276688
COE,20180914,0.435,0.45,0.43,0.435,1203547
COG,20180914,0.1,0.105,0.1,0.105,333333
COH,20180914,203.59,206.38,203.59,205.28,116067
COI,20180914,0.34,0.375,0.34,0.36,577128
CP1,20180914,0.18,0.18,0.175,0.175,39200
CPH,20180914,0.56,0.575,0.56,0.56,39131
CPU,20180914,19.28,19.605,19.26,19.56,1496571
CPV,20180914,0.575,0.67,0.56,0.66,2379685
CQR,20180914,4.29,4.32,4.28,4.31,933930
CRD,20180914,0.84,0.84,0.84,0.84,8839
CRL,20180914,0.033,0.033,0.033,0.033,26447
CRO,20180914,0.022,0.024,0.02,0.02,1626733
CRR,20180914,2.75,2.75,2.72,2.74,130840
CSL,20180914,210,211.28,208.45,210.62,1458631
CSR,20180914,3.96,4.01,3.91,3.92,4876145
CSS,20180914,0.058,0.06,0.058,0.058,1009989
CSV,20180914,0.195,0.2,0.19,0.195,638592
CT1,20180914,0.014,0.016,0.014,0.016,164023
CTD,20180914,31.43,31.76,31.27,31.49,229758
CTM,20180914,0.008,0.008,0.008,0.008,1877112
CTP,20180914,0.115,0.12,0.11,0.115,1002363
CTX,20180914,29.42,29.7,29.35,29.53,853879
CUE,20180914,0.063,0.064,0.063,0.064,49641
CUP,20180914,0.67,0.67,0.67,0.67,29438
CUV,20180914,17.94,18.34,17.85,18.13,120615
CUX,20180914,0.005,0.005,0.005,0.005,5000
CV1,20180914,0.065,0.065,0.065,0.065,62661
CVN,20180914,0.345,0.375,0.345,0.365,6161323
CVT,20180914,0.02,0.025,0.02,0.023,490487
CVV,20180914,0.045,0.045,0.045,0.045,27287
CVW,20180914,0.99,1.035,0.935,1,1718176
CWL,20180914,0.054,0.054,0.054,0.054,195191
CWN,20180914,13.53,13.55,13.42,13.5,1341992
CWP,20180914,6.14,6.14,6.03,6.11,36751
CWX,20180914,0.245,0.245,0.245,0.245,70099
CWY,20180914,1.89,1.905,1.872,1.89,4811652
CXL,20180914,0.75,0.78,0.75,0.78,21528
CXM,20180914,0.115,0.115,0.11,0.115,559685
CXO,20180914,0.043,0.043,0.042,0.042,177181
CXU,20180914,0.027,0.027,0.027,0.027,45000
CXX,20180914,0.08,0.081,0.08,0.08,213534
CXZ,20180914,0.007,0.007,0.007,0.007,353158
CYA,20180914,0.98,0.98,0.965,0.97,228012
CYB,20180914,6.09,6.12,6.08,6.1,1287605
CYL,20180914,1.6,1.705,1.6,1.61,187819
CYP,20180914,1.25,1.265,1.24,1.265,18339
CZI,20180914,0.067,0.067,0.067,0.067,10000
CZL,20180914,0.015,0.016,0.014,0.016,3005745
CZZ,20180914,21.06,21.15,21,21.01,11841
D2O,20180914,1.37,1.37,1.34,1.35,36463
DBF,20180914,1.52,1.52,1.52,1.52,6000
DCC,20180914,0.105,0.105,0.1,0.1,830267
DCG,20180914,0.805,0.81,0.805,0.805,241498
DCN,20180914,2.26,2.33,2.23,2.32,193278
DDR,20180914,3.08,3.08,3.01,3.01,78350
DEG,20180914,0.16,0.165,0.155,0.16,334885
DEV,20180914,0.006,0.006,0.006,0.006,200000
DFM,20180914,0.99,0.995,0.985,0.995,11530
DGR,20180914,0.12,0.12,0.115,0.12,778047
DHG,20180914,3.42,3.48,3.42,3.47,678050
DJRE,20180914,21.95,21.98,21.91,21.95,20444
DJW,20180914,3.41,3.43,3.35,3.35,93219
DKM,20180914,0.195,0.195,0.195,0.195,20000
DLC,20180914,0.007,0.007,0.007,0.007,528000
DLX,20180914,7.85,7.88,7.83,7.84,602406
DME,20180914,0.22,0.22,0.22,0.22,20000
DMP,20180914,51.94,51.94,51.18,51.68,161224
DN8,20180914,0.115,0.12,0.115,0.12,24208
DNA,20180914,0.17,0.185,0.17,0.17,74829
DNK,20180914,0.84,0.84,0.83,0.83,64078
DOW,20180914,7.88,7.94,7.84,7.92,773761
DRA,20180914,0.15,0.15,0.15,0.15,2132
DRK,20180914,0.011,0.011,0.011,0.011,20650
DRM,20180914,0.305,0.31,0.305,0.31,425996
DRO,20180914,0.16,0.16,0.15,0.16,94444
DRX,20180914,0.024,0.025,0.024,0.025,193271
DSE,20180914,0.13,0.13,0.13,0.13,367167
DSX,20180914,0.009,0.009,0.008,0.008,310000
DTI,20180914,0.066,0.066,0.066,0.066,78350
DTL,20180914,1.495,1.495,1.31,1.385,399749
DTS,20180914,0.11,0.135,0.11,0.135,288917
DUB,20180914,0.405,0.41,0.4,0.4,65078
DUI,20180914,4.16,4.2,4.15,4.15,68617
DWS,20180914,1.26,1.28,1.255,1.255,66294
DXB,20180914,0.11,0.115,0.105,0.115,234257
DXN,20180914,0.185,0.185,0.17,0.185,498862
DXS,20180914,10.81,10.86,10.75,10.75,3888379
DYL,20180914,0.46,0.47,0.455,0.46,178632
E25,20180914,0.17,0.17,0.17,0.17,58750
EAF,20180914,1.17,1.17,1.17,1.17,11600
EAI,20180914,1.045,1.055,1.045,1.05,90480
EAR,20180914,0.125,0.125,0.122,0.125,180801
EAS,20180914,0.95,0.95,0.95,0.95,3136
EBO,20180914,19.75,20.23,19.75,20.18,19837
ECG,20180914,0.13,0.13,0.13,0.13,27000
ECT,20180914,0.011,0.011,0.011,0.011,4105500
ECX,20180914,2.52,2.595,2.51,2.58,1626145
ED1,20180914,2.06,2.06,2.04,2.06,65500
EDC,20180914,1.035,1.035,1.035,1.035,8535
EDE,20180914,0.039,0.04,0.038,0.038,3172374
EEG,20180914,0.024,0.024,0.023,0.023,627673
EER,20180914,0.004,0.004,0.003,0.003,20000
EGA,20180914,0.21,0.21,0.21,0.21,9250
EGD,20180914,2.16,2.2,2.16,2.17,28985
EGF,20180914,1.57,1.57,1.57,1.57,20
EGG,20180914,1.27,1.27,1.265,1.265,3051
EGH,20180914,0.265,0.27,0.265,0.27,346050
EGI,20180914,1.09,1.09,1.08,1.09,114632
EGN,20180914,0.555,0.555,0.555,0.555,25054
EGY,20180914,0.004,0.004,0.004,0.004,13200
EHE,20180914,2.92,2.95,2.9,2.95,479168
EHH,20180914,0.305,0.315,0.3,0.315,151104
EHL,20180914,0.355,0.36,0.35,0.355,1485130
EHX,20180914,0.033,0.033,0.032,0.032,82640
ELD,20180914,7.25,7.28,7.05,7.2,378794
ELK,20180914,0.075,0.075,0.074,0.074,116888
ELO,20180914,6.4,6.53,6.26,6.48,22322
ELS,20180914,0.695,0.705,0.67,0.705,298071
ELT,20180914,0.006,0.006,0.006,0.006,1593219
ELX,20180914,0.785,0.79,0.775,0.79,51465
EM1,20180914,0.011,0.011,0.011,0.011,45455
EM2,20180914,0.345,0.35,0.345,0.35,40000
EMB,20180914,13.85,13.9,13.85,13.9,4900
EMH,20180914,0.365,0.365,0.36,0.36,15000
EML,20180914,1.68,1.73,1.68,1.73,54852
EMP,20180914,0.004,0.004,0.004,0.004,650000
EMR,20180914,0.036,0.036,0.036,0.036,451568
EN1,20180914,0.06,0.062,0.057,0.062,191603
ENE,20180914,0.23,0.25,0.23,0.25,85080
ENN,20180914,1.975,1.98,1.95,1.975,33049
EOS,20180914,3.08,3.35,3.08,3.31,58422
EPD,20180914,0.55,0.56,0.55,0.555,84805
EPW,20180914,1.55,1.655,1.55,1.64,277267
EQE,20180914,0.022,0.022,0.021,0.021,68160
EQT,20180914,23.01,23.03,21.92,22.65,18703
EQX,20180914,0.325,0.325,0.32,0.32,108467
ERA,20180914,0.365,0.385,0.365,0.375,327799
ERF,20180914,1.3,1.3,1.29,1.29,32547
ERL,20180914,0.013,0.015,0.013,0.015,1277699
ERM,20180914,0.073,0.073,0.073,0.073,26945
ESH,20180914,0.022,0.022,0.022,0.022,733144
ESV,20180914,0.11,0.11,0.11,0.11,210028
ETPMAG,20180914,18.95,18.95,18.81,18.92,2964
ETPMPD,20180914,125,125,125,125,0
ETPMPM,20180914,124.4,124.4,124.4,124.4,0
ETPMPT,20180914,103.75,103.75,103.75,103.75,0
EUC,20180914,0.064,0.067,0.063,0.064,2902178
EUZ,20180914,0.002,0.002,0.002,0.002,70402250
EVE,20180914,0.007,0.008,0.007,0.008,3800964
EVN,20180914,2.65,2.67,2.62,2.65,7807771
EVS,20180914,0.081,0.081,0.08,0.08,617135
EVT,20180914,14.69,14.82,14.43,14.82,60376
EVZ,20180914,0.034,0.034,0.034,0.034,436896
EWC,20180914,0.19,0.195,0.185,0.19,667764
EXG,20180914,0.033,0.034,0.033,0.034,30000
EXL,20180914,1.86,1.895,1.825,1.825,124173
EXP,20180914,0.37,0.38,0.365,0.37,386048
EXR,20180914,0.063,0.063,0.057,0.06,817000
EXU,20180914,0.112,0.115,0.11,0.115,1890135
EZL,20180914,1.19,1.205,1.19,1.205,7402
FAR,20180914,0.115,0.115,0.105,0.115,7100013
FBR,20180914,0.165,0.17,0.165,0.17,2566045
FBU,20180914,5.75,5.82,5.75,5.77,634082
FCC,20180914,0.4,0.4,0.4,0.4,18250
FCT,20180914,0.215,0.23,0.205,0.23,156898
FDM,20180914,0.175,0.19,0.175,0.19,1136688
FDV,20180914,0.55,0.55,0.55,0.55,64091
FEI,20180914,0.076,0.076,0.076,0.076,60000
FET,20180914,2.83,2.88,2.83,2.86,248157
FFG,20180914,0.025,0.025,0.025,0.025,744565
FGF,20180914,0.019,0.02,0.018,0.018,47899555
FGG,20180914,1.375,1.385,1.375,1.385,182129
FGO,20180914,0.027,0.027,0.027,0.027,649616
FGR,20180914,0.165,0.165,0.16,0.165,191290
FGX,20180914,1.32,1.35,1.32,1.32,439234
FID,20180914,4.38,4.5,4.38,4.5,8724
FIG,20180914,0.12,0.145,0.11,0.11,4034892
FIN,20180914,0.019,0.019,0.019,0.019,450000
FLC,20180914,0.41,0.41,0.4,0.4,18115
FLK,20180914,1.38,1.38,1.375,1.38,1295315
FLN,20180914,0.5,0.515,0.495,0.5,37897
FLT,20180914,55.61,55.62,54.75,55.43,318987
FMG,20180914,3.57,3.68,3.55,3.66,12687431
FML,20180914,0.21,0.215,0.2,0.2,19468
FMS,20180914,0.069,0.072,0.069,0.072,62565
FNP,20180914,6.79,6.79,6.56,6.65,112388
FOD,20180914,0.105,0.11,0.099,0.105,6354012
FOR,20180914,1.62,1.635,1.62,1.635,80549
FPC,20180914,0.9,0.91,0.895,0.91,47416
FPH,20180914,13.82,13.95,13.78,13.87,396948
FPL,20180914,0.008,0.008,0.008,0.008,9576436
FPP,20180914,1.05,1.055,1.05,1.055,18113
FRM,20180914,0.83,0.83,0.83,0.83,7790
FSA,20180914,1.37,1.37,1.335,1.365,11640
FSF,20180914,4.57,4.57,4.55,4.56,34795
FTC,20180914,0.066,0.066,0.066,0.066,10000
FTT,20180914,0.05,0.056,0.05,0.056,875390
FTZ,20180914,0.19,0.2,0.19,0.2,151000
FUN,20180914,0.07,0.07,0.07,0.07,6000
FWD,20180914,2.31,2.34,2.28,2.3,113822
FXJ,20180914,0.83,0.84,0.825,0.83,3644938
FXL,20180914,1.975,2.08,1.975,2.02,390637
FYI,20180914,0.093,0.093,0.092,0.092,225000
FZO,20180914,0.285,0.295,0.27,0.295,348423
G1A,20180914,0.18,0.185,0.18,0.18,804819
G88,20180914,0.22,0.22,0.21,0.21,83541
GAL,20180914,0.23,0.235,0.23,0.235,69000
GAP,20180914,0.35,0.35,0.35,0.35,52087
GAS,20180914,0.17,0.17,0.17,0.17,257899
GBG,20180914,0.018,0.018,0.017,0.017,260373
GBR,20180914,0.26,0.27,0.255,0.27,84039
GBT,20180914,2,2.005,1.965,1.97,20604
GC1,20180914,1.045,1.05,1.015,1.045,107338
GCI,20180914,1.98,1.99,1.98,1.99,60210
GCS,20180914,0.655,0.655,0.645,0.645,252607
GCY,20180914,0.29,0.29,0.27,0.27,880267
GDF,20180914,1.285,1.32,1.285,1.295,34217
GDG,20180914,1.12,1.12,1.12,1.12,12966
GDI,20180914,1.3,1.315,1.295,1.305,519329
GDX,20180914,25.22,25.28,25.22,25.28,650
GEAR,20180914,24,24.15,23.92,24.12,13904
GED,20180914,0.04,0.04,0.04,0.04,85811
GEM,20180914,1.945,1.985,1.945,1.975,1515342
GEV,20180914,0.215,0.23,0.21,0.22,649336
GFL,20180914,2.14,2.14,2.14,2.14,320
GGG,20180914,0.081,0.082,0.081,0.082,156475
GGUS,20180914,18.62,18.63,18.6,18.62,9253
GID,20180914,0.022,0.022,0.021,0.021,45091
GLH,20180914,0.19,0.195,0.19,0.195,40150
GLL,20180914,0.78,0.785,0.73,0.735,498741
GLN,20180914,0.245,0.25,0.24,0.24,25329
GMA,20180914,2.52,2.595,2.51,2.53,1228359
GMC,20180914,0.015,0.016,0.015,0.016,18991534
GMD,20180914,0.036,0.039,0.036,0.038,978380
GME,20180914,0.077,0.077,0.077,0.077,3816
GMG,20180914,10.61,10.755,10.54,10.72,2414611
GML,20180914,0.014,0.014,0.014,0.014,50000
GMN,20180914,0.091,0.091,0.09,0.09,23550
GMR,20180914,0.021,0.021,0.021,0.021,526667
GMV,20180914,0.33,0.34,0.33,0.34,38748
GMY,20180914,1.24,1.25,1.225,1.225,8565
GNC,20180914,8,8.1,7.99,8.04,994216
GNE,20180914,2.27,2.28,2.27,2.28,2436
GNG,20180914,1.37,1.37,1.35,1.37,6624
GNX,20180914,0.275,0.275,0.265,0.265,94293
GOLD,20180914,157.88,158.3,157.88,158,4451
GOO,20180914,0.062,0.062,0.062,0.062,31483
GOR,20180914,0.615,0.63,0.615,0.63,324869
GOVT,20180914,25.93,25.93,25.93,25.93,0
GOW,20180914,2.83,2.83,2.79,2.8,197408
GOZ,20180914,3.76,3.86,3.76,3.86,554745
GPP,20180914,0.004,0.004,0.004,0.004,1250000
GPR,20180914,0.023,0.023,0.022,0.022,1184130
GPT,20180914,5.31,5.36,5.31,5.34,21116918
GPX,20180914,0.215,0.22,0.215,0.215,88194
GRB,20180914,0.13,0.13,0.127,0.13,80628
GRR,20180914,0.22,0.225,0.217,0.225,934413
GSC,20180914,0.295,0.32,0.295,0.32,545246
GSS,20180914,0.58,0.66,0.58,0.66,276018
GSW,20180914,0.45,0.46,0.42,0.46,289972
GTE,20180914,0.007,0.007,0.007,0.007,419543
GTG,20180914,0.01,0.01,0.01,0.01,109200
GTK,20180914,6.34,6.55,6.34,6.5,36826
GTN,20180914,2,2,2,2,8490
GTY,20180914,2.24,2.245,2.24,2.24,714613
GUD,20180914,14.14,14.58,14.1,14.52,93734
GUL,20180914,0.026,0.026,0.025,0.025,630397
GVF,20180914,1.11,1.11,1.105,1.11,66782
GWA,20180914,2.91,2.99,2.91,2.96,390686
GWR,20180914,0.15,0.16,0.15,0.15,145999
GXL,20180914,3.64,3.72,3.64,3.71,566269
GXY,20180914,2.54,2.59,2.49,2.49,3097160
GZL,20180914,3.99,3.99,3.99,3.99,250
HACK,20180914,7.39,7.41,7.39,7.4,45145
HAS,20180914,0.185,0.185,0.185,0.185,13800
HAV,20180914,0.195,0.195,0.195,0.195,15000
HCH,20180914,0.023,0.023,0.023,0.023,383890
HCO,20180914,0.003,0.003,0.003,0.003,700000
HE8,20180914,0.13,0.16,0.13,0.155,10554728
HEG,20180914,0.061,0.065,0.061,0.061,174640
HFR,20180914,0.69,0.695,0.67,0.68,139956
HGM,20180914,0.029,0.029,0.029,0.029,20000
HGO,20180914,0.096,0.096,0.096,0.096,449244
HHY,20180914,0.06,0.06,0.06,0.06,5499
HIG,20180914,0.115,0.115,0.115,0.115,485992
HIL,20180914,0.19,0.195,0.185,0.19,139292
HIP,20180914,0.015,0.015,0.015,0.015,469614
HIT,20180914,0.85,0.85,0.84,0.84,29220
HLA,20180914,1.29,1.3,1.245,1.265,206337
HLO,20180914,5.41,5.6,5.36,5.55,49204
HLX,20180914,0.029,0.03,0.029,0.03,91823
HNG,20180914,0.435,0.44,0.435,0.435,25036
HNR,20180914,0.012,0.015,0.012,0.014,1203993
HOM,20180914,0.63,0.63,0.63,0.63,1000
HOR,20180914,0.017,0.017,0.017,0.017,45000
HPI,20180914,3.14,3.17,3.12,3.16,66112
HPR,20180914,0.047,0.047,0.047,0.047,12501
HRL,20180914,0.165,0.17,0.165,0.17,654675
HRN,20180914,0.14,0.15,0.14,0.15,42000
HRR,20180914,0.54,0.54,0.53,0.535,70571
HSN,20180914,3.28,3.3,3.22,3.27,322557
HSO,20180914,2.1,2.12,2.08,2.09,3065805
HT1,20180914,2.82,2.94,2.82,2.87,133195
HTA,20180914,0.135,0.14,0.135,0.135,779715
HUB,20180914,13.4,13.8,13.3,13.55,112962
HUO,20180914,4.45,4.53,4.45,4.49,1295820
HVN,20180914,3.43,3.48,3.43,3.44,2344600
HVST,20180914,15.45,15.52,15.45,15.48,21461
HWK,20180914,0.025,0.025,0.025,0.025,656457
HXG,20180914,0.14,0.14,0.135,0.14,18923
HZN,20180914,0.125,0.13,0.122,0.13,1957802
HZR,20180914,0.35,0.38,0.35,0.375,680968
IAA,20180914,84.88,85.5,84.85,85.12,11240
IAF,20180914,107.2,107.23,107.14,107.14,10296
IAG,20180914,7.28,7.39,7.28,7.38,4731446
IAM,20180914,0.012,0.012,0.012,0.012,671809
IBG,20180914,0.044,0.044,0.043,0.043,161290
ICI,20180914,0.08,0.08,0.079,0.08,475606
ICN,20180914,0.02,0.02,0.02,0.02,11008
ICQ,20180914,0.225,0.23,0.22,0.225,376406
ICS,20180914,1.14,1.14,1.14,1.14,1436
ICT,20180914,0.077,0.079,0.075,0.079,255880
IDR,20180914,2.74,2.76,2.74,2.76,230119
IDT,20180914,0.15,0.155,0.14,0.14,115781
IDX,20180914,2.67,2.72,2.66,2.66,24595
IEC,20180914,0.009,0.009,0.009,0.009,160000
IEL,20180914,10.5,10.5,10.35,10.4,480326
IEM,20180914,58.3,58.6,58.3,58.59,19432
IEU,20180914,62,62.15,62,62.15,31668
IFL,20180914,7.9,7.94,7.82,7.92,1341435
IFM,20180914,1.28,1.29,1.23,1.265,459145
IFN,20180914,0.57,0.58,0.57,0.58,554226
IFT,20180914,3.14,3.14,3.11,3.11,2366
IGB,20180914,103.69,103.79,103.69,103.73,1742
IGE,20180914,0.42,0.44,0.405,0.405,186967
IGL,20180914,2.24,2.27,2.22,2.23,1019194
IGO,20180914,4.13,4.255,4.13,4.25,2025534
IHCB,20180914,103.58,103.87,103.58,103.87,942
IHD,20180914,13.41,13.47,13.41,13.45,10760
IHEB,20180914,99.2,99.2,99.2,99.2,0
IHHY,20180914,106.08,106.49,106.08,106.35,546
IHOO,20180914,111.84,111.89,111.2,111.89,457
IHVV,20180914,361.67,362.97,361.67,362.14,1102
IJH,20180914,284,284.03,283.7,283.75,654
IJP,20180914,80.08,80.8,80.07,80.8,8543
IJR,20180914,124,124.28,123.2,124.28,7599
IKO,20180914,92.85,92.99,92.45,92.53,5209
ILB,20180914,116.92,116.93,116.72,116.9,2321
ILC,20180914,24.36,24.52,24.36,24.52,16920
ILU,20180914,9.58,9.72,9.55,9.65,1774532
IMA,20180914,0.125,0.125,0.115,0.12,282546
IMC,20180914,0.335,0.335,0.335,0.335,10000
IMD,20180914,1.15,1.18,1.14,1.175,226319
IME,20180914,0.027,0.03,0.027,0.03,2208230
IMF,20180914,2.92,2.955,2.88,2.9,598440
IMM,20180914,0.043,0.043,0.041,0.041,4530614
IMS,20180914,0.016,0.016,0.016,0.016,200000
IMU,20180914,0.023,0.023,0.022,0.023,882463
INA,20180914,2.98,3.04,2.95,2.99,206556
INF,20180914,0.077,0.077,0.077,0.077,5000
ING,20180914,3.65,3.71,3.64,3.68,2142106
INP,20180914,0.18,0.19,0.175,0.19,384000
IOF,20180914,5.55,5.55,5.53,5.54,4418956
IOO,20180914,67.53,67.53,66.81,67.45,12259
IOR,20180914,0.086,0.086,0.083,0.084,211799
IOZ,20180914,25.66,25.75,25.6,25.74,114389
IP1,20180914,0.025,0.025,0.022,0.022,35000
IPB,20180914,0.068,0.077,0.068,0.071,7218943
IPD,20180914,0.5,0.515,0.485,0.505,326624
IPH,20180914,5.63,5.63,5.53,5.59,717059
IPL,20180914,3.9,3.965,3.9,3.96,2687021
IRC,20180914,0.14,0.14,0.14,0.14,102000
IRD,20180914,0.076,0.076,0.076,0.076,1
IRE,20180914,12.84,12.97,12.81,12.83,177387
IRI,20180914,2.45,2.47,2.4,2.45,200996
IS3,20180914,0.135,0.135,0.135,0.135,320000
ISD,20180914,0.34,0.375,0.34,0.375,3574456
ISO,20180914,5.13,5.16,5.13,5.16,13809
ISU,20180914,0.755,0.77,0.75,0.75,36077
ISX,20180914,0.165,0.165,0.165,0.165,35910
ITW,20180914,51.45,51.45,51.45,51.45,131
IVC,20180914,12.5,12.51,12.345,12.5,304718
IVE,20180914,92.95,92.95,92.78,92.85,2512
IVV,20180914,407.22,409.41,406.7,409,6760
IVX,20180914,0.035,0.037,0.035,0.036,906301
IVZ,20180914,0.049,0.053,0.048,0.053,1214946
IXI,20180914,70.4,70.4,70.3,70.3,183
IXJ,20180914,86.17,86.6,86.07,86.4,6179
IXU,20180914,0.195,0.195,0.195,0.195,20512
IZZ,20180914,58,58.03,57.63,57.63,1815
JAN,20180914,0.44,0.44,0.39,0.41,113456
JAT,20180914,0.047,0.047,0.045,0.045,1360965
JBH,20180914,24.75,24.97,24.595,24.85,356223
JCI,20180914,0.61,0.61,0.585,0.605,151805
JCS,20180914,0.047,0.047,0.047,0.047,230935
JHC,20180914,1.7,1.7,1.675,1.675,251716
JHG,20180914,38.41,38.41,37.98,38.1,287766
JHL,20180914,0.02,0.02,0.019,0.02,307250
JHX,20180914,21.62,21.7,21.27,21.48,895286
JIN,20180914,6.92,7.07,6.81,7.06,233126
JKA,20180914,0.003,0.003,0.003,0.003,1000000
JLG,20180914,0.94,0.95,0.94,0.94,400038
JMS,20180914,0.345,0.35,0.34,0.345,1174770
K2F,20180914,0.3,0.3,0.295,0.295,13872
KAI,20180914,0.035,0.035,0.033,0.033,2486322
KAM,20180914,0.12,0.12,0.11,0.11,34120
KAR,20180914,1.17,1.175,1.165,1.17,215904
KAS,20180914,0.011,0.011,0.011,0.011,220340
KAT,20180914,0.775,0.775,0.77,0.77,12578
KCN,20180914,0.21,0.21,0.205,0.21,53262
KEY,20180914,0.008,0.008,0.008,0.008,363644
KFE,20180914,0.16,0.16,0.14,0.14,638762
KGL,20180914,0.31,0.31,0.31,0.31,34131
KGN,20180914,6.27,6.3,6.06,6.12,440231
KIN,20180914,0.12,0.12,0.11,0.11,167723
KIS,20180914,0.094,0.095,0.094,0.095,93867
KKT,20180914,0.3,0.3,0.3,0.3,1750
KLL,20180914,0.46,0.46,0.44,0.44,67690
KMD,20180914,2.9,2.9,2.85,2.87,24223
KME,20180914,0.645,0.645,0.58,0.63,171230
KMT,20180914,0.022,0.022,0.02,0.02,2153124
KNL,20180914,0.18,0.18,0.18,0.18,524655
KNM,20180914,0.026,0.026,0.023,0.025,1285874
KOR,20180914,0.033,0.036,0.033,0.034,1198902
KOV,20180914,2.42,2.42,2.42,2.42,2000
KP2,20180914,0.083,0.083,0.083,0.083,2000
KPO,20180914,0.035,0.036,0.035,0.036,171276
KPT,20180914,2.02,2.02,2.02,2.02,5000
KRC,20180914,0.047,0.052,0.046,0.049,14689187
KRL,20180914,0.125,0.125,0.12,0.12,157043
KRM,20180914,0.059,0.059,0.059,0.059,9452
KRX,20180914,0.245,0.245,0.245,0.245,8102
KSC,20180914,1.44,1.44,1.44,1.44,4
KSL,20180914,0.985,1,0.982,1,213254
KSN,20180914,0.022,0.022,0.021,0.021,1432851
KSS,20180914,0.125,0.13,0.11,0.13,658700
KTA,20180914,0.03,0.03,0.03,0.03,80000
KTD,20180914,0.675,0.77,0.675,0.75,4464235
KTE,20180914,0.009,0.009,0.009,0.009,208467
KWR,20180914,0.185,0.19,0.18,0.19,22800
KYK,20180914,0.12,0.12,0.1,0.1,61228
KZA,20180914,0.44,0.44,0.435,0.435,25250
KZR,20180914,0.074,0.074,0.074,0.074,63000
LAA,20180914,0.21,0.215,0.21,0.215,435934
LAU,20180914,0.355,0.36,0.345,0.345,6567971
LCA,20180914,0.92,0.945,0.92,0.925,61462
LCD,20180914,0.023,0.023,0.023,0.023,986665
LCK,20180914,0.165,0.185,0.165,0.185,534328
LCT,20180914,0.026,0.029,0.026,0.029,779699
LEG,20180914,0.039,0.04,0.038,0.04,566644
LEP,20180914,5.43,5.46,5.35,5.4,21956
LEX,20180914,0.17,0.2,0.17,0.2,479440
LGD,20180914,0.32,0.33,0.32,0.33,824072
LI3,20180914,0.088,0.088,0.088,0.088,40000
LIC,20180914,5.97,6.18,5.96,6.18,133847
LIN,20180914,0.015,0.015,0.015,0.015,685585
LIT,20180914,0.1,0.11,0.1,0.11,3583541
LKE,20180914,0.093,0.093,0.09,0.091,106002
LKO,20180914,0.002,0.002,0.002,0.002,4257427
LLC,20180914,19.31,19.49,19.22,19.42,4223750
LMW,20180914,0.55,0.55,0.55,0.55,802
LNG,20180914,0.665,0.675,0.64,0.65,1545382
LNK,20180914,7.49,7.55,7.405,7.54,2543790
LNU,20180914,0.075,0.081,0.075,0.075,4534857
LOM,20180914,0.25,0.25,0.24,0.24,455483
LON,20180914,0.44,0.455,0.44,0.445,176478
LOV,20180914,9.9,9.92,9.51,9.75,323600
LPD,20180914,0.018,0.019,0.018,0.018,986965
LPI,20180914,0.275,0.285,0.265,0.285,300460
LRS,20180914,0.006,0.006,0.005,0.005,11425500
LSF,20180914,1.665,1.69,1.665,1.67,753911
LSR,20180914,0.025,0.025,0.025,0.025,152321
LTR,20180914,0.026,0.027,0.026,0.027,1831296
LVE,20180914,0.099,0.12,0.099,0.12,97950
LVH,20180914,0.525,0.565,0.52,0.565,167936
LVT,20180914,0.585,0.59,0.57,0.57,668359
LYC,20180914,1.85,1.937,1.85,1.935,5832746
LYL,20180914,4.59,4.61,4.52,4.54,205635
M7T,20180914,0.22,0.22,0.22,0.22,72949
MA1,20180914,0.86,0.86,0.845,0.845,32147
MAH,20180914,0.25,0.265,0.25,0.265,2665753
MAM,20180914,0.585,0.585,0.55,0.55,146875
MAQ,20180914,23.79,23.81,23.51,23.51,1525
MAU,20180914,0.19,0.19,0.19,0.19,2700
MAY,20180914,0.021,0.021,0.02,0.021,1380044
MBM,20180914,0.13,0.135,0.13,0.13,120000
MCA,20180914,0.17,0.17,0.165,0.165,120937
MCE,20180914,0.42,0.42,0.41,0.42,214192
MCP,20180914,1.675,1.675,1.635,1.64,44141
MCR,20180914,0.365,0.37,0.365,0.37,518481
MCT,20180914,0.016,0.016,0.014,0.014,864433
MCY,20180914,3,3.02,3,3.02,6497
MDC,20180914,0.49,0.49,0.475,0.475,19150
MEA,20180914,0.34,0.345,0.34,0.345,119583
MEB,20180914,0.089,0.09,0.085,0.089,170834
MEC,20180914,1.035,1.09,1.035,1.09,44950
MED,20180914,0.006,0.006,0.005,0.006,509198
MEI,20180914,0.022,0.025,0.022,0.025,1818641
MEL,20180914,0.061,0.065,0.061,0.065,164658
MEM,20180914,0.013,0.013,0.013,0.013,186493
MEP,20180914,0.044,0.044,0.043,0.043,40719
MEY,20180914,0.125,0.125,0.125,0.125,19710
MEZ,20180914,3.03,3.09,3,3.02,20554
MFD,20180914,0.88,0.88,0.88,0.88,900
MFF,20180914,2.92,2.93,2.88,2.88,331097
MFG,20180914,26.94,27.14,26.91,27.1,269169
MGC,20180914,0.32,0.32,0.32,0.32,130565
MGE,20180914,3.43,3.43,3.4,3.4,299747
MGG,20180914,1.74,1.75,1.73,1.75,768609
MGL,20180914,0.025,0.025,0.025,0.025,1880
MGP,20180914,0.23,0.235,0.22,0.235,900110
MGR,20180914,2.44,2.46,2.43,2.44,16152400
MGV,20180914,0.076,0.076,0.075,0.076,630450
MGX,20180914,0.49,0.495,0.485,0.495,424290
MGZ,20180914,0.018,0.018,0.018,0.018,309623
MHC,20180914,0.012,0.012,0.011,0.011,281532
MHG,20180914,3.18,3.18,3.18,3.18,25718
MHI,20180914,0.16,0.16,0.16,0.16,100000
MHJ,20180914,0.84,0.845,0.82,0.83,109839
MIL,20180914,0.485,0.5,0.48,0.5,149750
MIN,20180914,14.9,15.28,14.86,15.19,1037852
MIR,20180914,2.67,2.68,2.65,2.67,54480
MLD,20180914,1.22,1.235,1.215,1.225,327707
MLM,20180914,0.031,0.032,0.03,0.032,1035583
MLS,20180914,0.003,0.003,0.003,0.003,55560
MLT,20180914,4.58,4.6,4.56,4.6,111173
MLX,20180914,0.525,0.545,0.515,0.53,789807
MMI,20180914,0.185,0.19,0.182,0.19,290878
MMJ,20180914,0.275,0.28,0.265,0.28,1024769
MML,20180914,0.355,0.362,0.345,0.36,71291
MMM,20180914,1.05,1.06,1.03,1.06,117500
MMS,20180914,17.39,17.58,17.28,17.47,385461
MNB,20180914,0.002,0.002,0.002,0.002,500274
MND,20180914,14.6,14.98,14.55,14.88,348830
MNF,20180914,4.89,4.89,4.82,4.83,26322
MNS,20180914,0.36,0.365,0.355,0.355,491546
MNY,20180914,2.25,2.26,2.18,2.2,533431
MOAT,20180914,65,65.08,64.91,65.08,2084
MOC,20180914,1.41,1.495,1.41,1.46,129262
MOD,20180914,0.41,0.41,0.41,0.41,18311
MOE,20180914,5.63,5.76,5.58,5.65,92899
MOX,20180914,0.003,0.003,0.003,0.003,300000
MOY,20180914,0.21,0.22,0.21,0.22,685815
MP1,20180914,3.8,3.82,3.66,3.76,121344
MPL,20180914,2.85,2.895,2.85,2.88,4072315
MPP,20180914,0.725,0.725,0.725,0.725,36
MPW,20180914,0.19,0.195,0.19,0.19,627457
MQG,20180914,123.84,124.89,123.59,124.43,679838
MQR,20180914,0.195,0.195,0.195,0.195,17099
MRC,20180914,0.17,0.17,0.17,0.17,125000
MRD,20180914,0.002,0.002,0.002,0.002,65000
MRM,20180914,0.23,0.23,0.225,0.23,159379
MRP,20180914,0.085,0.085,0.085,0.085,30000
MRQ,20180914,0.004,0.004,0.004,0.004,45940
MRV,20180914,0.008,0.008,0.008,0.008,1250000
MSB,20180914,1.635,1.68,1.63,1.68,958588
MSE,20180914,0.014,0.014,0.014,0.014,500000
MSM,20180914,0.01,0.011,0.01,0.011,256727
MSV,20180914,0.044,0.045,0.044,0.044,1918044
MTC,20180914,0.079,0.079,0.075,0.075,111438
MTO,20180914,3.21,3.21,3.1,3.21,7593
MTS,20180914,2.71,2.77,2.7,2.74,3082991
MUA,20180914,0.66,0.665,0.65,0.665,110922
MUS,20180914,0.009,0.009,0.009,0.009,524000
MVA,20180914,21.78,21.89,21.77,21.82,8089
MVB,20180914,26.97,26.97,26.97,26.97,46
MVE,20180914,28.91,28.93,28.89,28.91,95001
MVF,20180914,1.12,1.125,1.11,1.115,354720
MVP,20180914,3.97,4.04,3.9,3.9,87216
MVR,20180914,25.77,25.77,25.77,25.77,684
MVS,20180914,20.31,20.37,20.31,20.37,3615
MVW,20180914,29,29.15,29,29.15,54171
MWR,20180914,3.24,3.38,3.17,3.38,13643
MWY,20180914,3.1,3.17,3.01,3.17,27884
MXC,20180914,0.052,0.052,0.048,0.05,3630910
MXI,20180914,0.595,0.595,0.595,0.595,7728
MXR,20180914,0.001,0.001,0.001,0.001,2500000
MXT,20180914,2.07,2.08,2.06,2.08,507970
MYE,20180914,1.305,1.395,1.3,1.395,375448
MYL,20180914,0.069,0.07,0.062,0.062,5609646
MYO,20180914,2.91,2.96,2.9,2.95,1247665
MYQ,20180914,0.29,0.29,0.24,0.265,91288
MYR,20180914,0.535,0.61,0.525,0.595,30462501
MYS,20180914,4.78,4.85,4.78,4.85,49456
MYX,20180914,1.225,1.245,1.215,1.22,6827781
MZI,20180914,0.093,0.095,0.093,0.095,39500
MZN,20180914,0.006,0.006,0.006,0.006,206826
MZZ,20180914,0.295,0.295,0.295,0.295,50000
N27,20180914,0.13,0.13,0.13,0.13,7923
NAB,20180914,27.46,27.46,27.29,27.35,3791088
NAC,20180914,1.02,1.03,1.02,1.03,39380
NAE,20180914,0.007,0.007,0.007,0.007,2587066
NAG,20180914,0.062,0.062,0.062,0.062,6296
NAM,20180914,0.47,0.47,0.445,0.445,8129
NAN,20180914,3.19,3.24,3.13,3.2,1318658
NBL,20180914,3.37,3.52,3.37,3.46,12812
NCC,20180914,1.29,1.31,1.29,1.3,30220
NCK,20180914,6.38,6.4,6.23,6.32,175987
NCM,20180914,19.48,19.67,19.35,19.52,3078422
NCZ,20180914,1.05,1.062,1.03,1.06,5254384
NDQ,20180914,18.26,18.26,18.21,18.25,33523
NEA,20180914,1.76,1.765,1.7,1.7,1412565
NEC,20180914,2.25,2.29,2.24,2.24,2308774
NET,20180914,0.03,0.03,0.03,0.03,166666
NEU,20180914,1.3,1.31,1.25,1.265,45061
NEW,20180914,1.49,1.5,1.47,1.47,167553
NGE,20180914,0.65,0.65,0.65,0.65,1975
NGI,20180914,5.67,5.75,5.51,5.69,279298
NHC,20180914,3.65,3.87,3.63,3.74,595583
NHF,20180914,6,6.07,5.99,6.03,875136
NHL,20180914,0.035,0.035,0.034,0.034,404285
NIC,20180914,0.305,0.305,0.295,0.305,110176
NIU,20180914,0.002,0.002,0.002,0.002,7940010
NKP,20180914,0.09,0.09,0.09,0.09,2000
NML,20180914,0.052,0.057,0.052,0.055,1246835
NMT,20180914,0.27,0.27,0.27,0.27,17984
NNW,20180914,0.13,0.132,0.13,0.13,81528
NOR,20180914,0.006,0.006,0.005,0.005,1083129
NOV,20180914,0.225,0.23,0.225,0.23,55661
NOX,20180914,0.635,0.655,0.635,0.655,35218
NSB,20180914,0.18,0.18,0.175,0.175,20000
NSC,20180914,0.86,0.86,0.845,0.86,55024
NSE,20180914,0.004,0.004,0.004,0.004,149225
NSR,20180914,1.7,1.73,1.7,1.72,1265902
NST,20180914,8.19,8.27,8.13,8.22,2073384
NTC,20180914,0.73,0.735,0.725,0.725,281594
NTD,20180914,1.17,1.195,1.17,1.19,18049
NTI,20180914,0.12,0.125,0.12,0.125,104217
NTL,20180914,0.014,0.014,0.014,0.014,52000
NTM,20180914,0.035,0.035,0.035,0.035,50000
NTU,20180914,0.083,0.084,0.08,0.081,1844961
NUF,20180914,6.92,6.97,6.84,6.86,477287
NUH,20180914,0.083,0.083,0.081,0.083,315118
NVA,20180914,0.025,0.026,0.024,0.024,2896078
NVL,20180914,2.34,2.34,2.26,2.28,245110
NVO,20180914,0.01,0.01,0.01,0.01,458728
NVT,20180914,4.25,4.29,4.24,4.28,430188
NVX,20180914,0.615,0.615,0.6,0.6,19070
NWC,20180914,0.055,0.06,0.055,0.06,892407
NWE,20180914,0.003,0.003,0.003,0.003,400999
NWF,20180914,0.135,0.135,0.135,0.135,2400
NWH,20180914,2.06,2.06,1.995,2.02,1298565
NWL,20180914,8,8.29,8,8.14,141260
NWS,20180914,18.11,18.14,17.99,18.08,95442
NXM,20180914,0.065,0.065,0.06,0.06,16349
NXT,20180914,5.98,6.17,5.94,6.15,3215497
NZC,20180914,0.255,0.26,0.255,0.26,127117
NZK,20180914,2.39,2.48,2.39,2.48,10016
NZM,20180914,0.62,0.625,0.605,0.605,30633
OBJ,20180914,0.025,0.026,0.025,0.025,457262
OCC,20180914,0.29,0.29,0.285,0.285,31000
OCL,20180914,2.9,2.9,2.9,2.9,5
OCP,20180914,2.09,2.09,2.09,2.09,1
OEL,20180914,0.069,0.071,0.069,0.071,1564859
OEX,20180914,0.003,0.004,0.003,0.004,1709708
OFX,20180914,1.99,2.08,1.99,2.01,115763
OGA,20180914,0.19,0.19,0.19,0.19,2632
OGC,20180914,3.87,3.87,3.81,3.81,110434
OGX,20180914,0.037,0.037,0.033,0.033,1547563
OIL,20180914,0.048,0.048,0.047,0.047,140000
OKR,20180914,0.225,0.23,0.225,0.23,97491
OKU,20180914,0.29,0.29,0.28,0.29,77007
OLI,20180914,0.135,0.135,0.13,0.135,321974
OLV,20180914,0.039,0.04,0.039,0.04,80000
OMH,20180914,1.36,1.36,1.295,1.35,428653
OML,20180914,5.1,5.13,5.09,5.1,1177161
OMN,20180914,1.085,1.11,1.075,1.09,195990
ONE,20180914,1.4,1.4,1.4,1.4,15000
ONT,20180914,6.03,6.04,6,6.01,18364
ONX,20180914,0.235,0.235,0.19,0.22,737762
OOK,20180914,0.019,0.02,0.019,0.019,462473
OOO,20180914,19.55,19.55,19.44,19.5,1847
OPG,20180914,0.42,0.435,0.42,0.435,65728
OPT,20180914,0.58,0.63,0.58,0.63,11314
ORA,20180914,3.38,3.41,3.37,3.39,2703821
ORE,20180914,3.77,3.93,3.74,3.76,969986
ORG,20180914,8.25,8.37,8.16,8.33,6240936
ORI,20180914,16.5,16.59,16.38,16.43,2230599
ORN,20180914,0.034,0.034,0.034,0.034,95882
ORR,20180914,0.255,0.255,0.255,0.255,10000
OSH,20180914,8.72,8.85,8.71,8.81,2241816
OSL,20180914,0.19,0.195,0.19,0.19,176120
OSP,20180914,0.205,0.21,0.205,0.21,40610
OTW,20180914,4.55,4.69,4.55,4.69,6592
OVH,20180914,0.74,0.745,0.735,0.735,133515
OVL,20180914,0.005,0.005,0.005,0.005,3098505
OVN,20180914,0.225,0.245,0.225,0.245,115000
OZF,20180914,19.88,19.88,19.87,19.87,1083
OZL,20180914,8.51,8.75,8.48,8.71,2441238
OZR,20180914,10.54,10.61,10.54,10.61,19211
P2P,20180914,0.9,0.9,0.89,0.89,23793
PAA,20180914,0.037,0.037,0.037,0.037,41464
PAB,20180914,0.043,0.043,0.041,0.042,2146586
PAC,20180914,6.78,6.79,6.67,6.79,47753
PAF,20180914,1.17,1.17,1.155,1.17,27472
PAI,20180914,1.175,1.2,1.175,1.195,252451
PAK,20180914,0.047,0.048,0.047,0.048,141400
PAN,20180914,0.49,0.49,0.475,0.49,281662
PAR,20180914,0.98,0.98,0.96,0.96,14465
PBP,20180914,1.47,1.52,1.46,1.48,57203
PBT,20180914,0.042,0.042,0.042,0.042,8094
PBX,20180914,0.015,0.017,0.015,0.017,45653
PCG,20180914,3.4,3.4,3.4,3.4,557
PCK,20180914,0.064,0.065,0.062,0.062,963704
PCL,20180914,0.009,0.009,0.009,0.009,16582610
PDI,20180914,0.015,0.015,0.015,0.015,376110
PDL,20180914,9.09,9.27,9.05,9.18,853302
PDN,20180914,0.19,0.195,0.185,0.185,1034305
PDZ,20180914,0.485,0.485,0.47,0.47,41797
PEA,20180914,0.55,0.555,0.535,0.535,396380
PEK,20180914,0.032,0.032,0.031,0.031,489905
PEN,20180914,0.295,0.295,0.295,0.295,25567
PET,20180914,0.405,0.41,0.405,0.405,158980
PEX,20180914,0.38,0.38,0.38,0.38,74931
PFP,20180914,2.93,2.94,2.92,2.92,35243
PG1,20180914,0.165,0.17,0.165,0.17,85000
PGC,20180914,0.72,0.735,0.715,0.72,307730
PGF,20180914,1.31,1.31,1.29,1.3,332387
PGH,20180914,3.92,3.935,3.85,3.88,700463
PGI,20180914,0.035,0.035,0.035,0.035,23276
PGM,20180914,0.105,0.11,0.105,0.11,70206
PGR,20180914,0.32,0.325,0.32,0.325,4667
PGX,20180914,0.385,0.405,0.385,0.405,344594
PGY,20180914,0.021,0.021,0.021,0.021,68975
PHI,20180914,13.05,13.05,13.05,13.05,95
PIA,20180914,1.195,1.205,1.19,1.205,337111
PIC,20180914,1.165,1.165,1.15,1.15,216489
PIL,20180914,0.02,0.021,0.019,0.021,206289
PIO,20180914,0.021,0.021,0.018,0.018,9369005
PIQ,20180914,0.27,0.29,0.27,0.285,80000
PKD,20180914,0.2,0.2,0.2,0.2,2500
PL8,20180914,1.04,1.05,1.035,1.04,366091
PLC,20180914,0.015,0.015,0.013,0.013,38500
PLG,20180914,1.05,1.07,1.05,1.065,935663
PLL,20180914,0.15,0.155,0.15,0.15,215505
PLS,20180914,0.78,0.815,0.762,0.765,9600830
PM1,20180914,0.012,0.012,0.012,0.012,25000
PMC,20180914,1.895,1.92,1.89,1.91,93480
PME,20180914,10.78,10.79,10.66,10.73,145314
PMP,20180914,0.2,0.2,0.2,0.2,270126
PMV,20180914,19.45,19.765,19.45,19.52,292291
PMY,20180914,0.005,0.005,0.005,0.005,1800000
PNC,20180914,3.28,3.295,3.26,3.27,44453
PNI,20180914,7.34,7.4,7.26,7.27,230315
PNL,20180914,0.205,0.205,0.185,0.195,808378
PNN,20180914,0.009,0.009,0.008,0.008,629935
PNR,20180914,0.2,0.21,0.195,0.21,644852
PNV,20180914,0.545,0.55,0.54,0.55,287505
PNW,20180914,0.4,0.4,0.4,0.4,250
PO3,20180914,0.495,0.495,0.495,0.495,1035
POH,20180914,0.024,0.024,0.023,0.023,928851
POU,20180914,17.9,17.9,17.9,17.9,41
POW,20180914,0.028,0.028,0.027,0.028,263933
PPC,20180914,1.2,1.2,1.16,1.195,361747
PPE,20180914,2.02,2.03,1.975,2.03,34288
PPG,20180914,0.22,0.235,0.21,0.215,927403
PPH,20180914,3.62,3.69,3.6,3.67,62867
PPS,20180914,1.08,1.08,1.06,1.06,1056148
PPT,20180914,40.87,41.31,40.79,41.23,166135
PRL,20180914,0.002,0.002,0.002,0.002,1814950
PRO,20180914,0.44,0.44,0.44,0.44,5600
PRT,20180914,0.235,0.235,0.235,0.235,172175
PRU,20180914,0.335,0.35,0.335,0.35,1731665
PRX,20180914,0.09,0.09,0.089,0.089,211665
PRY,20180914,2.87,2.95,2.84,2.84,10403201
PSA,20180914,0.14,0.14,0.14,0.14,1625
PSC,20180914,0.026,0.027,0.026,0.027,712015
PSI,20180914,2.72,2.75,2.71,2.73,11096
PSQ,20180914,1.46,1.465,1.46,1.465,139276
PSY,20180914,0.039,0.039,0.038,0.038,62283
PSZ,20180914,0.155,0.155,0.15,0.15,125402
PTB,20180914,0.6,0.6,0.6,0.6,28706
PTL,20180914,0.315,0.32,0.315,0.32,13179
PTM,20180914,5.05,5.13,5.05,5.07,1002409
PTR,20180914,0.039,0.04,0.039,0.04,19951
PTX,20180914,0.09,0.098,0.09,0.098,238571
PVE,20180914,0.044,0.044,0.044,0.044,53166
PVL,20180914,0.17,0.17,0.17,0.17,20000
PVS,20180914,2.95,3,2.87,3,21836
PWH,20180914,3.15,3.2,3.1,3.18,164524
PXX,20180914,0.075,0.075,0.075,0.075,10000
QAN,20180914,6.26,6.295,6.2,6.27,3238574
QAU,20180914,12.43,12.43,12.4,12.43,11297
QBE,20180914,10.72,10.875,10.68,10.84,2835069
QCB,20180914,8.73,8.78,8.73,8.73,3359
QFY,20180914,0.019,0.02,0.017,0.017,301004
QHL,20180914,0.085,0.085,0.083,0.083,57917
QIP,20180914,1.295,1.31,1.29,1.29,32789
QMIX,20180914,19.73,19.73,19.73,19.73,0
QMS,20180914,0.975,0.995,0.975,0.985,561661
QOZ,20180914,13.33,13.4,13.33,13.38,28970
QRE,20180914,5.89,5.92,5.89,5.91,26767
QUAL,20180914,25.47,25.52,25.43,25.45,30136
QUB,20180914,2.71,2.73,2.7,2.72,2332756
QVE,20180914,1.175,1.18,1.165,1.17,190449
RAC,20180914,0.091,0.091,0.09,0.09,191881
RAN,20180914,0.055,0.055,0.05,0.05,55530
RAP,20180914,0.265,0.28,0.265,0.27,3014596
RARI,20180914,25.08,25.19,25.05,25.19,7348
RAW,20180914,0.027,0.027,0.026,0.026,950000
RBL,20180914,1.61,1.63,1.6,1.6,169719
RBO,20180914,0.022,0.022,0.022,0.022,684661
RBR,20180914,0.006,0.006,0.006,0.006,42735
RCB,20180914,20.23,20.23,20.17,20.18,8693
RCL,20180914,0.44,0.46,0.43,0.45,67287
RCP,20180914,0.015,0.015,0.015,0.015,10000
RCR,20180914,1.08,1.115,1.08,1.1,1243229
RDF,20180914,0.51,0.51,0.51,0.51,2
RDH,20180914,3.3,3.35,3.3,3.33,7687
RDM,20180914,0.13,0.13,0.13,0.13,155438
RDN,20180914,0.014,0.014,0.014,0.014,129493
RDV,20180914,29.17,29.25,29.15,29.25,10862
REA,20180914,84.48,84.83,84.14,84.25,179910
RED,20180914,0.061,0.061,0.061,0.061,20000
REF,20180914,0.028,0.03,0.028,0.03,105820
REG,20180914,3.6,3.69,3.56,3.62,1002305
REH,20180914,11.75,11.78,11.7,11.77,240291
RES,20180914,0.05,0.05,0.05,0.05,84745
REV,20180914,0.011,0.011,0.011,0.011,333923
REX,20180914,1.58,1.595,1.58,1.595,22499
REY,20180914,0.25,0.3,0.25,0.3,10000
RFF,20180914,2.16,2.2,2.15,2.19,202363
RFG,20180914,0.5,0.507,0.495,0.5,288935
RFN,20180914,0.009,0.009,0.008,0.008,1454523
RFT,20180914,0.027,0.027,0.027,0.027,135000
RFX,20180914,0.074,0.074,0.072,0.073,1004542
RGI,20180914,0.375,0.375,0.375,0.375,14000
RGP,20180914,0.039,0.039,0.039,0.039,50000
RHC,20180914,54.67,55.545,54.54,54.98,920569
RHL,20180914,2.81,2.86,2.81,2.81,19745
RHP,20180914,1.22,1.22,1.205,1.22,516061
RHY,20180914,0.14,0.14,0.14,0.14,74047
RIC,20180914,1.435,1.45,1.397,1.45,136548
RIM,20180914,0.013,0.014,0.013,0.014,528866
RIO,20180914,72.43,73.43,72.28,73.15,3252418
RKN,20180914,0.83,0.84,0.805,0.84,43589
RLC,20180914,0.011,0.011,0.011,0.011,200000
RLE,20180914,0.083,0.083,0.079,0.079,797157
RMD,20180914,15.83,15.97,15.83,15.87,1496391
RMP,20180914,0.057,0.057,0.053,0.054,686862
RMS,20180914,0.44,0.46,0.44,0.45,1016827
RMY,20180914,0.23,0.245,0.23,0.24,269800
RNE,20180914,0.01,0.01,0.01,0.01,3045185
RNO,20180914,0.21,0.21,0.205,0.205,22361
RNU,20180914,0.019,0.02,0.019,0.02,1099258
RNX,20180914,0.006,0.006,0.006,0.006,227857
ROBO,20180914,59.68,60.17,59.68,60.12,5841
ROG,20180914,0.003,0.003,0.003,0.003,15837924
ROO,20180914,0.255,0.255,0.255,0.255,1250
RRL,20180914,3.94,3.95,3.83,3.9,2796810
RSG,20180914,1.085,1.11,1.08,1.09,4751656
RSH,20180914,0.105,0.12,0.105,0.115,1091762
RTE,20180914,0.42,0.42,0.41,0.41,59346
RTG,20180914,0.105,0.11,0.105,0.11,68887
RUB,20180914,0.018,0.018,0.018,0.018,100000
RUL,20180914,0.65,0.65,0.645,0.645,70141
RVR,20180914,0.19,0.19,0.185,0.19,1550897
RVY,20180914,0.019,0.019,0.019,0.019,25000
RWC,20180914,5.42,5.57,5.37,5.55,3231209
RXH,20180914,0.006,0.006,0.006,0.006,150000
RXM,20180914,0.086,0.086,0.086,0.086,12300
RXP,20180914,0.485,0.49,0.485,0.485,20822
RYD,20180914,1.23,1.23,1.23,1.23,10000
RZI,20180914,0.91,0.91,0.91,0.91,128
S2R,20180914,0.105,0.105,0.1,0.1,2029
S32,20180914,3.72,3.775,3.7,3.75,21635741
S3R,20180914,0.003,0.004,0.003,0.004,8300000
S66,20180914,0.88,0.885,0.875,0.875,29530
SAR,20180914,1.755,1.78,1.735,1.775,2742522
SAS,20180914,0.048,0.053,0.048,0.053,2469222
SAU,20180914,0.18,0.18,0.18,0.18,23469
SBM,20180914,3.58,3.63,3.47,3.62,3432731
SBR,20180914,0.012,0.012,0.012,0.012,480795
SCG,20180914,4.14,4.17,4.13,4.14,9970182
SCI,20180914,0.027,0.027,0.027,0.027,10000
SCL,20180914,0.013,0.013,0.013,0.013,2589466
SCO,20180914,3.45,3.47,3.4,3.42,273732
SCP,20180914,2.46,2.48,2.46,2.46,2094557
SCT,20180914,0.265,0.29,0.26,0.27,581466
SCU,20180914,0.024,0.024,0.024,0.024,21250
SDA,20180914,4.16,4.34,4.105,4.32,1859290
SDF,20180914,2.83,2.885,2.83,2.88,1726810
SDG,20180914,1.68,1.685,1.675,1.68,11019
SDI,20180914,0.615,0.62,0.615,0.62,14336
SDV,20180914,0.01,0.01,0.01,0.01,135088
SDX,20180914,0.085,0.085,0.084,0.084,158334
SE1,20180914,0.13,0.15,0.125,0.145,2445479
SEA,20180914,0.076,0.077,0.076,0.076,18887817
SEC,20180914,1.9,1.9,1.865,1.87,73472
SEI,20180914,0.017,0.017,0.017,0.017,533278
SEK,20180914,20.8,21.05,20.72,21,540387
SEN,20180914,0.105,0.105,0.102,0.102,206977
SER,20180914,0.004,0.005,0.004,0.005,21500
SES,20180914,0.075,0.075,0.075,0.075,50000
SFC,20180914,16.65,16.69,16.5,16.5,5496
SFG,20180914,0.15,0.16,0.14,0.16,954963
SFH,20180914,1.24,1.25,1.23,1.235,80750
SFI,20180914,0.086,0.087,0.086,0.086,2238982
SFL,20180914,0.042,0.042,0.042,0.042,12400
SFR,20180914,6.79,6.84,6.59,6.8,1593938
SFX,20180914,1.03,1.045,1.02,1.04,160675
SFY,20180914,56.52,57.03,56.52,57.03,11174
SGC,20180914,0.027,0.027,0.027,0.027,138642
SGF,20180914,3.93,3.97,3.89,3.92,149098
SGH,20180914,3.07,3.08,3.04,3.05,7462
SGM,20180914,12.85,12.96,12.69,12.94,620963
SGP,20180914,4.2,4.21,4.19,4.2,3712467
SGQ,20180914,0.12,0.12,0.12,0.12,172532
SGR,20180914,5.2,5.23,5.17,5.2,1807398
SHJ,20180914,0.92,0.92,0.82,0.86,38479
SHL,20180914,25.13,25.27,25.03,25.12,572941
SHM,20180914,1.03,1.065,1.03,1.06,102624
SHO,20180914,0.15,0.15,0.14,0.14,238412
SHV,20180914,5.3,5.41,5.22,5.26,87923
SIG,20180914,0.565,0.59,0.565,0.58,2926634
SIH,20180914,0.016,0.016,0.016,0.016,383814
SIL,20180914,0.98,0.98,0.97,0.97,8723
SIO,20180914,0.445,0.445,0.405,0.405,36393
SIQ,20180914,12.11,12.26,12.06,12.25,246360
SIS,20180914,0.125,0.14,0.125,0.14,109062
SIV,20180914,1.905,1.98,1.85,1.95,44509
SKC,20180914,3.7,3.74,3.7,3.73,310532
SKF,20180914,0.205,0.205,0.205,0.205,40072
SKI,20180914,2.27,2.28,2.26,2.27,2630201
SKO,20180914,2.83,2.87,2.83,2.84,54962
SKT,20180914,1.96,1.965,1.88,1.93,69279
SL1,20180914,0.019,0.019,0.019,0.019,100000
SLC,20180914,2.26,2.31,2.24,2.28,177528
SLF,20180914,13.08,13.16,13.08,13.15,19602
SLK,20180914,4.26,4.3,4.26,4.29,33665
SLM,20180914,0.6,0.6,0.595,0.595,38262
SLR,20180914,0.5,0.505,0.495,0.495,993254
SLX,20180914,0.21,0.22,0.205,0.21,22235
SM1,20180914,12.1,12.16,12,12,113482
SM8,20180914,0.025,0.026,0.025,0.026,50000
SMD,20180914,0.007,0.007,0.007,0.007,15560
SMM,20180914,0.185,0.19,0.185,0.19,10712
SMN,20180914,1.28,1.28,1.255,1.255,14318
SMR,20180914,0.87,0.9,0.87,0.88,384223
SNC,20180914,0.97,0.985,0.965,0.985,52664
SND,20180914,0.39,0.39,0.39,0.39,8000
SNL,20180914,4.1,4.14,4.1,4.14,4521
SNS,20180914,0.14,0.14,0.135,0.135,187341
SNZ,20180914,6.98,6.98,6.97,6.97,3000
SO4,20180914,0.48,0.48,0.48,0.48,264
SOL,20180914,24.5,24.88,24.42,24.75,185960
SOM,20180914,1.89,1.945,1.89,1.945,8485
SOR,20180914,0.031,0.031,0.03,0.03,37088
SPB,20180914,0.005,0.005,0.005,0.005,900
SPI,20180914,0.07,0.072,0.069,0.07,315954
SPK,20180914,3.66,3.66,3.62,3.65,1070940
SPL,20180914,1.46,1.49,1.455,1.485,1168570
SPO,20180914,1.225,1.225,1.22,1.22,6343
SPX,20180914,0.005,0.005,0.005,0.005,26000
SPY,20180914,404.5,404.5,404.5,404.5,37
SPZ,20180914,0.205,0.21,0.195,0.2,273955
SRH,20180914,0.24,0.24,0.24,0.24,1500
SRI,20180914,0.01,0.01,0.01,0.01,1325000
SRN,20180914,0.009,0.009,0.009,0.009,789755
SRO,20180914,0.005,0.005,0.005,0.005,6771234
SRS,20180914,0.046,0.047,0.046,0.047,28705
SRV,20180914,3.98,3.98,3.91,3.91,283994
SSG,20180914,0.425,0.43,0.425,0.425,183134
SSM,20180914,1.75,1.78,1.75,1.77,431148
SSO,20180914,15.09,15.09,15.09,15.09,1093
ST1,20180914,0.2,0.2,0.19,0.19,27543
STA,20180914,0.16,0.16,0.16,0.16,3333
STM,20180914,0.034,0.035,0.032,0.032,1321874
STN,20180914,0.2,0.215,0.2,0.21,77830
STO,20180914,6.94,7.02,6.9,6.97,4363324
STW,20180914,58.27,58.6,58.26,58.6,124171
STX,20180914,0.125,0.125,0.125,0.125,293467
SUD,20180914,0.005,0.005,0.004,0.004,900000
SUL,20180914,8.68,8.74,8.53,8.55,643339
SUN,20180914,14.32,14.38,14.21,14.34,3694482
SUP,20180914,0.041,0.042,0.041,0.042,847658
SVL,20180914,0.026,0.027,0.025,0.026,2511648
SVM,20180914,0.081,0.081,0.081,0.081,10000
SVW,20180914,20.56,20.655,20.34,20.55,574598
SVY,20180914,0.21,0.21,0.2,0.2,242410
SW1,20180914,0.35,0.35,0.35,0.35,14366
SWF,20180914,0.08,0.084,0.079,0.084,181200
SWJ,20180914,0.009,0.009,0.009,0.009,130000
SWK,20180914,0.235,0.235,0.235,0.235,343092
SWM,20180914,1,1.015,0.975,0.995,3787319
SXL,20180914,1.3,1.33,1.295,1.33,1738999
SXY,20180914,0.465,0.47,0.45,0.45,3322986
SYA,20180914,0.034,0.034,0.032,0.032,2871712
SYD,20180914,7.2,7.22,7.17,7.17,9986660
SYI,20180914,28.97,29,28.94,28.99,1247
SYR,20180914,2.36,2.39,2.28,2.29,1727965
SYT,20180914,0.014,0.014,0.014,0.014,63726
T3D,20180914,0.002,0.002,0.002,0.002,3018653
TAH,20180914,4.91,4.92,4.86,4.88,4948343
TAM,20180914,0.036,0.037,0.036,0.037,100645
TAO,20180914,0.165,0.165,0.165,0.165,1229
TAP,20180914,0.09,0.091,0.09,0.091,120015
TAR,20180914,0.09,0.09,0.09,0.09,164648
TAS,20180914,0.045,0.047,0.045,0.045,350000
TAU,20180914,0.25,0.27,0.25,0.27,12500
TAW,20180914,0.29,0.295,0.285,0.295,781852
TBH,20180914,0.064,0.064,0.063,0.063,155000
TBR,20180914,6.3,6.5,6.3,6.5,9326
TCL,20180914,11.27,11.29,11.19,11.24,5875998
TCN,20180914,0.038,0.039,0.038,0.039,277052
TDL,20180914,0.052,0.053,0.046,0.046,4741
TDO,20180914,0.125,0.125,0.115,0.115,553402
TEG,20180914,0.089,0.089,0.089,0.089,2417
TEK,20180914,0.24,0.24,0.24,0.24,44316
TER,20180914,0.585,0.605,0.585,0.6,273513
TFL,20180914,0.145,0.145,0.145,0.145,64757
TGA,20180914,0.6,0.605,0.6,0.6,72388
TGG,20180914,1.44,1.44,1.435,1.435,81806
TGN,20180914,0.465,0.47,0.46,0.46,91161
TGO,20180914,1.08,1.15,1.08,1.1,31850
TGP,20180914,0.97,0.975,0.97,0.97,115810
TGR,20180914,4.3,4.3,4.23,4.3,535743
THC,20180914,0.505,0.57,0.505,0.545,367964
THD,20180914,0.004,0.004,0.004,0.004,1120532
THR,20180914,0.026,0.026,0.026,0.026,64461
THX,20180914,0.014,0.014,0.014,0.014,490263
TIN,20180914,0.19,0.19,0.19,0.19,23757
TKL,20180914,0.03,0.03,0.03,0.03,5935
TLG,20180914,0.5,0.55,0.495,0.55,247296
TLM,20180914,0.285,0.295,0.285,0.29,213852
TLS,20180914,3.19,3.2,3.165,3.19,22406808
TLT,20180914,2.13,2.13,2.13,2.13,1600
TLX,20180914,0.835,0.835,0.82,0.83,211282
TME,20180914,4.8,4.8,4.72,4.75,1357549
TMP,20180914,0.047,0.052,0.047,0.052,149206
TMT,20180914,0.55,0.555,0.55,0.55,75240
TMX,20180914,0.004,0.004,0.004,0.004,187309
TNE,20180914,5.58,5.645,5.575,5.59,411994
TNG,20180914,0.13,0.135,0.13,0.13,235907
TNK,20180914,1.48,1.48,1.48,1.48,2339
TNO,20180914,0.14,0.145,0.14,0.145,260472
TNR,20180914,0.034,0.034,0.034,0.034,5000
TNT,20180914,0.067,0.068,0.067,0.067,42576
TOE,20180914,0.027,0.028,0.027,0.027,318924
TON,20180914,0.045,0.046,0.045,0.045,687452
TOP,20180914,0.7,0.72,0.7,0.72,346277
TOU,20180914,0.11,0.11,0.105,0.105,133401
TPE,20180914,1.505,1.505,1.505,1.505,764
TPM,20180914,8.4,8.57,8.33,8.4,1397707
TPP,20180914,0.18,0.19,0.18,0.19,150071
TPW,20180914,1.035,1.035,1.03,1.03,5000
TRL,20180914,0.007,0.007,0.007,0.007,383745
TRS,20180914,4.93,4.96,4.9,4.91,158595
TRT,20180914,0.082,0.082,0.082,0.082,48944
TRY,20180914,0.11,0.12,0.11,0.12,237812
TSC,20180914,0.006,0.006,0.006,0.006,255000
TSN,20180914,0.007,0.007,0.007,0.007,100000
TTI,20180914,0.033,0.033,0.033,0.033,66392
TTM,20180914,0.027,0.027,0.027,0.027,239937
TTT,20180914,1.92,1.925,1.89,1.92,92186
TV2,20180914,0.009,0.009,0.009,0.009,982280
TWD,20180914,4.03,4.14,4.03,4.04,15474
TWE,20180914,18,18.275,17.89,18.21,1667019
TWR,20180914,0.7,0.71,0.7,0.71,102057
TYX,20180914,0.015,0.015,0.015,0.015,569771
TZL,20180914,0.17,0.17,0.17,0.17,5527
TZN,20180914,0.105,0.105,0.105,0.105,12280
UBA,20180914,20.92,20.92,20.92,20.92,75
UBE,20180914,22.05,22.05,22.05,22.05,657
UBP,20180914,25.07,25.18,25.07,25.15,521
UBU,20180914,29.58,29.58,29.58,29.58,554
UBW,20180914,26.89,26.95,26.88,26.92,3232
UCM,20180914,0.15,0.15,0.145,0.145,11588
UCW,20180914,0.185,0.185,0.185,0.185,12431
UMAX,20180914,20.75,20.81,20.75,20.77,743
UNV,20180914,0.27,0.3,0.27,0.295,1481367
UPD,20180914,1.04,1.16,1.04,1.15,6783053
URB,20180914,1,1,1,1,18363
URF,20180914,1.56,1.57,1.56,1.57,75367
URW,20180914,14.09,14.155,14.09,14.15,598376
USD,20180914,13.51,13.53,13.48,13.5,70338
USR,20180914,0.275,0.275,0.275,0.275,198
UTR,20180914,0.016,0.016,0.015,0.015,1701517
UUV,20180914,0.055,0.055,0.055,0.055,61386
VAE,20180914,64.32,64.55,64.24,64.48,7081
VAF,20180914,48.91,48.93,48.88,48.92,32344
VAH,20180914,0.22,0.225,0.22,0.22,431635
VAL,20180914,0.006,0.006,0.006,0.006,1350000
VAP,20180914,83.4,83.4,82.69,83,13802
VAS,20180914,79.04,79.46,78.99,79.38,37312
VCF,20180914,46.95,47.03,46.91,46.94,1013
VCX,20180914,2.72,2.735,2.715,2.72,4291553
VEA,20180914,2.38,2.4,2.36,2.39,3475814
VEC,20180914,0.026,0.027,0.025,0.026,13184219
VEQ,20180914,56.05,56.09,56.01,56.01,3716
VEU,20180914,71.33,71.68,71.33,71.44,31807
VG1,20180914,2.43,2.45,2.42,2.45,348390
VGAD,20180914,67.67,67.99,67.67,67.99,12008
VGB,20180914,49.25,49.33,49.25,49.28,7775
VGE,20180914,63.44,63.78,63.35,63.53,8177
VGS,20180914,73.51,73.62,73.39,73.5,25679
VHT,20180914,0.9,0.9,0.895,0.9,154916
VHY,20180914,58.62,58.82,58.62,58.72,24337
VIF,20180914,47.8,47.83,47.74,47.83,9723
VLC,20180914,63.52,63.52,63.52,63.52,153
VLT,20180914,0.031,0.035,0.031,0.034,1339453
VLW,20180914,1.995,2.01,1.985,1.99,687899
VMC,20180914,0.195,0.195,0.19,0.195,84557
VML,20180914,0.008,0.008,0.007,0.007,5851473
VMS,20180914,0.023,0.023,0.022,0.023,171390
VMT,20180914,0.055,0.055,0.055,0.055,94805
VMX,20180914,0.275,0.275,0.275,0.275,18901
VMY,20180914,0.098,0.098,0.095,0.097,433731
VN8,20180914,0.13,0.135,0.13,0.135,110626
VOC,20180914,2.92,3.05,2.92,3.04,2148534
VPC,20180914,0.003,0.004,0.003,0.004,139578
VPR,20180914,0.002,0.002,0.002,0.002,2359030
VRC,20180914,0.022,0.022,0.02,0.02,437775
VRL,20180914,2.32,2.35,2.29,2.34,254246
VRM,20180914,0.019,0.019,0.018,0.018,932600
VRS,20180914,0.225,0.225,0.225,0.225,228211
VRT,20180914,5.52,5.59,5.46,5.51,242585
VRX,20180914,0.07,0.07,0.065,0.065,77413
VSO,20180914,57.24,57.61,57.24,57.59,2941
VTG,20180914,1.08,1.08,1.025,1.04,311493
VTH,20180914,0.94,0.94,0.935,0.935,18807
VTS,20180914,208.81,209.12,208.5,208.5,6578
VVR,20180914,2.23,2.25,2.22,2.25,721522
VXR,20180914,0.18,0.185,0.175,0.185,336004
WAA,20180914,1.145,1.15,1.145,1.145,313750
WAF,20180914,0.3,0.3,0.295,0.295,375811
WAM,20180914,2.48,2.49,2.47,2.47,387371
WAX,20180914,1.695,1.695,1.68,1.68,70547
WBA,20180914,1.77,1.78,1.71,1.78,49863
WBC,20180914,27.67,27.9,27.66,27.76,10653008
WBE,20180914,0.003,0.003,0.003,0.003,13013144
WBT,20180914,0.048,0.048,0.045,0.047,5696446
WDE,20180914,0.93,0.94,0.93,0.935,667838
WDIV,20180914,19.17,19.22,19.17,19.2,1365
WEB,20180914,16.2,16.54,15.96,16.38,371693
WEL,20180914,0.02,0.02,0.02,0.02,27583
WEMG,20180914,20.57,20.57,20.52,20.52,1825
WES,20180914,50.65,51.2,50.31,50.42,2330647
WGB,20180914,2.19,2.2,2.19,2.2,631730
WGF,20180914,0.87,0.87,0.865,0.865,28749
WGN,20180914,4.4,4.44,4.36,4.38,103563
WGX,20180914,1.32,1.345,1.32,1.335,201589
WHA,20180914,1.09,1.12,1.09,1.1,151919
WHC,20180914,5.07,5.29,5.07,5.17,15345003
WHF,20180914,4.7,4.7,4.67,4.67,13571
WHK,20180914,0.048,0.055,0.048,0.055,367716
WIC,20180914,1.145,1.145,1.145,1.145,1000
WKT,20180914,0.145,0.145,0.135,0.14,493497
WLD,20180914,0.08,0.08,0.079,0.08,165525
WLE,20180914,1.22,1.22,1.21,1.22,537767
WLL,20180914,5.07,5.07,5.07,5.07,433
WMC,20180914,0.021,0.021,0.021,0.021,100000
WMI,20180914,1.45,1.485,1.45,1.485,459111
WMK,20180914,0.84,0.855,0.84,0.855,97483
WML,20180914,0.09,0.09,0.09,0.09,46210
WND,20180914,1.37,1.4,1.37,1.4,14138
WNR,20180914,0.295,0.295,0.29,0.29,28171
WOR,20180914,20.49,20.68,20.39,20.57,7530056
WOW,20180914,27.53,27.67,27.345,27.41,1651770
WPL,20180914,36.65,37.03,36.65,36.91,2324880
WPP,20180914,0.855,0.88,0.855,0.88,972391
WQG,20180914,1.11,1.11,1.095,1.1,448873
WRLD,20180914,12.75,12.75,12.75,12.75,2060
WSA,20180914,2.42,2.46,2.38,2.45,2362267
WSI,20180914,0.016,0.016,0.016,0.016,26409
WTC,20180914,21,21.44,20.87,21.1,394315
WTP,20180914,0.665,0.665,0.665,0.665,1905
WWI,20180914,0.016,0.016,0.015,0.015,1620138
WXHG,20180914,22.935,22.94,22.93,22.94,357
WXOZ,20180914,31.1,31.1,31.06,31.06,1649
WZR,20180914,0.05,0.055,0.05,0.055,1146605
XAM,20180914,0.13,0.13,0.125,0.125,546710
XF1,20180914,0.59,0.605,0.58,0.6,223799
XIP,20180914,1.47,1.52,1.47,1.5,195237
XPE,20180914,0.003,0.003,0.003,0.003,416667
XRO,20180914,48.16,48.41,47.77,48.21,642177
XST,20180914,0.004,0.004,0.004,0.004,75773
XTD,20180914,0.033,0.035,0.033,0.035,60000
YAL,20180914,0.12,0.12,0.12,0.12,412154
YMAX,20180914,8.88,8.89,8.86,8.87,27658
YOJ,20180914,0.091,0.1,0.091,0.098,2277563
YOW,20180914,0.1,0.105,0.099,0.1,421532
YPB,20180914,0.021,0.021,0.02,0.02,936840
Z1P,20180914,1.105,1.125,1.1,1.11,1031928
ZEL,20180914,6.58,6.65,6.5,6.65,2295
ZEN,20180914,0.825,0.845,0.815,0.84,262689
ZGL,20180914,0.081,0.081,0.081,0.081,10000
ZIM,20180914,6,6.02,6,6.02,2
ZIP,20180914,0.018,0.019,0.018,0.018,1067118
ZLD,20180914,0.079,0.08,0.076,0.076,619382
ZMI,20180914,0.006,0.006,0.006,0.006,835000
ZNC,20180914,0.14,0.14,0.135,0.135,21166
ZNO,20180914,0.074,0.074,0.071,0.071,38000
ZNT,20180914,1.395,1.4,1.39,1.395,509950
ZOZI,20180914,11.1,11.1,11.1,11.1,1
ZUSD,20180914,10.66,10.68,10.66,10.68,137
ZYB,20180914,0.012,0.012,0.011,0.011,1073860
ZYUS,20180914,13.3,13.32,13.29,13.3,7194
XAF,20180914,5911,5955,5911,5945.7,0
XAO,20180914,6239.9,6283.8,6239.9,6276.3,0
XAT,20180914,6059.1,6103.3,6059.2,6095.2,0
XDJ,20180914,2476.7,2479,2460,2473.9,0
XEC,20180914,1409.2,1409.8,1404.6,1407.3,0
XEJ,20180914,11946,12056.1,11936.2,12016,0
XFJ,20180914,6062.3,6105.7,6062.3,6092.2,0
XFL,20180914,5962.3,6007.2,5962.3,5998,0
XGD,20180914,4579.4,4635.2,4579.4,4619.4,0
XHJ,20180914,31770,32397.8,31770.6,32307.7,0
XIJ,20180914,1192.7,1208.8,1192.7,1208.2,0
XJO,20180914,6128.7,6173.3,6128.7,6165.3,0
XJR,20180914,4159.1,4211.2,4159.1,4206.1,0
XKO,20180914,6085,6128.7,6085,6121,0
XMD,20180914,7008.8,7055.6,7008.8,7047.7,0
XMJ,20180914,11277.8,11406.4,11277.8,11391.6,0
XMM,20180914,3518.6,3570.9,3518.6,3566.9,0
XNJ,20180914,6137.9,6171.8,6135,6163.4,0
XPJ,20180914,1460,1467.1,1459,1462.8,0
XSJ,20180914,11111.8,11173.1,11075.6,11090.9,0
XSO,20180914,2814.3,2832.3,2813.9,2831,0
XTJ,20180914,1198.5,1208.9,1198.5,1207.9,0
XTL,20180914,3369.7,3398.2,3369.7,3392.5,0
XTO,20180914,5036.1,5072.9,5036.1,5065.9,0
XUJ,20180914,7561.7,7594.5,7554.8,7564,0
XXJ,20180914,6761.5,6809.9,6761.5,6794.8,0
