AAC,20070124,2.1,2.14,2.1,2.13,349058
AAE,20070124,0.36,0.36,0.35,0.355,168228
AAM,20070124,0.185,0.19,0.185,0.185,76024
AAN,20070124,13.91,13.92,13.81,13.9,2841422
AAO,20070124,0.17,0.17,0.17,0.17,11000
AAQ,20070124,0.69,0.7,0.69,0.7,136344
AAR,20070124,0.073,0.073,0.07,0.072,6861891
AAT,20070124,0.095,0.1,0.095,0.1,399658
AAU,20070124,0.63,0.66,0.63,0.64,346170
AAX,20070124,3.96,4.14,3.96,4.05,224867
ABB,20070124,7.5,7.58,7.49,7.51,702162
ABC,20070124,2.85,2.85,2.8,2.83,886625
ABI,20070124,0.055,0.055,0.054,0.054,14000
ABJ,20070124,0.235,0.24,0.235,0.235,52491
ABP,20070124,1.81,1.85,1.805,1.85,576633
ABQ,20070124,0.31,0.31,0.3,0.3,158631
ABS,20070124,7.9,7.9,7.75,7.75,1455126
ABU,20070124,0.1,0.105,0.093,0.095,1399622
ABW,20070124,10.56,10.56,10.55,10.55,3500
ABY,20070124,2.28,2.31,2.22,2.26,9509066
ACB,20070124,1,1.03,0.95,0.955,855927
ACE,20070124,0.175,0.175,0.175,0.175,102695
ACG,20070124,0.18,0.3,0.18,0.25,299667
ACL,20070124,0.86,0.865,0.86,0.865,20557
ACR,20070124,0.775,0.775,0.76,0.76,239040
ACS,20070124,0.15,0.15,0.145,0.15,188000
ADA,20070124,0.685,0.72,0.685,0.72,99896
ADB,20070124,12.66,12.79,12.66,12.75,538861
ADG,20070124,3.4,3.4,3.36,3.38,37740
ADI,20070124,0.91,0.91,0.82,0.865,439101
ADL,20070124,0.058,0.059,0.056,0.056,490000
ADN,20070124,0.455,0.5,0.455,0.5,652652
ADS,20070124,0.185,0.205,0.175,0.18,5647548
ADU,20070124,0.66,0.67,0.66,0.67,43671
ADX,20070124,0.084,0.084,0.084,0.084,960000
ADY,20070124,0.13,0.13,0.125,0.125,1797500
ADZ,20070124,2.48,2.49,2.48,2.48,2780092
AEC,20070124,4.5,4.5,4.46,4.46,30661
AED,20070124,4.47,4.53,4.47,4.5,240562
AEE,20070124,0.565,0.57,0.55,0.57,96979
AEF,20070124,49,49,49,49,600
AEI,20070124,0.655,0.655,0.65,0.65,58250
AEO,20070124,2.17,2.18,2.13,2.15,488659
AEP,20070124,3.99,4,3.99,4,4225
AET,20070124,1.025,1.025,1.015,1.015,12878
AEU,20070124,1.85,1.865,1.85,1.855,396768
AEX,20070124,0.048,0.049,0.047,0.048,5675012
AEZ,20070124,1.16,1.16,1.155,1.16,402500
AFG,20070124,12.5,12.5,12.18,12.39,967011
AFI,20070124,5.34,5.43,5.34,5.36,246255
AFT,20070124,0.011,0.011,0.011,0.011,1100000
AGC,20070124,1.42,1.47,1.4,1.44,665694
AGD,20070124,0.037,0.04,0.037,0.04,127222
AGF,20070124,1.205,1.21,1.17,1.18,945126
AGG,20070124,11.85,12.2,11.85,12.2,17070
AGI,20070124,0.645,0.645,0.63,0.63,60108
AGK,20070124,17.27,17.31,17.11,17.3,553628
AGM,20070124,0.7,0.715,0.69,0.705,4870296
AGO,20070124,0.64,0.65,0.625,0.625,481150
AGS,20070124,2.11,2.22,2.1,2.22,955926
AGX,20070124,0.14,0.15,0.14,0.14,485689
AGY,20070124,0.09,0.09,0.09,0.09,60000
AHD,20070124,6.25,6.35,6.25,6.25,2233
AHE,20070124,2.5,2.5,2.5,2.5,8500
AHS,20070124,0.96,0.96,0.96,0.96,45000
AHU,20070124,3.91,4.15,3.91,4.15,7762
AIA,20070124,2,2.03,1.985,2.03,24286
AIE,20070124,0.38,0.39,0.38,0.39,718933
AIH,20070124,3.22,3.22,3.21,3.21,25251
AII,20070124,0.205,0.22,0.205,0.22,296282
AIM,20070124,0.28,0.285,0.27,0.275,3490084
AIX,20070124,2.63,2.68,2.62,2.67,1194047
AIZ,20070124,1.74,1.76,1.73,1.76,45951
AJL,20070124,1.11,1.12,1.11,1.12,19726
AKK,20070124,1.03,1.03,0.985,0.99,469246
ALB,20070124,1.86,1.97,1.86,1.91,512002
ALD,20070124,0.345,0.35,0.345,0.35,125520
ALK,20070124,0.255,0.26,0.255,0.26,5616207
ALL,20070124,16.37,16.4,16.11,16.26,1519325
ALR,20070124,1.84,1.84,1.82,1.82,24154
ALS,20070124,11.91,12,11.42,11.42,197102
ALU,20070124,1.25,1.25,1.25,1.25,55479
ALZ,20070124,2.06,2.07,2.04,2.06,601148
AMA,20070124,0.49,0.49,0.48,0.48,133300
AMB,20070124,1.22,1.22,1.22,1.22,12500
AMC,20070124,7.24,7.28,7.2,7.25,1968681
AMH,20070124,0.68,0.68,0.68,0.68,24860
AMM,20070124,0.16,0.16,0.155,0.16,153330
AMO,20070124,0.6,0.62,0.57,0.605,57885
AMP,20070124,10.48,10.6,10.46,10.58,5433173
AMU,20070124,0.98,0.98,0.945,0.96,185841
AND,20070124,0.39,0.395,0.385,0.395,270681
ANE,20070124,4.45,4.45,4.45,4.45,15500
ANG,20070124,1.21,1.25,1.21,1.25,275280
ANH,20070124,0.057,0.058,0.057,0.057,703688
ANM,20070124,0.525,0.53,0.51,0.51,50095
ANN,20070124,11.46,11.48,11.06,11.22,1597022
ANO,20070124,0.195,0.195,0.195,0.195,5600
ANP,20070124,0.057,0.06,0.055,0.055,749000
ANX,20070124,0.285,0.3,0.285,0.3,20000
ANZ,20070124,28.86,28.94,28.65,28.8,5434585
AOD,20070124,9.4,9.4,9.4,9.4,700
AOE,20070124,1.16,1.165,1.14,1.145,674799
AOI,20070124,0.078,0.078,0.073,0.075,955000
AOP,20070124,0.465,0.475,0.46,0.46,31100
AOS,20070124,0.1,0.1,0.095,0.095,95000
APA,20070124,4.23,4.27,4.2,4.23,331624
APB,20070124,0.19,0.19,0.175,0.175,110000
APD,20070124,3.28,3.3,3.28,3.3,30000
APG,20070124,0.085,0.086,0.083,0.086,2119066
API,20070124,2.1,2.11,2.07,2.1,1029159
APK,20070124,0.67,0.705,0.64,0.705,105890
APM,20070124,0.029,0.03,0.028,0.028,782000
APN,20070124,6.12,6.15,6.07,6.15,477381
APP,20070124,0.7,0.7,0.7,0.7,7275
APV,20070124,0.13,0.145,0.13,0.145,10000
APZ,20070124,1.86,1.88,1.85,1.85,389518
AQA,20070124,3.55,3.55,3.46,3.46,39000
AQD,20070124,0.18,0.18,0.175,0.175,258406
AQL,20070124,0.026,0.026,0.026,0.026,50000
AQP,20070124,32,33,32,32.61,205037
ARA,20070124,0.57,0.57,0.57,0.57,29225
ARE,20070124,0.225,0.225,0.22,0.225,329822
ARG,20070124,8.31,8.39,8.3,8.33,59013
ARJ,20070124,0.011,0.011,0.01,0.01,2000000
ARM,20070124,0.38,0.385,0.36,0.385,557002
ARO,20070124,0.018,0.018,0.018,0.018,119667
ARP,20070124,3.88,3.9,3.85,3.85,19656
ARQ,20070124,1.285,1.3,1.265,1.29,1184997
ARR,20070124,3.24,3.27,3.17,3.27,123829
ARU,20070124,0.9,0.92,0.89,0.91,555645
ARW,20070124,0.425,0.445,0.425,0.435,594774
ARX,20070124,0.022,0.023,0.022,0.022,1186900
ASB,20070124,3.56,3.64,3.5,3.6,422726
ASC,20070124,0.032,0.032,0.032,0.032,70366
ASL,20070124,1.95,1.95,1.92,1.92,287035
ASQ,20070124,0.42,0.42,0.42,0.42,5000
ASV,20070124,0.038,0.038,0.037,0.037,114000
ASX,20070124,39.15,39.5,38.47,38.75,515738
ASZ,20070124,1.01,1.02,1,1.02,60000
ATP,20070124,0.455,0.455,0.455,0.455,21500
ATV,20070124,0.12,0.12,0.11,0.12,42000
ATZ,20070124,0.125,0.13,0.125,0.125,191169
AUB,20070124,5.26,5.44,5.25,5.35,295562
AUN,20070124,1.285,1.285,1.25,1.265,1342346
AUS,20070124,1.19,1.21,1.19,1.21,253246
AUT,20070124,0.55,0.57,0.55,0.57,28500
AUW,20070124,2.84,2.85,2.79,2.81,865415
AUX,20070124,0.065,0.066,0.064,0.064,2416000
AUZ,20070124,0.085,0.087,0.08,0.08,18755780
AVA,20070124,0.062,0.062,0.062,0.062,421000
AVD,20070124,0.495,0.52,0.49,0.52,152588
AVE,20070124,2.62,2.62,2.6,2.61,73914
AVJ,20070124,1.245,1.27,1.24,1.25,225393
AVO,20070124,1.39,1.41,1.38,1.4,730669
AVQ,20070124,0.28,0.28,0.275,0.275,159500
AVR,20070124,1.66,1.66,1.65,1.65,2300
AVS,20070124,0.54,0.55,0.525,0.55,298214
AVX,20070124,0.56,0.57,0.52,0.525,10912336
AWB,20070124,3.39,3.39,3.24,3.31,2396971
AWC,20070124,6.77,6.82,6.72,6.74,7980188
AWE,20070124,2.74,2.78,2.74,2.78,5303180
AWG,20070124,0.195,0.2,0.195,0.2,150000
AWS,20070124,0.045,0.045,0.04,0.041,4223077
AXA,20070124,7.5,7.51,7.35,7.49,1886512
AXI,20070124,0.285,0.285,0.285,0.285,60000
AXM,20070124,0.325,0.325,0.315,0.32,183985
AXO,20070124,0.84,0.85,0.83,0.85,75531
AXQ,20070124,0.81,0.84,0.805,0.835,837100
AXT,20070124,0.375,0.39,0.375,0.385,152000
AYF,20070124,9.83,10,9.83,10,8500
AYR,20070124,0.15,0.17,0.15,0.17,166000
AZA,20070124,1.39,1.39,1.345,1.35,344115
AZC,20070124,0.28,0.28,0.255,0.27,923719
AZD,20070124,0.155,0.17,0.155,0.17,60780
AZM,20070124,0.24,0.24,0.24,0.24,30000
AZS,20070124,0.1,0.1,0.098,0.098,100000
AZX,20070124,1.4,1.42,1.4,1.42,4000
AZZ,20070124,0.81,0.81,0.775,0.79,659996
BAR,20070124,0.26,0.27,0.255,0.27,1769066
BAS,20070124,0.095,0.098,0.095,0.097,566240
BBG,20070124,16.49,16.51,16.35,16.43,1344223
BBI,20070124,1.92,1.935,1.89,1.92,6303677
BBP,20070124,2.9,2.9,2.89,2.89,1199721
BBW,20070124,1.73,1.73,1.68,1.68,3292023
BCF,20070124,0.85,0.86,0.85,0.86,481749
BCI,20070124,0.78,0.79,0.775,0.775,44380
BCM,20070124,4.42,4.44,4.38,4.42,117841
BCN,20070124,0.54,0.59,0.515,0.515,1921155
BDG,20070124,0.4,0.4,0.37,0.375,5457961
BDI,20070124,0.53,0.53,0.53,0.53,1473
BDL,20070124,0.27,0.27,0.265,0.27,97950
BDM,20070124,0.315,0.315,0.31,0.31,29333
BDS,20070124,4.3,4.3,4.26,4.26,23576
BEC,20070124,3.26,3.3,3.26,3.3,211307
BEI,20070124,1.42,1.45,1.42,1.44,411272
BEL,20070124,0.42,0.42,0.42,0.42,10000
BEN,20070124,13.58,13.6,13.49,13.55,713291
BER,20070124,0.585,0.62,0.585,0.615,70992
BGD,20070124,0.52,0.52,0.52,0.52,15000
BGF,20070124,0.265,0.275,0.265,0.27,12549763
BHP,20070124,25.8,25.95,25.71,25.9,34739920
BIT,20070124,0.275,0.275,0.265,0.265,107070
BIX,20070124,0.165,0.17,0.15,0.155,32200
BJT,20070124,2.03,2.03,2,2.01,5142767
BKI,20070124,1.5,1.51,1.5,1.51,58241
BKL,20070124,20,20,19.67,19.67,5330
BKN,20070124,8.51,8.6,8.49,8.56,811379
BKP,20070124,0.21,0.21,0.205,0.21,260130
BKW,20070124,12.55,12.77,12.55,12.77,23140
BKY,20070124,1.385,1.41,1.34,1.4,566626
BLD,20070124,8.26,8.29,8.14,8.18,2726804
BLG,20070124,0.58,0.61,0.58,0.595,1012000
BLK,20070124,0.31,0.31,0.31,0.31,15000
BLP,20070124,0.85,0.86,0.85,0.86,306951
BLR,20070124,0.105,0.11,0.105,0.105,5777271
BLS,20070124,0.18,0.195,0.175,0.195,55950
BLT,20070124,0.2,0.215,0.195,0.195,1426409
BLU,20070124,1.4,1.45,1.4,1.44,567354
BLZ,20070124,0.026,0.026,0.025,0.026,416850
BMN,20070124,2.88,3.05,2.85,2.85,702166
BMO,20070124,0.13,0.135,0.11,0.11,9557659
BMX,20070124,0.275,0.28,0.27,0.275,481580
BMY,20070124,0.22,0.24,0.22,0.23,42000
BNB,20070124,27.05,27.38,26.5,26.75,1927783
BNL,20070124,0.255,0.28,0.255,0.27,382601
BNO,20070124,0.27,0.27,0.26,0.26,25000
BNT,20070124,0.165,0.165,0.15,0.155,1031535
BOC,20070124,0.78,0.78,0.78,0.78,141000
BOD,20070124,0.14,0.14,0.14,0.14,77813
BOL,20070124,4.13,4.21,4.11,4.2,495268
BOM,20070124,0.28,0.28,0.27,0.28,42962
BOQ,20070124,15.28,15.45,15.28,15.38,244603
BOS,20070124,0.16,0.165,0.16,0.165,226143
BOW,20070124,0.17,0.17,0.165,0.165,782528
BPG,20070124,0.042,0.043,0.042,0.043,50000
BPH,20070124,0.13,0.13,0.13,0.13,27700
BPK,20070124,0.095,0.1,0.095,0.1,91511
BPO,20070124,0.03,0.03,0.028,0.028,2533000
BPT,20070124,1.24,1.25,1.23,1.23,5800280
BQT,20070124,0.225,0.23,0.2,0.21,1146048
BRO,20070124,0.003,0.003,0.003,0.003,125000
BRW,20070124,0.36,0.365,0.35,0.365,398449
BSA,20070124,0.625,0.64,0.61,0.625,120501
BSG,20070124,2.79,2.84,2.76,2.77,822681
BSL,20070124,8.36,8.48,8.32,8.47,2131132
BSM,20070124,0.34,0.34,0.33,0.33,13200
BSO,20070124,0.715,0.715,0.67,0.69,74956
BTA,20070124,1.58,1.635,1.58,1.63,407589
BTC,20070124,0.43,0.43,0.42,0.42,80721
BTV,20070124,0.115,0.115,0.115,0.115,97140
BUG,20070124,0.52,0.52,0.505,0.505,7114
BUR,20070124,0.275,0.285,0.265,0.265,1407471
BUY,20070124,0.057,0.057,0.055,0.055,140158
BVA,20070124,2.94,3,2.94,3,40181
BWP,20070124,2.15,2.17,2.14,2.17,364430
BXB,20070124,13.32,13.34,13.11,13.18,6228510
BXP,20070124,0.215,0.215,0.21,0.21,173503
BYI,20070124,1,1,0.9,0.9,18750
BYR,20070124,0.225,0.235,0.22,0.235,148222
BZI,20070124,0.48,0.48,0.48,0.48,10000
CAA,20070124,1.05,1.055,1.035,1.035,193950
CAB,20070124,9.8,9.98,9.76,9.87,140157
CAF,20070124,1.16,1.17,1.15,1.17,39594
CAJ,20070124,0.125,0.125,0.09,0.09,74100
CAL,20070124,0.98,1.06,0.98,1.05,16690
CAM,20070124,1.1,1.1,1.1,1.1,39426
CAS,20070124,0.28,0.3,0.27,0.295,143950
CAU,20070124,0.082,0.084,0.082,0.084,85000
CAZ,20070124,0.75,0.755,0.71,0.75,293760
CBA,20070124,50.15,50.39,50,50.16,2168795
CBD,20070124,0.155,0.155,0.145,0.155,281028
CBH,20070124,0.68,0.69,0.655,0.665,2015833
CBM,20070124,2.7,2.7,2.7,2.7,10961
CCE,20070124,0.135,0.14,0.135,0.14,1787540
CCI,20070124,0.005,0.005,0.004,0.005,4750000
CCL,20070124,7.95,7.95,7.72,7.72,1446911
CCP,20070124,8.96,9.06,8.9,9.06,165042
CCS,20070124,0.06,0.061,0.059,0.06,1444290
CCU,20070124,0.37,0.37,0.36,0.36,482116
CCV,20070124,0.72,0.72,0.69,0.695,3991240
CDA,20070124,1.43,1.46,1.43,1.46,60000
CDD,20070124,5.9,5.93,5.88,5.93,12643
CDI,20070124,1.055,1.09,1.05,1.05,838625
CDL,20070124,0.09,0.09,0.09,0.09,15835
CDM,20070124,1.17,1.17,1.17,1.17,17000
CDO,20070124,4.04,4.05,4.03,4.04,5000
CDP,20070124,4.95,4.95,4.9,4.95,5926430
CDR,20070124,2.16,2.16,2.1,2.13,1460019
CDS,20070124,0.029,0.03,0.028,0.029,2351791
CDT,20070124,0.35,0.35,0.3,0.3,136000
CDU,20070124,4.25,4.3,4.17,4.22,246169
CDX,20070124,2.25,2.28,2.25,2.28,693465
CEC,20070124,0.63,0.7,0.62,0.7,33835
CEG,20070124,2.07,2.2,2.05,2.1,82457
CER,20070124,2.06,2.06,2,2.05,813579
CEU,20070124,1.45,1.455,1.435,1.44,1414604
CEY,20070124,2.85,2.87,2.84,2.85,889147
CFE,20070124,0.36,0.375,0.36,0.37,1240558
CFI,20070124,0.72,0.72,0.705,0.72,56698
CFK,20070124,0.315,0.315,0.315,0.315,38350
CFR,20070124,0.013,0.013,0.013,0.013,550579
CFU,20070124,1.15,1.17,1.14,1.145,99747
CFX,20070124,2.33,2.34,2.31,2.33,3513510
CGF,20070124,4.49,4.5,4.41,4.45,2739744
CGJ,20070124,14.1,14.18,14.01,14.16,3365124
CGM,20070124,0.285,0.285,0.285,0.285,12500
CGO,20070124,1.1,1.1,1.1,1.1,16035
CGS,20070124,0.215,0.215,0.215,0.215,25000
CGX,20070124,0.52,0.54,0.52,0.525,78000
CHB,20070124,48,48,48,48,852
CHC,20070124,2.5,2.5,2.46,2.47,110884
CHD,20070124,1.06,1.1,1.06,1.1,28547
CHF,20070124,0.4,0.4,0.4,0.4,74277
CHN,20070124,0.12,0.125,0.12,0.12,175064
CHO,20070124,6.49,6.49,6.49,6.49,551
CHP,20070124,0.021,0.023,0.021,0.023,934710
CHQ,20070124,0.75,0.755,0.75,0.755,77093
CIF,20070124,3.59,3.65,3.58,3.65,2316441
CIG,20070124,0.077,0.078,0.074,0.075,732600
CII,20070124,0.14,0.14,0.13,0.13,70000
CIL,20070124,2.05,2.25,2.05,2.25,479816
CIR,20070124,1.71,1.75,1.71,1.75,18310
CIX,20070124,0.5,0.52,0.495,0.495,54000
CIY,20070124,4.89,4.92,4.86,4.92,178159
CKK,20070124,0.18,0.2,0.18,0.195,203954
CKL,20070124,0.585,0.585,0.58,0.585,112000
CKP,20070124,1.65,1.65,1.65,1.65,5000
CKR,20070124,0.18,0.18,0.18,0.18,4000
CLH,20070124,1.03,1.04,1.03,1.04,7463
CLO,20070124,0.495,0.5,0.495,0.495,253608
CLT,20070124,1.46,1.47,1.45,1.47,70205
CLV,20070124,0.12,0.125,0.12,0.125,52500
CLX,20070124,0.98,0.98,0.98,0.98,1500
CME,20070124,0.059,0.059,0.055,0.055,1493022
CMI,20070124,1.75,1.75,1.71,1.71,27107
CMK,20070124,0.35,0.36,0.35,0.36,22911
CMO,20070124,0.014,0.014,0.013,0.013,5307690
CMP,20070124,0.175,0.185,0.175,0.185,9703
CMQ,20070124,0.225,0.225,0.22,0.22,48980
CMR,20070124,5.5,5.54,5.41,5.44,206492
CMV,20070124,0.44,0.44,0.41,0.41,75227
CMW,20070124,1.22,1.22,1.21,1.21,488239
CNA,20070124,76,76,76,76,25
CNB,20070124,1.55,1.55,1.55,1.55,2666
CND,20070124,3.51,3.7,3.51,3.59,508981
CNF,20070124,0.08,0.08,0.08,0.08,15000
CNM,20070124,0.032,0.032,0.031,0.031,60500
CNN,20070124,0.105,0.125,0.1,0.12,1280900
CNP,20070124,8.9,8.9,8.78,8.88,1957597
CNT,20070124,0.82,0.85,0.82,0.83,14000
COA,20070124,5.83,5.85,5.83,5.83,1046807
COE,20070124,0.44,0.45,0.44,0.45,233589
COF,20070124,4.49,4.5,4.35,4.5,34894
COH,20070124,58.35,58.59,57.38,58.59,120706
COI,20070124,0.38,0.38,0.355,0.37,401197
COK,20070124,0.175,0.175,0.175,0.175,500000
COM,20070124,0.17,0.17,0.17,0.17,16000
COO,20070124,0.21,0.215,0.21,0.215,102800
COS,20070124,0.135,0.135,0.135,0.135,13141
COU,20070124,2.6,2.68,2.6,2.68,37362
CPA,20070124,1.41,1.415,1.4,1.41,3981132
CPB,20070124,23.01,23.15,23,23.04,32066
CPI,20070124,0.38,0.38,0.37,0.375,77000
CPK,20070124,0.835,0.845,0.825,0.845,610267
CPR,20070124,2.75,2.75,2.7,2.7,9913
CPU,20070124,9.15,9.37,9.12,9.37,2436496
CQT,20070124,0.93,0.975,0.91,0.935,4923963
CRC,20070124,0.26,0.26,0.26,0.26,30000
CRE,20070124,0.325,0.325,0.32,0.32,269299
CRG,20070124,13.75,14.05,13.71,13.83,262113
CRJ,20070124,0.41,0.41,0.405,0.405,347380
CRK,20070124,1.16,1.185,1.14,1.14,117418
CRT,20070124,0.655,0.67,0.65,0.67,140421
CSE,20070124,0.415,0.43,0.415,0.43,173898
CSH,20070124,2.45,2.49,2.4,2.49,17000
CSL,20070124,68,68.5,67.69,68.2,710430
CSM,20070124,2.34,2.36,2.24,2.29,2452078
CSR,20070124,3.79,3.8,3.74,3.77,5591162
CSS,20070124,1.005,1.005,0.995,0.995,25712
CST,20070124,3.77,3.8,3.77,3.79,75076
CTI,20070124,0.08,0.09,0.08,0.09,157925
CTN,20070124,1.63,1.64,1.63,1.64,97668
CTO,20070124,0.44,0.445,0.43,0.43,356285
CTP,20070124,0.22,0.225,0.195,0.2,476500
CTS,20070124,0.61,0.615,0.555,0.58,518265
CTX,20070124,21.98,22.1,21.63,21.68,1046575
CUE,20070124,0.125,0.135,0.125,0.13,2213510
CUL,20070124,0.035,0.035,0.033,0.033,3667714
CUO,20070124,0.485,0.495,0.48,0.485,779390
CUS,20070124,0.24,0.24,0.235,0.235,1289343
CUV,20070124,0.84,0.91,0.79,0.8,1394830
CUY,20070124,0.695,0.705,0.67,0.67,46622
CVC,20070124,2.15,2.19,2.15,2.19,105800
CVG,20070124,0.3,0.31,0.3,0.31,62500
CVI,20070124,0.13,0.13,0.12,0.12,184000
CVN,20070124,0.098,0.099,0.093,0.097,3928636
CWG,20070124,0.27,0.27,0.25,0.25,75000
CWP,20070124,4.85,4.85,4.85,4.85,9873
CWT,20070124,0.915,0.94,0.915,0.92,413018
CXD,20070124,2.25,2.25,2.22,2.22,10471
CXE,20070124,0.26,0.265,0.23,0.26,213919
CXG,20070124,1.15,1.15,1.15,1.15,1750
CXM,20070124,0.16,0.16,0.16,0.16,10000
CXN,20070124,0.12,0.12,0.115,0.115,151000
CXP,20070124,5.75,5.75,5.7,5.72,162546
CXS,20070124,0.66,0.68,0.645,0.655,751265
CYA,20070124,1.3,1.33,1.3,1.33,43272
CYC,20070124,0.43,0.43,0.405,0.41,516060
CYG,20070124,4.75,4.8,4.72,4.72,13148
CYL,20070124,0.225,0.225,0.22,0.22,25000
CYN,20070124,0.42,0.42,0.405,0.42,36000
CYT,20070124,0.685,0.74,0.685,0.725,59462
CZR,20070124,0.81,0.82,0.77,0.81,58523
DBS,20070124,0.81,0.83,0.81,0.83,17650
DDT,20070124,0.39,0.395,0.38,0.38,135500
DEG,20070124,0.145,0.145,0.145,0.145,106800
DES,20070124,0.245,0.25,0.24,0.25,60000
DEX,20070124,2.5,2.5,2.46,2.5,33628
DGR,20070124,0.1,0.1,0.099,0.099,120000
DIA,20070124,0.052,0.052,0.051,0.052,533455
DIO,20070124,0.097,0.1,0.097,0.099,3479205
DJS,20070124,4.35,4.45,4.32,4.44,1233385
DJW,20070124,4.9,4.95,4.89,4.95,34472
DKN,20070124,1.3,1.3,1.28,1.285,28560
DLS,20070124,0.14,0.14,0.14,0.14,320000
DMA,20070124,0.295,0.3,0.29,0.29,136555
DML,20070124,0.21,0.215,0.21,0.21,156721
DMP,20070124,3.84,3.85,3.7,3.72,86717
DMX,20070124,1.22,1.295,1.21,1.22,589925
DOM,20070124,1.65,1.7,1.65,1.67,231866
DON,20070124,0.38,0.38,0.37,0.37,99000
DOW,20070124,6.78,6.84,6.77,6.81,2125052
DRA,20070124,0.16,0.165,0.16,0.16,82310
DRK,20070124,0.21,0.245,0.21,0.23,528697
DRT,20070124,1.725,1.775,1.72,1.73,6342162
DRX,20070124,0.305,0.325,0.305,0.305,33742
DTL,20070124,5.05,5.1,5.05,5.1,13150
DUE,20070124,3.1,3.18,3.07,3.12,892176
DUL,20070124,0.083,0.083,0.083,0.083,16815
DVM,20070124,0.086,0.086,0.084,0.086,1333173
DVN,20070124,1.01,1.01,1,1.01,116240
DWS,20070124,1.93,1.93,1.87,1.9,579769
DXL,20070124,2.5,2.51,2.4,2.44,5503969
DYE,20070124,0.51,0.52,0.485,0.5,265961
DYL,20070124,0.51,0.53,0.51,0.515,12631960
EBB,20070124,2.86,2.9,2.73,2.73,160669
EBG,20070124,0.265,0.265,0.265,0.265,45400
EBI,20070124,4.54,4.58,4.54,4.54,118167
EBR,20070124,0.062,0.063,0.061,0.063,485531
EBT,20070124,0.165,0.17,0.165,0.17,449471
ECH,20070124,0.41,0.41,0.41,0.41,25000
ECI,20070124,0.02,0.02,0.02,0.02,350000
ECU,20070124,0.05,0.05,0.047,0.047,252429
EDE,20070124,0.405,0.41,0.38,0.4,247645
EDM,20070124,0.08,0.08,0.08,0.08,30455
EEE,20070124,0.29,0.29,0.28,0.28,52500
EFT,20070124,0.074,0.074,0.074,0.074,4000
EGL,20070124,0.155,0.16,0.155,0.155,348238
EGO,20070124,0.009,0.009,0.008,0.009,2096588
EGX,20070124,0.75,0.8,0.75,0.765,1458296
EHL,20070124,1.89,1.89,1.855,1.86,4482091
EIF,20070124,0.026,0.038,0.026,0.031,5749039
EIG,20070124,1.065,1.065,1.06,1.06,158500
EIV,20070124,0.18,0.18,0.17,0.17,553000
EKA,20070124,0.405,0.405,0.38,0.38,73527
EKM,20070124,0.285,0.285,0.285,0.285,14000
ELI,20070124,1.12,1.12,1.105,1.11,134000
ELK,20070124,0.325,0.35,0.325,0.335,116700
ELL,20070124,0.175,0.19,0.175,0.19,1304572
ELX,20070124,0.87,0.875,0.86,0.875,47321
EMB,20070124,5.75,5.75,5.75,5.75,3765
EME,20070124,4.68,4.7,4.5,4.5,47800
EMI,20070124,1.21,1.21,1.16,1.19,91680
EMM,20070124,0.095,0.098,0.095,0.098,30000
EMR,20070124,0.155,0.16,0.15,0.16,74897
EMS,20070124,0.135,0.135,0.135,0.135,126762
ENB,20070124,0.205,0.21,0.205,0.205,90000
ENE,20070124,4.68,4.71,4.67,4.68,342502
ENG,20070124,0.255,0.265,0.25,0.265,1250389
ENV,20070124,1.205,1.215,1.19,1.2,1693781
EOL,20070124,1.18,1.185,1.17,1.17,20300
EON,20070124,0.63,0.63,0.62,0.62,44420
EOS,20070124,1.555,1.7,1.555,1.65,98100
EPE,20070124,0.026,0.027,0.026,0.026,363931
EPG,20070124,0.72,0.72,0.72,0.72,39818
EPR,20070124,0.036,0.036,0.036,0.036,63000
EPS,20070124,0.47,0.5,0.45,0.465,398903
EPY,20070124,0.57,0.6,0.57,0.59,5761
EQI,20070124,1.58,1.615,1.57,1.57,177851
EQN,20070124,1.91,1.97,1.91,1.96,1952588
EQT,20070124,25,25,25,25,680
EQX,20070124,0.13,0.13,0.13,0.13,800
ERA,20070124,21.31,21.59,20.97,21,708666
ERG,20070124,0.24,0.24,0.23,0.235,1487768
ERN,20070124,0.65,0.7,0.625,0.68,2144993
ERO,20070124,0.235,0.235,0.23,0.23,62326
ESG,20070124,0.29,0.29,0.28,0.28,899472
ESI,20070124,0.235,0.235,0.21,0.235,14585214
ESS,20070124,0.61,0.615,0.61,0.615,7000
ESV,20070124,0.715,0.725,0.715,0.72,120000
ETE,20070124,0.24,0.245,0.23,0.245,296752
ETR,20070124,3.46,3.53,3.46,3.5,402471
ETW,20070124,0.18,0.18,0.17,0.17,129330
EUG,20070124,0.038,0.038,0.038,0.038,189184
EVE,20070124,0.285,0.285,0.25,0.265,3578213
EVM,20070124,0.14,0.14,0.14,0.14,43200
EVZ,20070124,0.405,0.42,0.4,0.42,432275
EWC,20070124,0.52,0.53,0.51,0.53,172089
EXR,20070124,0.34,0.37,0.34,0.345,2632500
EXS,20070124,0.31,0.325,0.31,0.32,1931421
EXT,20070124,0.091,0.093,0.09,0.092,4220052
EYE,20070124,0.305,0.305,0.275,0.275,1152600
EZE,20070124,0.145,0.145,0.145,0.145,31992
EZL,20070124,3.92,3.92,3.92,3.92,11600
EZY,20070124,0.135,0.16,0.135,0.16,1234092
FAN,20070124,3.35,3.4,3.35,3.4,3079
FAR,20070124,0.12,0.12,0.115,0.12,2025778
FAS,20070124,1.41,1.48,1.41,1.48,140873
FAT,20070124,0.985,0.995,0.985,0.985,43500
FBU,20070124,9.5,9.94,9.5,9.94,44443
FCL,20070124,2.1,2.11,2.04,2.06,2658370
FCN,20070124,0.355,0.365,0.345,0.345,388953
FDL,20070124,0.016,0.016,0.016,0.016,530513
FEA,20070124,0.615,0.63,0.615,0.63,78833
FER,20070124,1.74,1.74,1.47,1.5,549608
FFF,20070124,0.07,0.07,0.07,0.07,600000
FFI,20070124,3.38,3.38,3.38,3.38,250
FGI,20070124,1.07,1.07,1.07,1.07,10000
FGL,20070124,6.86,6.86,6.75,6.76,8474776
FIC,20070124,0.25,0.25,0.245,0.245,43055
FKP,20070124,7.09,7.09,6.88,7.05,213940
FLK,20070124,0.785,0.785,0.78,0.78,31490
FLR,20070124,0.2,0.2,0.2,0.2,3750
FLT,20070124,16.98,17.08,16.96,16.99,88389
FLX,20070124,4.5,4.6,4.38,4.45,238821
FMG,20070124,15,15.05,14.77,14.97,197006
FML,20070124,0.061,0.069,0.06,0.068,48118518
FNT,20070124,0.135,0.14,0.13,0.14,638300
FPA,20070124,3.44,3.44,3.35,3.35,446468
FPH,20070124,3.83,3.83,3.83,3.83,15000
FPS,20070124,3,3.02,2.99,2.99,266920
FRE,20070124,0.68,0.7,0.68,0.7,208942
FRI,20070124,0.89,0.91,0.89,0.91,9000
FRL,20070124,0.105,0.105,0.105,0.105,73000
FRR,20070124,0.86,0.88,0.85,0.85,16600
FRS,20070124,0.4,0.4,0.39,0.395,142900
FRV,20070124,0.096,0.096,0.096,0.096,40000
FSA,20070124,0.595,0.67,0.595,0.67,256899
FUL,20070124,0.105,0.105,0.1,0.1,402500
FUN,20070124,1.7,1.7,1.66,1.67,416262
FUT,20070124,0.007,0.007,0.007,0.007,56000
FWD,20070124,8.14,8.2,8.13,8.16,62498
FXJ,20070124,4.87,4.87,4.82,4.83,5989616
FXL,20070124,3.12,3.18,3.06,3.14,216769
FXR,20070124,1.565,1.565,1.49,1.51,708951
FZN,20070124,0.795,0.8,0.795,0.8,98075
GAA,20070124,1,1,0.995,0.995,22523
GAP,20070124,0.85,0.85,0.8,0.8,78000
GAU,20070124,0.18,0.205,0.18,0.19,346000
GBE,20070124,0.77,0.785,0.75,0.77,106095
GBG,20070124,0.695,0.7,0.67,0.69,1841869
GBP,20070124,0.33,0.35,0.295,0.315,3126372
GBT,20070124,3.15,3.2,3.15,3.2,76961
GCL,20070124,3.68,3.7,3.67,3.68,126103
GCR,20070124,0.046,0.047,0.044,0.044,1107889
GCX,20070124,1.16,1.16,1.11,1.11,39159
GDA,20070124,0.015,0.016,0.015,0.015,250150
GDM,20070124,0.71,0.77,0.71,0.735,917591
GDN,20070124,0.7,0.72,0.69,0.69,1634308
GDR,20070124,0.64,0.64,0.64,0.64,66385
GDY,20070124,0.94,0.96,0.94,0.94,142924
GFD,20070124,0.88,0.885,0.88,0.885,119250
GFF,20070124,2.34,2.34,2.31,2.32,2987307
GGP,20070124,0.25,0.255,0.25,0.25,505881
GGX,20070124,0.06,0.06,0.06,0.06,116500
GGY,20070124,0.085,0.094,0.085,0.092,21380473
GHG,20070124,1.35,1.35,1.345,1.345,132300
GIL,20070124,0.5,0.5,0.5,0.5,982
GIP,20070124,0.11,0.115,0.11,0.115,150000
GIR,20070124,0.925,0.98,0.9,0.95,384161
GJT,20070124,1.04,1.04,1.035,1.035,975829
GLA,20070124,0.17,0.18,0.17,0.18,10000
GLB,20070124,0.28,0.295,0.28,0.28,682931
GLC,20070124,0.655,0.655,0.655,0.655,5000
GLF,20070124,0.28,0.29,0.265,0.265,45000
GLI,20070124,1.055,1.055,1.005,1.015,624480
GLN,20070124,0.225,0.23,0.225,0.23,100758
GLO,20070124,0.054,0.056,0.054,0.056,49167
GLX,20070124,0.155,0.16,0.155,0.16,180000
GME,20070124,0.665,0.69,0.665,0.69,46450
GMI,20070124,1.285,1.31,1.285,1.305,475346
GMR,20070124,0.08,0.09,0.08,0.082,414998
GNC,20070124,10.06,10.21,10,10.1,81113
GNL,20070124,0.046,0.048,0.046,0.047,565000
GNS,20070124,3.25,3.29,3.22,3.26,5137148
GOA,20070124,0.12,0.12,0.115,0.115,56855
GOG,20070124,0.275,0.28,0.27,0.28,203806
GOP,20070124,0.22,0.235,0.22,0.225,98258
GOW,20070124,3.56,3.56,3.54,3.55,2773
GPG,20070124,2.24,2.27,2.24,2.27,374173
GPN,20070124,0.043,0.043,0.042,0.042,5859424
GPR,20070124,0.6,0.6,0.6,0.6,20000
GPT,20070124,5.35,5.39,5.3,5.37,6287470
GRB,20070124,0.37,0.37,0.37,0.37,27000
GRD,20070124,2.23,2.26,2.23,2.26,739860
GRK,20070124,0.06,0.06,0.06,0.06,23160
GRL,20070124,0.33,0.33,0.3,0.3,40617
GRN,20070124,0.27,0.275,0.27,0.275,166000
GRR,20070124,1.58,1.58,1.55,1.565,36289
GRV,20070124,1.3,1.3,1.25,1.25,29663
GRY,20070124,0.325,0.33,0.325,0.325,113000
GSA,20070124,1.25,1.265,1.245,1.265,3242689
GSE,20070124,0.115,0.12,0.11,0.115,1741705
GSF,20070124,0.026,0.026,0.025,0.025,840112
GTG,20070124,0.34,0.34,0.33,0.33,177357
GTP,20070124,2.78,2.8,2.78,2.79,863334
GTX,20070124,0.21,0.22,0.21,0.21,74000
GUD,20070124,8.82,8.82,8.3,8.35,271895
GUL,20070124,0.074,0.075,0.072,0.075,286140
GUN,20070124,0.315,0.315,0.31,0.31,186500
GVM,20070124,0.64,0.64,0.635,0.64,38400
GWR,20070124,2.42,2.44,2.32,2.43,110474
GWT,20070124,3.76,3.76,3.65,3.7,472991
GWV,20070124,0.004,0.005,0.004,0.004,11450000
GYN,20070124,0.27,0.27,0.26,0.26,39406
GZL,20070124,2.3,2.3,2.3,2.3,3000
HAN,20070124,19.05,19.1,19.05,19.1,350
HAO,20070124,0.051,0.053,0.051,0.052,392312
HAP,20070124,1.02,1.08,1,1.07,306214
HAV,20070124,1.56,1.595,1.55,1.55,196791
HAZ,20070124,0.25,0.265,0.25,0.26,272800
HCY,20070124,0.02,0.021,0.02,0.02,6659897
HDF,20070124,3.11,3.13,3.08,3.1,698897
HDG,20070124,0.245,0.245,0.245,0.245,20000
HDN,20070124,0.13,0.13,0.13,0.13,20000
HEG,20070124,0.125,0.125,0.12,0.12,92000
HER,20070124,1.2,1.21,1.18,1.18,49500
HFA,20070124,2.1,2.15,2.1,2.15,24435
HGI,20070124,3.46,3.49,3.42,3.46,2299788
HGO,20070124,0.255,0.26,0.255,0.26,211264
HGR,20070124,0.043,0.043,0.037,0.043,545800
HHL,20070124,13.11,13.22,13.1,13.22,2641
HHM,20070124,0.195,0.195,0.185,0.185,99755
HHV,20070124,1.1,1.105,1.1,1.105,334752
HHY,20070124,1.855,1.86,1.855,1.86,226892
HIC,20070124,0.955,0.955,0.955,0.955,2000
HIG,20070124,0.3,0.3,0.28,0.285,2286464
HIL,20070124,5.4,5.43,5.36,5.36,186438
HIP,20070124,2,2.01,2,2.01,3140
HJB,20070124,0.33,0.33,0.33,0.33,100000
HLD,20070124,0.245,0.25,0.245,0.25,100000
HLX,20070124,0.17,0.19,0.16,0.17,3317760
HMC,20070124,0.09,0.09,0.084,0.084,1725049
HME,20070124,15.01,15.02,14.95,14.96,97503
HNG,20070124,2.1,2.1,2.1,2.1,19246
HNR,20070124,0.29,0.31,0.285,0.31,31345
HPX,20070124,2,2.06,1.98,2.06,132969
HRD,20070124,0.245,0.25,0.245,0.25,200000
HRR,20070124,0.82,0.85,0.82,0.83,209000
HRS,20070124,0.13,0.13,0.13,0.13,12500
HSK,20070124,0.9,0.9,0.9,0.9,26598
HSN,20070124,0.32,0.33,0.32,0.33,6400
HSP,20070124,5.96,6.14,5.96,6.11,567607
HST,20070124,3.04,3.07,3.04,3.05,313088
HTA,20070124,0.225,0.225,0.225,0.225,425377
HTM,20070124,0.03,0.03,0.03,0.03,625000
HTW,20070124,0.82,0.845,0.805,0.83,115142
HVN,20070124,4.07,4.09,4.02,4.09,4472829
HWG,20070124,0.22,0.22,0.22,0.22,80000
HWI,20070124,1.89,1.9,1.88,1.9,143726
HYO,20070124,0.28,0.28,0.27,0.27,2560000
HZL,20070124,0.61,0.61,0.61,0.61,10000
HZN,20070124,0.31,0.32,0.31,0.31,518940
IAG,20070124,6.58,6.58,6.47,6.53,10639796
IAS,20070124,0.315,0.315,0.29,0.295,191300
IAU,20070124,0.635,0.66,0.62,0.62,62368
IBA,20070124,1.58,1.585,1.52,1.555,1600387
IBC,20070124,0.63,0.63,0.63,0.63,10250
IBG,20070124,1.36,1.38,1.36,1.38,7680
IBR,20070124,0.62,0.63,0.6,0.61,666920
IBT,20070124,2.01,2.01,1.97,1.97,1329512
ICC,20070124,0.078,0.078,0.078,0.078,10000
ICD,20070124,0.66,0.725,0.65,0.65,61100
ICN,20070124,0.061,0.064,0.06,0.064,620500
ICP,20070124,0.049,0.055,0.049,0.05,2217042
ICS,20070124,0.25,0.25,0.25,0.25,8000
IDL,20070124,0.325,0.33,0.325,0.325,1742610
IDM,20070124,0.29,0.305,0.285,0.295,733993
IDO,20070124,0.485,0.51,0.485,0.505,332500
IDT,20070124,1.97,2.02,1.97,1.97,28720
IEF,20070124,1.165,1.165,1.155,1.16,200556
IFL,20070124,11.3,11.94,11.04,11.8,155995
IFM,20070124,0.78,0.78,0.77,0.77,16509976
IGC,20070124,0.29,0.3,0.28,0.3,81829
IGD,20070124,1.1,1.115,1.1,1.11,402394
IGO,20070124,4,4.2,3.97,4.16,1974175
IGR,20070124,0.13,0.13,0.125,0.13,969939
IHF,20070124,1.09,1.1,1.09,1.1,12350
IHG,20070124,0.2,0.2,0.185,0.185,17000
IIF,20070124,2.38,2.4,2.38,2.4,2318373
III,20070124,0.33,0.38,0.33,0.38,138113
IIN,20070124,0.92,1,0.92,0.975,685429
ILF,20070124,1.345,1.35,1.34,1.345,325206
ILU,20070124,6.15,6.37,6.14,6.35,1499459
IMA,20070124,2.65,2.69,2.48,2.6,205074
IMD,20070124,0.935,0.94,0.915,0.92,2310481
IMF,20070124,0.75,0.75,0.75,0.75,36408
IMI,20070124,0.02,0.021,0.02,0.021,2212500
IMP,20070124,0.015,0.016,0.015,0.015,281500
IMU,20070124,0.34,0.37,0.34,0.355,804349
INL,20070124,0.24,0.25,0.24,0.245,2538462
IOF,20070124,1.625,1.625,1.61,1.625,1645955
IOH,20070124,1.015,1.015,0.98,0.98,157385
IPA,20070124,0.84,0.845,0.84,0.845,6132
IPE,20070124,1.01,1.01,1.01,1.01,5020
IPG,20070124,2.44,2.46,2.43,2.46,5569791
IPL,20070124,37.58,37.74,35.76,36.71,81959
IPM,20070124,1.3,1.36,1.3,1.33,1166351
IPN,20070124,0.26,0.28,0.26,0.27,512500
IPR,20070124,0.15,0.16,0.15,0.155,290000
IPT,20070124,0.245,0.255,0.245,0.255,60000
IRC,20070124,0.24,0.24,0.23,0.23,149100
IRE,20070124,6.83,6.88,6.76,6.77,406885
IRI,20070124,0.495,0.495,0.485,0.485,43616
IRN,20070124,0.73,0.74,0.715,0.74,1264875
ISS,20070124,0.42,0.44,0.41,0.44,91310
ITC,20070124,0.084,0.084,0.081,0.082,904500
ITD,20070124,0.61,0.615,0.6,0.605,274371
ITE,20070124,0.17,0.175,0.165,0.17,197723
ITT,20070124,0.27,0.27,0.27,0.27,105000
IUL,20070124,0.155,0.155,0.155,0.155,16000
IVC,20070124,5.4,5.4,5.31,5.31,167943
IVK,20070124,3.8,3.8,3.61,3.7,6650
IWF,20070124,2.13,2.19,2.1,2.12,349320
IWI,20070124,1.82,1.835,1.82,1.835,5000
IWL,20070124,4.76,4.86,4.73,4.73,145837
JAG,20070124,0.19,0.19,0.18,0.18,97043
JBH,20070124,6.93,6.95,6.82,6.88,621095
JBM,20070124,15.69,16.1,15.69,16.01,851180
JET,20070124,1.82,1.82,1.82,1.82,1000
JFM,20070124,1.405,1.415,1.4,1.415,749594
JGL,20070124,0.275,0.29,0.27,0.27,590799
JHX,20070124,9.67,9.85,9.62,9.67,6653531
JMB,20070124,1.66,1.66,1.65,1.65,1000
JML,20070124,0.925,0.96,0.92,0.945,505053
JMS,20070124,0.365,0.365,0.35,0.36,734194
JPR,20070124,0.047,0.055,0.047,0.054,1187018
JRL,20070124,1.57,1.59,1.57,1.59,31509
JRV,20070124,0.012,0.015,0.012,0.014,85903745
JST,20070124,3.58,3.68,3.58,3.65,2013505
JUM,20070124,0.035,0.036,0.035,0.036,173334
JVG,20070124,0.2,0.2,0.195,0.2,100000
KAL,20070124,0.12,0.13,0.115,0.13,2033702
KAR,20070124,1.67,1.68,1.62,1.62,115460
KAT,20070124,1.1,1.1,1.08,1.08,15000
KCN,20070124,3.77,3.78,3.68,3.69,569092
KIL,20070124,1.31,1.31,1.28,1.28,663636
KIM,20070124,0.78,0.78,0.715,0.72,8574786
KIS,20070124,1.13,1.13,1.12,1.13,52500
KKT,20070124,0.335,0.335,0.32,0.32,113000
KLM,20070124,0.62,0.63,0.62,0.63,3000
KME,20070124,1.49,1.58,1.49,1.5,108340
KMN,20070124,0.65,0.65,0.635,0.635,96700
KNH,20070124,0.15,0.15,0.15,0.15,10000
KOR,20070124,0.66,0.74,0.625,0.71,412296
KOV,20070124,5.8,5.8,5.75,5.75,1880
KRS,20070124,0.34,0.345,0.33,0.335,446812
KSC,20070124,3.96,4,3.96,4,22465
KSX,20070124,0.045,0.045,0.045,0.045,20
KTL,20070124,0.033,0.033,0.031,0.031,114697
KYC,20070124,0.77,0.77,0.77,0.77,25340
KZL,20070124,5.91,6,5.87,5.92,3647274
LAF,20070124,0.089,0.089,0.088,0.088,764040
LAT,20070124,0.065,0.065,0.058,0.058,453000
LAU,20070124,0.23,0.23,0.23,0.23,18139
LBT,20070124,0.235,0.25,0.23,0.23,170500
LCL,20070124,0.62,0.63,0.62,0.62,53228
LCT,20070124,0.2,0.2,0.195,0.2,220500
LDW,20070124,7.1,7.3,7.1,7.3,26187
LEF,20070124,0.255,0.26,0.255,0.26,60000
LEG,20070124,0.08,0.08,0.079,0.079,1014846
LEI,20070124,21,21.05,20.56,20.65,947935
LEP,20070124,3.94,3.96,3.94,3.94,99148
LFE,20070124,1.495,1.52,1.495,1.5,247431
LGD,20070124,0.735,0.74,0.735,0.74,201830
LGO,20070124,0.028,0.028,0.028,0.028,20000
LHG,20070124,3.01,3.04,3.01,3.01,19690380
LIM,20070124,14.55,14.89,14.55,14.89,14014
LIN,20070124,0.345,0.345,0.34,0.34,146000
LIO,20070124,0.39,0.4,0.39,0.4,822342
LIP,20070124,0.77,0.78,0.77,0.77,56342
LKO,20070124,0.017,0.018,0.017,0.018,3909278
LLC,20070124,18,18.3,18,18.17,3232688
LMC,20070124,2.26,2.35,2.25,2.35,43243
LMG,20070124,0.017,0.017,0.015,0.016,3227297
LMP,20070124,0.2,0.2,0.195,0.195,275000
LMW,20070124,0.8,0.82,0.79,0.79,15944
LNC,20070124,0.26,0.26,0.25,0.25,126000
LNG,20070124,0.63,0.67,0.62,0.67,276700
LNN,20070124,8.22,8.3,8.12,8.29,1059919
LOD,20070124,0.05,0.05,0.05,0.05,800000
LOK,20070124,5.85,5.85,5.82,5.83,820
LPL,20070124,0.265,0.27,0.265,0.27,57012
LRF,20070124,1.035,1.045,1.035,1.035,460000
LRL,20070124,0.78,0.78,0.78,0.78,51900
LSG,20070124,1.885,1.895,1.87,1.88,339353
LSL,20070124,0.006,0.007,0.006,0.007,1778000
LTR,20070124,0.3,0.36,0.3,0.36,733226
LUM,20070124,0.019,0.019,0.018,0.018,1200000
LVL,20070124,0.045,0.045,0.045,0.045,22500
LWB,20070124,1.59,1.59,1.55,1.57,32400
LYC,20070124,0.575,0.585,0.57,0.58,1806254
MAA,20070124,0.18,0.185,0.12,0.12,1174900
MAC,20070124,0.034,0.034,0.034,0.034,100000
MAE,20070124,0.7,0.71,0.67,0.71,266172
MAH,20070124,0.865,0.875,0.86,0.865,1008653
MAL,20070124,0.58,0.58,0.565,0.565,70869
MAP,20070124,3.68,3.68,3.6,3.65,8192621
MAQ,20070124,1.19,1.19,1.19,1.19,114
MAR,20070124,0.23,0.23,0.21,0.215,136174
MBA,20070124,0.175,0.185,0.175,0.18,1567883
MBI,20070124,0.007,0.007,0.007,0.007,17545855
MBL,20070124,81,81.12,80.58,81.01,802119
MBN,20070124,3.49,3.59,3.49,3.56,176045
MBP,20070124,1.045,1.07,1.02,1.02,681910
MBR,20070124,2.46,2.48,2.33,2.36,530897
MBT,20070124,1,1,0.94,0.95,99525
MCC,20070124,5.18,5.21,5.16,5.16,254386
MCG,20070124,6.25,6.29,6.2,6.25,1758432
MCH,20070124,1.35,1.35,1.35,1.35,377
MCL,20070124,0.012,0.012,0.011,0.012,4120954
MCO,20070124,0.3,0.3,0.29,0.29,104241
MCP,20070124,2.65,2.67,2.61,2.66,74525
MCQ,20070124,4.25,4.45,4.25,4.45,417695
MCR,20070124,2.65,2.66,2.6,2.65,2516362
MCW,20070124,2.15,2.15,2.11,2.13,3430350
MDG,20070124,0.27,0.27,0.25,0.25,30109
MDL,20070124,1.65,1.67,1.57,1.58,1389624
MDM,20070124,0.145,0.145,0.145,0.145,8500
MDS,20070124,0.225,0.23,0.225,0.23,519340
MDT,20070124,1.33,1.33,1.31,1.325,4260283
MDV,20070124,0.079,0.08,0.079,0.08,150000
MDX,20070124,0.18,0.18,0.18,0.18,9000
MEE,20070124,0.145,0.16,0.145,0.16,804812
MEI,20070124,0.29,0.29,0.29,0.29,83000
MEL,20070124,0.655,0.67,0.65,0.66,284612
MEO,20070124,0.58,0.6,0.57,0.59,696365
MEP,20070124,0.64,0.64,0.64,0.64,28000
MFF,20070124,1,1.03,1,1.02,312767
MFG,20070124,2.18,2.18,2.18,2.18,35400
MFI,20070124,1.72,1.73,1.7,1.7,144431
MFS,20070124,5.48,5.65,5.48,5.62,2018474
MFT,20070124,0.91,0.91,0.9,0.9,197271
MGK,20070124,0.12,0.12,0.12,0.12,11075
MGO,20070124,0.205,0.21,0.2,0.205,67385
MGQ,20070124,7.25,7.27,7.13,7.24,5633150
MGR,20070124,5.42,5.49,5.36,5.46,4200092
MGU,20070124,0.25,0.25,0.25,0.25,100000
MGW,20070124,3.76,3.79,3.65,3.65,114475
MGX,20070124,0.835,0.835,0.815,0.82,822770
MGZ,20070124,0.095,0.095,0.095,0.095,25900
MHL,20070124,0.013,0.013,0.012,0.012,2250000
MIG,20070124,3.65,3.67,3.6,3.64,8177451
MIK,20070124,0.39,0.395,0.39,0.39,185500
MIN,20070124,2.32,2.35,2.32,2.35,22682
MIR,20070124,2.07,2.11,2.07,2.11,55382
MIS,20070124,0.99,1.01,0.97,1,277715
MIT,20070124,2.1,2.11,2.07,2.1,57500
MIX,20070124,1.11,1.11,1.105,1.11,432809
MKY,20070124,0.067,0.068,0.062,0.062,16449546
MLB,20070124,3.16,3.2,3.12,3.15,91279
MLE,20070124,2.85,2.89,2.85,2.85,274133
MLI,20070124,0.315,0.33,0.305,0.32,872712
MLM,20070124,0.835,0.9,0.83,0.88,315397
MLS,20070124,0.087,0.089,0.082,0.084,18409036
MLT,20070124,21.85,22.2,21.85,21.85,6082
MLX,20070124,0.26,0.27,0.255,0.26,10730100
MMA,20070124,1.045,1.05,1.04,1.05,250525
MMB,20070124,0.8,0.845,0.785,0.785,298257
MME,20070124,0.05,0.05,0.05,0.05,160000
MMG,20070124,4.76,4.79,4.72,4.75,415145
MML,20070124,0.8,0.82,0.8,0.82,37932
MMN,20070124,0.325,0.33,0.325,0.325,906599
MMR,20070124,0.2,0.2,0.2,0.2,10000
MMS,20070124,4.01,4.13,4.01,4.1,53500
MMX,20070124,1.435,1.44,1.33,1.37,592250
MMZ,20070124,0.95,0.95,0.9,0.9,31299
MND,20070124,9.45,9.45,9.27,9.35,241240
MNF,20070124,0.2,0.2,0.2,0.2,14000
MNM,20070124,0.285,0.32,0.285,0.3,263736
MOC,20070124,2.83,2.87,2.83,2.85,35186
MOD,20070124,0.03,0.032,0.03,0.032,1479229
MOF,20070124,1.59,1.59,1.555,1.57,13720547
MOG,20070124,0.076,0.076,0.076,0.076,25000
MOL,20070124,1.26,1.3,1.26,1.3,13150
MON,20070124,0.27,0.27,0.265,0.27,1695425
MOO,20070124,0.235,0.235,0.235,0.235,5000
MOS,20070124,0.17,0.17,0.155,0.165,4094082
MOX,20070124,0.75,0.78,0.75,0.775,147940
MPA,20070124,0.028,0.028,0.027,0.028,1825000
MPB,20070124,7,7,7,7,1000
MPF,20070124,1.27,1.28,1.235,1.235,122813
MPG,20070124,0.845,0.845,0.84,0.84,137823
MPH,20070124,0.235,0.245,0.235,0.235,884696
MPI,20070124,0.074,0.075,0.074,0.075,207559
MPJ,20070124,0.009,0.009,0.008,0.009,16151812
MPO,20070124,0.049,0.05,0.048,0.049,4662273
MPR,20070124,1.3,1.305,1.285,1.3,2325370
MPS,20070124,1.12,1.12,1.085,1.095,696915
MPY,20070124,0.875,0.875,0.86,0.86,22380
MRA,20070124,0.97,0.97,0.965,0.97,90192
MRC,20070124,0.135,0.15,0.135,0.15,1759000
MRE,20070124,6.39,6.45,6.34,6.42,2340669
MRM,20070124,1.1,1.14,1.08,1.11,225753
MRO,20070124,2.11,2.14,2.08,2.08,64040
MRU,20070124,0.85,0.87,0.84,0.85,283138
MRX,20070124,0.105,0.105,0.099,0.1,2768174
MRY,20070124,0.071,0.071,0.071,0.071,6500
MSB,20070124,2.39,2.49,2.39,2.45,154060
MSC,20070124,0.02,0.02,0.02,0.02,3381000
MSF,20070124,11.6,11.6,11.6,11.6,2000
MSH,20070124,0.075,0.079,0.075,0.079,302891
MSO,20070124,0.037,0.037,0.037,0.037,135135
MST,20070124,0.19,0.195,0.185,0.185,791952
MTD,20070124,0.165,0.165,0.165,0.165,268014
MTH,20070124,0.36,0.36,0.36,0.36,10000
MTN,20070124,2.27,2.35,2.27,2.31,215747
MTS,20070124,4.67,4.67,4.61,4.64,2708185
MTU,20070124,0.49,0.49,0.49,0.49,25000
MTY,20070124,0.18,0.18,0.18,0.18,12000
MUN,20070124,0.295,0.295,0.29,0.295,114625
MUR,20070124,0.092,0.093,0.09,0.09,706150
MUT,20070124,0.046,0.047,0.04,0.047,814805
MVP,20070124,0.53,0.54,0.53,0.54,43000
MVU,20070124,0.245,0.245,0.245,0.245,10000
MWE,20070124,0.245,0.26,0.245,0.26,256780
MWG,20070124,0.985,1,0.98,1,105000
MXG,20070124,4.12,4.14,4.08,4.13,8607126
MXI,20070124,0.63,0.635,0.625,0.63,233724
MXL,20070124,0.098,0.098,0.085,0.089,2059654
MXR,20070124,0.15,0.15,0.145,0.15,58900
MYG,20070124,0.2,0.215,0.195,0.2,352300
MYO,20070124,1.145,1.16,1.14,1.15,113408
MZM,20070124,0.195,0.195,0.175,0.195,119500
NAB,20070124,40.5,40.65,40.26,40.4,3714834
NAD,20070124,0.046,0.047,0.044,0.044,2624470
NAE,20070124,0.4,0.4,0.35,0.38,166858
NAL,20070124,0.115,0.115,0.1,0.105,2826981
NAM,20070124,0.62,0.62,0.615,0.62,95250
NAV,20070124,0.45,0.45,0.44,0.45,22834
NBL,20070124,4.95,4.98,4.9,4.9,7604
NCK,20070124,2.05,2.05,2.05,2.05,6294
NCM,20070124,23.84,24.37,23.55,23.97,1699657
NDL,20070124,0.22,0.22,0.22,0.22,49969
NDM,20070124,0.36,0.37,0.36,0.37,449498
NDO,20070124,0.195,0.2,0.19,0.195,1810608
NEC,20070124,0.57,0.57,0.57,0.57,7509
NEL,20070124,3.5,3.52,3.39,3.39,88086
NEM,20070124,5.58,5.6,5.55,5.58,101871
NEO,20070124,0.165,0.17,0.16,0.16,284759
NEU,20070124,0.51,0.51,0.49,0.495,75700
NFL,20070124,1.14,1.16,1.135,1.145,255203
NFO,20070124,0.01,0.01,0.01,0.01,100000
NGF,20070124,0.08,0.1,0.078,0.1,1552000
NGM,20070124,0.33,0.33,0.3,0.305,1312729
NHC,20070124,1.35,1.38,1.345,1.35,98600
NHM,20070124,0.005,0.005,0.005,0.005,500000
NHR,20070124,1.75,1.75,1.74,1.75,51410
NIA,20070124,0.25,0.255,0.245,0.255,1808684
NKP,20070124,0.93,0.96,0.93,0.96,25000
NLG,20070124,0.45,0.48,0.45,0.48,72439
NLX,20070124,1.625,1.67,1.62,1.66,83534
NMB,20070124,0.025,0.025,0.025,0.025,250000
NMS,20070124,0.51,0.535,0.49,0.52,720580
NOD,20070124,1.71,1.72,1.7,1.7,67964
NPH,20070124,4.5,4.5,4.5,4.5,500
NPX,20070124,6.55,6.55,6.55,6.55,2358
NQM,20070124,0.19,0.19,0.19,0.19,41000
NRL,20070124,0.23,0.25,0.23,0.25,60000
NRT,20070124,3.07,3.1,3.03,3.08,37175
NRU,20070124,0.27,0.31,0.27,0.31,931776
NST,20070124,0.12,0.12,0.12,0.12,100000
NTC,20070124,0.08,0.08,0.08,0.08,60011
NTU,20070124,0.875,0.875,0.86,0.87,75200
NUF,20070124,11.18,11.18,11.09,11.13,174230
NWA,20070124,0.027,0.027,0.027,0.027,1702037
NWE,20070124,0.16,0.16,0.155,0.155,1475750
NWK,20070124,0.15,0.16,0.15,0.16,123500
NWR,20070124,0.355,0.36,0.355,0.36,143760
NWS,20070124,30.65,31,30.65,30.99,1645518
NWT,20070124,0.009,0.011,0.009,0.01,55799073
NXS,20070124,1.27,1.3,1.255,1.265,540463
NZO,20070124,0.82,0.84,0.81,0.84,65800
OAK,20070124,2.12,2.14,2.12,2.14,4657
OBJ,20070124,0.063,0.063,0.062,0.062,68000
OCL,20070124,0.62,0.65,0.615,0.62,167064
OCO,20070124,0.041,0.041,0.041,0.041,214
ODG,20070124,0.4,0.4,0.4,0.4,4000
OEC,20070124,0.19,0.19,0.185,0.185,899135
OEL,20070124,0.19,0.19,0.19,0.19,328526
OEQ,20070124,1.58,1.58,1.58,1.58,1500
OEX,20070124,1.4,1.46,1.4,1.45,327960
OFG,20070124,2.55,2.55,2.54,2.54,56378
OGD,20070124,0.73,0.74,0.725,0.735,2502920
OIL,20070124,0.47,0.49,0.46,0.46,565619
OKN,20070124,4.63,4.65,4.55,4.55,314998
OLE,20070124,0.025,0.025,0.024,0.024,450000
OLH,20070124,0.9,0.9,0.9,0.9,10000
OLY,20070124,0.15,0.155,0.15,0.155,80375
OMC,20070124,1.14,1.145,1.14,1.145,312274
OMH,20070124,0.23,0.24,0.23,0.23,261111
OMI,20070124,0.56,0.61,0.56,0.61,20150
ONQ,20070124,0.4,0.4,0.4,0.4,28455
OPC,20070124,0.145,0.15,0.145,0.145,724681
OPL,20070124,0.795,0.795,0.795,0.795,11831
ORC,20070124,0.05,0.052,0.05,0.05,577547
ORD,20070124,0.51,0.51,0.5,0.5,57191
ORG,20070124,9.5,9.64,9.32,9.58,2887898
ORH,20070124,0.085,0.085,0.08,0.08,475000
ORI,20070124,24.35,24.4,23.91,24.22,2397646
ORL,20070124,2.19,2.25,2.19,2.25,12122
ORO,20070124,0.026,0.027,0.026,0.027,969148
ORP,20070124,0.094,0.1,0.094,0.094,258819
ORT,20070124,0.017,0.017,0.017,0.017,260000
OSH,20070124,3.38,3.57,3.37,3.55,21637185
OST,20070124,4.77,4.79,4.69,4.73,2219344
OTL,20070124,0.22,0.22,0.22,0.22,28000
OVR,20070124,0.22,0.22,0.215,0.22,155000
OXR,20070124,2.99,2.99,2.94,2.97,16834389
OZB,20070124,0.135,0.135,0.125,0.125,79000
PAA,20070124,0.1,0.1,0.096,0.097,135000
PAU,20070124,0.175,0.175,0.175,0.175,76000
PAY,20070124,3,3,3,3,1000
PBA,20070124,1.33,1.34,1.32,1.325,34898
PBB,20070124,2.18,2.18,2.16,2.16,111300
PBD,20070124,4.99,5,4.98,5,199199
PBG,20070124,2.75,2.76,2.72,2.75,2151802
PBI,20070124,0.195,0.195,0.19,0.19,85630
PBL,20070124,20.49,20.61,20.35,20.48,3056388
PBO,20070124,0.4,0.4,0.4,0.4,45544
PBP,20070124,1.09,1.09,1.08,1.08,28295
PBT,20070124,0.41,0.41,0.41,0.41,15000
PCC,20070124,0.046,0.046,0.046,0.046,24000
PCE,20070124,0.023,0.023,0.023,0.023,131499
PCG,20070124,0.715,0.72,0.715,0.72,159010
PCL,20070124,0.068,0.068,0.065,0.066,417625
PDL,20070124,3.56,3.65,3.56,3.56,4611
PDM,20070124,0.2,0.2,0.2,0.2,26215
PDN,20070124,8.85,9.05,8.8,8.95,4888864
PDO,20070124,0.75,0.75,0.7,0.7,36667
PDZ,20070124,0.54,0.545,0.53,0.535,221250
PEA,20070124,0.47,0.47,0.47,0.47,8000
PEK,20070124,0.185,0.205,0.185,0.205,81000
PEL,20070124,0.17,0.17,0.165,0.17,541292
PEM,20070124,5.18,5.42,5.18,5.39,863553
PEN,20070124,0.07,0.075,0.07,0.074,12299984
PEO,20070124,0.068,0.068,0.068,0.068,30000
PEP,20070124,0.845,0.865,0.845,0.865,44750
PES,20070124,0.22,0.22,0.215,0.215,81000
PET,20070124,0.94,0.95,0.92,0.95,63858
PFG,20070124,1.26,1.26,1.26,1.26,6333
PFL,20070124,2.2,2.21,2.2,2.2,117395
PGA,20070124,5.77,5.8,5.7,5.8,23836
PGL,20070124,6.7,6.9,6.65,6.71,350909
PGM,20070124,0.31,0.31,0.31,0.31,91800
PGS,20070124,0.3,0.3,0.29,0.295,256000
PHK,20070124,0.37,0.37,0.36,0.36,213580
PHL,20070124,0.41,0.41,0.41,0.41,1000
PIE,20070124,0.079,0.079,0.07,0.075,1375625
PIM,20070124,0.65,0.66,0.645,0.645,32000
PLA,20070124,1.515,1.56,1.5,1.545,954104
PLD,20070124,0.41,0.41,0.41,0.41,127990
PLF,20070124,1.17,1.19,1.17,1.19,402885
PLT,20070124,0.375,0.375,0.34,0.36,510169
PLV,20070124,0.355,0.355,0.335,0.34,261539
PMA,20070124,2.1,2.1,2.06,2.1,114292
PMC,20070124,2.51,2.55,2.5,2.52,64104
PME,20070124,1.43,1.44,1.42,1.44,22060
PMH,20070124,0.47,0.47,0.465,0.465,193335
PMM,20070124,4.99,4.99,4.99,4.99,2050
PMN,20070124,7.27,7.29,7.2,7.2,11277884
PMP,20070124,2.02,2.05,2.01,2.02,2366859
PMV,20070124,5.93,6,5.93,6,12500
PMX,20070124,0.03,0.03,0.03,0.03,765
PNA,20070124,0.315,0.32,0.305,0.305,5041255
PNN,20070124,2.1,2.2,2.1,2.11,424798
PNO,20070124,0.027,0.027,0.027,0.027,1490877
POH,20070124,0.35,0.35,0.33,0.34,335365
POL,20070124,0.295,0.295,0.285,0.29,355773
PPC,20070124,3.99,3.99,3.97,3.97,19066
PPD,20070124,0.16,0.16,0.16,0.16,15500
PPG,20070124,0.355,0.355,0.35,0.35,110000
PPI,20070124,0.515,0.52,0.515,0.52,62040
PPK,20070124,0.835,0.835,0.83,0.83,43600
PPN,20070124,0.14,0.14,0.14,0.14,1500
PPP,20070124,0.16,0.16,0.16,0.16,256370
PPR,20070124,2.18,2.19,2.18,2.19,142993
PPS,20070124,1.15,1.17,1.15,1.17,42919
PPT,20070124,78.15,78.23,77.19,77.26,41031
PPX,20070124,3.65,3.76,3.65,3.74,2356032
PPY,20070124,0.49,0.5,0.49,0.5,232000
PRE,20070124,0.02,0.02,0.019,0.02,1319585
PRG,20070124,5.16,5.19,5.16,5.19,26360
PRO,20070124,0.47,0.505,0.47,0.5,16926
PRR,20070124,0.054,0.058,0.054,0.057,572700
PRT,20070124,3.8,3.82,3.8,3.82,31445
PRU,20070124,0.5,0.5,0.49,0.5,139000
PRV,20070124,1.185,1.185,1.17,1.18,181689
PRW,20070124,0.345,0.345,0.345,0.345,2900
PRY,20070124,13.26,13.3,13.22,13.26,66746
PRZ,20070124,0.19,0.2,0.19,0.2,55553
PSA,20070124,2.45,2.46,2.36,2.4,933989
PSD,20070124,0.215,0.23,0.21,0.22,1210389
PSH,20070124,1.91,1.94,1.91,1.92,121979
PSP,20070124,0.105,0.105,0.099,0.099,106147
PSV,20070124,0.35,0.355,0.34,0.345,4201041
PTB,20070124,2.4,2.45,2.4,2.45,28234
PTD,20070124,1.535,1.595,1.535,1.56,555521
PTR,20070124,0.6,0.665,0.6,0.665,351257
PTS,20070124,0.145,0.145,0.145,0.145,15000
PUR,20070124,0.08,0.08,0.08,0.08,378431
PVE,20070124,1.64,1.695,1.64,1.695,6200
PWK,20070124,3.2,3.24,3.2,3.22,8660
PWR,20070124,0.46,0.46,0.46,0.46,2400
PWT,20070124,2.04,2.1,2,2.05,123784
PXR,20070124,0.33,0.33,0.31,0.31,80171
PXS,20070124,3,3.09,2.98,2.99,305549
PYC,20070124,0.48,0.49,0.46,0.47,382482
PYM,20070124,0.485,0.5,0.485,0.5,75200
QAN,20070124,5.33,5.36,5.32,5.35,34637636
QBE,20070124,30.75,30.88,30.4,30.8,1509368
QFX,20070124,0.19,0.19,0.185,0.185,145677
QGC,20070124,1.34,1.37,1.325,1.34,1172561
QGM,20070124,0.27,0.27,0.27,0.27,25000
QHL,20070124,0.62,0.67,0.62,0.65,148060
QMG,20070124,0.25,0.255,0.25,0.255,27500
QML,20070124,0.19,0.19,0.175,0.18,110000
QMT,20070124,3.35,3.35,3.35,3.35,25000
QOL,20070124,0.38,0.38,0.365,0.365,141000
QRS,20070124,0.535,0.56,0.53,0.56,122890
QTK,20070124,0.19,0.2,0.19,0.19,124700
QTM,20070124,0.115,0.12,0.115,0.12,290022
QUE,20070124,0.425,0.425,0.425,0.425,28150
QUR,20070124,0.038,0.038,0.038,0.038,250000
QXQ,20070124,0.057,0.058,0.054,0.055,2319951
RAB,20070124,1.7,1.7,1.7,1.7,2000
RAT,20070124,1.15,1.15,1.135,1.145,798077
RAU,20070124,0.047,0.05,0.047,0.05,96721
RAW,20070124,0.086,0.086,0.085,0.085,34867
RBH,20070124,0.07,0.07,0.07,0.07,25000
RBM,20070124,0.073,0.215,0.073,0.185,52223071
RBY,20070124,0.03,0.03,0.03,0.03,1891559
RCG,20070124,0.25,0.25,0.23,0.23,444000
RCI,20070124,0.21,0.235,0.21,0.235,1046873
RCL,20070124,1.705,1.715,1.705,1.71,183071
RCM,20070124,0.115,0.115,0.115,0.115,3622
RCO,20070124,0.63,0.65,0.625,0.625,172000
RCR,20070124,1.935,1.935,1.91,1.91,279079
RCT,20070124,4.35,4.35,4.35,4.35,425
RDF,20070124,3.13,3.38,3.1,3.28,227471
RDM,20070124,0.325,0.325,0.315,0.32,196951
RDR,20070124,0.49,0.505,0.49,0.505,77751
RDS,20070124,0.91,0.92,0.905,0.92,66157
REA,20070124,5.45,5.5,5.45,5.5,11868
REB,20070124,4.51,4.51,4.49,4.5,9626
RED,20070124,0.105,0.105,0.105,0.105,335420
REF,20070124,4.15,4.2,4.14,4.15,37782
REH,20070124,24.5,24.55,24.5,24.5,9633
REO,20070124,0.036,0.037,0.036,0.037,189689
RER,20070124,0.17,0.17,0.165,0.165,19429
REU,20070124,1.08,1.09,1.08,1.085,583284
REX,20070124,1.955,2.05,1.955,2.05,130939
REY,20070124,0.115,0.115,0.115,0.115,13000
RFE,20070124,0.47,0.47,0.44,0.47,73000
RFG,20070124,1.365,1.38,1.365,1.38,18307
RHC,20070124,11.68,11.72,11.57,11.6,329184
RHD,20070124,0.71,0.71,0.71,0.71,4043
RHI,20070124,1.51,1.51,1.51,1.51,5267
RHL,20070124,3.46,3.46,3.46,3.46,200
RHT,20070124,0.026,0.026,0.026,0.026,326473
RIC,20070124,1.18,1.22,1.175,1.19,833841
RIM,20070124,0.028,0.028,0.025,0.025,260750
RIN,20070124,18.31,18.36,18.25,18.3,4081226
RIO,20070124,74.8,76.18,74.72,76,4592628
RIS,20070124,0.15,0.15,0.15,0.15,10000
RIV,20070124,1.98,1.995,1.88,1.93,563122
RJT,20070124,1.09,1.1,1.085,1.1,530352
RKN,20070124,1.1,1.105,1.1,1.1,30000
RLA,20070124,0.27,0.27,0.25,0.25,450000
RMA,20070124,0.052,0.052,0.052,0.052,78889
RMD,20070124,6.77,6.87,6.73,6.87,1605527
RMG,20070124,0.015,0.015,0.015,0.015,4829
RMI,20070124,0.046,0.046,0.044,0.044,913955
RML,20070124,0.175,0.175,0.165,0.165,571580
RMS,20070124,0.45,0.485,0.45,0.48,278970
RNC,20070124,0.17,0.17,0.17,0.17,41764
RNG,20070124,0.105,0.11,0.105,0.11,160000
RNI,20070124,0.28,0.28,0.28,0.28,14155
RNY,20070124,1.17,1.17,1.17,1.17,104609
ROC,20070124,3.07,3.09,3.03,3.09,1808952
ROK,20070124,5.9,5.9,5.75,5.75,11877
ROY,20070124,0.19,0.195,0.19,0.195,25000
RPC,20070124,0.13,0.13,0.125,0.125,250166
RPG,20070124,1.08,1.08,1.08,1.08,1000
RPM,20070124,0.071,0.071,0.071,0.071,27897
RPX,20070124,1.85,1.87,1.84,1.84,271700
RRA,20070124,0.76,0.77,0.75,0.755,224999
RRL,20070124,0.11,0.115,0.105,0.11,1114830
RRS,20070124,0.033,0.034,0.032,0.033,30123345
RRT,20070124,0.94,0.94,0.935,0.935,188303
RSG,20070124,1.74,1.75,1.665,1.7,296572
RSN,20070124,0.125,0.125,0.115,0.125,1372479
RSP,20070124,1.34,1.34,1.3,1.3,798220
RTL,20070124,0.098,0.105,0.098,0.105,110000
RTM,20070124,0.04,0.04,0.036,0.038,6965398
RUP,20070124,13.39,13.4,13.3,13.35,13484
RUR,20070124,0.2,0.2,0.2,0.2,50000
RVR,20070124,0.14,0.14,0.14,0.14,27600
RWD,20070124,0.3,0.3,0.3,0.3,5850
RXL,20070124,0.4,0.4,0.39,0.39,236000
SAE,20070124,0.3,0.32,0.29,0.29,442600
SAF,20070124,0.066,0.066,0.065,0.065,270347
SAI,20070124,4,4.04,3.98,4,281851
SAQ,20070124,5.6,5.6,5.6,5.6,17500
SAR,20070124,0.33,0.33,0.33,0.33,5000
SAU,20070124,0.45,0.465,0.44,0.465,404550
SAX,20070124,0.1,0.1,0.1,0.1,15000
SBC,20070124,15.85,15.85,15.71,15.75,93695
SBI,20070124,0.565,0.58,0.565,0.58,87992
SBL,20070124,0.022,0.022,0.018,0.018,1250000
SBM,20070124,0.53,0.53,0.52,0.53,1946795
SBR,20070124,0.27,0.27,0.26,0.26,38508
SBS,20070124,0.098,0.098,0.096,0.096,400188
SCC,20070124,0.34,0.34,0.34,0.34,6250
SCD,20070124,0.046,0.046,0.046,0.046,150000
SCE,20070124,0.014,0.014,0.014,0.014,180000
SCX,20070124,0.096,0.1,0.096,0.1,519855
SDG,20070124,3.85,3.85,3.81,3.83,456684
SDI,20070124,0.93,0.935,0.9,0.935,40550
SDL,20070124,0.099,0.1,0.097,0.098,7560889
SDM,20070124,1.83,1.85,1.83,1.85,6550
SDR,20070124,0.285,0.285,0.285,0.285,77400
SEA,20070124,0.265,0.27,0.255,0.27,3182539
SEK,20070124,6,6.2,5.96,6.11,635208
SEN,20070124,0.305,0.305,0.295,0.295,695477
SEV,20070124,11.74,11.97,11.72,11.92,431768
SFC,20070124,8,8.05,7.9,8.04,11860
SFH,20070124,1.735,1.735,1.695,1.7,232732
SFP,20070124,1.18,1.18,0.9,0.95,546089
SFR,20070124,0.635,0.64,0.615,0.615,156336
SFY,20070124,55.54,55.54,55.5,55.5,183
SGB,20070124,33,33.03,32.63,32.88,761945
SGL,20070124,0.37,0.375,0.365,0.365,439891
SGM,20070124,19.91,20.26,19.9,20.25,591542
SGN,20070124,3.15,3.16,3.12,3.14,359937
SGP,20070124,8.28,8.38,8.26,8.37,4541986
SGT,20070124,2.82,2.93,2.8,2.9,6722139
SGV,20070124,0.072,0.073,0.072,0.073,42000
SGX,20070124,6.9,7.19,6.9,7.16,550098
SHC,20070124,0.23,0.23,0.225,0.225,243463
SHE,20070124,0.455,0.475,0.42,0.435,801713
SHG,20070124,0.38,0.38,0.38,0.38,17000
SHL,20070124,15.18,15.24,14.85,15.11,713580
SHV,20070124,12.9,13,12.9,13,11995
SIE,20070124,0.085,0.087,0.085,0.085,364000
SIM,20070124,0.67,0.695,0.67,0.695,464356
SIP,20070124,2.75,2.77,2.71,2.75,10034399
SIV,20070124,1.75,1.75,1.75,1.75,2176
SKC,20070124,4.75,4.8,4.7,4.8,120225
SKE,20070124,6.2,6.25,6.15,6.18,96076
SLA,20070124,0.36,0.36,0.36,0.36,32054
SLF,20070124,22.54,22.78,22.54,22.78,16303
SLM,20070124,3.98,4,3.94,4,48061
SLT,20070124,0.028,0.028,0.027,0.027,217860
SLV,20070124,0.84,0.85,0.84,0.85,202534
SLX,20070124,6.03,6.35,6.03,6.29,178117
SMA,20070124,0.034,0.034,0.034,0.034,100000
SMC,20070124,0.15,0.15,0.135,0.135,340000
SML,20070124,0.027,0.027,0.026,0.026,503539
SMM,20070124,3.13,3.29,3.12,3.25,1472835
SMN,20070124,0.18,0.18,0.175,0.18,319000
SMX,20070124,4.08,4.08,4.06,4.07,235401
SMY,20070124,2.84,3.1,2.83,2.9,2841640
SNF,20070124,0.47,0.47,0.47,0.47,23989
SNN,20070124,0.078,0.08,0.077,0.08,649497
SNO,20070124,0.88,0.88,0.86,0.86,60650
SOE,20070124,0.21,0.215,0.21,0.21,2039690
SOL,20070124,8.89,8.93,8.86,8.9,254487
SOM,20070124,0.034,0.037,0.033,0.035,20483758
SOO,20070124,0.07,0.07,0.07,0.07,110800
SOT,20070124,0.885,0.91,0.885,0.89,253201
SPD,20070124,0.24,0.24,0.24,0.24,2055477
SPH,20070124,1.68,1.68,1.68,1.68,30000
SPL,20070124,0.46,0.47,0.45,0.47,126790
SPN,20070124,1.42,1.42,1.4,1.42,1710002
SPT,20070124,5.17,5.17,4.9,4.95,2991839
SRA,20070124,0.066,0.072,0.065,0.068,7165916
SRG,20070124,1.345,1.35,1.335,1.335,6825936
SRH,20070124,2.07,2.1,2.07,2.1,22497
SRI,20070124,0.1,0.105,0.1,0.105,588181
SRK,20070124,2.33,2.33,2.16,2.17,625831
SRL,20070124,3.11,3.21,3.09,3.16,1250683
SRM,20070124,0.225,0.225,0.22,0.22,125000
SRR,20070124,0.2,0.2,0.19,0.19,95000
SRV,20070124,5.5,5.5,5.48,5.49,21527
SRX,20070124,3.05,3.1,3,3.1,30166
SRZ,20070124,0.31,0.31,0.295,0.305,179700
SSC,20070124,0.023,0.023,0.022,0.022,4036930
SSI,20070124,2.15,2.15,2.15,2.15,7000
SSM,20070124,1.55,1.55,1.48,1.52,226415
SSN,20070124,0.3,0.3,0.29,0.29,59250
SSX,20070124,1.84,1.84,1.81,1.81,1928980
STB,20070124,0.26,0.26,0.245,0.25,376405
STG,20070124,1.35,1.365,1.34,1.365,70051
STI,20070124,0.115,0.115,0.115,0.115,17500
STO,20070124,9.5,9.55,9.47,9.49,2861672
STP,20070124,0.085,0.099,0.085,0.099,374224
STS,20070124,1.96,1.97,1.935,1.94,65805
STU,20070124,1.05,1.06,1.04,1.045,127520
STW,20070124,56.78,56.78,56.41,56.69,33705
STX,20070124,0.28,0.285,0.275,0.275,216817
SUL,20070124,3.7,3.75,3.68,3.75,582671
SUN,20070124,21.72,21.76,21.5,21.6,3548377
SUR,20070124,0.096,0.099,0.096,0.099,109446
SVL,20070124,0.25,0.255,0.245,0.25,302000
SVM,20070124,0.44,0.455,0.435,0.435,263877
SWK,20070124,0.39,0.39,0.39,0.39,5500
SWN,20070124,0.275,0.29,0.275,0.29,50000
SYB,20070124,3.67,3.75,3.6,3.75,3879887
SYG,20070124,0.015,0.016,0.015,0.015,3958500
SYL,20070124,5.2,5.25,5.2,5.25,4423
SYM,20070124,0.64,0.64,0.62,0.64,132697
SYN,20070124,1.75,1.75,1.65,1.65,5000
SYP,20070124,0.355,0.36,0.35,0.35,160425
TAG,20070124,0.41,0.41,0.405,0.405,170000
TAH,20070124,17.88,17.88,17.59,17.85,1184114
TAL,20070124,2.85,2.86,2.75,2.85,860555
TAM,20070124,0.125,0.13,0.12,0.125,2479372
TAN,20070124,0.485,0.5,0.485,0.5,75500
TAP,20070124,1.58,1.59,1.455,1.51,3655921
TAS,20070124,0.16,0.165,0.15,0.16,358610
TAW,20070124,0.125,0.145,0.125,0.145,44000
TBG,20070124,1.47,1.52,1.47,1.52,56200
TBR,20070124,0.68,0.68,0.68,0.68,5000
TCL,20070124,7.89,7.89,7.82,7.84,3388645
TCQ,20070124,2.03,2.05,2,2.05,108972
TDR,20070124,0.028,0.028,0.028,0.028,484824
TEE,20070124,0.016,0.016,0.016,0.016,173500
TEL,20070124,4.55,4.59,4.51,4.57,2921516
TEN,20070124,3.53,3.62,3.53,3.6,3337475
TEX,20070124,0.265,0.265,0.25,0.25,89590
TFC,20070124,0.5,0.5,0.495,0.495,133535
TFE,20070124,0.36,0.36,0.355,0.355,212700
TGF,20070124,0.39,0.39,0.38,0.38,23279
TGG,20070124,1.73,1.73,1.7,1.73,16577
TGP,20070124,2.52,2.52,2.5,2.51,17858
TGR,20070124,1.965,1.97,1.94,1.95,89976
TGS,20070124,0.485,0.52,0.485,0.52,412092
THG,20070124,0.91,0.91,0.9,0.9,86033
THK,20070124,0.33,0.33,0.295,0.315,293607
THO,20070124,0.8,0.8,0.8,0.8,169
THR,20070124,0.215,0.22,0.21,0.22,230000
THX,20070124,0.47,0.495,0.47,0.475,593777
TIM,20070124,2.92,2.92,2.9,2.9,476722
TIS,20070124,0.5,0.5,0.5,0.5,5000
TKG,20070124,0.014,0.015,0.014,0.015,176667
TKL,20070124,0.225,0.235,0.225,0.235,62531
TLS,20070124,4.35,4.37,4.28,4.29,23372284
TLZ,20070124,0.285,0.285,0.28,0.28,36250
TMO,20070124,0.255,0.26,0.25,0.26,298700
TMR,20070124,0.185,0.19,0.18,0.18,645765
TNE,20070124,1.095,1.095,1.05,1.09,562391
TNG,20070124,0.45,0.45,0.36,0.44,450492
TOE,20070124,0.7,0.705,0.695,0.705,106456
TOL,20070124,20.68,21.08,20.65,20.9,4648009
TOX,20070124,1.42,1.45,1.42,1.42,49120
TPI,20070124,9.85,10,9.75,9.95,336116
TPX,20070124,7.26,7.26,7.25,7.26,9547
TQH,20070124,0.225,0.225,0.22,0.22,50900
TRF,20070124,0.39,0.39,0.365,0.37,111550
TRG,20070124,14.05,14.2,14,14.2,14326
TRH,20070124,0.195,0.195,0.195,0.195,125000
TRO,20070124,1.56,1.56,1.45,1.51,58600
TRS,20070124,9.96,10,9.88,9.95,18824
TRU,20070124,11.75,11.75,11.75,11.75,5153
TRY,20070124,2.76,2.78,2.74,2.78,30974
TSE,20070124,9.25,9.31,9.23,9.25,1670691
TSH,20070124,0.665,0.665,0.45,0.47,1221994
TSO,20070124,2.61,2.67,2.59,2.65,7776144
TSV,20070124,0.016,0.017,0.016,0.017,530335
TTI,20070124,0.305,0.34,0.305,0.33,1573121
TTR,20070124,0.12,0.13,0.12,0.13,3398984
TTS,20070124,4,4.08,3.97,4,4055640
TVL,20070124,0.36,0.37,0.345,0.355,140000
TWO,20070124,1.88,1.88,1.88,1.88,8000
TWR,20070124,1.97,2.02,1.965,1.985,855670
TZL,20070124,0.625,0.655,0.59,0.59,2717320
TZN,20070124,2.03,2.08,2.02,2.03,209686
UBI,20070124,1.05,1.05,1.02,1.03,76830
UCL,20070124,0.026,0.028,0.026,0.026,549078
UEQ,20070124,0.57,0.57,0.55,0.55,199500
UGL,20070124,13.59,13.59,13.29,13.42,768930
UKL,20070124,0.52,0.75,0.52,0.735,2287566
UMC,20070124,0.345,0.37,0.345,0.355,902335
UNI,20070124,0.345,0.36,0.32,0.35,758797
UNW,20070124,0.335,0.335,0.325,0.325,198583
UNX,20070124,2.13,2.33,2.13,2.2,686622
UOG,20070124,0.16,0.16,0.16,0.16,47858
URA,20070124,1.43,1.44,1.42,1.42,232550
URL,20070124,0.16,0.165,0.155,0.155,639920
USA,20070124,0.42,0.42,0.41,0.41,171979
UTO,20070124,0.62,0.66,0.61,0.65,368468
UXA,20070124,0.45,0.46,0.44,0.46,224728
UXC,20070124,1.93,1.96,1.9,1.92,140136
VBA,20070124,2.56,2.6,2.56,2.6,133125
VBP,20070124,10.05,10.05,10.05,10.05,1800
VCN,20070124,0.22,0.23,0.22,0.23,197000
VCR,20070124,1.085,1.085,1.065,1.07,880863
VEA,20070124,2.9,2.92,2.84,2.92,286152
VGH,20070124,4.16,4.17,4.15,4.15,26306
VGP,20070124,0.31,0.32,0.31,0.32,25800
VHL,20070124,0.185,0.185,0.185,0.185,22000
VII,20070124,0.105,0.11,0.105,0.105,482858
VIL,20070124,0.099,0.099,0.08,0.08,467500
VIR,20070124,0.96,0.965,0.96,0.96,82381
VKI,20070124,1.01,1.055,1.01,1.05,113993
VLA,20070124,0.12,0.125,0.12,0.12,73193
VLL,20070124,0.12,0.12,0.1,0.115,1831000
VML,20070124,0.49,0.49,0.46,0.46,85850
VMS,20070124,0.29,0.29,0.285,0.285,60000
VOF,20070124,1.04,1.04,1.04,1.04,45000
VPE,20070124,0.275,0.285,0.275,0.275,681901
VPG,20070124,1.73,1.74,1.71,1.74,4137467
VRE,20070124,0.295,0.3,0.29,0.295,5298472
VRL,20070124,3.2,3.22,3.17,3.2,70747
VSG,20070124,0.014,0.016,0.014,0.015,24684999
VTP,20070124,1.285,1.285,1.255,1.255,50994
WAB,20070124,1.075,1.08,1.075,1.08,13946
WAM,20070124,1.92,1.94,1.91,1.94,58594
WAN,20070124,13.02,13.02,12.55,12.9,428532
WAS,20070124,0.044,0.044,0.043,0.043,275000
WAT,20070124,2.21,2.22,2.21,2.21,17740
WBB,20070124,12.17,12.28,12.1,12.28,10605
WBC,20070124,25.1,25.1,24.85,24.95,7958014
WCB,20070124,3.61,3.61,3.6,3.6,28134
WCL,20070124,0.47,0.49,0.47,0.485,123565
WDC,20070124,21.33,21.62,21.25,21.62,10536490
WDS,20070124,1.88,1.9,1.87,1.9,458400
WEB,20070124,0.38,0.38,0.375,0.38,518400
WEC,20070124,1.59,1.65,1.55,1.65,59365
WES,20070124,38.8,38.85,38.33,38.33,1479253
WEZ,20070124,0.165,0.17,0.16,0.17,359549
WFL,20070124,1.495,1.5,1.495,1.5,3000
WGR,20070124,0.405,0.42,0.4,0.4,164025
WHE,20070124,1.945,1.96,1.87,1.9,293392
WHF,20070124,4.39,4.39,4.36,4.36,72276
WHG,20070124,2.51,2.65,2.46,2.64,246679
WHS,20070124,6.32,6.42,6.32,6.35,3442
WIL,20070124,1.13,1.13,1.13,1.13,14627
WLL,20070124,2.44,2.45,2.44,2.44,5825
WLS,20070124,1.15,1.155,1.15,1.155,10500
WME,20070124,0.16,0.19,0.16,0.17,3511709
WMT,20070124,0.096,0.096,0.087,0.087,18056308
WOR,20070124,20.6,20.64,20.37,20.5,350252
WOW,20070124,23.7,23.7,23.24,23.49,1884829
WPG,20070124,0.26,0.27,0.26,0.27,18000
WPL,20070124,37.25,37.39,36.94,37.29,3493268
WSA,20070124,3.86,3.87,3.67,3.82,1443445
WSS,20070124,0.05,0.05,0.05,0.05,65250
WSY,20070124,0.02,0.02,0.02,0.02,24000
WTE,20070124,0.26,0.26,0.25,0.255,1695017
WTF,20070124,4.25,4.29,4.25,4.29,138766
WTN,20070124,0.385,0.385,0.38,0.38,24000
WTP,20070124,4.3,4.31,4.27,4.3,89125
WWA,20070124,2.56,2.57,2.54,2.57,55730
WWM,20070124,0.58,0.58,0.575,0.575,26891
WYL,20070124,3.2,3.24,3.2,3.24,237739
XAO,20070124,5727.7,5755.9,5714.1,5749.1,0
XBL,20070124,0.2,0.2,0.2,0.2,2857
XDJ,20070124,2796.8,2806.4,2785.2,2801.6,0
XEJ,20070124,11978.6,12201,11957.4,12184.4,0
XEN,20070124,0.08,0.08,0.08,0.08,20000
XFJ,20070124,6906.3,6932.6,6890.8,6926.9,0
XFL,20070124,5585.3,5606.9,5569.3,5600.7,0
XGD,20070124,4535.8,4535.8,4535.8,4535.8,0
XHJ,20070124,7875.9,7939.1,7854.3,7939.1,0
XIJ,20070124,562.9,571,559.9,571,0
XJO,20070124,5750,5776.1,5735,5768.8,0
XKO,20070124,5758.4,5784.5,5743.6,5777.4,0
XMD,20070124,5864.4,5905.2,5853.9,5897.9,0
XMJ,20070124,10650.3,10756.9,10548.3,10736,0
XMM,20070124,3561.7,3561.7,3561.7,3561.7,0
XNJ,20070124,6500.5,6516.3,6478.1,6488.8,0
XPJ,20070124,2404.9,2430.7,2404.5,2430.7,0
XRF,20070124,0.17,0.17,0.17,0.17,50000
XSJ,20070124,7384.6,7418.5,7318.8,7365.8,0
XSO,20070124,3451.7,3474.6,3446.5,3466.1,0
XST,20070124,0.6,0.6,0.56,0.57,1393469
XTE,20070124,18,18,18,18,59185
XTJ,20070124,1581.4,1583.6,1554.3,1555.9,0
XTL,20070124,3027.9,3038.7,3017.2,3034.3,0
XTO,20070124,4647.8,4667.9,4635.2,4662.6,0
XUJ,20070124,7514.6,7534.9,7478.1,7522,0
XXJ,20070124,7082.5,7102.7,7061.6,7087.8,0
YGL,20070124,0.135,0.14,0.13,0.13,2756370
YML,20070124,0.22,0.225,0.215,0.215,249542
ZBB,20070124,0.245,0.25,0.24,0.24,62078
ZDX,20070124,0.18,0.18,0.17,0.17,70000
ZFX,20070124,18.13,18.28,17.95,18.03,4610678
ZGM,20070124,0.37,0.39,0.37,0.39,336610
ZIM,20070124,10.2,10.2,10.2,10.2,1000
ZYL,20070124,0.032,0.032,0.03,0.03,580667
