AAC,20070327,2.4,2.45,2.4,2.45,466973
AAE,20070327,0.31,0.315,0.295,0.295,131420
AAM,20070327,0.185,0.19,0.185,0.19,74401
AAO,20070327,0.17,0.17,0.16,0.165,459165
AAQ,20070327,0.47,0.47,0.425,0.43,220356
AAR,20070327,0.056,0.06,0.056,0.06,3285961
AAT,20070327,0.091,0.091,0.088,0.09,766000
AAU,20070327,0.445,0.45,0.44,0.44,116097
AAX,20070327,7.62,7.65,7.52,7.65,131595
ABB,20070327,7.57,7.84,7.57,7.76,259162
ABC,20070327,3.51,3.51,3.39,3.42,398122
ABI,20070327,0.041,0.041,0.039,0.039,70800
ABJ,20070327,0.14,0.14,0.125,0.135,1316600
ABP,20070327,2,2,1.94,2,290295
ABQ,20070327,0.285,0.285,0.285,0.285,100000
ABS,20070327,7.38,7.44,7.32,7.35,1687688
ABU,20070327,0.155,0.16,0.155,0.155,1057905
ABW,20070327,11.5,11.5,11.5,11.5,1400
ABY,20070327,2.24,2.26,2.21,2.25,1092534
ACB,20070327,1.94,1.94,1.83,1.83,796346
ACE,20070327,0.275,0.275,0.26,0.26,174000
ACL,20070327,1.17,1.19,1.155,1.155,151613
ACR,20070327,1.37,1.4,1.34,1.37,293294
ACS,20070327,0.13,0.13,0.13,0.13,50000
ADA,20070327,0.61,0.62,0.6,0.6,61890
ADB,20070327,13.9,13.99,13.82,13.94,743331
ADG,20070327,3.64,3.65,3.63,3.63,5500
ADI,20070327,0.53,0.64,0.53,0.62,682985
ADL,20070327,0.083,0.087,0.083,0.087,231606
ADN,20070327,0.47,0.48,0.47,0.48,42117
ADS,20070327,0.185,0.185,0.175,0.175,682701
ADU,20070327,0.55,0.55,0.53,0.53,86210
ADX,20070327,0.105,0.105,0.095,0.095,98300
ADY,20070327,0.135,0.135,0.13,0.135,6311000
ADZ,20070327,2.56,2.57,2.53,2.56,237790
AEC,20070327,3.81,3.85,3.75,3.77,66401
AED,20070327,5.06,5.08,4.95,5,125918
AEE,20070327,0.445,0.445,0.4,0.41,296141
AEF,20070327,47.8,47.8,45.11,45.11,497
AEI,20070327,0.64,0.64,0.6,0.615,71568
AEO,20070327,1.995,2.01,1.995,1.995,231241
AEP,20070327,4,4,3.95,3.95,17550
AET,20070327,0.925,0.925,0.925,0.925,1000
AEU,20070327,1.78,1.8,1.765,1.79,463767
AEX,20070327,0.037,0.043,0.037,0.042,24122737
AEZ,20070327,1.27,1.285,1.26,1.265,1075771
AFG,20070327,10.85,10.94,10.8,10.85,671873
AFI,20070327,5.36,5.39,5.36,5.36,184282
AFT,20070327,0.008,0.009,0.008,0.009,2738735
AGC,20070327,1.81,1.865,1.81,1.865,510453
AGF,20070327,1.15,1.16,1.145,1.16,159910
AGG,20070327,11.13,11.13,11.08,11.08,6573
AGI,20070327,0.585,0.6,0.585,0.6,35000
AGK,20070327,15.82,16.1,15.82,16.01,884956
AGM,20070327,0.77,0.775,0.74,0.74,6326520
AGO,20070327,0.64,0.655,0.62,0.655,563872
AGS,20070327,1.99,2.11,1.97,2.09,2392742
AGX,20070327,0.11,0.115,0.11,0.11,53953
AGY,20070327,0.45,0.53,0.425,0.5,4024020
AHD,20070327,6.37,6.49,6.37,6.49,4586
AHE,20070327,3.4,3.43,3.35,3.35,35830
AHI,20070327,3.81,3.82,3.76,3.76,8002
AHN,20070327,0.32,0.35,0.315,0.35,201500
AHS,20070327,0.78,0.785,0.77,0.785,153586
AIA,20070327,2.1,2.1,2.1,2.1,794995
AIE,20070327,0.26,0.265,0.26,0.265,90000
AII,20070327,0.175,0.175,0.175,0.175,20000
AIM,20070327,0.27,0.27,0.27,0.27,927080
AIX,20070327,2.8,2.81,2.79,2.8,813416
AIY,20070327,0.05,0.05,0.05,0.05,33334
AIZ,20070327,2.02,2.03,2.01,2.03,67071
AJL,20070327,1.175,1.18,1.175,1.175,23991
AKK,20070327,0.25,0.27,0.22,0.235,1115638
ALB,20070327,2.48,2.54,2.48,2.52,948655
ALD,20070327,0.33,0.33,0.33,0.33,238500
ALK,20070327,0.245,0.25,0.24,0.24,276140
ALL,20070327,16.5,16.7,16.47,16.6,1937358
ALR,20070327,1.8,1.81,1.8,1.81,16529
ALS,20070327,12.67,12.82,12.67,12.7,113491
ALT,20070327,0.026,0.026,0.025,0.025,60500
ALU,20070327,1.05,1.05,1.015,1.015,14780
ALZ,20070327,2.18,2.19,2.16,2.16,681259
AMA,20070327,0.46,0.47,0.46,0.47,25000
AMB,20070327,1.85,1.85,1.85,1.85,2000
AMC,20070327,7.66,7.67,7.51,7.51,4238036
AMH,20070327,0.69,0.69,0.68,0.68,59938
AMM,20070327,0.175,0.175,0.175,0.175,181000
AMO,20070327,0.56,0.56,0.56,0.56,6900
AMP,20070327,10.43,10.45,10.37,10.43,3878654
AMU,20070327,0.77,0.78,0.765,0.78,190052
AND,20070327,0.47,0.495,0.47,0.47,476656
ANE,20070327,3.65,3.7,3.65,3.65,43193
ANG,20070327,1.155,1.16,1.11,1.155,47215
ANH,20070327,0.06,0.06,0.059,0.059,244279
ANM,20070327,0.385,0.41,0.385,0.395,87436
ANN,20070327,11.52,11.67,11.48,11.57,380693
ANO,20070327,0.165,0.17,0.165,0.17,159000
ANP,20070327,0.041,0.043,0.04,0.043,1581462
ANX,20070327,0.24,0.24,0.24,0.24,16000
ANZ,20070327,29.51,29.72,29.46,29.58,2472832
AOC,20070327,0.08,0.08,0.078,0.078,300000
AOE,20070327,1.535,1.55,1.535,1.55,781652
AOI,20070327,0.063,0.065,0.063,0.065,357754
AOP,20070327,0.405,0.41,0.4,0.4,64001
APA,20070327,4.24,4.25,4.16,4.2,195209
APB,20070327,0.17,0.175,0.17,0.175,103089
APD,20070327,3.45,3.52,3.45,3.52,4060
APE,20070327,10.8,10.8,10.8,10.8,2000
APG,20070327,0.155,0.16,0.14,0.15,5888291
API,20070327,2.11,2.14,2.1,2.13,541582
APK,20070327,0.6,0.64,0.6,0.62,62797
APM,20070327,0.024,0.025,0.024,0.024,1933333
APN,20070327,5.82,5.87,5.82,5.82,297895
APP,20070327,0.66,0.66,0.66,0.66,5000
APV,20070327,0.08,0.08,0.074,0.074,48250
APZ,20070327,2.44,2.45,2.38,2.4,720847
AQA,20070327,4.65,4.65,4.5,4.55,36770
AQD,20070327,0.175,0.18,0.175,0.175,295305
AQE,20070327,0.3,0.315,0.3,0.315,58214
AQL,20070327,0.021,0.023,0.021,0.023,100000
AQP,20070327,40.82,41.95,40.4,41.65,40064
ARA,20070327,0.58,0.58,0.575,0.58,108041
ARE,20070327,0.195,0.205,0.195,0.205,626930
ARG,20070327,7.65,7.72,7.61,7.7,124535
ARJ,20070327,0.01,0.01,0.01,0.01,200
ARM,20070327,0.46,0.47,0.425,0.46,65233
ARO,20070327,0.022,0.022,0.022,0.022,250000
ARP,20070327,4.27,4.3,4.27,4.28,12468
ARQ,20070327,1.31,1.33,1.31,1.31,370658
ARR,20070327,3.4,3.75,3.38,3.67,1229576
ARU,20070327,0.935,0.99,0.935,0.99,2199255
ARV,20070327,0.395,0.4,0.36,0.385,424450
ARW,20070327,0.38,0.395,0.38,0.385,372883
ARX,20070327,0.021,0.021,0.02,0.021,2112000
ASB,20070327,3.32,3.33,3.25,3.26,274593
ASC,20070327,0.03,0.03,0.03,0.03,27000
ASL,20070327,2.08,2.08,2.02,2.02,46991
ASP,20070327,0.3,0.3,0.3,0.3,10000
ASU,20070327,0.03,0.03,0.03,0.03,5505
ASV,20070327,0.031,0.031,0.029,0.03,461890
ASX,20070327,42.61,43.18,42.6,43.02,509958
ASZ,20070327,1.095,1.12,1.085,1.12,22720
ATG,20070327,0.22,0.22,0.21,0.21,41000
ATP,20070327,0.43,0.44,0.43,0.44,26000
ATR,20070327,2.12,2.12,2.07,2.07,24194
ATV,20070327,0.12,0.12,0.12,0.12,200000
AUB,20070327,4.7,4.71,4.61,4.7,49166
AUI,20070327,8.3,8.3,8.3,8.3,500
AUN,20070327,1.47,1.6,1.47,1.55,8980112
AUS,20070327,1.225,1.235,1.215,1.235,719029
AUT,20070327,0.4,0.405,0.39,0.405,125862
AUW,20070327,2.6,2.6,2.56,2.58,2325604
AUX,20070327,0.059,0.063,0.057,0.063,2977452
AUZ,20070327,0.082,0.083,0.08,0.08,6479482
AVA,20070327,0.053,0.053,0.05,0.05,407499
AVD,20070327,0.5,0.5,0.5,0.5,5000
AVE,20070327,2.91,2.92,2.87,2.92,24181
AVI,20070327,0.205,0.21,0.2,0.21,244013
AVJ,20070327,1.255,1.255,1.24,1.25,157854
AVM,20070327,17.2,17.28,17.2,17.22,25423
AVO,20070327,1.445,1.445,1.415,1.415,748198
AVP,20070327,0.008,0.008,0.008,0.008,1447
AVR,20070327,1.62,1.63,1.62,1.63,6200
AVS,20070327,0.63,0.66,0.63,0.64,275000
AVX,20070327,0.8,0.8,0.755,0.755,5952786
AWB,20070327,3.64,3.68,3.51,3.51,1112193
AWC,20070327,7.32,7.45,7.26,7.27,6055919
AWE,20070327,2.74,2.75,2.73,2.73,2223961
AWG,20070327,0.14,0.14,0.14,0.14,50000
AXA,20070327,7.37,7.39,7.22,7.24,4004131
AXC,20070327,0.1,0.105,0.095,0.105,442533
AXI,20070327,0.325,0.34,0.325,0.34,96000
AXM,20070327,0.34,0.365,0.34,0.36,301097
AXO,20070327,0.935,0.935,0.885,0.89,86922
AXQ,20070327,0.905,0.91,0.905,0.91,342909
AXT,20070327,0.355,0.355,0.355,0.355,7000
AYF,20070327,9.95,9.95,9.95,9.95,100
AYR,20070327,0.135,0.135,0.125,0.135,196000
AZA,20070327,1.145,1.145,1.125,1.135,1101140
AZC,20070327,0.275,0.28,0.275,0.28,314912
AZD,20070327,0.28,0.28,0.27,0.28,302851
AZS,20070327,0.093,0.093,0.092,0.092,140000
AZX,20070327,1.75,1.8,1.75,1.75,27806
AZZ,20070327,0.76,0.82,0.76,0.775,1133562
BAR,20070327,0.2,0.2,0.19,0.19,864500
BAS,20070327,0.07,0.07,0.065,0.065,615228
BBG,20070327,17.12,17.12,16.5,16.5,523074
BBI,20070327,1.83,1.835,1.82,1.825,2830712
BBP,20070327,2.84,2.85,2.83,2.84,1686516
BBW,20070327,1.69,1.695,1.68,1.685,2091256
BCF,20070327,1.25,1.25,1.2,1.21,667420
BCI,20070327,0.68,0.73,0.68,0.73,514376
BCM,20070327,4.2,4.23,4.16,4.2,421470
BCN,20070327,0.58,0.63,0.57,0.62,2830237
BDG,20070327,0.38,0.425,0.38,0.42,11630259
BDL,20070327,0.275,0.28,0.275,0.275,400150
BDM,20070327,0.375,0.44,0.375,0.375,251347
BDS,20070327,4.24,4.24,4.14,4.15,5250
BEC,20070327,3.92,3.95,3.92,3.92,477925
BEI,20070327,0.98,0.98,0.93,0.95,128618
BEL,20070327,0.395,0.395,0.39,0.39,29295
BEN,20070327,17.01,17.1,16.97,17.02,476430
BGD,20070327,0.475,0.475,0.4,0.45,941076
BHP,20070327,29.95,29.98,29.7,29.8,28410293
BIT,20070327,0.305,0.305,0.295,0.295,15000
BIX,20070327,0.16,0.16,0.15,0.15,114900
BJT,20070327,1.955,1.955,1.89,1.9,1944688
BKG,20070327,0.115,0.115,0.115,0.115,42601
BKI,20070327,1.395,1.4,1.39,1.39,104759
BKL,20070327,24.02,24.1,23.43,23.43,4904
BKM,20070327,0.008,0.008,0.008,0.008,900000
BKN,20070327,8.88,8.96,8.82,8.82,243067
BKP,20070327,0.155,0.155,0.145,0.15,1207400
BKR,20070327,0.41,0.41,0.41,0.41,22063
BKY,20070327,1.54,1.54,1.5,1.5,201847
BLD,20070327,8.2,8.48,8.17,8.4,2165341
BLG,20070327,0.79,0.795,0.76,0.775,622039
BLK,20070327,0.55,0.63,0.5,0.56,568804
BLP,20070327,0.89,0.91,0.89,0.9,109669
BLR,20070327,0.19,0.19,0.185,0.19,3319917
BLS,20070327,0.12,0.12,0.12,0.12,5000
BLT,20070327,0.14,0.175,0.135,0.165,3413923
BLU,20070327,1.47,1.47,1.47,1.47,10204
BLZ,20070327,0.031,0.036,0.031,0.034,515000
BMN,20070327,3,3.25,3,3.19,1290122
BMX,20070327,0.225,0.225,0.215,0.225,1671917
BMY,20070327,0.215,0.215,0.215,0.215,3954
BNB,20070327,26.6,26.86,26.45,26.79,1298318
BNL,20070327,0.26,0.26,0.255,0.255,62450
BNO,20070327,0.275,0.28,0.275,0.28,147572
BNT,20070327,0.11,0.11,0.105,0.105,225000
BOC,20070327,0.75,0.75,0.72,0.72,19307
BOD,20070327,0.125,0.125,0.125,0.125,2825
BOL,20070327,3.53,3.54,3.5,3.5,680176
BOM,20070327,0.38,0.4,0.38,0.4,470640
BON,20070327,0.13,0.13,0.125,0.125,53680
BOQ,20070327,17,17.04,16.91,16.95,282018
BOS,20070327,0.14,0.14,0.13,0.13,104206
BOW,20070327,0.105,0.105,0.1,0.1,205303
BPG,20070327,0.04,0.04,0.04,0.04,500000
BPH,20070327,0.13,0.13,0.12,0.125,22000
BPK,20070327,0.04,0.04,0.035,0.04,2005947
BPO,20070327,0.033,0.033,0.032,0.032,965013
BPT,20070327,1.2,1.205,1.17,1.17,4559046
BQT,20070327,0.17,0.17,0.17,0.17,27645
BRO,20070327,0.009,0.009,0.008,0.009,13769928
BRW,20070327,0.36,0.37,0.36,0.365,515200
BSA,20070327,0.59,0.6,0.59,0.6,85885
BSG,20070327,3.02,3.09,3.01,3.02,1279772
BSL,20070327,10.06,10.32,10.06,10.3,4220766
BSM,20070327,0.31,0.315,0.305,0.305,141900
BSN,20070327,0.13,0.15,0.13,0.15,183531
BSO,20070327,0.645,0.645,0.63,0.63,36015
BTA,20070327,1.57,1.59,1.57,1.58,261331
BTC,20070327,0.39,0.395,0.385,0.395,116461
BTV,20070327,0.115,0.12,0.11,0.115,723389
BUG,20070327,0.51,0.51,0.51,0.51,29644
BUR,20070327,0.215,0.215,0.205,0.205,250000
BUY,20070327,0.048,0.048,0.045,0.045,316000
BVA,20070327,2.25,2.25,2.2,2.22,44564
BWN,20070327,0.335,0.34,0.31,0.33,240422
BWP,20070327,2.17,2.17,2.13,2.15,302575
BXB,20070327,13.6,13.63,13.51,13.54,4773688
BXP,20070327,0.17,0.18,0.17,0.175,362280
BYR,20070327,0.23,0.24,0.23,0.23,519780
BZI,20070327,0.47,0.47,0.43,0.43,85885
CAA,20070327,0.83,0.83,0.8,0.8,41993
CAB,20070327,10.77,10.85,10.41,10.65,277273
CAF,20070327,0.965,0.965,0.95,0.95,15270
CAL,20070327,0.97,0.98,0.965,0.98,58550
CAM,20070327,1.2,1.22,1.2,1.22,42173
CAQ,20070327,0.2,0.2,0.19,0.2,87500
CAS,20070327,0.185,0.2,0.185,0.2,100653
CAT,20070327,2.8,2.8,2.8,2.8,333
CAU,20070327,0.069,0.069,0.069,0.069,100000
CAV,20070327,0.28,0.29,0.27,0.29,330000
CAZ,20070327,0.56,0.57,0.55,0.565,159340
CBA,20070327,50.53,50.53,50.13,50.25,2120308
CBD,20070327,0.09,0.095,0.09,0.095,50000
CBH,20070327,0.51,0.51,0.5,0.5,3197477
CBM,20070327,2.65,2.72,2.65,2.7,36996
CCE,20070327,0.07,0.07,0.069,0.069,549711
CCI,20070327,0.004,0.004,0.004,0.004,150000
CCL,20070327,8.8,8.81,8.72,8.75,1335255
CCP,20070327,10.3,10.3,10.11,10.15,42127
CCS,20070327,0.053,0.053,0.048,0.05,915143
CCV,20070327,0.64,0.65,0.635,0.65,368689
CDA,20070327,1.3,1.31,1.3,1.31,22000
CDD,20070327,5.72,5.75,5.72,5.75,34081
CDF,20070327,1.85,1.936,1.85,1.936,6000
CDH,20070327,0.05,0.05,0.05,0.05,11037
CDI,20070327,1.08,1.085,1.07,1.07,1086981
CDM,20070327,1.22,1.22,1.22,1.22,9310
CDO,20070327,4.17,4.17,4.17,4.17,2500
CDP,20070327,4.7,4.75,4.7,4.75,20815
CDR,20070327,2.03,2.05,2,2.03,1169206
CDS,20070327,0.021,0.023,0.021,0.022,3953000
CDU,20070327,4.11,4.12,4.02,4.05,461049
CDX,20070327,1,1,0.99,1,75450
CEG,20070327,2.25,2.27,2.25,2.26,50733
CEO,20070327,0.045,0.045,0.045,0.045,10000
CER,20070327,1.71,1.71,1.65,1.65,1368417
CEU,20070327,1.435,1.445,1.425,1.445,4055595
CEY,20070327,3.42,3.44,3.36,3.4,1550885
CFE,20070327,0.6,0.61,0.505,0.515,35725945
CFI,20070327,0.785,0.79,0.785,0.79,57425
CFK,20070327,0.295,0.3,0.29,0.29,35000
CFR,20070327,0.014,0.014,0.013,0.013,9975000
CFU,20070327,1.235,1.235,1.195,1.215,268146
CFX,20070327,2.24,2.29,2.2,2.23,6564938
CGF,20070327,4.63,4.75,4.63,4.74,1502611
CGJ,20070327,16.03,16.11,15.75,15.94,3473479
CGM,20070327,0.215,0.215,0.215,0.215,40000
CGT,20070327,0.19,0.19,0.18,0.18,22000
CGX,20070327,0.6,0.6,0.6,0.6,337050
CHB,20070327,50.08,52,50.08,52,45
CHC,20070327,2.72,2.73,2.65,2.7,454249
CHD,20070327,1.075,1.09,1.075,1.09,39081
CHF,20070327,0.375,0.375,0.37,0.37,15000
CHL,20070327,0.55,0.55,0.55,0.55,75000
CHN,20070327,0.115,0.115,0.115,0.115,53866
CHO,20070327,6.04,6.05,6.04,6.05,17000
CHQ,20070327,0.755,0.755,0.755,0.755,39500
CIF,20070327,4,4.02,3.96,3.96,175044
CIG,20070327,0.054,0.054,0.053,0.053,296500
CIL,20070327,2.45,2.48,2.45,2.47,32280
CIN,20070327,20.09,20.09,20.09,20.09,250
CIR,20070327,1.38,1.41,1.38,1.41,22289
CIW,20070327,0.86,0.86,0.86,0.86,3500
CIX,20070327,0.435,0.44,0.435,0.435,161478
CIY,20070327,4.48,4.48,4.42,4.43,357567
CJT,20070327,0.17,0.17,0.17,0.17,1000
CKL,20070327,0.505,0.505,0.5,0.5,93606
CKR,20070327,0.155,0.16,0.15,0.15,64569
CLF,20070327,0.22,0.23,0.22,0.23,28885
CLH,20070327,0.92,0.92,0.92,0.92,13870
CLN,20070327,0.19,0.19,0.19,0.19,25000
CLO,20070327,0.7,0.7,0.68,0.695,284387
CLT,20070327,1.11,1.2,1.1,1.2,89030
CLV,20070327,0.1,0.105,0.1,0.105,95330
CME,20070327,0.067,0.068,0.063,0.063,5494861
CMI,20070327,1.62,1.65,1.62,1.62,18394
CMK,20070327,0.23,0.23,0.23,0.23,10000
CMO,20070327,0.024,0.024,0.022,0.022,8603551
CMQ,20070327,0.072,0.074,0.069,0.069,384022
CMR,20070327,5.26,5.35,5.25,5.27,165241
CMS,20070327,0.03,0.033,0.03,0.033,326526
CMV,20070327,0.38,0.38,0.375,0.38,143000
CMW,20070327,1.155,1.185,1.155,1.17,1583848
CMY,20070327,0.2,0.2,0.19,0.19,86259
CNA,20070327,74.51,74.51,74.5,74.5,1500
CNB,20070327,1.4,1.4,1.3,1.3,17334
CND,20070327,3.31,3.32,3.27,3.29,48271
CNM,20070327,0.029,0.029,0.029,0.029,141964
CNN,20070327,0.12,0.14,0.12,0.14,1961388
CNP,20070327,8.77,8.8,8.5,8.62,4321989
CNT,20070327,1,1,0.995,1,48826
COA,20070327,4.99,5.01,4.95,5,1122328
COE,20070327,0.575,0.59,0.575,0.59,997587
COF,20070327,3.88,3.9,3.87,3.9,172999
COH,20070327,63.2,63.3,62.52,62.52,357481
COI,20070327,0.26,0.26,0.255,0.255,175000
COK,20070327,0.16,0.16,0.16,0.16,450000
COS,20070327,0.1,0.1,0.1,0.1,29823
COU,20070327,2.55,2.59,2.54,2.55,124515
COZ,20070327,0.36,0.4,0.35,0.35,375019
CPA,20070327,1.4,1.4,1.38,1.39,2972852
CPB,20070327,22.79,22.79,22.22,22.22,7382
CPI,20070327,0.37,0.38,0.37,0.38,10483
CPK,20070327,0.8,0.815,0.795,0.815,138549
CPN,20070327,0.069,0.078,0.062,0.078,440821
CPR,20070327,3.16,3.16,3.16,3.16,1623
CPT,20070327,0.092,0.092,0.09,0.09,102000
CPU,20070327,10.55,10.83,10.53,10.76,1355229
CQT,20070327,0.7,0.725,0.695,0.725,763336
CRB,20070327,0.255,0.265,0.25,0.26,93117
CRC,20070327,0.295,0.295,0.295,0.295,135000
CRE,20070327,0.42,0.43,0.415,0.42,947165
CRG,20070327,16.75,16.89,16.52,16.52,281039
CRJ,20070327,0.32,0.35,0.32,0.35,586460
CRK,20070327,1.19,1.22,1.19,1.22,152335
CRL,20070327,0.11,0.11,0.11,0.11,7500
CRT,20070327,0.7,0.7,0.69,0.69,52314
CSE,20070327,0.335,0.34,0.335,0.34,50000
CSH,20070327,2.33,2.33,2.33,2.33,22677
CSL,20070327,84.5,85.25,84.06,84.06,460562
CSM,20070327,2.36,2.45,2.35,2.41,4222960
CSR,20070327,3.55,3.58,3.54,3.56,1342035
CSS,20070327,0.92,0.945,0.92,0.92,158756
CST,20070327,3.73,3.74,3.64,3.72,30013
CTE,20070327,0.17,0.17,0.165,0.165,130000
CTF,20070327,0.056,0.056,0.056,0.056,32428
CTN,20070327,1.79,1.8,1.79,1.79,70450
CTO,20070327,0.415,0.425,0.415,0.425,622728
CTP,20070327,0.17,0.17,0.17,0.17,29000
CTS,20070327,0.535,0.535,0.515,0.52,103107
CTX,20070327,23.61,23.87,23.51,23.51,535501
CUE,20070327,0.135,0.135,0.135,0.135,812231
CUL,20070327,0.036,0.037,0.036,0.037,1042723
CUO,20070327,0.46,0.46,0.45,0.46,946921
CUS,20070327,0.23,0.23,0.22,0.225,954778
CUV,20070327,1.12,1.15,1.12,1.15,622192
CUY,20070327,1.11,1.11,1,1.05,218184
CVC,20070327,1.97,1.975,1.965,1.97,85924
CVI,20070327,0.088,0.09,0.086,0.086,450000
CVN,20070327,0.12,0.12,0.11,0.115,4806129
CWG,20070327,0.25,0.25,0.25,0.25,165000
CWP,20070327,5.3,5.3,5.08,5.08,3997
CWT,20070327,0.87,0.875,0.865,0.87,89769
CXD,20070327,2.25,2.25,2.25,2.25,7300
CXE,20070327,0.44,0.49,0.44,0.49,72115
CXG,20070327,1.3,1.3,1.26,1.295,84250
CXM,20070327,0.145,0.145,0.145,0.145,236176
CXN,20070327,0.13,0.13,0.12,0.12,262500
CXP,20070327,6.14,6.17,6.03,6.08,301490
CXS,20070327,0.805,0.83,0.79,0.81,153990
CXY,20070327,0.032,0.032,0.03,0.03,550000
CYA,20070327,1.33,1.33,1.29,1.31,134070
CYG,20070327,4.2,4.22,4.2,4.2,18327
CYL,20070327,0.21,0.21,0.21,0.21,11750
CYT,20070327,0.65,0.67,0.64,0.64,51500
CZR,20070327,0.7,0.7,0.65,0.65,41241
DBS,20070327,0.89,0.89,0.82,0.82,17670
DDD,20070327,0.2,0.2,0.2,0.2,10000
DDT,20070327,0.315,0.315,0.305,0.31,598254
DEG,20070327,0.12,0.12,0.12,0.12,573206
DES,20070327,0.25,0.26,0.245,0.26,918197
DEX,20070327,3.02,3.02,2.97,3,31540
DGH,20070327,0.83,0.83,0.83,0.83,10000
DGR,20070327,0.099,0.115,0.099,0.115,1012107
DIA,20070327,0.08,0.09,0.08,0.09,728432
DIO,20070327,0.08,0.08,0.08,0.08,566414
DJS,20070327,4.79,4.79,4.71,4.72,974284
DJW,20070327,4.6,4.6,4.56,4.6,108239
DKN,20070327,1.34,1.34,1.34,1.34,26200
DKS,20070327,8.6,8.6,8.6,8.6,1050
DLS,20070327,0.13,0.135,0.13,0.135,325000
DML,20070327,0.275,0.275,0.265,0.27,717921
DMP,20070327,2.94,2.94,2.91,2.93,51537
DMX,20070327,0.9,0.9,0.865,0.87,58360
DMY,20070327,0.06,0.06,0.055,0.055,60000
DOM,20070327,2.48,2.5,2.48,2.49,115469
DON,20070327,0.33,0.335,0.33,0.335,50000
DOW,20070327,7.03,7.03,6.94,6.95,787727
DRA,20070327,0.14,0.14,0.135,0.135,286678
DRK,20070327,0.17,0.17,0.17,0.17,25875
DRT,20070327,1.8,1.8,1.76,1.77,10660489
DRX,20070327,0.255,0.28,0.255,0.28,79000
DSF,20070327,0.295,0.295,0.295,0.295,53000
DTL,20070327,5.27,5.3,5.25,5.3,5500
DUE,20070327,3.3,3.3,3.25,3.26,668870
DUI,20070327,3.6,3.6,3.55,3.56,8060
DVM,20070327,0.105,0.105,0.1,0.1,1990331
DVN,20070327,1.49,1.5,1.49,1.49,208650
DWS,20070327,1.85,1.86,1.82,1.85,390238
DWY,20070327,0.35,0.365,0.35,0.365,20000
DXL,20070327,2.32,2.37,2.32,2.34,5014711
DYE,20070327,0.67,0.69,0.67,0.685,183863
DYL,20070327,0.425,0.425,0.4,0.405,3599163
EAR,20070327,0.31,0.31,0.28,0.28,26000
EBB,20070327,3.18,3.2,3.15,3.19,110443
EBG,20070327,0.3,0.3,0.3,0.3,4000
EBI,20070327,4.4,4.4,4.38,4.39,262819
EBR,20070327,0.055,0.056,0.053,0.053,1227052
EBT,20070327,0.155,0.16,0.15,0.16,318519
ECH,20070327,0.35,0.4,0.35,0.37,139418
ECI,20070327,0.027,0.027,0.027,0.027,40000
ECM,20070327,0.091,0.091,0.091,0.091,50000
ECU,20070327,0.035,0.035,0.032,0.033,276000
EDE,20070327,0.63,0.63,0.62,0.62,18000
EDN,20070327,0.39,0.39,0.385,0.39,44680
EEE,20070327,0.21,0.21,0.2,0.21,90000
EFT,20070327,0.105,0.105,0.105,0.105,45166
EGL,20070327,0.14,0.14,0.135,0.135,71211
EGO,20070327,0.008,0.008,0.007,0.008,6561769
EGX,20070327,0.82,0.84,0.8,0.82,52294
EHL,20070327,1.77,1.775,1.75,1.755,1110660
EIF,20070327,0.021,0.023,0.021,0.023,694928
EIG,20070327,1.11,1.14,1.11,1.11,30142
EIV,20070327,0.14,0.14,0.125,0.125,579950
EKA,20070327,0.225,0.225,0.225,0.225,49900
EKM,20070327,0.29,0.33,0.29,0.3,325000
ELK,20070327,0.335,0.35,0.335,0.35,47000
ELL,20070327,0.195,0.195,0.185,0.185,1211000
ELM,20070327,0.38,0.38,0.38,0.38,5300
ELX,20070327,0.84,0.845,0.805,0.845,102714
EME,20070327,5.35,5.97,5.35,5.8,176573
EMI,20070327,1.21,1.235,1.21,1.225,45780
EMR,20070327,0.135,0.145,0.135,0.14,203662
EMS,20070327,0.115,0.115,0.11,0.11,299133
ENB,20070327,0.38,0.38,0.35,0.35,50017
ENE,20070327,4.94,4.94,4.83,4.85,501061
ENG,20070327,0.2,0.2,0.195,0.2,467300
ENR,20070327,0.54,0.54,0.52,0.52,10000
ENV,20070327,1.245,1.25,1.22,1.22,779303
EON,20070327,0.66,0.66,0.65,0.65,93400
EOS,20070327,1.59,1.62,1.54,1.54,43659
EPE,20070327,0.025,0.026,0.025,0.026,89304
EPF,20070327,0.195,0.195,0.195,0.195,376
EPG,20070327,0.765,0.81,0.765,0.81,677962
EPS,20070327,0.385,0.385,0.385,0.385,30240
EPY,20070327,0.335,0.335,0.33,0.33,54890
EQI,20070327,1.67,1.68,1.65,1.67,257418
EQN,20070327,2.45,2.48,2.36,2.37,173803
ERA,20070327,26.7,28.58,26.7,27.85,475030
ERG,20070327,0.215,0.22,0.215,0.215,1621772
ERJ,20070327,0.031,0.031,0.031,0.031,50000
ERL,20070327,0.185,0.185,0.18,0.18,20000
ERN,20070327,0.6,0.64,0.6,0.62,884886
ERO,20070327,0.285,0.285,0.275,0.275,340531
ESG,20070327,0.31,0.31,0.295,0.295,8434940
ESI,20070327,0.21,0.215,0.205,0.215,286670
ESS,20070327,0.64,0.64,0.64,0.64,20000
ESV,20070327,0.785,0.8,0.785,0.8,50500
ETC,20070327,0.019,0.019,0.017,0.017,1405000
ETE,20070327,0.175,0.185,0.175,0.18,546340
ETR,20070327,4.2,4.25,4.2,4.22,1119559
ETT,20070327,0.02,0.02,0.02,0.02,1412
ETW,20070327,0.16,0.165,0.16,0.16,44793
EUG,20070327,0.019,0.019,0.019,0.019,541589
EVE,20070327,0.32,0.33,0.315,0.325,221854
EVZ,20070327,0.45,0.455,0.44,0.44,742636
EWC,20070327,0.72,0.795,0.7,0.78,4499919
EXM,20070327,0.018,0.018,0.017,0.018,9130015
EXR,20070327,0.24,0.24,0.23,0.23,76000
EXS,20070327,0.275,0.275,0.265,0.265,381953
EYE,20070327,0.225,0.225,0.21,0.21,104141
EZL,20070327,3.55,3.55,3.47,3.47,40680
EZY,20070327,0.64,0.64,0.61,0.64,138966
FAN,20070327,3.89,3.9,3.87,3.9,235811
FAR,20070327,0.12,0.12,0.12,0.12,288177
FAS,20070327,0.9,0.92,0.89,0.92,99070
FAT,20070327,1.025,1.035,1.025,1.03,93795
FBU,20070327,9.75,9.87,9.75,9.85,691182
FCL,20070327,2.17,2.2,2.17,2.2,3065804
FCN,20070327,0.3,0.315,0.3,0.315,214750
FDL,20070327,0.015,0.015,0.014,0.014,775000
FEA,20070327,0.75,0.78,0.75,0.75,139725
FER,20070327,2.12,2.18,2.12,2.15,131080
FFF,20070327,0.06,0.065,0.06,0.065,1130095
FGI,20070327,1.18,1.18,1.18,1.18,139000
FGL,20070327,6.63,6.68,6.55,6.56,5824563
FIC,20070327,0.18,0.18,0.18,0.18,9500
FKP,20070327,7.34,7.4,7.29,7.29,119539
FLT,20070327,14.81,14.98,14.81,14.98,83315
FLX,20070327,5.25,5.25,5,5.17,300460
FMG,20070327,23.7,24,23.38,23.65,801510
FML,20070327,0.051,0.052,0.051,0.051,2339235
FNP,20070327,0.455,0.455,0.455,0.455,1800
FNT,20070327,0.12,0.12,0.12,0.12,39200
FPA,20070327,3.21,3.3,3.21,3.3,40722
FPH,20070327,3.29,3.32,3.26,3.26,242011
FPS,20070327,2.43,2.43,2.36,2.38,9115
FRE,20070327,0.68,0.68,0.64,0.67,215200
FRI,20070327,0.79,0.79,0.78,0.78,39000
FRM,20070327,0.33,0.38,0.33,0.38,22021
FRR,20070327,0.68,0.69,0.68,0.68,32850
FRS,20070327,0.435,0.44,0.425,0.435,361000
FRV,20070327,0.08,0.08,0.08,0.08,150000
FSA,20070327,0.69,0.69,0.68,0.68,225000
FUL,20070327,0.092,0.095,0.091,0.095,86000
FUN,20070327,1.88,1.88,1.84,1.88,226991
FWD,20070327,8.82,8.87,8.66,8.87,62872
FXJ,20070327,4.8,4.83,4.75,4.77,1904430
FXL,20070327,2.83,2.98,2.83,2.98,17000
FXR,20070327,1.41,1.42,1.32,1.345,1120101
FZN,20070327,0.65,0.65,0.63,0.63,381279
GAA,20070327,0.58,0.585,0.57,0.575,135167
GAP,20070327,0.68,0.685,0.66,0.685,15810
GAU,20070327,0.17,0.17,0.17,0.17,3500
GBE,20070327,0.79,0.79,0.755,0.755,38211
GBG,20070327,0.6,0.6,0.57,0.585,797371
GBL,20070327,0.033,0.033,0.033,0.033,50000
GBM,20070327,0.125,0.125,0.12,0.12,118664
GBP,20070327,0.155,0.155,0.155,0.155,316000
GBT,20070327,3.73,3.73,3.7,3.7,20000
GCL,20070327,3.61,3.63,3.59,3.59,222185
GCR,20070327,0.041,0.042,0.04,0.041,1607620
GCX,20070327,0.73,0.73,0.73,0.73,1280
GDA,20070327,0.013,0.013,0.013,0.013,50000
GDM,20070327,0.595,0.625,0.595,0.625,113731
GDN,20070327,0.76,0.8,0.74,0.795,1737971
GDR,20070327,0.58,0.58,0.57,0.58,27484
GDY,20070327,1.15,1.155,1.13,1.155,167283
GFF,20070327,2.4,2.41,2.39,2.4,3059987
GGP,20070327,0.26,0.26,0.25,0.26,60465
GGY,20070327,0.12,0.125,0.105,0.115,8698379
GHT,20070327,0.76,0.76,0.76,0.76,7000
GIP,20070327,0.1,0.1,0.1,0.1,360000
GIR,20070327,0.75,0.75,0.695,0.695,252284
GJT,20070327,1.01,1.01,0.99,0.995,3334545
GLA,20070327,0.12,0.12,0.12,0.12,10000
GLB,20070327,0.265,0.265,0.26,0.26,208203
GLE,20070327,1.015,1.015,1.015,1.015,2000
GLF,20070327,0.18,0.2,0.18,0.2,43000
GLI,20070327,0.935,0.94,0.915,0.93,139970
GLN,20070327,0.23,0.235,0.23,0.235,113000
GLO,20070327,0.026,0.027,0.025,0.027,824694
GLX,20070327,0.069,0.07,0.069,0.069,135576
GME,20070327,0.62,0.625,0.61,0.625,179744
GMI,20070327,1.42,1.435,1.42,1.43,108967
GMR,20070327,0.072,0.072,0.069,0.069,287143
GNC,20070327,10.35,10.35,10.26,10.3,29467
GNL,20070327,0.038,0.038,0.038,0.038,80000
GNS,20070327,3.05,3.05,3.02,3.02,486993
GOA,20070327,0.085,0.087,0.085,0.087,61282
GOG,20070327,0.235,0.25,0.235,0.245,218000
GOP,20070327,0.205,0.205,0.205,0.205,153225
GPG,20070327,2.05,2.05,2.04,2.04,31486
GPN,20070327,0.05,0.05,0.048,0.049,2386354
GPR,20070327,0.5,0.5,0.48,0.5,30000
GPT,20070327,4.89,4.89,4.78,4.8,11336777
GQH,20070327,0.9,0.9,0.9,0.9,6310
GRD,20070327,2.13,2.19,2.12,2.16,321867
GRK,20070327,0.041,0.041,0.041,0.041,555000
GRL,20070327,0.205,0.205,0.2,0.2,110000
GRN,20070327,0.27,0.27,0.27,0.27,56500
GRR,20070327,1.53,1.55,1.52,1.55,156002
GRY,20070327,0.33,0.335,0.325,0.335,226193
GSA,20070327,1.205,1.205,1.17,1.18,4913259
GSE,20070327,0.14,0.14,0.125,0.135,8320241
GSF,20070327,0.023,0.024,0.022,0.023,946711
GTG,20070327,0.215,0.22,0.21,0.21,86000
GTP,20070327,2,2.07,1.985,2.03,4159750
GTX,20070327,0.2,0.2,0.195,0.2,104320
GUD,20070327,8.05,8.18,8.01,8.07,1515451
GUL,20070327,0.079,0.079,0.079,0.079,6500
GUN,20070327,0.32,0.32,0.295,0.3,3285890
GVM,20070327,0.9,0.92,0.9,0.92,64660
GWR,20070327,2.21,2.24,2.2,2.21,93220
GWT,20070327,4.05,4.08,3.98,3.98,459064
GXY,20070327,0.25,0.26,0.235,0.255,223976
GYN,20070327,0.21,0.21,0.18,0.18,5988
GZL,20070327,2.3,2.3,2.3,2.3,67354
HAN,20070327,19.3,19.3,19.3,19.3,75
HAO,20070327,0.029,0.03,0.029,0.029,90000
HAP,20070327,1.055,1.055,1.03,1.035,299377
HAV,20070327,1.6,1.68,1.6,1.68,173965
HAZ,20070327,0.3,0.32,0.28,0.32,47850
HCY,20070327,0.018,0.019,0.018,0.018,2939443
HDF,20070327,3.23,3.24,3.2,3.2,153311
HDG,20070327,0.56,0.56,0.56,0.56,14050
HDN,20070327,0.14,0.14,0.14,0.14,50000
HEA,20070327,0.51,0.51,0.51,0.51,4000
HEG,20070327,0.17,0.17,0.16,0.16,513462
HEM,20070327,0.205,0.23,0.2,0.225,331750
HER,20070327,1.08,1.085,1.07,1.085,68715
HFA,20070327,2.24,2.31,2.24,2.31,64020
HGI,20070327,3.61,3.62,3.58,3.61,2051872
HGO,20070327,0.25,0.26,0.245,0.245,1587156
HHL,20070327,12.9,12.9,12.9,12.9,1125
HHM,20070327,0.13,0.13,0.13,0.13,110000
HHV,20070327,1.005,1.005,0.995,1,414789
HHY,20070327,1.94,1.95,1.935,1.94,369597
HIC,20070327,0.93,0.93,0.93,0.93,10100
HIG,20070327,0.26,0.265,0.26,0.26,582986
HII,20070327,0.36,0.36,0.36,0.36,20000
HIL,20070327,5.53,5.56,5.46,5.53,104541
HIP,20070327,2,2.02,2,2.02,30595
HLD,20070327,0.25,0.255,0.25,0.255,306666
HLS,20070327,0.255,0.26,0.255,0.26,23275
HLX,20070327,0.205,0.21,0.185,0.21,572601
HMC,20070327,0.073,0.077,0.073,0.076,320109
HME,20070327,15.25,15.27,15.1,15.27,8164
HNG,20070327,1.96,1.96,1.93,1.93,43768
HNR,20070327,0.48,0.5,0.48,0.49,192900
HOM,20070327,0.92,0.93,0.92,0.93,47880
HPX,20070327,1.9,1.92,1.88,1.92,89955
HRD,20070327,0.185,0.195,0.185,0.195,74200
HRR,20070327,1.27,1.33,1.23,1.33,103121
HSK,20070327,1.43,1.43,1.4,1.4,85050
HSN,20070327,0.26,0.26,0.255,0.255,19000
HSP,20070327,5.67,5.71,5.65,5.67,881987
HST,20070327,3.4,3.4,3.3,3.34,77622
HTA,20070327,0.175,0.175,0.17,0.175,402352
HTE,20070327,0.02,0.021,0.02,0.021,122866
HTM,20070327,0.094,0.094,0.085,0.089,1600928
HTW,20070327,0.72,0.73,0.72,0.73,106000
HTX,20070327,0.018,0.019,0.018,0.018,653888
HVN,20070327,4.69,4.78,4.63,4.68,3154621
HWG,20070327,0.215,0.215,0.215,0.215,16000
HWI,20070327,2.63,2.63,2.56,2.6,31695
HYO,20070327,0.3,0.3,0.285,0.285,353950
HZL,20070327,0.5,0.5,0.5,0.5,5000
HZN,20070327,0.34,0.345,0.33,0.335,1009163
IAG,20070327,5.96,5.96,5.81,5.85,9671412
IAS,20070327,0.265,0.29,0.265,0.29,48797
IAU,20070327,0.51,0.51,0.48,0.49,109261
IBA,20070327,1.33,1.355,1.33,1.335,984522
IBC,20070327,0.61,0.61,0.61,0.61,12894
IBG,20070327,2.85,3.15,2.85,3,76966
IBR,20070327,0.76,0.76,0.755,0.755,276861
IBT,20070327,1.98,2,1.98,1.98,26843
ICC,20070327,0.051,0.059,0.051,0.051,41020
ICE,20070327,0.008,0.008,0.008,0.008,137500
ICH,20070327,0.15,0.15,0.15,0.15,75987
ICN,20070327,0.059,0.059,0.056,0.056,510000
ICP,20070327,0.045,0.046,0.045,0.045,1988000
ICS,20070327,0.215,0.215,0.215,0.215,90000
IDL,20070327,0.405,0.405,0.4,0.405,4293168
IDM,20070327,0.415,0.42,0.415,0.42,86500
IDO,20070327,0.89,0.9,0.89,0.9,204541
IDT,20070327,1.97,1.97,1.9,1.95,18648
IEF,20070327,1.16,1.17,1.16,1.16,66470
IFL,20070327,10.2,10.2,10,10.04,119133
IFM,20070327,0.71,0.72,0.7,0.7,284257
IGC,20070327,0.265,0.285,0.26,0.285,557488
IGO,20070327,4.99,5.03,4.96,5.02,331913
IGR,20070327,0.12,0.125,0.12,0.12,525500
IHF,20070327,1.13,1.13,1.13,1.13,932926
IHG,20070327,0.175,0.18,0.15,0.15,218724
IIF,20070327,2.4,2.4,2.36,2.38,3327869
IIG,20070327,0.02,0.023,0.02,0.021,47244347
IIN,20070327,1.15,1.16,1.12,1.125,157601
ILF,20070327,1.405,1.405,1.37,1.395,235682
ILU,20070327,5.5,5.75,5.5,5.72,2568128
IMA,20070327,2.35,2.37,2.31,2.37,27600
IMD,20070327,1.185,1.19,1.175,1.18,187164
IMF,20070327,0.74,0.74,0.735,0.735,20000
IMI,20070327,0.017,0.017,0.016,0.016,7952310
IML,20070327,0.06,0.06,0.06,0.06,200000
IMP,20070327,0.014,0.015,0.014,0.015,332388
IMU,20070327,0.25,0.25,0.25,0.25,42000
INL,20070327,0.18,0.185,0.18,0.18,922749
INP,20070327,0.235,0.235,0.21,0.23,288025
INT,20070327,0.028,0.029,0.027,0.029,3574376
IOF,20070327,1.595,1.61,1.57,1.57,2873281
IOH,20070327,0.78,0.82,0.78,0.82,173045
IPA,20070327,0.855,0.855,0.85,0.85,16000
IPE,20070327,0.985,0.985,0.985,0.985,35000
IPG,20070327,2.43,2.44,2.39,2.43,6206319
IPL,20070327,48.99,49.38,48.91,49.34,246689
IPM,20070327,1.39,1.395,1.375,1.39,661388
IPN,20070327,0.26,0.26,0.255,0.255,71578
IPR,20070327,0.175,0.175,0.16,0.16,313000
IPT,20070327,0.28,0.28,0.28,0.28,75000
IRE,20070327,7.85,7.9,7.78,7.82,584990
IRI,20070327,0.5,0.51,0.49,0.51,251676
IRN,20070327,0.775,0.775,0.74,0.75,333590
ISS,20070327,0.265,0.27,0.265,0.27,50195
ITC,20070327,0.07,0.073,0.07,0.073,348250
ITE,20070327,0.15,0.15,0.14,0.145,681564
ITT,20070327,0.23,0.24,0.23,0.24,17900
IUL,20070327,0.14,0.14,0.1,0.1,65000
IVC,20070327,5.69,5.7,5.62,5.69,85162
IVK,20070327,4.35,4.35,4.35,4.35,4000
IWF,20070327,2.6,2.6,2.59,2.59,60120
IWL,20070327,4.8,4.91,4.8,4.9,170544
JAK,20070327,0.18,0.18,0.17,0.175,317000
JBH,20070327,7.75,7.75,7.51,7.61,413559
JBM,20070327,16.5,17.7,16.5,17.32,1462232
JGL,20070327,0.245,0.245,0.24,0.245,200080
JHX,20070327,8.6,8.63,8.31,8.35,2643359
JMB,20070327,1.57,1.59,1.57,1.59,25389
JML,20070327,1.105,1.13,1.1,1.125,408486
JMS,20070327,0.265,0.27,0.26,0.26,396800
JPR,20070327,0.05,0.053,0.048,0.048,722544
JRL,20070327,1.65,1.75,1.65,1.72,266655
JRV,20070327,0.027,0.027,0.025,0.026,32597988
JST,20070327,4.14,4.22,4.13,4.15,279829
JUM,20070327,0.026,0.026,0.026,0.026,33070
JVG,20070327,0.155,0.155,0.155,0.155,5500
JYC,20070327,1.22,1.22,1.22,1.22,30800
KAL,20070327,0.087,0.089,0.084,0.084,526000
KAR,20070327,1.52,1.52,1.495,1.52,148830
KAT,20070327,1.13,1.13,1.13,1.13,5000
KCN,20070327,4.92,4.93,4.88,4.89,166541
KGL,20070327,0.16,0.16,0.16,0.16,90000
KIL,20070327,1.17,1.17,1.145,1.145,277280
KIM,20070327,0.935,0.935,0.905,0.905,2326932
KIS,20070327,1.05,1.06,1.05,1.06,10000
KME,20070327,1.31,1.35,1.28,1.35,37505
KMN,20070327,0.6,0.6,0.59,0.595,25760
KOR,20070327,0.95,1.05,0.95,1.05,373359
KRS,20070327,0.275,0.275,0.27,0.27,168550
KSC,20070327,3.85,3.85,3.75,3.78,3785
KSX,20070327,0.026,0.026,0.025,0.025,794841
KTL,20070327,0.034,0.035,0.034,0.035,100000
KTO,20070327,0.165,0.18,0.165,0.18,15165
KYC,20070327,0.41,0.41,0.4,0.4,93200
KZL,20070327,4.86,4.89,4.8,4.81,1843808
LAF,20070327,0.077,0.077,0.075,0.075,438116
LBT,20070327,0.26,0.26,0.26,0.26,17450
LBY,20070327,0.14,0.14,0.14,0.14,375000
LCL,20070327,0.72,0.76,0.72,0.76,44500
LCT,20070327,0.165,0.165,0.16,0.16,63279
LDW,20070327,7.75,7.75,7.7,7.7,6530
LEF,20070327,0.185,0.21,0.185,0.2,375000
LEG,20070327,0.062,0.065,0.062,0.065,412409
LEI,20070327,34.2,34.25,33.84,33.91,611418
LEP,20070327,3.88,3.9,3.81,3.9,27433
LGD,20070327,0.6,0.6,0.6,0.6,800
LGO,20070327,0.025,0.025,0.025,0.025,49000
LHG,20070327,3.28,3.3,3.24,3.24,8105914
LIM,20070327,20.11,20.52,20,20.05,200272
LIN,20070327,0.325,0.335,0.325,0.335,283165
LIO,20070327,0.21,0.22,0.205,0.215,93100
LIP,20070327,0.76,0.76,0.75,0.75,49260
LKO,20070327,0.021,0.022,0.021,0.022,10032340
LLC,20070327,19.96,20.06,19.81,19.85,1345325
LMC,20070327,2.5,2.5,2.5,2.5,25105
LMG,20070327,0.026,0.026,0.024,0.026,3260600
LML,20070327,0.27,0.27,0.26,0.265,469203
LMP,20070327,0.23,0.235,0.23,0.235,213432
LMW,20070327,0.71,0.71,0.7,0.7,75838
LNC,20070327,0.275,0.28,0.275,0.28,113000
LNG,20070327,0.495,0.495,0.49,0.49,17700
LNN,20070327,8.6,8.72,8.59,8.7,838174
LOD,20070327,0.065,0.07,0.062,0.07,274077
LOK,20070327,4.6,4.8,4.6,4.8,509
LPL,20070327,0.15,0.16,0.15,0.16,151300
LRF,20070327,1.07,1.08,1.06,1.08,176436
LRG,20070327,0.067,0.067,0.066,0.066,349001
LRL,20070327,0.65,0.65,0.6,0.6,160000
LSG,20070327,1.63,1.64,1.62,1.63,143712
LSL,20070327,0.009,0.009,0.009,0.009,1550000
LTR,20070327,0.27,0.27,0.27,0.27,58336
LUM,20070327,0.017,0.017,0.017,0.017,1000000
LVL,20070327,0.025,0.025,0.025,0.025,58500
LYC,20070327,0.725,0.725,0.7,0.705,8366400
LYL,20070327,3.29,3.34,3.29,3.34,16000
MAA,20070327,0.19,0.2,0.19,0.195,200500
MAE,20070327,0.67,0.675,0.635,0.635,338605
MAH,20070327,0.83,0.84,0.825,0.835,2311996
MAK,20070327,0.17,0.17,0.16,0.16,116002
MAL,20070327,0.55,0.55,0.55,0.55,20000
MAN,20070327,0.022,0.022,0.022,0.022,335000
MAP,20070327,4.08,4.08,4.02,4.07,4907929
MAQ,20070327,1.01,1.01,1.01,1.01,750
MAR,20070327,0.21,0.21,0.21,0.21,5000
MBA,20070327,0.165,0.165,0.155,0.16,882384
MBI,20070327,0.007,0.007,0.007,0.007,100000
MBL,20070327,82.2,82.25,81.53,81.95,783219
MBN,20070327,4.3,4.6,4.3,4.5,620202
MBP,20070327,0.15,0.15,0.14,0.145,611780
MBR,20070327,2.5,2.54,2.44,2.49,120825
MBT,20070327,1.41,1.42,1.4,1.4,17500
MCC,20070327,4.73,4.8,4.73,4.76,680979
MCG,20070327,6.7,6.7,6.48,6.61,1039525
MCK,20070327,4.22,4.4,4.22,4.4,4120
MCL,20070327,0.014,0.015,0.014,0.014,1727807
MCO,20070327,0.31,0.31,0.3,0.3,56500
MCP,20070327,2.83,2.83,2.79,2.83,14384
MCQ,20070327,3.95,3.96,3.88,3.95,857784
MCR,20070327,3.07,3.11,3.06,3.08,1149993
MCW,20070327,2.02,2.04,1.995,2,3658200
MDE,20070327,0.66,0.66,0.66,0.66,17900
MDG,20070327,0.2,0.2,0.19,0.19,35925
MDL,20070327,1.46,1.49,1.46,1.49,66910
MDM,20070327,0.135,0.135,0.135,0.135,170
MDS,20070327,0.165,0.165,0.165,0.165,154339
MDT,20070327,1.19,1.195,1.175,1.19,4402770
MDV,20070327,0.054,0.054,0.054,0.054,50000
MEE,20070327,0.115,0.12,0.115,0.115,490000
MEI,20070327,0.2,0.205,0.2,0.2,102500
MEO,20070327,0.71,0.725,0.7,0.725,715458
MEP,20070327,0.72,0.72,0.72,0.72,12167
MFF,20070327,0.965,0.975,0.96,0.97,517000
MFI,20070327,1.575,1.59,1.575,1.58,82842
MFS,20070327,5.3,5.3,5.19,5.2,1640649
MFT,20070327,0.91,0.91,0.905,0.905,71236
MGK,20070327,0.076,0.081,0.076,0.081,608600
MGO,20070327,0.215,0.235,0.215,0.235,155915
MGQ,20070327,7.15,7.15,6.85,6.88,5361624
MGR,20070327,5.46,5.46,5.33,5.37,2607797
MGU,20070327,0.26,0.26,0.245,0.25,205814
MGW,20070327,2.94,2.97,2.94,2.94,103748
MGX,20070327,0.84,0.85,0.835,0.85,2857705
MHI,20070327,0.23,0.23,0.23,0.23,5000
MHL,20070327,0.016,0.016,0.016,0.016,700000
MIG,20070327,3.83,3.84,3.81,3.82,10102102
MIK,20070327,0.36,0.38,0.355,0.38,130249
MIN,20070327,2.85,2.9,2.81,2.81,58900
MIR,20070327,2.12,2.12,2.1,2.1,9360
MIS,20070327,1.61,1.61,1.57,1.575,1023638
MIT,20070327,2.07,2.1,2.07,2.09,32765
MIX,20070327,1.085,1.085,1.065,1.085,287466
MKY,20070327,0.062,0.069,0.061,0.067,24846472
MLB,20070327,3.55,3.69,3.55,3.65,235457
MLE,20070327,3.03,3.05,3.01,3.04,743578
MLI,20070327,0.38,0.39,0.38,0.38,2748263
MLM,20070327,0.7,0.72,0.67,0.68,133260
MLS,20070327,0.066,0.066,0.064,0.064,1908855
MLT,20070327,21.75,21.8,21.71,21.8,7895
MLX,20070327,0.35,0.35,0.34,0.35,883348
MMA,20070327,1.03,1.03,1.02,1.025,191096
MMB,20070327,0.39,0.415,0.39,0.4,102623
MME,20070327,0.07,0.07,0.07,0.07,20000
MMG,20070327,4.4,4.53,4.4,4.5,3615257
MML,20070327,1.05,1.1,1.045,1.06,297529
MMN,20070327,0.275,0.28,0.275,0.275,386274
MMR,20070327,0.15,0.15,0.15,0.15,10000
MMS,20070327,4.47,4.5,4.45,4.5,529452
MMX,20070327,2.06,2.13,2.02,2.1,1731606
MND,20070327,10.36,10.38,10.23,10.38,277067
MNF,20070327,0.2,0.2,0.2,0.2,25000
MNM,20070327,0.285,0.31,0.285,0.31,273290
MOC,20070327,2.97,3.02,2.97,3.02,26424
MOD,20070327,0.025,0.025,0.025,0.025,80000
MOF,20070327,1.565,1.565,1.525,1.53,4439251
MOG,20070327,0.071,0.071,0.07,0.071,731000
MOL,20070327,3.25,3.28,3.17,3.25,105430
MON,20070327,0.27,0.27,0.265,0.265,492553
MOO,20070327,0.2,0.2,0.2,0.2,83000
MOS,20070327,0.155,0.155,0.15,0.155,1698716
MOX,20070327,0.805,0.805,0.785,0.785,26200
MPA,20070327,0.028,0.029,0.028,0.028,95625
MPB,20070327,7.15,7.15,7.15,7.15,1500
MPF,20070327,1.245,1.25,1.23,1.245,202226
MPG,20070327,0.86,0.86,0.85,0.85,52000
MPH,20070327,0.33,0.335,0.33,0.33,320830
MPI,20070327,0.074,0.074,0.067,0.067,15000
MPJ,20070327,0.006,0.006,0.006,0.006,320000
MPO,20070327,0.097,0.098,0.094,0.094,3202479
MPR,20070327,1.29,1.29,1.26,1.27,4367211
MPS,20070327,1.05,1.065,1.05,1.065,55431
MPY,20070327,0.96,0.97,0.955,0.97,138592
MRA,20070327,0.98,0.98,0.975,0.98,145036
MRC,20070327,0.145,0.145,0.14,0.14,155000
MRE,20070327,7.3,7.36,7.26,7.33,6306718
MRM,20070327,1.44,1.54,1.43,1.5,419602
MRO,20070327,1.93,1.95,1.81,1.88,37605
MRU,20070327,0.95,0.95,0.95,0.95,39000
MRX,20070327,0.085,0.085,0.083,0.083,1298000
MRY,20070327,0.06,0.06,0.06,0.06,20000
MRZ,20070327,1.34,1.34,1.32,1.34,333835
MSB,20070327,1.96,1.98,1.925,1.98,8900
MSC,20070327,0.03,0.03,0.029,0.03,8516792
MST,20070327,0.155,0.16,0.155,0.16,136534
MSX,20070327,1.6,1.6,1.6,1.6,33000
MTB,20070327,0.085,0.085,0.085,0.085,40000
MTH,20070327,0.33,0.35,0.33,0.35,18678
MTI,20070327,0.11,0.11,0.11,0.11,5000
MTN,20070327,3.8,3.99,3.8,3.96,275915
MTS,20070327,4.9,4.9,4.8,4.85,2670449
MTU,20070327,0.48,0.48,0.48,0.48,60000
MTY,20070327,0.17,0.2,0.17,0.195,247000
MUN,20070327,0.32,0.33,0.32,0.33,477083
MUR,20070327,0.115,0.12,0.11,0.115,1330083
MVP,20070327,0.56,0.595,0.56,0.595,3080
MWE,20070327,0.24,0.25,0.24,0.245,180000
MWG,20070327,0.89,0.895,0.86,0.86,55214
MWR,20070327,0.088,0.088,0.086,0.086,60000
MWS,20070327,0.11,0.11,0.11,0.11,1050000
MXG,20070327,4.49,4.49,4.43,4.46,1798953
MXI,20070327,0.735,0.735,0.72,0.72,352515
MXL,20070327,0.07,0.07,0.069,0.07,506586
MXR,20070327,0.16,0.16,0.155,0.16,148350
MYG,20070327,0.185,0.185,0.185,0.185,25000
MYO,20070327,1.15,1.16,1.14,1.16,160071
MZM,20070327,0.21,0.21,0.19,0.2,517000
NAB,20070327,40.64,40.7,40.45,40.45,2467487
NAD,20070327,0.037,0.038,0.037,0.037,1651000
NAE,20070327,0.42,0.42,0.4,0.4,32200
NAL,20070327,0.1,0.105,0.093,0.097,1182000
NAM,20070327,0.69,0.7,0.69,0.7,103993
NAV,20070327,0.48,0.48,0.47,0.47,266461
NBL,20070327,4.85,4.86,4.8,4.8,11059
NCI,20070327,1.78,1.78,1.75,1.75,26610
NCK,20070327,2.35,2.5,2.35,2.5,17745
NCM,20070327,23.81,23.93,23.44,23.59,1165565
NDL,20070327,0.2,0.205,0.2,0.205,77244
NDM,20070327,0.305,0.305,0.29,0.3,173300
NDO,20070327,0.175,0.175,0.17,0.175,285374
NEC,20070327,0.45,0.45,0.45,0.45,2000
NEL,20070327,3.55,3.9,3.52,3.88,202653
NEM,20070327,5.4,5.45,5.35,5.43,33613
NEO,20070327,0.14,0.145,0.14,0.14,481875
NEU,20070327,0.5,0.5,0.48,0.48,30000
NFL,20070327,1.025,1.025,1,1.01,920189
NGF,20070327,0.18,0.23,0.18,0.23,1291550
NGM,20070327,0.41,0.43,0.4,0.425,2293903
NHC,20070327,1.39,1.44,1.39,1.41,105926
NHM,20070327,0.004,0.005,0.004,0.005,1750000
NHR,20070327,1.56,1.56,1.56,1.56,60000
NIA,20070327,0.23,0.235,0.23,0.23,274200
NKP,20070327,1.19,1.2,1.19,1.19,403404
NLB,20070327,0.55,0.55,0.55,0.55,10000
NLG,20070327,0.42,0.42,0.41,0.41,98515
NLS,20070327,0.055,0.055,0.055,0.055,20000
NLX,20070327,1.565,1.57,1.555,1.56,52583
NMB,20070327,0.023,0.023,0.023,0.023,40000
NMI,20070327,0.185,0.19,0.185,0.19,15790
NMR,20070327,0.41,0.41,0.4,0.4,49775
NMS,20070327,0.585,0.61,0.58,0.595,1280663
NOD,20070327,1.99,1.99,1.975,1.975,234034
NPH,20070327,5.21,5.21,5.18,5.18,3000
NQM,20070327,0.2,0.22,0.2,0.22,189017
NRL,20070327,0.3,0.35,0.3,0.35,45000
NRT,20070327,2.54,2.58,2.5,2.52,202553
NRU,20070327,0.29,0.3,0.29,0.3,216429
NST,20070327,0.1,0.1,0.1,0.1,22500
NSX,20070327,0.5,0.52,0.5,0.52,46600
NTU,20070327,1.46,1.65,1.46,1.65,320076
NUF,20070327,12.48,12.65,12.48,12.58,560038
NUP,20070327,0.99,1.05,0.95,1.05,472604
NWA,20070327,0.016,0.017,0.016,0.017,179932
NWE,20070327,0.18,0.185,0.175,0.18,581320
NWR,20070327,0.33,0.33,0.325,0.325,93250
NWS,20070327,30.15,30.26,30,30.1,851351
NWT,20070327,0.009,0.009,0.008,0.009,9998379
NXS,20070327,0.88,0.88,0.85,0.855,1196938
NZO,20070327,0.77,0.79,0.77,0.79,56629
OAK,20070327,1.94,1.95,1.94,1.95,89121
OBJ,20070327,0.057,0.059,0.056,0.059,148000
OBL,20070327,0.105,0.105,0.105,0.105,11072
OCL,20070327,0.545,0.545,0.5,0.5,50607
OCO,20070327,0.036,0.036,0.036,0.036,156000
ODY,20070327,0.45,0.46,0.45,0.45,180000
OEC,20070327,0.22,0.23,0.215,0.23,1071480
OEL,20070327,0.23,0.23,0.22,0.225,222440
OEQ,20070327,1.3,1.3,1.3,1.3,18000
OEX,20070327,1.36,1.36,1.34,1.34,34218
OFG,20070327,2.35,2.35,2.3,2.31,18787
OGD,20070327,0.75,0.75,0.74,0.74,1111859
OIL,20070327,0.48,0.495,0.475,0.475,283730
OKN,20070327,4.3,4.39,4.3,4.37,217398
OLH,20070327,0.9,0.9,0.9,0.9,5000
OLY,20070327,0.13,0.13,0.13,0.13,79077
OMC,20070327,1.145,1.15,1.14,1.15,228676
OMH,20070327,0.245,0.27,0.245,0.27,188100
OMI,20070327,0.6,0.6,0.58,0.58,30702
ONC,20070327,0.4,0.42,0.4,0.42,148662
ONQ,20070327,0.3,0.3,0.3,0.3,25576
ONT,20070327,3.1,3.1,3.1,3.1,1000
OPC,20070327,0.135,0.135,0.135,0.135,18448
ORC,20070327,0.057,0.057,0.057,0.057,29800
ORD,20070327,0.425,0.43,0.42,0.425,120208
ORG,20070327,8.85,8.85,8.73,8.75,1530744
ORH,20070327,0.135,0.135,0.12,0.125,790000
ORI,20070327,25.3,25.55,25,25.11,1513146
ORL,20070327,2.55,2.9,2.55,2.8,15500
ORO,20070327,0.022,0.023,0.021,0.021,505256
ORP,20070327,0.08,0.08,0.08,0.08,3611
ORT,20070327,0.014,0.014,0.014,0.014,622
OSH,20070327,3.62,3.65,3.61,3.62,3996269
OST,20070327,5.1,5.18,5.1,5.16,4421597
OTL,20070327,0.19,0.19,0.19,0.19,33075
OVR,20070327,0.69,0.7,0.61,0.64,185224
OXR,20070327,2.82,2.88,2.81,2.86,30067048
PAU,20070327,0.11,0.11,0.105,0.105,90000
PBD,20070327,2.46,2.51,2.46,2.48,60910
PBG,20070327,2.97,3.01,2.96,3,4691963
PBI,20070327,0.15,0.15,0.145,0.145,412420
PBL,20070327,18.8,18.96,18.8,18.9,2866758
PBO,20070327,0.36,0.36,0.36,0.36,13374
PBP,20070327,1.07,1.07,1.07,1.07,21680
PBT,20070327,0.365,0.365,0.365,0.365,30000
PCC,20070327,0.044,0.044,0.044,0.044,45000
PCG,20070327,0.86,0.87,0.86,0.865,413365
PDM,20070327,0.185,0.19,0.15,0.15,262944
PDN,20070327,9.45,9.66,9.38,9.65,2176594
PDO,20070327,0.665,0.665,0.66,0.66,97288
PDZ,20070327,0.385,0.39,0.385,0.39,16866
PEA,20070327,0.37,0.37,0.37,0.37,205602
PEK,20070327,0.17,0.17,0.15,0.15,266000
PEL,20070327,0.205,0.205,0.2,0.2,222758
PEM,20070327,3.8,3.84,3.75,3.8,1247661
PEN,20070327,0.078,0.08,0.077,0.08,4858785
PEO,20070327,0.073,0.073,0.073,0.073,10000
PEP,20070327,0.79,0.79,0.78,0.78,48286
PES,20070327,0.22,0.22,0.22,0.22,15000
PET,20070327,0.98,0.98,0.98,0.98,20586
PFG,20070327,1.09,1.09,1.05,1.05,11500
PFL,20070327,1.68,1.685,1.68,1.68,124674
PGA,20070327,5.77,5.88,5.77,5.85,115513
PGL,20070327,7.37,7.38,7.2,7.3,127586
PGM,20070327,0.65,0.69,0.65,0.69,81000
PGS,20070327,0.3,0.32,0.3,0.3,418835
PHI,20070327,0.55,0.55,0.55,0.55,412556
PHK,20070327,0.39,0.395,0.385,0.385,73472
PIE,20070327,0.105,0.105,0.105,0.105,568000
PIM,20070327,0.78,0.85,0.78,0.84,109155
PIO,20070327,0.2,0.2,0.2,0.2,10000
PKT,20070327,0.058,0.06,0.055,0.057,5446939
PLA,20070327,1.4,1.43,1.4,1.43,416200
PLD,20070327,0.35,0.35,0.345,0.345,31707
PLF,20070327,1.05,1.055,1.04,1.055,88250
PLT,20070327,0.39,0.39,0.37,0.39,90442
PMA,20070327,1.55,1.6,1.53,1.57,16374
PMC,20070327,2.15,2.2,2.15,2.17,93407
PME,20070327,1.34,1.35,1.305,1.345,156655
PMH,20070327,0.47,0.49,0.465,0.47,93369
PMM,20070327,4.91,4.95,4.91,4.95,8700
PMP,20070327,1.81,1.82,1.79,1.8,1326625
PMV,20070327,7.75,7.77,7.75,7.77,50000
PNA,20070327,0.405,0.44,0.405,0.44,22104715
PNN,20070327,1.96,2.09,1.96,2.05,542624
PNO,20070327,0.03,0.031,0.029,0.03,5351213
PNW,20070327,0.055,0.06,0.055,0.06,90000
POH,20070327,0.275,0.275,0.265,0.27,84820
POL,20070327,0.29,0.3,0.29,0.3,210000
PPC,20070327,4.12,4.13,4.09,4.13,8753
PPD,20070327,0.14,0.14,0.14,0.14,5000
PPI,20070327,0.535,0.535,0.535,0.535,20000
PPK,20070327,0.785,0.785,0.78,0.78,12750
PPP,20070327,0.185,0.195,0.185,0.195,1500020
PPR,20070327,2.21,2.21,2.21,2.21,30000
PPS,20070327,1.17,1.17,1.16,1.16,18500
PPT,20070327,77.5,77.5,77.01,77.01,49626
PPX,20070327,4.12,4.17,4.12,4.14,1154033
PPY,20070327,0.435,0.445,0.435,0.445,27862
PRE,20070327,0.021,0.022,0.02,0.022,755406
PRG,20070327,5.23,5.23,5.17,5.19,72143
PRO,20070327,0.4,0.41,0.4,0.41,22060
PRR,20070327,0.047,0.048,0.047,0.047,157000
PRT,20070327,3.75,3.75,3.75,3.75,3260
PRU,20070327,0.46,0.475,0.45,0.475,172557
PRV,20070327,1.165,1.165,1.16,1.16,101722
PRW,20070327,0.19,0.19,0.19,0.19,33000
PRY,20070327,12.07,12.26,12.04,12.25,75133
PRZ,20070327,0.16,0.16,0.16,0.16,55000
PSA,20070327,1.8,1.91,1.78,1.895,748069
PSD,20070327,0.25,0.27,0.245,0.265,4171002
PSH,20070327,1.68,1.69,1.675,1.675,82466
PST,20070327,0.77,0.77,0.77,0.77,60000
PSV,20070327,0.38,0.385,0.375,0.375,3779865
PTB,20070327,2.49,2.49,2.49,2.49,7500
PTD,20070327,1.9,1.94,1.9,1.9,596973
PTR,20070327,0.85,0.85,0.85,0.85,20900
PTS,20070327,0.125,0.16,0.125,0.15,487000
PUN,20070327,0.26,0.26,0.25,0.25,237815
PUR,20070327,0.083,0.083,0.083,0.083,108728
PWK,20070327,3.11,3.25,3.11,3.25,23290
PWT,20070327,2.27,2.27,2.27,2.27,11053
PXL,20070327,0.255,0.255,0.255,0.255,19478
PXS,20070327,3.3,3.3,3.26,3.29,71000
PYC,20070327,0.37,0.37,0.355,0.355,89000
PYM,20070327,0.44,0.46,0.44,0.46,129620
QAN,20070327,5.07,5.16,5.07,5.15,30468390
QBE,20070327,32.48,32.48,31.68,31.85,2386818
QCH,20070327,4.87,4.87,4.87,4.87,6880
QED,20070327,0.031,0.031,0.03,0.03,2345000
QFX,20070327,0.26,0.26,0.26,0.26,50000
QGC,20070327,1.52,1.52,1.515,1.52,1689535
QHL,20070327,0.43,0.44,0.415,0.44,183648
QMG,20070327,0.27,0.27,0.265,0.27,84000
QMT,20070327,3.32,3.32,3.3,3.3,9872
QOL,20070327,0.4,0.4,0.395,0.4,185447
QRS,20070327,0.39,0.395,0.39,0.39,68823
QTK,20070327,0.15,0.15,0.15,0.15,5000
QTM,20070327,0.105,0.115,0.105,0.115,43700
QUR,20070327,0.033,0.035,0.03,0.034,1542255
QXQ,20070327,0.049,0.055,0.049,0.05,437000
RAT,20070327,1.095,1.1,1.09,1.1,341090
RAU,20070327,0.036,0.04,0.035,0.035,2291706
RBM,20070327,0.14,0.145,0.135,0.14,918972
RBR,20070327,0.16,0.16,0.155,0.155,137000
RBY,20070327,0.028,0.028,0.027,0.028,4850000
RCG,20070327,0.16,0.17,0.16,0.16,122427
RCH,20070327,0.011,0.011,0.011,0.011,757000
RCI,20070327,0.21,0.21,0.2,0.2,96898
RCL,20070327,1.69,1.7,1.69,1.7,294298
RCM,20070327,0.11,0.11,0.11,0.11,10000
RCR,20070327,1.83,1.86,1.83,1.86,105095
RDF,20070327,3.4,3.4,3.36,3.36,32645
RDM,20070327,0.365,0.37,0.35,0.35,558000
RDR,20070327,0.51,0.535,0.51,0.515,182354
RDS,20070327,0.99,0.99,0.9,0.95,82376
REA,20070327,5.44,5.6,5.43,5.6,161990
RED,20070327,0.1,0.1,0.1,0.1,26000
REF,20070327,5.2,5.2,5.1,5.15,42755
REH,20070327,24.5,24.5,24.5,24.5,2100
REO,20070327,0.03,0.03,0.029,0.029,40000
REU,20070327,1,1,0.99,0.995,2674524
REX,20070327,2.06,2.07,2.04,2.04,25000
REY,20070327,0.075,0.085,0.075,0.085,22000
RFE,20070327,0.47,0.48,0.43,0.46,79340
RFG,20070327,1.5,1.54,1.5,1.5,63960
RHC,20070327,11.3,11.55,11.3,11.4,355097
RHD,20070327,0.62,0.62,0.62,0.62,7000
RHI,20070327,2.4,2.4,2.34,2.34,11500
RHL,20070327,3.6,3.6,3.6,3.6,29500
RHT,20070327,0.022,0.022,0.021,0.021,1245126
RIC,20070327,1.12,1.13,1.12,1.125,311516
RIM,20070327,0.026,0.026,0.026,0.026,400000
RIN,20070327,18.02,18.08,17.85,17.92,3636544
RIO,20070327,78.5,79.39,78.05,79.2,4543480
RIV,20070327,1.9,1.93,1.9,1.9,215696
RJT,20070327,1.025,1.025,1.015,1.015,576469
RKN,20070327,1.03,1.035,1.03,1.03,55121
RMD,20070327,6.35,6.38,6.26,6.33,1854130
RMG,20070327,0.017,0.017,0.017,0.017,3221954
RMI,20070327,0.038,0.042,0.038,0.042,860419
RML,20070327,0.255,0.255,0.25,0.255,218500
RMS,20070327,0.455,0.46,0.455,0.46,92906
RNC,20070327,0.135,0.135,0.135,0.135,15000
RNG,20070327,0.065,0.065,0.064,0.064,340263
RNI,20070327,0.4,0.4,0.38,0.4,98700
RNY,20070327,1.18,1.18,1.15,1.18,120080
ROC,20070327,2.97,2.98,2.91,2.93,1230064
ROK,20070327,5.38,5.4,5.38,5.4,15953
ROY,20070327,0.235,0.235,0.235,0.235,50000
RPM,20070327,0.063,0.063,0.063,0.063,70000
RPX,20070327,1.85,1.85,1.8,1.84,113886
RRA,20070327,0.74,0.74,0.735,0.74,48515
RRL,20070327,0.094,0.094,0.092,0.092,652639
RRS,20070327,0.026,0.027,0.026,0.026,1260000
RRT,20070327,0.86,0.86,0.855,0.86,351060
RSG,20070327,1.475,1.475,1.415,1.45,84365
RSL,20070327,0.02,0.02,0.019,0.019,929947
RSN,20070327,0.11,0.11,0.105,0.105,501320
RSP,20070327,1.345,1.38,1.345,1.35,140702
RTL,20070327,0.088,0.088,0.088,0.088,45000
RUP,20070327,13.3,13.3,13.2,13.22,30442
RUR,20070327,0.23,0.23,0.23,0.23,22900
RWD,20070327,0.73,0.73,0.645,0.645,61000
RXL,20070327,0.23,0.24,0.22,0.24,185200
SAE,20070327,0.345,0.355,0.33,0.345,1197667
SAI,20070327,3.62,3.62,3.58,3.61,482873
SAQ,20070327,5.55,5.6,5.55,5.6,12000
SAR,20070327,0.34,0.365,0.34,0.36,1622578
SAU,20070327,0.47,0.47,0.45,0.47,221950
SBC,20070327,16,16.26,15.91,15.91,100691
SBI,20070327,0.61,0.61,0.605,0.605,21750
SBL,20070327,0.038,0.038,0.036,0.038,5475646
SBM,20070327,0.51,0.52,0.51,0.515,1161610
SBP,20070327,0.041,0.041,0.041,0.041,191713
SBS,20070327,0.079,0.08,0.077,0.08,398900
SCB,20070327,1.025,1.03,1.025,1.03,13178
SCD,20070327,0.05,0.05,0.048,0.049,1008500
SCE,20070327,0.029,0.04,0.029,0.039,4271489
SCV,20070327,0.85,0.85,0.85,0.85,7000
SCX,20070327,0.085,0.09,0.08,0.08,248056
SDG,20070327,3.52,3.52,3.45,3.45,357482
SDI,20070327,0.88,0.9,0.88,0.9,25750
SDL,20070327,0.13,0.13,0.12,0.125,34548995
SDM,20070327,2.35,2.4,2.33,2.35,37174
SEA,20070327,0.325,0.34,0.325,0.335,366800
SEG,20070327,0.64,0.64,0.64,0.64,11000
SEK,20070327,7.48,7.48,7.31,7.36,326676
SEN,20070327,0.24,0.24,0.23,0.235,394966
SEV,20070327,11.11,11.26,11.05,11.15,726955
SFC,20070327,7.45,7.46,7.44,7.46,3301
SFH,20070327,1.95,1.96,1.935,1.96,184334
SFP,20070327,0.98,0.985,0.98,0.985,2301
SFR,20070327,0.565,0.565,0.53,0.53,118403
SFY,20070327,58.18,58.18,58.1,58.15,15337
SGB,20070327,34.73,34.79,34.46,34.52,571957
SGL,20070327,0.37,0.37,0.36,0.37,488318
SGM,20070327,23.99,24.21,23.8,24,337789
SGN,20070327,3.15,3.19,3.14,3.15,276455
SGP,20070327,8.35,8.35,8.16,8.18,4500215
SGT,20070327,2.62,2.63,2.6,2.61,5412067
SGX,20070327,6.14,6.29,6.14,6.26,677212
SHC,20070327,0.19,0.19,0.19,0.19,52500
SHE,20070327,0.47,0.49,0.47,0.49,88395
SHG,20070327,0.48,0.48,0.455,0.48,286747
SHL,20070327,14.45,14.5,14.37,14.37,687622
SHV,20070327,10.98,11.07,10.85,11.07,18638
SIE,20070327,0.095,0.095,0.095,0.095,40000
SIM,20070327,0.705,0.72,0.705,0.71,174181
SIP,20070327,2.58,2.59,2.53,2.55,4337392
SKC,20070327,4.11,4.16,4.1,4.15,740763
SKE,20070327,5.72,5.72,5.56,5.64,36819
SKI,20070327,2.02,2.04,1.99,1.99,2134028
SLA,20070327,0.66,0.7,0.655,0.685,234412
SLF,20070327,22.39,22.5,22.18,22.2,17837
SLM,20070327,4.1,4.1,4.06,4.06,98644
SLT,20070327,0.032,0.032,0.027,0.032,1851000
SLV,20070327,1.27,1.275,1.26,1.27,163236
SLX,20070327,11.7,12.18,11.51,11.95,334367
SMA,20070327,0.032,0.035,0.032,0.033,187000
SMC,20070327,0.12,0.12,0.12,0.12,6250
SML,20070327,0.022,0.024,0.02,0.021,799000
SMM,20070327,4.93,4.97,4.86,4.97,2088201
SMN,20070327,0.225,0.225,0.21,0.22,261657
SMX,20070327,4.25,4.31,4.25,4.31,513524
SMY,20070327,4.09,4.12,4.02,4.04,1092483
SNN,20070327,0.099,0.12,0.099,0.105,1866344
SNO,20070327,0.745,0.75,0.73,0.75,53941
SOE,20070327,0.21,0.21,0.21,0.21,197014
SOL,20070327,9.2,9.24,9.2,9.2,30892
SOM,20070327,0.024,0.024,0.024,0.024,6717260
SOO,20070327,0.095,0.095,0.09,0.09,114150
SOT,20070327,0.875,0.88,0.87,0.87,186546
SPD,20070327,0.205,0.23,0.205,0.23,202160
SPH,20070327,1.9,1.9,1.88,1.88,12336
SPL,20070327,0.45,0.45,0.43,0.44,106302
SPN,20070327,1.44,1.445,1.42,1.44,4241947
SPR,20070327,0.97,0.97,0.97,0.97,700
SPT,20070327,4.7,4.7,4.66,4.66,81991
SRA,20070327,0.051,0.051,0.049,0.05,709699
SRG,20070327,1.365,1.37,1.35,1.35,6125208
SRH,20070327,2.32,2.32,2.32,2.32,1000
SRI,20070327,0.075,0.075,0.074,0.075,313205
SRK,20070327,2.08,2.09,2.06,2.08,78205
SRL,20070327,3.5,3.56,3.49,3.54,504128
SRM,20070327,0.23,0.23,0.23,0.23,22000
SRR,20070327,0.16,0.16,0.16,0.16,75000
SRV,20070327,5.02,5.1,5.02,5.1,16118
SRX,20070327,3.3,3.36,3.3,3.36,8450
SRZ,20070327,0.275,0.275,0.27,0.27,130563
SSC,20070327,0.02,0.02,0.019,0.019,1526000
SSI,20070327,2.94,2.94,2.94,2.94,3562
SSM,20070327,1.5,1.52,1.5,1.5,128866
SSN,20070327,0.23,0.24,0.225,0.24,212872
SSX,20070327,2,2.05,2,2.03,5381595
STB,20070327,0.2,0.2,0.2,0.2,57000
STE,20070327,0.087,0.092,0.087,0.092,205000
STG,20070327,1.53,1.55,1.51,1.55,32059
STI,20070327,0.085,0.085,0.085,0.085,172303
STO,20070327,9.91,10.03,9.91,9.95,3339637
STS,20070327,1.83,1.84,1.79,1.8,69029
STU,20070327,0.88,0.88,0.86,0.86,108250
STW,20070327,59.42,59.43,59.23,59.25,21436
STX,20070327,0.305,0.31,0.3,0.305,820642
SUL,20070327,4.04,4.05,3.97,4.05,161682
SUN,20070327,20.75,20.75,20.41,20.41,3714335
SUR,20070327,0.083,0.085,0.082,0.085,143548
SVL,20070327,0.2,0.205,0.2,0.205,65500
SVM,20070327,0.39,0.39,0.38,0.38,118920
SWG,20070327,0.01,0.01,0.01,0.01,100000
SWK,20070327,0.77,0.78,0.765,0.78,24130
SWN,20070327,0.26,0.3,0.26,0.3,98400
SYB,20070327,3.7,3.71,3.64,3.65,2047860
SYG,20070327,0.012,0.012,0.011,0.011,353256
SYL,20070327,5.5,5.5,5.35,5.5,1000
SYM,20070327,0.53,0.535,0.52,0.52,210266
SYN,20070327,1.43,1.43,1.34,1.395,21162
SYP,20070327,0.735,0.74,0.72,0.74,274941
TAG,20070327,0.38,0.38,0.38,0.38,81111
TAH,20070327,16.9,16.98,16.77,16.79,775445
TAL,20070327,2.79,2.87,2.77,2.77,216789
TAM,20070327,0.12,0.12,0.115,0.115,781884
TAP,20070327,1.47,1.47,1.455,1.46,413464
TAS,20070327,0.22,0.225,0.22,0.22,285186
TBG,20070327,1.52,1.545,1.52,1.52,37818
TBR,20070327,0.77,0.77,0.77,0.77,4677
TCL,20070327,7.85,7.87,7.75,7.75,3018119
TCQ,20070327,2.37,2.41,2.37,2.4,120072
TDR,20070327,0.025,0.025,0.024,0.024,1137349
TEE,20070327,0.013,0.014,0.013,0.013,1052000
TEL,20070327,4.21,4.27,4.2,4.25,2579865
TEN,20070327,3.18,3.2,3.15,3.2,952681
TEX,20070327,0.19,0.19,0.19,0.19,118000
TFC,20070327,0.54,0.565,0.54,0.565,193076
TFE,20070327,0.52,0.63,0.515,0.62,2550249
TGF,20070327,0.445,0.465,0.445,0.45,92500
TGG,20070327,1.555,1.58,1.54,1.55,64433
TGP,20070327,2.42,2.48,2.42,2.48,28063
TGR,20070327,2.5,2.52,2.48,2.48,47485
TGS,20070327,0.49,0.5,0.42,0.42,996480
THG,20070327,0.925,0.94,0.915,0.94,288323
THK,20070327,0.27,0.275,0.265,0.275,372637
THO,20070327,0.87,0.87,0.86,0.86,1419
THR,20070327,0.325,0.34,0.315,0.325,1398190
THX,20070327,0.465,0.465,0.445,0.445,574260
TIM,20070327,1.95,2.02,1.945,1.99,3637592
TIS,20070327,0.55,0.55,0.55,0.55,6000
TKL,20070327,0.37,0.37,0.335,0.36,158333
TLM,20070327,0.18,0.18,0.18,0.18,25000
TLS,20070327,4.49,4.54,4.47,4.52,26953964
TMO,20070327,0.24,0.24,0.235,0.235,160333
TMR,20070327,0.205,0.205,0.2,0.2,815730
TNC,20070327,0.024,0.024,0.024,0.024,6250
TNE,20070327,1,1.015,1,1.015,98315
TNG,20070327,0.415,0.415,0.415,0.415,41050
TNL,20070327,0.54,0.54,0.52,0.52,51767
TOE,20070327,0.965,1.12,0.965,1.105,1547468
TOL,20070327,20.47,20.55,20.43,20.5,1687865
TOX,20070327,2.18,2.2,2.11,2.15,209693
TPI,20070327,10.8,10.89,10.69,10.89,342453
TPX,20070327,7,7.05,7,7.05,4941
TQH,20070327,0.38,0.4,0.38,0.4,30000
TRF,20070327,0.78,0.83,0.74,0.83,254780
TRG,20070327,13.4,13.5,13.3,13.49,9090
TRO,20070327,1.25,1.29,1.24,1.24,25500
TRS,20070327,11.4,11.52,11.39,11.45,23041
TRU,20070327,12,12,12,12,14550
TRY,20070327,3.32,3.33,3.2,3.32,27900
TSE,20070327,11.81,12.29,11.81,12.1,360500
TSH,20070327,0.42,0.45,0.42,0.43,17000
TSO,20070327,2.63,2.63,2.57,2.57,1282877
TSR,20070327,0.076,0.076,0.07,0.07,60000
TTI,20070327,0.41,0.41,0.405,0.405,43000
TTR,20070327,0.097,0.097,0.097,0.097,5000
TTS,20070327,4.98,5.08,4.98,5.05,4092929
TTV,20070327,0.23,0.23,0.23,0.23,25000
TVL,20070327,0.375,0.38,0.375,0.375,28527
TWD,20070327,2.03,2.04,2.03,2.04,5500
TWO,20070327,2.52,2.54,2.5,2.5,122010
TWR,20070327,2.01,2.05,1.99,2.01,386187
TZN,20070327,1.75,1.78,1.74,1.77,72764
UBI,20070327,1.25,1.26,1.25,1.25,38000
UCL,20070327,0.022,0.022,0.021,0.021,400369
UEQ,20070327,0.64,0.72,0.64,0.715,1906109
UGL,20070327,13.68,13.7,13.6,13.69,760557
UKL,20070327,1.39,1.4,1.295,1.4,381293
UMC,20070327,0.36,0.375,0.345,0.36,675320
UNI,20070327,0.26,0.265,0.255,0.265,329761
UNW,20070327,0.32,0.325,0.31,0.315,2044790
UNX,20070327,1.7,1.795,1.69,1.74,810262
UOG,20070327,0.15,0.15,0.15,0.15,25000
URA,20070327,0.575,0.575,0.54,0.555,357150
URL,20070327,0.125,0.125,0.11,0.115,3810025
USA,20070327,0.34,0.345,0.335,0.34,364601
UTO,20070327,0.6,0.645,0.6,0.64,346671
UXA,20070327,0.4,0.42,0.4,0.415,476937
UXC,20070327,1.68,1.685,1.66,1.67,44216
VBA,20070327,2.64,2.67,2.63,2.66,299628
VCN,20070327,0.28,0.285,0.265,0.265,426248
VCR,20070327,0.94,0.975,0.93,0.96,1825803
VEA,20070327,3.28,3.29,3.27,3.28,459178
VGH,20070327,2.73,2.75,2.67,2.73,174096
VGP,20070327,0.19,0.19,0.18,0.18,26000
VHL,20070327,0.16,0.165,0.16,0.165,186364
VIL,20070327,0.04,0.04,0.04,0.04,6000
VIR,20070327,1.035,1.04,1.03,1.03,116036
VKI,20070327,1.01,1.015,0.98,1.015,32732
VLA,20070327,0.105,0.105,0.1,0.105,427454
VLL,20070327,0.078,0.08,0.076,0.076,164818
VMG,20070327,2.22,2.25,2.22,2.25,13814
VML,20070327,0.54,0.54,0.53,0.54,80506
VMS,20070327,0.37,0.375,0.35,0.355,260357
VPE,20070327,0.21,0.21,0.205,0.21,168281
VPG,20070327,2.02,2.03,1.99,2,9271555
VRE,20070327,0.32,0.325,0.315,0.32,389959
VRL,20070327,3.28,3.3,3.26,3.26,31234
VSG,20070327,0.012,0.013,0.012,0.013,1060164
VTP,20070327,1.29,1.29,1.28,1.28,54253
WAB,20070327,1.13,1.13,1.125,1.13,36000
WAG,20070327,0.016,0.016,0.016,0.016,300000
WAL,20070327,0.25,0.25,0.25,0.25,11366
WAM,20070327,1.915,1.93,1.91,1.93,126200
WAN,20070327,14.85,14.85,14.58,14.66,174634
WAS,20070327,0.034,0.036,0.034,0.036,1275000
WAT,20070327,1.68,1.68,1.66,1.68,5250
WBA,20070327,1.1,1.12,1.1,1.12,7148
WBB,20070327,12.4,12.4,12.3,12.3,4050
WBC,20070327,26.25,26.35,26.01,26.01,4074996
WCL,20070327,0.38,0.38,0.35,0.38,68320
WCP,20070327,0.21,0.215,0.205,0.205,165275
WDC,20070327,20.86,20.86,20.54,20.54,5111969
WDS,20070327,1.93,1.94,1.88,1.88,73794
WEB,20070327,0.31,0.31,0.3,0.3,1782402
WEC,20070327,1.96,1.98,1.92,1.95,51178
WES,20070327,37.21,37.74,37.14,37.74,832798
WEZ,20070327,0.135,0.135,0.13,0.13,424005
WFL,20070327,1.36,1.36,1.3,1.32,675240
WGP,20070327,0.076,0.076,0.075,0.075,461250
WGR,20070327,0.34,0.35,0.32,0.32,537066
WHE,20070327,1.68,1.68,1.66,1.67,70404
WHF,20070327,4.63,4.63,4.63,4.63,6000
WHG,20070327,2.23,2.25,2.18,2.25,229087
WHS,20070327,5.84,6,5.84,6,20456
WIL,20070327,1.14,1.14,1.14,1.14,48117
WKR,20070327,0.305,0.305,0.305,0.305,44500
WLF,20070327,0.665,0.665,0.63,0.66,160000
WLL,20070327,2.51,2.51,2.51,2.51,1884
WME,20070327,0.18,0.185,0.175,0.175,1290025
WMT,20070327,0.265,0.275,0.255,0.26,51789435
WNS,20070327,0.125,0.155,0.125,0.155,14600
WOR,20070327,28.49,28.49,28.25,28.25,591830
WOW,20070327,27.06,27.15,26.94,27.11,3718826
WPG,20070327,0.57,0.62,0.565,0.565,611898
WPL,20070327,38.78,39.29,38.63,39.03,4845592
WRF,20070327,0.42,0.435,0.42,0.435,42408
WRK,20070327,0.23,0.23,0.225,0.23,25000
WRL,20070327,0.24,0.24,0.23,0.23,125000
WSA,20070327,4.3,4.37,4.13,4.23,826103
WTE,20070327,0.17,0.18,0.16,0.175,1640692
WTF,20070327,4.2,4.2,4.15,4.2,166904
WTN,20070327,0.235,0.24,0.235,0.24,48596
WTP,20070327,3.95,3.96,3.95,3.95,44274
WWA,20070327,2.27,2.3,2.27,2.3,13500
WWM,20070327,0.29,0.3,0.29,0.29,109000
WYL,20070327,3.3,3.35,3.29,3.3,90988
XAO,20070327,5966.7,5972.6,5951.1,5952.3,0
XBL,20070327,0.16,0.165,0.155,0.155,271734
XDJ,20070327,2855.7,2864.7,2847.2,2848,0
XEJ,20070327,12737.1,12907.4,12733.5,12862,0
XEN,20070327,0.135,0.135,0.13,0.13,160500
XFJ,20070327,7000.4,7004.1,6936.8,6936.8,0
XFL,20070327,5798.1,5802.7,5770.8,5772,0
XGD,20070327,4689.1,4689.1,4689.1,4689.1,0
XHJ,20070327,8490.3,8532.2,8458.3,8458.3,0
XIJ,20070327,637.2,649.5,637.2,646.7,0
XJO,20070327,5986.3,5990.7,5963.6,5964.2,0
XKO,20070327,5996.9,6001.1,5975.3,5976.2,0
XMD,20070327,6193.8,6200.3,6175.7,6180.5,0
XMJ,20070327,11618,11687.5,11608,11630.3,0
XMM,20070327,3943.5,3943.5,3943.5,3943.5,0
XNJ,20070327,6696.8,6718.2,6696.8,6710.8,0
XPJ,20070327,2383.1,2383.3,2334.8,2336.9,0
XRF,20070327,0.1,0.1,0.1,0.1,120000
XSJ,20070327,8135.8,8137.2,8045.4,8068.5,0
XSO,20070327,3613.7,3632.5,3611.6,3621.1,0
XST,20070327,0.45,0.47,0.42,0.42,141171
XTJ,20070327,1607.5,1628.1,1605.6,1622.8,0
XTL,20070327,3175.5,3178.2,3159.3,3160.7,0
XTO,20070327,4837.3,4841.3,4816.3,4817.2,0
XUJ,20070327,7411.9,7436.1,7407.9,7407.9,0
XXJ,20070327,7227,7231.7,7182.6,7182.6,0
YGL,20070327,0.11,0.11,0.105,0.105,309000
YML,20070327,0.21,0.21,0.21,0.21,9000
YRR,20070327,0.515,0.515,0.485,0.5,138432
ZBB,20070327,0.29,0.3,0.29,0.3,11000
ZDX,20070327,0.175,0.175,0.165,0.165,38725
ZFX,20070327,16.28,16.69,16.24,16.69,8088390
ZGL,20070327,0.33,0.33,0.305,0.305,164152
ZGM,20070327,0.34,0.34,0.305,0.335,91282
ZIM,20070327,10.5,10.5,10.5,10.5,1000
ZYL,20070327,0.065,0.092,0.06,0.088,8718333
