AAC,20080411,2.51,2.53,2.43,2.44,556149
AAF,20080411,0.006,0.006,0.006,0.006,280000
AAG,20080411,0.21,0.21,0.2,0.2,23000
AAH,20080411,0.96,0.965,0.945,0.96,147929
AAO,20080411,0.095,0.095,0.095,0.095,100000
AAQ,20080411,0.31,0.315,0.31,0.31,8000
AAR,20080411,0.063,0.074,0.063,0.07,4979431
AAT,20080411,0.05,0.05,0.05,0.05,81163
AAU,20080411,0.37,0.37,0.37,0.37,20500
AAX,20080411,13.6,13.8,13.32,13.5,348884
ABB,20080411,8.6,8.71,8.4,8.6,275875
ABC,20080411,3.41,3.54,3.38,3.43,857750
ABI,20080411,0.017,0.017,0.017,0.017,6000
ABJ,20080411,0.016,0.016,0.013,0.016,1107004
ABP,20080411,1.345,1.345,1.265,1.265,731808
ABQ,20080411,0.43,0.44,0.42,0.42,131200
ABS,20080411,1.39,1.45,1.385,1.445,3177660
ABU,20080411,0.074,0.074,0.074,0.074,50000
ABW,20080411,7.35,7.45,7.35,7.45,1363
ABY,20080411,2.16,2.24,2.11,2.24,1147676
ACB,20080411,0.3,0.305,0.28,0.3,100800
ACE,20080411,0.105,0.11,0.105,0.11,48245
ACG,20080411,0.07,0.07,0.07,0.07,58000
ACL,20080411,0.42,0.44,0.42,0.43,33667
ACR,20080411,0.805,0.85,0.8,0.835,115254
ACS,20080411,0.26,0.385,0.26,0.335,1619140
ACW,20080411,0.1,0.1,0.1,0.1,30000
ADA,20080411,0.43,0.43,0.43,0.43,3500
ADD,20080411,0.062,0.063,0.059,0.059,661712
ADE,20080411,0.1,0.11,0.1,0.11,135454
ADG,20080411,4.25,4.25,4.1,4.1,2341
ADI,20080411,0.185,0.185,0.18,0.18,410128
ADN,20080411,0.14,0.14,0.13,0.14,358336
ADU,20080411,0.5,0.5,0.495,0.5,225000
ADX,20080411,0.125,0.125,0.12,0.12,60000
ADY,20080411,0.175,0.18,0.175,0.175,4124353
AEA,20080411,0.085,0.085,0.085,0.085,10000
AEC,20080411,3.26,3.26,3.2,3.2,14200
AED,20080411,2.1,2.1,1.95,1.97,491538
AEF,20080411,38,38,38,38,353
AEI,20080411,0.175,0.175,0.17,0.17,254679
AEM,20080411,0.028,0.028,0.02,0.02,210000
AEO,20080411,1.525,1.525,1.425,1.445,69401
AEP,20080411,1.97,2,1.95,2,71158
AEU,20080411,0.955,0.985,0.93,0.98,903745
AEX,20080411,0.012,0.012,0.01,0.01,260000
AEZ,20080411,0.385,0.395,0.38,0.39,2574214
AFA,20080411,0.11,0.14,0.11,0.135,115000
AFG,20080411,0.46,0.525,0.455,0.46,6139409
AFI,20080411,5.22,5.22,5.16,5.18,232728
AGF,20080411,1.1,1.11,1.1,1.105,250916
AGG,20080411,7.79,7.79,7.79,7.79,688
AGI,20080411,0.15,0.155,0.15,0.15,40761
AGK,20080411,12.13,12.14,11.86,12.05,2278246
AGM,20080411,1.1,1.1,1.1,1.1,29506
AGO,20080411,2.29,2.31,2.26,2.27,340426
AGS,20080411,0.71,0.71,0.69,0.7,69617
AGV,20080411,0.13,0.13,0.13,0.13,10000
AGX,20080411,0.098,0.098,0.098,0.098,55000
AGY,20080411,0.25,0.27,0.25,0.27,46000
AHD,20080411,5.52,5.52,5.45,5.45,33155
AHE,20080411,2.57,2.57,2.51,2.51,18225
AHI,20080411,0.2,0.2,0.15,0.15,98503
AHR,20080411,0.11,0.11,0.11,0.11,20000
AHS,20080411,0.45,0.46,0.45,0.46,66078
AIA,20080411,1.86,1.87,1.77,1.8,6044665
AII,20080411,0.385,0.385,0.385,0.385,10000
AIM,20080411,0.097,0.098,0.093,0.095,2979538
AIO,20080411,4.23,4.27,4.05,4.09,2739596
AIX,20080411,2.67,2.71,2.61,2.68,395316
AIZ,20080411,1.14,1.165,1.14,1.165,73057
AJL,20080411,3.7,3.7,3.65,3.7,31621
AKK,20080411,0.32,0.365,0.32,0.325,913332
ALB,20080411,3.76,3.93,3.74,3.83,542298
ALD,20080411,0.725,0.745,0.725,0.73,138000
ALF,20080411,0.86,0.86,0.86,0.86,65240
ALK,20080411,0.39,0.395,0.38,0.395,130500
ALL,20080411,9.35,9.43,9.1,9.3,2908884
ALS,20080411,9.64,9.64,9.46,9.47,96756
ALT,20080411,0.018,0.019,0.018,0.019,600000
ALY,20080411,0.09,0.095,0.09,0.095,145189
ALZ,20080411,1.625,1.655,1.605,1.605,1246532
AMA,20080411,0.415,0.415,0.41,0.41,9102
AMB,20080411,0.79,0.8,0.79,0.8,13705
AMC,20080411,6.83,6.85,6.68,6.71,2585515
AMH,20080411,0.695,0.695,0.68,0.685,55570
AMM,20080411,0.19,0.19,0.19,0.19,6200
AMP,20080411,7.95,8.06,7.87,8.03,6930290
AMU,20080411,0.54,0.54,0.535,0.535,4800
AND,20080411,1.55,1.575,1.54,1.57,159354
ANG,20080411,2.4,2.45,2.31,2.45,60486
ANH,20080411,0.021,0.023,0.021,0.023,460000
ANM,20080411,0.04,0.04,0.038,0.038,116194
ANN,20080411,11.13,11.47,11.13,11.19,362955
ANO,20080411,0.12,0.135,0.12,0.135,163770
ANP,20080411,0.063,0.065,0.063,0.065,406035
ANQ,20080411,0.25,0.25,0.22,0.22,24166
ANU,20080411,0.9,0.93,0.89,0.9,43166
ANX,20080411,0.055,0.055,0.055,0.055,30000
ANZ,20080411,20.5,21.06,20.41,20.94,7351366
AOE,20080411,2.03,2.05,1.985,2.05,1096210
AOK,20080411,0.155,0.155,0.155,0.155,48400
AOM,20080411,0.011,0.011,0.011,0.011,8711
AOS,20080411,0.018,0.018,0.017,0.018,718548
APA,20080411,2.92,2.94,2.87,2.88,476739
APD,20080411,1.05,1.05,1,1.05,246357
APE,20080411,14.05,14.05,14.05,14.05,175
APG,20080411,0.097,0.098,0.095,0.098,280372
API,20080411,1.51,1.55,1.51,1.54,162503
APK,20080411,0.14,0.14,0.14,0.14,116000
APM,20080411,0.005,0.005,0.005,0.005,330000
APN,20080411,4.34,4.41,4.33,4.37,281738
APZ,20080411,1.7,1.73,1.65,1.73,1090694
AQA,20080411,11.7,11.8,11.45,11.76,65430
AQD,20080411,0.32,0.335,0.31,0.335,74968
AQL,20080411,0.012,0.012,0.012,0.012,370000
AQP,20080411,16.99,16.99,16.27,16.54,263556
AQR,20080411,0.08,0.08,0.076,0.076,130000
ARA,20080411,0.405,0.405,0.405,0.405,35000
ARD,20080411,0.225,0.225,0.21,0.21,35000
ARE,20080411,0.25,0.255,0.245,0.25,281851
ARG,20080411,7.32,7.32,7.15,7.16,132459
ARH,20080411,1.595,1.595,1.53,1.56,20367
ARJ,20080411,1.05,1.055,1.05,1.055,11000
ARM,20080411,0.225,0.24,0.225,0.235,13021
ARO,20080411,0.01,0.011,0.01,0.01,7427646
ARP,20080411,3.86,3.86,3.85,3.85,40012
ARQ,20080411,1.24,1.26,1.235,1.245,1193998
ARR,20080411,0.675,0.7,0.675,0.7,164426
ARU,20080411,0.8,0.8,0.775,0.775,262000
ARV,20080411,0.125,0.125,0.125,0.125,1400
ARW,20080411,0.041,0.041,0.04,0.041,263000
ARX,20080411,0.007,0.008,0.007,0.008,1868175
ASB,20080411,2.7,2.8,2.68,2.8,94167
ASC,20080411,0.011,0.012,0.011,0.011,49007
ASL,20080411,1.95,1.95,1.935,1.94,449798
ASV,20080411,0.013,0.013,0.013,0.013,50000
ASX,20080411,35.29,35.3,34.75,35,1069813
ASZ,20080411,1.26,1.28,1.26,1.28,19950
ATI,20080411,0.025,0.025,0.025,0.025,200000
ATN,20080411,0.038,0.038,0.036,0.036,30720
ATP,20080411,0.405,0.405,0.4,0.4,38400
ATV,20080411,0.145,0.155,0.145,0.155,88501
AUB,20080411,4.1,4.14,4,4,53485
AUF,20080411,1,1,1,1,26000
AUI,20080411,7.95,7.95,7.95,7.95,9863
AUK,20080411,0.068,0.069,0.067,0.067,43500
AUN,20080411,1.37,1.4,1.335,1.4,1451764
AUP,20080411,5.9,5.9,5.9,5.9,2000
AUQ,20080411,0.092,0.092,0.092,0.092,6198
AUT,20080411,0.24,0.26,0.23,0.26,160000
AUW,20080411,1.87,1.87,1.735,1.79,3027974
AUZ,20080411,0.048,0.05,0.048,0.049,1013550
AVB,20080411,0.43,0.45,0.43,0.45,125000
AVD,20080411,0.13,0.16,0.13,0.16,30000
AVE,20080411,2.24,2.35,2.24,2.35,74849
AVG,20080411,1.335,1.34,1.29,1.31,26093
AVJ,20080411,0.8,0.8,0.71,0.755,61073
AVM,20080411,13.9,13.9,13.5,13.5,1263
AVO,20080411,2.3,2.33,2.21,2.24,418011
AVS,20080411,0.07,0.07,0.068,0.068,137000
AVX,20080411,0.305,0.32,0.305,0.315,353618
AWB,20080411,2.66,2.72,2.61,2.7,802650
AWC,20080411,5.58,5.6,5.45,5.53,5077313
AWE,20080411,3.64,3.64,3.53,3.6,796456
AWL,20080411,0.017,0.024,0.017,0.024,5320000
AXA,20080411,5.59,5.59,5.42,5.52,1606519
AXC,20080411,0.055,0.055,0.055,0.055,15056
AXE,20080411,0.13,0.13,0.13,0.13,74500
AXI,20080411,0.2,0.2,0.2,0.2,40000
AXM,20080411,0.845,0.85,0.82,0.82,325293
AXO,20080411,0.665,0.665,0.65,0.65,144510
AXQ,20080411,0.155,0.155,0.15,0.15,221500
AXT,20080411,0.2,0.2,0.2,0.2,15000
AXY,20080411,0.125,0.125,0.125,0.125,43000
AYT,20080411,1.46,1.49,1.46,1.49,7648
AZA,20080411,1.21,1.3,1.21,1.285,378113
AZC,20080411,0.135,0.135,0.135,0.135,157000
AZD,20080411,0.135,0.14,0.125,0.125,420000
AZM,20080411,0.097,0.097,0.096,0.097,128000
AZS,20080411,0.105,0.11,0.099,0.099,208444
AZX,20080411,0.82,0.9,0.82,0.9,13504
AZZ,20080411,0.086,0.086,0.082,0.086,393820
BAR,20080411,0.23,0.25,0.23,0.245,538630
BAS,20080411,0.125,0.125,0.12,0.12,841925
BAU,20080411,0.38,0.38,0.37,0.38,95450
BBC,20080411,0.535,0.545,0.52,0.52,297988
BBG,20080411,12.92,12.98,12.59,12.9,960725
BBI,20080411,1.16,1.16,1.105,1.14,8592200
BBP,20080411,1.72,1.725,1.675,1.7,1934546
BBW,20080411,1.51,1.54,1.485,1.52,2157699
BBX,20080411,0.088,0.088,0.088,0.088,30000
BCC,20080411,0.24,0.24,0.23,0.24,98850
BCD,20080411,0.17,0.17,0.17,0.17,20000
BCI,20080411,1,1.05,0.995,1.005,24359
BCM,20080411,4.05,4.1,3.98,4.05,439120
BCN,20080411,0.12,0.13,0.12,0.13,45000
BDG,20080411,0.295,0.295,0.275,0.285,824310
BDI,20080411,0.096,0.096,0.096,0.096,55001
BDL,20080411,0.25,0.25,0.24,0.245,77782
BDM,20080411,0.16,0.16,0.15,0.16,222000
BDR,20080411,0.285,0.285,0.285,0.285,23100
BEC,20080411,2.16,2.17,2.03,2.09,2687630
BEI,20080411,0.5,0.5,0.495,0.5,25607
BEN,20080411,11.65,11.8,11.51,11.71,435859
BFG,20080411,1.36,1.36,1.31,1.35,64000
BGD,20080411,0.155,0.16,0.155,0.16,50000
BHP,20080411,41.71,42.38,41.33,42.16,18058235
BIT,20080411,0.12,0.13,0.12,0.125,29000
BJT,20080411,1.05,1.065,1.025,1.035,1610227
BKI,20080411,1.22,1.22,1.19,1.19,863494
BKL,20080411,18.65,18.66,18,18,9658
BKM,20080411,0.01,0.01,0.01,0.01,350000
BKN,20080411,6.95,7.09,6.9,7,417833
BKP,20080411,0.055,0.057,0.055,0.057,79200
BKW,20080411,11.47,11.47,11.21,11.47,7087
BKY,20080411,0.7,0.77,0.7,0.76,226599
BLD,20080411,6.18,6.22,6.03,6.2,3718087
BLG,20080411,0.39,0.395,0.375,0.39,380120
BLK,20080411,0.8,0.84,0.78,0.8,141160
BLP,20080411,0.49,0.5,0.49,0.5,26000
BLR,20080411,0.047,0.047,0.045,0.047,2853445
BLS,20080411,0.05,0.05,0.048,0.048,425000
BLT,20080411,0.09,0.09,0.084,0.086,352700
BLY,20080411,1.89,1.9,1.85,1.9,6394179
BLZ,20080411,0.01,0.01,0.01,0.01,50000
BML,20080411,0.055,0.055,0.055,0.055,70000
BMM,20080411,0.2,0.2,0.2,0.2,136033
BMN,20080411,1.695,1.73,1.615,1.675,413737
BMO,20080411,0.02,0.02,0.018,0.018,76000
BMX,20080411,0.235,0.24,0.235,0.235,217786
BMY,20080411,0.145,0.16,0.145,0.16,88291
BNB,20080411,12.92,13.35,12.91,13.29,1901504
BNL,20080411,0.12,0.12,0.12,0.12,5000
BNO,20080411,0.335,0.335,0.325,0.335,40000
BNT,20080411,0.063,0.07,0.063,0.07,170000
BNV,20080411,0.047,0.047,0.047,0.047,1400
BOC,20080411,0.98,1.05,0.98,1.05,30467
BOD,20080411,0.125,0.125,0.125,0.125,40000
BOE,20080411,0.145,0.145,0.091,0.14,395000
BOL,20080411,1,1.02,0.95,1.01,443711
BON,20080411,0.11,0.11,0.093,0.096,2735057
BOQ,20080411,15.7,15.98,15.69,15.87,497281
BOS,20080411,0.11,0.12,0.11,0.12,113094
BOW,20080411,0.2,0.2,0.2,0.2,93000
BPO,20080411,0.023,0.025,0.023,0.025,1434659
BPT,20080411,1.235,1.255,1.22,1.225,1779583
BQT,20080411,0.061,0.062,0.061,0.061,8000
BRM,20080411,1.9,2.11,1.9,2.1,1067075
BRO,20080411,0.002,0.003,0.002,0.003,740045
BRT,20080411,0.093,0.1,0.09,0.1,224833
BRW,20080411,0.42,0.42,0.415,0.415,19780
BSA,20080411,0.38,0.38,0.29,0.32,6169589
BSL,20080411,10.27,10.34,10.03,10.1,3161613
BSM,20080411,0.235,0.235,0.23,0.23,75000
BSN,20080411,0.045,0.045,0.045,0.045,50000
BSR,20080411,0.14,0.14,0.14,0.14,83700
BTA,20080411,1.225,1.225,1.195,1.195,396449
BTT,20080411,3.26,3.31,3.25,3.31,179334
BTV,20080411,0.086,0.086,0.084,0.084,44100
BUG,20080411,0.525,0.525,0.525,0.525,1000
BUL,20080411,0.19,0.19,0.19,0.19,62651
BUR,20080411,0.12,0.12,0.11,0.11,143257
BUY,20080411,0.035,0.036,0.035,0.036,160000
BVA,20080411,1.48,1.48,1.425,1.46,146128
BVE,20080411,0.16,0.16,0.14,0.14,135000
BWN,20080411,0.23,0.24,0.21,0.225,9661167
BWP,20080411,1.89,1.945,1.89,1.9,665047
BXB,20080411,10.26,10.28,10.05,10.21,5366647
BXP,20080411,0.078,0.078,0.078,0.078,43436
CAA,20080411,0.26,0.285,0.26,0.285,206850
CAB,20080411,9.69,9.69,9.32,9.32,605092
CAL,20080411,0.85,0.88,0.85,0.88,14200
CAM,20080411,0.885,0.885,0.86,0.86,29912
CAP,20080411,0.1,0.1,0.096,0.096,17595
CAQ,20080411,0.095,0.099,0.095,0.099,50270
CAV,20080411,0.18,0.2,0.18,0.195,496065
CAZ,20080411,0.215,0.22,0.215,0.215,234100
CBA,20080411,41.45,42.3,40.8,41.43,4368400
CBB,20080411,0.39,0.39,0.38,0.38,12000
CBD,20080411,0.19,0.19,0.185,0.185,30600
CBH,20080411,0.405,0.405,0.395,0.4,1471279
CCE,20080411,0.012,0.014,0.012,0.013,1848609
CCI,20080411,0.225,0.225,0.215,0.22,885000
CCL,20080411,8.85,8.87,8.69,8.85,2029678
CCP,20080411,0.83,0.87,0.805,0.82,65509
CCQ,20080411,0.6,0.6,0.6,0.6,46000
CCV,20080411,0.3,0.3,0.3,0.3,150000
CDD,20080411,5.5,5.5,5.25,5.34,41573
CDF,20080411,1.6,1.605,1.58,1.58,10600
CDI,20080411,0.73,0.75,0.72,0.74,2498031
CDP,20080411,3.9,4,3.9,4,8666
CDR,20080411,0.18,0.18,0.17,0.18,350832
CDS,20080411,0.14,0.14,0.13,0.135,2334428
CDU,20080411,3.17,3.24,3.17,3.2,98205
CEG,20080411,0.86,0.86,0.78,0.83,191079
CEH,20080411,0.38,0.38,0.38,0.38,1000
CER,20080411,0.365,0.37,0.36,0.37,2174620
CEU,20080411,1.29,1.295,1.265,1.275,3117536
CEY,20080411,4.38,4.44,4.3,4.35,1730729
CFE,20080411,0.675,0.69,0.66,0.69,1861019
CFR,20080411,0.007,0.008,0.007,0.007,448334
CFU,20080411,0.55,0.56,0.545,0.545,101185
CFX,20080411,2.19,2.22,2.16,2.2,5327640
CGF,20080411,2.15,2.15,2.09,2.1,1277363
CGG,20080411,0.25,0.25,0.23,0.23,658698
CGM,20080411,0.078,0.078,0.078,0.078,50000
CGO,20080411,0.97,0.99,0.97,0.99,12000
CGT,20080411,0.08,0.1,0.08,0.1,21000
CGX,20080411,1.82,1.84,1.82,1.84,18520
CHB,20080411,43.43,43.43,43.43,43.43,6
CHC,20080411,1.435,1.47,1.35,1.37,297636
CHD,20080411,0.62,0.62,0.62,0.62,3400
CHF,20080411,0.14,0.14,0.14,0.14,10000
CHM,20080411,0.028,0.029,0.028,0.028,1738000
CHN,20080411,0.13,0.13,0.13,0.13,9018
CHO,20080411,5.31,5.31,5.31,5.31,1000
CHP,20080411,0.018,0.018,0.018,0.018,40000
CHZ,20080411,0.285,0.285,0.285,0.285,35000
CIF,20080411,3.2,3.25,3.1,3.25,772553
CIG,20080411,0.059,0.06,0.056,0.059,1197590
CII,20080411,0.35,0.36,0.335,0.335,606500
CIL,20080411,1.65,1.65,1.65,1.65,6209
CIN,20080411,17.1,17.1,17.02,17.05,9400
CIR,20080411,1.01,1.01,1.01,1.01,1500
CIX,20080411,0.37,0.37,0.37,0.37,10000
CIY,20080411,1.09,1.09,1.015,1.015,450710
CKK,20080411,0.115,0.115,0.115,0.115,155218
CKL,20080411,0.515,0.515,0.515,0.515,1689
CKR,20080411,0.1,0.11,0.1,0.11,45000
CKT,20080411,1.24,1.24,1.24,1.24,164
CLO,20080411,0.62,0.69,0.615,0.63,608480
CLT,20080411,0.37,0.37,0.365,0.365,4527
CLV,20080411,0.135,0.135,0.135,0.135,165000
CLX,20080411,1.1,1.15,1.1,1.15,179184
CMI,20080411,1.15,1.15,1.15,1.15,1300
CMJ,20080411,3.64,3.64,3.46,3.5,5183872
CMO,20080411,0.18,0.18,0.175,0.175,112500
CMP,20080411,0.155,0.155,0.155,0.155,15000
CMR,20080411,1.51,1.535,1.46,1.51,708751
CMV,20080411,0.62,0.635,0.6,0.6,307104
CMW,20080411,0.805,0.845,0.805,0.815,3234709
CMY,20080411,0.17,0.17,0.17,0.17,5000
CNA,20080411,86.5,88.1,86.1,86.1,337
CND,20080411,1.875,1.9,1.86,1.9,11723
CNF,20080411,0.085,0.085,0.085,0.085,20000
CNM,20080411,0.26,0.27,0.255,0.26,972602
CNN,20080411,0.028,0.028,0.028,0.028,75000
CNP,20080411,0.46,0.475,0.455,0.46,26551118
CNT,20080411,1.495,1.5,1.455,1.495,21159
COE,20080411,0.85,0.86,0.82,0.845,724001
COF,20080411,2.34,2.35,2.3,2.3,466355
COH,20080411,54.81,55.41,54.3,54.49,109390
COK,20080411,0.795,0.8,0.765,0.79,1380501
COM,20080411,0.21,0.23,0.2,0.23,557500
COO,20080411,0.07,0.07,0.07,0.07,100000
COS,20080411,0.061,0.061,0.061,0.061,100000
COU,20080411,2.14,2.14,2.03,2.04,220498
COY,20080411,0.16,0.17,0.16,0.17,104500
COZ,20080411,0.47,0.47,0.44,0.44,104700
CPA,20080411,1.38,1.39,1.355,1.375,2176741
CPB,20080411,26.5,26.5,26.03,26.08,84620
CPI,20080411,0.38,0.39,0.38,0.39,29265
CPK,20080411,0.28,0.28,0.28,0.28,52500
CPR,20080411,0.915,0.915,0.905,0.915,5495
CPS,20080411,0.18,0.18,0.18,0.18,1000
CPU,20080411,8.81,8.83,8.63,8.72,2264404
CQT,20080411,0.45,0.45,0.43,0.43,170502
CQU,20080411,0.51,0.51,0.49,0.49,31000
CRC,20080411,0.21,0.25,0.21,0.215,151150
CRE,20080411,0.29,0.29,0.285,0.285,112200
CRG,20080411,15.04,15.28,14.78,14.88,105244
CRJ,20080411,0.08,0.08,0.08,0.08,2750
CRK,20080411,1.55,1.55,1.515,1.515,290709
CRT,20080411,0.39,0.405,0.385,0.405,25103
CSE,20080411,0.245,0.245,0.235,0.235,64500
CSL,20080411,36.49,36.7,35.95,36.22,1767751
CSR,20080411,3.19,3.22,3.15,3.19,2301025
CSS,20080411,1.67,1.68,1.65,1.68,83200
CST,20080411,2.34,2.34,2.24,2.24,77153
CSU,20080411,0.965,0.965,0.965,0.965,1000
CSV,20080411,1.06,1.1,1.06,1.1,33000
CTN,20080411,1.23,1.23,1.225,1.225,80210
CTO,20080411,0.32,0.32,0.305,0.305,1464663
CTP,20080411,0.185,0.23,0.185,0.22,4042166
CTS,20080411,0.14,0.14,0.135,0.14,314961
CTX,20080411,13.5,13.75,13.41,13.6,1143893
CUE,20080411,0.22,0.22,0.215,0.22,670582
CUL,20080411,0.115,0.12,0.115,0.115,1641219
CUO,20080411,0.475,0.49,0.47,0.49,437426
CUR,20080411,1.67,1.67,1.63,1.63,28419
CUS,20080411,0.079,0.079,0.074,0.074,497513
CUV,20080411,0.44,0.44,0.41,0.41,196820
CUX,20080411,0.125,0.125,0.115,0.115,17500
CUY,20080411,0.45,0.53,0.45,0.52,15568
CVA,20080411,0.066,0.066,0.065,0.065,65000
CVC,20080411,1.055,1.055,1.04,1.04,73150
CVI,20080411,0.11,0.11,0.105,0.105,2242942
CVN,20080411,0.51,0.515,0.5,0.515,762232
CVR,20080411,0.135,0.14,0.135,0.14,384392
CVS,20080411,0.024,0.024,0.024,0.024,38500
CWN,20080411,10.72,10.95,10.62,10.82,1238429
CWP,20080411,3.35,3.35,3.35,3.35,1
CWT,20080411,0.66,0.66,0.63,0.64,37425
CXC,20080411,4.01,4.05,3.95,4.03,201505
CXG,20080411,1.175,1.22,1.175,1.22,385072
CXH,20080411,0.71,0.72,0.71,0.72,126010
CXM,20080411,0.375,0.375,0.375,0.375,10000
CXP,20080411,5.61,5.69,5.25,5.28,217347
CXS,20080411,0.88,0.89,0.865,0.87,28200
CXY,20080411,0.055,0.055,0.055,0.055,218600
CYA,20080411,1.2,1.23,1.18,1.22,166698
CYC,20080411,0.18,0.18,0.18,0.18,91813
CYG,20080411,1.7,1.7,1.68,1.68,3000
CYL,20080411,0.12,0.12,0.12,0.12,679881
CYU,20080411,0.25,0.25,0.24,0.24,7800
CZA,20080411,2.35,2.35,2.28,2.33,65446
CZP,20080411,0.11,0.11,0.11,0.11,100000
DBS,20080411,0.55,0.55,0.54,0.54,60000
DDD,20080411,0.078,0.078,0.078,0.078,100000
DEG,20080411,0.1,0.1,0.097,0.097,445999
DES,20080411,0.089,0.098,0.089,0.098,938425
DGO,20080411,0.13,0.13,0.13,0.13,10000
DGR,20080411,0.115,0.13,0.115,0.115,210843
DIA,20080411,0.03,0.03,0.03,0.03,65000
DIO,20080411,1.03,1.03,1,1.015,52736
DJS,20080411,3.49,3.55,3.46,3.54,1423124
DJW,20080411,4.34,4.47,4.23,4.23,81620
DKS,20080411,7.1,7.1,7,7,1000
DLS,20080411,0.048,0.049,0.046,0.046,2770349
DMA,20080411,0.15,0.17,0.15,0.17,106326
DML,20080411,0.4,0.4,0.38,0.38,86400
DMM,20080411,0.54,0.55,0.54,0.55,52600
DMP,20080411,3.16,3.18,3,3.18,17050
DMX,20080411,0.34,0.34,0.33,0.33,11105
DOM,20080411,3.04,3.12,3.02,3.03,142062
DON,20080411,0.285,0.295,0.28,0.295,100000
DOW,20080411,7.15,7.15,6.91,6.95,1435970
DRA,20080411,0.095,0.095,0.095,0.095,29027
DRK,20080411,0.12,0.14,0.12,0.14,25000
DRX,20080411,0.17,0.175,0.17,0.175,72000
DSN,20080411,0.245,0.25,0.245,0.25,260000
DTL,20080411,6.13,6.15,6,6,5920
DTM,20080411,0.105,0.105,0.105,0.105,5500
DUE,20080411,3.08,3.16,3,3.13,484943
DUI,20080411,3.5,3.5,3.48,3.48,19289
DVN,20080411,1.13,1.13,1.13,1.13,62700
DWS,20080411,1.63,1.63,1.55,1.6,59137
DWY,20080411,0.52,0.52,0.52,0.52,25000
DXL,20080411,2.73,2.75,2.69,2.74,33769262
DXS,20080411,1.55,1.565,1.48,1.55,4179649
DYE,20080411,0.85,0.91,0.85,0.91,19177
DYL,20080411,0.225,0.23,0.205,0.205,2761397
EAL,20080411,1.05,1.05,1.05,1.05,5431
EAR,20080411,0.09,0.09,0.09,0.09,75000
EBB,20080411,0.7,0.75,0.68,0.75,98862
EBG,20080411,0.23,0.23,0.23,0.23,40000
EBI,20080411,2.67,2.7,2.67,2.68,1694704
EBR,20080411,0.035,0.035,0.035,0.035,10000
EBT,20080411,0.061,0.061,0.061,0.061,5009
EDM,20080411,0.053,0.053,0.053,0.053,89000
EEE,20080411,0.12,0.12,0.12,0.12,35000
EER,20080411,0.4,0.4,0.4,0.4,12500
EFT,20080411,0.063,0.065,0.063,0.065,12650
EGF,20080411,1.91,1.91,1.855,1.855,136108
EGO,20080411,0.019,0.019,0.018,0.018,7863453
EHL,20080411,0.84,0.845,0.815,0.82,894454
EIG,20080411,0.79,0.8,0.765,0.765,118000
ELI,20080411,0.98,0.98,0.98,0.98,500
ELK,20080411,0.62,0.67,0.615,0.67,705115
ELM,20080411,0.075,0.075,0.075,0.075,12900
ELX,20080411,0.625,0.625,0.62,0.62,15000
ELY,20080411,0.31,0.31,0.3,0.3,37000
EME,20080411,0.845,0.845,0.82,0.82,40298
EMM,20080411,0.076,0.076,0.076,0.076,5760
EMR,20080411,0.11,0.115,0.11,0.11,201260
EMS,20080411,0.14,0.145,0.135,0.145,146824
EMU,20080411,0.26,0.26,0.25,0.255,13387
ENB,20080411,0.14,0.14,0.14,0.14,60000
ENE,20080411,2.33,2.33,2.26,2.29,314294
ENG,20080411,0.051,0.054,0.051,0.051,67000
ENI,20080411,0.01,0.01,0.01,0.01,10000
ENV,20080411,0.79,0.79,0.77,0.775,749577
EON,20080411,0.45,0.45,0.45,0.45,10000
EOS,20080411,0.29,0.29,0.26,0.26,61000
EPD,20080411,0.2,0.2,0.2,0.2,29220
EPE,20080411,0.048,0.053,0.048,0.048,117700
EPF,20080411,0.14,0.14,0.14,0.14,508692
EPG,20080411,0.72,0.72,0.69,0.69,64983
EPL,20080411,0.19,0.19,0.19,0.19,437
EPR,20080411,0.051,0.052,0.049,0.049,870994
EPY,20080411,0.052,0.052,0.052,0.052,120257
EQI,20080411,4.4,4.4,4.27,4.3,521862
EQN,20080411,5.06,5.06,4.96,5,1241822
EQT,20080411,30,30,30,30,2000
EQX,20080411,0.18,0.18,0.18,0.18,20000
ERA,20080411,19.95,20.71,19.63,20.6,428972
ERH,20080411,0.15,0.15,0.14,0.14,132750
ERL,20080411,0.17,0.17,0.17,0.17,1766
ERM,20080411,0.2,0.2,0.2,0.2,30000
ERN,20080411,0.081,0.081,0.081,0.081,10000
ERO,20080411,0.18,0.185,0.18,0.185,31650
ESG,20080411,0.365,0.375,0.36,0.36,416050
ESI,20080411,0.06,0.062,0.058,0.062,642700
ESS,20080411,1.04,1.04,1.04,1.04,25000
ESV,20080411,1.015,1.015,1.01,1.01,21800
ETC,20080411,0.039,0.04,0.039,0.04,1650000
ETE,20080411,0.14,0.14,0.13,0.14,210000
ETT,20080411,0.01,0.01,0.01,0.01,600000
EUG,20080411,0.029,0.029,0.029,0.029,62500
EVG,20080411,0.11,0.11,0.11,0.11,26315
EWC,20080411,1.33,1.34,1.32,1.325,458563
EXE,20080411,0.14,0.14,0.12,0.135,141000
EXM,20080411,0.023,0.023,0.021,0.023,15010460
EXR,20080411,0.19,0.195,0.19,0.19,375500
EXS,20080411,0.27,0.27,0.26,0.26,16000
EXT,20080411,1.17,1.18,1.155,1.18,165117
EZL,20080411,3.62,3.62,3.61,3.61,7500
FAC,20080411,0.37,0.39,0.37,0.39,4931
FAN,20080411,2.9,2.94,2.76,2.93,8109
FAR,20080411,0.092,0.092,0.089,0.09,1163500
FAS,20080411,0.11,0.125,0.105,0.115,2117400
FAT,20080411,0.96,0.96,0.955,0.955,31150
FBU,20080411,7.11,7.22,6.85,7.05,688379
FCL,20080411,1.79,1.815,1.77,1.775,2287219
FCN,20080411,0.24,0.33,0.24,0.26,908109
FCP,20080411,0.028,0.028,0.028,0.028,30000
FDL,20080411,0.095,0.1,0.094,0.098,24382165
FEA,20080411,0.545,0.545,0.54,0.54,28258
FER,20080411,0.845,0.845,0.845,0.845,2000
FFF,20080411,0.032,0.035,0.032,0.035,34000
FGE,20080411,0.745,0.745,0.73,0.74,79220
FGL,20080411,5.29,5.34,5.24,5.29,4234022
FKP,20080411,3.35,3.36,3.22,3.23,861366
FLK,20080411,0.74,0.74,0.74,0.74,15000
FLT,20080411,23.05,23.36,22.39,22.8,130044
FLX,20080411,11.87,12,11.69,11.77,226049
FMG,20080411,7.04,7.04,6.72,6.76,7084210
FML,20080411,0.061,0.061,0.06,0.061,1444000
FNT,20080411,0.125,0.125,0.115,0.115,36800
FPA,20080411,1.95,1.95,1.87,1.9,232262
FPH,20080411,2.47,2.48,2.4,2.44,148579
FPS,20080411,2.53,2.53,2.5,2.5,3660
FRE,20080411,0.27,0.27,0.22,0.22,184308
FRM,20080411,0.265,0.265,0.26,0.26,10000
FRR,20080411,0.32,0.32,0.32,0.32,5000
FRS,20080411,1,1,1,1,166506
FRV,20080411,0.016,0.016,0.016,0.016,50000
FSA,20080411,0.225,0.23,0.22,0.23,91534
FSE,20080411,0.038,0.038,0.037,0.037,297359
FSN,20080411,0.55,0.63,0.55,0.63,237064
FTD,20080411,0.022,0.022,0.022,0.022,800
FUN,20080411,0.535,0.585,0.535,0.56,548970
FUT,20080411,0.005,0.005,0.005,0.005,5200000
FWD,20080411,8.8,8.8,8.63,8.67,31834
FWL,20080411,0.3,0.3,0.295,0.295,64000
FXJ,20080411,3.31,3.37,3.25,3.37,9021613
FXL,20080411,0.585,0.645,0.585,0.645,1361099
FXR,20080411,0.61,0.615,0.6,0.615,84728
GAA,20080411,0.285,0.285,0.28,0.28,60000
GAP,20080411,0.27,0.27,0.27,0.27,246077
GAU,20080411,0.125,0.125,0.125,0.125,19263
GBE,20080411,0.44,0.58,0.44,0.58,639674
GBG,20080411,0.76,0.785,0.755,0.77,942822
GBL,20080411,0.015,0.015,0.015,0.015,25000
GBM,20080411,0.2,0.2,0.2,0.2,20000
GBP,20080411,0.145,0.145,0.135,0.135,255054
GBZ,20080411,0.145,0.175,0.145,0.175,107395
GCG,20080411,0.19,0.19,0.19,0.19,151211
GCL,20080411,8.7,8.89,8.68,8.75,216611
GCN,20080411,0.021,0.021,0.018,0.018,839500
GCR,20080411,0.023,0.023,0.023,0.023,313583
GCS,20080411,1.2,1.2,1.15,1.15,105740
GDA,20080411,0.024,0.025,0.023,0.024,2893000
GDN,20080411,0.071,0.072,0.07,0.07,242005
GDR,20080411,0.19,0.195,0.165,0.195,3185856
GDY,20080411,1.55,1.58,1.51,1.58,2276550
GFE,20080411,0.21,0.215,0.21,0.215,19701
GFF,20080411,1.845,1.845,1.75,1.75,3060420
GGE,20080411,0.029,0.03,0.028,0.03,600000
GGG,20080411,0.7,0.75,0.68,0.75,215000
GGP,20080411,0.28,0.28,0.27,0.275,179100
GGX,20080411,0.08,0.081,0.078,0.078,96250
GGY,20080411,0.08,0.082,0.078,0.078,243580
GHT,20080411,0.66,0.7,0.66,0.66,8000
GIP,20080411,0.095,0.095,0.09,0.09,327363
GIR,20080411,1.12,1.125,1.12,1.12,26098
GJT,20080411,0.585,0.63,0.585,0.63,425059
GLB,20080411,0.89,0.89,0.89,0.89,2440
GLC,20080411,0.12,0.12,0.12,0.12,10000
GLF,20080411,0.23,0.23,0.23,0.23,89800
GLH,20080411,0.07,0.07,0.07,0.07,1404
GLI,20080411,0.195,0.2,0.195,0.195,78290
GLM,20080411,0.15,0.15,0.15,0.15,43400
GME,20080411,0.295,0.295,0.295,0.295,182311
GMG,20080411,4.3,4.3,4.17,4.2,5376913
GMI,20080411,1.885,1.9,1.85,1.9,169513
GML,20080411,0.095,0.095,0.095,0.095,90000
GMR,20080411,0.045,0.045,0.045,0.045,40000
GNC,20080411,12.13,12.13,11.96,12.08,53432
GNI,20080411,0.11,0.11,0.11,0.11,4600
GNM,20080411,1.6,1.6,1.5,1.5,13500
GNS,20080411,2.99,3.03,2.96,3,633939
GNV,20080411,0.9,0.9,0.9,0.9,1000
GOG,20080411,0.092,0.094,0.09,0.094,597000
GOP,20080411,0.083,0.085,0.082,0.085,115800
GPG,20080411,1.43,1.43,1.42,1.42,101541
GPP,20080411,0.072,0.072,0.072,0.072,50000
GPR,20080411,0.11,0.11,0.1,0.11,117380
GPT,20080411,3.14,3.14,3.01,3.04,4280254
GQH,20080411,0.545,0.545,0.545,0.545,3200
GRB,20080411,0.08,0.08,0.08,0.08,4000
GRD,20080411,0.915,0.92,0.895,0.905,649972
GRK,20080411,0.1,0.11,0.1,0.105,1062000
GRP,20080411,0.021,0.022,0.021,0.022,29709
GRR,20080411,1.7,1.7,1.69,1.7,25839
GRY,20080411,0.44,0.47,0.44,0.47,123750
GSC,20080411,0.08,0.08,0.08,0.08,100000
GSE,20080411,0.046,0.046,0.046,0.046,24500
GSF,20080411,0.033,0.04,0.033,0.037,3213852
GTG,20080411,0.105,0.11,0.105,0.105,113877
GTP,20080411,1.605,1.64,1.555,1.615,1078504
GTR,20080411,0.1,0.1,0.1,0.1,3000
GTX,20080411,0.11,0.13,0.11,0.13,41000
GUD,20080411,9.33,9.41,9.15,9.16,149051
GUL,20080411,0.073,0.073,0.073,0.073,17600
GUN,20080411,0.125,0.125,0.125,0.125,30000
GWR,20080411,1.3,1.46,1.3,1.45,137986
GWT,20080411,3.07,3.12,2.98,2.99,264443
GXL,20080411,1.05,1.05,1.05,1.05,2885
GXY,20080411,0.485,0.5,0.485,0.5,23000
GYN,20080411,0.15,0.15,0.15,0.15,95727
HAO,20080411,0.135,0.135,0.135,0.135,20000
HAP,20080411,0.78,0.8,0.78,0.8,353601
HAV,20080411,1.28,1.28,1.25,1.28,14179
HAW,20080411,0.021,0.021,0.02,0.02,615000
HAZ,20080411,0.175,0.185,0.175,0.185,24894
HCG,20080411,0.052,0.065,0.049,0.065,57000
HDF,20080411,2.68,2.7,2.61,2.65,227402
HDN,20080411,0.21,0.21,0.21,0.21,100000
HEG,20080411,0.355,0.355,0.35,0.35,200990
HER,20080411,2.74,2.75,2.71,2.72,197592
HFA,20080411,1.11,1.14,1.1,1.12,490199
HGI,20080411,2.4,2.47,2.36,2.44,1684856
HGO,20080411,0.23,0.24,0.23,0.24,256500
HHL,20080411,11.19,11.19,11,11,10513
HHM,20080411,0.335,0.335,0.315,0.315,70000
HHV,20080411,0.84,0.84,0.815,0.815,1298302
HHY,20080411,1.7,1.7,1.68,1.68,29036
HIC,20080411,0.76,0.76,0.74,0.74,56054
HIG,20080411,0.125,0.125,0.12,0.12,227336
HII,20080411,0.21,0.21,0.21,0.21,100000
HIL,20080411,4.5,4.51,4.33,4.41,88373
HIP,20080411,1.55,1.55,1.55,1.55,6521
HIT,20080411,0.036,0.036,0.036,0.036,3000
HLG,20080411,1,1.04,0.96,0.96,182292
HLX,20080411,0.18,0.22,0.18,0.22,292487
HMC,20080411,0.11,0.115,0.11,0.11,156562
HNG,20080411,1.92,1.92,1.9,1.9,13873
HNR,20080411,0.155,0.155,0.155,0.155,5820
HOM,20080411,0.57,0.57,0.57,0.57,31925
HRR,20080411,0.525,0.56,0.51,0.56,105785
HRS,20080411,0.097,0.1,0.095,0.1,115000
HSK,20080411,1.345,1.35,1.34,1.345,54000
HSP,20080411,5.08,5.08,4.95,4.99,335142
HST,20080411,3.28,3.29,3.19,3.2,137141
HTA,20080411,0.12,0.13,0.12,0.125,421500
HTE,20080411,0.036,0.036,0.034,0.034,287640
HTM,20080411,0.028,0.028,0.028,0.028,70000
HTW,20080411,0.395,0.395,0.375,0.38,361504
HTX,20080411,0.086,0.1,0.086,0.087,40718
HVN,20080411,3.8,4.02,3.8,3.98,6920240
HYO,20080411,0.032,0.032,0.03,0.032,2180247
HZN,20080411,0.32,0.32,0.305,0.305,467378
IAG,20080411,3.85,3.97,3.82,3.97,8781682
IAS,20080411,0.3,0.3,0.3,0.3,20000
IAU,20080411,0.26,0.27,0.25,0.26,1387000
IBA,20080411,0.53,0.535,0.51,0.53,2230709
IBC,20080411,0.5,0.525,0.5,0.52,78000
IBG,20080411,0.45,0.45,0.45,0.45,280000
ICC,20080411,0.063,0.063,0.063,0.063,5600
ICD,20080411,0.52,0.545,0.51,0.545,25000
ICN,20080411,0.077,0.078,0.077,0.077,107320
ICP,20080411,0.034,0.035,0.033,0.034,1796000
ICS,20080411,0.145,0.145,0.14,0.14,142000
IDL,20080411,0.485,0.49,0.465,0.47,1754639
IDO,20080411,0.94,0.945,0.94,0.945,10000
IDT,20080411,2.04,2.04,1.96,1.97,28448
IEF,20080411,0.695,0.7,0.69,0.69,476761
IEM,20080411,152.7,153.96,152.7,153.84,218
IEU,20080411,116.5,116.5,116.5,116.5,214
IFE,20080411,0.725,0.725,0.71,0.71,7000
IFL,20080411,5.45,5.54,5.35,5.35,89004
IFM,20080411,0.43,0.435,0.42,0.42,196682
IGC,20080411,0.45,0.46,0.44,0.455,2376244
IGG,20080411,0.27,0.29,0.27,0.29,28100
IGO,20080411,7.8,7.82,7.53,7.71,390067
IGR,20080411,0.55,0.615,0.55,0.575,2984993
IHF,20080411,1,1,1,1,1017563
IHG,20080411,0.032,0.032,0.032,0.032,100
IHK,20080411,19.97,19.97,19.97,19.97,270
IIF,20080411,2.12,2.14,2.08,2.09,2363399
IIG,20080411,0.018,0.02,0.018,0.02,1778948
IIN,20080411,1.99,2.03,1.99,1.995,33492
IJH,20080411,87.1,87.1,87.1,87.1,1
IJP,20080411,13.58,13.58,13.58,13.58,2
IJR,20080411,66.38,66.38,66.38,66.38,3
IKO,20080411,64.33,64.33,64.33,64.33,4
ILF,20080411,0.67,0.695,0.63,0.665,1952613
ILU,20080411,3.96,4.06,3.95,3.96,820010
IMA,20080411,1.31,1.33,1.27,1.3,27680
IMD,20080411,2.15,2.15,2.07,2.1,248379
IMF,20080411,0.6,0.615,0.59,0.615,271394
IMI,20080411,0.017,0.017,0.016,0.017,3030614
IMP,20080411,0.017,0.018,0.016,0.018,8194450
INL,20080411,0.09,0.093,0.089,0.091,106760
INP,20080411,0.595,0.6,0.56,0.57,1128975
INT,20080411,0.025,0.025,0.025,0.025,1330000
IOF,20080411,1.235,1.24,1.195,1.24,5671544
IOH,20080411,0.58,0.61,0.57,0.61,22700
IOO,20080411,81.28,81.28,81.28,81.28,5
IPA,20080411,0.4,0.4,0.4,0.4,10000
IPE,20080411,0.81,0.81,0.8,0.805,35000
IPL,20080411,152.8,153.99,149.87,153.07,669404
IPN,20080411,0.185,0.19,0.185,0.19,71385
IPR,20080411,0.096,0.096,0.096,0.096,200000
IPX,20080411,0.46,0.55,0.45,0.55,1985452
IRC,20080411,0.35,0.37,0.33,0.37,815544
IRE,20080411,6.6,6.89,6.54,6.89,131364
IRI,20080411,0.375,0.375,0.37,0.37,188500
IRL,20080411,0.135,0.135,0.135,0.135,7846
IRM,20080411,0.16,0.16,0.16,0.16,9000
IRN,20080411,0.79,0.81,0.76,0.77,300767
IRU,20080411,75.63,75.63,75.63,75.63,6
ISG,20080411,14.21,14.21,14.21,14.21,415
ISK,20080411,0.18,0.18,0.18,0.18,38000
ISS,20080411,0.385,0.385,0.385,0.385,39500
ITC,20080411,0.039,0.039,0.039,0.039,225078
ITD,20080411,0.115,0.115,0.115,0.115,50000
ITE,20080411,0.07,0.07,0.07,0.07,2345
ITS,20080411,0.85,0.85,0.8,0.8,15000
ITT,20080411,0.13,0.13,0.125,0.125,40000
ITW,20080411,17.83,17.89,17.83,17.89,1002
IVC,20080411,6.79,6.89,6.61,6.75,106751
IVE,20080411,79.69,79.69,79.69,79.69,102
IVK,20080411,2.1,2.1,2.1,2.1,500
IVT,20080411,0.12,0.12,0.12,0.12,30000
IVV,20080411,146.65,146.65,146.65,146.65,60
IWI,20080411,1.005,1.005,1,1,31280
IXR,20080411,0.56,0.58,0.56,0.58,114892
IZZ,20080411,156.32,156.32,156.32,156.32,25
JAG,20080411,0.076,0.076,0.07,0.07,268333
JAK,20080411,0.16,0.16,0.145,0.15,409303
JAL,20080411,0.125,0.125,0.125,0.125,10000
JAT,20080411,0.055,0.059,0.055,0.059,610000
JBH,20080411,9.92,10.15,9.86,10.11,338551
JET,20080411,2.31,2.31,2.31,2.31,227
JHX,20080411,6.06,6.23,6.06,6.14,1937312
JMB,20080411,0.6,0.6,0.595,0.6,116487
JML,20080411,0.645,0.65,0.63,0.63,578756
JMS,20080411,0.2,0.2,0.185,0.19,229789
JPR,20080411,0.06,0.062,0.058,0.062,403320
JRL,20080411,0.73,0.73,0.73,0.73,5000
JRV,20080411,0.017,0.017,0.016,0.016,3012414
JST,20080411,3.98,4.01,3.76,3.92,2280067
KAL,20080411,0.087,0.087,0.085,0.085,253510
KAM,20080411,0.4,0.4,0.4,0.4,8364
KAR,20080411,2.42,2.47,2.3,2.4,41379
KAS,20080411,0.2,0.215,0.195,0.215,110000
KAT,20080411,1.005,1.005,1,1,50000
KBC,20080411,1.07,1.07,1.02,1.055,1001462
KCN,20080411,3.98,4,3.9,3.95,105878
KEY,20080411,0.17,0.17,0.15,0.16,441700
KGL,20080411,0.12,0.12,0.115,0.115,61000
KIK,20080411,0.1,0.105,0.1,0.1,938755
KIL,20080411,0.78,0.78,0.75,0.75,306234
KIS,20080411,0.55,0.55,0.55,0.55,8848
KLM,20080411,0.44,0.44,0.44,0.44,77650
KMN,20080411,0.305,0.305,0.295,0.295,142628
KOR,20080411,0.1,0.1,0.1,0.1,3799
KOV,20080411,5.32,5.32,5.3,5.3,15633
KRB,20080411,0.2,0.2,0.2,0.2,5000
KRM,20080411,0.28,0.28,0.26,0.26,75000
KSC,20080411,3.2,3.25,3.2,3.25,12600
KSX,20080411,0.125,0.145,0.125,0.14,2112579
KTE,20080411,0.08,0.081,0.08,0.081,29977
KYC,20080411,0.245,0.255,0.245,0.255,27384
KZL,20080411,4.51,4.6,4.43,4.46,475484
LAS,20080411,0.03,0.03,0.03,0.03,1000
LBT,20080411,0.21,0.21,0.21,0.21,30000
LBY,20080411,0.074,0.075,0.072,0.075,145000
LCT,20080411,0.255,0.26,0.25,0.25,22972
LEG,20080411,0.024,0.024,0.024,0.024,52500
LEI,20080411,43.67,44.4,43.38,44,960428
LEP,20080411,2.74,2.75,2.71,2.71,52298
LFE,20080411,0.058,0.058,0.052,0.052,795000
LGD,20080411,0.08,0.08,0.08,0.08,51452
LGL,20080411,3.26,3.28,3.22,3.24,15086596
LGO,20080411,0.022,0.022,0.022,0.022,50000
LIN,20080411,0.155,0.155,0.155,0.155,50000
LKO,20080411,0.006,0.006,0.006,0.006,5363495
LLC,20080411,13.1,13.1,12.69,12.98,961565
LML,20080411,0.205,0.205,0.205,0.205,25000
LMP,20080411,0.09,0.09,0.09,0.09,89941
LNC,20080411,1.025,1.14,1.025,1.125,359001
LNG,20080411,0.61,0.61,0.59,0.61,3309
LNN,20080411,9.04,9.05,8.82,8.9,801926
LOD,20080411,0.024,0.024,0.024,0.024,100000
LOM,20080411,0.315,0.315,0.3,0.305,359053
LPM,20080411,0.026,0.028,0.026,0.026,160477
LRF,20080411,1.06,1.06,1.04,1.05,339365
LRG,20080411,0.02,0.02,0.02,0.02,28500
LSA,20080411,0.021,0.021,0.021,0.021,410000
LSL,20080411,0.017,0.017,0.017,0.017,27000
LSR,20080411,0.075,0.075,0.072,0.075,87911
LST,20080411,1.48,1.49,1.46,1.485,544392
LTR,20080411,0.082,0.082,0.08,0.08,390000
LWB,20080411,1.695,1.695,1.66,1.66,18000
LYC,20080411,1.4,1.41,1.375,1.4,2058384
LYL,20080411,3.85,3.85,3.8,3.85,10500
MAE,20080411,0.8,0.81,0.795,0.81,163825
MAH,20080411,1.4,1.44,1.4,1.41,898111
MAK,20080411,2.33,2.39,2.11,2.23,1467574
MAP,20080411,3.03,3.1,3.02,3.05,8582460
MAR,20080411,0.225,0.225,0.215,0.215,16000
MBI,20080411,0.038,0.044,0.038,0.044,470900
MBN,20080411,6.02,6.15,5.98,6.1,46622
MBP,20080411,0.031,0.035,0.03,0.034,1920846
MBT,20080411,0.73,0.73,0.73,0.73,1063
MCC,20080411,13.3,13.5,12.74,12.94,633586
MCG,20080411,4.42,4.48,4.28,4.41,895034
MCL,20080411,0.026,0.026,0.026,0.026,10732
MCO,20080411,0.255,0.255,0.255,0.255,18988
MCP,20080411,2.8,2.8,2.8,2.8,2500
MCQ,20080411,2.42,2.47,2.22,2.44,142675
MCR,20080411,3.1,3.11,3.02,3.03,1112330
MCU,20080411,0.71,0.72,0.69,0.71,165411
MCW,20080411,1.21,1.24,1.175,1.21,4713143
MDA,20080411,0.395,0.415,0.39,0.395,161975
MDE,20080411,1.1,1.1,1.1,1.1,2000
MDG,20080411,0.055,0.055,0.055,0.055,466
MDL,20080411,0.91,0.95,0.91,0.935,75122
MDT,20080411,0.51,0.555,0.51,0.52,7516463
MDX,20080411,0.22,0.23,0.21,0.23,205227
MEE,20080411,0.2,0.215,0.195,0.2,431700
MEI,20080411,0.07,0.074,0.07,0.074,190000
MEO,20080411,0.265,0.27,0.26,0.265,594502
MES,20080411,0.34,0.34,0.335,0.335,26537
MEU,20080411,0.09,0.09,0.089,0.089,20000
MFC,20080411,0.25,0.26,0.245,0.26,75450
MFF,20080411,0.65,0.67,0.65,0.66,465850
MFG,20080411,0.66,0.66,0.575,0.625,23141
MFI,20080411,0.19,0.19,0.18,0.18,589832
MGO,20080411,0.25,0.29,0.25,0.26,857323
MGR,20080411,3.74,3.75,3.66,3.7,3124131
MGU,20080411,0.16,0.16,0.15,0.15,50000
MGX,20080411,2.83,2.83,2.77,2.8,4269048
MHL,20080411,0.019,0.021,0.019,0.02,5479721
MHM,20080411,0.115,0.115,0.115,0.115,16650
MIG,20080411,2.75,2.75,2.63,2.65,7679646
MIN,20080411,4.93,4.98,4.83,4.94,56274
MIR,20080411,1.95,1.95,1.925,1.95,42893
MIS,20080411,5.85,5.88,5.75,5.88,565428
MIT,20080411,1.68,1.78,1.665,1.78,24500
MIX,20080411,0.415,0.415,0.38,0.385,898999
MKY,20080411,0.018,0.018,0.018,0.018,285735
MLB,20080411,2.8,2.9,2.77,2.77,48908
MLE,20080411,2.5,2.5,2.45,2.49,116515
MLI,20080411,0.54,0.58,0.54,0.58,2375007
MLM,20080411,0.505,0.53,0.505,0.53,39881
MLS,20080411,0.043,0.045,0.041,0.041,596679
MLT,20080411,19.6,19.6,19.5,19.5,1720
MLX,20080411,0.3,0.3,0.29,0.295,1507390
MMA,20080411,0.59,0.595,0.59,0.595,299852
MMB,20080411,0.39,0.445,0.39,0.445,589150
MMG,20080411,3.77,3.77,3.51,3.65,336125
MML,20080411,1.18,1.2,1.15,1.2,27415
MMN,20080411,0.15,0.16,0.15,0.15,237208
MMR,20080411,0.055,0.055,0.055,0.055,15000
MMS,20080411,3.4,3.4,3.37,3.39,10006
MMX,20080411,3.8,3.83,3.73,3.79,545994
MMY,20080411,0.185,0.185,0.18,0.18,20000
MMZ,20080411,0.04,0.044,0.04,0.044,88325
MND,20080411,12.65,12.95,12.65,12.8,127261
MNL,20080411,0.21,0.215,0.21,0.215,101350
MNM,20080411,0.11,0.11,0.095,0.095,160069
MNY,20080411,0.5,0.5,0.5,0.5,2000
MOC,20080411,1.45,1.45,1.4,1.4,381344
MOD,20080411,0.025,0.025,0.025,0.025,212735
MOF,20080411,0.99,0.99,0.945,0.955,3326484
MOG,20080411,0.075,0.08,0.075,0.08,150125
MOL,20080411,2.85,2.85,2.6,2.74,61778
MON,20080411,0.43,0.43,0.42,0.42,115076
MOS,20080411,0.11,0.115,0.11,0.11,520055
MOX,20080411,0.23,0.24,0.225,0.225,148270
MOY,20080411,0.062,0.062,0.062,0.062,5500
MPD,20080411,0.019,0.02,0.019,0.02,150000
MPF,20080411,0.885,0.885,0.88,0.88,96314
MPG,20080411,1.02,1.02,1.015,1.015,179550
MPJ,20080411,0.006,0.006,0.006,0.006,1146425
MPO,20080411,1.2,1.3,1.12,1.23,3332874
MPS,20080411,0.52,0.54,0.515,0.54,57398
MQG,20080411,54.18,55.4,53.5,54.79,2727613
MRA,20080411,0.45,0.475,0.435,0.475,127164
MRC,20080411,0.165,0.17,0.165,0.17,148444
MRE,20080411,6.03,6.05,5.91,5.95,1941268
MRM,20080411,1.59,1.6,1.55,1.55,11823
MRO,20080411,0.385,0.41,0.385,0.41,42564
MRU,20080411,1.78,1.78,1.77,1.77,59793
MRX,20080411,0.084,0.087,0.084,0.086,1917310
MRZ,20080411,1.03,1.06,1.025,1.06,166714
MSA,20080411,0.37,0.375,0.37,0.375,48709
MSB,20080411,0.66,0.69,0.615,0.66,159400
MSC,20080411,0.015,0.015,0.014,0.014,5928740
MSF,20080411,2.65,2.7,2.65,2.7,8820
MSH,20080411,0.1,0.1,0.1,0.1,195000
MSL,20080411,2.5,2.5,2.4,2.4,35322
MSN,20080411,0.11,0.11,0.11,0.11,27075
MST,20080411,0.06,0.062,0.057,0.062,631236
MTB,20080411,0.039,0.039,0.039,0.039,125000
MTD,20080411,0.11,0.11,0.11,0.11,40956
MTN,20080411,1.69,1.85,1.545,1.85,136398
MTS,20080411,4.1,4.13,4.07,4.11,1325663
MTU,20080411,0.64,0.645,0.64,0.645,12000
MUE,20080411,0.65,0.68,0.64,0.67,80876
MUM,20080411,0.18,0.18,0.18,0.18,22800
MUN,20080411,0.8,0.8,0.755,0.77,264940
MUR,20080411,0.11,0.11,0.11,0.11,1487033
MWE,20080411,0.155,0.17,0.145,0.15,4434283
MWG,20080411,1.21,1.21,1.21,1.21,36931
MWS,20080411,0.045,0.045,0.044,0.044,250000
MXI,20080411,0.64,0.65,0.63,0.65,303793
MXR,20080411,0.14,0.14,0.135,0.135,109665
MXX,20080411,0.94,0.95,0.9,0.9,537947
MYG,20080411,0.14,0.14,0.14,0.14,20000
MYO,20080411,1.48,1.48,1.4,1.45,13859736
NAB,20080411,29.27,29.48,28.53,29.01,5437367
NAL,20080411,0.017,0.018,0.016,0.016,1107830
NAM,20080411,0.39,0.39,0.385,0.385,20450
NAN,20080411,0.32,0.32,0.3,0.3,93000
NAV,20080411,0.44,0.44,0.435,0.435,47096
NBL,20080411,2.62,2.62,2.58,2.58,18600
NCK,20080411,1.17,1.17,1.17,1.17,8350
NCM,20080411,33.45,33.95,32.23,32.7,1749539
NDO,20080411,0.3,0.3,0.29,0.29,3714410
NEC,20080411,1.25,1.25,1.09,1.09,268463
NEM,20080411,4.97,5.02,4.95,4.99,26915
NEO,20080411,0.029,0.029,0.028,0.028,494865
NEU,20080411,0.1,0.11,0.1,0.105,15212
NFE,20080411,3.35,3.35,3.31,3.31,30425
NFK,20080411,1.5,1.5,1.45,1.45,13500
NFL,20080411,0.105,0.105,0.1,0.105,494500
NGE,20080411,0.115,0.115,0.1,0.105,413000
NGF,20080411,0.37,0.385,0.365,0.385,129584
NGM,20080411,0.11,0.11,0.11,0.11,250000
NGY,20080411,0.076,0.076,0.076,0.076,133334
NHC,20080411,3.14,3.19,3.14,3.19,104010
NHD,20080411,0.012,0.012,0.012,0.012,120000
NHF,20080411,0.92,0.93,0.92,0.925,81711
NHR,20080411,2,2,2,2,1954
NIP,20080411,0.32,0.32,0.32,0.32,16000
NKP,20080411,0.765,0.77,0.76,0.76,179896
NLG,20080411,0.03,0.038,0.03,0.03,333443
NLX,20080411,0.815,0.82,0.815,0.82,7225
NME,20080411,0.35,0.36,0.34,0.34,29182
NMI,20080411,0.15,0.15,0.15,0.15,35000
NMR,20080411,0.445,0.45,0.445,0.45,9500
NMS,20080411,0.695,0.71,0.685,0.695,331834
NOA,20080411,0.22,0.22,0.22,0.22,10000
NOD,20080411,1.81,1.88,1.81,1.85,34903
NQM,20080411,0.31,0.31,0.31,0.31,25267
NRT,20080411,1.24,1.27,1.15,1.27,13088
NRU,20080411,0.093,0.093,0.093,0.093,50000
NSL,20080411,0.025,0.027,0.024,0.024,2085100
NSP,20080411,0.085,0.085,0.085,0.085,2500
NSX,20080411,0.26,0.26,0.26,0.26,12000
NTC,20080411,0.068,0.068,0.068,0.068,100000
NTU,20080411,0.3,0.3,0.3,0.3,1470
NUF,20080411,16.65,16.8,16.41,16.75,287826
NVT,20080411,1.83,1.85,1.83,1.84,300516
NWE,20080411,0.16,0.17,0.16,0.17,198033
NWH,20080411,2.28,2.38,2.28,2.37,89896
NWR,20080411,0.15,0.15,0.145,0.145,50000
NWS,20080411,20.8,21,20.48,21,1392494
NWT,20080411,0.004,0.004,0.003,0.003,7184950
NXS,20080411,1.48,1.54,1.48,1.53,1697983
NZO,20080411,1.24,1.25,1.23,1.235,198450
OAK,20080411,1.19,1.19,1.15,1.15,11000
OBJ,20080411,0.022,0.022,0.022,0.022,460000
ODN,20080411,0.1,0.1,0.095,0.095,22114
ODY,20080411,0.2,0.2,0.2,0.2,25000
OEC,20080411,0.11,0.11,0.11,0.11,123000
OEL,20080411,0.33,0.335,0.325,0.335,1817366
OEX,20080411,1.325,1.33,1.29,1.29,206620
OFG,20080411,1.45,1.45,1.42,1.42,6050
OGC,20080411,2.32,2.37,2.25,2.3,785681
OIF,20080411,0.47,0.47,0.455,0.46,385384
OIL,20080411,0.255,0.255,0.255,0.255,20000
OIP,20080411,0.099,0.099,0.099,0.099,205000
OKN,20080411,3.2,3.31,3.15,3.31,61744
OLY,20080411,0.1,0.1,0.1,0.1,1144000
OMH,20080411,2.96,2.98,2.91,2.95,665610
OMI,20080411,0.36,0.36,0.36,0.36,1500
ONC,20080411,0.22,0.22,0.215,0.22,197700
ORC,20080411,0.02,0.02,0.02,0.02,300000
ORD,20080411,0.145,0.15,0.14,0.145,682000
ORE,20080411,0.17,0.17,0.17,0.17,120000
ORG,20080411,9.55,9.62,9.34,9.48,1228265
ORH,20080411,0.068,0.068,0.065,0.065,128000
ORI,20080411,29.73,29.95,29.48,29.75,1073691
ORP,20080411,0.057,0.057,0.052,0.052,19838
OSH,20080411,4.89,4.93,4.77,4.93,2490422
OST,20080411,6.41,6.66,6.35,6.4,3486046
OVR,20080411,0.52,0.55,0.52,0.55,8127
OXR,20080411,3.25,3.26,3.15,3.19,11219306
OZB,20080411,0.06,0.06,0.055,0.055,12000
PAG,20080411,1.53,1.55,1.52,1.53,225345
PAX,20080411,0.15,0.17,0.15,0.17,110000
PBA,20080411,0.86,0.89,0.86,0.89,3026
PBB,20080411,1.68,1.68,1.55,1.55,9542
PBD,20080411,0.84,0.845,0.825,0.825,47366
PBG,20080411,1.755,1.79,1.73,1.77,1252782
PBP,20080411,1.17,1.17,1.17,1.17,9000
PBT,20080411,0.46,0.46,0.43,0.45,113491
PCL,20080411,0.033,0.033,0.028,0.032,389500
PCP,20080411,0.037,0.037,0.037,0.037,50000
PDM,20080411,0.08,0.08,0.08,0.08,66500
PDN,20080411,4.84,4.84,4.56,4.6,5912612
PDO,20080411,0.265,0.265,0.265,0.265,333
PDZ,20080411,0.45,0.45,0.415,0.44,275999
PEH,20080411,0.4,0.44,0.4,0.44,21620
PEK,20080411,0.085,0.09,0.085,0.089,208133
PEM,20080411,1.065,1.09,1.05,1.05,966656
PEN,20080411,0.021,0.022,0.02,0.022,2446410
PEO,20080411,0.037,0.037,0.037,0.037,40000
PES,20080411,0.49,0.49,0.48,0.48,23754
PEV,20080411,0.07,0.07,0.07,0.07,57000
PFL,20080411,1.2,1.2,1.175,1.18,283949
PFM,20080411,0.16,0.16,0.16,0.16,900
PGA,20080411,3.6,3.61,3.6,3.6,8266
PGL,20080411,2.07,2.15,2.07,2.13,167906
PGM,20080411,0.71,0.71,0.68,0.68,112190
PHG,20080411,0.115,0.14,0.115,0.125,299970
PHK,20080411,0.17,0.17,0.17,0.17,117519
PHL,20080411,0.15,0.15,0.15,0.15,18973
PIE,20080411,0.016,0.016,0.014,0.016,509234
PIO,20080411,0.105,0.105,0.1,0.1,69680
PLA,20080411,2.3,2.3,2.21,2.21,462731
PLB,20080411,0.95,0.95,0.95,0.95,306000
PLD,20080411,0.066,0.066,0.065,0.066,123275
PLI,20080411,0.5,0.5,0.49,0.5,22560
PLT,20080411,0.145,0.165,0.145,0.16,337845
PMC,20080411,1.37,1.395,1.36,1.37,177425
PME,20080411,1.19,1.19,1.185,1.19,11616
PMH,20080411,0.26,0.3,0.26,0.28,52500
PMM,20080411,13.54,13.65,13.07,13.35,32562
PMP,20080411,1.32,1.355,1.3,1.31,909100
PMV,20080411,7.8,7.8,7.8,7.8,1000
PNA,20080411,1.065,1.085,1.06,1.08,7296306
PNN,20080411,0.75,0.76,0.7,0.75,44840
POH,20080411,0.18,0.18,0.18,0.18,7000
POL,20080411,0.52,0.53,0.5,0.5,184206
POS,20080411,0.67,0.7,0.635,0.65,195361
PPC,20080411,2.85,2.85,2.85,2.85,300
PPD,20080411,0.1,0.1,0.1,0.1,27547
PPG,20080411,0.37,0.39,0.37,0.39,68977
PPN,20080411,0.075,0.09,0.075,0.09,2600
PPP,20080411,0.245,0.255,0.24,0.255,732811
PPS,20080411,0.525,0.525,0.45,0.48,200500
PPT,20080411,57.08,58,56.55,57.5,71813
PPX,20080411,2.7,2.8,2.69,2.71,2181798
PPY,20080411,0.59,0.59,0.59,0.59,2000
PRC,20080411,1.06,1.06,1.05,1.06,82200
PRE,20080411,0.027,0.027,0.027,0.027,540467
PRG,20080411,5.04,5.09,5.04,5.06,335231
PRO,20080411,0.34,0.34,0.34,0.34,13235
PRR,20080411,0.013,0.013,0.012,0.013,797058
PRT,20080411,3.5,3.5,3.21,3.3,14548
PRU,20080411,1.07,1.095,1.065,1.075,51048
PRV,20080411,0.855,0.855,0.84,0.845,208174
PRW,20080411,0.25,0.25,0.225,0.225,104239
PRY,20080411,6.02,6.12,5.86,6.1,1322479
PRZ,20080411,0.2,0.2,0.2,0.2,100000
PSA,20080411,0.78,0.8,0.76,0.785,183497
PSD,20080411,0.073,0.077,0.073,0.077,2990810
PSH,20080411,1.57,1.57,1.55,1.555,59700
PSP,20080411,0.135,0.15,0.135,0.145,420000
PTB,20080411,0.8,0.8,0.8,0.8,2500
PTM,20080411,4.42,4.43,4.3,4.35,513217
PTN,20080411,0.57,0.6,0.57,0.57,579041
PTR,20080411,0.69,0.69,0.69,0.69,4500
PUN,20080411,0.051,0.051,0.051,0.051,20000
PWK,20080411,4.11,4.4,4.11,4.3,23620
PWR,20080411,0.17,0.17,0.17,0.17,866
PXS,20080411,2.3,2.34,2.25,2.33,338357
PYM,20080411,0.19,0.21,0.19,0.2,138250
QAN,20080411,3.72,3.82,3.71,3.8,9815036
QBE,20080411,23.71,23.89,23.15,23.39,4925466
QFX,20080411,0.07,0.075,0.07,0.075,148370
QGC,20080411,3.63,3.66,3.55,3.59,1024987
QHL,20080411,0.45,0.45,0.39,0.39,114800
QMT,20080411,3.35,3.35,3.35,3.35,1500
QOL,20080411,0.145,0.165,0.145,0.165,1313541
QRS,20080411,0.096,0.1,0.096,0.1,50336
QRX,20080411,1.02,1.02,1.02,1.02,12500
QTK,20080411,0.02,0.02,0.018,0.018,274569
QXQ,20080411,0.014,0.015,0.013,0.015,3874883
RAT,20080411,0.175,0.18,0.17,0.175,1202775
RAU,20080411,0.071,0.075,0.071,0.072,5226690
RBM,20080411,0.05,0.05,0.045,0.045,1055859
RBR,20080411,0.11,0.11,0.1,0.1,15225
RBX,20080411,0.15,0.15,0.15,0.15,92500
RBY,20080411,0.01,0.01,0.009,0.01,32417615
RCG,20080411,0.26,0.26,0.26,0.26,850000
RCH,20080411,0.04,0.041,0.039,0.039,10633412
RCI,20080411,0.145,0.16,0.135,0.16,691000
RCR,20080411,1.215,1.23,1.19,1.195,282753
RCY,20080411,0.57,0.57,0.535,0.54,506082
RDF,20080411,3.14,3.17,3.05,3.17,1030746
RDM,20080411,0.17,0.17,0.17,0.17,4000
RDR,20080411,0.765,0.77,0.765,0.77,31900
RDS,20080411,0.6,0.6,0.6,0.6,30000
REA,20080411,5.2,5.2,4.88,4.88,8125
RED,20080411,0.075,0.075,0.07,0.07,263500
REF,20080411,2.23,2.25,2.08,2.11,562588
REO,20080411,0.01,0.01,0.009,0.009,6840000
REU,20080411,0.17,0.185,0.17,0.175,1749969
REX,20080411,1.15,1.15,1.13,1.14,16590
REY,20080411,0.155,0.155,0.155,0.155,117000
RFE,20080411,0.415,0.44,0.405,0.42,356607
RFG,20080411,1.5,1.5,1.5,1.5,1500
RFL,20080411,0.15,0.15,0.15,0.15,10000
RHC,20080411,10.91,11.05,10.75,10.98,333556
RHD,20080411,0.485,0.485,0.485,0.485,5707
RHE,20080411,0.27,0.27,0.265,0.265,511500
RHG,20080411,0.12,0.12,0.115,0.115,489575
RHI,20080411,5.95,5.95,5.9,5.9,8000
RHL,20080411,4.15,4.15,4.1,4.1,1257
RIC,20080411,1.01,1.025,1,1,304915
RIM,20080411,0.028,0.031,0.028,0.031,107415
RIO,20080411,136.77,139.29,135.92,138.6,1069015
RIV,20080411,8.18,8.2,7.63,7.85,472623
RJT,20080411,0.16,0.165,0.155,0.16,1774670
RKN,20080411,1.295,1.295,1.285,1.285,8050
RLA,20080411,0.041,0.042,0.04,0.042,150000
RMC,20080411,0.38,0.38,0.38,0.38,80000
RMD,20080411,4.6,4.62,4.53,4.61,1698374
RMG,20080411,0.013,0.016,0.013,0.016,655214
RMI,20080411,0.034,0.034,0.033,0.033,865153
RML,20080411,0.28,0.285,0.27,0.27,321200
RMP,20080411,0.14,0.14,0.14,0.14,5000
RMS,20080411,1.02,1.035,1.01,1.01,75124
RMT,20080411,0.32,0.33,0.32,0.33,17878
RNC,20080411,0.062,0.062,0.057,0.057,155000
RND,20080411,0.62,0.62,0.62,0.62,10000
RNG,20080411,0.02,0.021,0.018,0.018,383168
RNY,20080411,0.335,0.34,0.32,0.34,115777
ROC,20080411,1.91,1.92,1.87,1.88,770737
ROG,20080411,0.03,0.034,0.03,0.034,100000
ROK,20080411,3.5,3.95,3.5,3.95,2650
ROL,20080411,0.18,0.18,0.18,0.18,15000
ROY,20080411,0.21,0.22,0.205,0.22,192900
RPG,20080411,0.96,0.96,0.94,0.94,2000
RPM,20080411,0.084,0.085,0.083,0.085,423829
RPX,20080411,1.23,1.23,1.23,1.23,268840
RRA,20080411,0.65,0.65,0.645,0.645,11300
RRL,20080411,0.35,0.35,0.34,0.34,50555
RRS,20080411,0.28,0.28,0.27,0.27,447450
RRT,20080411,0.165,0.19,0.165,0.185,378168
RSG,20080411,2.12,2.26,2.12,2.25,23656
RSL,20080411,0.015,0.015,0.014,0.015,3024889
RSN,20080411,0.022,0.023,0.02,0.023,1469803
RUB,20080411,0.37,0.39,0.37,0.39,27343
RUM,20080411,0.115,0.12,0.115,0.12,227444
RVM,20080411,0.115,0.115,0.115,0.115,112500
RWD,20080411,1.45,1.47,1.415,1.47,151843
RXL,20080411,0.06,0.06,0.06,0.06,5260
RXM,20080411,0.24,0.24,0.24,0.24,515
SAE,20080411,0.32,0.325,0.32,0.32,351159
SAI,20080411,2.95,2.95,2.8,2.93,108223
SAR,20080411,0.25,0.25,0.245,0.245,126046
SAU,20080411,0.19,0.285,0.19,0.265,4384112
SAV,20080411,1.595,1.61,1.595,1.6,65500
SBI,20080411,0.082,0.082,0.082,0.082,80000
SBL,20080411,0.025,0.025,0.024,0.025,1058000
SBM,20080411,0.815,0.82,0.795,0.82,9651022
SBN,20080411,0.024,0.03,0.024,0.028,1931222
SBS,20080411,0.046,0.046,0.045,0.045,550000
SCB,20080411,0.68,0.7,0.68,0.7,4000
SCE,20080411,0.015,0.015,0.015,0.015,100000
SDG,20080411,3.05,3.08,2.83,2.88,517692
SDI,20080411,0.25,0.26,0.25,0.26,27607
SDL,20080411,0.26,0.265,0.245,0.25,8574533
SDM,20080411,2.3,2.35,2.3,2.3,11746
SEA,20080411,0.315,0.32,0.31,0.31,355844
SEK,20080411,5.67,5.82,5.52,5.64,756200
SEN,20080411,0.056,0.058,0.056,0.057,78500
SEV,20080411,9.42,9.66,9.42,9.46,497912
SEY,20080411,0.17,0.17,0.17,0.17,18500
SFH,20080411,1.14,1.15,1.08,1.13,212825
SFP,20080411,0.16,0.16,0.15,0.15,89430
SFR,20080411,0.34,0.34,0.34,0.34,51800
SFY,20080411,52,52,52,52,197
SGB,20080411,24.85,25.35,24.42,24.5,2229807
SGH,20080411,1.45,1.45,1.3,1.4,21420
SGL,20080411,0.24,0.24,0.24,0.24,346923
SGM,20080411,33.27,33.47,32.13,32.71,683240
SGN,20080411,2.18,2.2,2.12,2.16,407003
SGP,20080411,6.64,6.68,6.43,6.6,4764154
SGT,20080411,3.06,3.11,3.04,3.11,424283
SGX,20080411,6.68,6.77,6.5,6.5,573591
SGY,20080411,0.115,0.115,0.115,0.115,17100
SGZ,20080411,0.17,0.17,0.17,0.17,117647
SHE,20080411,0.275,0.3,0.275,0.3,32500
SHG,20080411,1.32,1.35,1.31,1.35,98252
SHL,20080411,14.83,14.98,14.62,14.74,839743
SHV,20080411,6.33,6.35,6.29,6.29,10432
SHX,20080411,0.085,0.085,0.085,0.085,12000
SIM,20080411,0.37,0.395,0.37,0.395,68808
SIP,20080411,1.11,1.135,1.11,1.135,1555885
SKC,20080411,3.32,3.44,3.26,3.37,290434
SKE,20080411,3.47,3.47,3.41,3.47,8350
SKI,20080411,1.67,1.695,1.65,1.68,1040000
SLA,20080411,0.475,0.475,0.38,0.395,628241
SLF,20080411,15.5,15.63,15.5,15.63,14155
SLM,20080411,3.07,3.18,3.06,3.18,47788
SLR,20080411,0.325,0.33,0.325,0.33,34800
SLV,20080411,2.5,2.5,2.44,2.49,32884
SLX,20080411,6,6,5.75,5.75,83803
SMD,20080411,0.21,0.21,0.205,0.205,150000
SML,20080411,0.028,0.028,0.026,0.028,2073214
SMM,20080411,1.88,1.935,1.8,1.82,32673
SMN,20080411,0.12,0.12,0.12,0.12,140000
SMX,20080411,4.95,4.95,4.81,4.95,36023
SMY,20080411,5.05,5.13,4.83,4.83,583824
SND,20080411,0.63,0.63,0.62,0.63,33301
SNU,20080411,0.13,0.13,0.13,0.13,54305
SNV,20080411,0.1,0.1,0.1,0.1,75000
SOE,20080411,0.195,0.195,0.19,0.195,385762
SOI,20080411,0.55,0.59,0.55,0.59,23736
SOL,20080411,9.2,9.2,9.01,9.06,11430
SOO,20080411,0.075,0.075,0.075,0.075,50000
SOT,20080411,0.39,0.4,0.345,0.4,770221
SPH,20080411,2.19,2.2,2.18,2.18,333822
SPI,20080411,0.175,0.175,0.175,0.175,37500
SPL,20080411,0.3,0.33,0.28,0.28,29640
SPN,20080411,1.26,1.28,1.23,1.28,994199
SPT,20080411,3.23,3.33,3.23,3.31,329616
SRI,20080411,0.078,0.078,0.074,0.074,358912
SRK,20080411,2.27,2.29,2.07,2.1,1285219
SRL,20080411,6.02,6.16,5.82,6,483195
SRM,20080411,0.1,0.1,0.1,0.1,51639
SRV,20080411,4.6,4.6,4.55,4.6,8719
SRX,20080411,3.12,3.25,3.12,3.25,7928
SRZ,20080411,0.14,0.15,0.135,0.14,279100
SSC,20080411,0.016,0.016,0.016,0.016,100000
SSI,20080411,0.78,0.78,0.78,0.78,17000
SSM,20080411,1.47,1.48,1.39,1.42,130310
SSN,20080411,0.15,0.15,0.145,0.145,52998
STB,20080411,0.195,0.195,0.18,0.195,206000
STG,20080411,0.37,0.38,0.35,0.38,37832
STI,20080411,0.06,0.07,0.06,0.07,215000
STO,20080411,15,15.07,14.71,14.96,1807352
STS,20080411,2.7,2.7,2.66,2.66,10000
STU,20080411,1.05,1.05,1.03,1.05,52598
STW,20080411,53.09,53.21,52.59,53.01,171605
STX,20080411,0.23,0.235,0.23,0.235,39000
SUL,20080411,2.72,2.85,2.67,2.77,166009
SUN,20080411,13.05,13.18,12.75,13.05,3683785
SUR,20080411,0.072,0.072,0.07,0.07,244575
SWK,20080411,1.23,1.275,1.23,1.255,11439
SWN,20080411,0.25,0.25,0.25,0.25,2966
SXE,20080411,1.26,1.3,1.26,1.3,42500
SXG,20080411,0.25,0.25,0.25,0.25,29372
SXP,20080411,0.24,0.26,0.235,0.26,605367
SYG,20080411,0.017,0.017,0.017,0.017,15885
SYM,20080411,0.51,0.51,0.51,0.51,7274
SYN,20080411,0.255,0.255,0.255,0.255,1000
SYR,20080411,0.078,0.08,0.078,0.08,615000
TAG,20080411,0.27,0.27,0.27,0.27,58000
TAH,20080411,11.6,11.9,11.1,11.31,26379802
TAL,20080411,2.28,2.3,2.22,2.29,202199
TAM,20080411,0.099,0.105,0.099,0.1,4201071
TAN,20080411,0.28,0.28,0.28,0.28,10000
TAP,20080411,1.605,1.615,1.545,1.565,531427
TAS,20080411,0.096,0.096,0.096,0.096,4235
TAW,20080411,0.066,0.066,0.066,0.066,52917
TBG,20080411,1.63,1.63,1.63,1.63,13731
TCL,20080411,6.26,6.28,6.21,6.21,4069128
TCM,20080411,0.295,0.3,0.295,0.3,19060
TCQ,20080411,1.15,1.165,1.12,1.125,387982
TDO,20080411,0.59,0.61,0.58,0.59,206362
TEL,20080411,3.14,3.15,3.04,3.1,9914613
TEN,20080411,2.17,2.17,2.14,2.16,1215138
TEU,20080411,0.1,0.1,0.1,0.1,26315
TEX,20080411,0.115,0.115,0.11,0.115,189135
TEY,20080411,0.33,0.355,0.325,0.355,35452
TFC,20080411,1.005,1.015,0.99,1,209243
TGF,20080411,0.36,0.36,0.36,0.36,21112
TGG,20080411,1,1.035,1,1.035,25000
TGP,20080411,1.15,1.15,1.09,1.095,155944
TGR,20080411,2.61,2.62,2.5,2.55,139911
TGS,20080411,0.48,0.49,0.455,0.455,294619
TGX,20080411,0.098,0.098,0.097,0.097,27000
THG,20080411,0.865,0.87,0.855,0.87,232764
THO,20080411,0.85,0.85,0.83,0.83,9592
THR,20080411,0.099,0.099,0.098,0.099,65000
THX,20080411,0.33,0.345,0.33,0.345,120972
TIM,20080411,1.21,1.215,1.155,1.16,414860
TIS,20080411,0.19,0.19,0.19,0.19,10584
TJN,20080411,0.78,0.78,0.76,0.76,317005
TKG,20080411,0.3,0.3,0.3,0.3,17977
TLM,20080411,0.675,0.675,0.6,0.6,104144
TLS,20080411,4.42,4.47,4.4,4.47,33286870
TMR,20080411,0.125,0.125,0.12,0.125,2426389
TMX,20080411,0.08,0.08,0.08,0.08,50000
TNC,20080411,0.023,0.023,0.021,0.021,371000
TNE,20080411,0.835,0.835,0.785,0.83,27335
TNG,20080411,0.165,0.165,0.14,0.14,3072427
TNL,20080411,0.3,0.305,0.3,0.3,1073746
TOE,20080411,0.21,0.21,0.205,0.205,115228
TOL,20080411,9.67,9.67,9.35,9.48,4062792
TOX,20080411,1.935,1.935,1.9,1.9,17870
TPI,20080411,9.45,9.5,9.3,9.4,999055
TRF,20080411,0.55,0.55,0.5,0.5,18700
TRG,20080411,11.35,11.5,11.35,11.5,16855
TRS,20080411,10.53,10.53,10.27,10.37,19070
TRU,20080411,9.6,9.65,9.6,9.65,4000
TRY,20080411,2.57,2.7,2.56,2.7,50245
TSE,20080411,12.03,12.35,12.03,12.2,825452
TSI,20080411,1.68,1.69,1.59,1.65,147140
TSM,20080411,1.32,1.32,1.32,1.32,250000
TSO,20080411,1.37,1.385,1.3,1.35,2896121
TSV,20080411,0.018,0.019,0.018,0.018,1550000
TTI,20080411,0.1,0.1,0.1,0.1,23957
TTR,20080411,0.058,0.072,0.058,0.07,185000
TTS,20080411,2.74,2.74,2.49,2.68,74815222
TTV,20080411,0.085,0.09,0.085,0.09,329490
TTY,20080411,0.955,0.955,0.93,0.93,342338
TUC,20080411,0.095,0.095,0.09,0.091,56290
TVN,20080411,0.017,0.017,0.017,0.017,500000
TWD,20080411,2.65,2.65,2.65,2.65,12000
TWO,20080411,1.855,1.86,1.8,1.8,3400
TWR,20080411,1.69,1.735,1.69,1.725,660989
TWT,20080411,0.23,0.23,0.23,0.23,6323
TXN,20080411,0.64,0.64,0.62,0.62,37600
TZL,20080411,3.65,3.65,3.18,3.4,77781
TZN,20080411,3.05,3.09,3,3.05,31470
UBI,20080411,0.87,0.87,0.87,0.87,2844
UCW,20080411,0.56,0.6,0.53,0.53,59278
UEQ,20080411,0.135,0.135,0.135,0.135,4000
UGL,20080411,12.54,12.99,12.53,12.99,494617
UMC,20080411,1.05,1.1,1.04,1.1,1690477
UMS,20080411,0.905,0.905,0.88,0.88,40609
UNI,20080411,0.265,0.275,0.25,0.27,412535
UNO,20080411,0.15,0.155,0.15,0.155,158226
UNX,20080411,0.48,0.48,0.4,0.405,459999
URA,20080411,0.28,0.285,0.265,0.265,160000
URL,20080411,0.062,0.062,0.062,0.062,300000
URM,20080411,0.09,0.09,0.09,0.09,100000
USA,20080411,0.135,0.15,0.125,0.15,183100
UTO,20080411,0.185,0.185,0.185,0.185,2710
UXC,20080411,1.215,1.245,1.2,1.23,220030
VBA,20080411,1.12,1.125,1.1,1.11,361159
VCR,20080411,0.325,0.335,0.32,0.325,570056
VEC,20080411,0.15,0.15,0.15,0.15,6700
VGH,20080411,2.06,2.1,2.02,2.08,68517
VHL,20080411,0.042,0.043,0.042,0.042,103125
VIL,20080411,0.031,0.031,0.015,0.03,1599121
VIR,20080411,0.65,0.68,0.65,0.66,170707
VLA,20080411,0.065,0.065,0.06,0.06,119500
VMG,20080411,1.59,1.6,1.54,1.55,249100
VML,20080411,0.5,0.5,0.46,0.46,127583
VMS,20080411,0.31,0.32,0.31,0.32,86945
VMT,20080411,0.093,0.093,0.093,0.093,24587
VPE,20080411,0.145,0.15,0.145,0.145,91328
VPG,20080411,0.805,0.805,0.77,0.78,3863544
VRL,20080411,2.55,2.6,2.55,2.55,3000
VTP,20080411,1.07,1.07,1.01,1.02,192598
WAB,20080411,0.425,0.425,0.425,0.425,100000
WAM,20080411,1.315,1.315,1.3,1.31,108635
WAN,20080411,11.01,11.46,11.01,11.35,539451
WAT,20080411,0.75,0.75,0.75,0.75,15000
WBA,20080411,1.24,1.25,1.24,1.25,39590
WBB,20080411,9.8,9.9,9.66,9.71,11483
WBC,20080411,22.82,23.2,22.38,22.55,7040522
WCB,20080411,4.4,4.4,4.38,4.38,4758
WCN,20080411,0.087,0.087,0.087,0.087,40000
WCU,20080411,0.18,0.18,0.17,0.17,143000
WDC,20080411,17.62,17.94,17.47,17.8,3346522
WDR,20080411,0.13,0.13,0.115,0.13,35583
WDS,20080411,2.4,2.4,2.4,2.4,112698
WEB,20080411,1.63,1.66,1.63,1.66,68465
WEC,20080411,2.58,2.7,2.58,2.7,102755
WES,20080411,37.7,37.95,37.13,37.84,2371415
WEZ,20080411,0.05,0.052,0.05,0.05,577100
WFL,20080411,1.37,1.37,1.35,1.35,54386
WGR,20080411,0.205,0.235,0.2,0.205,300015
WHC,20080411,3.2,3.2,2.96,2.97,1070757
WHE,20080411,0.62,0.62,0.62,0.62,52800
WHF,20080411,3.8,3.8,3.7,3.7,39718
WHG,20080411,1.51,1.58,1.51,1.575,17545
WIG,20080411,1.815,1.815,1.815,1.815,2500
WIL,20080411,0.855,0.855,0.84,0.85,242018
WKR,20080411,0.1,0.12,0.1,0.1,131000
WLF,20080411,1.06,1.12,1.06,1.12,3100
WLL,20080411,2.13,2.13,2,2,362520
WME,20080411,0.21,0.21,0.205,0.205,216319
WMT,20080411,0.089,0.092,0.082,0.083,20526399
WOR,20080411,36.58,37.49,36.05,36.5,614298
WOW,20080411,30.54,30.9,30,30.4,4612691
WPG,20080411,0.9,0.92,0.9,0.9,56251
WPL,20080411,56,56.33,55.12,55.68,1383239
WRK,20080411,0.33,0.335,0.3,0.32,209000
WSA,20080411,7.28,7.35,7.2,7.29,541278
WTF,20080411,4.28,4.39,4.2,4.2,536543
WTP,20080411,2.81,2.81,2.7,2.7,35301
WVL,20080411,1.96,1.99,1.96,1.965,38174
WWA,20080411,2.3,2.35,2.27,2.29,15800
WWI,20080411,0.25,0.25,0.25,0.25,49700
WWM,20080411,0.069,0.07,0.069,0.07,183500
WYL,20080411,1.925,2.02,1.925,1.985,47174
XAF,20080411,5294.3,5294.3,5294.3,5294.3,0
XAO,20080411,5511.6,5522.1,5457.8,5505.2,0
XAT,20080411,544120,544120,544120,544120,0
XCD,20080411,0.08,0.08,0.08,0.08,0
XDJ,20080411,2108.5,2114,1978.7,2005.1,0
XEJ,20080411,15341.3,15351,15087.7,15192,0
XFJ,20080411,5070.9,5140.5,5034.2,5094.2,0
XFL,20080411,5291.5,5315.8,5245.1,5301.3,0
XGD,20080411,5775.8,5775.8,5775.8,5775.8,0
XHJ,20080411,8928.1,9037.6,8886.5,8941.1,0
XIJ,20080411,510,510,501.8,507,0
XJO,20080411,5442.2,5456.3,5386.1,5439.3,0
XKO,20080411,5442.1,5455.8,5386.8,5438.9,0
XMD,20080411,5538.3,5549.1,5429,5475.1,0
XMJ,20080411,15242.4,15312.9,15085.6,15267,0
XMM,20080411,5334,5334,5334,5334,0
XNJ,20080411,5385.9,5399.8,5334.4,5367.1,0
XPJ,20080411,1669.7,1675.9,1644.5,1663.6,0
XRF,20080411,0.06,0.06,0.06,0.06,0
XSJ,20080411,8012.4,8077.5,7962.2,8021.5,0
XSO,20080411,3218.2,3219.8,3188.7,3201.3,0
XST,20080411,0.08,0.08,0.08,0.08,85000
XTJ,20080411,1528.4,1545.5,1522.8,1545.5,0
XTL,20080411,3022.4,3047,3006.4,3042.4,0
XTO,20080411,4399.7,4412.3,4354.3,4399.7,0
XUJ,20080411,5690.1,5691.8,5599.6,5682.5,0
XXJ,20080411,5282.6,5380.1,5255.6,5318.7,0
YRR,20080411,0.095,0.095,0.09,0.09,200000
YTC,20080411,0.85,0.85,0.8,0.8,21172
ZFX,20080411,9.75,9.9,9.55,9.68,3178794
ZGL,20080411,0.25,0.26,0.235,0.25,1139965
ZGM,20080411,0.091,0.091,0.09,0.09,573599
ZIM,20080411,15.7,15.7,15,15,16100
ZNC,20080411,0.1,0.1,0.09,0.09,98328
ZRL,20080411,0.17,0.17,0.17,0.17,15000
ZYL,20080411,0.075,0.075,0.075,0.075,113333
