AAC,20090212,1.52,1.52,1.37,1.37,433974
AAH,20090212,0.79,0.805,0.78,0.8,114835
AAM,20090212,0.14,0.14,0.14,0.14,150000
AAR,20090212,0.025,0.025,0.024,0.024,55000
AAU,20090212,0.23,0.235,0.23,0.235,48000
AAX,20090212,2.1,2.27,2.1,2.22,1392279
ABB,20090212,6.44,6.71,6.37,6.68,183103
ABC,20090212,1.63,1.7,1.63,1.69,1082162
ABJ,20090212,0.015,0.015,0.013,0.014,745850
ABP,20090212,0.255,0.26,0.245,0.255,1674141
ABU,20090212,0.015,0.015,0.015,0.015,40000
ABW,20090212,5.93,5.93,5.93,5.93,500
ABY,20090212,0.155,0.155,0.145,0.155,358735
ACE,20090212,0.055,0.055,0.055,0.055,325691
ACL,20090212,0.145,0.145,0.14,0.14,120035
ACR,20090212,0.45,0.45,0.45,0.45,32518
ACS,20090212,0.075,0.075,0.075,0.075,3164
ACU,20090212,0.025,0.025,0.025,0.025,181949
ACZ,20090212,0.15,0.15,0.15,0.15,33879
ADE,20090212,0.038,0.04,0.037,0.038,159552
ADI,20090212,0.06,0.06,0.06,0.06,40000
ADL,20090212,0.009,0.012,0.009,0.012,78220
ADU,20090212,0.25,0.26,0.25,0.26,120000
ADY,20090212,0.032,0.033,0.029,0.029,19881730
AEC,20090212,1.49,1.5,1.49,1.5,31034
AED,20090212,0.85,0.895,0.84,0.88,310420
AEO,20090212,1.11,1.11,1.045,1.055,123437
AEP,20090212,1.97,2,1.97,1.98,91300
AEU,20090212,0.31,0.31,0.29,0.29,127368
AEX,20090212,0.005,0.006,0.005,0.005,2735000
AEZ,20090212,0.048,0.048,0.045,0.046,920844
AFI,20090212,3.87,3.93,3.87,3.93,234279
AGF,20090212,0.84,0.85,0.83,0.84,237735
AGG,20090212,9.01,9.15,9.01,9.15,95099
AGK,20090212,14.2,14.48,14.09,14.37,899100
AGO,20090212,1.14,1.21,1.14,1.19,3733583
AGS,20090212,0.41,0.435,0.41,0.42,31689
AHD,20090212,4.4,4.4,4.3,4.3,141325
AHE,20090212,0.57,0.59,0.57,0.59,28100
AIA,20090212,1.575,1.575,1.575,1.575,6296
AIE,20090212,0.04,0.04,0.04,0.04,120000
AIO,20090212,0.74,0.74,0.67,0.695,9214790
AIQ,20090212,0.97,0.975,0.965,0.975,11200
AIX,20090212,1.67,1.785,1.66,1.745,376447
AIZ,20090212,0.76,0.78,0.75,0.78,3920
AJL,20090212,3.7,3.75,3.6,3.61,81928
AKK,20090212,0.037,0.037,0.037,0.037,50000
ALB,20090212,0.091,0.095,0.088,0.088,737050
ALD,20090212,0.39,0.43,0.39,0.405,1187387
ALF,20090212,0.63,0.65,0.625,0.65,75797
ALK,20090212,0.165,0.175,0.165,0.175,239264
ALL,20090212,3.8,3.85,3.64,3.8,1477343
ALR,20090212,1.05,1.05,1.04,1.04,11912
ALS,20090212,1.05,1.105,1.03,1.04,1108573
ALT,20090212,0.055,0.055,0.055,0.055,16500
ALY,20090212,0.055,0.06,0.055,0.06,60000
ALZ,20090212,0.25,0.265,0.24,0.24,1498737
AMA,20090212,0.03,0.03,0.029,0.03,715000
AMC,20090212,5.08,5.31,5.02,5.3,4295686
AMM,20090212,0.105,0.105,0.105,0.105,316800
AMP,20090212,5,5.18,4.97,5.1,5216299
AMU,20090212,0.285,0.285,0.28,0.28,80000
AND,20090212,1.3,1.34,1.29,1.34,1058428
ANG,20090212,0.88,0.88,0.865,0.865,30600
ANH,20090212,0.06,0.06,0.059,0.059,25000
ANM,20090212,0.016,0.016,0.016,0.016,7225
ANN,20090212,9.25,9.25,8.51,8.8,2020953
ANP,20090212,0.04,0.04,0.036,0.04,322000
ANQ,20090212,0.11,0.12,0.11,0.12,54000
ANZ,20090212,12.2,12.32,11.83,11.89,12106712
AOD,20090212,1.15,1.165,1.15,1.165,122181
AOE,20090212,2.55,2.63,2.39,2.53,7372966
AOK,20090212,0.07,0.07,0.07,0.07,174500
AOS,20090212,0.006,0.006,0.006,0.006,1700000
APA,20090212,2.9,3.15,2.9,3.02,571223
APD,20090212,0.19,0.19,0.19,0.19,59700
APG,20090212,0.037,0.04,0.037,0.037,1278140
API,20090212,0.505,0.505,0.5,0.505,42500
APK,20090212,0.145,0.145,0.145,0.145,5000
APN,20090212,1.395,1.55,1.395,1.53,742654
APZ,20090212,0.3,0.3,0.295,0.3,757640
AQA,20090212,2.22,2.33,2.22,2.33,101025
AQD,20090212,0.105,0.11,0.105,0.11,84194
AQP,20090212,4.14,4.35,4.1,4.28,542368
ARA,20090212,0.22,0.22,0.205,0.205,50000
ARE,20090212,0.09,0.095,0.089,0.09,377853
ARG,20090212,5.3,5.3,5.16,5.16,102136
ARH,20090212,0.39,0.42,0.39,0.395,18692
ARJ,20090212,0.74,0.74,0.74,0.74,650
ARP,20090212,2.9,2.95,2.9,2.95,9940
ARR,20090212,0.023,0.023,0.023,0.023,14000
ARU,20090212,0.3,0.3,0.285,0.3,72466
ARV,20090212,0.037,0.037,0.037,0.037,5000
ARW,20090212,0.009,0.009,0.009,0.009,4286
ARX,20090212,0.019,0.019,0.015,0.016,293600
ASB,20090212,1.79,1.815,1.79,1.79,10608
ASL,20090212,0.85,0.855,0.835,0.835,133579
ASX,20090212,26.43,27.25,26.38,27,842818
ATI,20090212,0.009,0.009,0.006,0.006,1459950
ATR,20090212,1.48,1.65,1.48,1.65,19287
ATV,20090212,0.06,0.06,0.06,0.06,340000
AUB,20090212,3.64,3.64,3.64,3.64,250
AUI,20090212,5,5,4.95,4.95,3125
AUK,20090212,0.02,0.02,0.02,0.02,50000
AUN,20090212,0.775,0.825,0.775,0.825,1310303
AUW,20090212,0.8,0.84,0.8,0.81,3735416
AVA,20090212,0.08,0.08,0.08,0.08,597159
AVE,20090212,0.9,0.9,0.9,0.9,29285
AVG,20090212,0.34,0.345,0.31,0.335,17447
AVH,20090212,0.1,0.1,0.1,0.1,15000
AVJ,20090212,0.295,0.32,0.295,0.32,26200
AVM,20090212,1.91,1.91,1.85,1.86,10700
AVO,20090212,1.815,1.89,1.8,1.83,1067079
AVS,20090212,0.015,0.015,0.013,0.013,205000
AVX,20090212,0.071,0.079,0.071,0.077,328484
AWB,20090212,1.485,1.55,1.36,1.37,2371891
AWC,20090212,1.22,1.28,1.2,1.265,8045581
AWE,20090212,2.52,2.56,2.48,2.52,651287
AXA,20090212,4.1,4.2,4.03,4.14,1892556
AXE,20090212,0.055,0.055,0.055,0.055,55000
AXI,20090212,0.04,0.04,0.04,0.04,75710
AXM,20090212,0.28,0.3,0.28,0.285,1488889
AXO,20090212,0.125,0.125,0.125,0.125,40000
AXY,20090212,0.035,0.035,0.035,0.035,30000
AYT,20090212,1.18,1.18,1.14,1.18,103000
AZC,20090212,0.035,0.035,0.034,0.034,317901
AZD,20090212,0.006,0.006,0.004,0.005,3266645
AZM,20090212,0.068,0.068,0.066,0.066,22000
AZS,20090212,0.05,0.053,0.05,0.053,81000
AZZ,20090212,0.055,0.055,0.051,0.051,25000
BAR,20090212,0.056,0.056,0.055,0.055,29525
BAU,20090212,0.24,0.245,0.24,0.245,69046
BBG,20090212,7.08,7.4,7.06,7.35,1990512
BBI,20090212,0.079,0.082,0.075,0.075,7657884
BBP,20090212,0.06,0.063,0.058,0.058,2577591
BBW,20090212,0.855,0.915,0.855,0.905,446645
BCC,20090212,0.04,0.04,0.036,0.036,68907
BCD,20090212,0.135,0.16,0.135,0.155,2225935
BCI,20090212,0.39,0.39,0.37,0.38,22500
BCM,20090212,1.18,1.32,1.16,1.285,7213285
BCN,20090212,0.015,0.015,0.015,0.015,250000
BDG,20090212,0.185,0.19,0.18,0.185,1867822
BDL,20090212,0.04,0.04,0.04,0.04,95000
BEC,20090212,0.09,0.1,0.087,0.09,720206
BEN,20090212,9.31,9.54,9.15,9.3,586447
BFE,20090212,0.032,0.032,0.032,0.032,70000
BFG,20090212,0.39,0.4,0.39,0.395,160000
BGD,20090212,0.037,0.042,0.037,0.042,4655000
BHP,20090212,32.57,33.35,32.4,32.47,15484845
BIS,20090212,0.21,0.21,0.205,0.205,27800
BIT,20090212,0.12,0.12,0.12,0.12,200000
BJT,20090212,0.24,0.295,0.24,0.265,4548227
BKI,20090212,0.94,0.95,0.925,0.93,132600
BKL,20090212,12.44,12.44,12.1,12.39,1485
BKN,20090212,1.865,1.92,1.485,1.54,5380017
BKW,20090212,10.25,10.45,10.15,10.45,4486
BKY,20090212,0.36,0.41,0.36,0.4,788166
BLD,20090212,3.06,3.07,3,3.06,5485444
BLG,20090212,0.235,0.235,0.23,0.235,40050
BLR,20090212,0.036,0.036,0.033,0.033,780000
BLU,20090212,0.02,0.02,0.02,0.02,100000
BLY,20090212,0.165,0.17,0.155,0.16,16916555
BML,20090212,0.027,0.029,0.027,0.029,328410
BMN,20090212,0.79,0.85,0.68,0.68,781863
BMY,20090212,0.04,0.04,0.04,0.04,200000
BNO,20090212,0.2,0.205,0.2,0.205,180500
BOC,20090212,0.685,0.725,0.685,0.725,2900
BOL,20090212,0.53,0.53,0.52,0.525,46039
BOM,20090212,0.041,0.041,0.04,0.04,100000
BOQ,20090212,6.99,7.1,6.88,6.94,266896
BOS,20090212,0.007,0.007,0.007,0.007,150000
BOW,20090212,0.38,0.4,0.365,0.375,1167594
BPO,20090212,0.014,0.014,0.013,0.013,510884
BPT,20090212,0.81,0.84,0.78,0.79,28213053
BRC,20090212,0.225,0.225,0.225,0.225,5000
BRM,20090212,1,1.04,0.99,1.035,825819
BRO,20090212,0.004,0.006,0.004,0.006,355100
BRU,20090212,0.18,0.19,0.18,0.19,199378
BSA,20090212,0.15,0.15,0.15,0.15,1050
BSI,20090212,0.025,0.025,0.025,0.025,200000
BSL,20090212,3.42,3.43,3.3,3.3,3582446
BSM,20090212,0.105,0.105,0.105,0.105,50000
BTA,20090212,0.47,0.47,0.455,0.455,305409
BTC,20090212,0.1,0.1,0.1,0.1,5000
BTR,20090212,0.085,0.09,0.085,0.09,10000
BTT,20090212,1.75,1.81,1.75,1.81,23419
BTV,20090212,0.078,0.078,0.078,0.078,40000
BUL,20090212,0.17,0.17,0.15,0.15,573060
BVA,20090212,0.18,0.18,0.18,0.18,20799
BWN,20090212,0.053,0.053,0.053,0.053,2500
BWP,20090212,1.56,1.62,1.555,1.565,520567
BXB,20090212,6.33,6.54,6.23,6.4,2962092
BYL,20090212,0.12,0.12,0.12,0.12,4500
BYR,20090212,0.016,0.016,0.015,0.015,108000
CAB,20090212,5.22,5.64,5.16,5.43,193946
CAF,20090212,0.175,0.175,0.175,0.175,5146
CAG,20090212,0.004,0.004,0.004,0.004,325000
CAH,20090212,0.045,0.05,0.045,0.049,953209
CAZ,20090212,0.175,0.175,0.175,0.175,3314
CBA,20090212,30.15,31.19,30.13,30.95,6237263
CBB,20090212,0.24,0.24,0.24,0.24,2986300
CBD,20090212,0.05,0.055,0.05,0.05,60000
CBH,20090212,0.04,0.04,0.039,0.039,197371
CBX,20090212,0.42,0.42,0.4,0.4,16000
CCL,20090212,8.56,8.85,8.51,8.51,4873308
CCP,20090212,0.455,0.455,0.45,0.45,10000
CCQ,20090212,0.36,0.36,0.36,0.36,10000
CCV,20090212,0.305,0.305,0.3,0.3,35200
CCY,20090212,0.023,0.024,0.023,0.024,2485187
CDD,20090212,3.04,3.1,3.04,3.07,65387
CDF,20090212,0.91,0.915,0.91,0.915,37507
CDI,20090212,0.4,0.4,0.4,0.4,17250
CDM,20090212,0.48,0.48,0.45,0.45,345500
CDU,20090212,1.9,1.95,1.9,1.95,3000
CEG,20090212,0.16,0.16,0.16,0.16,5833
CER,20090212,0.055,0.058,0.055,0.058,2961242
CEU,20090212,0.44,0.45,0.44,0.445,1795998
CEY,20090212,2.56,2.66,2.54,2.54,767289
CFE,20090212,0.27,0.275,0.27,0.275,388490
CFR,20090212,0.004,0.004,0.004,0.004,1314990
CFU,20090212,0.051,0.051,0.049,0.05,3562126
CFX,20090212,1.71,1.835,1.705,1.79,8083872
CGF,20090212,1.03,1.075,0.995,1.01,2046372
CGG,20090212,0.135,0.135,0.125,0.13,681950
CGO,20090212,0.29,0.29,0.29,0.29,70360
CGT,20090212,0.038,0.038,0.038,0.038,131578
CGX,20090212,1.8,1.92,1.8,1.92,4592
CHB,20090212,19.05,21,18.05,18.07,1374
CHC,20090212,0.2,0.21,0.2,0.21,3587131
CHM,20090212,0.006,0.008,0.006,0.008,1383000
CHN,20090212,0.09,0.09,0.09,0.09,21000
CHO,20090212,4.15,4.15,4.1,4.15,3741
CHP,20090212,0.02,0.02,0.02,0.02,50000
CIF,20090212,1.92,1.94,1.865,1.94,229261
CIG,20090212,0.015,0.015,0.015,0.015,58799
CIN,20090212,13.1,13.1,13.1,13.1,3862
CIX,20090212,0.31,0.31,0.31,0.31,2650
CIY,20090212,0.076,0.078,0.076,0.078,30805
CKL,20090212,0.42,0.42,0.41,0.41,11000
CKT,20090212,0.265,0.28,0.265,0.28,108500
CLD,20090212,0.012,0.012,0.012,0.012,50000
CLH,20090212,0.45,0.45,0.45,0.45,45500
CLO,20090212,0.315,0.315,0.31,0.31,37372
CLT,20090212,0.2,0.2,0.2,0.2,27200
CLV,20090212,0.185,0.185,0.175,0.175,72000
CMG,20090212,0.105,0.105,0.095,0.095,66177
CMJ,20090212,1.78,1.865,1.77,1.865,468385
CMO,20090212,0.025,0.025,0.025,0.025,205000
CMV,20090212,0.125,0.13,0.125,0.13,185000
CMW,20090212,0.42,0.425,0.405,0.41,279125
CNA,20090212,79.5,79.5,79,79,157
CND,20090212,0.35,0.37,0.345,0.37,77745
CNF,20090212,0.044,0.05,0.044,0.05,110000
CNK,20090212,0.09,0.09,0.09,0.09,5000
CNM,20090212,0.15,0.17,0.15,0.165,1025732
CNP,20090212,0.082,0.086,0.082,0.083,1250590
CNT,20090212,1.12,1.14,1.085,1.12,51100
CNX,20090212,0.265,0.29,0.265,0.285,1634802
COE,20090212,0.28,0.29,0.28,0.29,729133
COF,20090212,1.485,1.495,1.48,1.495,131191
COH,20090212,53.21,53.55,52.01,52.7,673354
COI,20090212,0.165,0.19,0.165,0.19,1227800
COJ,20090212,0.005,0.005,0.005,0.005,625000
COK,20090212,0.29,0.3,0.29,0.29,93965
COM,20090212,0.071,0.071,0.071,0.071,6500
COS,20090212,0.075,0.076,0.075,0.076,19800
COU,20090212,0.85,0.85,0.81,0.82,89165
COZ,20090212,0.19,0.19,0.19,0.19,1500
CPA,20090212,0.8,0.83,0.795,0.815,9264656
CPB,20090212,12.75,13.1,12.75,13,27595
CPK,20090212,0.017,0.017,0.017,0.017,15300
CPR,20090212,0.079,0.079,0.076,0.076,263350
CPU,20090212,7.31,7.69,7.3,7.53,3200242
CQT,20090212,0.205,0.22,0.205,0.215,739322
CQU,20090212,0.038,0.04,0.038,0.04,50334
CRC,20090212,0.135,0.145,0.12,0.145,55000
CRE,20090212,0.11,0.11,0.11,0.11,60000
CRG,20090212,7.45,7.84,7.43,7.59,97905
CRJ,20090212,0.031,0.04,0.03,0.04,143522
CRK,20090212,0.71,0.71,0.705,0.705,74000
CRS,20090212,0.01,0.01,0.01,0.01,33387
CRT,20090212,0.295,0.295,0.285,0.285,36034
CSE,20090212,0.062,0.062,0.062,0.062,15600
CSJ,20090212,0.97,0.97,0.97,0.97,500000
CSL,20090212,35.75,36.63,35.42,35.47,1523097
CSR,20090212,1.42,1.485,1.4,1.48,3656295
CSS,20090212,0.41,0.43,0.4,0.4,88750
CST,20090212,1.85,1.94,1.8,1.94,37694
CSU,20090212,0.96,0.96,0.96,0.96,60000
CSV,20090212,0.48,0.48,0.48,0.48,10000
CSW,20090212,0.985,0.985,0.985,0.985,20000
CTN,20090212,0.605,0.615,0.605,0.615,75030
CTO,20090212,0.24,0.25,0.22,0.23,7277714
CTP,20090212,0.083,0.085,0.081,0.082,296000
CTX,20090212,9.18,9.49,9.18,9.42,624618
CUE,20090212,0.11,0.11,0.1,0.11,1863273
CUL,20090212,0.033,0.033,0.033,0.033,125667
CUR,20090212,0.2,0.21,0.2,0.21,30000
CUS,20090212,1.25,1.39,1.25,1.35,38827
CUV,20090212,0.225,0.225,0.22,0.22,106027
CUX,20090212,0.052,0.052,0.05,0.05,137639
CVA,20090212,0.025,0.025,0.025,0.025,200000
CVC,20090212,0.4,0.4,0.4,0.4,5000
CVI,20090212,0.013,0.013,0.013,0.013,2979539
CVN,20090212,0.29,0.295,0.285,0.295,2332159
CVS,20090212,0.03,0.03,0.024,0.024,400000
CWK,20090212,0.125,0.125,0.125,0.125,20000
CWN,20090212,5.29,5.49,5.23,5.36,1487313
CWP,20090212,0.9,0.9,0.9,0.9,62177
CWT,20090212,0.3,0.3,0.28,0.28,363924
CXC,20090212,1.1,1.15,1.1,1.135,157907
CXH,20090212,0.03,0.04,0.03,0.04,365000
CXM,20090212,0.16,0.16,0.155,0.155,33000
CXP,20090212,3.38,3.61,3.37,3.41,124007
CXS,20090212,0.34,0.34,0.33,0.34,50000
CXY,20090212,0.055,0.058,0.055,0.058,240572
CYA,20090212,0.68,0.7,0.665,0.7,189518
CYT,20090212,0.1,0.1,0.1,0.1,10000
CYU,20090212,0.08,0.08,0.08,0.08,8000
CZA,20090212,0.86,0.86,0.82,0.82,30360
DEG,20090212,0.028,0.028,0.028,0.028,8500
DEX,20090212,0.45,0.45,0.435,0.435,5900
DGO,20090212,0.045,0.05,0.045,0.05,61500
DIO,20090212,0.385,0.44,0.385,0.415,459432
DJS,20090212,2.2,2.36,2.2,2.3,1586076
DJW,20090212,3.22,3.3,3.19,3.3,48687
DLS,20090212,0.023,0.024,0.023,0.024,300000
DMG,20090212,0.115,0.115,0.115,0.115,87700
DML,20090212,0.145,0.145,0.145,0.145,4000
DMM,20090212,0.07,0.09,0.07,0.09,21000
DMP,20090212,3.06,3.1,3.06,3.1,112400
DOM,20090212,4.3,4.43,4.3,4.35,451301
DOW,20090212,3.39,3.58,3.39,3.51,600841
DRA,20090212,0.06,0.064,0.06,0.064,708798
DRX,20090212,0.125,0.125,0.125,0.125,16700
DTL,20090212,4.85,4.85,4.8,4.8,1686
DUE,20090212,2.21,2.24,2.18,2.2,3970842
DUI,20090212,2.35,2.35,2.32,2.32,10175
DUL,20090212,0.02,0.02,0.02,0.02,2500000
DVM,20090212,0.025,0.025,0.025,0.025,14286
DVN,20090212,0.47,0.475,0.46,0.475,86529
DWS,20090212,0.52,0.52,0.515,0.515,9912
DXS,20090212,0.83,0.86,0.795,0.86,14446898
DYE,20090212,0.77,0.89,0.77,0.89,226100
DYL,20090212,0.135,0.14,0.135,0.135,197692
ECQ,20090212,0.08,0.08,0.08,0.08,100000
ECU,20090212,0.16,0.16,0.16,0.16,15000
EDM,20090212,0.006,0.006,0.006,0.006,280000
EER,20090212,0.17,0.17,0.17,0.17,17000
EFE,20090212,0.07,0.07,0.07,0.07,20000
EFG,20090212,0.065,0.065,0.065,0.065,3667
EGL,20090212,0.054,0.054,0.053,0.054,447857
EGO,20090212,0.007,0.008,0.007,0.007,40051776
EHL,20090212,0.32,0.325,0.255,0.255,7007310
ELK,20090212,0.135,0.135,0.135,0.135,21736
ELM,20090212,0.08,0.08,0.08,0.08,70400
ELY,20090212,0.105,0.105,0.105,0.105,4550
EMA,20090212,0.19,0.19,0.19,0.19,50000
EMR,20090212,0.045,0.045,0.042,0.042,70170
EMS,20090212,0.08,0.08,0.08,0.08,6000
ENB,20090212,0.1,0.1,0.1,0.1,70000
ENE,20090212,1.73,1.8,1.73,1.76,112111
ENV,20090212,0.305,0.315,0.3,0.315,1699209
EPG,20090212,0.22,0.22,0.22,0.22,49291
EPL,20090212,0.165,0.165,0.165,0.165,24875
EPR,20090212,0.004,0.004,0.004,0.004,420000
EPY,20090212,0.13,0.13,0.13,0.13,3395
EQN,20090212,1.935,2.05,1.93,1.99,249290
EQT,20090212,12.25,12.5,12.25,12.5,614
ERA,20090212,19,19.49,19,19.47,212806
ERG,20090212,0.008,0.009,0.008,0.008,535406
ERH,20090212,0.215,0.23,0.21,0.23,375921
ERJ,20090212,0.005,0.005,0.005,0.005,200000
ERM,20090212,0.065,0.065,0.06,0.06,59860
ESG,20090212,0.58,0.595,0.57,0.58,1608635
ESI,20090212,0.016,0.018,0.016,0.018,38000
ESN,20090212,0.003,0.003,0.003,0.003,800705
ESS,20090212,0.2,0.2,0.2,0.2,81778
ESV,20090212,0.6,0.605,0.56,0.605,33000
ETC,20090212,0.22,0.22,0.22,0.22,942666
ETT,20090212,0.002,0.002,0.002,0.002,7914435
EUG,20090212,0.12,0.12,0.12,0.12,100000
EVE,20090212,0.01,0.01,0.01,0.01,30000
EVG,20090212,0.035,0.035,0.035,0.035,90000
EWC,20090212,0.225,0.235,0.225,0.23,2634784
EXM,20090212,0.011,0.012,0.011,0.011,5231592
EXS,20090212,0.105,0.105,0.1,0.1,139500
EXT,20090212,1.585,1.65,1.585,1.62,296884
FAC,20090212,0.015,0.015,0.015,0.015,23612
FAR,20090212,0.068,0.07,0.063,0.065,4292346
FAS,20090212,0.027,0.027,0.026,0.026,25450
FBU,20090212,4.5,4.5,4.41,4.47,96814
FCL,20090212,0.345,0.35,0.32,0.32,3704787
FCN,20090212,0.073,0.073,0.072,0.072,50000
FCP,20090212,0.006,0.007,0.006,0.007,1069331
FEA,20090212,0.2,0.205,0.19,0.19,80500
FGE,20090212,0.26,0.26,0.25,0.25,83341
FGL,20090212,5.4,5.55,5.37,5.45,11918161
FKP,20090212,0.37,0.4,0.37,0.39,1210628
FLK,20090212,0.48,0.48,0.48,0.48,40000
FLT,20090212,6.15,6.34,6.12,6.25,178295
FLX,20090212,8.35,8.67,8.25,8.4,226851
FMG,20090212,2.39,2.68,2.36,2.56,28377169
FML,20090212,0.024,0.029,0.024,0.027,18569395
FMS,20090212,0.065,0.07,0.063,0.064,15111691
FND,20090212,0.21,0.21,0.21,0.21,5000
FNT,20090212,0.016,0.016,0.016,0.016,2070
FPA,20090212,0.84,0.84,0.84,0.84,166700
FPH,20090212,2.75,2.75,2.73,2.74,7303
FPS,20090212,1.15,1.15,1.15,1.15,9000
FRI,20090212,0.56,0.56,0.56,0.56,12000
FRR,20090212,0.11,0.13,0.11,0.13,25000
FRS,20090212,0.21,0.22,0.21,0.22,10000
FSA,20090212,0.18,0.18,0.18,0.18,70611
FSE,20090212,0.012,0.012,0.012,0.012,173620
FSN,20090212,0.53,0.53,0.53,0.53,231
FTE,20090212,0.059,0.06,0.056,0.06,2946270
FUN,20090212,0.145,0.145,0.145,0.145,41833
FWD,20090212,4.09,4.33,4.09,4.15,288456
FXJ,20090212,1.145,1.18,1.115,1.115,7381012
FXL,20090212,0.365,0.365,0.34,0.35,47217
FXR,20090212,0.16,0.165,0.145,0.15,367690
GBE,20090212,0.095,0.095,0.092,0.092,15000
GBG,20090212,0.62,0.65,0.615,0.625,561535
GBI,20090212,0.22,0.22,0.22,0.22,25000
GBL,20090212,0.004,0.004,0.003,0.003,1700000
GBP,20090212,0.135,0.135,0.135,0.135,29600
GCL,20090212,3.36,3.52,3.36,3.45,375576
GCN,20090212,0.01,0.011,0.01,0.011,240000
GCR,20090212,0.012,0.012,0.011,0.012,232975
GCS,20090212,0.38,0.38,0.38,0.38,51500
GDA,20090212,0.009,0.009,0.008,0.008,850631
GDN,20090212,0.06,0.063,0.056,0.056,1814000
GDY,20090212,1.045,1.06,1.01,1.06,139009
GFF,20090212,1.41,1.475,1.405,1.425,4794942
GFL,20090212,0.68,0.68,0.68,0.68,847
GGE,20090212,0.007,0.007,0.006,0.007,1580000
GGG,20090212,0.2,0.2,0.2,0.2,206250
GGP,20090212,0.1,0.1,0.095,0.095,28000
GGY,20090212,0.025,0.025,0.025,0.025,174040
GIP,20090212,0.057,0.058,0.04,0.058,349816
GIR,20090212,0.38,0.4,0.37,0.395,451033
GJT,20090212,0.035,0.038,0.035,0.038,106231
GLE,20090212,0.15,0.15,0.15,0.15,30000
GLH,20090212,0.012,0.012,0.012,0.012,46150
GLM,20090212,0.03,0.03,0.03,0.03,81000
GMG,20090212,0.65,0.66,0.615,0.64,12825415
GMI,20090212,0.745,0.785,0.745,0.75,158905
GML,20090212,0.08,0.08,0.08,0.08,14000
GMX,20090212,0.875,0.875,0.875,0.875,8750
GNC,20090212,4.8,4.91,4.8,4.85,18899
GNI,20090212,0.053,0.055,0.053,0.055,200000
GNM,20090212,0.4,0.4,0.4,0.4,213000
GNS,20090212,0.715,0.75,0.715,0.745,733376
GOP,20090212,0.026,0.026,0.025,0.025,29500
GOW,20090212,2.45,2.45,2.45,2.45,1334
GPG,20090212,0.645,0.645,0.64,0.64,121021
GPM,20090212,0.098,0.1,0.095,0.095,40000
GPN,20090212,0.005,0.006,0.004,0.004,2750000
GPT,20090212,0.605,0.615,0.56,0.58,20808491
GRB,20090212,0.015,0.016,0.015,0.016,58000
GRD,20090212,0.33,0.33,0.31,0.33,260844
GRK,20090212,0.048,0.048,0.045,0.045,81000
GRR,20090212,0.4,0.41,0.4,0.41,39471
GRY,20090212,0.085,0.086,0.081,0.086,225000
GSE,20090212,0.016,0.016,0.016,0.016,40000
GTP,20090212,0.13,0.135,0.125,0.13,195219
GUD,20090212,5.3,5.61,5.2,5.45,50921
GUN,20090212,0.052,0.052,0.052,0.052,3000
GWR,20090212,0.305,0.305,0.29,0.29,74450
GWT,20090212,2.29,2.52,2.29,2.45,428338
GXL,20090212,0.75,0.75,0.74,0.74,12500
GXY,20090212,0.35,0.35,0.35,0.35,20000
GZL,20090212,1.3,1.3,1.3,1.3,1000
HAP,20090212,0.068,0.068,0.068,0.068,9000
HAV,20090212,0.3,0.3,0.28,0.28,17000
HDF,20090212,1.865,1.95,1.76,1.81,342458
HDN,20090212,0.09,0.095,0.09,0.095,104000
HEG,20090212,0.17,0.175,0.16,0.17,563249
HFA,20090212,0.059,0.062,0.056,0.061,1822846
HGG,20090212,1.65,1.68,1.635,1.655,838190
HGN,20090212,0.18,0.18,0.18,0.18,10000
HGO,20090212,0.115,0.125,0.115,0.125,623173
HHL,20090212,3.5,3.5,3.47,3.49,16975
HHV,20090212,0.51,0.525,0.51,0.515,111810
HHY,20090212,1,1,1,1,112500
HIG,20090212,0.068,0.069,0.068,0.069,124000
HIL,20090212,1.73,1.825,1.715,1.765,187758
HIN,20090212,0.69,0.7,0.66,0.665,128635
HIP,20090212,1.18,1.18,1.18,1.18,5700
HLG,20090212,0.3,0.3,0.275,0.275,20342
HMC,20090212,0.05,0.05,0.05,0.05,55000
HNG,20090212,0.68,0.68,0.68,0.68,13000
HRL,20090212,0.105,0.105,0.105,0.105,100000
HRR,20090212,0.155,0.165,0.155,0.165,33041
HSK,20090212,0.6,0.65,0.6,0.65,144878
HSN,20090212,0.36,0.37,0.36,0.37,2900
HSP,20090212,4.14,4.27,4.1,4.21,360235
HST,20090212,1.13,1.14,1.11,1.125,335012
HTA,20090212,0.1,0.1,0.095,0.095,301758
HTE,20090212,0.04,0.042,0.04,0.04,974248
HTI,20090212,0.02,0.02,0.02,0.02,50000
HTX,20090212,0.06,0.06,0.06,0.06,30000
HVN,20090212,2.04,2.13,2.01,2.09,4233968
HXL,20090212,0.3,0.3,0.3,0.3,3000
HYO,20090212,0.016,0.016,0.016,0.016,200000
HZL,20090212,0.4,0.4,0.4,0.4,5000
HZN,20090212,0.12,0.13,0.12,0.12,516589
IAA,20090212,36.49,36.49,36.49,36.49,275
IAG,20090212,3.35,3.55,3.32,3.47,4965829
IAS,20090212,0.33,0.34,0.33,0.33,286638
IAU,20090212,0.25,0.27,0.25,0.25,2401757
IBA,20090212,0.81,0.81,0.785,0.8,1066379
ICN,20090212,0.215,0.215,0.205,0.215,513132
ICS,20090212,0.16,0.16,0.155,0.155,16500
IDL,20090212,0.093,0.097,0.091,0.097,3830163
IDT,20090212,1.56,1.56,1.55,1.55,4202
IEF,20090212,0.19,0.19,0.19,0.19,87620
IEM,20090212,37.1,37.5,37.1,37.49,858
IFE,20090212,0.185,0.185,0.185,0.185,7133
IFL,20090212,3.03,3.11,2.99,3.05,29764
IGC,20090212,0.225,0.225,0.215,0.215,116800
IGO,20090212,2.77,2.9,2.76,2.9,424753
IHF,20090212,0.59,0.61,0.59,0.61,58989
IHK,20090212,15.17,15.17,15.17,15.17,4004
IIF,20090212,0.12,0.125,0.11,0.115,9482505
III,20090212,0.1,0.11,0.1,0.11,22700
IIN,20090212,1.2,1.2,1.16,1.16,93178
ILF,20090212,0.058,0.059,0.054,0.059,505551
ILU,20090212,4.17,4.24,4.06,4.08,727517
IMA,20090212,0.48,0.48,0.455,0.455,54000
IMC,20090212,0.041,0.041,0.04,0.04,50723
IMD,20090212,0.27,0.28,0.265,0.28,134249
IMF,20090212,0.985,1,0.985,0.99,149921
IMI,20090212,0.002,0.002,0.002,0.002,3000000
IMP,20090212,0.006,0.007,0.006,0.006,3119134
INE,20090212,0.335,0.335,0.33,0.33,83850
INL,20090212,0.015,0.015,0.013,0.014,1710683
INP,20090212,0.2,0.205,0.185,0.2,107208
INT,20090212,0.01,0.01,0.009,0.009,281505
IOF,20090212,0.355,0.365,0.31,0.325,5123143
IOH,20090212,0.165,0.17,0.165,0.165,72000
IOO,20090212,68.57,68.57,67.55,67.55,1295
IPD,20090212,0.72,0.72,0.72,0.72,1000
IPL,20090212,2.04,2.16,2.02,2.12,21233552
IPM,20090212,1.08,1.08,1.08,1.08,531291
IPP,20090212,0.1,0.1,0.1,0.1,5000
IPR,20090212,0.05,0.05,0.045,0.045,1313227
IRD,20090212,0.1,0.105,0.1,0.105,46331
IRE,20090212,4.91,5.1,4.9,4.94,381140
IRI,20090212,0.235,0.235,0.235,0.235,4150
IRL,20090212,0.015,0.015,0.015,0.015,850000
IRM,20090212,0.079,0.079,0.079,0.079,2000
IRN,20090212,0.26,0.265,0.25,0.25,333256
ISG,20090212,9.85,9.85,9.85,9.85,2002
ISS,20090212,0.205,0.205,0.2,0.2,7440
ITC,20090212,0.023,0.024,0.023,0.024,457000
ITS,20090212,0.2,0.2,0.2,0.2,867
ITW,20090212,10.8,10.8,10.8,10.8,1001
IVA,20090212,0.39,0.39,0.385,0.385,20000
IVC,20090212,4.77,4.8,4.68,4.7,346039
IVE,20090212,60.01,60.02,59.9,60,855
IVT,20090212,0.04,0.04,0.04,0.04,4000
IVV,20090212,128.65,128.65,127.49,127.7,1004
IXR,20090212,0.22,0.22,0.22,0.22,10000
IZZ,20090212,41.15,41.15,40.02,40.08,10724
JAL,20090212,0.15,0.17,0.14,0.15,105000
JAT,20090212,0.029,0.029,0.029,0.029,90000
JBH,20090212,10.44,10.7,10.33,10.59,1400827
JET,20090212,0.85,0.85,0.85,0.85,3440
JGL,20090212,0.105,0.105,0.105,0.105,140000
JHX,20090212,3.46,3.86,3.45,3.65,7316160
JML,20090212,0.115,0.12,0.115,0.115,480106
JMS,20090212,0.08,0.08,0.08,0.08,15000
JPR,20090212,0.015,0.015,0.015,0.015,93936
KAM,20090212,0.1,0.1,0.1,0.1,9028
KAR,20090212,3.45,3.49,3.39,3.44,282452
KBC,20090212,0.1,0.1,0.096,0.096,741156
KCN,20090212,3.91,4.07,3.82,3.85,409115
KEY,20090212,0.12,0.12,0.11,0.11,108982
KGL,20090212,0.031,0.031,0.03,0.03,82000
KIL,20090212,0.5,0.515,0.5,0.515,19246
KIS,20090212,0.15,0.15,0.15,0.15,55000
KOG,20090212,0.075,0.075,0.07,0.07,525000
KRS,20090212,0.105,0.105,0.105,0.105,1680
KSX,20090212,0.017,0.017,0.017,0.017,300000
KYC,20090212,0.17,0.17,0.17,0.17,160200
KZL,20090212,0.47,0.535,0.435,0.445,3321240
LAU,20090212,0.165,0.165,0.165,0.165,50000
LBL,20090212,0.1,0.1,0.1,0.1,15570
LBY,20090212,0.038,0.038,0.038,0.038,50000
LCM,20090212,0.4,0.4,0.4,0.4,4500
LCT,20090212,0.1,0.1,0.097,0.097,48571
LEG,20090212,0.012,0.013,0.012,0.013,680700
LEI,20090212,17.84,19.4,17.75,18.56,1294905
LEP,20090212,1.945,1.95,1.92,1.95,11564
LFE,20090212,0.045,0.045,0.045,0.045,100000
LGL,20090212,3.32,3.43,3.29,3.41,33446884
LKO,20090212,0.003,0.004,0.003,0.003,1451408
LLC,20090212,5.47,5.56,5.39,5.47,4153922
LLP,20090212,0.135,0.14,0.125,0.125,354233
LMC,20090212,3.07,3.07,3.07,3.07,1675
LMG,20090212,0.004,0.004,0.004,0.004,465000
LMP,20090212,0.061,0.061,0.061,0.061,50000
LNC,20090212,1.4,1.44,1.37,1.415,566781
LNG,20090212,0.62,0.635,0.61,0.61,253312
LNN,20090212,8.51,8.76,8.43,8.66,2476301
LRF,20090212,0.34,0.34,0.34,0.34,12941
LSA,20090212,0.008,0.008,0.007,0.007,3500000
LST,20090212,0.665,0.72,0.665,0.69,359564
LUM,20090212,0.003,0.003,0.003,0.003,600000
LYC,20090212,0.155,0.165,0.12,0.125,19064500
MAE,20090212,0.235,0.24,0.21,0.21,1142965
MAH,20090212,0.325,0.365,0.32,0.34,4367761
MAK,20090212,0.565,0.62,0.5,0.555,816442
MAP,20090212,2.05,2.16,2.05,2.1,5403778
MAT,20090212,0.15,0.15,0.14,0.14,66627
MBD,20090212,0.05,0.05,0.05,0.05,150000
MBN,20090212,1.885,1.9,1.75,1.87,34783
MCC,20090212,2.94,3.05,2.94,2.94,468098
MCG,20090212,0.78,0.81,0.76,0.785,716965
MCK,20090212,0.14,0.14,0.14,0.14,35333
MCO,20090212,0.12,0.12,0.12,0.12,133900
MCP,20090212,0.39,0.39,0.38,0.38,20500
MCR,20090212,0.71,0.725,0.69,0.69,700635
MCU,20090212,0.37,0.38,0.37,0.38,712320
MCW,20090212,0.17,0.18,0.17,0.18,4743583
MDG,20090212,0.05,0.05,0.05,0.05,20000
MDL,20090212,0.69,0.69,0.65,0.68,829580
MDT,20090212,0.054,0.054,0.05,0.052,2930487
MDX,20090212,0.33,0.33,0.325,0.33,48500
MEL,20090212,0.46,0.52,0.46,0.48,1286411
MEO,20090212,0.12,0.12,0.091,0.094,19895128
MEP,20090212,0.18,0.185,0.18,0.185,36000
MES,20090212,0.073,0.073,0.073,0.073,30000
MEU,20090212,0.051,0.051,0.051,0.051,10000
MFC,20090212,0.065,0.065,0.065,0.065,45000
MFF,20090212,0.49,0.5,0.49,0.5,112075
MFG,20090212,0.34,0.34,0.34,0.34,1000
MFI,20090212,0.009,0.009,0.009,0.009,115945
MGO,20090212,0.042,0.05,0.042,0.05,545000
MGR,20090212,1,1.04,0.935,0.98,14473887
MGU,20090212,0.035,0.035,0.035,0.035,128000
MGX,20090212,0.48,0.51,0.48,0.5,6489560
MGZ,20090212,0.075,0.075,0.07,0.07,151100
MHL,20090212,0.004,0.005,0.003,0.003,673700
MHM,20090212,0.031,0.031,0.03,0.03,60000
MIG,20090212,1.39,1.435,1.38,1.425,5573517
MIK,20090212,0.07,0.075,0.068,0.068,87500
MIN,20090212,2.05,2.09,2.01,2.08,24349
MIR,20090212,1.23,1.32,1.23,1.32,61466
MIX,20090212,0.1,0.1,0.1,0.1,233690
MKY,20090212,0.004,0.004,0.004,0.004,500000
MLB,20090212,1.7,1.7,1.675,1.68,20907
MLE,20090212,0.87,0.895,0.86,0.865,391476
MLI,20090212,0.043,0.05,0.043,0.049,4785400
MLM,20090212,0.2,0.2,0.2,0.2,20000
MLS,20090212,0.01,0.01,0.01,0.01,358000
MLT,20090212,14.15,14.15,13.65,13.65,10367
MLX,20090212,0.092,0.092,0.09,0.09,12000
MMA,20090212,0.39,0.39,0.385,0.39,218509
MMB,20090212,0.275,0.275,0.275,0.275,9400
MMG,20090212,0.885,0.885,0.83,0.83,222884
MML,20090212,1.33,1.345,1.33,1.34,37030
MMR,20090212,0.043,0.043,0.042,0.042,50000
MMS,20090212,2,2,1.965,2,3784
MMX,20090212,0.585,0.63,0.58,0.615,2933162
MND,20090212,6.2,6.58,6.19,6.47,171827
MNF,20090212,0.094,0.094,0.094,0.094,25000
MNL,20090212,0.21,0.24,0.21,0.24,910
MNM,20090212,0.04,0.045,0.04,0.045,114900
MOC,20090212,0.75,0.75,0.75,0.75,10574
MOF,20090212,0.155,0.155,0.135,0.145,26277489
MOL,20090212,0.31,0.31,0.285,0.29,87700
MOS,20090212,0.07,0.075,0.07,0.075,66388
MOX,20090212,0.031,0.031,0.031,0.031,68403
MPF,20090212,0.058,0.06,0.058,0.06,60000
MPI,20090212,0.01,0.01,0.01,0.01,21000
MPJ,20090212,0.002,0.002,0.002,0.002,450000
MPO,20090212,0.755,0.84,0.755,0.8,655215
MPS,20090212,0.082,0.095,0.082,0.085,145733
MQG,20090212,22.96,23.66,22.96,23.4,1004111
MRE,20090212,0.35,0.365,0.335,0.35,1703151
MRM,20090212,1.02,1.02,1.015,1.02,31331
MRO,20090212,0.08,0.085,0.074,0.085,50000
MRU,20090212,1.09,1.1,1.05,1.09,316789
MRZ,20090212,0.275,0.275,0.26,0.26,290001
MSB,20090212,0.785,0.785,0.785,0.785,1500
MSC,20090212,0.005,0.006,0.005,0.006,9400000
MSL,20090212,0.87,0.87,0.87,0.87,3800
MST,20090212,0.05,0.051,0.05,0.051,487000
MTN,20090212,0.37,0.39,0.37,0.39,10000
MTS,20090212,4.11,4.18,4.08,4.16,4217711
MTU,20090212,0.45,0.45,0.435,0.435,14894
MUE,20090212,0.13,0.13,0.115,0.12,64372
MUN,20090212,0.16,0.18,0.16,0.18,210700
MVU,20090212,0.15,0.15,0.15,0.15,37000
MWE,20090212,0.036,0.036,0.036,0.036,100000
MXI,20090212,0.28,0.29,0.28,0.28,65919
MXR,20090212,0.039,0.039,0.039,0.039,47010
NAB,20090212,18.84,18.87,18.13,18.6,4504388
NAD,20090212,0.01,0.01,0.009,0.01,3260000
NAL,20090212,0.006,0.006,0.006,0.006,80000
NAM,20090212,0.38,0.385,0.38,0.38,68132
NAN,20090212,0.295,0.295,0.29,0.29,40380
NAV,20090212,0.23,0.24,0.225,0.235,96700
NCM,20090212,33.25,34.1,33,34,4179789
NDO,20090212,0.066,0.066,0.063,0.065,7028457
NEC,20090212,0.4,0.42,0.4,0.4,44604
NEM,20090212,6.41,6.44,6.36,6.4,54920
NEU,20090212,0.007,0.007,0.007,0.007,175000
NFE,20090212,1.205,1.22,1.18,1.2,144883
NFK,20090212,0.245,0.245,0.225,0.23,194070
NFL,20090212,0.055,0.057,0.055,0.057,113000
NGF,20090212,0.155,0.17,0.15,0.15,4184284
NGM,20090212,0.011,0.011,0.011,0.011,500000
NHC,20090212,3.55,3.66,3.5,3.65,248548
NHF,20090212,0.77,0.78,0.76,0.77,27600
NIP,20090212,0.18,0.22,0.18,0.2,443298
NKP,20090212,0.13,0.14,0.13,0.14,382128
NLB,20090212,1,1,0.98,0.98,15000
NMS,20090212,0.33,0.33,0.32,0.33,148250
NOD,20090212,0.195,0.21,0.19,0.2,966000
NQM,20090212,0.23,0.24,0.23,0.23,352167
NRT,20090212,0.775,0.8,0.75,0.8,64279
NSL,20090212,0.009,0.009,0.008,0.008,600000
NSX,20090212,0.155,0.155,0.155,0.155,20000
NTC,20090212,0.135,0.14,0.11,0.11,125000
NUF,20090212,9.4,9.82,9.21,9.34,405621
NVT,20090212,2.4,2.4,2.32,2.4,204285
NWE,20090212,0.019,0.019,0.017,0.017,83000
NWH,20090212,0.25,0.28,0.24,0.26,2184493
NWR,20090212,0.032,0.032,0.032,0.032,315000
NWS,20090212,10.85,10.96,10.75,10.79,2168007
NWT,20090212,0.002,0.003,0.002,0.003,3790000
NXS,20090212,0.455,0.47,0.45,0.46,959807
NZO,20090212,1.12,1.12,1.09,1.09,50000
OAK,20090212,0.325,0.335,0.32,0.335,136196
OBJ,20090212,0.004,0.004,0.004,0.004,180000
OBL,20090212,0.028,0.028,0.028,0.028,18000
OCL,20090212,0.2,0.2,0.2,0.2,70000
ODG,20090212,0.03,0.03,0.03,0.03,8000
OEL,20090212,0.1,0.105,0.1,0.1,1186060
OEX,20090212,0.245,0.25,0.24,0.25,137086
OFG,20090212,0.48,0.48,0.48,0.48,37941
OGC,20090212,0.525,0.565,0.52,0.565,1969897
OIF,20090212,0.18,0.185,0.18,0.185,98660
OIL,20090212,0.045,0.045,0.045,0.045,10000
OIP,20090212,0.072,0.072,0.072,0.072,2771
OKN,20090212,0.72,0.74,0.705,0.74,68884
OMH,20090212,1.115,1.17,1.11,1.16,745538
OMI,20090212,0.185,0.185,0.185,0.185,2225
ONC,20090212,0.1,0.1,0.099,0.099,37316
ORE,20090212,0.255,0.26,0.23,0.245,151535
ORG,20090212,13.8,14,13.55,13.7,1899000
ORH,20090212,0.085,0.085,0.085,0.085,10000
ORI,20090212,13,13.68,13,13.57,1084565
ORP,20090212,0.023,0.025,0.023,0.025,153755
OSH,20090212,4.65,4.78,4.54,4.6,2911736
OST,20090212,2.3,2.34,2.18,2.23,3585005
PAA,20090212,0.02,0.02,0.02,0.02,4580625
PAB,20090212,0.05,0.05,0.05,0.05,25000
PAG,20090212,1.09,1.12,1.09,1.095,67528
PAN,20090212,0.82,0.845,0.79,0.79,849103
PBD,20090212,0.165,0.165,0.155,0.155,78945
PBG,20090212,0.365,0.395,0.365,0.365,1689352
PBP,20090212,1.32,1.33,1.31,1.32,319089
PCL,20090212,0.017,0.017,0.017,0.017,1850000
PDM,20090212,0.017,0.018,0.017,0.018,250000
PDN,20090212,3.35,3.36,3.22,3.23,2921106
PDO,20090212,0.145,0.145,0.145,0.145,12450
PDZ,20090212,0.06,0.06,0.052,0.052,83000
PEH,20090212,0.44,0.44,0.44,0.44,2000
PEK,20090212,0.035,0.035,0.035,0.035,3000
PEM,20090212,0.17,0.175,0.165,0.175,122957
PEN,20090212,0.017,0.017,0.017,0.017,1326333
PEO,20090212,0.037,0.037,0.037,0.037,100000
PES,20090212,7.4,7.44,7.3,7.35,3387564
PFG,20090212,0.085,0.085,0.076,0.076,71000
PFL,20090212,0.9,0.9,0.88,0.88,20445
PGA,20090212,1.08,1.09,1.07,1.08,33023
PGC,20090212,0.028,0.028,0.028,0.028,15000
PGL,20090212,0.85,0.85,0.84,0.85,82485
PGS,20090212,0.024,0.024,0.023,0.023,47425
PHI,20090212,1,1,1,1,3848
PLA,20090212,0.565,0.57,0.54,0.55,2412819
PLB,20090212,0.46,0.46,0.46,0.46,230000
PLI,20090212,0.61,0.62,0.61,0.62,169000
PLT,20090212,0.135,0.135,0.13,0.13,120000
PLV,20090212,0.175,0.2,0.175,0.2,213400
PMC,20090212,1.2,1.2,1.19,1.2,79472
PME,20090212,0.8,0.815,0.8,0.8,3595
PMP,20090212,0.32,0.33,0.31,0.32,640392
PMV,20090212,3.6,3.65,3.6,3.63,17674
PNA,20090212,0.145,0.155,0.145,0.145,7653069
PNN,20090212,0.18,0.18,0.17,0.17,17880
PNO,20090212,0.002,0.002,0.002,0.002,200000
PNW,20090212,0.025,0.031,0.025,0.031,20050
PNX,20090212,0.06,0.06,0.06,0.06,25000
POH,20090212,0.09,0.09,0.09,0.09,520000
POS,20090212,0.26,0.26,0.245,0.245,33707
POZ,20090212,0.36,0.36,0.36,0.36,850
PPC,20090212,1.3,1.3,1.25,1.3,70302
PPD,20090212,0.022,0.022,0.021,0.021,128109
PPK,20090212,0.36,0.36,0.35,0.35,47500
PPN,20090212,0.11,0.11,0.11,0.11,20506
PPP,20090212,0.325,0.34,0.325,0.34,429725
PPS,20090212,0.1,0.12,0.1,0.105,349814
PPT,20090212,25.6,26.48,25.36,25.5,113788
PPX,20090212,0.32,0.325,0.295,0.305,3724764
PPY,20090212,0.455,0.455,0.455,0.455,13200
PRC,20090212,0.78,0.78,0.78,0.78,132005
PRE,20090212,0.007,0.007,0.007,0.007,212292
PRG,20090212,2.04,2.12,2.04,2.12,8262
PRU,20090212,0.71,0.73,0.665,0.71,510480
PRV,20090212,0.505,0.505,0.485,0.49,113087
PRW,20090212,0.029,0.029,0.029,0.029,345000
PRY,20090212,4.95,5.2,4.93,5.2,1150977
PSA,20090212,0.18,0.18,0.18,0.18,92000
PSF,20090212,0.035,0.035,0.035,0.035,20600
PSH,20090212,1.11,1.11,1.11,1.11,7500
PSP,20090212,0.015,0.015,0.015,0.015,2000
PTM,20090212,3.05,3.09,2.97,3.08,132197
PTN,20090212,0.105,0.105,0.1,0.1,335456
PTO,20090212,0.016,0.016,0.015,0.015,50000
PWK,20090212,3.2,3.2,3.15,3.2,18695
PWR,20090212,0.045,0.045,0.045,0.045,278
PXS,20090212,1.26,1.285,1.25,1.28,117794
QAN,20090212,1.89,1.9,1.865,1.89,9220737
QBE,20090212,22.5,23.4,22.5,22.76,1943134
QFX,20090212,0.014,0.02,0.01,0.02,665300
QMN,20090212,0.06,0.06,0.06,0.06,266890
QPN,20090212,0.012,0.012,0.012,0.012,56000
QTM,20090212,0.125,0.125,0.125,0.125,15500
RAU,20090212,0.026,0.026,0.025,0.026,147935
RCO,20090212,0.19,0.19,0.19,0.19,387412
RCR,20090212,0.34,0.37,0.34,0.37,172000
RCU,20090212,0.11,0.11,0.095,0.095,82991
RCY,20090212,0.145,0.15,0.145,0.145,340051
RDF,20090212,3.05,3.09,3.05,3.09,1754
RDM,20090212,0.105,0.105,0.105,0.105,10000
RDR,20090212,0.21,0.21,0.21,0.21,100000
REA,20090212,3.6,3.6,3.51,3.51,160
RED,20090212,0.046,0.05,0.046,0.048,2798063
REF,20090212,0.94,0.94,0.875,0.88,27963
REH,20090212,15.9,15.9,15.9,15.9,282
REO,20090212,0.01,0.01,0.01,0.01,6417
RES,20090212,0.37,0.37,0.365,0.365,53500
REX,20090212,0.885,0.9,0.85,0.9,66000
REY,20090212,0.07,0.07,0.07,0.07,18574
RFE,20090212,0.2,0.22,0.2,0.21,192380
RHC,20090212,9.44,9.67,9.37,9.45,150496
RHG,20090212,0.18,0.185,0.175,0.175,503900
RHI,20090212,1.31,1.45,1.31,1.45,5557
RIC,20090212,0.79,0.83,0.78,0.83,147525
RIM,20090212,0.013,0.015,0.013,0.015,246000
RIV,20090212,2.53,2.65,2.5,2.63,445967
RKN,20090212,1.13,1.13,1.125,1.125,7100
RMD,20090212,6.38,6.48,6.38,6.46,414346
RMG,20090212,0.006,0.006,0.006,0.006,510000
RMI,20090212,0.006,0.008,0.006,0.008,370000
RML,20090212,0.038,0.049,0.038,0.049,426045
RMS,20090212,0.61,0.61,0.595,0.61,284000
RNG,20090212,0.008,0.008,0.008,0.008,13450
RNY,20090212,0.08,0.08,0.08,0.08,1030408
ROC,20090212,0.415,0.42,0.405,0.41,2197264
ROK,20090212,2.56,2.56,2.5,2.5,10500
ROL,20090212,0.13,0.13,0.13,0.13,4837
ROY,20090212,0.06,0.06,0.06,0.06,10000
RPC,20090212,0.016,0.016,0.016,0.016,125000
RRA,20090212,0.46,0.46,0.44,0.44,50845
RRL,20090212,0.175,0.18,0.175,0.175,220600
RRS,20090212,0.029,0.029,0.028,0.029,234500
RSG,20090212,0.63,0.67,0.62,0.65,2529033
RSN,20090212,0.002,0.002,0.002,0.002,2308071
RUB,20090212,0.031,0.031,0.031,0.031,15000
RUL,20090212,0.34,0.365,0.33,0.33,45000
RWD,20090212,0.375,0.38,0.37,0.37,183555
RXL,20090212,0.022,0.022,0.02,0.02,25500
RXM,20090212,0.455,0.55,0.425,0.55,438700
SAE,20090212,0.091,0.095,0.091,0.093,193010
SAI,20090212,2.4,2.43,2.4,2.43,104586
SAR,20090212,0.11,0.12,0.11,0.12,362500
SAU,20090212,0.059,0.064,0.059,0.064,123333
SAV,20090212,0.22,0.22,0.22,0.22,9401
SBI,20090212,0.08,0.08,0.08,0.08,200000
SBL,20090212,0.006,0.006,0.006,0.006,700000
SBM,20090212,0.33,0.355,0.33,0.35,24931116
SBN,20090212,0.007,0.007,0.007,0.007,56131
SBR,20090212,0.045,0.045,0.045,0.045,25000
SBS,20090212,0.018,0.018,0.018,0.018,581037
SCE,20090212,0.004,0.004,0.004,0.004,400000
SCV,20090212,0.015,0.015,0.015,0.015,104339
SDG,20090212,0.435,0.465,0.42,0.425,1314686
SDI,20090212,0.235,0.235,0.235,0.235,13600
SDL,20090212,0.091,0.093,0.089,0.089,7278147
SDM,20090212,0.48,0.48,0.42,0.43,106953
SEA,20090212,0.078,0.078,0.078,0.078,100000
SEK,20090212,2.55,2.67,2.55,2.63,615946
SEN,20090212,0.038,0.038,0.037,0.037,313500
SER,20090212,0.009,0.014,0.009,0.013,767324
SEV,20090212,5.93,6.03,5.91,5.97,360215
SEY,20090212,0.041,0.05,0.041,0.05,95000
SFH,20090212,0.205,0.21,0.205,0.21,40000
SFP,20090212,0.11,0.11,0.11,0.11,53949
SFR,20090212,0.062,0.062,0.062,0.062,130000
SFY,20090212,34.72,34.81,34.27,34.45,21125
SGL,20090212,0.425,0.43,0.425,0.425,1565969
SGM,20090212,16.8,17.17,16.5,16.79,702120
SGN,20090212,0.595,0.6,0.55,0.55,140353
SGP,20090212,2.7,2.92,2.7,2.85,11741710
SGT,20090212,2.52,2.57,2.5,2.51,942905
SGX,20090212,5,5.3,5,5.27,1190483
SGZ,20090212,0.06,0.06,0.06,0.06,40000
SHL,20090212,13.4,13.81,13.3,13.35,897222
SHV,20090212,2.99,3,2.9,2.9,12300
SIM,20090212,0.25,0.25,0.25,0.25,49250
SIP,20090212,1.045,1.105,1.045,1.095,2137509
SKC,20090212,2.36,2.4,2.35,2.4,602519
SKE,20090212,1.48,1.49,1.45,1.45,17220
SKI,20090212,1.23,1.26,1.225,1.245,3367175
SLA,20090212,0.105,0.14,0.105,0.115,485196
SLF,20090212,7,7.09,6.9,6.94,38054
SLM,20090212,3.08,3.22,3.08,3.22,35947
SLR,20090212,0.3,0.34,0.3,0.33,1576071
SLT,20090212,0.004,0.004,0.004,0.004,63186
SLV,20090212,0.7,0.71,0.7,0.71,20000
SLX,20090212,3.38,3.71,3.38,3.56,134714
SMA,20090212,0.01,0.01,0.01,0.01,350000
SML,20090212,0.019,0.019,0.017,0.017,3000
SMM,20090212,1.92,1.95,1.92,1.95,21100
SMN,20090212,0.008,0.008,0.008,0.008,100000
SMX,20090212,1.665,1.68,1.64,1.68,242263
SOE,20090212,0.077,0.08,0.077,0.08,100884
SOL,20090212,8.5,8.82,8.5,8.7,14905
SOM,20090212,0.019,0.019,0.019,0.019,288158
SOT,20090212,0.135,0.17,0.135,0.15,16106
SPH,20090212,0.35,0.35,0.35,0.35,3425
SPI,20090212,0.065,0.065,0.065,0.065,258750
SPN,20090212,1.09,1.15,1.09,1.12,18163571
SPT,20090212,2.15,2.29,2.14,2.29,277169
SRH,20090212,0.33,0.33,0.33,0.33,3000
SRI,20090212,0.025,0.025,0.025,0.025,141258
SRK,20090212,0.315,0.33,0.305,0.33,563182
SRL,20090212,1.04,1.04,0.98,0.99,1586449
SRV,20090212,2.4,2.4,2.4,2.4,2155
SRX,20090212,2.5,2.5,2.5,2.5,1000
SSM,20090212,0.5,0.51,0.5,0.5,29222
SSN,20090212,0.025,0.025,0.025,0.025,250000
STB,20090212,0.085,0.085,0.085,0.085,29096
STG,20090212,0.028,0.028,0.028,0.028,132000
STO,20090212,14.65,15.08,14.55,14.9,3918949
STS,20090212,0.71,0.71,0.71,0.71,1000
STU,20090212,0.345,0.35,0.31,0.31,50692
STW,20090212,32.45,33.1,32.3,32.77,453926
STX,20090212,0.105,0.105,0.1,0.1,62049
STZ,20090212,0.09,0.09,0.09,0.09,5700
SUN,20090212,5.7,5.83,5.59,5.7,5218704
SUR,20090212,0.032,0.032,0.032,0.032,42500
SWK,20090212,0.255,0.27,0.255,0.27,125576
SXE,20090212,0.495,0.495,0.49,0.49,15000
SYM,20090212,0.445,0.445,0.445,0.445,3064
SYP,20090212,0.02,0.02,0.02,0.02,40000
SYR,20090212,0.034,0.034,0.033,0.033,148000
TAH,20090212,6.23,6.38,6.22,6.36,2814029
TAL,20090212,2.06,2.14,2.05,2.12,1230020
TAM,20090212,0.035,0.037,0.035,0.036,14635275
TAN,20090212,0.195,0.2,0.195,0.2,50000
TAP,20090212,0.85,0.855,0.845,0.855,60390
TBG,20090212,0.47,0.47,0.435,0.435,14470
TBR,20090212,0.63,0.63,0.63,0.63,11000
TCL,20090212,4.59,4.74,4.51,4.62,1612816
TCQ,20090212,0.175,0.19,0.175,0.18,228500
TDO,20090212,0.08,0.092,0.08,0.092,70000
TEL,20090212,2.1,2.15,2.1,2.12,2121197
TEN,20090212,0.91,0.945,0.905,0.945,534167
TEX,20090212,0.03,0.03,0.03,0.03,5000
TEY,20090212,0.17,0.17,0.17,0.17,13900
TFC,20090212,0.775,0.775,0.755,0.755,43686
TGF,20090212,0.063,0.063,0.063,0.063,200000
TGG,20090212,0.755,0.77,0.75,0.75,58359
TGR,20090212,1.95,2.05,1.95,2,20173
TGS,20090212,0.14,0.14,0.13,0.135,958378
THG,20090212,0.4,0.4,0.4,0.4,2400
THO,20090212,0.66,0.66,0.66,0.66,1018
THR,20090212,0.017,0.02,0.017,0.02,100024
THX,20090212,0.125,0.125,0.12,0.12,210044
TIM,20090212,0.115,0.12,0.115,0.12,372195
TIS,20090212,0.16,0.16,0.15,0.15,60000
TLM,20090212,0.2,0.2,0.2,0.2,43735
TLS,20090212,3.65,3.71,3.64,3.67,30087345
TMX,20090212,0.035,0.035,0.035,0.035,79000
TNC,20090212,0.004,0.004,0.004,0.004,86100
TNE,20090212,0.7,0.7,0.68,0.68,11355441
TOE,20090212,0.1,0.1,0.096,0.1,197923
TOL,20090212,5.22,5.55,5.2,5.5,3261564
TOX,20090212,1.18,1.2,1.16,1.2,654190
TPF,20090212,0.18,0.2,0.18,0.2,14509
TPI,20090212,2.42,2.67,2.39,2.67,1374311
TPX,20090212,3.1,3.1,3.1,3.1,6000
TRH,20090212,0.1,0.1,0.1,0.1,40000
TRS,20090212,9.8,9.99,9.8,9.99,45865
TRU,20090212,4.25,4.25,4.2,4.2,52650
TRY,20090212,1.38,1.44,1.28,1.3,241002
TSE,20090212,1.845,1.9,1.835,1.88,1436125
TSI,20090212,0.94,0.95,0.93,0.94,124525
TSM,20090212,0.2,0.2,0.19,0.19,5352
TSO,20090212,0.115,0.125,0.115,0.125,1245056
TSV,20090212,0.023,0.023,0.022,0.023,1681000
TTA,20090212,0.035,0.035,0.035,0.035,22509
TTI,20090212,0.046,0.046,0.046,0.046,45000
TTR,20090212,0.03,0.03,0.03,0.03,63000
TTS,20090212,2.73,2.82,2.73,2.8,4370270
TTY,20090212,0.155,0.17,0.155,0.155,251600
TUC,20090212,0.031,0.031,0.028,0.028,119000
TWO,20090212,0.66,0.66,0.61,0.61,30541
TWR,20090212,1.28,1.28,1.27,1.27,25098
TXN,20090212,0.13,0.13,0.125,0.125,160000
TZL,20090212,1.34,1.35,1.335,1.34,30147
TZN,20090212,0.355,0.355,0.345,0.355,100926
UBI,20090212,0.55,0.55,0.55,0.55,19881
UCL,20090212,0.006,0.006,0.005,0.005,759000
UCW,20090212,0.2,0.2,0.2,0.2,4000
UEQ,20090212,0.077,0.08,0.077,0.077,81571
UGL,20090212,7.02,7.48,7.02,7.34,989164
UMC,20090212,0.575,0.595,0.57,0.57,334961
UNI,20090212,0.3,0.3,0.275,0.285,60620
UNO,20090212,0.045,0.045,0.043,0.043,50000
UNX,20090212,0.18,0.18,0.17,0.17,30023
UOG,20090212,0.031,0.031,0.031,0.031,10000
URL,20090212,0.011,0.012,0.011,0.012,112528
URM,20090212,0.022,0.022,0.022,0.022,50000
USA,20090212,0.04,0.04,0.04,0.04,150000
UTO,20090212,0.065,0.066,0.065,0.065,91920
UUL,20090212,0.055,0.055,0.055,0.055,70000
UXA,20090212,0.056,0.057,0.056,0.057,33000
UXC,20090212,0.43,0.43,0.405,0.41,53809
VBA,20090212,0.255,0.26,0.25,0.25,3106587
VEC,20090212,0.078,0.08,0.078,0.08,500000
VGH,20090212,0.435,0.45,0.435,0.45,14774
VIR,20090212,0.405,0.42,0.4,0.4,77367
VLA,20090212,0.04,0.041,0.039,0.039,867171
VMG,20090212,0.185,0.185,0.175,0.18,2220773
VML,20090212,0.047,0.048,0.047,0.048,25500
VMS,20090212,0.115,0.115,0.11,0.11,167300
VMT,20090212,0.041,0.041,0.04,0.04,110000
VPE,20090212,0.24,0.26,0.24,0.26,1443196
VPG,20090212,0.04,0.041,0.039,0.039,5251492
VRL,20090212,0.9,0.91,0.9,0.91,27996
VTP,20090212,0.68,0.7,0.68,0.7,69766
WAA,20090212,0.7,0.7,0.7,0.7,7015
WAM,20090212,0.84,0.86,0.84,0.84,85772
WAN,20090212,4.2,4.22,4.13,4.19,379756
WBA,20090212,0.62,0.62,0.62,0.62,18000
WBB,20090212,6.65,6.75,6.6,6.7,14088
WBC,20090212,16.33,16.75,16.3,16.65,6183473
WCB,20090212,2.73,2.73,2.73,2.73,5500
WCL,20090212,0.5,0.52,0.5,0.52,88052
WDC,20090212,11.3,11.34,10.97,11.05,32587030
WDR,20090212,0.061,0.061,0.051,0.051,12748
WDS,20090212,0.62,0.65,0.62,0.625,179412
WEB,20090212,1.11,1.145,1.095,1.145,13252
WEC,20090212,1.66,1.72,1.65,1.715,14507
WES,20090212,15.15,15.53,15.12,15.48,5603011
WFL,20090212,0.74,0.74,0.74,0.74,914
WGP,20090212,0.027,0.027,0.027,0.027,22903
WGR,20090212,0.185,0.19,0.17,0.19,97200
WHC,20090212,1.565,1.68,1.505,1.67,21225
WHF,20090212,2.28,2.28,2.28,2.28,390351
WHG,20090212,0.82,0.83,0.815,0.83,25750
WHS,20090212,2.75,2.75,2.75,2.75,4500
WIG,20090212,0.8,0.8,0.79,0.79,245100
WIL,20090212,0.5,0.52,0.5,0.52,5433
WKR,20090212,0.02,0.021,0.02,0.021,470000
WME,20090212,0.062,0.062,0.06,0.06,423003
WMT,20090212,0.037,0.037,0.036,0.036,184000
WOR,20090212,12.25,13.05,12.25,12.79,1099761
WOW,20090212,27.69,27.99,27.51,27.64,2102216
WPG,20090212,0.18,0.19,0.18,0.19,20500
WPL,20090212,32.36,33.15,32.07,32.15,1663853
WRK,20090212,0.14,0.15,0.13,0.13,294739
WSA,20090212,3.88,4,3.87,3.88,260628
WTF,20090212,3.22,3.3,3.14,3.25,176125
WTP,20090212,0.985,0.985,0.935,0.955,36200
WWA,20090212,1.67,1.7,1.66,1.7,17500
WWI,20090212,0.07,0.07,0.07,0.07,42000
WYL,20090212,0.61,0.63,0.6,0.63,64140
XAF,20090212,3565.5,3565.5,3565.5,3565.5,0
XAO,20090212,3421.8,3493.3,3418,3458.5,0
XAT,20090212,351380,351380,351380,351380,0
XBW,20090212,353.76,353.76,353.76,353.76,0
XCD,20090212,0.02,0.02,0.02,0.02,60000
XDJ,20090212,1021,1044.3,1018.9,1039.2,0
XEJ,20090212,11630.4,11908.6,11630.4,11683.8,0
XFJ,20090212,3147.5,3202.5,3144.4,3178.6,0
XFL,20090212,3542.8,3619.1,3537.8,3577.5,0
XGD,20090212,5209.5,5209.5,5209.5,5209.5,0
XHJ,20090212,8764.1,8853.8,8637.4,8649.6,0
XIJ,20090212,415.9,435.7,410.4,427.4,0
XJO,20090212,3478.7,3553.7,3474.4,3514.3,0
XKO,20090212,3462.8,3536.9,3458.6,3498.3,0
XMD,20090212,3028.3,3085.4,3023.9,3052.8,0
XMJ,20090212,9035.5,9291,9008.7,9134.2,0
XMM,20090212,3289.3,3289.3,3289.3,3289.3,0
XNJ,20090212,2679.4,2775.5,2672.5,2746,0
XPJ,20090212,731.6,734.2,716.1,726.1,0
XRF,20090212,0.09,0.09,0.09,0.09,49663
XSJ,20090212,5995.3,6128.8,5994.9,6062.2,0
XSO,20090212,1576.7,1615.8,1576.6,1606.4,0
XST,20090212,0.03,0.03,0.03,0.03,0
XTJ,20090212,1246.6,1265.6,1238.7,1253,0
XTL,20090212,2139,2180.7,2135.9,2152.5,0
XTO,20090212,2873.5,2934.3,2869.8,2901.1,0
XUJ,20090212,4175.3,4262.2,4168.5,4238.7,0
XXJ,20090212,3536.3,3611.9,3532.2,3583.4,0
ZDX,20090212,0.045,0.045,0.045,0.045,359234
ZIM,20090212,4.55,4.55,4.55,4.55,421
ZNC,20090212,0.018,0.018,0.015,0.015,1224411
ZYL,20090212,0.022,0.023,0.021,0.021,82276
