AAC,20090708,1.36,1.36,1.31,1.31,641097
AAF,20090708,0.004,0.005,0.004,0.004,2984932
AAK,20090708,0.003,0.003,0.002,0.003,5781766
AAM,20090708,0.145,0.145,0.135,0.135,252000
AAR,20090708,0.026,0.026,0.025,0.026,327348
AAU,20090708,0.23,0.23,0.23,0.23,4352
AAX,20090708,3.68,3.8,3.55,3.78,1131676
ABB,20090708,8.92,9.1,8.9,8.95,835779
ABC,20090708,2.05,2.07,2.03,2.05,3681397
ABP,20090708,0.355,0.355,0.34,0.345,3135007
ABQ,20090708,0.145,0.145,0.145,0.145,91000
ABU,20090708,0.02,0.02,0.02,0.02,300000
ABV,20090708,0.012,0.012,0.012,0.012,500000
ABY,20090708,0.515,0.535,0.5,0.535,956636
ACB,20090708,0.35,0.35,0.3,0.34,157415
ACL,20090708,0.34,0.345,0.34,0.345,41451
ACR,20090708,1.08,1.1,1.05,1.07,128135
ACS,20090708,0.15,0.15,0.15,0.15,100000
ADD,20090708,0.02,0.02,0.02,0.02,50000
ADE,20090708,0.12,0.12,0.115,0.115,31666
ADI,20090708,0.07,0.07,0.065,0.066,565582
ADN,20090708,0.095,0.098,0.095,0.098,110000
ADQ,20090708,0.07,0.07,0.07,0.07,33074
ADU,20090708,0.37,0.37,0.36,0.37,104500
ADX,20090708,0.099,0.1,0.095,0.1,732217
ADY,20090708,0.023,0.023,0.022,0.022,9770742
AEC,20090708,1.87,1.92,1.85,1.92,41000
AED,20090708,0.71,0.71,0.67,0.7,434362
AEE,20090708,0.115,0.115,0.105,0.105,69800
AEM,20090708,0.018,0.018,0.018,0.018,100000
AEO,20090708,1.39,1.465,1.39,1.465,760
AET,20090708,0.31,0.31,0.28,0.28,23020
AEU,20090708,0.23,0.235,0.23,0.235,31586
AEX,20090708,0.005,0.005,0.005,0.005,3000000
AEZ,20090708,0.046,0.046,0.045,0.045,360000
AFI,20090708,4.31,4.33,4.26,4.3,281031
AFR,20090708,0.055,0.055,0.055,0.055,6000
AFT,20090708,0.001,0.001,0.001,0.001,16390049
AGF,20090708,1.115,1.115,1.1,1.1,166249
AGG,20090708,9.2,9.2,9.19,9.19,1204
AGI,20090708,0.067,0.067,0.067,0.067,15000
AGK,20090708,13.66,13.83,13.54,13.67,2167121
AGO,20090708,1.535,1.555,1.51,1.54,1263624
AGS,20090708,0.635,0.635,0.61,0.62,645478
AGU,20090708,0.027,0.027,0.026,0.026,600000
AHD,20090708,4.4,4.4,4.23,4.23,199390
AHE,20090708,1.5,1.55,1.45,1.475,121813
AHN,20090708,0.05,0.05,0.05,0.05,135000
AHR,20090708,0.05,0.05,0.05,0.05,73300
AIA,20090708,1.23,1.25,1.2,1.23,5911
AIE,20090708,0.024,0.024,0.024,0.024,16666
AIO,20090708,1.27,1.285,1.25,1.275,10995930
AIQ,20090708,1.035,1.05,1.035,1.035,27139
AIX,20090708,1.19,1.225,1.18,1.21,3609096
AIZ,20090708,0.68,0.68,0.68,0.68,1400
AJL,20090708,3.13,3.15,2.96,3.06,194842
AKK,20090708,0.038,0.038,0.034,0.034,400000
AKR,20090708,0.625,0.625,0.625,0.625,1000
ALD,20090708,0.385,0.385,0.38,0.38,50000
ALF,20090708,1.01,1.01,1.005,1.005,25000
ALK,20090708,0.29,0.305,0.285,0.305,195150
ALL,20090708,3.44,3.51,3.37,3.49,1940676
ALR,20090708,1.2,1.2,1.18,1.18,34506
ALS,20090708,3.48,3.5,3.41,3.44,340399
ALT,20090708,0.028,0.028,0.028,0.028,100000
ALU,20090708,0.335,0.335,0.335,0.335,3750
ALZ,20090708,0.495,0.495,0.465,0.47,3120604
AMC,20090708,4.77,5.11,4.73,5.04,7479341
AMH,20090708,0.56,0.56,0.55,0.55,71415
AMM,20090708,0.155,0.155,0.145,0.15,352000
AMP,20090708,4.62,4.66,4.55,4.62,7223350
AMU,20090708,0.315,0.32,0.31,0.31,167619
AMX,20090708,0.31,0.315,0.29,0.29,282828
AND,20090708,1.755,1.83,1.74,1.775,80402
ANG,20090708,1.525,1.54,1.5,1.53,89332
ANM,20090708,0.053,0.053,0.053,0.053,59670
ANN,20090708,8.37,8.4,8.16,8.23,703109
ANP,20090708,0.045,0.045,0.045,0.045,100000
ANQ,20090708,0.265,0.27,0.265,0.27,105602
ANZ,20090708,15.9,16.31,15.82,16.3,13270644
AOC,20090708,0.085,0.085,0.085,0.085,9675
AOD,20090708,1.065,1.065,1.06,1.06,86379
AOE,20090708,3.12,3.16,3.04,3.09,4392820
AOM,20090708,0.006,0.006,0.006,0.006,966000
AON,20090708,0.215,0.22,0.215,0.22,24400
APA,20090708,2.64,2.66,2.61,2.64,834482
APB,20090708,0.05,0.05,0.05,0.05,20000
APD,20090708,0.17,0.17,0.165,0.165,27134
APG,20090708,0.037,0.038,0.037,0.038,100000
APH,20090708,0.13,0.135,0.13,0.135,113266
API,20090708,0.62,0.63,0.59,0.63,26492
APN,20090708,1.355,1.365,1.32,1.35,1546754
APZ,20090708,0.305,0.305,0.29,0.295,1287067
AQA,20090708,5.52,5.57,5.31,5.46,616512
AQD,20090708,0.13,0.13,0.13,0.13,90000
AQP,20090708,4.05,4.17,3.95,4.12,1266076
AQR,20090708,0.055,0.055,0.055,0.055,50000
ARD,20090708,0.12,0.12,0.11,0.11,45000
ARE,20090708,0.053,0.053,0.053,0.053,185000
ARG,20090708,5.82,5.89,5.8,5.82,184625
ARJ,20090708,0.65,0.7,0.65,0.7,15500
ARM,20090708,0.205,0.22,0.195,0.2,572572
ARP,20090708,3.75,3.8,3.75,3.75,4057
ARU,20090708,0.6,0.6,0.57,0.575,228579
ARW,20090708,0.014,0.014,0.013,0.013,1891342
ARX,20090708,0.026,0.026,0.026,0.026,7000
ASB,20090708,2.8,2.8,2.65,2.65,55778
ASL,20090708,0.88,0.89,0.875,0.88,355263
ASU,20090708,0.002,0.002,0.002,0.002,2227998
ASW,20090708,0.245,0.245,0.245,0.245,10000
ASX,20090708,34.03,34.12,33.66,34.01,1016607
ASZ,20090708,0.62,0.62,0.605,0.615,72015
ATN,20090708,0.012,0.012,0.011,0.011,496000
ATR,20090708,1.8,1.8,1.8,1.8,1507
ATV,20090708,0.045,0.045,0.043,0.043,172554
AUF,20090708,1,1,1,1,50000
AUI,20090708,5.8,5.95,5.8,5.95,6950
AUK,20090708,0.038,0.038,0.03,0.033,592667
AUN,20090708,0.83,0.83,0.78,0.82,3270330
AUQ,20090708,0.048,0.048,0.048,0.048,10567
AUT,20090708,0.13,0.13,0.13,0.13,10000
AVA,20090708,0.081,0.084,0.081,0.084,146000
AVB,20090708,0.013,0.013,0.013,0.013,500000
AVD,20090708,0.08,0.08,0.08,0.08,21387
AVE,20090708,0.85,0.87,0.835,0.86,89519
AVG,20090708,0.145,0.15,0.145,0.15,167265
AVH,20090708,0.1,0.1,0.097,0.097,100000
AVJ,20090708,0.25,0.27,0.25,0.27,35650
AVM,20090708,1.6,1.6,1.6,1.6,1700
AVO,20090708,1.65,1.65,1.57,1.595,952482
AVX,20090708,0.11,0.11,0.105,0.105,942284
AVZ,20090708,0.096,0.096,0.095,0.095,100000
AWB,20090708,1.2,1.205,1.18,1.195,703034
AWC,20090708,1.32,1.36,1.29,1.36,25678991
AWE,20090708,2.44,2.46,2.36,2.38,1460957
AXA,20090708,3.52,3.59,3.51,3.57,2598626
AXI,20090708,0.059,0.059,0.059,0.059,10000
AXM,20090708,0.165,0.17,0.16,0.16,1977649
AXO,20090708,0.305,0.305,0.3,0.305,84650
AXY,20090708,0.078,0.078,0.069,0.069,1161952
AYF,20090708,5.22,5.22,5.22,5.22,1700
AZM,20090708,0.11,0.12,0.11,0.12,9917
AZS,20090708,0.038,0.039,0.038,0.039,450000
AZZ,20090708,0.315,0.315,0.28,0.3,676932
BAR,20090708,0.155,0.155,0.145,0.155,1546200
BAS,20090708,0.028,0.028,0.028,0.028,32366
BAU,20090708,0.41,0.41,0.38,0.39,195093
BBG,20090708,8.15,8.25,8.03,8.24,1331303
BBI,20090708,0.065,0.066,0.061,0.062,11202689
BBP,20090708,0.081,0.083,0.079,0.081,1174973
BCC,20090708,0.037,0.037,0.037,0.037,100000
BCD,20090708,0.14,0.14,0.135,0.135,124514
BCI,20090708,1.01,1.02,0.975,0.99,187712
BCN,20090708,0.014,0.014,0.013,0.014,362136
BDG,20090708,0.255,0.255,0.25,0.25,139979
BDI,20090708,0.038,0.038,0.036,0.036,308000
BDL,20090708,0.041,0.041,0.039,0.039,2028189
BDM,20090708,0.09,0.09,0.09,0.09,5600
BDR,20090708,0.086,0.086,0.086,0.086,125000
BEC,20090708,0.14,0.145,0.125,0.145,247870
BEL,20090708,0.275,0.275,0.275,0.275,33000
BEN,20090708,6.8,6.95,6.79,6.9,805507
BFG,20090708,0.7,0.7,0.69,0.69,13348
BGD,20090708,0.094,0.105,0.094,0.105,214888
BGL,20090708,0.061,0.061,0.061,0.061,50000
BHP,20090708,31.5,32.16,31.33,32.14,17030210
BJT,20090708,0.33,0.33,0.32,0.325,1642624
BKG,20090708,0.07,0.07,0.07,0.07,10000
BKI,20090708,1.065,1.065,1.03,1.035,185758
BKL,20090708,15.7,16,15.7,15.9,5937
BKN,20090708,3.85,3.94,3.72,3.91,985325
BKW,20090708,12.9,12.9,12.16,12.3,11112
BKY,20090708,1.05,1.075,1,1.075,196528
BLD,20090708,3.82,3.95,3.77,3.93,3842689
BLG,20090708,0.21,0.23,0.21,0.23,301187
BLK,20090708,0.155,0.155,0.155,0.155,5000
BLR,20090708,0.086,0.086,0.083,0.085,2336723
BLY,20090708,0.225,0.23,0.215,0.225,31080216
BLZ,20090708,0.012,0.012,0.011,0.011,414799
BMN,20090708,1.03,1.05,0.965,1,960947
BMY,20090708,0.08,0.08,0.066,0.069,2103807
BND,20090708,0.415,0.415,0.4,0.4,82930
BNO,20090708,0.225,0.23,0.215,0.23,123566
BOC,20090708,0.595,0.595,0.5,0.555,29750
BOD,20090708,0.04,0.04,0.035,0.035,50000
BOL,20090708,0.3,0.3,0.28,0.285,586520
BON,20090708,0.055,0.055,0.055,0.055,34107
BOQ,20090708,8.9,8.97,8.85,8.94,575775
BOS,20090708,0.02,0.02,0.015,0.015,250127
BOW,20090708,0.78,0.78,0.755,0.765,775192
BPT,20090708,0.765,0.765,0.745,0.75,5559253
BRG,20090708,0.865,0.865,0.865,0.865,43500
BRM,20090708,1.19,1.21,1.15,1.15,242297
BRU,20090708,0.17,0.17,0.165,0.165,800828
BRW,20090708,0.069,0.069,0.068,0.068,375000
BSA,20090708,0.135,0.135,0.125,0.13,338727
BSE,20090708,0.075,0.075,0.075,0.075,97800
BSL,20090708,2.28,2.3,2.25,2.28,25961003
BSM,20090708,0.225,0.225,0.21,0.22,149547
BTA,20090708,1.28,1.3,1.25,1.3,360359
BTR,20090708,0.29,0.29,0.285,0.285,25500
BTT,20090708,2.08,2.08,1.97,2.07,85631
BTU,20090708,0.05,0.05,0.05,0.05,5600
BUG,20090708,0.375,0.375,0.355,0.355,63000
BUL,20090708,0.205,0.205,0.195,0.2,1011240
BUR,20090708,0.049,0.05,0.049,0.05,100000
BUY,20090708,0.026,0.027,0.026,0.027,4322030
BVA,20090708,0.16,0.16,0.15,0.15,187059
BWN,20090708,0.105,0.135,0.105,0.135,69500
BWP,20090708,1.655,1.67,1.64,1.65,488804
BXB,20090708,5.71,5.77,5.63,5.71,5694673
CAA,20090708,0.075,0.08,0.075,0.08,29000
CAB,20090708,5.08,5.09,5.01,5.08,1028766
CAF,20090708,0.12,0.16,0.12,0.16,29500
CAG,20090708,0.005,0.006,0.005,0.006,430000
CAH,20090708,0.099,0.099,0.094,0.098,2020005
CAM,20090708,0.745,0.745,0.745,0.745,2000
CAP,20090708,0.075,0.075,0.075,0.075,635
CAQ,20090708,0.089,0.096,0.089,0.096,313584
CAV,20090708,0.15,0.15,0.15,0.15,49500
CAZ,20090708,0.17,0.175,0.17,0.175,1807773
CBA,20090708,36.25,37.26,36.2,37.26,5792590
CBB,20090708,0.34,0.34,0.34,0.34,30000
CBD,20090708,0.085,0.085,0.08,0.08,32000
CBH,20090708,0.11,0.115,0.105,0.11,4685287
CBR,20090708,1.5,1.5,1.5,1.5,7140
CCD,20090708,1.03,1.05,1,1.05,59440
CCF,20090708,0.325,0.325,0.31,0.31,45000
CCI,20090708,0.054,0.054,0.054,0.054,205250
CCL,20090708,8.45,8.56,8.44,8.47,2410732
CCP,20090708,1.25,1.25,1.215,1.215,65929
CCQ,20090708,0.37,0.375,0.37,0.375,125000
CCU,20090708,0.07,0.07,0.07,0.07,4838
CCY,20090708,0.072,0.074,0.072,0.074,64868
CDD,20090708,3.39,3.4,3.36,3.38,60076
CDP,20090708,3.45,3.45,3.42,3.44,16227
CDU,20090708,2.48,2.54,2.46,2.54,158265
CEG,20090708,0.13,0.14,0.13,0.14,69751
CER,20090708,0.094,0.094,0.093,0.093,2317074
CEU,20090708,0.31,0.325,0.31,0.325,13938351
CEY,20090708,2.18,2.18,2.07,2.14,3576373
CFE,20090708,0.33,0.335,0.33,0.335,640841
CFR,20090708,0.007,0.007,0.007,0.007,632400
CFU,20090708,0.16,0.165,0.155,0.16,2740887
CFX,20090708,1.635,1.675,1.635,1.675,9366706
CGF,20090708,2.11,2.17,2.04,2.15,1235751
CGG,20090708,0.195,0.195,0.185,0.185,591559
CGM,20090708,0.021,0.021,0.021,0.021,100000
CGO,20090708,0.49,0.49,0.45,0.45,65593
CGT,20090708,0.045,0.045,0.044,0.044,52000
CGX,20090708,1.44,1.46,1.44,1.46,7000
CHB,20090708,22.1,22.2,22.1,22.2,1760
CHC,20090708,0.46,0.48,0.455,0.47,2534660
CHF,20090708,0.065,0.065,0.065,0.065,27300
CHM,20090708,0.018,0.018,0.016,0.016,3520777
CHN,20090708,0.285,0.285,0.28,0.285,312056
CHO,20090708,4.3,4.3,4.3,4.3,11416
CHZ,20090708,0.098,0.098,0.098,0.098,20000
CIF,20090708,1.555,1.555,1.47,1.47,85037
CIG,20090708,0.015,0.015,0.015,0.015,650000
CIL,20090708,0.94,0.985,0.94,0.97,34304
CIN,20090708,14.7,14.73,14.7,14.73,3592
CIR,20090708,0.745,0.745,0.745,0.745,700
CIX,20090708,0.32,0.32,0.31,0.32,25500
CIY,20090708,0.04,0.04,0.04,0.04,86476
CKK,20090708,0.215,0.215,0.205,0.215,180000
CKL,20090708,0.4,0.4,0.4,0.4,30000
CKT,20090708,0.4,0.4,0.4,0.4,11261
CLH,20090708,0.47,0.49,0.47,0.485,19575
CLO,20090708,0.71,0.71,0.7,0.71,188450
CLQ,20090708,0.31,0.31,0.3,0.3,27480
CLV,20090708,0.21,0.21,0.21,0.21,25000
CMI,20090708,0.35,0.35,0.35,0.35,1631
CMJ,20090708,2.2,2.55,2.17,2.53,84677545
CMV,20090708,0.09,0.09,0.089,0.089,46047
CMW,20090708,0.565,0.565,0.55,0.565,320694
CNA,20090708,86.07,86.07,86,86,432
CND,20090708,0.6,0.6,0.6,0.6,6500
CNF,20090708,0.057,0.057,0.055,0.055,279994
CNK,20090708,0.058,0.058,0.058,0.058,50000
CNM,20090708,0.215,0.215,0.205,0.21,524237
CNN,20090708,0.022,0.023,0.022,0.023,341084
CNP,20090708,0.091,0.093,0.09,0.09,2629878
CNT,20090708,1.7,1.7,1.645,1.655,187334
CNX,20090708,0.35,0.385,0.345,0.375,2750598
COE,20090708,0.4,0.4,0.385,0.395,1977194
COF,20090708,1.845,1.845,1.81,1.825,31465
COH,20090708,56,56.81,54.5,54.72,247369
COI,20090708,0.29,0.29,0.285,0.285,117800
COK,20090708,0.405,0.415,0.39,0.415,233027
COU,20090708,1.24,1.245,1.225,1.225,193120
COV,20090708,0.155,0.155,0.145,0.155,276000
COZ,20090708,0.185,0.185,0.175,0.175,20000
CPA,20090708,0.785,0.79,0.77,0.775,7163517
CPB,20090708,19.75,19.75,18.9,19.2,48880
CPN,20090708,0.09,0.095,0.09,0.095,72000
CPR,20090708,0.155,0.155,0.13,0.15,30750
CPU,20090708,8.55,8.65,8.51,8.62,1209484
CQT,20090708,0.46,0.46,0.455,0.455,1073941
CRC,20090708,0.15,0.15,0.145,0.145,215000
CRE,20090708,0.13,0.13,0.13,0.13,4200
CRG,20090708,9.95,10.02,9.82,10,259954
CRJ,20090708,0.017,0.019,0.017,0.019,50177
CRK,20090708,0.59,0.68,0.59,0.665,223798
CRS,20090708,0.02,0.02,0.02,0.02,858364
CSE,20090708,0.105,0.105,0.105,0.105,3000
CSL,20090708,30.51,30.68,30.48,30.59,2079899
CSR,20090708,1.515,1.52,1.49,1.52,6772131
CSS,20090708,0.61,0.65,0.61,0.61,454457
CST,20090708,3,3.01,3,3.01,3408
CSV,20090708,0.935,0.935,0.89,0.91,243490
CSW,20090708,0.92,0.92,0.92,0.92,50000
CTN,20090708,0.79,0.79,0.76,0.77,118030
CTO,20090708,0.16,0.165,0.16,0.16,1134816
CTP,20090708,0.081,0.082,0.079,0.08,3660175
CTX,20090708,11.7,11.77,11.42,11.56,1256231
CUE,20090708,0.14,0.14,0.14,0.14,237334
CUL,20090708,0.059,0.059,0.059,0.059,280000
CUR,20090708,0.3,0.33,0.3,0.33,40001
CUS,20090708,2.37,2.37,2.31,2.33,69033
CUV,20090708,0.305,0.305,0.3,0.3,103000
CUX,20090708,0.066,0.066,0.063,0.063,219522
CVA,20090708,0.024,0.024,0.024,0.024,8000
CVC,20090708,0.53,0.53,0.53,0.53,5300
CVG,20090708,0.07,0.07,0.07,0.07,27718
CVI,20090708,0.006,0.007,0.006,0.006,1453920
CVN,20090708,0.66,0.665,0.635,0.655,4670770
CWK,20090708,0.285,0.285,0.27,0.28,375000
CWN,20090708,6.43,6.59,6.41,6.51,3498451
CWP,20090708,1.38,1.38,1.38,1.38,12467
CWT,20090708,0.265,0.265,0.25,0.25,115798
CXC,20090708,14.3,14.3,14.03,14.2,24632
CXG,20090708,0.235,0.24,0.235,0.24,22875
CXM,20090708,0.28,0.285,0.27,0.27,29000
CXP,20090708,3.67,3.7,3.61,3.65,212626
CXS,20090708,0.515,0.52,0.505,0.51,401141
CXU,20090708,0.315,0.315,0.29,0.29,114790
CXY,20090708,0.09,0.09,0.085,0.089,2002208
CYA,20090708,0.76,0.77,0.75,0.77,97017
CYG,20090708,1.01,1.01,0.96,0.98,12780
CYS,20090708,0.125,0.125,0.125,0.125,20000
CYT,20090708,0.068,0.068,0.068,0.068,132756
CYU,20090708,0.16,0.16,0.16,0.16,20000
CZA,20090708,1.53,1.54,1.45,1.54,145096
CZP,20090708,0.059,0.059,0.059,0.059,20000
DCG,20090708,0.66,0.67,0.655,0.67,165000
DDD,20090708,0.011,0.011,0.011,0.011,1000000
DDT,20090708,0.018,0.018,0.017,0.017,304190
DEG,20090708,0.051,0.051,0.044,0.044,482993
DEX,20090708,0.3,0.3,0.3,0.3,146434
DGR,20090708,0.037,0.037,0.035,0.035,153580
DIO,20090708,0.685,0.7,0.67,0.7,389037
DJS,20090708,4.32,4.32,4.21,4.28,2470237
DJW,20090708,3.75,3.8,3.74,3.8,24218
DKN,20090708,0.405,0.405,0.405,0.405,2997
DKS,20090708,6.98,6.98,6.98,6.98,593
DLS,20090708,0.029,0.03,0.028,0.028,2582823
DMG,20090708,0.18,0.18,0.18,0.18,8500
DML,20090708,0.25,0.25,0.24,0.24,180000
DMM,20090708,0.175,0.175,0.175,0.175,10000
DMP,20090708,3.24,3.24,3.24,3.24,186
DMX,20090708,0.185,0.2,0.185,0.2,74900
DOM,20090708,4.32,4.35,4.09,4.09,186891
DOW,20090708,5.08,5.17,4.95,5.13,1625804
DRA,20090708,0.058,0.058,0.058,0.058,75000
DRK,20090708,0.13,0.15,0.13,0.14,430000
DRX,20090708,0.15,0.155,0.15,0.155,111079
DTL,20090708,5.6,5.71,5.51,5.51,2157
DUE,20090708,1.5,1.53,1.49,1.53,2103221
DUI,20090708,2.58,2.58,2.58,2.58,42770
DVM,20090708,0.042,0.042,0.042,0.042,30000
DVN,20090708,0.43,0.45,0.43,0.45,38432
DWS,20090708,0.775,0.775,0.74,0.745,79731
DXS,20090708,0.7,0.705,0.695,0.7,36512429
DYE,20090708,0.775,0.8,0.775,0.78,31505
DYL,20090708,0.31,0.32,0.3,0.32,526022
EAL,20090708,0.245,0.245,0.245,0.245,2500
EAR,20090708,0.035,0.035,0.035,0.035,20000
EBT,20090708,0.056,0.06,0.056,0.056,127500
ECE,20090708,0.002,0.002,0.002,0.002,2025115
ECM,20090708,0.095,0.095,0.095,0.095,166666
ECU,20090708,0.26,0.26,0.25,0.255,101660
EDE,20090708,0.053,0.055,0.052,0.055,203600
EDS,20090708,0.071,0.071,0.07,0.07,50000
EFE,20090708,0.07,0.07,0.07,0.07,40000
EFG,20090708,0.065,0.065,0.064,0.064,210398
EFT,20090708,0.025,0.025,0.022,0.022,225000
EGO,20090708,0.009,0.009,0.009,0.009,2649770
EHL,20090708,0.34,0.345,0.325,0.335,3352639
EKM,20090708,0.039,0.039,0.039,0.039,62499
ELD,20090708,0.245,0.25,0.23,0.23,6164011
ELI,20090708,0.75,0.75,0.75,0.75,18000
ELK,20090708,0.18,0.18,0.165,0.165,72578
ELX,20090708,0.14,0.14,0.14,0.14,10000
EMA,20090708,0.27,0.275,0.27,0.275,40066
EME,20090708,0.51,0.51,0.49,0.49,28000
EMM,20090708,0.03,0.03,0.03,0.03,50000
EMS,20090708,0.032,0.032,0.032,0.032,114286
EMU,20090708,0.081,0.081,0.081,0.081,16000
ENB,20090708,0.185,0.2,0.185,0.2,34505
ENE,20090708,2.31,2.49,2.31,2.45,102737
ENT,20090708,0.26,0.27,0.26,0.27,103000
ENV,20090708,0.45,0.46,0.45,0.455,929677
EON,20090708,0.45,0.45,0.45,0.45,5000
EPG,20090708,0.18,0.18,0.175,0.18,543688
EPR,20090708,0.005,0.005,0.005,0.005,225000
EPX,20090708,0.85,0.85,0.85,0.85,11948
EPY,20090708,0.12,0.12,0.12,0.12,5000
EQN,20090708,2.36,2.37,2.27,2.31,2723849
EQT,20090708,14.25,14.25,14,14,1029
ERA,20090708,20.51,20.64,19.91,20.63,699490
ERC,20090708,1.17,1.24,1.155,1.175,382026
ERH,20090708,0.13,0.13,0.125,0.13,526170
ERJ,20090708,0.095,0.095,0.09,0.09,472124
ERM,20090708,0.155,0.155,0.15,0.15,311064
ERO,20090708,0.046,0.05,0.045,0.05,42200
ESG,20090708,0.825,0.855,0.81,0.85,3720241
ESI,20090708,0.082,0.092,0.077,0.078,79917165
ESN,20090708,0.004,0.004,0.004,0.004,750000
ESV,20090708,0.445,0.445,0.41,0.41,637186
ETC,20090708,0.35,0.35,0.335,0.34,3400239
ETE,20090708,0.105,0.115,0.105,0.115,2183700
EUG,20090708,0.195,0.195,0.195,0.195,100000
EVG,20090708,0.055,0.059,0.054,0.059,281335
EVM,20090708,0.045,0.045,0.041,0.041,87971
EVZ,20090708,0.11,0.12,0.11,0.12,327369
EWC,20090708,0.59,0.6,0.545,0.585,2231194
EXE,20090708,0.15,0.15,0.145,0.15,265200
EXM,20090708,0.013,0.013,0.012,0.013,4419638
EXR,20090708,0.05,0.05,0.048,0.049,74000
EXS,20090708,0.24,0.245,0.225,0.245,412102
EXT,20090708,5.89,5.89,5.7,5.86,345815
EZE,20090708,0.024,0.027,0.024,0.027,31391
EZL,20090708,1.04,1.09,1.03,1.045,71574
FAC,20090708,0.06,0.06,0.06,0.06,54549
FAN,20090708,2.8,2.9,2.8,2.85,37377
FAR,20090708,0.082,0.085,0.081,0.082,2325748
FAS,20090708,0.039,0.039,0.039,0.039,44750
FBU,20090708,5.09,5.18,5.06,5.11,1898780
FCN,20090708,0.091,0.091,0.09,0.09,6000
FEA,20090708,0.15,0.16,0.145,0.16,479451
FER,20090708,0.1,0.1,0.097,0.097,79620
FGE,20090708,0.415,0.415,0.39,0.4,93985
FGL,20090708,4.94,5.07,4.93,5,5517618
FIS,20090708,0.155,0.155,0.14,0.145,492500
FKP,20090708,0.46,0.465,0.45,0.45,2533640
FLS,20090708,0.46,0.46,0.42,0.42,8151
FLT,20090708,8.49,8.65,8.45,8.6,230667
FLX,20090708,13.71,13.76,13.42,13.64,373074
FMG,20090708,3.33,3.55,3.27,3.55,17195178
FML,20090708,0.026,0.026,0.025,0.025,10218454
FMS,20090708,0.055,0.055,0.053,0.055,4408949
FND,20090708,0.35,0.365,0.35,0.365,65890
FPA,20090708,0.52,0.53,0.52,0.53,100892
FPH,20090708,2.32,2.32,2.25,2.3,16710
FPS,20090708,1.31,1.31,1.3,1.3,6749
FRI,20090708,0.74,0.78,0.74,0.78,8950
FRR,20090708,0.12,0.12,0.1,0.1,263357
FRS,20090708,0.48,0.5,0.475,0.5,283668
FRV,20090708,0.011,0.011,0.011,0.011,6530
FSA,20090708,0.38,0.38,0.37,0.38,51093
FSE,20090708,0.035,0.035,0.034,0.034,385000
FTE,20090708,0.13,0.14,0.125,0.14,1204709
FUN,20090708,0.14,0.14,0.13,0.13,37190
FUT,20090708,0.004,0.004,0.004,0.004,2095409
FWD,20090708,5.65,5.71,5.53,5.58,205245
FWL,20090708,0.079,0.079,0.078,0.078,50000
FXJ,20090708,1.1,1.11,1.07,1.1,11386437
FXL,20090708,0.685,0.71,0.67,0.71,97257
FXR,20090708,0.12,0.125,0.115,0.125,577084
GAU,20090708,0.105,0.105,0.1,0.1,2726000
GBE,20090708,0.16,0.18,0.16,0.175,374000
GBG,20090708,0.71,0.73,0.7,0.715,1658245
GBI,20090708,0.495,0.495,0.495,0.495,21023
GBP,20090708,0.12,0.12,0.11,0.11,550000
GBT,20090708,0.71,0.71,0.69,0.7,9450
GBX,20090708,0.04,0.04,0.04,0.04,5000
GBZ,20090708,0.045,0.046,0.045,0.045,289710
GCL,20090708,4.62,4.86,4.52,4.83,34499
GCN,20090708,0.018,0.018,0.018,0.018,20000
GCR,20090708,0.02,0.02,0.018,0.018,1120000
GDA,20090708,0.011,0.011,0.01,0.01,985291
GDN,20090708,0.079,0.079,0.074,0.077,2079475
GDO,20090708,0.305,0.305,0.29,0.29,24800
GDY,20090708,0.9,0.935,0.9,0.935,102044
GFE,20090708,0.195,0.195,0.195,0.195,353
GFF,20090708,1.255,1.28,1.255,1.27,6595014
GFL,20090708,0.705,0.705,0.7,0.7,20104
GGP,20090708,0.058,0.067,0.057,0.06,4731750
GGY,20090708,0.059,0.061,0.059,0.061,684625
GIP,20090708,0.054,0.054,0.05,0.05,117111
GIR,20090708,0.61,0.61,0.59,0.595,68350
GJT,20090708,0.046,0.049,0.043,0.044,925853
GLB,20090708,0.225,0.225,0.225,0.225,400
GME,20090708,0.06,0.06,0.06,0.06,37317
GMG,20090708,0.4,0.43,0.39,0.425,33432721
GMI,20090708,0.905,0.915,0.905,0.915,182201
GML,20090708,0.075,0.078,0.075,0.078,261632
GMR,20090708,0.075,0.093,0.075,0.08,9118476
GNC,20090708,6.8,7.14,6.78,7.07,845394
GNS,20090708,0.93,0.95,0.91,0.925,1018458
GNV,20090708,0.078,0.078,0.071,0.071,157600
GOA,20090708,0.016,0.016,0.016,0.016,70000
GPG,20090708,0.52,0.525,0.52,0.525,107374
GPM,20090708,0.105,0.11,0.1,0.1,880089
GPT,20090708,0.5,0.53,0.5,0.53,59121263
GRB,20090708,0.063,0.063,0.062,0.062,63000
GRD,20090708,0.48,0.48,0.465,0.465,73141
GRK,20090708,0.063,0.065,0.056,0.056,676474
GRR,20090708,0.475,0.48,0.4,0.41,127719
GRY,20090708,0.29,0.295,0.275,0.275,332460
GSF,20090708,0.003,0.004,0.003,0.004,475589
GTG,20090708,0.048,0.048,0.048,0.048,10
GUD,20090708,6.47,6.58,6.37,6.47,311789
GUN,20090708,0.105,0.105,0.105,0.105,138464
GWR,20090708,0.4,0.4,0.4,0.4,201750
GWT,20090708,2.28,2.31,2.25,2.29,770331
GXY,20090708,0.73,0.73,0.69,0.71,385240
HAP,20090708,0.15,0.15,0.15,0.15,15000
HAV,20090708,0.455,0.455,0.455,0.455,16500
HAW,20090708,0.007,0.008,0.007,0.008,650000
HAZ,20090708,0.11,0.11,0.11,0.11,5000
HDF,20090708,0.86,0.885,0.855,0.87,2470417
HDN,20090708,0.145,0.145,0.14,0.14,123000
HEG,20090708,0.185,0.185,0.175,0.175,330963
HFA,20090708,0.185,0.185,0.175,0.18,2131615
HGG,20090708,1.96,1.96,1.88,1.93,1551259
HGO,20090708,0.23,0.23,0.225,0.225,1941351
HHL,20090708,4.9,4.9,4.8,4.8,2913
HHV,20090708,0.735,0.735,0.73,0.735,314155
HHY,20090708,1.15,1.175,1.15,1.175,10260
HIG,20090708,0.14,0.14,0.135,0.135,260331
HIL,20090708,1.515,1.515,1.5,1.5,224929
HIN,20090708,0.79,0.81,0.79,0.795,591630
HIT,20090708,0.019,0.019,0.019,0.019,4000
HLG,20090708,0.22,0.22,0.2,0.21,84700
HLX,20090708,0.072,0.072,0.072,0.072,10000
HNG,20090708,0.8,0.8,0.8,0.8,13679
HNR,20090708,0.11,0.11,0.11,0.11,10000
HRL,20090708,0.085,0.085,0.085,0.085,30000
HRR,20090708,0.175,0.175,0.165,0.165,364692
HSK,20090708,0.45,0.45,0.425,0.45,317380
HSP,20090708,4.19,4.31,4.18,4.2,951728
HST,20090708,1.24,1.245,1.225,1.235,580602
HTE,20090708,0.028,0.028,0.026,0.026,35000
HTI,20090708,0.008,0.008,0.008,0.008,182354
HTM,20090708,0.017,0.017,0.017,0.017,277103
HTX,20090708,0.032,0.032,0.032,0.032,70000
HVN,20090708,3,3.07,2.95,3.02,3534858
HZN,20090708,0.16,0.165,0.16,0.165,2302744
IAA,20090708,40.5,40.5,40.31,40.31,1671
IAG,20090708,3.43,3.49,3.43,3.45,4285768
IAT,20090708,0.017,0.017,0.017,0.017,150000
IAU,20090708,0.275,0.28,0.26,0.27,968700
IAW,20090708,0.16,0.16,0.145,0.145,7000
IBC,20090708,0.4,0.4,0.38,0.38,34741
IBG,20090708,0.095,0.1,0.095,0.1,66935
IBK,20090708,43,43,42.46,42.46,373
ICN,20090708,0.28,0.28,0.26,0.265,4361556
ICP,20090708,0.035,0.035,0.033,0.033,300000
ICV,20090708,0.009,0.009,0.009,0.009,846990
IDG,20090708,0.62,0.62,0.6,0.6,158478
IDL,20090708,0.22,0.225,0.215,0.225,4293700
IDM,20090708,0.065,0.065,0.065,0.065,274057
IDO,20090708,0.24,0.24,0.22,0.22,40400
IDT,20090708,1.455,1.455,1.455,1.455,1187
IEF,20090708,0.15,0.15,0.15,0.15,32040
IEM,20090708,40,40.04,39.7,39.8,2609
IFE,20090708,0.24,0.24,0.24,0.24,10000
IFL,20090708,4.13,4.28,4.13,4.25,1182486
IFM,20090708,0.3,0.305,0.3,0.305,26000
IFN,20090708,1.11,1.11,1.07,1.08,3107287
IGC,20090708,0.22,0.225,0.22,0.22,232600
IGO,20090708,4.09,4.19,4.01,4.19,274910
IGR,20090708,0.27,0.27,0.265,0.265,881647
IHK,20090708,16.97,16.97,16.97,16.97,58
IIF,20090708,0.24,0.245,0.23,0.245,6719437
III,20090708,0.095,0.095,0.095,0.095,7600
IIN,20090708,1.655,1.695,1.655,1.66,2500
ILF,20090708,0.05,0.05,0.05,0.05,265932
ILU,20090708,2.75,2.81,2.71,2.75,3723242
IMA,20090708,0.63,0.635,0.61,0.63,12408
IMD,20090708,0.605,0.615,0.59,0.605,460242
IMF,20090708,1.575,1.575,1.47,1.52,281278
IMI,20090708,0.003,0.004,0.003,0.003,4321377
IMP,20090708,0.008,0.008,0.008,0.008,1100000
INL,20090708,0.016,0.016,0.015,0.016,2497000
INP,20090708,0.23,0.235,0.225,0.23,109507
INT,20090708,0.019,0.019,0.018,0.019,8309000
IOF,20090708,0.465,0.47,0.45,0.46,16370114
IOH,20090708,0.75,0.75,0.72,0.73,98120
IOO,20090708,61.5,61.5,60.93,60.96,4003
IPE,20090708,0.175,0.175,0.175,0.175,65000
IPL,20090708,2.17,2.22,2.14,2.22,10647572
IRD,20090708,0.19,0.2,0.19,0.195,105861
IRE,20090708,6.75,6.75,6.6,6.64,421483
IRG,20090708,0.005,0.005,0.005,0.005,2000
IRH,20090708,0.054,0.054,0.05,0.05,260000
IRI,20090708,0.27,0.27,0.27,0.27,9000
IRL,20090708,0.018,0.019,0.018,0.019,235800
IRM,20090708,0.079,0.079,0.079,0.079,40000
IRN,20090708,0.43,0.43,0.41,0.425,1246770
IRU,20090708,62.18,62.18,62.18,62.18,14
ISF,20090708,0.63,0.64,0.625,0.625,1263133
ISG,20090708,11.1,11.11,11.1,11.11,4370
ISK,20090708,0.22,0.27,0.22,0.27,87769
ISS,20090708,0.16,0.16,0.16,0.16,3156
ITC,20090708,0.06,0.06,0.057,0.06,12119674
ITD,20090708,0.084,0.084,0.084,0.084,104120
IVA,20090708,1.95,1.95,1.85,1.91,133301
IVC,20090708,5.46,5.48,5.3,5.39,271355
IVE,20090708,57.12,57.12,56.66,56.66,3309
IVV,20090708,113.25,113.3,112.9,113.01,453
IXR,20090708,0.26,0.26,0.25,0.25,76884
IZZ,20090708,47.2,47.23,46.76,46.99,2037
JAL,20090708,0.375,0.375,0.34,0.34,246628
JBH,20090708,14.25,14.36,14.1,14.25,300605
JET,20090708,0.75,0.75,0.71,0.71,58333
JGL,20090708,0.105,0.12,0.105,0.11,4800909
JHX,20090708,3.76,3.89,3.73,3.88,2939016
JMB,20090708,0.39,0.39,0.38,0.38,160784
JML,20090708,0.255,0.255,0.25,0.25,1055181
JMS,20090708,0.21,0.22,0.205,0.21,283453
JPR,20090708,0.04,0.04,0.038,0.038,213851
JRL,20090708,0.4,0.4,0.4,0.4,2000
JRV,20090708,0.006,0.006,0.006,0.006,7302488
KAR,20090708,8.27,8.35,7.92,8.2,532690
KAS,20090708,0.04,0.04,0.04,0.04,369844
KBC,20090708,0.088,0.088,0.083,0.085,331300
KCN,20090708,6.52,6.52,6.31,6.4,378012
KEY,20090708,0.135,0.14,0.135,0.14,150188
KIK,20090708,0.15,0.15,0.14,0.15,409667
KIL,20090708,0.49,0.5,0.49,0.5,50252
KML,20090708,0.038,0.038,0.037,0.037,570585
KMN,20090708,0.096,0.096,0.095,0.095,30000
KOV,20090708,3.7,3.7,3.7,3.7,60000
KRM,20090708,0.37,0.385,0.37,0.38,292000
KSC,20090708,2.05,2.05,1.9,1.95,46015
KSO,20090708,0.05,0.05,0.048,0.048,75000
KSX,20090708,0.045,0.045,0.045,0.045,780000
KTE,20090708,0.028,0.028,0.028,0.028,166251
KTL,20090708,0.008,0.01,0.008,0.01,674400
KYC,20090708,0.285,0.295,0.285,0.295,19000
KZL,20090708,0.67,0.68,0.655,0.675,3892416
LAU,20090708,0.175,0.175,0.175,0.175,2266
LBL,20090708,0.095,0.095,0.095,0.095,25000
LBT,20090708,0.14,0.2,0.14,0.2,147053
LCE,20090708,0.4,0.4,0.4,0.4,5000
LCT,20090708,0.18,0.18,0.165,0.18,18380
LCY,20090708,0.075,0.075,0.075,0.075,5000
LEG,20090708,0.019,0.019,0.018,0.018,1278983
LEI,20090708,21.51,21.65,21.1,21.65,733602
LEP,20090708,2.23,2.27,2.23,2.25,7500
LGD,20090708,0.08,0.08,0.08,0.08,4090
LGL,20090708,2.82,2.87,2.78,2.82,18875688
LIN,20090708,0.15,0.15,0.145,0.145,118295
LKO,20090708,0.014,0.016,0.013,0.015,109369606
LLC,20090708,6.73,6.85,6.6,6.85,1435843
LLP,20090708,0.09,0.09,0.09,0.09,106000
LMC,20090708,3.8,3.8,3.8,3.8,500
LML,20090708,0.085,0.085,0.081,0.081,62293
LMP,20090708,0.115,0.115,0.11,0.11,130000
LNC,20090708,1.42,1.42,1.355,1.355,834402
LNG,20090708,0.5,0.5,0.495,0.5,236836
LNN,20090708,11.59,11.6,11.59,11.59,1568469
LOD,20090708,0.12,0.12,0.105,0.115,615174
LOM,20090708,0.02,0.02,0.02,0.02,1284370
LRF,20090708,0.505,0.51,0.475,0.48,233595
LRG,20090708,0.02,0.02,0.02,0.02,44767
LRL,20090708,0.096,0.096,0.094,0.094,145000
LSA,20090708,0.01,0.01,0.01,0.01,378925
LSR,20090708,0.038,0.038,0.038,0.038,776
LST,20090708,1.31,1.31,1.305,1.31,153946
LWB,20090708,1.6,1.6,1.6,1.6,25
LYC,20090708,0.46,0.465,0.4,0.425,6927512
LYL,20090708,1.42,1.42,1.37,1.4,11500
MAE,20090708,0.23,0.235,0.225,0.235,317883
MAH,20090708,0.32,0.32,0.31,0.31,4762640
MAK,20090708,0.515,0.52,0.5,0.515,373199
MAN,20090708,0.01,0.011,0.009,0.011,250100
MAP,20090708,2.15,2.23,2.08,2.2,6116713
MAR,20090708,0.063,0.063,0.063,0.063,16000
MAT,20090708,0.11,0.11,0.11,0.11,41615
MAU,20090708,0.09,0.09,0.09,0.09,100000
MBA,20090708,0.023,0.023,0.023,0.023,188912
MBN,20090708,2.35,2.44,2.3,2.4,228742
MBT,20090708,0.18,0.18,0.17,0.17,110553
MCC,20090708,6.21,6.53,6.15,6.52,2117197
MCK,20090708,0.42,0.42,0.42,0.42,7261
MCO,20090708,0.155,0.155,0.155,0.155,12500
MCP,20090708,1.72,1.74,1.72,1.74,47521
MCR,20090708,1.36,1.425,1.345,1.4,1211046
MCU,20090708,0.635,0.65,0.635,0.65,135501
MCW,20090708,0.45,0.47,0.445,0.465,9079435
MDL,20090708,0.6,0.6,0.535,0.59,675131
MDT,20090708,0.105,0.12,0.1,0.12,5314018
MDX,20090708,0.425,0.49,0.425,0.49,354300
MEI,20090708,0.09,0.09,0.09,0.09,28300
MEL,20090708,0.465,0.47,0.45,0.47,474168
MEO,20090708,0.235,0.24,0.22,0.23,8456132
MEP,20090708,0.235,0.235,0.235,0.235,13830
MET,20090708,0.12,0.12,0.12,0.12,4500
MEU,20090708,0.057,0.06,0.057,0.06,40500
MFF,20090708,0.495,0.505,0.495,0.5,968548
MFG,20090708,0.58,0.58,0.575,0.575,228667
MFI,20090708,0.011,0.012,0.011,0.012,23560
MGK,20090708,0.043,0.045,0.035,0.035,2159796
MGO,20090708,0.105,0.105,0.105,0.105,370414
MGR,20090708,1.02,1.07,1.01,1.07,22691219
MGX,20090708,0.82,0.915,0.8,0.9,8941478
MHI,20090708,0.11,0.11,0.1,0.1,230000
MHL,20090708,0.002,0.002,0.001,0.001,750000
MHM,20090708,0.06,0.06,0.06,0.06,50000
MIG,20090708,1.3,1.3,1.195,1.26,15037333
MII,20090708,0.065,0.065,0.065,0.065,100000
MIK,20090708,0.061,0.08,0.061,0.08,257109
MIN,20090708,3.97,4.06,3.92,3.92,26949
MIR,20090708,1.58,1.58,1.53,1.545,35765
MIX,20090708,0.079,0.079,0.076,0.077,248411
MKY,20090708,0.013,0.013,0.012,0.012,412000
MLB,20090708,1.57,1.665,1.57,1.665,162022
MLE,20090708,1.36,1.38,1.355,1.37,1536686
MLI,20090708,0.039,0.039,0.038,0.039,1861442
MLM,20090708,0.295,0.295,0.295,0.295,5000
MLS,20090708,0.029,0.029,0.029,0.029,315
MLT,20090708,14.4,14.5,14.35,14.35,33678
MLX,20090708,0.115,0.115,0.105,0.105,118391
MMA,20090708,0.415,0.415,0.415,0.415,31175
MMB,20090708,0.5,0.5,0.48,0.485,199478
MMG,20090708,1.27,1.285,1.255,1.285,710322
MML,20090708,2.54,2.55,2.3,2.43,1184999
MMR,20090708,0.1,0.1,0.1,0.1,35000
MMS,20090708,2.76,2.78,2.7,2.7,29175
MMX,20090708,1.35,1.35,1.295,1.33,1635092
MND,20090708,10.4,10.4,10.04,10.3,286155
MNL,20090708,0.27,0.27,0.255,0.27,82500
MNM,20090708,0.031,0.031,0.031,0.031,114600
MOC,20090708,0.99,0.995,0.99,0.995,127476
MOF,20090708,0.205,0.205,0.195,0.2,41125259
MOL,20090708,0.44,0.45,0.415,0.435,684301
MOS,20090708,0.145,0.15,0.14,0.15,1169335
MOY,20090708,0.03,0.03,0.028,0.028,1279000
MPF,20090708,0.061,0.07,0.06,0.06,61500
MPJ,20090708,0.002,0.002,0.002,0.002,175000
MPO,20090708,1,1,0.955,0.97,812665
MPS,20090708,0.11,0.11,0.11,0.11,45172
MQG,20090708,35.41,36.4,35.36,36.34,1385854
MRE,20090708,0.66,0.725,0.63,0.725,2959570
MRK,20090708,0.01,0.01,0.01,0.01,150000
MRM,20090708,1.8,1.8,1.69,1.755,290148
MRO,20090708,0.075,0.075,0.071,0.075,71000
MRU,20090708,3.57,3.61,3.45,3.6,181852
MRZ,20090708,0.29,0.29,0.28,0.29,79026
MSB,20090708,0.8,0.8,0.8,0.8,6500
MSC,20090708,0.005,0.007,0.005,0.006,233379226
MSF,20090708,1.7,1.7,1.69,1.69,4016
MSH,20090708,0.15,0.16,0.15,0.15,119506
MSL,20090708,1.25,1.255,1.21,1.235,325303
MSR,20090708,0.11,0.11,0.11,0.11,50000
MST,20090708,0.031,0.031,0.028,0.028,574568
MTB,20090708,0.011,0.011,0.011,0.011,200000
MTH,20090708,0.14,0.14,0.14,0.14,16260
MTN,20090708,0.75,0.76,0.75,0.76,27950
MTS,20090708,4.19,4.29,4.19,4.28,2422106
MTU,20090708,0.725,0.725,0.72,0.72,76787
MTY,20090708,0.032,0.032,0.032,0.032,247000
MUE,20090708,0.125,0.13,0.12,0.13,133000
MUN,20090708,0.335,0.36,0.32,0.36,261556
MVP,20090708,0.18,0.18,0.18,0.18,5000
MWG,20090708,1.19,1.19,1.14,1.14,17010
MXI,20090708,0.225,0.23,0.225,0.23,70000
MXR,20090708,0.025,0.025,0.024,0.024,542140
NAB,20090708,21.55,22.11,21.53,22.09,13036095
NAD,20090708,0.015,0.015,0.015,0.015,1138718
NAE,20090708,0.053,0.053,0.053,0.053,300
NAM,20090708,0.4,0.4,0.4,0.4,40000
NAN,20090708,0.43,0.43,0.42,0.42,66500
NAV,20090708,0.19,0.195,0.18,0.185,161553
NCM,20090708,28.81,29.14,28.7,28.99,1952490
NDO,20090708,0.15,0.15,0.12,0.135,14016303
NEC,20090708,0.335,0.345,0.335,0.335,17900
NEM,20090708,4.96,5.01,4.96,4.98,8904
NEU,20090708,0.038,0.038,0.035,0.038,431228
NFE,20090708,1.29,1.29,1.245,1.25,225708
NFK,20090708,0.55,0.565,0.54,0.565,254128
NGE,20090708,0.088,0.088,0.082,0.083,132000
NGF,20090708,0.2,0.2,0.195,0.195,369000
NGM,20090708,0.23,0.24,0.21,0.22,750872
NGX,20090708,0.7,0.7,0.7,0.7,2800
NGY,20090708,0.08,0.08,0.08,0.08,110000
NHC,20090708,4.43,4.49,4.4,4.49,222686
NHF,20090708,0.88,0.89,0.88,0.885,276706
NKP,20090708,0.23,0.235,0.21,0.23,304650
NLB,20090708,1.6,1.6,1.6,1.6,30000
NLG,20090708,0.009,0.009,0.009,0.009,1395103
NMI,20090708,0.026,0.026,0.022,0.022,900000
NMR,20090708,0.07,0.07,0.065,0.065,37700
NMS,20090708,0.53,0.53,0.52,0.525,512628
NOD,20090708,0.41,0.43,0.395,0.43,372395
NPX,20090708,1.15,1.23,1.15,1.2,174181
NQM,20090708,0.26,0.26,0.255,0.255,145277
NRT,20090708,0.795,0.795,0.62,0.62,326839
NRU,20090708,0.032,0.032,0.032,0.032,236376
NSE,20090708,0.04,0.04,0.035,0.035,50000
NSL,20090708,0.019,0.027,0.017,0.026,53072453
NSX,20090708,0.215,0.215,0.2,0.2,50000
NTC,20090708,0.145,0.145,0.14,0.14,120000
NUF,20090708,9.1,9.2,9.06,9.15,2428530
NUP,20090708,0.037,0.037,0.035,0.035,3025000
NVT,20090708,2.7,2.76,2.67,2.7,31064
NWE,20090708,0.015,0.015,0.015,0.015,155773
NWH,20090708,0.91,0.915,0.845,0.91,666289
NWS,20090708,12.03,12.54,12.01,12.4,4181131
NWT,20090708,0.004,0.005,0.004,0.004,3049500
NXS,20090708,0.32,0.325,0.315,0.325,3520490
NZO,20090708,1.21,1.21,1.2,1.2,12135
OAK,20090708,0.47,0.47,0.47,0.47,50000
OBJ,20090708,0.005,0.005,0.005,0.005,7500000
OCP,20090708,1.995,2,1.94,2,27525
OEL,20090708,0.072,0.074,0.071,0.072,1662001
OEX,20090708,0.15,0.15,0.145,0.15,174550
OGC,20090708,1.08,1.08,1,1.045,319494
OIF,20090708,0.16,0.16,0.16,0.16,212310
OIL,20090708,0.042,0.043,0.042,0.043,125073
OIP,20090708,0.105,0.105,0.105,0.105,202330
OKJ,20090708,0.075,0.075,0.075,0.075,450000
OKN,20090708,2,2.09,1.96,2.08,140218
OKU,20090708,0.1,0.1,0.1,0.1,88000
OMH,20090708,1.26,1.275,1.25,1.25,713522
ORD,20090708,0.029,0.033,0.029,0.032,700539
ORE,20090708,0.56,0.56,0.56,0.56,22500
ORG,20090708,13.61,13.69,13.39,13.52,3273225
ORI,20090708,19.11,19.49,19.03,19.4,1346866
ORO,20090708,0.004,0.004,0.004,0.004,4809368
ORP,20090708,0.028,0.028,0.027,0.027,160000
OSH,20090708,5.21,5.25,5.14,5.17,4916240
OST,20090708,2.35,2.37,2.31,2.36,3913925
OZG,20090708,0.15,0.15,0.15,0.15,175000
OZL,20090708,0.84,0.91,0.83,0.895,23149457
PAA,20090708,0.021,0.021,0.021,0.021,16666
PAB,20090708,0.115,0.115,0.115,0.115,10000
PAG,20090708,0.995,0.995,0.97,0.975,465347
PAN,20090708,2.12,2.14,2.06,2.13,864967
PAX,20090708,0.13,0.135,0.13,0.13,70344
PBB,20090708,0.23,0.23,0.23,0.23,2500
PBD,20090708,0.35,0.35,0.34,0.34,199756
PBG,20090708,0.84,0.9,0.835,0.895,7361108
PBP,20090708,2,2,2,2,1450
PBT,20090708,0.16,0.16,0.15,0.15,18020
PCL,20090708,0.029,0.03,0.028,0.028,1434333
PCP,20090708,0.02,0.02,0.02,0.02,47157
PDN,20090708,4.2,4.41,4.11,4.38,5214542
PDY,20090708,0.03,0.031,0.028,0.031,13508342
PDZ,20090708,0.12,0.12,0.115,0.12,120000
PEK,20090708,0.023,0.023,0.023,0.023,220000
PEM,20090708,0.325,0.34,0.32,0.335,265136
PEN,20090708,0.03,0.03,0.029,0.029,2407981
PFL,20090708,0.67,0.705,0.67,0.705,15848
PGA,20090708,1.885,1.98,1.87,1.97,84314
PGS,20090708,0.094,0.094,0.09,0.092,490919
PHK,20090708,0.11,0.13,0.11,0.13,17400
PLA,20090708,0.87,0.88,0.82,0.825,4606010
PLI,20090708,0.535,0.55,0.51,0.53,731425
PLT,20090708,0.072,0.072,0.072,0.072,10300
PLV,20090708,0.7,0.7,0.66,0.68,107070
PMC,20090708,1.47,1.47,1.45,1.45,38699
PMP,20090708,0.35,0.355,0.35,0.35,421413
PMV,20090708,5.44,5.5,5.39,5.5,52834
PNA,20090708,0.31,0.325,0.3,0.325,19319764
PNN,20090708,0.315,0.315,0.31,0.31,43000
PNO,20090708,0.005,0.005,0.005,0.005,796094
PNX,20090708,0.065,0.065,0.065,0.065,14700
POH,20090708,0.12,0.12,0.11,0.11,78850
POL,20090708,0.225,0.225,0.225,0.225,17420
POS,20090708,0.26,0.26,0.25,0.25,236453
POZ,20090708,0.275,0.275,0.255,0.26,275000
PPC,20090708,1.53,1.55,1.49,1.55,161680
PPK,20090708,0.275,0.275,0.275,0.275,20000
PPP,20090708,0.44,0.44,0.43,0.435,731833
PPS,20090708,0.13,0.13,0.13,0.13,9000
PPT,20090708,26.75,26.88,26.18,26.62,100443
PPX,20090708,0.37,0.39,0.37,0.375,1888341
PPY,20090708,0.4,0.4,0.4,0.4,3800
PRC,20090708,0.9,0.9,0.9,0.9,7000
PRE,20090708,0.009,0.01,0.008,0.009,5766338
PRG,20090708,2.85,2.85,2.65,2.74,66842
PRR,20090708,0.053,0.054,0.05,0.053,7652888
PRT,20090708,0.48,0.48,0.48,0.48,6202
PRU,20090708,0.705,0.725,0.7,0.71,481660
PRV,20090708,0.72,0.795,0.72,0.78,505017
PRW,20090708,0.086,0.09,0.084,0.09,525418
PRY,20090708,5.12,5.27,5.1,5.16,2305655
PSA,20090708,0.255,0.26,0.255,0.26,60000
PSH,20090708,0.905,0.96,0.905,0.96,38025
PSY,20090708,0.3,0.3,0.3,0.3,15000
PTM,20090708,3.86,3.92,3.85,3.9,362094
PTN,20090708,0.086,0.086,0.083,0.086,477280
PTR,20090708,0.315,0.315,0.31,0.31,50000
PVA,20090708,1.95,1.95,1.95,1.95,11
PVE,20090708,1.33,1.35,1.325,1.35,7048
PWK,20090708,4.35,4.35,4.28,4.35,30485
PWR,20090708,0.06,0.06,0.06,0.06,497
PXS,20090708,2.35,2.35,2.26,2.31,310002
PYM,20090708,0.125,0.125,0.125,0.125,28400
QAN,20090708,1.87,1.875,1.85,1.85,7642759
QBE,20090708,19.41,19.68,19.21,19.65,3529212
QFX,20090708,0.065,0.065,0.065,0.065,50000
QGM,20090708,0.02,0.02,0.02,0.02,60755
QHL,20090708,0.18,0.185,0.18,0.18,601568
QML,20090708,0.32,0.32,0.32,0.32,13800
QMN,20090708,0.08,0.08,0.078,0.078,224988
QOL,20090708,0.009,0.009,0.009,0.009,1667950
QPN,20090708,0.007,0.007,0.007,0.007,100000
QRS,20090708,0.031,0.031,0.03,0.031,135827
QTI,20090708,0.45,0.45,0.45,0.45,11800
QTM,20090708,0.3,0.3,0.28,0.29,139675
QUR,20090708,0.007,0.007,0.007,0.007,635700
QXQ,20090708,0.1,0.1,0.086,0.086,15109
RAU,20090708,0.021,0.021,0.019,0.019,1620864
RBM,20090708,0.015,0.015,0.014,0.015,1681630
RBY,20090708,0.028,0.028,0.028,0.028,50130
RCG,20090708,0.38,0.38,0.365,0.365,20550
RCO,20090708,0.34,0.34,0.34,0.34,855900
RCR,20090708,0.58,0.58,0.56,0.56,163900
RCT,20090708,1.77,1.77,1.77,1.77,500
RCU,20090708,0.15,0.165,0.15,0.165,137500
RCY,20090708,0.17,0.17,0.17,0.17,182000
RDF,20090708,2.11,2.12,2.08,2.09,30545
RDS,20090708,0.08,0.08,0.08,0.08,17375
REA,20090708,5.91,5.95,5.89,5.9,177407
RED,20090708,0.07,0.07,0.068,0.068,45000
REF,20090708,0.665,0.67,0.66,0.67,4143
REH,20090708,18.32,18.32,18,18,1815
REO,20090708,0.016,0.016,0.016,0.016,23055
RER,20090708,0.035,0.035,0.033,0.033,125000
RES,20090708,0.43,0.44,0.42,0.43,146501
REX,20090708,0.745,0.745,0.735,0.745,12652
REY,20090708,0.125,0.14,0.125,0.125,2055700
RFE,20090708,1.1,1.185,1.06,1.135,503381
RFG,20090708,1.585,1.6,1.585,1.59,2642
RHC,20090708,10.8,10.86,10.64,10.65,313618
RHD,20090708,0.17,0.17,0.17,0.17,10000
RHG,20090708,0.5,0.5,0.485,0.485,866203
RHL,20090708,1.91,1.91,1.91,1.91,500
RHM,20090708,0.07,0.07,0.07,0.07,50000
RHT,20090708,0.018,0.018,0.018,0.018,50308
RIC,20090708,0.92,0.92,0.86,0.86,32667
RIM,20090708,0.019,0.019,0.019,0.019,25000
RIO,20090708,46.64,48.2,46.44,48.2,6231091
RIV,20090708,5.24,5.43,5.15,5.4,1445027
RKN,20090708,1.1,1.23,1.1,1.23,383032
RMD,20090708,5.01,5.1,5.01,5.1,866649
RMG,20090708,0.008,0.008,0.008,0.008,63000
RMI,20090708,0.005,0.005,0.005,0.005,100000
RML,20090708,0.068,0.068,0.068,0.068,30000
RMS,20090708,0.495,0.495,0.48,0.495,121753
RMT,20090708,0.03,0.03,0.03,0.03,936000
RNG,20090708,0.022,0.023,0.022,0.023,283598
RNY,20090708,0.083,0.083,0.083,0.083,1572346
ROC,20090708,0.645,0.655,0.615,0.655,7793369
ROG,20090708,0.019,0.019,0.019,0.019,1000000
ROK,20090708,2.37,2.37,2.37,2.37,1000
ROL,20090708,0.545,0.545,0.46,0.525,149207
ROY,20090708,0.06,0.08,0.06,0.08,257556
RPX,20090708,0.525,0.525,0.52,0.525,69482
RRA,20090708,0.69,0.69,0.69,0.69,14000
RRL,20090708,0.57,0.57,0.55,0.56,47842
RSG,20090708,0.58,0.58,0.545,0.56,293323
RSN,20090708,0.003,0.003,0.003,0.003,3607797
RTL,20090708,0.003,0.004,0.003,0.004,743791
RUL,20090708,0.69,0.69,0.63,0.63,57369
RVR,20090708,0.067,0.067,0.065,0.065,100000
RWD,20090708,0.34,0.34,0.33,0.33,178305
RXM,20090708,0.52,0.52,0.48,0.51,132200
SAE,20090708,0.09,0.092,0.089,0.09,226000
SAI,20090708,2.74,2.76,2.69,2.74,490586
SAR,20090708,0.185,0.185,0.18,0.185,135000
SAU,20090708,0.099,0.11,0.099,0.105,35000
SAV,20090708,0.12,0.13,0.12,0.13,76100
SAY,20090708,0.097,0.097,0.096,0.096,34720
SBL,20090708,0.018,0.018,0.017,0.017,120497
SBM,20090708,0.21,0.21,0.2,0.205,9263219
SBN,20090708,0.002,0.002,0.002,0.002,1500000
SBR,20090708,0.1,0.1,0.095,0.095,120000
SBS,20090708,0.03,0.03,0.03,0.03,1705000
SDG,20090708,0.615,0.625,0.61,0.62,498046
SDL,20090708,0.135,0.14,0.13,0.14,11508966
SDM,20090708,0.95,0.985,0.9,0.94,182711
SEA,20090708,0.084,0.084,0.08,0.08,30000
SEK,20090708,3.67,3.88,3.62,3.84,1498817
SEN,20090708,0.038,0.038,0.037,0.038,337689
SEV,20090708,5.22,5.31,5.13,5.2,437869
SEY,20090708,0.085,0.085,0.085,0.085,18000
SFC,20090708,4.5,4.5,4.5,4.5,400
SFH,20090708,0.51,0.555,0.505,0.51,1014364
SFP,20090708,0.063,0.063,0.063,0.063,20000
SFR,20090708,1.175,1.3,1.135,1.28,1888079
SFY,20090708,36.51,36.68,36.01,36.68,23443
SGH,20090708,1.65,1.69,1.65,1.65,43150
SGM,20090708,23.62,24.57,23.28,24.57,484176
SGN,20090708,0.58,0.595,0.55,0.595,1567160
SGP,20090708,3.05,3.06,2.95,3.05,8631276
SGT,20090708,2.54,2.63,2.54,2.63,1307769
SGX,20090708,4.85,4.89,4.78,4.85,1959185
SGY,20090708,0.045,0.045,0.04,0.04,47767
SGZ,20090708,0.16,0.16,0.145,0.145,24100
SHE,20090708,0.023,0.023,0.022,0.022,209593
SHL,20090708,11.56,11.57,11.4,11.5,1133459
SHV,20090708,2.3,2.45,2.15,2.4,26762
SIE,20090708,0.19,0.19,0.19,0.19,116778
SIP,20090708,1.075,1.095,1.05,1.05,2759738
SKC,20090708,2.14,2.14,2.1,2.12,267640
SKE,20090708,1.23,1.23,1.2,1.225,70774
SKI,20090708,1.13,1.14,1.125,1.135,1871622
SLA,20090708,0.1,0.115,0.1,0.115,249007
SLF,20090708,6.52,6.73,6.51,6.73,127295
SLM,20090708,3.62,3.62,3.48,3.55,51637
SLR,20090708,0.64,0.64,0.59,0.61,1415156
SLV,20090708,1.51,1.51,1.465,1.485,31356
SLX,20090708,5.94,5.95,5.82,5.95,45271
SML,20090708,0.02,0.02,0.019,0.02,600000
SMM,20090708,1.905,1.91,1.88,1.91,15974
SMN,20090708,0.004,0.004,0.003,0.003,430000
SMX,20090708,3.62,3.89,3.6,3.68,517888
SMZ,20090708,0.062,0.062,0.061,0.061,175000
SNV,20090708,0.05,0.05,0.05,0.05,90000
SOE,20090708,0.078,0.078,0.074,0.074,481000
SOL,20090708,10.57,10.57,10.4,10.43,33404
SOM,20090708,0.022,0.023,0.022,0.023,510000
SOO,20090708,0.05,0.05,0.046,0.046,210000
SOT,20090708,0.395,0.395,0.37,0.37,74699
SPH,20090708,0.91,0.925,0.87,0.925,211926
SPI,20090708,0.105,0.105,0.1,0.1,260650
SPL,20090708,0.32,0.33,0.32,0.33,13000
SPN,20090708,0.76,0.77,0.76,0.77,3056095
SPQ,20090708,0.071,0.071,0.06,0.06,100000
SPT,20090708,2.12,2.16,2.09,2.13,428852
SRE,20090708,0.235,0.235,0.235,0.235,100000
SRI,20090708,0.065,0.068,0.065,0.068,456760
SRK,20090708,0.425,0.435,0.42,0.435,98360
SRL,20090708,1.99,2.02,1.92,1.99,1108624
SRR,20090708,0.19,0.195,0.19,0.19,493740
SRV,20090708,2.89,2.89,2.85,2.86,16565
SRX,20090708,3.48,3.85,3.42,3.66,76835
SSM,20090708,0.3,0.315,0.25,0.275,7988282
SSS,20090708,0.007,0.007,0.006,0.006,1000000
STG,20090708,0.03,0.03,0.03,0.03,100000
STI,20090708,0.014,0.016,0.013,0.016,10628579
STO,20090708,13.05,13.12,12.92,12.97,8430232
STP,20090708,0.8,0.8,0.8,0.8,42
STU,20090708,0.65,0.65,0.605,0.605,44000
STW,20090708,34.67,35.21,34.59,35.21,1194275
STX,20090708,0.18,0.18,0.17,0.17,400951
SUL,20090708,3.65,3.81,3.65,3.75,168510
SUN,20090708,6.2,6.25,6.12,6.2,6302415
SUR,20090708,0.074,0.074,0.073,0.073,597144
SVM,20090708,0.07,0.07,0.07,0.07,37000
SVS,20090708,0.25,0.25,0.24,0.24,260000
SWK,20090708,0.39,0.39,0.37,0.37,231324
SWN,20090708,0.38,0.38,0.38,0.38,20000
SWW,20090708,0.135,0.135,0.13,0.13,15799
SXE,20090708,0.96,0.96,0.95,0.95,16000
SXG,20090708,0.063,0.063,0.062,0.062,50198
SXM,20090708,0.115,0.115,0.115,0.115,12000
SYG,20090708,0.004,0.004,0.004,0.004,1200000
SYL,20090708,3,3,2.95,2.95,5702
SYS,20090708,0.031,0.031,0.03,0.03,500000
TAH,20090708,6.81,6.89,6.77,6.81,1841979
TAL,20090708,2.43,2.44,2.4,2.41,1069331
TAM,20090708,0.034,0.034,0.032,0.034,9515574
TAN,20090708,0.27,0.27,0.27,0.27,7500
TAP,20090708,1.01,1.015,0.955,0.975,380530
TBG,20090708,0.62,0.62,0.62,0.62,32182
TCL,20090708,3.99,4.03,3.99,4.01,1936944
TCN,20090708,0.096,0.096,0.09,0.09,62541
TCQ,20090708,0.18,0.18,0.17,0.17,13000
TEL,20090708,2.12,2.25,2.12,2.2,7993660
TEN,20090708,1.125,1.15,1.1,1.145,696063
TEO,20090708,0.034,0.04,0.034,0.04,29142
TEX,20090708,0.057,0.057,0.055,0.055,128000
TFC,20090708,1.13,1.13,1.1,1.11,84614
TFS,20090708,0.14,0.14,0.14,0.14,28000
TGF,20090708,0.07,0.07,0.07,0.07,12000
TGG,20090708,0.735,0.745,0.735,0.745,14134
TGR,20090708,1.935,1.94,1.92,1.925,27373
TGS,20090708,0.105,0.105,0.1,0.1,115000
THG,20090708,0.23,0.23,0.23,0.23,6500
THO,20090708,0.6,0.6,0.6,0.6,51091
THR,20090708,0.03,0.03,0.026,0.026,89076
THX,20090708,0.17,0.17,0.17,0.17,70000
TIS,20090708,0.16,0.16,0.16,0.16,18200
TJN,20090708,0.54,0.54,0.53,0.53,30800
TLM,20090708,0.29,0.29,0.28,0.28,30000
TLS,20090708,3.31,3.39,3.31,3.36,49785501
TLZ,20090708,0.14,0.14,0.14,0.14,19200
TMX,20090708,0.051,0.054,0.048,0.048,224074
TNE,20090708,0.83,0.84,0.83,0.84,141283
TNG,20090708,0.041,0.041,0.041,0.041,24000
TOE,20090708,0.165,0.17,0.16,0.165,1112319
TOL,20090708,5.95,6,5.85,6,4194991
TOX,20090708,1.95,1.98,1.925,1.96,586624
TPX,20090708,2.75,2.75,2.75,2.75,3000
TRF,20090708,0.225,0.225,0.225,0.225,106000
TRG,20090708,4.3,4.4,4.3,4.4,4090
TRH,20090708,0.175,0.18,0.175,0.18,80000
TRO,20090708,0.1,0.1,0.1,0.1,62373
TRS,20090708,11.5,11.66,11.45,11.53,20292
TRU,20090708,5.23,5.23,5.15,5.15,8896
TRY,20090708,1.265,1.27,1.25,1.27,111410
TSE,20090708,2.17,2.23,2.11,2.23,1847808
TSF,20090708,0.021,0.021,0.019,0.019,450000
TSI,20090708,1.005,1.01,0.99,1.01,107632
TSO,20090708,0.28,0.28,0.26,0.26,631570
TSV,20090708,0.022,0.024,0.022,0.023,3956565
TTR,20090708,0.063,0.063,0.063,0.063,80000
TTS,20090708,2.41,2.42,2.38,2.4,8327719
TWO,20090708,0.83,0.83,0.77,0.77,85741
TWR,20090708,1.36,1.36,1.36,1.36,4000
TYS,20090708,0.02,0.02,0.02,0.02,91246
TZN,20090708,0.64,0.66,0.64,0.66,137640
UBI,20090708,0.93,0.93,0.93,0.93,3334
UCL,20090708,0.006,0.006,0.006,0.006,1735002
UCM,20090708,0.7,0.7,0.7,0.7,2000
UEQ,20090708,0.11,0.11,0.105,0.105,189985
UGL,20090708,10.07,10.09,9.88,9.88,716752
UMC,20090708,0.84,0.85,0.83,0.845,364707
UNI,20090708,0.36,0.37,0.34,0.37,314600
UNO,20090708,0.465,0.465,0.455,0.46,228270
UNX,20090708,0.445,0.45,0.43,0.45,77518
UOG,20090708,0.031,0.031,0.031,0.031,10000
URA,20090708,0.033,0.033,0.032,0.033,753238
URL,20090708,0.016,0.016,0.016,0.016,896422
URM,20090708,0.041,0.041,0.041,0.041,140000
USA,20090708,0.073,0.073,0.072,0.072,169000
UTO,20090708,0.115,0.115,0.11,0.11,59571
UXA,20090708,0.09,0.1,0.09,0.1,173876
UXC,20090708,0.48,0.48,0.47,0.475,252000
VAS,20090708,49,49,47.75,48.38,6621
VBA,20090708,0.295,0.295,0.285,0.29,4555098
VCN,20090708,0.095,0.097,0.094,0.094,167315
VEC,20090708,0.06,0.065,0.06,0.065,50906
VEU,20090708,44.15,44.23,44.07,44.07,1996
VGH,20090708,0.67,0.68,0.67,0.68,35376
VIR,20090708,0.27,0.275,0.27,0.275,162952
VLA,20090708,0.033,0.035,0.032,0.035,182500
VMG,20090708,0.2,0.215,0.2,0.215,546284
VML,20090708,0.06,0.06,0.06,0.06,1674
VMS,20090708,0.21,0.22,0.21,0.215,63723
VMT,20090708,0.073,0.073,0.068,0.07,377557
VPE,20090708,0.385,0.385,0.375,0.375,409856
VPG,20090708,0.08,0.081,0.078,0.08,15429941
VRL,20090708,0.94,0.94,0.91,0.935,31951
VSC,20090708,0.2,0.2,0.2,0.2,4266
VTG,20090708,0.105,0.11,0.105,0.11,47500
VTP,20090708,0.755,0.77,0.755,0.77,647000
VTS,20090708,56.55,56.55,56.45,56.45,379
VWM,20090708,0.22,0.22,0.19,0.19,165498
VXR,20090708,0.059,0.061,0.058,0.058,1950880
WAB,20090708,0.073,0.073,0.072,0.072,92935
WAM,20090708,1,1,1,1,22900
WAN,20090708,4.32,4.35,4.22,4.23,580193
WAS,20090708,0.014,0.014,0.014,0.014,204000
WBA,20090708,0.6,0.6,0.6,0.6,1500
WBB,20090708,6.91,6.91,6.8,6.8,18856
WBC,20090708,19.01,19.21,18.94,19.12,10808638
WCL,20090708,0.515,0.515,0.5,0.5,504908
WCN,20090708,0.055,0.055,0.05,0.05,50000
WCP,20090708,0.031,0.031,0.03,0.031,500000
WCU,20090708,0.265,0.275,0.25,0.275,102320
WDC,20090708,10.71,10.94,10.61,10.94,7305654
WDR,20090708,0.13,0.13,0.13,0.13,2195
WDS,20090708,1.535,1.535,1.46,1.49,66681
WEC,20090708,2.1,2.1,1.905,1.995,758770
WES,20090708,22.6,22.94,22.54,22.79,3507252
WFL,20090708,0.525,0.55,0.525,0.53,43970
WFM,20090708,0.065,0.065,0.065,0.065,19786
WGO,20090708,0.15,0.15,0.15,0.15,20000
WGP,20090708,0.027,0.027,0.025,0.025,1775372
WGR,20090708,0.255,0.255,0.25,0.25,105850
WHC,20090708,2.95,3.05,2.92,3.01,280371
WHE,20090708,0.29,0.29,0.28,0.29,199300
WHG,20090708,0.87,0.87,0.84,0.86,87753
WHN,20090708,0.039,0.044,0.035,0.044,1511637
WIL,20090708,0.575,0.575,0.575,0.575,7322
WLL,20090708,1.6,1.6,1.6,1.6,13005
WME,20090708,0.205,0.205,0.19,0.2,1657773
WOR,20090708,21.05,21.53,20.23,21.48,2298960
WOW,20090708,26.13,26.45,26,26.45,3073964
WPG,20090708,0.31,0.31,0.31,0.31,20000
WPL,20090708,40,40.25,39.69,40.2,1882387
WRK,20090708,0.285,0.285,0.27,0.28,259844
WSA,20090708,5.47,5.48,5.2,5.35,1612635
WTF,20090708,4.28,4.28,4.15,4.2,476126
WTN,20090708,0.073,0.073,0.073,0.073,7000
WTP,20090708,1.25,1.28,1.23,1.28,55652
WWA,20090708,2.16,2.16,2.14,2.14,2000
WWI,20090708,0.075,0.075,0.075,0.075,30000
WYL,20090708,0.58,0.62,0.57,0.6,129555
XAF,20090708,3782.8,3782.8,3782.8,3782.8,0
XAO,20090708,3752.8,3767.8,3710.1,3766,0
XAT,20090708,376940,376940,376940,376940,0
XBW,20090708,392.54,392.54,392.54,392.54,0
XCD,20090708,0.04,0.04,0.04,0.04,250000
XDJ,20090708,1235.8,1240,1213.3,1232.7,0
XEJ,20090708,13660,13681.2,13306.5,13456,0
XEN,20090708,0.125,0.125,0.115,0.115,300000
XFJ,20090708,3563.7,3591.7,3532.4,3591.7,0
XFL,20090708,3770.4,3794.5,3736,3794.5,0
XGD,20090708,4703.6,4703.6,4703.6,4703.6,0
XHJ,20090708,7774.5,7777.3,7698.9,7714.2,0
XIJ,20090708,501.1,507.7,497.1,502.6,0
XJO,20090708,3750.3,3767.9,3709.2,3767.9,0
XKO,20090708,3746.6,3763,3705.1,3763,0
XMD,20090708,3374.6,3387.3,3312.1,3376.4,0
XMJ,20090708,9286.5,9414.9,9182.8,9413.1,0
XMM,20090708,3354.4,3354.4,3354.4,3354.4,0
XNJ,20090708,2842.1,2852.7,2774,2817.2,0
XPJ,20090708,722.4,729.4,708,729.4,0
XRF,20090708,0.12,0.12,0.12,0.12,40000
XSJ,20090708,6626,6628.2,6558.1,6625,0
XSO,20090708,1980,1986.7,1931,1955.8,0
XST,20090708,0.04,0.04,0.04,0.04,0
XTJ,20090708,1145.1,1170.2,1144.6,1165.2,0
XTL,20090708,2270.6,2289.6,2254.6,2289.6,0
XTO,20090708,3074,3091.6,3042.7,3091.6,0
XUJ,20090708,3926,3947,3884.8,3917.7,0
XXJ,20090708,4100.2,4131,4069.2,4131,0
YRR,20090708,0.059,0.059,0.055,0.055,30000
ZGM,20090708,0.022,0.022,0.022,0.022,50000
ZMG,20090708,0.015,0.015,0.015,0.015,119000
ZYL,20090708,0.021,0.021,0.02,0.02,184807
