1AD,20170804,0.245,0.245,0.245,0.245,37037
1AG,20170804,0.031,0.031,0.029,0.03,245214
3DP,20170804,0.027,0.027,0.027,0.027,500000
3PL,20170804,1.07,1.085,1.07,1.085,14379
4DS,20170804,0.035,0.035,0.03,0.033,4348138
4WD,20170804,0.295,0.295,0.285,0.285,32465
88E,20170804,0.029,0.03,0.029,0.03,2827016
8EC,20170804,0.905,0.905,0.905,0.905,10000
8IH,20170804,0.42,0.42,0.42,0.42,2500
9SP,20170804,0.13,0.135,0.13,0.135,1223149
A2M,20170804,4.24,4.425,4.235,4.38,5622459
A3D,20170804,0.735,0.74,0.655,0.68,115044
AAA,20170804,50.08,50.09,50.08,50.09,29704
AAC,20170804,1.615,1.63,1.58,1.595,1192542
AAD,20170804,2.05,2.07,2.04,2.05,816928
AAJ,20170804,0.007,0.007,0.007,0.007,1000000
AAR,20170804,0.048,0.049,0.048,0.049,80000
AB1,20170804,0.009,0.009,0.009,0.009,2160242
ABA,20170804,5.2,5.21,5.2,5.2,2428
ABC,20170804,5.55,5.61,5.55,5.59,846130
ABP,20170804,3.32,3.33,3.29,3.31,627956
ABR,20170804,0.265,0.295,0.265,0.29,1883184
ABT,20170804,0.425,0.425,0.425,0.425,5000
ABX,20170804,0.155,0.155,0.15,0.15,91231
AC8,20170804,0.425,0.465,0.425,0.465,2084311
ACL,20170804,0.01,0.01,0.01,0.01,280000
ACQ,20170804,0.93,0.94,0.93,0.94,52575
ACR,20170804,0.305,0.305,0.29,0.29,554508
ACW,20170804,0.057,0.057,0.055,0.057,670033
ACX,20170804,3.77,3.92,3.76,3.88,1967429
AD8,20170804,1.6,1.6,1.6,1.6,17000
ADA,20170804,2.67,2.67,2.45,2.54,124759
ADH,20170804,1.21,1.22,1.21,1.22,73919
ADJ,20170804,0.059,0.059,0.057,0.057,178667
ADV,20170804,0.017,0.017,0.016,0.016,826814
ADY,20170804,0.007,0.007,0.007,0.007,20000
AEB,20170804,0.042,0.042,0.036,0.042,108500
AEE,20170804,0.028,0.028,0.026,0.026,725514
AEG,20170804,1.11,1.12,1.105,1.115,69364
AEV,20170804,0.083,0.084,0.083,0.084,62889
AFG,20170804,1.455,1.5,1.455,1.465,377442
AFI,20170804,6.11,6.12,6.08,6.09,439680
AFR,20170804,0.074,0.074,0.074,0.074,112658
AGD,20170804,0.18,0.18,0.18,0.18,17000
AGE,20170804,0.012,0.012,0.012,0.012,351115
AGG,20170804,2.45,2.49,2.42,2.49,3500
AGI,20170804,2.39,2.43,2.38,2.41,183408
AGL,20170804,25.07,25.47,25.07,25.3,1020053
AGO,20170804,0.021,0.021,0.02,0.021,36612364
AGR,20170804,0.4,0.4,0.38,0.4,60156
AGY,20170804,0.08,0.081,0.078,0.078,558889
AHF,20170804,0.13,0.14,0.12,0.125,828156
AHG,20170804,3.75,3.795,3.71,3.73,872375
AHN,20170804,0.027,0.028,0.027,0.028,211664
AHQ,20170804,0.036,0.036,0.036,0.036,55000
AHY,20170804,1.405,1.43,1.4,1.405,652544
AHZ,20170804,0.245,0.26,0.245,0.25,195863
AIA,20170804,6.35,6.365,6.33,6.36,12869
AIB,20170804,0.475,0.475,0.475,0.475,25000
AIS,20170804,0.047,0.047,0.047,0.047,10000
AIZ,20170804,3.16,3.16,3.11,3.14,69673
AJA,20170804,7.1,7.2,7.1,7.13,165966
AJD,20170804,1.885,1.89,1.88,1.89,89183
AJL,20170804,0.24,0.245,0.24,0.24,21322
AJM,20170804,0.165,0.18,0.165,0.18,3887459
AJQ,20170804,0.079,0.079,0.076,0.078,426935
AJX,20170804,0.505,0.51,0.49,0.49,674243
AKG,20170804,0.195,0.195,0.195,0.195,46821
AKM,20170804,0.019,0.02,0.019,0.02,103236
AKP,20170804,20.3,20.3,19.46,19.51,10240
AL8,20170804,0.71,0.71,0.7,0.7,62605
ALC,20170804,0.059,0.063,0.059,0.062,809010
ALF,20170804,1.25,1.26,1.24,1.245,243875
ALI,20170804,1.78,1.79,1.775,1.79,72390
ALK,20170804,0.36,0.365,0.345,0.35,1124901
ALL,20170804,20.88,21.14,20.85,20.95,2143687
ALQ,20170804,7.74,7.845,7.73,7.8,1467087
ALT,20170804,0.005,0.005,0.005,0.005,250000
ALU,20170804,8.57,8.7,8.52,8.53,139525
AMA,20170804,1.06,1.06,1.03,1.05,296006
AMC,20170804,15.39,15.41,15.27,15.29,3181013
AME,20170804,0.074,0.074,0.07,0.07,399084
AMG,20170804,0.064,0.067,0.063,0.063,65619
AMH,20170804,0.92,0.92,0.915,0.92,29555
AMI,20170804,0.19,0.195,0.19,0.19,54907
AML,20170804,0.2,0.2,0.2,0.2,100000
AMN,20170804,0.51,0.51,0.5,0.5,28579
AMP,20170804,5.37,5.395,5.35,5.36,5728023
ANG,20170804,0.217,0.225,0.217,0.225,380380
ANL,20170804,0.038,0.038,0.035,0.036,727221
ANN,20170804,22,22.07,21.94,22,319420
ANO,20170804,0.032,0.032,0.03,0.03,72296
ANP,20170804,0.037,0.037,0.037,0.037,50000
ANQ,20170804,0.001,0.001,0.001,0.001,350000
ANR,20170804,0.92,0.92,0.92,0.92,2526
ANW,20170804,0.007,0.007,0.007,0.007,2247511
ANZ,20170804,29.58,29.58,29.32,29.49,3753077
AOA,20170804,0.004,0.004,0.004,0.004,600000
AOD,20170804,0.64,0.64,0.63,0.63,134488
AOF,20170804,2.22,2.22,2.19,2.2,92042
AOG,20170804,2.35,2.36,2.32,2.35,1657119
AOH,20170804,0.13,0.13,0.125,0.125,1029580
AOK,20170804,0.011,0.012,0.011,0.012,650000
AOP,20170804,0.08,0.08,0.079,0.079,46666
AOU,20170804,0.165,0.17,0.165,0.17,14286
AOW,20170804,0.037,0.037,0.037,0.037,15000
APA,20170804,8.78,8.85,8.75,8.78,2117332
APC,20170804,0.125,0.125,0.125,0.125,27024
APD,20170804,0.41,0.41,0.4,0.4,459360
APE,20170804,8.97,9,8.95,8.97,7471
APG,20170804,0.006,0.006,0.006,0.006,100000
API,20170804,1.55,1.585,1.5,1.515,5399073
APL,20170804,1.22,1.235,1.215,1.23,441789
APO,20170804,4.7,4.7,4.46,4.52,1552778
APT,20170804,3.07,3.08,3.02,3.07,80827
APX,20170804,4.2,4.22,4.1,4.13,189956
APZ,20170804,1.115,1.14,1.11,1.14,49281
AQC,20170804,0.008,0.008,0.007,0.007,873000
AQD,20170804,0.019,0.019,0.019,0.019,114000
AQG,20170804,2.15,2.18,2.14,2.15,105483
AQI,20170804,0.14,0.145,0.135,0.14,201288
AQQ,20170804,0.024,0.024,0.023,0.023,372035
AQX,20170804,0.048,0.048,0.048,0.048,90000
AQZ,20170804,1.1,1.1,1.08,1.08,22008
ARB,20170804,15.24,15.35,15.21,15.29,63721
ARE,20170804,0.009,0.009,0.009,0.009,500000
ARF,20170804,2.2,2.21,2.16,2.19,534415
ARG,20170804,8,8.03,7.97,8.01,263268
ARL,20170804,0.85,0.88,0.8,0.81,763467
ARM,20170804,0.047,0.047,0.046,0.046,188097
ARO,20170804,0.003,0.003,0.003,0.003,176023
ARS,20170804,0.059,0.059,0.059,0.059,27500
ARU,20170804,0.075,0.075,0.073,0.074,655816
ARV,20170804,0.165,0.17,0.155,0.17,9791094
ARX,20170804,0.515,0.515,0.515,0.515,8
ASB,20170804,1.785,1.795,1.75,1.755,104108
ASG,20170804,2.28,2.3,2.2,2.29,26930
ASH,20170804,0.065,0.065,0.065,0.065,67337
ASL,20170804,2.15,2.15,2.07,2.13,286757
ASN,20170804,0.012,0.012,0.012,0.012,39000
AST,20170804,1.64,1.655,1.64,1.65,2339383
ASX,20170804,52.11,52.58,52.1,52.46,202914
ATC,20170804,0.12,0.12,0.12,0.12,128343
ATL,20170804,1.4,1.42,1.38,1.4,223119
ATU,20170804,0.16,0.16,0.16,0.16,100000
AUB,20170804,12.95,13.05,12.8,13,29670
AUC,20170804,0.029,0.029,0.028,0.028,380359
AUF,20170804,1.32,1.32,1.32,1.32,8333
AUI,20170804,8.41,8.41,8.38,8.38,1834
AUP,20170804,4.4,4.4,4.4,4.4,417
AUQ,20170804,0.013,0.013,0.013,0.013,339194
AUR,20170804,0.099,0.099,0.09,0.092,5508554
AUST,20170804,15.43,15.43,15.43,15.43,133
AUZ,20170804,0.016,0.017,0.016,0.017,7717050
AVB,20170804,0.105,0.105,0.1,0.1,233702
AVD,20170804,0.016,0.02,0.016,0.02,322531
AVG,20170804,0.425,0.425,0.42,0.42,101169
AVH,20170804,0.078,0.08,0.076,0.076,504210
AVI,20170804,0.017,0.018,0.017,0.018,483167
AVJ,20170804,0.74,0.75,0.725,0.75,725194
AVL,20170804,0.018,0.018,0.016,0.016,12417488
AVN,20170804,2.23,2.28,2.23,2.23,358409
AVQ,20170804,0.18,0.187,0.17,0.175,5294005
AVZ,20170804,0.082,0.092,0.078,0.088,78750100
AWC,20170804,1.885,1.905,1.87,1.89,5752949
AWE,20170804,0.46,0.465,0.455,0.46,483357
AWN,20170804,0.505,0.505,0.505,0.505,10309
AWQ,20170804,0.92,0.92,0.92,0.92,20000
AXE,20170804,0.061,0.061,0.061,0.061,65240
AXL,20170804,1.55,1.55,1.51,1.51,14437
AXP,20170804,0.73,0.73,0.7,0.7,85958
AYF,20170804,6.08,6.08,6.08,6.08,1500
AYR,20170804,0.004,0.004,0.004,0.004,250000
AYS,20170804,1.75,1.75,1.715,1.73,277781
AZJ,20170804,5.03,5.14,5.03,5.13,3234825
AZM,20170804,0.03,0.03,0.025,0.027,4659832
AZS,20170804,0.012,0.013,0.012,0.013,413880
AZY,20170804,0.028,0.029,0.025,0.026,44621539
BAF,20170804,1.21,1.21,1.2,1.2,83022
BAL,20170804,7.28,7.45,7.14,7.39,691699
BAP,20170804,5.56,5.6,5.54,5.57,570783
BAR,20170804,0.064,0.064,0.063,0.063,2077903
BAU,20170804,0.072,0.072,0.072,0.072,215000
BBG,20170804,0.765,0.775,0.76,0.76,64787
BBN,20170804,1.94,1.95,1.895,1.95,319504
BBOZ,20170804,17.9,17.92,17.74,17.83,26864
BBUS,20170804,6.71,6.71,6.69,6.7,108613
BBX,20170804,0.205,0.215,0.205,0.215,28820
BCI,20170804,0.18,0.185,0.175,0.18,571051
BCN,20170804,0.019,0.022,0.019,0.022,4240519
BD1,20170804,0.009,0.009,0.009,0.009,442840
BDA,20170804,0.15,0.15,0.15,0.15,40000
BDR,20170804,0.195,0.205,0.195,0.2,4731277
BEAR,20170804,15.05,15.05,15,15.04,3062
BEE,20170804,0.205,0.215,0.185,0.215,410028
BEL,20170804,0.12,0.12,0.12,0.12,120000
BEN,20170804,11.28,11.3,11.17,11.25,1013971
BFC,20170804,0.25,0.255,0.235,0.235,158788
BFG,20170804,0.68,0.69,0.68,0.69,27411
BGA,20170804,6.5,6.57,6.48,6.51,326309
BHD,20170804,0.92,0.92,0.92,0.92,7750
BHP,20170804,25.55,25.87,25.51,25.72,4318451
BID,20170804,0.025,0.025,0.025,0.025,200000
BIG,20170804,1.47,1.475,1.4,1.42,557877
BIN,20170804,1.885,1.885,1.84,1.855,2562775
BIS,20170804,0.615,0.615,0.6,0.6,21946
BIT,20170804,0.018,0.018,0.018,0.018,98797
BKI,20170804,1.675,1.685,1.67,1.67,442437
BKL,20170804,87.7,87.71,87,87.61,38744
BKW,20170804,13.25,13.37,13.2,13.27,195425
BKY,20170804,0.77,0.78,0.765,0.775,86265
BLA,20170804,9.34,9.55,9.34,9.52,68545
BLD,20170804,6.8,6.895,6.79,6.85,2988021
BLG,20170804,0.26,0.26,0.25,0.25,133985
BLK,20170804,0.195,0.195,0.185,0.19,1419627
BLT,20170804,0.125,0.13,0.125,0.13,36474
BLX,20170804,1.36,1.375,1.36,1.375,1400
BLY,20170804,0.055,0.062,0.054,0.054,4601685
BMG,20170804,0.01,0.01,0.01,0.01,1495471
BMN,20170804,0.028,0.029,0.028,0.029,300000
BMP,20170804,0.265,0.275,0.265,0.275,9500
BMT,20170804,0.205,0.21,0.19,0.21,433069
BMZ,20170804,0.032,0.032,0.032,0.032,10000
BNO,20170804,0.44,0.445,0.44,0.44,80289
BOC,20170804,0.36,0.38,0.36,0.36,71500
BOE,20170804,0.053,0.054,0.053,0.054,3840613
BOL,20170804,0.11,0.11,0.11,0.11,112972
BOND,20170804,25.68,25.68,25.68,25.68,0
BOQ,20170804,12.31,12.38,12.25,12.35,1058753
BOT,20170804,0.045,0.045,0.044,0.044,243030
BPF,20170804,0.09,0.095,0.09,0.091,25192
BPH,20170804,0.002,0.002,0.002,0.002,208300
BPL,20170804,0.033,0.033,0.033,0.033,20000
BPS,20170804,0.795,0.8,0.79,0.79,42723
BPT,20170804,0.665,0.67,0.655,0.66,2559557
BRB,20170804,0.7,0.72,0.7,0.72,105907
BRG,20170804,10.06,10.11,9.915,9.94,82098
BRL,20170804,0.12,0.13,0.12,0.125,5273088
BRN,20170804,0.175,0.175,0.17,0.17,1139050
BRU,20170804,0.18,0.18,0.17,0.175,321344
BSA,20170804,0.35,0.35,0.35,0.35,215315
BSE,20170804,0.28,0.29,0.275,0.28,5432588
BSL,20170804,13.44,13.545,13.25,13.35,1637774
BSM,20170804,0.011,0.011,0.011,0.011,50000
BSR,20170804,0.018,0.018,0.018,0.018,524358
BST,20170804,0.865,0.865,0.865,0.865,10000
BSX,20170804,0.27,0.295,0.27,0.27,61000
BTC,20170804,0.165,0.165,0.165,0.165,45455
BTI,20170804,0.88,0.88,0.88,0.88,21152
BTT,20170804,10.61,10.77,10.61,10.65,726350
BUB,20170804,0.505,0.58,0.5,0.51,26330870
BUD,20170804,0.25,0.275,0.235,0.25,16654062
BUG,20170804,0.345,0.35,0.345,0.35,8000
BUL,20170804,0.076,0.076,0.076,0.076,114000
BUX,20170804,0.225,0.225,0.22,0.22,132312
BUY,20170804,0.007,0.007,0.007,0.007,65768
BVS,20170804,1.59,1.6,1.58,1.595,176428
BWP,20170804,2.86,2.93,2.86,2.91,1332682
BWR,20170804,1.3,1.32,1.3,1.32,8631
BWX,20170804,5.27,5.32,5.08,5.12,588587
BXB,20170804,9.37,9.49,9.36,9.44,2850959
BXN,20170804,0.018,0.018,0.018,0.018,60000
BYL,20170804,0.073,0.073,0.073,0.073,25000
CAA,20170804,0.15,0.15,0.15,0.15,205016
CAB,20170804,2.1,2.13,2.07,2.09,138493
CAD,20170804,0.003,0.004,0.003,0.003,932334
CAE,20170804,0.027,0.027,0.027,0.027,101244
CAI,20170804,0.026,0.026,0.025,0.026,4407679
CAJ,20170804,0.275,0.285,0.27,0.285,2105987
CAM,20170804,0.875,0.875,0.87,0.87,59173
CAN,20170804,0.82,0.99,0.82,0.94,1426704
CAP,20170804,0.067,0.069,0.067,0.069,110019
CAQ,20170804,0.11,0.11,0.11,0.11,2000
CAR,20170804,12.64,12.66,12.44,12.48,818834
CAS,20170804,0.122,0.122,0.12,0.12,115536
CAT,20170804,2,2.01,1.91,1.97,136830
CAV,20170804,0.012,0.012,0.011,0.012,3239521
CAY,20170804,0.069,0.069,0.068,0.068,90091
CBA,20170804,82.51,82.65,80.57,80.72,9239819
CBC,20170804,0.91,0.91,0.91,0.91,850
CBL,20170804,3.56,3.59,3.56,3.59,1605
CCA,20170804,0.63,0.66,0.63,0.66,3200
CCE,20170804,0.054,0.054,0.051,0.053,144325
CCL,20170804,8.46,8.5,8.43,8.47,1190254
CCP,20170804,18.62,18.62,18.42,18.56,98576
CCV,20170804,0.315,0.315,0.31,0.315,135502
CCZ,20170804,0.027,0.028,0.027,0.027,6845481
CDA,20170804,2.33,2.35,2.31,2.33,131615
CDD,20170804,1.23,1.25,1.17,1.19,158653
CDM,20170804,1.28,1.28,1.27,1.27,26439
CDP,20170804,7.77,7.77,7.7,7.71,14626
CDU,20170804,0.305,0.32,0.3,0.3,100192
CDV,20170804,0.63,0.65,0.63,0.65,601638
CDY,20170804,0.028,0.028,0.026,0.026,1973317
CEL,20170804,0.022,0.022,0.022,0.022,200000
CEN,20170804,5.08,5.08,5.08,5.08,300000
CETF,20170804,55.69,55.69,55.6,55.63,1308
CFE,20170804,0.025,0.028,0.025,0.028,1076353
CFO,20170804,0.42,0.44,0.42,0.425,466617
CGA,20170804,1.015,1.015,1,1,49518
CGC,20170804,4.76,4.85,4.76,4.79,488577
CGF,20170804,12.61,12.76,12.6,12.69,1996797
CGL,20170804,5.45,5.46,5.44,5.45,6245
CGM,20170804,0.007,0.007,0.007,0.007,250000
CGN,20170804,0.011,0.012,0.011,0.012,3790
CGR,20170804,0.37,0.38,0.345,0.345,379956
CGS,20170804,1.17,1.18,1.1,1.1,54515
CHC,20170804,5.28,5.33,5.28,5.29,1159072
CHN,20170804,0.16,0.16,0.16,0.16,285552
CHP,20170804,0.007,0.008,0.007,0.008,2556714
CHZ,20170804,0.043,0.043,0.043,0.043,413310
CIA,20170804,0.99,0.99,0.99,0.99,2207
CIE,20170804,0.99,0.99,0.975,0.975,50820
CII,20170804,1.5,1.5,1.5,1.5,1244
CIM,20170804,41.89,42.6,41.755,42.35,324487
CIN,20170804,32.08,32.08,31.96,31.96,1903
CIO,20170804,0.032,0.032,0.028,0.029,5661662
CIP,20170804,2.48,2.49,2.45,2.45,308900
CIW,20170804,0.55,0.55,0.55,0.55,51500
CKA,20170804,0.068,0.069,0.059,0.062,10614440
CKF,20170804,6.07,6.21,6.03,6.14,216105
CL1,20170804,2.96,2.965,2.94,2.94,110323
CL8,20170804,0.032,0.032,0.031,0.031,1050000
CLA,20170804,0.04,0.042,0.038,0.042,1444957
CLH,20170804,1.275,1.36,1.272,1.35,688510
CLL,20170804,0.033,0.033,0.033,0.033,56000
CLQ,20170804,0.8,0.82,0.78,0.78,1534701
CLV,20170804,0.45,0.455,0.45,0.455,12951
CLW,20170804,4.19,4.24,4.135,4.15,359992
CLX,20170804,0.98,1,0.96,0.96,16863
CM8,20170804,0.195,0.195,0.195,0.195,152309
CMA,20170804,2.39,2.41,2.38,2.39,50187
CMI,20170804,1.05,1.05,1.05,1.05,5550
CMM,20170804,0.084,0.084,0.084,0.084,242895
CMP,20170804,0.46,0.46,0.44,0.44,96714
CMW,20170804,0.95,0.95,0.932,0.935,6142561
CMY,20170804,0.006,0.006,0.005,0.005,494500
CNI,20170804,1.215,1.22,1.205,1.22,122364
CNJ,20170804,0.056,0.056,0.051,0.051,370843
CNQ,20170804,0.009,0.009,0.009,0.009,850000
CNU,20170804,4.16,4.17,4.14,4.17,182535
CNX,20170804,0.39,0.41,0.365,0.365,41963
CO1,20170804,0.125,0.125,0.115,0.115,2659023
COB,20170804,0.19,0.19,0.18,0.18,306003
COE,20170804,0.33,0.335,0.325,0.33,1964026
COG,20170804,0.117,0.12,0.115,0.12,1130794
COH,20170804,141.93,142.45,140.03,141.66,149264
COI,20170804,0.135,0.135,0.125,0.13,847962
COM,20170804,0.013,0.013,0.013,0.013,50000
CPH,20170804,0.485,0.5,0.47,0.485,403027
CPU,20170804,14.05,14.23,14,14.04,1992376
CQG,20170804,1.09,1.09,1.09,1.09,9838
CQR,20170804,4.07,4.105,4.07,4.09,682733
CR8,20170804,0.035,0.038,0.035,0.037,2739767
CRB,20170804,0.085,0.088,0.083,0.088,215965
CRL,20170804,0.057,0.057,0.057,0.057,52457
CRR,20170804,2.99,3,2.97,2.98,107311
CSE,20170804,0.2,0.2,0.2,0.2,16500
CSL,20170804,126.58,128.47,126.05,128.14,570211
CSR,20170804,3.89,3.96,3.89,3.91,1259983
CSS,20170804,0.051,0.053,0.05,0.05,7895046
CSV,20170804,0.7,0.7,0.67,0.67,79349
CT1,20170804,0.028,0.031,0.028,0.031,193053
CTD,20170804,22.53,22.6,22.42,22.47,120026
CTL,20170804,0.014,0.014,0.014,0.014,1208059
CTM,20170804,0.004,0.004,0.004,0.004,1510443
CTN,20170804,0.935,0.94,0.925,0.935,123152
CTO,20170804,0.008,0.008,0.008,0.008,1985006
CTP,20170804,0.125,0.125,0.122,0.125,142225
CTX,20170804,31,31.46,30.98,31.42,591928
CUE,20170804,0.054,0.056,0.054,0.056,84374
CUP,20170804,0.48,0.48,0.48,0.48,51322
CUV,20170804,6.37,6.48,6.37,6.44,8873
CUX,20170804,0.007,0.007,0.007,0.007,950000
CVN,20170804,0.074,0.075,0.074,0.075,309705
CVT,20170804,0.037,0.038,0.037,0.038,320000
CVW,20170804,1.44,1.44,1.44,1.44,10962
CWN,20170804,12.65,12.99,12.19,12.4,4126171
CWP,20170804,5.06,5.11,4.98,5.11,43623
CWY,20170804,1.28,1.305,1.265,1.295,4352015
CXO,20170804,0.071,0.071,0.068,0.07,689572
CXX,20170804,0.12,0.125,0.12,0.12,141662
CXZ,20170804,0.024,0.024,0.023,0.023,377511
CYA,20170804,0.95,0.955,0.95,0.955,6500
CYB,20170804,4.7,4.73,4.68,4.71,1631999
CYL,20170804,0.52,0.525,0.5,0.52,73380
CYP,20170804,0.615,0.62,0.59,0.6,144574
CYQ,20170804,0.02,0.022,0.02,0.022,79690
CZI,20170804,0.056,0.057,0.055,0.055,131649
CZL,20170804,0.014,0.014,0.014,0.014,300000
CZN,20170804,0.013,0.013,0.012,0.012,1707000
CZZ,20170804,16.46,16.5,16.44,16.5,7972
D13,20170804,0.11,0.115,0.082,0.11,4662812
D2O,20170804,1.05,1.05,1.015,1.015,73095
DAF,20170804,0.011,0.011,0.011,0.011,100000
DAV,20170804,0.083,0.083,0.083,0.083,40000
DCC,20170804,0.032,0.033,0.032,0.032,1292253
DCG,20170804,0.86,0.885,0.85,0.87,267406
DCN,20170804,2.06,2.08,2.02,2.07,300050
DDD,20170804,0.005,0.006,0.005,0.006,5537502
DDR,20170804,2.73,2.73,2.63,2.64,90732
DDT,20170804,0.006,0.006,0.006,0.006,2952895
DEG,20170804,0.036,0.036,0.036,0.036,1195
DEM,20170804,0.31,0.325,0.31,0.325,65510
DFM,20170804,0.82,0.82,0.81,0.81,756868
DGH,20170804,1.08,1.08,1.08,1.08,20000
DGR,20170804,0.135,0.135,0.135,0.135,154412
DHR,20170804,0.004,0.004,0.004,0.004,2500000
DJRE,20170804,19.78,19.88,19.78,19.8,24134
DJW,20170804,3.71,3.71,3.6,3.64,230023
DKM,20170804,0.105,0.105,0.1,0.105,551470
DLC,20170804,0.003,0.003,0.003,0.003,800
DLX,20170804,6.6,6.79,6.6,6.7,1143606
DM1,20170804,0.032,0.032,0.032,0.032,40000
DMC,20170804,0.045,0.045,0.045,0.045,400000
DMP,20170804,52.43,53.32,52.28,53.22,165265
DN8,20170804,0.235,0.24,0.225,0.235,28749
DNA,20170804,0.492,0.492,0.485,0.485,252034
DNK,20170804,0.68,0.685,0.675,0.675,53073
DOW,20170804,6.73,6.8,6.69,6.76,1671559
DRA,20170804,0.205,0.215,0.2,0.215,125969
DRG,20170804,0.049,0.055,0.049,0.055,219490
DRM,20170804,0.245,0.25,0.22,0.225,2839319
DRO,20170804,0.24,0.24,0.23,0.23,9634
DRX,20170804,0.011,0.012,0.011,0.012,1112618
DSE,20170804,0.081,0.082,0.081,0.082,200000
DSX,20170804,0.034,0.034,0.034,0.034,30000
DTI,20170804,0.165,0.17,0.165,0.17,68518
DTL,20170804,1.765,1.805,1.755,1.765,95237
DTM,20170804,0.005,0.005,0.005,0.005,2642836
DTS,20170804,0.23,0.235,0.23,0.23,154862
DTZ,20170804,0.14,0.145,0.14,0.14,16750
DUB,20170804,0.28,0.285,0.26,0.285,116879
DUI,20170804,3.84,3.85,3.83,3.83,171313
DVL,20170804,0.335,0.335,0.32,0.32,65313
DW8,20170804,0.01,0.01,0.01,0.01,500000
DWS,20170804,1.53,1.545,1.53,1.53,69522
DXB,20170804,0.011,0.012,0.011,0.011,7811977
DXS,20170804,9.53,9.595,9.52,9.56,1930534
DYL,20170804,0.275,0.275,0.27,0.27,141413
E2M,20170804,0.11,0.11,0.11,0.11,62500
EAI,20170804,0.945,0.945,0.94,0.94,288722
EAR,20170804,0.1,0.105,0.1,0.105,183996
EAX,20170804,0.85,0.85,0.85,0.85,1000
EBO,20170804,16.5,16.5,16.5,16.5,24466
ECX,20170804,3.61,3.64,3.59,3.6,315764
EDC,20170804,1.055,1.055,1.055,1.055,1324
EDE,20170804,0.21,0.215,0.195,0.195,4344198
EEG,20170804,0.008,0.008,0.008,0.008,853391
EEU,20170804,14.5,14.51,14.5,14.51,550
EFE,20170804,0.012,0.012,0.01,0.011,3227986
EGD,20170804,1.77,1.77,1.75,1.75,14500
EGG,20170804,1,1.005,0.98,0.99,57888
EGH,20170804,0.38,0.385,0.365,0.365,541477
EGI,20170804,1.03,1.03,1.02,1.02,214038
EGN,20170804,0.26,0.27,0.255,0.255,235625
EHE,20170804,2.88,2.91,2.87,2.89,311041
EHH,20170804,0.385,0.39,0.385,0.39,34000
EHL,20170804,0.14,0.145,0.14,0.145,1341913
EHX,20170804,0.07,0.092,0.07,0.08,11411229
ELD,20170804,5,5.11,4.97,5.03,328374
ELK,20170804,0.075,0.075,0.075,0.075,259233
ELS,20170804,0.195,0.2,0.19,0.19,308657
ELX,20170804,1.04,1.04,1.025,1.035,159343
EMH,20170804,0.795,0.795,0.795,0.795,700
EML,20170804,1.72,1.765,1.72,1.76,126383
EMR,20170804,0.043,0.043,0.043,0.043,61596
EMU,20170804,0.12,0.12,0.12,0.12,11000
EMX,20170804,0.013,0.013,0.013,0.013,349125
ENB,20170804,0.007,0.007,0.007,0.007,250000
ENN,20170804,2.1,2.1,2.07,2.1,38799
ENR,20170804,0.105,0.105,0.1,0.105,271078
ENX,20170804,0.022,0.022,0.022,0.022,13333
EOR,20170804,0.006,0.006,0.006,0.006,5167
EOS,20170804,2.99,3,2.95,3,60318
EPD,20170804,0.575,0.58,0.565,0.575,136062
EPT,20170804,0.038,0.039,0.037,0.037,1441453
EPW,20170804,1.26,1.275,1.235,1.235,127305
EQE,20170804,0.04,0.044,0.04,0.044,1857142
EQT,20170804,17.3,17.5,17.3,17.4,1083
ERA,20170804,0.54,0.54,0.535,0.54,9617
ERF,20170804,1.34,1.34,1.34,1.34,81
ERM,20170804,0.105,0.105,0.105,0.105,2134641
ESE,20170804,0.18,0.185,0.17,0.175,194647
ESI,20170804,0.012,0.012,0.011,0.011,1367194
ESR,20170804,0.026,0.026,0.024,0.024,415859
ESV,20170804,0.12,0.12,0.12,0.12,135000
ETE,20170804,0.019,0.019,0.019,0.019,100000
ETF,20170804,20.11,20.11,20.09,20.1,3094
ETPMAG,20170804,20.3,20.3,20.06,20.18,4246
ETPMPD,20170804,105.94,105.94,105.94,105.94,50
ETPMPM,20170804,118.06,118.79,118.06,118.79,91
ETPMPT,20170804,113.6,113.6,113.6,113.6,0
EUC,20170804,0.063,0.067,0.063,0.064,1019173
EUR,20170804,0.041,0.041,0.041,0.041,184523
EVE,20170804,0.004,0.005,0.004,0.005,700000
EVN,20170804,2.22,2.25,2.205,2.21,7033237
EVS,20170804,0.064,0.064,0.064,0.064,60
EVT,20170804,12.85,12.94,12.76,12.77,20419
EWC,20170804,0.42,0.43,0.405,0.43,277876
EXC,20170804,0.042,0.042,0.041,0.041,382637
EXG,20170804,0.045,0.049,0.045,0.049,1477099
EXU,20170804,0.12,0.12,0.12,0.12,20000
EYM,20170804,0.01,0.01,0.01,0.01,2068286
EZL,20170804,1.02,1.04,1.02,1.04,2610
FAR,20170804,0.077,0.079,0.076,0.078,3490798
FBR,20170804,0.19,0.19,0.185,0.19,2723062
FBU,20170804,7.41,7.47,7.29,7.4,1581333
FDM,20170804,0.11,0.115,0.11,0.11,101373
FDV,20170804,0.73,0.73,0.71,0.71,50000
FEL,20170804,0.032,0.032,0.03,0.03,2856525
FET,20170804,2.64,2.68,2.62,2.65,319433
FFG,20170804,0.01,0.01,0.009,0.009,550000
FFT,20170804,0.12,0.12,0.12,0.12,79341
FGG,20170804,1.105,1.11,1.1,1.1,287696
FGR,20170804,0.086,0.089,0.085,0.089,279636
FGX,20170804,1.09,1.1,1.09,1.1,170859
FID,20170804,4.26,4.26,4.26,4.26,150
FIG,20170804,0.885,0.89,0.87,0.87,90235
FLK,20170804,1.145,1.15,1.105,1.105,79721
FLN,20170804,0.54,0.54,0.52,0.535,492378
FLT,20170804,45.75,45.84,45.1,45.47,280675
FMG,20170804,5.69,5.74,5.64,5.71,10167161
FML,20170804,0.47,0.47,0.47,0.47,871
FMS,20170804,0.06,0.06,0.06,0.06,147675
FND,20170804,0.21,0.21,0.2,0.2,1634179
FNP,20170804,4.25,4.32,4.2,4.27,8937
FNT,20170804,0.023,0.023,0.021,0.021,297048
FOR,20170804,2.11,2.11,2.11,2.11,35328
FPC,20170804,1.12,1.12,1.08,1.08,4600
FPH,20170804,10.5,10.55,10.475,10.5,708313
FPL,20170804,0.019,0.02,0.019,0.02,380000
FRI,20170804,0.845,0.855,0.83,0.83,34184
FRM,20170804,1.155,1.2,1.155,1.2,12233
FRN,20170804,0.019,0.021,0.019,0.02,1516349
FSA,20170804,1.365,1.365,1.365,1.365,13158
FSF,20170804,5.75,5.75,5.7,5.7,8493
FSG,20170804,0.039,0.039,0.039,0.039,132000
FSI,20170804,1.595,1.595,1.595,1.595,1637
FTT,20170804,0.062,0.062,0.062,0.062,37980
FUN,20170804,0.008,0.008,0.006,0.006,205906
FWD,20170804,2.6,2.67,2.6,2.67,57800
FXJ,20170804,1.02,1.04,1.015,1.035,6066012
FXL,20170804,1.855,1.875,1.825,1.835,969939
FZO,20170804,0.45,0.47,0.45,0.46,200135
FZR,20170804,0.165,0.165,0.165,0.165,50000
GAP,20170804,0.395,0.395,0.395,0.395,53000
GBG,20170804,0.018,0.019,0.018,0.018,752800
GBM,20170804,0.011,0.011,0.011,0.011,622000
GBR,20170804,0.105,0.105,0.105,0.105,17500
GBT,20170804,3.23,3.26,3.21,3.23,668814
GBX,20170804,0.017,0.017,0.017,0.017,658823
GC1,20170804,0.94,0.94,0.94,0.94,3745
GCR,20170804,0.009,0.009,0.009,0.009,1250
GCS,20170804,0.55,0.565,0.54,0.545,90118
GCY,20170804,0.395,0.4,0.395,0.4,56609
GDF,20170804,1.16,1.18,1.15,1.18,18597
GDI,20170804,1.02,1.025,1.01,1.01,403904
GDX,20170804,28.61,28.66,28.59,28.59,2826
GEAR,20170804,20.73,20.94,20.7,20.8,24347
GEM,20170804,3.72,3.735,3.7,3.71,992010
GFL,20170804,2.25,2.25,2.25,2.25,4450
GFY,20170804,0.72,0.72,0.66,0.66,47545
GGG,20170804,0.13,0.137,0.127,0.135,3327313
GGL,20170804,0.021,0.021,0.018,0.019,1629931
GGUS,20170804,13.35,13.35,13.35,13.35,809
GID,20170804,0.042,0.042,0.041,0.041,74205
GLA,20170804,0.003,0.003,0.003,0.003,166670
GLF,20170804,0.01,0.01,0.01,0.01,100000
GLL,20170804,0.088,0.088,0.08,0.08,146000
GMA,20170804,3.14,3.16,3.1,3.1,1389503
GMC,20170804,0.007,0.007,0.007,0.007,566195
GMD,20170804,0.016,0.016,0.016,0.016,529301
GMG,20170804,8.08,8.14,8.02,8.06,6248430
GMN,20170804,0.097,0.11,0.097,0.11,1013721
GMR,20170804,0.004,0.004,0.004,0.004,2208894
GMV,20170804,0.255,0.255,0.235,0.24,1058413
GNC,20170804,8.59,8.85,8.59,8.83,628789
GNE,20170804,2.29,2.29,2.26,2.27,456620
GNG,20170804,1.485,1.485,1.455,1.475,14701
GNX,20170804,0.255,0.26,0.25,0.25,311011
GOLD,20170804,151.48,151.48,150.88,151.34,3522
GOR,20170804,0.625,0.65,0.625,0.645,404826
GOVT,20170804,25.69,25.69,25.69,25.69,6220
GOZ,20170804,3.15,3.18,3.15,3.16,413584
GPP,20170804,0.017,0.017,0.016,0.016,635649
GPR,20170804,0.036,0.036,0.035,0.035,715028
GPT,20170804,4.79,4.845,4.78,4.82,6531287
GPX,20170804,0.25,0.25,0.24,0.24,43432
GRB,20170804,0.044,0.044,0.043,0.044,293055
GRR,20170804,0.14,0.145,0.14,0.14,453823
GSC,20170804,0.19,0.2,0.19,0.2,564661
GSL,20170804,0.19,0.19,0.185,0.19,115000
GSW,20170804,1.02,1.02,0.93,0.985,599255
GTE,20170804,0.014,0.014,0.013,0.013,371777
GTK,20170804,4.81,4.87,4.71,4.81,55394
GTR,20170804,0.012,0.012,0.012,0.012,120000
GTY,20170804,1.9,1.912,1.897,1.905,880516
GUD,20170804,12.05,12.23,12.035,12.08,104826
GVF,20170804,1.14,1.14,1.13,1.14,142031
GWA,20170804,3.2,3.23,3.14,3.16,897523
GXL,20170804,5.77,5.8,5.73,5.76,386230
GXY,20170804,1.885,2.03,1.88,2.03,5561856
HAS,20170804,0.205,0.205,0.2,0.2,649323
HAV,20170804,0.37,0.375,0.37,0.375,50985
HCH,20170804,0.031,0.031,0.031,0.031,206333
HEG,20170804,0.054,0.054,0.054,0.054,850
HFA,20170804,2.57,2.59,2.5,2.53,66889
HFR,20170804,0.89,0.897,0.87,0.895,158812
HGL,20170804,0.042,0.042,0.042,0.042,120000
HGO,20170804,0.091,0.093,0.091,0.093,31061
HHV,20170804,1.17,1.17,1.165,1.165,58108
HIG,20170804,0.063,0.063,0.063,0.063,66130
HIL,20170804,0.18,0.18,0.18,0.18,7915
HIT,20170804,0.71,0.71,0.68,0.68,21914
HLX,20170804,0.037,0.037,0.037,0.037,133515
HMO,20170804,0.12,0.12,0.115,0.115,195028
HMX,20170804,0.044,0.044,0.044,0.044,39833
HNG,20170804,0.56,0.56,0.56,0.56,3128
HNR,20170804,0.014,0.015,0.014,0.015,3196335
HPI,20170804,3,3.03,2.99,3,135177
HRL,20170804,0.085,0.085,0.085,0.085,126400
HRN,20170804,0.32,0.32,0.32,0.32,13078
HRR,20170804,0.078,0.078,0.075,0.075,603060
HSN,20170804,3.75,3.81,3.73,3.76,251299
HSO,20170804,2.14,2.16,2.14,2.16,6753398
HT1,20170804,2.61,2.64,2.59,2.64,303693
HT8,20170804,0.135,0.135,0.135,0.135,4000
HTA,20170804,0.069,0.07,0.069,0.07,94622
HUB,20170804,6.44,6.5,6.36,6.48,22310
HUO,20170804,5.2,5.31,5.14,5.29,10725
HVN,20170804,4.43,4.525,4.43,4.51,4431417
HVST,20170804,17.85,17.93,17.85,17.9,114986
HWK,20170804,0.015,0.015,0.014,0.014,500840
HXG,20170804,0.125,0.125,0.12,0.122,195204
HZN,20170804,0.051,0.051,0.049,0.049,479510
HZR,20170804,0.45,0.455,0.44,0.44,242903
IAA,20170804,76.07,76.28,76.01,76.11,7577
IAB,20170804,0.905,0.905,0.905,0.905,500
IAF,20170804,106.19,106.37,106.19,106.3,13938
IAG,20170804,6.52,6.64,6.52,6.61,3985796
IAM,20170804,0.024,0.026,0.023,0.025,5985795
IAU,20170804,1.205,1.205,1.205,1.205,105
IBG,20170804,0.074,0.074,0.074,0.074,48242
IBK,20170804,51.29,51.35,51.01,51.35,1608
IBN,20170804,0.003,0.003,0.003,0.003,474358
IBX,20170804,0.155,0.17,0.155,0.16,347305
ICG,20170804,0.008,0.008,0.008,0.008,6027399
ICI,20170804,0.09,0.09,0.09,0.09,10000
ICN,20170804,0.021,0.021,0.021,0.021,9170
ICQ,20170804,0.24,0.25,0.24,0.245,57383
ICT,20170804,0.015,0.015,0.012,0.012,391542
IDA,20170804,0.063,0.063,0.062,0.062,32133
IDR,20170804,2.31,2.33,2.3,2.3,97276
IDT,20170804,0.086,0.087,0.086,0.087,56196
IDX,20170804,1.7,1.71,1.69,1.7,557670
IDZ,20170804,0.31,0.31,0.31,0.31,15487
IEC,20170804,0.012,0.012,0.012,0.012,513633
IEL,20170804,5.21,5.23,5.15,5.19,77770
IEM,20170804,55.09,55.49,55.01,55.22,15624
IEU,20170804,57.7,57.82,57.61,57.61,85296
IFL,20170804,9.93,10.09,9.93,9.98,875388
IFM,20170804,0.74,0.745,0.73,0.745,438003
IFN,20170804,0.785,0.805,0.78,0.8,1835610
IGB,20170804,103.21,103.21,102.81,102.81,394
IGL,20170804,2.24,2.25,2.22,2.23,88439
IGO,20170804,3.02,3.135,3.02,3.11,4045632
IHCB,20170804,107.07,107.12,107,107,1228
IHD,20170804,13.73,14,13.71,14,21054
IHEB,20170804,107.86,107.87,107.62,107.87,672
IHHY,20170804,108.73,108.74,108.73,108.73,492
IHOO,20170804,105.17,105.22,105.17,105.22,668
IHVV,20170804,312.57,312.8,312.37,312.75,915
IIL,20170804,0.048,0.049,0.046,0.048,680097
IJH,20170804,218.95,219.36,218.45,218.77,404
IJP,20170804,69.42,69.47,69.3,69.3,2509
IJR,20170804,88,88.58,87.5,88.39,1718
IKO,20170804,86.64,87.15,86.64,87.15,1072
ILB,20170804,113.85,114.25,113.85,114.24,1660
ILC,20170804,23.2,23.21,23.1,23.14,22454
ILU,20170804,9.1,9.12,8.94,8.99,1371075
IMA,20170804,0.1,0.1,0.095,0.095,84930
IMC,20170804,0.2,0.2,0.19,0.19,124386
IMD,20170804,0.76,0.78,0.74,0.77,343607
IMF,20170804,1.922,1.94,1.905,1.92,53388
IMU,20170804,0.014,0.015,0.014,0.015,4458669
INA,20170804,2.55,2.58,2.53,2.55,228036
ING,20170804,3.35,3.4,3.34,3.39,185905
INK,20170804,0.077,0.077,0.068,0.07,588053
INM,20170804,46.75,47.16,46.75,46.85,29305
IOF,20170804,4.65,4.71,4.62,4.69,1463845
IOO,20170804,108.69,109.02,108.42,108.5,15027
IOT,20170804,0.013,0.013,0.012,0.012,3650467
IOZ,20170804,23.5,23.6,23.49,23.54,40557
IP1,20170804,0.13,0.13,0.13,0.13,9209
IPD,20170804,0.67,0.67,0.635,0.64,218962
IPE,20170804,0.105,0.105,0.105,0.105,167528
IPH,20170804,4.49,4.5,4.435,4.45,158879
IPL,20170804,3.24,3.345,3.24,3.29,5644283
IPT,20170804,0.017,0.022,0.017,0.022,7156751
IRC,20170804,0.1,0.102,0.092,0.094,2875368
IRD,20170804,0.21,0.21,0.21,0.21,24043
IRE,20170804,12.8,13.05,12.8,12.97,249073
IRI,20170804,3.32,3.35,3.28,3.31,57931
IRU,20170804,176.24,176.24,175.53,175.56,267
ISD,20170804,1.84,1.845,1.81,1.815,1452044
ISG,20170804,31.57,31.57,31.43,31.43,820
ISH,20170804,0.016,0.016,0.016,0.016,80000
ISO,20170804,4.28,4.29,4.28,4.29,3144
ISU,20170804,2.11,2.13,2.08,2.12,128818
ISX,20170804,0.205,0.205,0.19,0.195,1069057
ITD,20170804,0.5,0.5,0.49,0.49,37162
ITL,20170804,6.1,6.1,6.1,6.1,3110
ITW,20170804,46.7,46.7,46.55,46.6,2058
IVC,20170804,13.68,13.94,13.65,13.7,149682
IVE,20170804,85.43,85.51,85,85,4641
IVR,20170804,0.033,0.033,0.033,0.033,100000
IVV,20170804,312.52,313.17,312.14,312.29,8972
IVX,20170804,0.002,0.002,0.002,0.002,6700
IXI,20170804,129.99,130,129.38,129.54,7035
IXJ,20170804,137.2,137.85,137.2,137.3,4531
IXP,20170804,77.06,77.06,76.52,76.57,398
IZZ,20170804,53.95,53.99,53.81,53.81,4050
JAL,20170804,0.096,0.096,0.096,0.096,100000
JBH,20170804,26.3,26.6,26.09,26.17,576806
JCI,20170804,0.81,0.81,0.805,0.805,1590
JHC,20170804,1.97,1.995,1.967,1.975,470597
JHG,20170804,42.2,42.93,42.2,42.76,332488
JHX,20170804,18.88,18.96,18.6,18.76,1801926
JIN,20170804,2.89,2.9,2.86,2.86,67974
JKL,20170804,0.2,0.21,0.2,0.21,64147
JRV,20170804,0.1,0.105,0.097,0.105,250856
JYC,20170804,1.6,1.6,1.6,1.6,2037
K2P,20170804,0.175,0.175,0.17,0.17,677286
KAI,20170804,0.018,0.018,0.017,0.017,3462018
KAM,20170804,0.255,0.255,0.24,0.24,100000
KAR,20170804,1.265,1.27,1.245,1.25,429855
KCN,20170804,0.22,0.225,0.215,0.22,985430
KDR,20170804,0.56,0.57,0.55,0.555,1304185
KEY,20170804,0.008,0.009,0.008,0.009,131875
KGD,20170804,0.029,0.029,0.029,0.029,258401
KGL,20170804,0.305,0.305,0.3,0.3,31616
KGM,20170804,0.012,0.012,0.012,0.012,90000
KGN,20170804,2.45,2.45,2.2,2.25,257838
KII,20170804,2.48,2.48,2.48,2.48,82550
KIN,20170804,0.32,0.335,0.32,0.335,380743
KKL,20170804,0.056,0.056,0.056,0.056,16545
KLL,20170804,0.39,0.39,0.385,0.385,17271
KMD,20170804,2.12,2.12,2.06,2.06,59778
KME,20170804,0.33,0.33,0.33,0.33,62800
KNL,20170804,0.155,0.16,0.14,0.16,216829
KNM,20170804,0.051,0.054,0.048,0.048,5494746
KNO,20170804,0.14,0.14,0.13,0.13,47375
KOR,20170804,0.018,0.018,0.018,0.018,804499
KOV,20170804,2.4,2.44,2.4,2.4,23687
KPG,20170804,1.42,1.42,1.39,1.39,266104
KPO,20170804,0.063,0.079,0.063,0.078,3359313
KPT,20170804,2.2,2.2,2.15,2.15,58878
KRC,20170804,0.013,0.013,0.011,0.013,26056179
KRL,20170804,0.03,0.03,0.029,0.029,172909
KSC,20170804,1.76,1.76,1.7,1.7,36007
KSL,20170804,0.85,0.86,0.85,0.86,110500
KSN,20170804,0.016,0.016,0.015,0.015,699808
KTA,20170804,0.038,0.038,0.038,0.038,118748
KTE,20170804,0.011,0.011,0.011,0.011,500000
KYK,20170804,0.18,0.18,0.175,0.175,79500
LAA,20170804,0.098,0.11,0.098,0.105,313724
LBT,20170804,0.295,0.295,0.295,0.295,79989
LCA,20170804,0.59,0.6,0.59,0.6,89187
LCD,20170804,0.017,0.017,0.016,0.016,86836
LCK,20170804,0.1,0.105,0.1,0.105,279429
LCM,20170804,0.32,0.325,0.3,0.32,67204
LCT,20170804,0.12,0.125,0.115,0.115,446010
LCY,20170804,0.004,0.004,0.004,0.004,342310
LEG,20170804,0.012,0.012,0.012,0.012,238835
LEP,20170804,4.73,4.74,4.67,4.74,16514
LER,20170804,0.095,0.095,0.095,0.095,14377
LGD,20170804,0.175,0.175,0.17,0.17,6216
LHC,20170804,2.32,2.35,2.32,2.32,13187
LHM,20170804,0.035,0.035,0.035,0.035,200000
LIC,20170804,4.1,4.1,4.09,4.09,4994
LIN,20170804,0.015,0.015,0.015,0.015,34376
LIT,20170804,0.11,0.12,0.11,0.12,356934
LKE,20170804,0.042,0.042,0.042,0.042,11777
LLC,20170804,16.5,16.99,16.465,16.66,2656978
LMG,20170804,0.016,0.016,0.015,0.015,1485503
LMW,20170804,0.7,0.7,0.695,0.695,15650
LNG,20170804,0.585,0.595,0.58,0.58,657182
LNK,20170804,7.8,7.88,7.78,7.84,1399040
LNU,20170804,0.047,0.049,0.047,0.047,214635
LNY,20170804,0.003,0.003,0.003,0.003,1325000
LOM,20170804,0.26,0.29,0.26,0.285,1236567
LOV,20170804,4.18,4.19,4.15,4.19,339785
LPD,20170804,0.013,0.014,0.013,0.013,1167539
LPI,20170804,0.295,0.3,0.295,0.3,224741
LRS,20170804,0.004,0.004,0.003,0.004,462006
LSH,20170804,0.16,0.16,0.155,0.155,299456
LSR,20170804,0.009,0.009,0.009,0.009,100000
LVE,20170804,0.24,0.24,0.24,0.24,23838
LVH,20170804,0.71,0.71,0.66,0.69,303224
LVT,20170804,0.21,0.21,0.21,0.21,125066
LWP,20170804,0.001,0.001,0.001,0.001,871000
LYC,20170804,0.135,0.142,0.125,0.14,73220815
LYL,20170804,3.35,3.35,3.35,3.35,494
MA1,20170804,0.79,0.79,0.78,0.785,73400
MAG,20170804,0.14,0.14,0.12,0.12,10700
MAH,20170804,0.17,0.175,0.17,0.175,438901
MAT,20170804,0.2,0.2,0.2,0.2,60000
MAY,20170804,0.012,0.013,0.012,0.013,4613509
MBE,20170804,0.079,0.079,0.075,0.076,1772797
MBK,20170804,0.022,0.022,0.022,0.022,150000
MCA,20170804,0.071,0.071,0.065,0.065,165009
MCE,20170804,0.495,0.495,0.495,0.495,6936
MCP,20170804,1.385,1.39,1.37,1.37,322614
MCR,20170804,0.2,0.2,0.2,0.2,27503
MCY,20170804,3.24,3.24,3.23,3.24,360700
MDC,20170804,0.77,0.795,0.77,0.795,3000
MDI,20170804,0.017,0.017,0.016,0.016,44145
MDL,20170804,0.72,0.735,0.72,0.73,244038
MDR,20170804,0.03,0.031,0.03,0.031,417791
MEA,20170804,0.72,0.73,0.68,0.7,190132
MEB,20170804,0.36,0.39,0.36,0.38,756580
MEC,20170804,1.13,1.13,1.1,1.1,81494
MED,20170804,0.006,0.006,0.005,0.006,16215072
MEI,20170804,0.032,0.033,0.032,0.033,598322
MEL,20170804,0.04,0.04,0.04,0.04,856
MEM,20170804,0.004,0.005,0.004,0.005,16380818
MEP,20170804,0.062,0.07,0.062,0.07,1414255
MEU,20170804,0.017,0.017,0.017,0.017,73100
MEY,20170804,0.125,0.125,0.125,0.125,300
MEZ,20170804,2.74,2.74,2.72,2.72,57729
MFD,20170804,1.14,1.14,1.14,1.14,23000
MFF,20170804,1.96,1.995,1.96,1.995,795355
MFG,20170804,26.7,27.09,26.65,26.87,185877
MGC,20170804,0.7,0.7,0.655,0.66,1096570
MGE,20170804,2.74,2.75,2.72,2.74,1078980
MGP,20170804,0.34,0.34,0.34,0.34,2897
MGR,20170804,2.18,2.21,2.17,2.2,15324872
MGT,20170804,0.032,0.032,0.028,0.032,373701
MGV,20170804,0.08,0.08,0.078,0.08,327032
MGX,20170804,0.45,0.45,0.432,0.435,512765
MHG,20170804,2.82,2.82,2.82,2.82,26438
MHJ,20170804,1.185,1.245,1.145,1.195,53443
MIN,20170804,12.81,13.32,12.78,12.89,1271002
MIR,20170804,2.8,2.81,2.68,2.69,43945
MLB,20170804,2.84,2.85,2.84,2.84,57348
MLD,20170804,1.685,1.75,1.677,1.75,565346
MLM,20170804,0.068,0.068,0.064,0.066,1582032
MLS,20170804,0.004,0.004,0.004,0.004,475000
MLT,20170804,4.58,4.62,4.57,4.57,410628
MLX,20170804,0.81,0.825,0.805,0.82,835130
MMI,20170804,0.165,0.17,0.165,0.17,456484
MMJ,20170804,0.33,0.36,0.32,0.36,1689212
MML,20170804,0.32,0.32,0.3,0.3,580131
MMR,20170804,0.028,0.028,0.028,0.028,53789
MMS,20170804,14.2,14.35,14.165,14.19,156313
MNC,20170804,0.045,0.045,0.042,0.042,319105
MND,20170804,15.26,15.43,15.13,15.13,235761
MNF,20170804,4.81,4.83,4.65,4.79,44655
MNM,20170804,0.008,0.008,0.008,0.008,818374
MNW,20170804,0.05,0.05,0.05,0.05,181603
MNY,20170804,1.435,1.465,1.43,1.465,101100
MOAT,20170804,49.94,49.98,49.81,49.93,4564
MOC,20170804,2.34,2.36,2.3,2.33,124852
MOD,20170804,0.065,0.066,0.063,0.065,6544977
MOE,20170804,4.2,4.2,4.02,4.18,65984
MOT,20170804,0.04,0.04,0.04,0.04,13000
MOY,20170804,0.185,0.19,0.18,0.18,434493
MP1,20170804,2.22,2.22,2.2,2.2,71558
MPE,20170804,0.001,0.001,0.001,0.001,15750000
MPL,20170804,2.73,2.765,2.73,2.75,4812037
MPP,20170804,1.4,1.4,1.4,1.4,171645
MPW,20170804,0.3,0.3,0.285,0.285,27000
MQA,20170804,5.66,5.755,5.66,5.7,1469859
MQG,20170804,85.71,87.25,85.63,86.33,670521
MQR,20170804,0.19,0.19,0.185,0.19,129412
MRD,20170804,0.006,0.006,0.006,0.006,2267847
MRG,20170804,0.39,0.4,0.39,0.4,26250
MRM,20170804,0.175,0.18,0.172,0.18,184230
MRP,20170804,0.185,0.19,0.185,0.19,192113
MRR,20170804,0.053,0.053,0.052,0.052,150000
MRV,20170804,0.01,0.011,0.01,0.01,1690001
MSB,20170804,1.7,1.73,1.6,1.61,1324629
MSP,20170804,0.03,0.031,0.029,0.031,5913001
MSV,20170804,0.043,0.043,0.043,0.043,255300
MTC,20170804,0.175,0.195,0.175,0.175,474631
MTH,20170804,0.003,0.003,0.003,0.003,10000
MTO,20170804,4.24,4.32,4.24,4.32,30290
MTR,20170804,2.74,2.76,2.705,2.71,2098626
MTS,20170804,2.63,2.68,2.63,2.64,3067500
MUA,20170804,0.57,0.575,0.56,0.56,312647
MUS,20170804,0.049,0.049,0.048,0.048,3264699
MVA,20170804,19.54,19.57,19.51,19.54,15743
MVB,20170804,27.27,27.27,27.01,27.01,7719
MVE,20170804,25.13,25.13,25.13,25.13,363
MVF,20170804,1.58,1.61,1.57,1.6,290919
MVP,20170804,5.13,5.22,5.13,5.2,12830
MVR,20170804,20.74,20.74,20.74,20.74,966
MVS,20170804,17.86,17.86,17.86,17.86,282
MVW,20170804,25.85,25.96,25.85,25.9,18217
MWY,20170804,2.4,2.4,2.4,2.4,21110
MX1,20170804,0.435,0.445,0.435,0.44,28253
MXC,20170804,0.042,0.042,0.04,0.04,3043014
MXI,20170804,0.715,0.715,0.71,0.71,120250
MXR,20170804,0.002,0.002,0.002,0.002,1490000
MYO,20170804,3.26,3.305,3.26,3.27,398929
MYR,20170804,0.755,0.76,0.735,0.74,3681483
MYS,20170804,4.95,5.05,4.95,5,150685
MYX,20170804,0.855,0.875,0.81,0.845,23328371
MZI,20170804,0.2,0.2,0.19,0.19,107852
MZM,20170804,0.155,0.155,0.15,0.15,110258
MZN,20170804,0.006,0.006,0.006,0.006,2000000
MZZ,20170804,0.24,0.24,0.23,0.23,99000
N1H,20170804,0.18,0.18,0.18,0.18,3388
NAB,20170804,29.82,30,29.67,29.93,3814908
NAE,20170804,0.007,0.007,0.007,0.007,2686677
NAG,20170804,0.038,0.038,0.038,0.038,117447
NAM,20170804,0.42,0.42,0.42,0.42,28930
NAN,20170804,2.33,2.38,2.32,2.37,1083790
NBL,20170804,2.02,2.05,1.98,2.05,229139
NCC,20170804,1.4,1.42,1.4,1.41,59403
NCK,20170804,6.37,6.42,6.3,6.32,187483
NCM,20170804,20.25,20.46,20.18,20.34,1664401
NCR,20170804,0.005,0.005,0.005,0.005,33150
NCZ,20170804,0.505,0.525,0.49,0.495,2577356
NDQ,20170804,12.82,12.85,12.8,12.8,87655
NEA,20170804,0.71,0.71,0.68,0.68,534865
NEC,20170804,1.49,1.545,1.49,1.54,9318986
NEU,20170804,0.06,0.061,0.06,0.06,357598
NGE,20170804,0.47,0.47,0.435,0.435,100000
NHC,20170804,1.58,1.582,1.55,1.56,13881
NHF,20170804,5.68,5.79,5.68,5.75,839649
NHL,20170804,0.031,0.031,0.03,0.03,55710
NIU,20170804,0.002,0.002,0.002,0.002,163808
NLI,20170804,0.045,0.046,0.045,0.045,196376
NML,20170804,0.042,0.042,0.041,0.041,115000
NMS,20170804,0.9,0.9,0.9,0.9,10397
NMT,20170804,0.29,0.29,0.285,0.29,215149
NNW,20170804,0.087,0.087,0.087,0.087,16708
NOR,20170804,0.012,0.012,0.01,0.012,4795452
NOV,20170804,0.15,0.16,0.145,0.145,48120
NOX,20170804,0.37,0.37,0.34,0.35,27724
NRT,20170804,0.042,0.042,0.042,0.042,187005
NSE,20170804,0.003,0.004,0.003,0.004,488256
NSL,20170804,0.021,0.021,0.02,0.02,2441147
NSR,20170804,1.495,1.525,1.495,1.525,1264035
NST,20170804,4.74,4.82,4.65,4.7,3428262
NTC,20170804,1.65,1.665,1.625,1.625,63790
NTI,20170804,0.2,0.22,0.19,0.2,177065
NTL,20170804,0.017,0.018,0.017,0.017,1394705
NTU,20170804,0.125,0.125,0.12,0.125,1225210
NUF,20170804,8.88,8.94,8.78,8.87,977981
NUH,20170804,0.091,0.093,0.089,0.091,3798909
NUS,20170804,0.385,0.385,0.385,0.385,11333
NVL,20170804,2.52,2.52,2.44,2.44,41510
NVO,20170804,0.028,0.028,0.028,0.028,100000
NVT,20170804,4.21,4.39,4.21,4.38,1620225
NVX,20170804,1.23,1.24,1.23,1.24,70000
NWE,20170804,0.003,0.003,0.003,0.003,54054
NWF,20170804,0.33,0.33,0.33,0.33,7500
NWH,20170804,0.695,0.697,0.67,0.67,394041
NWS,20170804,18.3,18.55,18.29,18.52,78652
NXM,20170804,0.072,0.072,0.072,0.072,28000
NXT,20170804,4.21,4.265,4.2,4.22,1012672
NZC,20170804,0.21,0.21,0.21,0.21,48571
NZK,20170804,1.625,1.625,1.625,1.625,5000
NZM,20170804,0.865,0.87,0.865,0.87,34434
OBJ,20170804,0.054,0.055,0.052,0.052,647116
OBL,20170804,0.003,0.003,0.003,0.003,482000
OCA,20170804,0.955,0.96,0.955,0.96,1087851
OCC,20170804,0.315,0.315,0.305,0.305,41239
OCP,20170804,2.56,2.57,2.56,2.57,10043
OEC,20170804,0.68,0.68,0.65,0.67,202994
OEL,20170804,0.03,0.03,0.029,0.029,297925
OEX,20170804,0.004,0.004,0.004,0.004,115136
OFX,20170804,1.655,1.67,1.64,1.65,197452
OGC,20170804,3.45,3.52,3.45,3.5,1167213
OGX,20170804,0.055,0.055,0.054,0.054,141210
OIL,20170804,0.095,0.095,0.095,0.095,46660
OKU,20170804,0.34,0.37,0.34,0.37,188573
OLH,20170804,0.055,0.055,0.055,0.055,11000
OLI,20170804,0.215,0.215,0.205,0.205,770034
OLV,20170804,0.036,0.036,0.036,0.036,260000
OMH,20170804,0.195,0.195,0.195,0.195,426178
OML,20170804,4.06,4.09,3.995,4.03,3471150
ONE,20170804,4.68,4.69,4.68,4.69,3718
ONT,20170804,7.05,7.05,6.97,6.97,96
OOK,20170804,0.016,0.017,0.016,0.017,637520
OOO,20170804,13.89,13.89,13.84,13.84,9931
OPG,20170804,0.54,0.54,0.515,0.515,332
OPT,20170804,0.74,0.74,0.73,0.735,20994
ORA,20170804,2.76,2.79,2.74,2.75,4037339
ORE,20170804,3.23,3.25,3.17,3.19,750097
ORG,20170804,7.17,7.24,7.12,7.2,2247025
ORI,20170804,19.87,20.12,19.855,19.97,630592
ORL,20170804,1.05,1.065,1,1.01,25895
ORN,20170804,0.023,0.023,0.023,0.023,36199
ORR,20170804,0.16,0.16,0.16,0.16,291840
OSH,20170804,6.56,6.595,6.44,6.48,5132630
OSL,20170804,0.095,0.098,0.094,0.098,507832
OSP,20170804,0.435,0.51,0.4,0.43,1506220
OTW,20170804,1.95,1.95,1.95,1.95,17450
OVH,20170804,0.56,0.57,0.535,0.55,225513
OVL,20170804,0.013,0.013,0.012,0.012,104674
OVR,20170804,0.006,0.006,0.006,0.006,142130
OZF,20170804,20.82,20.82,20.82,20.82,2000
OZG,20170804,0.16,0.16,0.16,0.16,50000
OZL,20170804,8.45,8.54,8.4,8.53,1417356
OZR,20170804,8.48,8.48,8.48,8.48,14108
PAA,20170804,0.059,0.059,0.055,0.056,694479
PAB,20170804,0.005,0.005,0.005,0.005,60000
PAC,20170804,7.02,7.02,6.97,6.98,11336
PAF,20170804,1.105,1.11,1.105,1.11,45370
PAI,20170804,1.07,1.075,1.06,1.07,301214
PAK,20170804,0.048,0.048,0.048,0.048,285000
PAN,20170804,0.24,0.245,0.23,0.23,418707
PAR,20170804,0.34,0.34,0.33,0.33,30000
PBP,20170804,0.475,0.475,0.475,0.475,10527
PBT,20170804,0.053,0.053,0.053,0.053,3700
PBX,20170804,0.014,0.016,0.014,0.016,585000
PCG,20170804,3.1,3.13,3.1,3.13,46046
PCL,20170804,0.002,0.002,0.002,0.002,47114955
PDI,20170804,0.075,0.078,0.075,0.078,85587
PDZ,20170804,0.41,0.44,0.41,0.43,111738
PEA,20170804,0.655,0.655,0.615,0.63,340207
PEN,20170804,0.355,0.395,0.345,0.375,441513
PEP,20170804,3.48,3.51,3.48,3.5,55208
PEX,20170804,0.17,0.17,0.17,0.17,5203
PGC,20170804,0.8,0.81,0.795,0.81,89253
PGF,20170804,1.105,1.11,1.1,1.105,641080
PGH,20170804,5.73,5.86,5.73,5.82,477879
PGI,20170804,0.052,0.052,0.052,0.052,1470
PGM,20170804,0.1,0.1,0.097,0.1,509833
PGO,20170804,0.064,0.068,0.057,0.059,5789385
PGR,20170804,0.525,0.525,0.515,0.52,179092
PGY,20170804,0.07,0.07,0.07,0.07,48127
PHK,20170804,0.2,0.2,0.2,0.2,198426
PIC,20170804,1.05,1.06,1.05,1.06,98579
PIL,20170804,0.01,0.01,0.01,0.01,96000
PIO,20170804,0.017,0.017,0.017,0.017,1476470
PIQ,20170804,0.19,0.19,0.19,0.19,28474
PL8,20170804,1.1,1.11,1.095,1.11,328246
PLG,20170804,0.835,0.835,0.825,0.825,780525
PLH,20170804,0.18,0.19,0.18,0.19,81556
PLS,20170804,0.38,0.395,0.375,0.39,4890178
PM1,20170804,0.02,0.02,0.019,0.02,5910662
PMC,20170804,1.75,1.78,1.73,1.78,249786
PME,20170804,5.15,5.15,4.92,4.93,15085
PMP,20170804,0.725,0.73,0.725,0.725,8962
PMV,20170804,13.7,13.76,13.58,13.63,209052
PMY,20170804,0.007,0.007,0.007,0.007,624001
PNC,20170804,2.57,2.6,2.54,2.54,42593
PNI,20170804,3.26,3.305,3.26,3.26,9855
PNL,20170804,0.42,0.43,0.42,0.42,174994
PNN,20170804,0.017,0.017,0.017,0.017,148484
PNR,20170804,0.235,0.235,0.23,0.235,684177
PNV,20170804,0.195,0.2,0.19,0.195,81954
PNX,20170804,0.011,0.011,0.011,0.011,250376
POH,20170804,0.018,0.019,0.018,0.019,205880
POS,20170804,0.025,0.026,0.023,0.023,2251194
POU,20170804,16.3,16.34,16.28,16.28,13730
POW,20170804,0.023,0.023,0.023,0.023,1049941
POZ,20170804,0.036,0.036,0.036,0.036,50000
PPC,20170804,1.19,1.195,1.185,1.195,10870
PPH,20170804,1.91,1.94,1.89,1.9,181004
PPL,20170804,0.31,0.31,0.275,0.31,75002
PPS,20170804,0.42,0.425,0.41,0.41,404464
PPT,20170804,50.06,50.8,50.06,50.46,122984
PRG,20170804,2.98,2.98,2.97,2.97,1176873
PRL,20170804,0.023,0.024,0.022,0.022,2243596
PRO,20170804,0.62,0.64,0.62,0.64,14000
PRR,20170804,0.022,0.022,0.021,0.021,4883591
PRT,20170804,0.425,0.46,0.425,0.45,1359651
PRU,20170804,0.315,0.315,0.3,0.3,2406021
PRY,20170804,3.41,3.5,3.41,3.46,1208114
PSC,20170804,0.029,0.032,0.029,0.03,8653501
PSI,20170804,2.35,2.39,2.35,2.39,6159
PSM,20170804,0.02,0.02,0.02,0.02,207383
PSQ,20170804,1.8,1.8,1.79,1.8,19990
PSY,20170804,0.115,0.12,0.11,0.11,919874
PSZ,20170804,0.24,0.25,0.24,0.25,14791
PTB,20170804,0.55,0.55,0.54,0.54,28174
PTM,20170804,5.6,5.62,5.39,5.44,1320733
PVA,20170804,1.55,1.6,1.5,1.6,5149
PWH,20170804,2.19,2.19,2.11,2.13,11985
PWN,20170804,0.013,0.013,0.01,0.011,1533604
PXS,20170804,0.275,0.275,0.267,0.275,212360
PYC,20170804,0.046,0.046,0.046,0.046,369795
PZC,20170804,0.003,0.003,0.002,0.002,583000
QAG,20170804,7,7,7,7,1101
QAN,20170804,5.59,5.725,5.59,5.7,5892500
QAU,20170804,13.25,13.25,13.2,13.22,2438
QBE,20170804,11.8,12.02,11.78,11.92,3091469
QBL,20170804,0.012,0.012,0.011,0.011,2375306
QCB,20170804,9.14,9.14,9.14,9.14,1650
QFN,20170804,11.59,11.59,11.52,11.52,2500
QFY,20170804,0.07,0.078,0.07,0.078,424538
QMIX,20170804,16.32,16.32,16.32,16.32,6513
QMS,20170804,1.125,1.145,1.1,1.12,148915
QNL,20170804,0.029,0.029,0.027,0.027,7415816
QOZ,20170804,12.86,12.9,12.85,12.85,31784
QRE,20170804,4.67,4.67,4.67,4.67,2000
QUAL,20170804,19.83,19.84,19.8,19.81,30057
QUB,20170804,2.69,2.71,2.68,2.68,2641626
QUR,20170804,0.006,0.007,0.006,0.007,4034614
QUS,20170804,29.55,29.56,29.54,29.54,4350
QVE,20170804,1.345,1.37,1.31,1.315,292209
RAC,20170804,0.32,0.33,0.32,0.32,75480
RAN,20170804,0.21,0.225,0.21,0.225,484404
RARI,20170804,24,24.04,23.99,24.03,1516
RBL,20170804,0.84,0.84,0.84,0.84,4474
RBO,20170804,0.054,0.06,0.054,0.06,597493
RBR,20170804,0.008,0.008,0.007,0.007,1880000
RCB,20170804,20.21,20.27,20.2,20.27,27448
RCE,20170804,0.18,0.18,0.18,0.18,50000
RCG,20170804,0.855,0.855,0.77,0.785,1523461
RCR,20170804,3.7,3.7,3.61,3.65,250349
RCT,20170804,2.9,2.9,2.85,2.85,5498
RDF,20170804,0.545,0.58,0.54,0.56,22945
RDH,20170804,1.33,1.33,1.33,1.33,1121
RDM,20170804,0.135,0.14,0.13,0.13,88435
RDS,20170804,0.014,0.014,0.014,0.014,113000
RDV,20170804,29.9,29.9,29.77,29.77,4157
REA,20170804,68.62,69.46,68.59,68.74,150243
RED,20170804,0.043,0.049,0.043,0.048,10684352
REG,20170804,3.73,3.81,3.73,3.81,651355
REH,20170804,43.06,43.23,43.06,43.23,840
REX,20170804,1.03,1.04,1.03,1.04,56443
REY,20170804,0.3,0.3,0.3,0.3,40000
RFF,20170804,1.97,1.99,1.95,1.95,994446
RFG,20170804,5.11,5.14,5,5.03,504111
RFN,20170804,0.009,0.009,0.008,0.008,81385
RFT,20170804,0.017,0.017,0.016,0.016,302456
RFX,20170804,0.11,0.115,0.11,0.11,257384
RGB,20170804,21.01,21.01,21.01,21.01,4000
RGI,20170804,0.28,0.3,0.28,0.285,98400
RGP,20170804,0.053,0.053,0.053,0.053,17008
RGS,20170804,0.115,0.12,0.115,0.12,72253
RHC,20170804,71.4,71.98,71.2,71.79,177716
RHL,20170804,3.07,3.1,3.01,3.02,127297
RHP,20170804,0.62,0.635,0.61,0.635,412577
RHT,20170804,0.025,0.025,0.025,0.025,200000
RIC,20170804,1.465,1.49,1.465,1.465,275350
RIO,20170804,64.69,65.44,64.54,65.24,1964671
RIR,20170804,0.005,0.005,0.005,0.005,43204
RKN,20170804,1.36,1.395,1.31,1.37,62061
RLE,20170804,0.081,0.081,0.081,0.081,12042
RMD,20170804,9.3,9.43,9.26,9.43,3389600
RMS,20170804,0.41,0.415,0.405,0.415,652590
RMX,20170804,0.008,0.009,0.008,0.008,1210792
RNE,20170804,0.017,0.017,0.016,0.016,1512678
RNL,20170804,0.005,0.005,0.005,0.005,467574
RNO,20170804,0.225,0.235,0.22,0.22,45239
RNT,20170804,0.065,0.066,0.064,0.064,332701
RNU,20170804,0.025,0.025,0.022,0.025,609977
RNY,20170804,0.009,0.014,0.009,0.012,5617084
ROG,20170804,0.006,0.007,0.006,0.007,500000
RRL,20170804,3.88,3.97,3.88,3.93,2003340
RSG,20170804,1.08,1.095,1.07,1.075,3089410
RSH,20170804,0.034,0.035,0.034,0.035,94500
RTE,20170804,0.5,0.5,0.5,0.5,2500
RTR,20170804,0.038,0.04,0.037,0.04,670045
RUL,20170804,0.62,0.62,0.62,0.62,20000
RVA,20170804,0.76,0.76,0.7,0.735,106250
RVR,20170804,0.245,0.252,0.245,0.25,2999721
RVY,20170804,0.026,0.026,0.026,0.026,1710527
RWC,20170804,3.3,3.32,3.27,3.31,1126017
RWD,20170804,0.18,0.195,0.18,0.195,59924
RXH,20170804,0.013,0.013,0.013,0.013,450000
RXL,20170804,0.013,0.013,0.013,0.013,170000
RXM,20170804,0.065,0.067,0.065,0.066,263873
RXP,20170804,0.9,0.9,0.85,0.89,1197719
S2R,20170804,0.175,0.18,0.175,0.175,129971
S32,20170804,2.91,2.94,2.9,2.91,14795826
SAR,20170804,1.32,1.335,1.285,1.3,5320731
SAS,20170804,0.225,0.23,0.215,0.22,2009902
SAU,20170804,0.285,0.29,0.275,0.29,94313
SBB,20170804,0.012,0.012,0.011,0.011,11507283
SBM,20170804,2.78,2.84,2.78,2.81,1780580
SBR,20170804,0.012,0.012,0.012,0.012,201909
SCG,20170804,4.12,4.16,4.11,4.13,9051292
SCI,20170804,0.02,0.02,0.019,0.02,614293
SCO,20170804,2.78,2.84,2.69,2.75,196069
SCP,20170804,2.2,2.22,2.19,2.19,1045929
SCU,20170804,0.072,0.072,0.071,0.072,755911
SDA,20170804,3.54,3.64,3.53,3.56,1128104
SDF,20170804,2.78,2.83,2.76,2.82,2394703
SDG,20170804,1.79,1.81,1.79,1.795,40769
SDI,20170804,0.555,0.555,0.55,0.55,1966
SDV,20170804,0.016,0.016,0.016,0.016,1778083
SDX,20170804,0.145,0.16,0.145,0.16,1758129
SE1,20170804,0.355,0.365,0.355,0.36,96146
SEA,20170804,0.059,0.059,0.056,0.056,5556606
SEG,20170804,0.03,0.03,0.028,0.028,334123
SEH,20170804,0.086,0.086,0.085,0.085,1997866
SEK,20170804,17.34,17.47,17.31,17.44,272427
SEN,20170804,0.086,0.088,0.086,0.088,388514
SER,20170804,0.006,0.006,0.006,0.006,2806316
SFC,20170804,7.1,7.1,7.1,7.1,15
SFG,20170804,0.059,0.059,0.059,0.059,252362
SFH,20170804,0.455,0.455,0.455,0.455,1523
SFI,20170804,0.09,0.09,0.09,0.09,250634
SFL,20170804,0.22,0.22,0.22,0.22,120000
SFR,20170804,5.76,5.76,5.705,5.73,990508
SFX,20170804,0.49,0.49,0.48,0.48,113590
SFY,20170804,53.46,53.51,53.23,53.35,10197
SGC,20170804,0.095,0.095,0.093,0.093,195077
SGF,20170804,3.71,3.77,3.65,3.76,20704
SGH,20170804,0.084,0.084,0.083,0.083,588779
SGM,20170804,12.88,13.75,12.57,13.41,5792316
SGP,20170804,4.3,4.32,4.29,4.3,8204976
SGQ,20170804,0.1,0.1,0.098,0.1,462458
SGR,20170804,5.27,5.33,5.2,5.21,3814723
SHJ,20170804,0.63,0.64,0.63,0.64,39955
SHL,20170804,22.17,22.425,22.17,22.38,639970
SHM,20170804,1.16,1.19,1.16,1.19,100980
SHO,20170804,0.038,0.038,0.038,0.038,292500
SHV,20170804,4.33,4.44,4.32,4.32,1044460
SIG,20170804,0.945,0.945,0.93,0.94,1762985
SIH,20170804,0.016,0.016,0.016,0.016,200000
SIO,20170804,0.35,0.35,0.35,0.35,7000
SIQ,20170804,7.42,7.5,7.42,7.49,125860
SIV,20170804,8.5,8.5,8.19,8.19,25079
SKB,20170804,0.64,0.64,0.64,0.64,947
SKC,20170804,3.8,3.87,3.78,3.85,489425
SKI,20170804,2.51,2.54,2.5,2.51,6996685
SKT,20170804,3.07,3.1,3.07,3.1,89251
SLC,20170804,2.7,2.72,2.65,2.72,360578
SLF,20170804,12.1,12.32,12.1,12.29,35656
SLK,20170804,4.23,4.25,4.21,4.25,18932
SLM,20170804,0.37,0.37,0.37,0.37,5254
SLR,20170804,0.455,0.46,0.445,0.45,1226084
SLX,20170804,0.36,0.362,0.357,0.36,240118
SM1,20170804,4.28,4.34,4.26,4.3,812024
SMA,20170804,0.008,0.008,0.008,0.008,684277
SMD,20170804,0.017,0.017,0.017,0.017,32104
SMI,20170804,0.025,0.027,0.025,0.027,2700
SMM,20170804,0.21,0.21,0.21,0.21,10000
SMN,20170804,1.795,1.795,1.7,1.7,176443
SMP,20170804,0.165,0.165,0.165,0.165,6950
SMR,20170804,0.38,0.39,0.37,0.38,220266
SMX,20170804,1.795,1.8,1.79,1.79,62337
SNC,20170804,0.955,0.955,0.95,0.955,11350
SNL,20170804,2.7,2.7,2.7,2.7,700
SO4,20170804,0.41,0.415,0.41,0.41,39877
SOL,20170804,17.2,17.31,16.89,17,161758
SOM,20170804,3.21,3.3,3.21,3.27,16271
SOR,20170804,0.074,0.082,0.074,0.075,300069
SP1,20170804,0.007,0.007,0.007,0.007,494838
SP3,20170804,0.42,0.42,0.365,0.4,257890
SPB,20170804,0.036,0.036,0.036,0.036,15000
SPI,20170804,0.145,0.15,0.14,0.145,384703
SPK,20170804,3.59,3.64,3.59,3.64,515968
SPL,20170804,0.775,0.79,0.75,0.76,53114
SPO,20170804,1.15,1.155,1.15,1.15,3357368
SPQ,20170804,0.007,0.007,0.007,0.007,10000
SPY,20170804,310.07,310.07,310.07,310.07,500
SRG,20170804,1.255,1.27,1.255,1.27,37027
SRI,20170804,0.013,0.013,0.013,0.013,124715
SRO,20170804,0.009,0.01,0.009,0.009,9276610
SRS,20170804,0.032,0.032,0.032,0.032,584229
SRV,20170804,6.2,6.25,6.15,6.18,229529
SRX,20170804,15.52,15.81,15.52,15.72,195264
SSG,20170804,0.63,0.64,0.63,0.64,111005
SSM,20170804,1.4,1.45,1.395,1.445,691477
SSN,20170804,0.003,0.003,0.003,0.003,121571
ST1,20170804,0.12,0.12,0.12,0.12,103996
STA,20170804,0.005,0.005,0.005,0.005,1099882
STL,20170804,0.024,0.024,0.024,0.024,1798575
STO,20170804,3.38,3.39,3.32,3.33,15726304
STW,20170804,53.5,53.76,53.48,53.6,31443
STX,20170804,0.072,0.072,0.069,0.071,532070
SUD,20170804,0.017,0.017,0.017,0.017,1610000
SUL,20170804,8.33,8.36,8.175,8.25,690949
SUM,20170804,0.01,0.01,0.01,0.01,11890
SUN,20170804,13.6,13.79,13.47,13.68,6284317
SUR,20170804,0.004,0.004,0.004,0.004,19828
SVH,20170804,0.09,0.09,0.088,0.09,214000
SVL,20170804,0.125,0.125,0.12,0.12,269118
SVM,20170804,0.12,0.12,0.12,0.12,137000
SVW,20170804,12,12.18,11.96,12.09,162120
SW1,20170804,0.345,0.345,0.335,0.335,178712
SWK,20170804,0.315,0.325,0.315,0.315,518256
SWL,20170804,1.355,1.365,1.355,1.365,63763
SWM,20170804,0.81,0.822,0.81,0.815,4462446
SXE,20170804,0.61,0.645,0.61,0.645,449782
SXL,20170804,1.36,1.365,1.35,1.36,1020753
SXY,20170804,0.275,0.285,0.275,0.285,399196
SYA,20170804,0.016,0.016,0.016,0.016,70000
SYD,20170804,6.84,6.855,6.8,6.82,3458234
SYI,20170804,29.07,29.15,29.03,29.06,6080
SYR,20170804,2.67,2.76,2.64,2.74,1458012
SYT,20170804,0.031,0.031,0.03,0.03,325476
T3D,20170804,0.009,0.011,0.009,0.011,800000
TAH,20170804,4.32,4.37,4.29,4.35,7523760
TAM,20170804,0.049,0.049,0.049,0.049,20620
TAP,20170804,0.059,0.059,0.056,0.056,624930
TAS,20170804,0.17,0.17,0.16,0.16,883671
TAW,20170804,0.23,0.235,0.225,0.235,647701
TBH,20170804,0.5,0.5,0.47,0.48,982612
TBR,20170804,7,7,7,7,700
TCL,20170804,11.68,11.84,11.63,11.8,3772349
TDL,20170804,0.135,0.135,0.135,0.135,5335
TEG,20170804,0.067,0.07,0.066,0.07,274712
TEK,20170804,0.235,0.24,0.23,0.24,198977
TER,20170804,0.026,0.026,0.02,0.022,6313353
TFG,20170804,0.14,0.14,0.14,0.14,70000
TGA,20170804,1.27,1.28,1.27,1.28,131347
TGG,20170804,1.375,1.375,1.37,1.37,189207
TGH,20170804,1.15,1.15,1.14,1.14,237595
TGP,20170804,0.975,1,0.975,0.98,33566
TGR,20170804,3.86,3.91,3.86,3.9,474558
TGZ,20170804,3.12,3.16,3.11,3.15,127728
THC,20170804,0.26,0.26,0.245,0.26,325730
THD,20170804,0.006,0.007,0.006,0.007,19481437
THR,20170804,0.016,0.017,0.016,0.017,2026
THX,20170804,0.04,0.042,0.04,0.04,410027
TIA,20170804,1.14,1.14,1.14,1.14,346
TIG,20170804,0.053,0.056,0.05,0.056,215332
TIL,20170804,3,3,3,3,2632
TKF,20170804,0.042,0.042,0.042,0.042,6388
TLG,20170804,0.745,0.75,0.725,0.75,50009
TLM,20170804,0.245,0.245,0.24,0.245,1932084
TLS,20170804,4.07,4.08,4.055,4.07,40971126
TME,20170804,4.86,4.86,4.81,4.81,921547
TMP,20170804,0.31,0.31,0.3,0.3,12447
TMT,20170804,0.275,0.275,0.26,0.26,250443
TMX,20170804,0.009,0.009,0.009,0.009,107500
TNE,20170804,5.22,5.25,5.155,5.17,498843
TNG,20170804,0.16,0.16,0.155,0.16,630805
TNK,20170804,2.1,2.15,2.1,2.15,6051
TNR,20170804,0.08,0.081,0.078,0.08,191583
TNT,20170804,0.076,0.076,0.076,0.076,50000
TNY,20170804,0.97,0.98,0.97,0.98,39014
TOE,20170804,0.032,0.032,0.032,0.032,220000
TON,20170804,0.051,0.053,0.049,0.05,1538083
TOP,20170804,0.705,0.705,0.7,0.705,15053
TOT,20170804,1.195,1.215,1.195,1.21,120058
TOU,20170804,0.145,0.145,0.145,0.145,20000
TOX,20170804,2.42,2.42,2.35,2.35,139366
TPE,20170804,2.46,2.53,2.46,2.5,33030
TPM,20170804,5.45,5.49,5.37,5.46,2502930
TPP,20170804,0.19,0.19,0.19,0.19,100000
TPS,20170804,0.026,0.026,0.026,0.026,443637
TPW,20170804,0.215,0.24,0.215,0.24,126546
TRL,20170804,0.015,0.016,0.014,0.016,1185000
TRS,20170804,4.8,4.8,4.36,4.43,249385
TRT,20170804,0.13,0.135,0.13,0.135,35006
TRY,20170804,0.11,0.115,0.11,0.11,180316
TTI,20170804,0.036,0.036,0.036,0.036,55316
TTS,20170804,4.02,4.07,4.02,4.05,1133213
TUP,20170804,0.07,0.07,0.07,0.07,5000
TV2,20170804,0.017,0.017,0.016,0.017,5821894
TWE,20170804,12.49,12.57,12.47,12.5,1095792
TWR,20170804,0.86,0.86,0.855,0.855,45035
TYX,20170804,0.02,0.022,0.02,0.022,810773
TZL,20170804,0.036,0.036,0.035,0.035,112950
TZN,20170804,0.175,0.175,0.175,0.175,84157
UBE,20170804,20.35,20.35,20.29,20.29,1340
UBI,20170804,0.4,0.4,0.4,0.4,100000
UBJ,20170804,21.08,21.08,21.08,21.08,15
UBN,20170804,0.09,0.09,0.09,0.09,15902
UBW,20170804,22.07,22.09,22.05,22.06,2811
UCM,20170804,0.175,0.175,0.17,0.17,144119
UEQ,20170804,0.006,0.006,0.006,0.006,913503
UMAX,20170804,17.29,17.33,17.27,17.29,37414
UNV,20170804,0.155,0.16,0.155,0.16,27394
UPD,20170804,0.97,1,0.97,1,103272
URB,20170804,1.05,1.05,1.04,1.04,59023
USD,20170804,12.21,12.25,12.19,12.19,139399
USP,20170804,1.565,1.565,1.565,1.565,25500
UTR,20170804,0.03,0.033,0.029,0.03,6466861
UUV,20170804,0.12,0.135,0.12,0.125,97528
VAE,20170804,59.75,59.75,59.59,59.67,8810
VAF,20170804,48.85,48.85,48.78,48.82,22880
VAH,20170804,0.175,0.175,0.17,0.17,157975
VAL,20170804,0.007,0.007,0.007,0.007,1550343
VAN,20170804,0.05,0.05,0.049,0.049,48771
VAP,20170804,77,77.4,76.97,77.29,15794
VAS,20170804,72.73,73.01,72.65,72.76,47128
VCF,20170804,49.77,49.77,49.56,49.56,5639
VCX,20170804,2.71,2.74,2.7,2.72,7420544
VEC,20170804,0.009,0.01,0.009,0.009,19933581
VEE,20170804,0.64,0.64,0.64,0.64,5000
VEQ,20170804,51.6,51.62,51.55,51.55,21145
VEU,20170804,65.58,65.99,65.35,65.43,11946
VGAD,20170804,60.59,60.61,60.55,60.6,7581
VGB,20170804,49.33,49.33,49.13,49.15,7897
VGE,20170804,61.05,61.05,60.56,60.93,7665
VGS,20170804,60.34,60.48,60.25,60.27,35878
VHT,20170804,0.535,0.535,0.51,0.515,124016
VHY,20170804,61.05,61.2,60.86,60.98,30510
VIC,20170804,0.008,0.008,0.008,0.008,550000
VIF,20170804,49.1,49.28,49,49.11,17148
VIV,20170804,0.045,0.045,0.045,0.045,10000
VKA,20170804,0.014,0.014,0.014,0.014,579499
VLA,20170804,0.85,0.88,0.85,0.85,147113
VLC,20170804,60.17,60.17,59.98,60,1196
VLT,20170804,0.031,0.031,0.031,0.031,226662
VLW,20170804,2.29,2.3,2.25,2.29,267429
VMC,20170804,0.12,0.13,0.096,0.11,288647
VMG,20170804,0.001,0.001,0.001,0.001,2000000
VML,20170804,0.011,0.013,0.011,0.011,30503170
VMS,20170804,0.022,0.024,0.022,0.024,64800
VMT,20170804,0.079,0.079,0.075,0.077,314741
VMX,20170804,0.15,0.15,0.15,0.15,60000
VMY,20170804,0.16,0.16,0.15,0.15,285383
VOC,20170804,3.44,3.45,3.41,3.42,1111745
VPC,20170804,0.017,0.018,0.017,0.018,671117
VRC,20170804,0.027,0.029,0.027,0.028,2834805
VRI,20170804,0.02,0.02,0.017,0.017,142302
VRL,20170804,3.97,3.98,3.82,3.86,183582
VRM,20170804,0.034,0.034,0.03,0.03,259715
VRS,20170804,0.155,0.165,0.155,0.165,92858
VRT,20170804,5.59,5.61,5.56,5.6,141631
VSO,20170804,49.13,49.19,49,49.07,4397
VTG,20170804,1.25,1.255,1.2,1.23,556268
VTS,20170804,159.29,159.56,159.08,159.15,5356
VVR,20170804,2.17,2.185,2.16,2.17,955471
VXR,20170804,0.006,0.006,0.006,0.006,1600858
WAA,20170804,1.135,1.14,1.135,1.14,48000
WAF,20170804,0.375,0.38,0.375,0.375,350668
WAM,20170804,2.46,2.47,2.45,2.45,396859
WAX,20170804,1.6,1.6,1.58,1.59,78625
WBA,20170804,1.32,1.33,1.32,1.33,77538
WBC,20170804,31.58,31.7,31.32,31.54,5521838
WBE,20170804,0.007,0.007,0.007,0.007,224970
WBT,20170804,0.018,0.018,0.017,0.018,727529
WCN,20170804,0.003,0.003,0.002,0.003,94203419
WCP,20170804,0.115,0.115,0.11,0.115,473400
WDE,20170804,0.815,0.82,0.81,0.81,275920
WDIV,20170804,18.11,18.115,18.09,18.09,4547
WEB,20170804,12.4,13.19,12.05,12.08,3321527
WEC,20170804,0.056,0.056,0.056,0.056,2186
WEL,20170804,0.08,0.08,0.08,0.08,35000
WEMG,20170804,19.27,19.3,19.27,19.3,1326
WES,20170804,40.43,40.8,40.41,40.71,1783467
WFD,20170804,7.67,7.695,7.63,7.64,4274955
WGF,20170804,0.99,0.99,0.985,0.985,112925
WGL,20170804,0.012,0.012,0.012,0.012,709887
WGX,20170804,1.55,1.555,1.51,1.525,526842
WHA,20170804,0.92,1.03,0.88,0.91,3079707
WHC,20170804,3.14,3.23,3.13,3.15,4688077
WHF,20170804,4.52,4.55,4.52,4.55,61933
WIC,20170804,0.99,1,0.99,0.995,165225
WKT,20170804,0.076,0.076,0.07,0.075,883426
WLD,20170804,0.125,0.125,0.125,0.125,193000
WLE,20170804,1.115,1.115,1.105,1.11,856893
WLL,20170804,4.39,4.39,4.39,4.39,1730
WMI,20170804,1.205,1.215,1.205,1.205,186238
WNR,20170804,0.275,0.28,0.275,0.28,66000
WOR,20170804,12.23,12.37,12.16,12.2,648940
WOW,20170804,26.92,27.05,26.83,27,3593967
WPG,20170804,0.038,0.038,0.038,0.038,1365789
WPL,20170804,29,29.17,28.95,29.04,2499924
WPP,20170804,1.15,1.165,1.15,1.16,49243
WQW,20170804,0.375,0.375,0.375,0.375,3545
WRLD,20170804,10.75,10.76,10.74,10.74,9136
WSA,20170804,2.4,2.4,2.35,2.36,1302396
WSG,20170804,0.26,0.26,0.26,0.26,3850
WTC,20170804,6.9,6.96,6.81,6.91,44475
WTP,20170804,0.59,0.59,0.585,0.585,10253
WWI,20170804,0.021,0.022,0.021,0.022,116000
WXHG,20170804,20.77,20.78,20.73,20.78,4080
WXOZ,20170804,25.71,25.71,25.67,25.71,3207
XF1,20170804,0.66,0.66,0.6,0.63,228300
XIP,20170804,2.13,2.15,2.1,2.1,111772
XPD,20170804,0.035,0.035,0.033,0.034,1216568
XPE,20170804,0.016,0.016,0.015,0.016,3892710
XRO,20170804,25.9,25.99,25.6,25.69,37691
XTD,20170804,0.086,0.086,0.086,0.086,3127
XTE,20170804,0.475,0.475,0.445,0.475,235571
YAL,20170804,0.175,0.175,0.135,0.15,945429
YBR,20170804,0.125,0.135,0.125,0.125,15984
YMAX,20170804,8.94,8.97,8.93,8.94,203786
YNB,20170804,0.043,0.043,0.04,0.04,299385
YOJ,20170804,0.073,0.075,0.073,0.075,496107
YOW,20170804,0.23,0.23,0.225,0.227,402775
YPB,20170804,0.063,0.065,0.059,0.06,366494
ZEL,20170804,7.33,7.4,7.32,7.4,4155
ZEN,20170804,0.5,0.5,0.5,0.5,20000
ZGL,20170804,0.12,0.12,0.12,0.12,2000
ZGOL,20170804,15.83,15.83,15.83,15.83,314
ZIM,20170804,3.6,3.6,3.6,3.6,3500
ZIP,20170804,0.019,0.019,0.019,0.019,59098
ZLD,20170804,0.071,0.071,0.068,0.068,458122
ZMI,20170804,0.005,0.005,0.004,0.005,2662687
ZML,20170804,0.7,0.72,0.7,0.71,437659
ZNC,20170804,0.105,0.105,0.095,0.095,20095
ZNO,20170804,0.205,0.23,0.205,0.23,869092
ZNT,20170804,1.12,1.12,1.09,1.1,310874
ZOZI,20170804,10.51,10.51,10.49,10.49,25334
ZUSD,20170804,9.59,9.59,9.59,9.59,269
ZYUS,20170804,11.8,11.85,11.8,11.82,14555
XAF,20170804,5624.1,5624.5,5591.4,5605.2,0
XAO,20170804,5786.8,5791.5,5764.3,5773.3,0
XAT,20170804,5674.4,5677.5,5648.6,5659.3,0
XDJ,20170804,2210.4,2227.5,2208.5,2211.8,0
XEC,20170804,1255.2,1258.4,1251.5,1253.7,0
XEJ,20170804,8835.7,8842.8,8771.3,8793.5,0
XFJ,20170804,6541.1,6541.1,6457.4,6471.3,0
XFL,20170804,5688.2,5688.6,5655.3,5669.6,0
XGD,20170804,4280,4330,4269.5,4291.4,0
XHJ,20170804,22376.6,22563.4,22266.1,22526.8,0
XIJ,20170804,868.4,873.7,864.9,866.5,0
XJO,20170804,5735.1,5738.6,5709.3,5720.6,0
XJR,20170804,3452.4,3468.6,3437,3454.2,0
XKO,20170804,5683.4,5686.6,5658.2,5668.9,0
XMD,20170804,6219.7,6248.4,6214.6,6228.4,0
XMJ,20170804,10108.5,10167.8,10081.5,10128,0
XMM,20170804,3070,3089.9,3058.3,3077.7,0
XNJ,20170804,5630.7,5684.4,5630.7,5673.3,0
XPJ,20170804,1319.2,1324.4,1317.3,1320.8,0
XSJ,20170804,9239.3,9293.7,9237.9,9276.9,0
XSO,20170804,2381.7,2385.8,2376.8,2378.1,0
XTJ,20170804,1442.2,1442.3,1431.8,1435.9,0
XTL,20170804,3265.3,3265.3,3239.1,3248.9,0
XTO,20170804,4756.8,4759,4733.7,4744.1,0
XUJ,20170804,8451.1,8527.7,8443.5,8479.6,0
XXJ,20170804,7295.5,7295.5,7202.1,7217.6,0
