1AD,20170530,0.3,0.3,0.3,0.3,29088
1AG,20170530,0.028,0.028,0.027,0.027,360000
1AL,20170530,0.91,0.945,0.91,0.945,27060
1ST,20170530,0.037,0.037,0.037,0.037,100000
3DP,20170530,0.026,0.026,0.025,0.026,920906
3PL,20170530,1.05,1.075,1.045,1.05,19951
4DS,20170530,0.028,0.028,0.027,0.027,274254
4WD,20170530,0.37,0.375,0.37,0.375,12800
88E,20170530,0.049,0.049,0.048,0.049,2953365
8EC,20170530,0.95,0.95,0.95,0.95,13157
8IH,20170530,0.48,0.49,0.48,0.49,114700
9SP,20170530,0.15,0.15,0.15,0.15,41639
A2M,20170530,3.17,3.22,3.16,3.19,1933867
A3D,20170530,1.38,1.395,1.34,1.35,44822
AAA,20170530,50.17,50.17,50.16,50.16,32636
AAC,20170530,1.865,1.887,1.845,1.865,1441467
AAD,20170530,2.12,2.14,2.08,2.09,1275941
AAJ,20170530,0.009,0.009,0.009,0.009,939948
AAR,20170530,0.038,0.04,0.038,0.04,207002
AB1,20170530,0.027,0.027,0.025,0.026,711059
ABA,20170530,5.1,5.23,5.1,5.2,7517
ABC,20170530,5.5,5.57,5.44,5.52,1775483
ABP,20170530,3.5,3.5,3.45,3.48,501879
ABT,20170530,0.42,0.43,0.42,0.43,35000
ABU,20170530,0.088,0.088,0.088,0.088,200000
ABX,20170530,0.1,0.1,0.099,0.1,812819
AC8,20170530,0.425,0.44,0.395,0.395,3351363
ACB,20170530,0.053,0.053,0.053,0.053,1330
ACQ,20170530,0.92,0.935,0.915,0.915,42749
ACR,20170530,0.25,0.255,0.25,0.255,309653
ACW,20170530,0.074,0.074,0.074,0.074,9900
ACX,20170530,4.32,4.32,4.21,4.3,541523
AD1,20170530,0.155,0.155,0.155,0.155,6452
ADA,20170530,2.46,2.48,2.45,2.47,41747
ADH,20170530,0.695,0.71,0.695,0.705,22682
ADJ,20170530,0.058,0.058,0.058,0.058,402005
ADN,20170530,0.006,0.006,0.006,0.006,20000
ADO,20170530,0.026,0.027,0.026,0.026,1158153
ADR,20170530,0.16,0.165,0.16,0.165,340495
ADV,20170530,0.017,0.018,0.017,0.017,4593681
ADX,20170530,0.013,0.013,0.013,0.013,925555
ADY,20170530,0.005,0.005,0.005,0.005,2000
AEB,20170530,0.06,0.06,0.059,0.059,46508
AEE,20170530,0.025,0.025,0.025,0.025,1108360
AEF,20170530,87.03,87.03,86.5,86.5,383
AEG,20170530,1.09,1.11,1.085,1.11,140454
AEV,20170530,0.077,0.077,0.075,0.075,318330
AFG,20170530,1.25,1.28,1.24,1.28,89205
AFI,20170530,5.79,5.79,5.76,5.76,358501
AFR,20170530,0.083,0.095,0.083,0.095,865055
AFY,20170530,2.58,2.58,2.54,2.55,201509
AGG,20170530,3.08,3.13,3.08,3.09,2530
AGI,20170530,2.14,2.2,2.1,2.19,422234
AGL,20170530,26.6,26.77,26.5,26.65,891255
AGO,20170530,0.015,0.015,0.014,0.014,12621078
AGR,20170530,0.46,0.46,0.46,0.46,45763
AGS,20170530,0.09,0.09,0.09,0.09,2931
AGY,20170530,0.082,0.083,0.078,0.079,1731356
AHF,20170530,0.105,0.105,0.105,0.105,55000
AHG,20170530,2.92,3.005,2.905,2.97,1764647
AHK,20170530,0.155,0.155,0.155,0.155,50000
AHL,20170530,0.038,0.038,0.029,0.032,613119
AHX,20170530,0.705,0.72,0.67,0.68,943214
AHY,20170530,1.42,1.425,1.4,1.415,1833535
AHZ,20170530,0.28,0.285,0.28,0.285,330915
AIA,20170530,6.69,6.69,6.65,6.66,50672
AIS,20170530,0.041,0.041,0.041,0.041,12750
AIV,20170530,0.145,0.145,0.145,0.145,11517
AIZ,20170530,2.74,2.76,2.7,2.7,310097
AJA,20170530,6.7,6.7,6.66,6.7,19174
AJD,20170530,1.655,1.665,1.64,1.64,87082
AJL,20170530,0.27,0.275,0.27,0.27,482595
AJM,20170530,0.14,0.14,0.14,0.14,161829
AJQ,20170530,0.076,0.076,0.072,0.076,406363
AJX,20170530,0.545,0.545,0.535,0.54,452562
AKG,20170530,0.125,0.125,0.125,0.125,35000
AKK,20170530,0.003,0.003,0.003,0.003,2435970
AKM,20170530,0.019,0.019,0.019,0.019,82000
AKP,20170530,15.39,18.23,15.1,18,31540
ALC,20170530,0.073,0.073,0.069,0.07,1001064
ALF,20170530,1.23,1.245,1.23,1.235,169422
ALI,20170530,1.845,1.85,1.825,1.83,116828
ALK,20170530,0.245,0.25,0.24,0.24,28399
ALL,20170530,21.19,21.25,20.97,21.01,1578679
ALQ,20170530,6.85,6.89,6.7,6.85,2470507
ALR,20170530,1.15,1.16,1.145,1.16,102240
ALT,20170530,0.006,0.006,0.006,0.006,2175197
ALU,20170530,8.5,8.53,8.41,8.46,285446
ALY,20170530,0.017,0.018,0.017,0.018,170000
AMA,20170530,1.025,1.035,1.005,1.035,941773
AMC,20170530,15.5,15.53,15.32,15.42,1839496
AME,20170530,0.081,0.081,0.08,0.08,250000
AMG,20170530,0.08,0.085,0.07,0.08,2309520
AMH,20170530,0.9,0.9,0.89,0.9,118192
AMI,20170530,0.2,0.205,0.195,0.195,299409
AMN,20170530,0.5,0.53,0.49,0.5,172289
AMP,20170530,5.05,5.095,5.04,5.08,7560901
ANG,20170530,0.16,0.16,0.16,0.16,1950
ANL,20170530,0.039,0.041,0.039,0.041,2220700
ANN,20170530,23.09,23.52,23.05,23.35,441691
ANQ,20170530,0.002,0.002,0.002,0.002,3000000
ANZ,20170530,27.62,27.97,27.52,27.9,6055889
AO1,20170530,0.235,0.235,0.235,0.235,25000
AOF,20170530,2.15,2.19,2.15,2.16,45415
AOG,20170530,3.29,3.3,3.27,3.27,1237052
AOH,20170530,0.135,0.135,0.132,0.135,194261
AOK,20170530,0.019,0.019,0.018,0.019,590258
AON,20170530,0.185,0.185,0.185,0.185,12500
AOP,20170530,0.058,0.058,0.055,0.055,285000
AOU,20170530,0.185,0.185,0.18,0.18,50000
AOW,20170530,0.022,0.024,0.022,0.024,123238
APA,20170530,9.5,9.55,9.42,9.53,1511208
APC,20170530,0.11,0.11,0.11,0.11,425885
APD,20170530,0.38,0.39,0.38,0.39,1829560
APE,20170530,7.34,7.74,7.25,7.5,278470
API,20170530,1.775,1.795,1.745,1.755,2375278
APL,20170530,1.2,1.215,1.19,1.205,649512
APO,20170530,4.71,4.72,4.57,4.6,1796018
APW,20170530,1.505,1.505,1.5,1.5,23851
APX,20170530,3.7,3.7,3.64,3.68,257790
APY,20170530,0.014,0.014,0.013,0.014,2252202
APZ,20170530,1.08,1.08,1.07,1.07,12694
AQC,20170530,0.01,0.011,0.009,0.01,12310940
AQF,20170530,1.9,1.9,1.9,1.9,12195
AQG,20170530,2.02,2.05,2.02,2.04,101014
AQI,20170530,0.18,0.18,0.18,0.18,27427
AQQ,20170530,0.022,0.022,0.022,0.022,44414
AQX,20170530,0.047,0.047,0.046,0.046,513725
AQZ,20170530,0.85,0.91,0.815,0.91,81701
ARA,20170530,0.77,0.775,0.77,0.775,26171
ARB,20170530,15.8,15.8,15.5,15.7,180423
ARC,20170530,0.5,0.5,0.5,0.5,3172
ARD,20170530,0.029,0.029,0.029,0.029,65935
ARE,20170530,0.008,0.008,0.008,0.008,565806
ARF,20170530,2.24,2.29,2.21,2.29,240538
ARG,20170530,7.63,7.64,7.59,7.6,153890
ARL,20170530,0.535,0.54,0.5,0.5,225032
ARS,20170530,0.044,0.044,0.044,0.044,10000
ARU,20170530,0.057,0.057,0.057,0.057,249987
ARV,20170530,0.08,0.08,0.078,0.078,293458
ARX,20170530,0.515,0.515,0.515,0.515,1600
ASB,20170530,1.765,1.835,1.755,1.81,598185
ASG,20170530,1.955,1.96,1.91,1.955,16534
ASL,20170530,1.485,1.512,1.48,1.49,386925
ASN,20170530,0.025,0.026,0.025,0.025,145000
AST,20170530,1.705,1.712,1.695,1.7,3056421
ASW,20170530,0.83,0.83,0.83,0.83,9250
ASX,20170530,51.53,51.82,51.31,51.58,170046
ATC,20170530,0.125,0.125,0.125,0.125,96235
ATL,20170530,1.395,1.41,1.35,1.35,115630
ATR,20170530,0.16,0.16,0.16,0.16,206179
ATS,20170530,0.225,0.23,0.225,0.23,332335
ATU,20170530,0.215,0.215,0.2,0.2,216897
AU1,20170530,0.029,0.029,0.028,0.028,506414
AUB,20170530,13.48,13.48,12.84,12.96,24518
AUC,20170530,0.021,0.021,0.021,0.021,500000
AUF,20170530,1.3,1.33,1.3,1.33,45112
AUI,20170530,8.15,8.16,8.11,8.16,8327
AUQ,20170530,0.015,0.015,0.015,0.015,64399
AUR,20170530,0.065,0.065,0.064,0.064,616865
AUST,20170530,15.51,15.56,15.51,15.56,3043
AUZ,20170530,0.013,0.013,0.013,0.013,3178639
AVB,20170530,0.098,0.099,0.097,0.098,276788
AVG,20170530,0.49,0.49,0.48,0.49,277151
AVH,20170530,0.079,0.079,0.078,0.079,648999
AVI,20170530,0.015,0.015,0.015,0.015,118148
AVJ,20170530,0.66,0.66,0.64,0.64,125541
AVL,20170530,0.016,0.016,0.015,0.015,1195995
AVQ,20170530,0.13,0.135,0.13,0.13,299683
AVZ,20170530,0.037,0.037,0.033,0.033,4707510
AWC,20170530,1.895,1.935,1.895,1.91,7475428
AWE,20170530,0.44,0.45,0.435,0.44,1467105
AWV,20170530,0.125,0.125,0.125,0.125,112795
AWY,20170530,0.03,0.03,0.03,0.03,33334
AXE,20170530,0.053,0.054,0.05,0.05,633246
AXL,20170530,1.45,1.45,1.45,1.45,11276
AXP,20170530,0.8,0.807,0.785,0.8,160032
AYF,20170530,6.05,6.05,6.05,6.05,1672
AYJ,20170530,55,55,55,55,220
AYR,20170530,0.005,0.005,0.005,0.005,1728496
AYS,20170530,1.92,1.93,1.892,1.92,342134
AZJ,20170530,5.52,5.53,5.44,5.51,1586573
AZS,20170530,0.013,0.013,0.012,0.012,3981093
BAF,20170530,1.155,1.165,1.145,1.15,172125
BAL,20170530,5.25,5.33,5.16,5.24,496561
BAP,20170530,5.08,5.195,5.035,5.14,1408909
BAR,20170530,0.05,0.052,0.05,0.052,332064
BAT,20170530,0.067,0.067,0.063,0.066,634785
BAU,20170530,0.066,0.066,0.066,0.066,10000
BBG,20170530,0.865,0.89,0.855,0.88,1398304
BBL,20170530,0.45,0.45,0.45,0.45,11887
BBN,20170530,1.75,1.76,1.73,1.76,182534
BBOZ,20170530,17.86,18.09,17.77,17.78,132349
BBUS,20170530,7.1,7.12,7.1,7.11,106693
BCI,20170530,0.13,0.132,0.13,0.13,152566
BCL,20170530,0.61,0.62,0.59,0.59,28186
BCN,20170530,0.02,0.02,0.02,0.02,443452
BD1,20170530,0.013,0.013,0.012,0.012,197800
BDA,20170530,0.19,0.19,0.185,0.19,86000
BDI,20170530,0.001,0.001,0.001,0.001,2144751
BDR,20170530,0.215,0.22,0.21,0.215,5406309
BEAR,20170530,15.08,15.09,14.99,14.99,25630
BEE,20170530,0.27,0.27,0.265,0.265,70000
BEL,20170530,0.13,0.13,0.13,0.13,3904
BEN,20170530,11.1,11.26,11.07,11.23,1248040
BFC,20170530,0.21,0.21,0.205,0.205,164272
BFG,20170530,0.65,0.65,0.625,0.625,383534
BGA,20170530,5.98,6.08,5.96,6.01,176619
BGH,20170530,0.037,0.037,0.037,0.037,3000000
BHD,20170530,1.06,1.08,1.06,1.08,3600
BHP,20170530,23.84,24.14,23.82,24,4413359
BID,20170530,0.024,0.024,0.024,0.024,254672
BIG,20170530,0.735,0.735,0.695,0.71,488572
BIN,20170530,1.74,1.74,1.65,1.7,368644
BIS,20170530,0.4,0.4,0.4,0.4,36800
BIT,20170530,0.024,0.024,0.024,0.024,125806
BKI,20170530,1.6,1.6,1.59,1.59,275884
BKL,20170530,104.85,105.9,103.34,103.5,40662
BKP,20170530,0.001,0.001,0.001,0.001,10000
BKT,20170530,0.077,0.077,0.077,0.077,323000
BKW,20170530,14.27,14.38,14.12,14.34,132391
BKY,20170530,0.8,0.8,0.78,0.78,55126
BLA,20170530,8.14,8.18,8.075,8.1,65163
BLD,20170530,6.77,6.89,6.76,6.83,4233393
BLG,20170530,0.255,0.255,0.25,0.25,24321
BLK,20170530,0.3,0.3,0.28,0.28,2111520
BLT,20170530,0.16,0.16,0.15,0.15,78573
BLX,20170530,1.37,1.405,1.35,1.37,244492
BLY,20170530,0.037,0.038,0.036,0.038,473131
BMG,20170530,0.01,0.011,0.01,0.011,1301262
BMH,20170530,0.215,0.215,0.215,0.215,10000
BMN,20170530,0.04,0.04,0.038,0.04,323510
BMP,20170530,0.16,0.19,0.15,0.19,321056
BMT,20170530,0.17,0.17,0.16,0.165,177880
BMZ,20170530,0.026,0.026,0.026,0.026,100000
BNO,20170530,0.35,0.35,0.34,0.35,228665
BOC,20170530,0.31,0.31,0.31,0.31,1057
BOE,20170530,0.052,0.052,0.051,0.052,227894
BOL,20170530,0.105,0.105,0.105,0.105,27814
BOND,20170530,26.07,26.07,26.06,26.06,967
BOQ,20170530,10.95,11.16,10.92,11.09,1356808
BOT,20170530,0.044,0.044,0.044,0.044,517561
BPA,20170530,8.73,8.73,8.72,8.72,10608
BPF,20170530,0.125,0.125,0.115,0.115,327509
BPS,20170530,0.855,0.87,0.855,0.87,11591
BPT,20170530,0.635,0.647,0.625,0.64,3461492
BRB,20170530,0.7,0.75,0.695,0.745,1170343
BRG,20170530,10.25,10.25,9.99,10.12,186429
BRK,20170530,0.009,0.009,0.009,0.009,1113389
BRL,20170530,0.09,0.092,0.09,0.09,2097394
BRN,20170530,0.195,0.195,0.18,0.18,2377330
BRU,20170530,0.185,0.185,0.18,0.18,140524
BSA,20170530,0.33,0.335,0.325,0.33,261305
BSE,20170530,0.315,0.32,0.295,0.32,276500
BSL,20170530,11.46,11.46,11.12,11.38,3548767
BSM,20170530,0.01,0.011,0.01,0.011,4542214
BSR,20170530,0.019,0.02,0.019,0.02,1259439
BST,20170530,0.855,0.855,0.85,0.85,34776
BTI,20170530,0.875,0.875,0.82,0.85,292532
BTT,20170530,11.24,11.25,11.05,11.09,3142658
BUB,20170530,0.135,0.14,0.13,0.14,283458
BUD,20170530,0.067,0.068,0.064,0.065,1472506
BUG,20170530,0.35,0.35,0.345,0.345,27528
BUL,20170530,0.055,0.056,0.055,0.056,489250
BUX,20170530,0.24,0.24,0.235,0.24,307367
BVS,20170530,1.38,1.4,1.365,1.4,503711
BWP,20170530,3,3.01,2.955,3,1350312
BWX,20170530,5.42,5.44,5.36,5.38,219331
BXB,20170530,10.6,10.66,10.48,10.48,2559640
BXN,20170530,0.017,0.018,0.017,0.017,1570015
BYI,20170530,0.9,0.9,0.9,0.9,2030
CAA,20170530,0.14,0.14,0.14,0.14,151882
CAB,20170530,2.56,2.62,2.55,2.58,94440
CAD,20170530,0.004,0.004,0.003,0.004,3725000
CAE,20170530,0.02,0.02,0.02,0.02,50000
CAJ,20170530,0.175,0.185,0.172,0.18,1488039
CAM,20170530,0.865,0.865,0.855,0.86,31980
CAN,20170530,0.57,0.57,0.525,0.53,257880
CAP,20170530,0.057,0.064,0.057,0.06,1234233
CAR,20170530,10.93,11.03,10.84,10.85,1234501
CAS,20170530,0.115,0.12,0.115,0.12,255000
CAT,20170530,1.735,1.735,1.61,1.62,484174
CAV,20170530,0.012,0.012,0.011,0.012,6283333
CAY,20170530,0.077,0.079,0.076,0.079,104837
CAZ,20170530,0.049,0.049,0.049,0.049,25000
CBA,20170530,78.95,79.66,78.5,79.44,2882295
CBC,20170530,0.9,0.9,0.9,0.9,2450
CCA,20170530,0.71,0.71,0.68,0.68,85255
CCE,20170530,0.06,0.06,0.057,0.057,1459337
CCL,20170530,9.3,9.37,9.23,9.35,1069473
CCP,20170530,17.64,17.77,17.37,17.7,158880
CCV,20170530,0.245,0.25,0.24,0.24,363552
CCZ,20170530,0.015,0.015,0.015,0.015,300000
CDA,20170530,2.46,2.465,2.33,2.37,518102
CDC,20170530,0.12,0.12,0.12,0.12,62500
CDD,20170530,1.3,1.332,1.29,1.295,251138
CDM,20170530,1.22,1.225,1.21,1.21,202664
CDP,20170530,8.02,8.02,8.02,8.02,2115
CDU,20170530,0.31,0.31,0.305,0.305,43314
CDV,20170530,0.59,0.595,0.56,0.565,643214
CDY,20170530,0.027,0.027,0.026,0.026,3156544
CEL,20170530,0.032,0.033,0.03,0.03,390800
CETF,20170530,53.39,53.39,53.39,53.39,20
CFE,20170530,0.03,0.031,0.03,0.03,517542
CFO,20170530,0.35,0.35,0.325,0.325,143560
CGA,20170530,1.19,1.2,1.18,1.2,17500
CGC,20170530,4.41,4.52,4.38,4.52,941544
CGF,20170530,12.95,13.03,12.89,13.02,1023385
CGL,20170530,4.78,4.8,4.7,4.7,25764
CGM,20170530,0.006,0.006,0.006,0.006,345000
CGN,20170530,0.024,0.024,0.024,0.024,101150
CGR,20170530,0.3,0.305,0.29,0.295,1098801
CGS,20170530,0.95,0.95,0.95,0.95,894
CHC,20170530,5.74,5.75,5.635,5.65,2173877
CHK,20170530,0.015,0.015,0.015,0.015,1041933
CHN,20170530,0.175,0.175,0.17,0.17,202399
CHP,20170530,0.019,0.019,0.019,0.019,482240
CHZ,20170530,0.051,0.051,0.051,0.051,13315
CIA,20170530,0.885,0.885,0.885,0.885,1600
CIE,20170530,0.975,0.975,0.95,0.95,189103
CII,20170530,1.6,1.6,1.6,1.6,480
CIM,20170530,40.61,40.94,40.11,40.65,192069
CIN,20170530,31.62,31.99,31.62,31.99,1717
CIO,20170530,0.025,0.025,0.025,0.025,36
CIP,20170530,2.49,2.52,2.48,2.51,209897
CIW,20170530,0.5,0.5,0.5,0.5,55000
CKA,20170530,0.036,0.038,0.036,0.037,1718163
CKF,20170530,5.14,5.16,5.11,5.15,516003
CL1,20170530,3,3,2.9,2.9,82280
CL8,20170530,0.043,0.044,0.042,0.042,6292855
CLA,20170530,0.036,0.036,0.035,0.036,1017679
CLH,20170530,1.265,1.27,1.26,1.26,173392
CLQ,20170530,0.67,0.67,0.64,0.64,584602
CLT,20170530,0.24,0.24,0.24,0.24,2500
CLW,20170530,4.05,4.07,4.04,4.07,389874
CLX,20170530,0.77,0.83,0.77,0.785,155032
CLY,20170530,0.002,0.003,0.002,0.002,10858333
CM8,20170530,0.14,0.14,0.13,0.13,486993
CMA,20170530,2.38,2.4,2.38,2.4,49170
CMC,20170530,0.011,0.011,0.011,0.011,56964
CMI,20170530,1.02,1.02,1.01,1.01,24610
CMM,20170530,0.095,0.1,0.092,0.092,1328960
CMP,20170530,0.4,0.4,0.39,0.39,24676
CMW,20170530,0.96,0.96,0.95,0.955,2069411
CMY,20170530,0.014,0.014,0.01,0.011,37814370
CND,20170530,0.085,0.085,0.085,0.085,980
CNI,20170530,1.2,1.21,1.195,1.21,4068
CNJ,20170530,0.043,0.046,0.043,0.044,898308
CNQ,20170530,0.007,0.007,0.007,0.007,6272
CNU,20170530,4.25,4.28,4.22,4.27,220918
CNW,20170530,0.018,0.018,0.018,0.018,166888
CO1,20170530,0.1,0.13,0.1,0.125,4810367
COB,20170530,0.2,0.205,0.2,0.205,134991
COE,20170530,0.39,0.39,0.375,0.38,3701414
COG,20170530,0.125,0.125,0.125,0.125,25000
COH,20170530,146.92,147.05,145.75,145.75,97739
COI,20170530,0.155,0.165,0.155,0.16,270122
COO,20170530,0.04,0.04,0.04,0.04,100000
CPH,20170530,0.46,0.46,0.425,0.425,178699
CPU,20170530,14.43,14.59,14.35,14.39,1131669
CQR,20170530,4.32,4.35,4.29,4.33,821926
CR8,20170530,0.035,0.036,0.033,0.033,2311859
CRB,20170530,0.079,0.081,0.079,0.081,143776
CRL,20170530,0.062,0.062,0.062,0.062,11049
CSE,20170530,0.19,0.19,0.19,0.19,3000
CSL,20170530,132.7,133,131.48,131.64,413649
CSR,20170530,4.2,4.23,4.17,4.21,1621497
CSS,20170530,0.038,0.038,0.036,0.036,47552
CSV,20170530,0.45,0.465,0.45,0.465,1655272
CT1,20170530,0.03,0.03,0.03,0.03,19430
CTD,20170530,22.22,22.22,21.71,21.96,254086
CTL,20170530,0.013,0.013,0.013,0.013,125000
CTM,20170530,0.009,0.009,0.009,0.009,884450
CTN,20170530,0.895,0.895,0.885,0.885,220116
CTO,20170530,0.01,0.01,0.008,0.009,4776484
CTX,20170530,33,33,32.55,32.86,418462
CUA,20170530,2.29,2.36,2.29,2.36,65252
CUL,20170530,0.002,0.002,0.002,0.002,976038
CUP,20170530,0.61,0.61,0.6,0.61,47216
CUV,20170530,6.88,6.9,6.8,6.87,10094
CV1,20170530,0.105,0.105,0.105,0.105,55518
CVN,20170530,0.084,0.084,0.083,0.084,87526
CVT,20170530,0.025,0.026,0.025,0.026,377575
CVV,20170530,0.06,0.06,0.06,0.06,108727
CVW,20170530,1.425,1.425,1.425,1.425,17471
CWN,20170530,12.96,13,12.83,12.91,684489
CWP,20170530,5.32,5.33,5.27,5.27,34062
CWY,20170530,1.3,1.305,1.28,1.29,2562112
CXM,20170530,0.06,0.06,0.06,0.06,210000
CXO,20170530,0.073,0.073,0.072,0.072,455172
CXU,20170530,0.036,0.036,0.036,0.036,215000
CXX,20170530,0.32,0.32,0.32,0.32,100550
CXZ,20170530,0.049,0.049,0.048,0.048,52012
CYA,20170530,0.95,0.955,0.95,0.95,46348
CYB,20170530,4.65,4.7,4.615,4.7,2711079
CYC,20170530,0.9,0.9,0.9,0.9,6600
CYL,20170530,0.495,0.495,0.495,0.495,70
CYP,20170530,0.57,0.58,0.56,0.57,86033
CYY,20170530,0.018,0.018,0.017,0.017,551295
CZI,20170530,0.064,0.064,0.064,0.064,362546
CZL,20170530,0.017,0.017,0.016,0.016,1125807
CZN,20170530,0.017,0.017,0.016,0.017,3109810
CZZ,20170530,14.8,15,14.42,14.65,17914
D13,20170530,0.165,0.172,0.16,0.165,4485301
D2O,20170530,1.05,1.05,1.02,1.05,96877
DAF,20170530,0.011,0.011,0.011,0.011,35720
DAU,20170530,0.033,0.033,0.033,0.033,36173
DCC,20170530,0.023,0.023,0.02,0.02,2192001
DCG,20170530,0.87,0.89,0.86,0.89,81725
DCL,20170530,0.12,0.12,0.12,0.12,3000
DCN,20170530,1.9,1.94,1.88,1.9,349506
DDD,20170530,0.007,0.007,0.005,0.005,10218315
DDR,20170530,2.37,2.39,2.33,2.34,75844
DDT,20170530,0.007,0.007,0.007,0.007,4000
DEG,20170530,0.049,0.049,0.049,0.049,76663
DEM,20170530,0.36,0.36,0.36,0.36,10000
DFM,20170530,0.89,0.895,0.885,0.895,123854
DGO,20170530,0.35,0.35,0.35,0.35,2000
DGR,20170530,0.13,0.13,0.13,0.13,50000
DIG,20170530,0.26,0.26,0.26,0.26,69597
DJRE,20170530,21.31,21.34,21.26,21.31,7839
DJW,20170530,3.65,3.65,3.61,3.64,113387
DKO,20170530,0.058,0.058,0.057,0.057,222047
DLX,20170530,7.03,7.07,6.98,7,2503397
DMP,20170530,58.7,58.79,56.84,58.38,401799
DN8,20170530,0.2,0.2,0.2,0.2,270000
DNA,20170530,0.52,0.52,0.5,0.5,192528
DNK,20170530,0.765,0.775,0.76,0.76,161600
DOW,20170530,6.46,6.495,6.38,6.42,1522044
DRA,20170530,0.265,0.265,0.26,0.26,10000
DRG,20170530,0.049,0.05,0.045,0.045,1154000
DRM,20170530,0.315,0.32,0.305,0.305,440578
DSE,20170530,0.064,0.064,0.064,0.064,203378
DSX,20170530,0.048,0.048,0.047,0.047,81684
DTI,20170530,0.18,0.18,0.18,0.18,9358
DTL,20170530,1.65,1.68,1.635,1.64,65638
DTM,20170530,0.005,0.006,0.005,0.006,2400000
DTS,20170530,0.215,0.23,0.215,0.23,102057
DTX,20170530,0.22,0.22,0.22,0.22,1940
DTZ,20170530,0.165,0.165,0.165,0.165,25160
DUB,20170530,0.245,0.255,0.22,0.22,71154
DUI,20170530,3.77,3.77,3.73,3.75,175052
DVL,20170530,0.31,0.34,0.31,0.34,9484
DW8,20170530,0.016,0.017,0.016,0.017,309827
DWS,20170530,1.66,1.66,1.49,1.58,849856
DXB,20170530,0.007,0.007,0.007,0.007,1165
DXS,20170530,10.3,10.315,10.19,10.29,1835969
DYE,20170530,0.21,0.215,0.205,0.215,49725
DYL,20170530,0.24,0.25,0.24,0.245,22262
E2M,20170530,0.145,0.145,0.135,0.135,27875
EAI,20170530,0.92,0.935,0.915,0.93,198840
EAR,20170530,0.135,0.135,0.12,0.13,224053
EBO,20170530,16.71,16.71,16.65,16.65,50
ECG,20170530,0.06,0.06,0.054,0.054,9743
ECX,20170530,3.59,3.63,3.52,3.61,832741
EDC,20170530,1.06,1.06,1.06,1.06,8917
EDE,20170530,0.225,0.24,0.222,0.23,1594320
EEG,20170530,0.008,0.009,0.008,0.009,3595341
EGA,20170530,0.275,0.275,0.275,0.275,1819
EGG,20170530,1.2,1.22,1.19,1.19,11500
EGH,20170530,0.395,0.395,0.36,0.39,157657
EGI,20170530,0.98,0.985,0.965,0.985,101250
EGS,20170530,0.35,0.35,0.34,0.35,40600
EHE,20170530,3.01,3.06,2.98,3.03,3389163
EHL,20170530,0.08,0.083,0.08,0.083,235768
ELD,20170530,4.97,4.97,4.91,4.96,258784
ELK,20170530,0.064,0.064,0.064,0.064,200000
ELX,20170530,1.01,1.02,0.98,1,293274
EMC,20170530,0.94,0.96,0.92,0.92,615642
EMF,20170530,1.98,1.98,1.97,1.97,17690
EMG,20170530,0.008,0.009,0.008,0.009,256636
EMH,20170530,0.95,0.95,0.945,0.95,34696
EML,20170530,1.74,1.74,1.71,1.73,235996
EMR,20170530,0.042,0.042,0.042,0.042,16811
EMU,20170530,0.087,0.091,0.087,0.091,144700
EMX,20170530,0.018,0.018,0.018,0.018,315669
ENB,20170530,0.008,0.008,0.008,0.008,481666
ENN,20170530,2.13,2.2,2.13,2.19,64992
ENR,20170530,0.1,0.1,0.1,0.1,140962
ENT,20170530,0.033,0.033,0.033,0.033,325768
ENZ,20170530,0.076,0.077,0.076,0.077,54420
EOR,20170530,0.008,0.008,0.008,0.008,292857
EOS,20170530,3.17,3.18,3.08,3.08,19387
EPD,20170530,0.47,0.48,0.465,0.475,238038
EPT,20170530,0.027,0.027,0.024,0.024,565485
EPW,20170530,1.2,1.23,1.19,1.23,184867
EQE,20170530,0.02,0.02,0.019,0.019,3144912
EQT,20170530,17.2,17.2,17,17.2,2704
EQX,20170530,0.42,0.42,0.42,0.42,137339
ERA,20170530,0.512,0.52,0.51,0.52,8710
ERF,20170530,1.32,1.32,1.32,1.32,43000
ERL,20170530,0.023,0.023,0.021,0.021,2455259
ERM,20170530,0.09,0.09,0.09,0.09,100000
ESE,20170530,0.3,0.3,0.25,0.295,346402
ESH,20170530,0.019,0.019,0.017,0.018,1304708
ESI,20170530,0.015,0.015,0.015,0.015,538168
ESR,20170530,0.027,0.027,0.025,0.025,3509416
ESV,20170530,0.088,0.088,0.088,0.088,137439
ETF,20170530,20.51,20.53,20.42,20.5,26255
ETPMAG,20170530,22.47,22.54,22.41,22.54,8830
ETPMPD,20170530,103.19,103.19,103.19,103.19,15
ETPMPM,20170530,123.44,123.44,123.44,123.44,0
ETPMPT,20170530,121.57,121.57,121.57,121.57,0
EUC,20170530,0.063,0.063,0.06,0.061,4371782
EUR,20170530,0.046,0.046,0.045,0.045,165939
EVE,20170530,0.008,0.008,0.006,0.007,7177438
EVN,20170530,2.41,2.46,2.4,2.43,4648428
EVT,20170530,13.25,13.34,13.05,13.16,22532
EVZ,20170530,0.014,0.014,0.014,0.014,144578
EWC,20170530,0.395,0.405,0.39,0.4,275528
EXC,20170530,0.039,0.039,0.036,0.037,1011621
EXG,20170530,0.04,0.04,0.039,0.039,63397
EXU,20170530,0.13,0.13,0.13,0.13,1270605
EYM,20170530,0.013,0.014,0.013,0.014,618817
EZL,20170530,1.09,1.09,1.09,1.09,19167
FAR,20170530,0.081,0.082,0.079,0.08,10810912
FBR,20170530,0.105,0.105,0.102,0.105,391899
FBU,20170530,7.31,7.32,7.2,7.2,1191511
FCR,20170530,0.002,0.002,0.002,0.002,2500000
FCT,20170530,0.36,0.36,0.35,0.35,44029
FDM,20170530,0.11,0.115,0.11,0.11,712940
FDV,20170530,0.53,0.53,0.53,0.53,3900
FEL,20170530,0.023,0.023,0.023,0.023,300000
FET,20170530,2.79,2.82,2.75,2.78,141862
FFC,20170530,0.135,0.135,0.13,0.13,66666
FFG,20170530,0.012,0.012,0.012,0.012,21000
FFI,20170530,4,4,4,4,5599
FFT,20170530,0.13,0.13,0.125,0.125,107000
FGF,20170530,0.005,0.005,0.004,0.004,2550000
FGG,20170530,1.07,1.08,1.06,1.065,814874
FGR,20170530,0.095,0.097,0.094,0.095,303986
FGX,20170530,1.095,1.095,1.09,1.095,267092
FID,20170530,4.21,4.21,4.12,4.12,13039
FIG,20170530,0.79,0.82,0.78,0.82,220368
FLK,20170530,1.04,1.045,1.04,1.045,38566
FLN,20170530,0.96,0.96,0.9,0.9,133735
FLT,20170530,35.98,36.17,35.62,35.96,278980
FMG,20170530,4.73,4.825,4.71,4.79,12406105
FML,20170530,0.46,0.465,0.44,0.44,53392
FMS,20170530,0.054,0.054,0.053,0.053,441182
FND,20170530,0.17,0.17,0.17,0.17,160298
FNP,20170530,4.4,4.48,4.4,4.43,49441
FNT,20170530,0.033,0.033,0.033,0.033,44259
FOD,20170530,0.039,0.039,0.039,0.039,100000
FOR,20170530,2.02,2.03,1.99,2.03,34877
FPC,20170530,1.185,1.185,1.18,1.18,21750
FPH,20170530,10.18,10.18,10.08,10.11,848007
FRI,20170530,0.78,0.79,0.76,0.76,33937
FRM,20170530,1.22,1.235,1.21,1.22,52633
FSA,20170530,1.37,1.37,1.355,1.37,65848
FSF,20170530,5.73,5.74,5.59,5.67,47712
FSG,20170530,0.039,0.039,0.038,0.039,2146107
FSI,20170530,1.54,1.54,1.54,1.54,4500
FTT,20170530,0.062,0.062,0.062,0.062,59000
FTZ,20170530,0.097,0.097,0.096,0.096,630153
FUN,20170530,0.005,0.005,0.005,0.005,54334
FWD,20170530,2.18,2.18,2.16,2.18,56050
FXJ,20170530,1.255,1.26,1.247,1.25,4116477
FXL,20170530,1.67,1.742,1.65,1.71,2099426
FZO,20170530,0.25,0.255,0.24,0.255,509821
FZR,20170530,0.155,0.155,0.155,0.155,50123
GAP,20170530,0.385,0.385,0.38,0.38,43760
GBG,20170530,0.014,0.014,0.014,0.014,464795
GBM,20170530,0.008,0.008,0.008,0.008,200000
GBP,20170530,0.027,0.027,0.027,0.027,15680
GBR,20170530,0.15,0.15,0.15,0.15,20000
GBT,20170530,2.88,2.92,2.82,2.87,146928
GBX,20170530,0.018,0.018,0.018,0.018,55555
GBZ,20170530,0.015,0.015,0.015,0.015,66666
GCM,20170530,0.89,0.89,0.89,0.89,300
GCS,20170530,0.58,0.58,0.565,0.58,64558
GCY,20170530,0.47,0.48,0.47,0.48,2420
GDF,20170530,1.09,1.09,1.08,1.08,90949
GDI,20170530,1.045,1.05,1.045,1.045,125338
GDX,20170530,30.74,30.9,30.59,30.59,3529
GEAR,20170530,21.17,21.27,20.96,21.27,65125
GEG,20170530,1.31,1.31,1.3,1.31,536017
GEM,20170530,3.38,3.585,3.34,3.51,5811058
GEV,20170530,0.185,0.185,0.185,0.185,110611
GFY,20170530,0.7,0.7,0.67,0.685,27608
GGE,20170530,0.004,0.004,0.004,0.004,5931488
GGG,20170530,0.11,0.11,0.105,0.105,210263
GGL,20170530,0.019,0.019,0.019,0.019,12345
GGUS,20170530,12.88,12.88,12.88,12.88,0
GGX,20170530,0.003,0.003,0.003,0.003,285714
GHC,20170530,2.3,2.31,2.3,2.3,8553674
GID,20170530,0.055,0.064,0.055,0.064,2002606
GLA,20170530,0.003,0.004,0.003,0.004,2567857
GLF,20170530,0.011,0.011,0.011,0.011,45459
GLL,20170530,0.13,0.13,0.125,0.125,20500
GMA,20170530,2.82,2.87,2.79,2.85,1182927
GMD,20170530,0.018,0.018,0.017,0.017,552170
GME,20170530,0.065,0.065,0.064,0.064,56676
GMG,20170530,8.55,8.565,8.44,8.44,4192911
GMN,20170530,0.09,0.09,0.08,0.085,1517047
GMR,20170530,0.005,0.005,0.004,0.004,21045946
GMV,20170530,0.155,0.155,0.15,0.155,487598
GNC,20170530,10.2,10.31,10.2,10.24,364865
GNE,20170530,2.18,2.19,2.15,2.165,524961
GNG,20170530,1.49,1.5,1.49,1.49,12072
GNX,20170530,0.195,0.21,0.195,0.21,232500
GOLD,20170530,162.01,162.55,161.6,162,25867
GOO,20170530,0.17,0.17,0.17,0.17,55000
GOR,20170530,0.695,0.695,0.655,0.66,2443089
GOVT,20170530,26,26,25.98,25.98,2735
GOW,20170530,3.5,3.5,3.49,3.49,4500
GOZ,20170530,3.33,3.35,3.29,3.34,548462
GPP,20170530,0.029,0.029,0.028,0.028,4782547
GPT,20170530,5.2,5.21,5.15,5.19,2107791
GPX,20170530,0.43,0.45,0.42,0.44,492384
GRA,20170530,0.76,0.79,0.7,0.7,61667
GRB,20170530,0.034,0.034,0.033,0.033,371408
GRR,20170530,0.15,0.155,0.15,0.15,789200
GSC,20170530,0.185,0.19,0.18,0.18,572793
GSW,20170530,0.86,0.86,0.845,0.85,31944
GTG,20170530,0.009,0.009,0.008,0.008,2097501
GTK,20170530,4.4,4.4,4.35,4.35,26776
GTN,20170530,2.11,2.32,2.11,2.23,4886473
GTY,20170530,2.19,2.19,2.15,2.17,564936
GUD,20170530,11.93,12.12,11.88,12.1,244928
GVF,20170530,1.1,1.11,1.095,1.105,232953
GWA,20170530,2.9,2.92,2.835,2.86,742213
GXL,20170530,5.63,5.78,5.55,5.75,569474
GZL,20170530,2.24,2.24,2.24,2.24,3000
HAV,20170530,0.41,0.41,0.4,0.4,54974
HAW,20170530,0.03,0.03,0.028,0.028,230428
HCH,20170530,0.028,0.028,0.028,0.028,92663
HEG,20170530,0.056,0.063,0.056,0.063,112154
HFA,20170530,2.17,2.19,2.1,2.15,59355
HFR,20170530,1.06,1.07,1.04,1.07,227233
HGL,20170530,0.032,0.032,0.032,0.032,66000
HGO,20170530,0.075,0.076,0.075,0.076,51286
HHL,20170530,3,3,2.97,2.97,6694
HHV,20170530,1.07,1.07,1.045,1.06,531581
HHY,20170530,0.1,0.1,0.1,0.1,36229
HIL,20170530,0.18,0.18,0.17,0.17,399636
HIT,20170530,0.555,0.555,0.555,0.555,5000
HML,20170530,2.05,2.05,1.98,2.03,179692
HMX,20170530,0.039,0.039,0.038,0.038,174775
HOM,20170530,0.42,0.42,0.42,0.42,34091
HPI,20170530,3.04,3.05,3.02,3.02,110793
HPR,20170530,0.054,0.055,0.054,0.055,102703
HRL,20170530,0.1,0.1,0.1,0.1,1074733
HRR,20170530,0.083,0.085,0.083,0.085,49392
HSN,20170530,3.49,3.53,3.48,3.52,274275
HSO,20170530,2,2.01,1.97,1.99,9941187
HT1,20170530,2.37,2.38,2.32,2.33,792218
HT8,20170530,0.066,0.066,0.066,0.066,1200
HTA,20170530,0.069,0.069,0.068,0.068,14506
HUB,20170530,5.42,5.7,5.42,5.69,573731
HUO,20170530,4.9,4.99,4.75,4.98,103590
HVN,20170530,3.7,3.725,3.645,3.7,3142663
HVST,20170530,19.36,19.43,19.28,19.43,91410
HWK,20170530,0.012,0.013,0.012,0.013,300245
HXG,20170530,0.145,0.15,0.12,0.145,712157
HZN,20170530,0.054,0.054,0.053,0.054,251784
HZR,20170530,0.565,0.575,0.56,0.575,21898
IAA,20170530,76.5,76.98,75.67,75.76,11344
IAB,20170530,0.98,0.98,0.96,0.96,22782
IAF,20170530,107.42,107.53,107.28,107.28,8485
IAG,20170530,6.31,6.43,6.29,6.4,5953615
IAM,20170530,0.042,0.042,0.041,0.041,705673
IAU,20170530,1,1.06,1,1.04,8288
IBG,20170530,0.068,0.068,0.067,0.067,702974
IBK,20170530,50.55,50.55,50.54,50.54,48
IBN,20170530,0.003,0.003,0.003,0.003,338150
ICG,20170530,0.014,0.015,0.014,0.015,3695911
ICI,20170530,0.041,0.041,0.041,0.041,9056
ICN,20170530,0.025,0.025,0.025,0.025,59698
ICQ,20170530,0.28,0.28,0.275,0.275,74093
ICT,20170530,0.02,0.02,0.02,0.02,8000
ICU,20170530,0.068,0.068,0.068,0.068,20000
IDA,20170530,0.09,0.09,0.09,0.09,66794
IDR,20170530,2.24,2.26,2.23,2.26,49324
IDT,20170530,0.105,0.105,0.1,0.1,1457176
IDX,20170530,1.445,1.455,1.44,1.45,3937986
IDZ,20170530,0.22,0.22,0.22,0.22,48000
IEL,20170530,4.5,4.55,4.47,4.51,733785
IEM,20170530,57.5,57.5,55.8,55.86,18574
IEU,20170530,61.5,61.85,60.65,60.66,31571
IFL,20170530,8.96,9.075,8.925,9.06,494098
IFM,20170530,0.715,0.74,0.715,0.73,9459
IFN,20170530,0.855,0.882,0.84,0.855,4399262
IFT,20170530,2.87,2.87,2.87,2.87,1938
IGB,20170530,104.6,104.98,104.6,104.98,176
IGL,20170530,2.11,2.14,2.1,2.12,50026
IGO,20170530,3.48,3.54,3.44,3.51,3518556
IHCB,20170530,106.25,106.25,106.2,106.25,905
IHD,20170530,13.95,14.01,13.9,14,10188
IHEB,20170530,108.47,108.47,108.35,108.35,372
IHHY,20170530,109.05,109.32,109.05,109.26,688
IHK,20170530,31.8,31.81,31.8,31.81,311
IHOO,20170530,116.01,116.01,116,116,23
IHVV,20170530,310.72,312.06,310.05,310.52,417
IIL,20170530,0.755,0.755,0.71,0.735,111377
IJH,20170530,232.49,233.5,232,233.5,2103
IJP,20170530,71.39,71.85,71,71.85,5222
IJR,20170530,92.3,92.59,91.5,92.59,3664
IKO,20170530,91.8,91.8,90.64,90.64,677
ILB,20170530,117.7,117.7,116.61,117.31,1518
ILC,20170530,23.07,23.21,23,23.21,55116
ILU,20170530,9.3,9.32,9.09,9.14,2055882
IMA,20170530,0.12,0.12,0.105,0.11,886603
IMD,20170530,0.62,0.64,0.615,0.64,366710
IMF,20170530,1.97,2,1.945,1.965,797243
IMU,20170530,0.014,0.014,0.013,0.013,3631035
INA,20170530,2.7,2.71,2.67,2.69,221414
ING,20170530,3.33,3.35,3.31,3.35,692550
INK,20170530,0.085,0.09,0.085,0.09,38086
INM,20170530,47.04,47.42,47.04,47.37,21432
IOF,20170530,4.68,4.68,4.64,4.66,1479211
IOO,20170530,115.1,116.76,114.93,114.93,13592
IOT,20170530,0.018,0.018,0.018,0.018,287975
IOZ,20170530,23.61,23.63,23.49,23.62,49473
IP1,20170530,0.105,0.13,0.096,0.13,270483
IPB,20170530,0.02,0.02,0.02,0.02,525000
IPD,20170530,0.64,0.65,0.59,0.605,1013693
IPH,20170530,4.67,4.68,4.59,4.6,467666
IPL,20170530,3.41,3.43,3.37,3.41,9399888
IPT,20170530,0.015,0.015,0.015,0.015,256665
IRC,20170530,0.095,0.095,0.094,0.094,129865
IRD,20170530,0.245,0.245,0.245,0.245,10000
IRE,20170530,11.86,11.955,11.82,11.9,180909
IRI,20170530,2.97,2.97,2.91,2.91,26844
IRU,20170530,185.11,185.11,184.61,184.87,86
ISD,20170530,1.72,1.74,1.645,1.7,2539918
ISG,20170530,31.83,31.83,31.83,31.83,70
ISO,20170530,4.23,4.23,4.23,4.23,35970
ISU,20170530,2.13,2.16,2.06,2.14,877388
ISX,20170530,0.145,0.145,0.145,0.145,5264
ITD,20170530,0.59,0.59,0.58,0.58,7516
ITW,20170530,46.94,46.94,46.76,46.76,567
IVC,20170530,14.75,14.9,14.56,14.85,306960
IVE,20170530,88.22,88.91,88.22,88.67,2396
IVR,20170530,0.036,0.036,0.035,0.035,1536167
IVV,20170530,327.44,327.99,327,327.03,5554
IVX,20170530,0.002,0.002,0.002,0.002,1480277
IXI,20170530,141.65,141.84,141.1,141.35,1321
IXJ,20170530,143.6,143.79,143.11,143.53,7147
IXP,20170530,81.41,81.49,81.24,81.24,478
IZZ,20170530,54.17,54.4,54.08,54.08,4160
JAT,20170530,0.013,0.014,0.013,0.014,350000
JBH,20170530,23.09,23.56,23.02,23.37,834209
JCI,20170530,0.86,0.865,0.86,0.865,112800
JCS,20170530,0.014,0.014,0.014,0.014,195000
JHC,20170530,2.11,2.13,2.09,2.11,795457
JHX,20170530,19.54,19.67,19.51,19.58,667576
JIN,20170530,2.73,2.8,2.7,2.7,54456
JKL,20170530,0.215,0.215,0.215,0.215,12065
JRV,20170530,0.051,0.052,0.051,0.052,252043
JYC,20170530,1.705,1.705,1.65,1.7,5612
K2F,20170530,0.1,0.1,0.099,0.099,29910
K2P,20170530,0.17,0.17,0.17,0.17,200000
KAI,20170530,0.02,0.02,0.02,0.02,100000
KAM,20170530,0.28,0.28,0.27,0.27,25000
KAR,20170530,1.405,1.405,1.38,1.38,149786
KAS,20170530,0.02,0.02,0.02,0.02,36202
KAT,20170530,0.72,0.72,0.72,0.72,17187
KBU,20170530,0.009,0.009,0.009,0.009,10000
KCN,20170530,0.205,0.205,0.2,0.2,28083
KDR,20170530,0.5,0.5,0.47,0.485,1807493
KEY,20170530,0.007,0.007,0.007,0.007,250000
KFE,20170530,0.019,0.019,0.019,0.019,230844
KGL,20170530,0.35,0.365,0.35,0.365,7438
KGN,20170530,1.55,1.55,1.55,1.55,7119
KII,20170530,2.48,2.48,2.48,2.48,17904
KIN,20170530,0.355,0.38,0.355,0.37,285592
KKL,20170530,0.006,0.006,0.006,0.006,249925
KKT,20170530,0.6,0.6,0.6,0.6,1105
KLL,20170530,0.35,0.35,0.335,0.35,36890
KMD,20170530,1.855,1.87,1.855,1.855,72547
KNL,20170530,0.155,0.16,0.155,0.16,401930
KNM,20170530,0.015,0.015,0.014,0.014,108820
KNO,20170530,0.15,0.155,0.15,0.155,22787
KOV,20170530,2.5,2.5,2.4,2.4,9190
KPL,20170530,0.1,0.1,0.1,0.1,30000
KPO,20170530,0.058,0.058,0.055,0.055,485869
KPT,20170530,2.05,2.05,2.05,2.05,4240
KRL,20170530,0.021,0.021,0.02,0.02,416917
KSC,20170530,1.58,1.58,1.58,1.58,102369
KSL,20170530,0.78,0.8,0.77,0.8,62000
KSN,20170530,0.019,0.021,0.019,0.021,1131775
KTA,20170530,0.033,0.033,0.033,0.033,18000
KYK,20170530,0.16,0.16,0.16,0.16,203491
LAA,20170530,0.13,0.13,0.13,0.13,305807
LAU,20170530,0.34,0.34,0.34,0.34,38532
LBT,20170530,0.255,0.255,0.255,0.255,20000
LCA,20170530,0.51,0.52,0.51,0.52,35100
LCD,20170530,0.024,0.024,0.024,0.024,398237
LCK,20170530,0.13,0.13,0.12,0.12,183388
LCM,20170530,0.285,0.3,0.285,0.3,75876
LCR,20170530,0.029,0.029,0.029,0.029,27942
LCT,20170530,0.12,0.12,0.115,0.115,37235
LCY,20170530,0.004,0.004,0.004,0.004,206247
LEG,20170530,0.011,0.012,0.011,0.012,1246419
LEP,20170530,4.74,4.74,4.66,4.71,77417
LER,20170530,0.1,0.1,0.1,0.1,33701
LEX,20170530,0.155,0.155,0.15,0.15,20000
LFR,20170530,0.043,0.043,0.038,0.038,30000
LHC,20170530,2.07,2.11,2.07,2.11,52245
LI3,20170530,0.135,0.14,0.135,0.14,20500
LIC,20170530,4.02,4.05,4.02,4.02,14965
LIO,20170530,0.041,0.041,0.041,0.041,176487
LIT,20170530,0.105,0.105,0.105,0.105,62900
LKE,20170530,0.05,0.05,0.044,0.044,213824
LKO,20170530,0.001,0.001,0.001,0.001,3050000
LLC,20170530,16.51,16.55,16.31,16.39,1347695
LML,20170530,0.044,0.045,0.044,0.045,305027
LNG,20170530,0.65,0.66,0.64,0.64,611736
LNK,20170530,7.79,7.79,7.68,7.74,680101
LNU,20170530,0.053,0.055,0.053,0.054,743145
LNY,20170530,0.003,0.003,0.003,0.003,163440
LOM,20170530,0.3,0.3,0.295,0.3,778316
LOV,20170530,3.7,3.89,3.7,3.85,19459
LPD,20170530,0.013,0.014,0.013,0.014,150000
LPE,20170530,0.024,0.025,0.024,0.025,4045030
LPI,20170530,0.27,0.27,0.265,0.27,109223
LRS,20170530,0.006,0.006,0.005,0.006,1411715
LSH,20170530,0.195,0.2,0.18,0.2,553176
LSR,20170530,0.011,0.011,0.011,0.011,148391
LTN,20170530,0.01,0.01,0.01,0.01,302952
LTR,20170530,0.015,0.015,0.013,0.013,981231
LVH,20170530,0.52,0.52,0.485,0.49,519568
LYC,20170530,0.086,0.088,0.081,0.086,8294912
LYL,20170530,3.18,3.18,3.16,3.16,3264
M7T,20170530,0.185,0.185,0.18,0.18,39683
MA1,20170530,0.76,0.76,0.76,0.76,9383
MAG,20170530,0.15,0.155,0.15,0.155,25391
MAH,20170530,0.145,0.15,0.145,0.145,112251
MAI,20170530,0.46,0.46,0.46,0.46,19720
MAR,20170530,0.003,0.003,0.003,0.003,115261
MAT,20170530,0.28,0.285,0.28,0.28,198956
MAY,20170530,0.019,0.019,0.019,0.019,553678
MBE,20170530,0.046,0.048,0.045,0.048,2058533
MBK,20170530,0.02,0.021,0.02,0.021,320800
MCA,20170530,0.059,0.059,0.056,0.056,223333
MCE,20170530,0.46,0.46,0.46,0.46,6655
MCP,20170530,1.24,1.24,1.21,1.21,259420
MCR,20170530,0.16,0.16,0.16,0.16,120665
MCY,20170530,3.07,3.07,3.05,3.05,105112
MDC,20170530,0.75,0.77,0.75,0.77,44650
MDI,20170530,0.025,0.025,0.025,0.025,19252
MDL,20170530,0.59,0.6,0.565,0.57,481976
MDR,20170530,0.03,0.03,0.028,0.03,4461514
MEA,20170530,0.57,0.575,0.57,0.57,106536
MEB,20170530,0.295,0.295,0.295,0.295,24400
MEC,20170530,1.13,1.14,1.13,1.14,26584
MED,20170530,0.011,0.011,0.01,0.01,3193468
MEI,20170530,0.029,0.039,0.029,0.033,52736080
MEM,20170530,0.001,0.001,0.001,0.001,4233333
MEP,20170530,0.064,0.064,0.064,0.064,10000
MEU,20170530,0.011,0.011,0.011,0.011,427045
MEY,20170530,0.13,0.13,0.13,0.13,100
MEZ,20170530,2.74,2.74,2.71,2.71,62613
MFD,20170530,1.1,1.1,1.1,1.1,14167
MFF,20170530,1.945,1.95,1.935,1.945,590007
MFG,20170530,25.05,25.28,24.95,25.12,223408
MGC,20170530,0.9,0.905,0.89,0.89,416633
MGE,20170530,2.94,2.95,2.93,2.94,389340
MGR,20170530,2.26,2.265,2.23,2.24,13557312
MGU,20170530,0.053,0.053,0.053,0.053,217316
MGV,20170530,0.075,0.075,0.073,0.073,499800
MGX,20170530,0.3,0.305,0.295,0.305,904816
MHG,20170530,2.84,2.84,2.84,2.84,60981
MHJ,20170530,1.175,1.235,1.145,1.235,148968
MIN,20170530,9.92,10.07,9.79,10.02,324076
MIR,20170530,2.63,2.75,2.63,2.75,22210
MJP,20170530,0.085,0.085,0.084,0.084,27939
MLB,20170530,2.57,2.59,2.54,2.55,46613
MLD,20170530,1.63,1.63,1.545,1.555,188061
MLM,20170530,0.053,0.053,0.052,0.052,205521
MLS,20170530,0.005,0.006,0.005,0.005,62591262
MLT,20170530,4.48,4.49,4.46,4.47,365871
MLX,20170530,0.735,0.775,0.73,0.77,730502
MMI,20170530,0.125,0.135,0.125,0.13,588600
MMJ,20170530,0.355,0.36,0.335,0.335,762423
MML,20170530,0.3,0.3,0.295,0.295,430875
MMR,20170530,0.026,0.026,0.026,0.026,40000
MMS,20170530,13.56,13.63,13.37,13.46,387838
MNB,20170530,0.006,0.006,0.006,0.006,44000
MNC,20170530,0.054,0.054,0.054,0.054,6034
MND,20170530,13,13.07,12.93,13.02,183398
MNF,20170530,4.34,4.34,4.21,4.28,42683
MNM,20170530,0.008,0.008,0.008,0.008,1150000
MNS,20170530,0.62,0.63,0.585,0.605,1290059
MNW,20170530,0.065,0.065,0.065,0.065,198010
MNY,20170530,1.37,1.37,1.31,1.33,285815
MOAT,20170530,51.9,51.96,51.83,51.86,9625
MOB,20170530,0.16,0.165,0.16,0.16,246732
MOC,20170530,2.08,2.13,2.06,2.09,296888
MOD,20170530,0.053,0.053,0.051,0.052,1426490
MOQ,20170530,0.255,0.27,0.255,0.27,50100
MOT,20170530,0.028,0.028,0.028,0.028,16650
MOX,20170530,0.008,0.008,0.008,0.008,46409
MOY,20170530,0.19,0.19,0.185,0.19,410762
MP1,20170530,2.05,2.05,1.99,2.02,58947
MPL,20170530,2.74,2.75,2.72,2.73,12115318
MPW,20170530,0.255,0.255,0.25,0.25,130000
MQA,20170530,5.77,5.85,5.73,5.81,1354042
MQG,20170530,87.71,89.02,87.2,88.44,877949
MRC,20170530,0.125,0.13,0.125,0.13,282800
MRD,20170530,0.01,0.01,0.009,0.01,2963438
MRG,20170530,0.39,0.4,0.385,0.395,325346
MRM,20170530,0.165,0.175,0.15,0.16,6935824
MRP,20170530,0.17,0.17,0.15,0.17,561071
MRQ,20170530,0.01,0.01,0.01,0.01,300000
MSB,20170530,2.08,2.16,1.99,2.05,795464
MSM,20170530,0.22,0.22,0.215,0.22,91513
MSP,20170530,0.027,0.029,0.027,0.028,2238803
MSR,20170530,0.004,0.004,0.003,0.003,728000
MSV,20170530,0.032,0.032,0.03,0.03,411335
MTM,20170530,0.27,0.27,0.27,0.27,30000
MTO,20170530,3.5,3.5,3.35,3.44,427160
MTR,20170530,2.91,2.98,2.89,2.96,738192
MTS,20170530,2.03,2.03,1.97,2,3954673
MUA,20170530,0.96,0.97,0.955,0.965,190736
MUS,20170530,0.043,0.043,0.041,0.041,3963156
MVA,20170530,20.6,20.6,20.6,20.6,263
MVB,20170530,26.91,27.17,26.91,27.16,5240
MVE,20170530,25.27,25.44,25.27,25.44,873
MVF,20170530,1.835,1.855,1.83,1.85,440218
MVP,20170530,4.66,4.7,4.65,4.7,12802
MVR,20170530,20.63,20.7,20.63,20.7,2461
MVS,20170530,17.89,17.89,17.74,17.79,1893
MVW,20170530,26.08,26.09,25.96,26.08,22466
MWR,20170530,0.495,0.495,0.45,0.45,22609
MX1,20170530,0.43,0.435,0.415,0.415,218061
MXC,20170530,0.045,0.046,0.042,0.042,12896348
MXI,20170530,0.685,0.71,0.685,0.71,51599
MYE,20170530,0.3,0.3,0.3,0.3,19249
MYO,20170530,3.49,3.51,3.45,3.51,779669
MYR,20170530,0.845,0.852,0.82,0.845,6138753
MYS,20170530,4.65,4.66,4.56,4.6,62753
MYX,20170530,1.1,1.105,1.062,1.105,4713773
MZI,20170530,0.205,0.205,0.2,0.2,53509
MZM,20170530,0.135,0.135,0.13,0.135,150647
MZN,20170530,0.01,0.011,0.009,0.01,4044384
MZZ,20170530,0.205,0.205,0.205,0.205,27870
NAB,20170530,29.26,29.77,29.22,29.73,5449874
NAE,20170530,0.012,0.012,0.012,0.012,31607
NAG,20170530,0.049,0.052,0.049,0.049,188925
NAM,20170530,0.4,0.4,0.4,0.4,5000
NAN,20170530,2.83,2.83,2.78,2.8,1410169
NBL,20170530,1.6,1.6,1.58,1.6,105387
NCC,20170530,1.33,1.33,1.33,1.33,30916
NCK,20170530,6.08,6.42,6.05,6.4,240070
NCM,20170530,20.85,21.22,20.79,21.17,1586203
NCR,20170530,0.005,0.005,0.005,0.005,643803
NDQ,20170530,13.53,13.55,13.52,13.53,12438
NEA,20170530,0.52,0.52,0.5,0.5,179648
NEC,20170530,1.23,1.232,1.2,1.22,854526
NEU,20170530,0.06,0.063,0.058,0.058,242965
NGE,20170530,0.41,0.415,0.41,0.415,16063
NGY,20170530,0.032,0.034,0.032,0.034,100000
NHC,20170530,1.825,1.825,1.78,1.82,33523
NHF,20170530,5.3,5.3,5.05,5.14,3961096
NHL,20170530,0.025,0.025,0.025,0.025,7500
NML,20170530,0.032,0.032,0.031,0.032,314015
NMS,20170530,0.93,0.93,0.93,0.93,3204
NMT,20170530,0.265,0.265,0.25,0.265,683789
NNW,20170530,0.081,0.082,0.081,0.081,261474
NOR,20170530,0.015,0.015,0.014,0.014,1068091
NOV,20170530,0.135,0.135,0.135,0.135,30000
NOX,20170530,0.385,0.39,0.35,0.35,119185
NRT,20170530,0.045,0.047,0.045,0.046,180526
NSE,20170530,0.004,0.004,0.004,0.004,32850
NSL,20170530,0.027,0.027,0.025,0.026,3062698
NSR,20170530,1.46,1.465,1.44,1.46,1695014
NST,20170530,4.67,4.755,4.65,4.7,2821061
NTC,20170530,1.66,1.835,1.66,1.78,437587
NTI,20170530,0.285,0.295,0.28,0.295,305841
NTU,20170530,0.115,0.12,0.115,0.115,157080
NUF,20170530,9.87,9.9,9.79,9.87,409926
NUH,20170530,0.078,0.08,0.076,0.076,2823949
NVL,20170530,2.28,2.28,2.2,2.28,139932
NVT,20170530,4.4,4.435,4.34,4.42,709068
NWE,20170530,0.003,0.003,0.003,0.003,110000
NWF,20170530,0.4,0.4,0.395,0.395,20000
NWH,20170530,0.58,0.59,0.575,0.59,219654
NWS,20170530,18.41,18.55,18.35,18.42,166544
NWZ,20170530,0.001,0.001,0.001,0.001,1200000
NXT,20170530,4.5,4.53,4.44,4.44,1252103
NZC,20170530,0.19,0.19,0.19,0.19,21557
NZK,20170530,1.25,1.295,1.25,1.27,37070
NZM,20170530,0.75,0.75,0.72,0.74,31969
OBJ,20170530,0.054,0.055,0.054,0.054,405727
OCA,20170530,0.79,0.79,0.79,0.79,4000
OCC,20170530,0.38,0.4,0.38,0.39,56523
OCL,20170530,2.15,2.15,2.15,2.15,6
ODY,20170530,0.065,0.065,0.065,0.065,174000
OEL,20170530,0.031,0.031,0.029,0.03,791564
OEX,20170530,0.006,0.006,0.006,0.006,407774
OFX,20170530,1.6,1.635,1.57,1.6,785131
OGC,20170530,4.56,4.63,4.55,4.55,290893
OGX,20170530,0.05,0.05,0.05,0.05,67089
OIL,20170530,0.1,0.1,0.095,0.1,93000
OKU,20170530,0.205,0.22,0.195,0.22,442342
OLV,20170530,0.032,0.032,0.032,0.032,102567
OMH,20170530,0.135,0.135,0.13,0.13,56000
OML,20170530,4.36,4.4,4.31,4.32,854435
ONE,20170530,3.66,4,3.65,4,4329
ONT,20170530,6.55,6.64,6.5,6.64,7258
OOO,20170530,14.3,14.3,14.24,14.25,2200
OPN,20170530,0.14,0.14,0.14,0.14,28571
OPT,20170530,0.8,0.8,0.755,0.765,71914
ORA,20170530,2.82,2.83,2.795,2.8,2793177
ORE,20170530,3.65,3.75,3.58,3.69,593849
ORG,20170530,8.03,8.035,7.93,7.93,3129490
ORI,20170530,19.66,19.76,19.6,19.67,882756
ORL,20170530,1.15,1.15,1.13,1.13,5452
ORN,20170530,0.022,0.024,0.022,0.024,268703
ORR,20170530,0.41,0.41,0.41,0.41,253413
OSH,20170530,7.2,7.21,7.11,7.15,1923550
OSL,20170530,0.115,0.115,0.115,0.115,117000
OSP,20170530,0.36,0.365,0.36,0.36,817448
OTW,20170530,2.2,2.2,2.2,2.2,1000
OVH,20170530,0.625,0.625,0.605,0.605,158690
OVL,20170530,0.013,0.013,0.013,0.013,767535
OVN,20170530,0.4,0.4,0.4,0.4,10000
OZF,20170530,20.42,20.42,20.4,20.4,4545
OZG,20170530,0.16,0.16,0.16,0.16,141110
OZL,20170530,7.26,7.42,7.24,7.38,1752355
PAA,20170530,0.085,0.086,0.078,0.078,498684
PAC,20170530,5.9,6.1,5.88,6.1,178697
PAF,20170530,1.04,1.04,1.015,1.03,118381
PAI,20170530,1.005,1.01,0.995,1.005,559380
PAK,20170530,0.05,0.05,0.05,0.05,70000
PAN,20170530,0.22,0.22,0.205,0.22,397412
PAR,20170530,0.62,0.62,0.58,0.6,87136
PBP,20170530,0.48,0.48,0.48,0.48,1450
PBT,20170530,0.049,0.049,0.046,0.046,81579
PCL,20170530,0.002,0.002,0.002,0.002,1500000
PDI,20170530,0.089,0.089,0.085,0.085,58000
PDN,20170530,0.058,0.059,0.056,0.057,9048944
PDZ,20170530,0.57,0.58,0.57,0.57,1176293
PEA,20170530,0.735,0.74,0.71,0.73,623517
PEK,20170530,0.068,0.068,0.067,0.067,125000
PEN,20170530,0.36,0.365,0.35,0.36,136534
PEP,20170530,3.15,3.15,3.03,3.07,2965823
PEX,20170530,0.2,0.2,0.2,0.2,3000
PFG,20170530,0.12,0.13,0.12,0.13,368518
PFM,20170530,0.4,0.4,0.4,0.4,11000
PGC,20170530,0.72,0.725,0.715,0.725,128364
PGF,20170530,1.08,1.08,1.075,1.075,329761
PGH,20170530,6.21,6.25,6.18,6.19,513641
PGI,20170530,0.066,0.066,0.066,0.066,50000
PGM,20170530,0.105,0.11,0.105,0.105,464355
PGO,20170530,0.053,0.053,0.053,0.053,140000
PGR,20170530,0.495,0.495,0.47,0.47,43658
PGS,20170530,0.012,0.012,0.012,0.012,75238
PHI,20170530,9.6,9.6,9.6,9.6,205
PHK,20170530,0.17,0.18,0.165,0.165,357805
PIC,20170530,1.025,1.03,1.015,1.02,291501
PIL,20170530,0.01,0.01,0.009,0.009,155555
PIO,20170530,0.018,0.018,0.018,0.018,475146
PL8,20170530,1.09,1.09,1.085,1.09,379915
PLG,20170530,0.845,0.85,0.84,0.845,389765
PLH,20170530,0.24,0.24,0.23,0.235,396647
PLS,20170530,0.41,0.415,0.4,0.41,1769327
PMC,20170530,1.585,1.595,1.57,1.585,158777
PME,20170530,5.31,5.35,5.18,5.2,21759
PMP,20170530,0.71,0.725,0.7,0.72,2071742
PMV,20170530,12.26,12.26,12.11,12.25,355810
PNC,20170530,2.13,2.13,2.09,2.1,83695
PNI,20170530,2.35,2.36,2.35,2.36,24910
PNL,20170530,0.46,0.46,0.435,0.435,122370
PNN,20170530,0.02,0.02,0.015,0.015,9087142
PNR,20170530,0.23,0.23,0.22,0.23,216127
PNV,20170530,0.21,0.22,0.21,0.22,172670
PNX,20170530,0.013,0.013,0.011,0.012,3621913
POH,20170530,0.017,0.018,0.017,0.017,1075618
POP,20170530,0.015,0.015,0.014,0.014,450000
POS,20170530,0.029,0.029,0.028,0.028,855337
POU,20170530,17.03,17.06,17.03,17.05,3884
POZ,20170530,0.03,0.03,0.03,0.03,165267
PPC,20170530,1.24,1.24,1.235,1.235,7824
PPH,20170530,1.51,1.51,1.48,1.48,400
PPL,20170530,0.38,0.385,0.37,0.385,60535
PPS,20170530,0.38,0.385,0.38,0.38,73670
PPT,20170530,52.76,53.31,52.6,53.15,85138
PPY,20170530,0.005,0.005,0.005,0.005,144358
PRG,20170530,1.8,1.815,1.795,1.81,853038
PRL,20170530,0.033,0.036,0.032,0.034,5640638
PRO,20170530,0.46,0.46,0.46,0.46,16266
PRR,20170530,0.031,0.031,0.03,0.03,928991
PRT,20170530,0.31,0.31,0.31,0.31,233282
PRU,20170530,0.295,0.305,0.29,0.3,7476541
PRY,20170530,3.65,3.66,3.58,3.63,1048676
PSA,20170530,0.15,0.15,0.145,0.15,109000
PSC,20170530,0.025,0.025,0.025,0.025,152450
PSI,20170530,2.08,2.08,2.08,2.08,2903
PSM,20170530,0.024,0.024,0.022,0.022,75000
PSQ,20170530,1.89,1.91,1.8,1.91,257761
PSY,20170530,0.046,0.046,0.043,0.043,246300
PSZ,20170530,0.27,0.275,0.27,0.27,15130
PTL,20170530,0.62,0.62,0.62,0.62,2559
PTM,20170530,4.36,4.42,4.34,4.41,739564
PTX,20170530,0.059,0.059,0.056,0.056,986966
PVD,20170530,0.036,0.037,0.036,0.037,139579
PWH,20170530,2.16,2.21,2.16,2.21,43175
PWN,20170530,0.012,0.013,0.012,0.013,527532
PXS,20170530,0.27,0.27,0.26,0.26,104688
PYC,20170530,0.042,0.042,0.042,0.042,443369
PZC,20170530,0.003,0.003,0.003,0.003,4125000
QAG,20170530,7,7,7,7,100
QAN,20170530,5,5.03,4.945,4.98,12777669
QAU,20170530,13.39,13.39,13.25,13.26,31927
QBE,20170530,12.97,13.1,12.955,13.06,2202818
QBL,20170530,0.016,0.016,0.015,0.015,6679697
QFN,20170530,11.33,11.35,11.32,11.32,15583
QFY,20170530,0.076,0.078,0.075,0.077,613329
QHL,20170530,0.1,0.105,0.1,0.105,223089
QIP,20170530,1.165,1.33,1.165,1.25,315804
QMIX,20170530,17.27,17.27,17.27,17.27,60
QMS,20170530,1.115,1.12,1.115,1.115,54084
QOZ,20170530,12.96,13,12.9,13,51521
QRE,20170530,4.63,4.64,4.63,4.64,1730
QUAL,20170530,21.64,21.73,21.64,21.64,33661
QUB,20170530,2.64,2.655,2.6,2.64,1931743
QUR,20170530,0.011,0.011,0.011,0.011,485837
QUS,20170530,31.41,31.45,31.38,31.43,5201
QVE,20170530,1.305,1.31,1.28,1.28,236996
RAN,20170530,0.395,0.43,0.385,0.43,408840
RAP,20170530,0.325,0.335,0.32,0.335,1082359
RARI,20170530,24.87,24.87,24.87,24.87,103
RBL,20170530,0.84,0.85,0.82,0.85,23513
RBO,20170530,0.076,0.076,0.073,0.073,216562
RBX,20170530,0.069,0.069,0.069,0.069,9335
RCB,20170530,20.54,20.55,20.5,20.54,43848
RCE,20170530,0.215,0.215,0.2,0.2,105495
RCG,20170530,0.605,0.62,0.58,0.605,2740800
RCP,20170530,0.002,0.002,0.002,0.002,1000000
RCR,20170530,3.43,3.43,3.39,3.4,115200
RCT,20170530,3.25,3.25,3.25,3.25,2000
RDF,20170530,0.45,0.45,0.45,0.45,50000
RDG,20170530,0.019,0.019,0.019,0.019,54546
RDH,20170530,1.12,1.15,1.12,1.15,8993
RDM,20170530,0.145,0.145,0.145,0.145,53789
RDV,20170530,29.88,30.04,29.83,30.04,6558
REA,20170530,64.29,64.72,63.685,64.24,165918
RED,20170530,0.041,0.041,0.037,0.038,975020
REF,20170530,0.086,0.086,0.085,0.085,318843
REG,20170530,4.23,4.23,4.16,4.21,316876
REH,20170530,40.7,41,40.7,40.71,1525
RES,20170530,0.06,0.06,0.06,0.06,50000
REV,20170530,0.04,0.04,0.04,0.04,65000
RFF,20170530,1.82,1.84,1.805,1.805,147183
RFG,20170530,5.27,5.27,5.13,5.13,557883
RFN,20170530,0.01,0.011,0.01,0.01,117883
RFX,20170530,0.185,0.19,0.185,0.185,51524
RGB,20170530,21.41,21.41,21.41,21.41,6579
RGI,20170530,0.29,0.29,0.29,0.29,6344
RHC,20170530,69,69.23,68.18,68.52,484016
RHL,20170530,3.11,3.16,3.1,3.13,70898
RHP,20170530,0.355,0.355,0.35,0.355,120000
RHS,20170530,0.155,0.155,0.145,0.155,65418
RIC,20170530,1.46,1.465,1.45,1.45,108692
RIM,20170530,0.022,0.022,0.022,0.022,140000
RIO,20170530,62.42,63.5,62.42,63.27,1191984
RIR,20170530,0.021,0.022,0.019,0.02,2251136
RKN,20170530,1.73,1.78,1.725,1.735,24289
RLC,20170530,0.019,0.019,0.018,0.019,213332
RLE,20170530,0.1,0.1,0.099,0.1,375262
RMD,20170530,9.45,9.45,9.39,9.41,805944
RMI,20170530,0.008,0.008,0.008,0.008,100000
RMP,20170530,0.02,0.02,0.02,0.02,1000000
RMS,20170530,0.405,0.42,0.405,0.415,1343536
RMX,20170530,0.029,0.03,0.028,0.029,1238840
RNE,20170530,0.012,0.012,0.011,0.012,395108
RNL,20170530,0.005,0.005,0.005,0.005,3000000
RNO,20170530,0.24,0.24,0.22,0.225,38160
RNT,20170530,0.09,0.09,0.09,0.09,67920
RNU,20170530,0.019,0.019,0.019,0.019,372510
RNY,20170530,0.026,0.026,0.026,0.026,220000
ROG,20170530,0.006,0.006,0.006,0.006,262170
RRL,20170530,3.19,3.285,3.18,3.27,4362227
RSG,20170530,1.12,1.175,1.11,1.17,7107046
RSH,20170530,0.057,0.062,0.051,0.051,1996720
RSM,20170530,20.74,20.77,20.74,20.77,6116
RUB,20170530,0.05,0.05,0.049,0.05,323715
RUL,20170530,0.6,0.6,0.585,0.585,7000
RVL,20170530,29.95,29.95,29.95,29.95,150
RVR,20170530,0.195,0.2,0.195,0.195,615402
RVY,20170530,0.029,0.029,0.028,0.028,268000
RWC,20170530,3.33,3.33,3.26,3.27,1283947
RXL,20170530,0.014,0.014,0.014,0.014,772929
RXM,20170530,0.056,0.056,0.053,0.053,96242
RXP,20170530,0.795,0.795,0.785,0.79,37850
RYD,20170530,1.06,1.06,1.04,1.04,173593
S2R,20170530,0.18,0.18,0.175,0.175,438408
S32,20170530,2.71,2.72,2.68,2.71,6001038
SAR,20170530,1.03,1.04,1.01,1.035,7184309
SAS,20170530,0.225,0.23,0.22,0.225,1420207
SAU,20170530,0.26,0.27,0.25,0.27,411044
SBM,20170530,2.78,2.91,2.77,2.9,3042926
SBR,20170530,0.011,0.011,0.01,0.01,1200000
SBU,20170530,0.003,0.003,0.003,0.003,3350000
SCG,20170530,4.19,4.215,4.15,4.2,6479281
SCO,20170530,2.33,2.37,2.265,2.3,139901
SCP,20170530,2.31,2.32,2.27,2.3,1143039
SCU,20170530,0.115,0.115,0.11,0.11,270213
SDA,20170530,3.92,3.99,3.88,3.96,410022
SDF,20170530,2.71,2.725,2.7,2.71,2653826
SDG,20170530,1.715,1.74,1.715,1.715,53979
SDI,20170530,0.57,0.585,0.57,0.585,81334
SDL,20170530,0.004,0.004,0.003,0.003,1484712
SDV,20170530,0.011,0.011,0.011,0.011,380659
SE1,20170530,0.35,0.35,0.32,0.32,232830
SEA,20170530,0.069,0.069,0.066,0.067,4660555
SEG,20170530,0.032,0.032,0.032,0.032,13433
SEH,20170530,0.088,0.09,0.087,0.087,3923609
SEK,20170530,17.33,17.425,17.15,17.17,922508
SEN,20170530,0.092,0.093,0.092,0.093,252623
SER,20170530,0.01,0.01,0.01,0.01,40000
SES,20170530,0.09,0.09,0.085,0.085,89000
SFG,20170530,0.07,0.07,0.067,0.067,186611
SFH,20170530,0.405,0.42,0.405,0.415,46855
SFI,20170530,0.091,0.092,0.09,0.09,969893
SFR,20170530,6.01,6.175,5.97,6.16,662769
SFX,20170530,0.555,0.565,0.55,0.56,125617
SFY,20170530,54,54.07,53.8,54.07,5874
SGF,20170530,3.68,3.7,3.38,3.45,89623
SGH,20170530,0.094,0.095,0.092,0.095,681728
SGM,20170530,13.6,13.65,13.2,13.35,1067162
SGP,20170530,4.68,4.71,4.62,4.64,4325107
SGQ,20170530,0.125,0.135,0.125,0.135,259740
SGR,20170530,5.2,5.22,5.14,5.17,1177238
SHJ,20170530,0.52,0.52,0.505,0.505,193536
SHL,20170530,22.75,22.79,22.6,22.71,442756
SHM,20170530,1.145,1.145,1.11,1.11,37466
SHO,20170530,0.041,0.041,0.041,0.041,130000
SHV,20170530,4.1,4.18,4.06,4.07,764971
SIE,20170530,0.068,0.068,0.068,0.068,10000
SIG,20170530,0.81,0.84,0.79,0.805,11410799
SIO,20170530,0.315,0.315,0.315,0.315,35604
SIQ,20170530,6.84,6.9,6.71,6.77,128477
SIT,20170530,0.06,0.06,0.06,0.06,15000
SIV,20170530,7.18,7.215,7.12,7.16,46530
SKB,20170530,0.625,0.625,0.625,0.625,59465
SKC,20170530,4.21,4.26,4.19,4.2,1143874
SKI,20170530,2.68,2.69,2.65,2.68,5069461
SKT,20170530,3.36,3.435,3.36,3.39,455802
SLC,20170530,2.54,2.57,2.52,2.54,589028
SLF,20170530,12.93,12.93,12.81,12.87,42375
SLK,20170530,4.02,4.06,3.99,4.06,68305
SLM,20170530,0.41,0.42,0.41,0.42,6848
SLR,20170530,0.46,0.467,0.455,0.46,1752685
SLX,20170530,0.415,0.415,0.395,0.395,69383
SM1,20170530,3.8,3.9,3.8,3.9,40057
SM8,20170530,0.097,0.097,0.097,0.097,2941
SMA,20170530,0.009,0.009,0.008,0.009,2887500
SMD,20170530,0.018,0.018,0.017,0.017,1239561
SMI,20170530,0.029,0.03,0.029,0.03,205000
SMN,20170530,1.215,1.215,1.15,1.195,55668
SMP,20170530,0.18,0.18,0.18,0.18,1658111
SMR,20170530,0.35,0.36,0.35,0.36,253072
SMX,20170530,1.775,1.785,1.77,1.77,238027
SNC,20170530,0.945,0.945,0.94,0.94,13399
SND,20170530,0.53,0.53,0.51,0.51,22000
SNL,20170530,2.3,2.3,2.3,2.3,2000
SO4,20170530,0.45,0.45,0.44,0.44,266834
SOL,20170530,17.89,18.05,17.77,17.77,146795
SOR,20170530,0.063,0.063,0.059,0.059,130779
SP1,20170530,0.011,0.011,0.007,0.007,504185
SPI,20170530,0.15,0.15,0.15,0.15,128650
SPK,20170530,3.57,3.6,3.56,3.57,1067999
SPL,20170530,0.66,0.675,0.655,0.67,121202
SPO,20170530,1.125,1.125,1.117,1.12,12841775
SPY,20170530,325.19,325.19,325.19,325.19,24
SPZ,20170530,0.235,0.24,0.235,0.24,30791
SRG,20170530,1.27,1.27,1.255,1.255,10307
SRH,20170530,0.1,0.1,0.1,0.1,18000
SRI,20170530,0.014,0.014,0.014,0.014,363598
SRN,20170530,0.001,0.001,0.001,0.001,5000000
SRO,20170530,0.006,0.007,0.006,0.007,2912915
SRS,20170530,0.026,0.026,0.026,0.026,6358
SRV,20170530,5.77,5.86,5.77,5.77,263547
SRX,20170530,11.92,12.06,11.85,11.94,543140
SRZ,20170530,0.023,0.023,0.019,0.019,3303105
SSG,20170530,0.65,0.655,0.61,0.655,75300
SSM,20170530,1.385,1.39,1.345,1.37,413553
SSO,20170530,12.59,12.59,12.59,12.59,1117
ST1,20170530,0.135,0.135,0.135,0.135,90010
STA,20170530,0.007,0.007,0.006,0.006,5010507
STL,20170530,0.026,0.026,0.026,0.026,169960
STO,20170530,3.44,3.44,3.39,3.42,6897977
STW,20170530,53.97,54.08,53.63,54.07,181787
STX,20170530,0.078,0.079,0.078,0.078,271463
SUD,20170530,0.018,0.018,0.018,0.018,330691
SUL,20170530,7.44,7.61,7.33,7.6,1623716
SUM,20170530,0.009,0.01,0.009,0.01,540000
SUN,20170530,13.8,14.02,13.79,13.97,3496604
SVA,20170530,0.038,0.038,0.037,0.037,166667
SVL,20170530,0.135,0.14,0.135,0.14,134715
SVM,20170530,0.135,0.14,0.12,0.135,310411
SVW,20170530,11.08,11.12,11.03,11.06,273417
SVY,20170530,0.11,0.11,0.11,0.11,8000
SWJ,20170530,0.027,0.027,0.027,0.027,2094615
SWK,20170530,0.26,0.26,0.245,0.25,58587
SWM,20170530,0.69,0.69,0.675,0.685,2560899
SXA,20170530,0.031,0.031,0.031,0.031,17487
SXE,20170530,0.55,0.55,0.535,0.55,58400
SXL,20170530,1.12,1.125,1.1,1.11,10726114
SXX,20170530,0.007,0.007,0.007,0.007,433764
SXY,20170530,0.295,0.3,0.295,0.295,1693536
SYA,20170530,0.017,0.017,0.017,0.017,550080
SYD,20170530,7.45,7.46,7.345,7.46,3627194
SYI,20170530,29,29.18,28.95,29.15,320814
SYR,20170530,2.6,2.66,2.57,2.66,679540
SYS,20170530,0.001,0.001,0.001,0.001,120000
SYT,20170530,0.03,0.03,0.028,0.03,3555155
T3D,20170530,0.007,0.007,0.007,0.007,72252
TAH,20170530,4.62,4.62,4.57,4.61,1205241
TAM,20170530,0.056,0.056,0.056,0.056,13484
TAP,20170530,0.067,0.067,0.067,0.067,62175
TAR,20170530,0.055,0.055,0.055,0.055,64020
TAS,20170530,0.19,0.195,0.19,0.195,302209
TAW,20170530,0.24,0.24,0.23,0.24,911614
TB8,20170530,0.145,0.145,0.145,0.145,70000
TBH,20170530,0.19,0.19,0.185,0.185,327758
TCH,20170530,1.555,1.565,1.53,1.55,55689
TCL,20170530,12.39,12.4,12.28,12.33,3303005
TCN,20170530,0.055,0.055,0.055,0.055,147881
TDL,20170530,0.16,0.16,0.16,0.16,6514
TEG,20170530,0.043,0.043,0.043,0.043,14404
TEK,20170530,0.22,0.22,0.215,0.215,25000
TEN,20170530,0.2,0.2,0.19,0.19,960223
TER,20170530,0.032,0.033,0.03,0.03,4195868
TFG,20170530,0.18,0.18,0.18,0.18,18000
TFL,20170530,0.2,0.205,0.185,0.205,22627
TGA,20170530,1.175,1.225,1.17,1.2,349990
TGG,20170530,1.37,1.375,1.36,1.365,432863
TGH,20170530,1,1,0.99,1,249089
TGP,20170530,0.935,0.97,0.935,0.945,16271
TGR,20170530,4.35,4.39,4.32,4.37,493018
TGZ,20170530,3.15,3.15,3.13,3.15,15343
THC,20170530,0.305,0.315,0.28,0.305,330399
THD,20170530,0.014,0.015,0.013,0.014,7124156
THR,20170530,0.017,0.017,0.017,0.017,81665
THX,20170530,0.049,0.049,0.049,0.049,30000
TIA,20170530,0.82,0.82,0.82,0.82,10512
TIL,20170530,2.09,2.09,2.09,2.09,12500
TKF,20170530,0.045,0.046,0.045,0.045,592106
TKM,20170530,0.031,0.031,0.03,0.03,164450
TLM,20170530,0.25,0.25,0.25,0.25,4686
TLS,20170530,4.43,4.445,4.38,4.41,18240170
TME,20170530,5.02,5.06,4.99,5.02,588400
TMP,20170530,0.325,0.34,0.325,0.34,102035
TMT,20170530,0.2,0.2,0.2,0.2,220719
TND,20170530,0.044,0.044,0.044,0.044,21814
TNE,20170530,5.63,5.675,5.58,5.63,930763
TNG,20170530,0.135,0.14,0.13,0.13,113388
TNK,20170530,2.09,2.15,2.07,2.14,10352
TNR,20170530,0.09,0.09,0.09,0.09,5000
TNT,20170530,0.08,0.08,0.08,0.08,104051
TOM,20170530,0.025,0.025,0.025,0.025,312
TON,20170530,0.057,0.058,0.056,0.056,779936
TOP,20170530,0.705,0.705,0.7,0.7,64122
TOU,20170530,0.11,0.11,0.11,0.11,31746
TOX,20170530,2.29,2.34,2.26,2.27,347609
TPC,20170530,0.7,0.75,0.7,0.75,6547
TPE,20170530,1.99,1.99,1.95,1.95,14887
TPM,20170530,5.97,6,5.9,5.93,1133221
TPP,20170530,0.19,0.19,0.19,0.19,4000
TPW,20170530,0.155,0.155,0.155,0.155,20000
TRS,20170530,3.4,3.7,3.35,3.7,242831
TRT,20170530,0.145,0.15,0.14,0.15,40929
TRY,20170530,0.081,0.084,0.076,0.08,2811738
TSN,20170530,0.011,0.011,0.011,0.011,2150000
TTI,20170530,0.036,0.04,0.036,0.04,820946
TTL,20170530,0.025,0.027,0.024,0.027,726163
TTS,20170530,4.25,4.265,4.22,4.23,1451969
TTW,20170530,0.035,0.035,0.035,0.035,49843
TUP,20170530,0.06,0.06,0.06,0.06,12000
TV2,20170530,0.008,0.009,0.008,0.009,6563717
TWD,20170530,3.84,3.85,3.84,3.85,5600
TWE,20170530,12.97,13.03,12.935,12.99,805664
TWR,20170530,1.1,1.145,1.1,1.1,25854
TYK,20170530,0.006,0.006,0.006,0.006,87800
TYX,20170530,0.025,0.025,0.025,0.025,35000
TZL,20170530,0.035,0.037,0.035,0.037,66700
TZN,20170530,0.185,0.185,0.185,0.185,10000
UBA,20170530,19.43,19.43,19.43,19.43,1000
UBE,20170530,21.46,21.5,21.45,21.45,2695
UBI,20170530,0.41,0.41,0.41,0.41,7875
UBJ,20170530,21.86,21.9,21.86,21.9,519
UBN,20170530,0.07,0.07,0.06,0.06,406000
UBP,20170530,22.45,22.47,22.45,22.47,422
UBW,20170530,23.3,23.31,23.3,23.31,1177
UCM,20170530,0.185,0.185,0.185,0.185,12500
UCW,20170530,0.04,0.04,0.04,0.04,1193390
UEQ,20170530,0.007,0.007,0.007,0.007,718130
UIL,20170530,0.032,0.032,0.032,0.032,40000
UMAX,20170530,18.3,18.3,18.24,18.28,11761
UNV,20170530,0.14,0.14,0.14,0.14,147500
UOS,20170530,0.61,0.61,0.59,0.6,111956
UPD,20170530,0.74,0.75,0.74,0.74,20834
URB,20170530,1.08,1.08,1.065,1.065,105000
URF,20170530,1.98,2.02,1.98,2.02,31657
URI,20170530,1.85,1.85,1.85,1.85,18
USA,20170530,0.009,0.009,0.009,0.009,500000
USD,20170530,13.09,13.13,13.09,13.1,71917
USF,20170530,2.39,2.4,2.26,2.4,9522
USG,20170530,2.26,2.26,2.26,2.26,10620
UTR,20170530,0.022,0.022,0.022,0.022,100000
VAE,20170530,61.4,61.92,61.16,61.2,5489
VAF,20170530,49.39,49.42,49.34,49.4,33906
VAH,20170530,0.175,0.175,0.17,0.17,506111
VAN,20170530,0.068,0.07,0.068,0.07,656264
VAP,20170530,80.7,80.91,80,80,19126
VAS,20170530,72.96,73.12,72.51,73.05,54585
VCF,20170530,50.39,50.39,50.23,50.29,10573
VCX,20170530,2.78,2.78,2.75,2.75,5629656
VEC,20170530,0.005,0.005,0.005,0.005,2210044
VEE,20170530,0.625,0.625,0.625,0.625,10000
VEQ,20170530,54.2,54.2,53.93,54.1,4848
VEU,20170530,68.1,68.1,67.64,67.66,21879
VGAD,20170530,62,62.11,61.95,62.09,17569
VGB,20170530,49.74,49.86,49.74,49.8,5726
VGE,20170530,62.97,62.98,61.84,61.84,9043
VGS,20170530,63.69,63.74,63.52,63.52,22541
VHT,20170530,0.36,0.37,0.335,0.355,112066
VHY,20170530,61.09,61.3,60.68,61.26,19671
VIF,20170530,49.58,49.59,49.58,49.59,9109
VIV,20170530,0.042,0.044,0.042,0.044,120000
VKA,20170530,0.018,0.018,0.018,0.018,27333
VLA,20170530,1.11,1.14,1.08,1.14,112819
VLC,20170530,60.15,60.31,60.15,60.31,681
VLT,20170530,0.03,0.03,0.03,0.03,570064
VLW,20170530,2.33,2.35,2.31,2.34,110063
VMC,20170530,0.089,0.089,0.089,0.089,1000
VML,20170530,0.011,0.011,0.011,0.011,2367696
VMS,20170530,0.026,0.026,0.025,0.025,252299
VMY,20170530,0.19,0.195,0.19,0.195,61335
VOC,20170530,2.98,3.01,2.93,2.96,3727326
VRC,20170530,0.033,0.034,0.032,0.032,2366843
VRI,20170530,0.026,0.026,0.025,0.025,1101020
VRL,20170530,3.6,3.62,3.53,3.53,85904
VRM,20170530,0.025,0.025,0.025,0.025,400000
VRS,20170530,0.12,0.12,0.115,0.12,638171
VRT,20170530,5.59,5.68,5.53,5.65,259668
VSC,20170530,1.01,1.01,1.01,1.01,12524
VSO,20170530,50.03,50.03,49.51,49.75,3264
VTG,20170530,1.105,1.11,0.98,0.99,3089079
VTI,20170530,0.4,0.4,0.4,0.4,114650
VTS,20170530,166.99,167.5,166.77,166.9,6746
VVR,20170530,2.45,2.45,2.41,2.42,2011169
WAA,20170530,1.11,1.11,1.09,1.09,39181
WAF,20170530,0.275,0.275,0.27,0.275,184414
WAM,20170530,2.3,2.3,2.26,2.26,943850
WAT,20170530,1.7,1.7,1.7,1.7,15909
WAX,20170530,1.415,1.425,1.41,1.42,236696
WBA,20170530,1.375,1.375,1.34,1.365,201999
WBC,20170530,29.92,30.4,29.875,30.33,11874949
WBT,20170530,0.018,0.018,0.018,0.018,470000
WCN,20170530,0.005,0.005,0.004,0.004,4141841
WCP,20170530,0.09,0.09,0.081,0.081,933835
WDE,20170530,0.785,0.79,0.78,0.78,386023
WDIV,20170530,19.13,19.13,19.03,19.05,5737
WEB,20170530,11.99,11.99,11.6,11.82,202178
WEC,20170530,0.03,0.03,0.03,0.03,1000
WEMG,20170530,19.65,19.68,19.65,19.68,1232
WES,20170530,42.5,42.5,41.83,42.22,2161677
WFD,20170530,8.49,8.5,8.42,8.46,3737799
WFE,20170530,0.003,0.003,0.003,0.003,167000
WGF,20170530,1.04,1.045,1.03,1.03,153097
WGL,20170530,0.02,0.02,0.019,0.019,786490
WGX,20170530,1.91,2.02,1.9,2.02,672004
WHA,20170530,0.33,0.345,0.33,0.345,77794
WHC,20170530,2.55,2.61,2.54,2.58,2602770
WHF,20170530,4.47,4.47,4.45,4.45,13718
WIC,20170530,0.94,0.94,0.94,0.94,11644
WKT,20170530,0.064,0.064,0.063,0.063,110000
WLD,20170530,0.19,0.19,0.19,0.19,221704
WLE,20170530,1.105,1.11,1.1,1.1,645759
WLL,20170530,4.25,4.25,4.23,4.24,7100
WMC,20170530,0.24,0.24,0.24,0.24,82000
WMK,20170530,1,1.005,0.98,1.005,147673
WOF,20170530,0.033,0.034,0.033,0.034,214883
WOR,20170530,12.57,12.7,12.53,12.6,668896
WOW,20170530,25.8,25.91,25.68,25.86,1274474
WPG,20170530,0.06,0.061,0.06,0.061,241727
WPL,20170530,32.4,32.5,32.08,32.24,1484552
WPP,20170530,1.175,1.21,1.167,1.205,170081
WRLD,20170530,11.16,11.18,11.16,11.18,11136
WRM,20170530,0.015,0.015,0.014,0.014,6177667
WSA,20170530,2.16,2.25,2.15,2.22,1316311
WSI,20170530,0.017,0.017,0.017,0.017,390400
WTC,20170530,7.22,7.24,7.2,7.22,136371
WTP,20170530,0.685,0.685,0.68,0.68,19333
WWI,20170530,0.023,0.023,0.021,0.021,2284731
WXHG,20170530,20.8,20.99,20.8,20.94,6824
WXOZ,20170530,27.28,27.29,26.3,27.29,5482
XAM,20170530,0.2,0.215,0.2,0.215,33052
XF1,20170530,0.49,0.51,0.47,0.505,207669
XIP,20170530,2.03,2.06,2.03,2.06,5644
XPD,20170530,0.047,0.068,0.047,0.051,11438235
XPE,20170530,0.011,0.011,0.011,0.011,1248188
XRO,20170530,23.19,23.21,22.91,22.99,119145
XST,20170530,0.006,0.006,0.006,0.006,273313
XTD,20170530,0.11,0.11,0.11,0.11,264000
XTE,20170530,0.4,0.4,0.39,0.39,6000
YAL,20170530,0.26,0.26,0.255,0.255,51227
YMAX,20170530,9.01,9.08,9,9.08,99831
YNB,20170530,0.034,0.044,0.034,0.042,54211
YOJ,20170530,0.07,0.07,0.069,0.069,49000
YOW,20170530,0.385,0.385,0.38,0.385,287710
YPB,20170530,0.07,0.07,0.07,0.07,41617
ZEL,20170530,7.23,7.23,7.23,7.23,200
ZGL,20170530,0.125,0.125,0.125,0.125,10000
ZGOL,20170530,17.05,17.08,16.96,16.96,5004
ZIP,20170530,0.024,0.026,0.023,0.024,247235
ZLD,20170530,0.062,0.066,0.057,0.059,8785146
ZML,20170530,0.665,0.685,0.665,0.665,29238
ZNC,20170530,0.1,0.1,0.09,0.09,53404
ZNO,20170530,0.17,0.18,0.17,0.18,211667
ZNT,20170530,0.9,0.9,0.9,0.9,72479
ZOZI,20170530,10.7,10.72,10.7,10.72,5084
ZUSD,20170530,10.27,10.27,10.27,10.27,853
ZYB,20170530,0.005,0.005,0.005,0.005,1587701
ZYUS,20170530,13.03,13.04,13,13,19141
XAF,20170530,5612.9,5634.7,5586.1,5625.4,0
XAO,20170530,5747.7,5763.9,5720.5,5756,0
XAT,20170530,5644.9,5664.3,5617.6,5655.6,0
XDJ,20170530,2193.3,2193.3,2175.6,2186.9,0
XEC,20170530,1197.3,1197.9,1190.6,1195.1,0
XEJ,20170530,9520,9521,9436.6,9456.7,0
XFJ,20170530,6284.1,6351.4,6266.7,6339.5,0
XFL,20170530,5672.2,5693.8,5644.7,5684.3,0
XGD,20170530,4346.9,4404.5,4334,4396.7,0
XHJ,20170530,23035.1,23045.1,22859.8,22900.4,0
XIJ,20170530,863,864.3,857.4,857.8,0
XJO,20170530,5707.1,5726.6,5679.8,5717.9,0
XJR,20170530,3367.7,3389.4,3358.9,3380.2,0
XKO,20170530,5653.5,5671.4,5626.4,5663.1,0
XMD,20170530,6165.6,6178.2,6139.1,6170.2,0
XMJ,20170530,9723,9809.4,9708.8,9775.5,0
XMM,20170530,2898.3,2929.9,2894.7,2919.5,0
XNJ,20170530,5806.3,5808.6,5763.9,5787.8,0
XPJ,20170530,1395.8,1396,1382.2,1387.1,0
XSJ,20170530,9312.6,9316.9,9217.9,9281.9,0
XSO,20170530,2332,2333.3,2320.1,2330.5,0
XTJ,20170530,1550.3,1550.3,1532.2,1540.1,0
XTL,20170530,3223.2,3241.1,3208.5,3235.7,0
XTO,20170530,4739.7,4756.4,4717.1,4749,0
XUJ,20170530,9011,9036.9,8961.9,9014.5,0
XXJ,20170530,7008.9,7084,6989.5,7070.6,0
