1AD,20180221,0.31,0.31,0.31,0.31,15789
1ST,20180221,0.049,0.049,0.047,0.047,318890
3DP,20180221,0.092,0.093,0.088,0.089,1069958
3PL,20180221,1.585,1.61,1.565,1.59,348426
4CE,20180221,0.081,0.086,0.078,0.081,6252621
4DS,20180221,0.09,0.09,0.087,0.087,5726498
5GN,20180221,0.6,0.6,0.585,0.585,84629
88E,20180221,0.03,0.03,0.029,0.03,4649445
8CO,20180221,0.049,0.049,0.047,0.047,146002
8EC,20180221,1,1,0.955,0.955,100501
8IH,20180221,0.205,0.205,0.2,0.2,41069
9SP,20180221,0.048,0.048,0.047,0.047,50814
A2M,20180221,10.08,11.355,10.01,11.3,26134178
A3D,20180221,1,1,0.965,0.99,32562
AAA,20180221,50.13,50.14,50.13,50.13,40920
AAC,20180221,1.15,1.155,1.135,1.135,1093093
AAD,20180221,1.835,1.855,1.83,1.845,1664708
AAJ,20180221,0.031,0.034,0.024,0.024,28864778
AAR,20180221,0.084,0.085,0.079,0.085,174000
AAU,20180221,0.009,0.009,0.009,0.009,11118
AB1,20180221,0.073,0.075,0.072,0.073,9349849
ABA,20180221,5.34,5.39,5.32,5.36,10474
ABC,20180221,6.77,6.8,6.75,6.78,759686
ABP,20180221,3.45,3.5,3.44,3.48,529648
ABR,20180221,0.33,0.33,0.32,0.32,42900
ABT,20180221,0.435,0.435,0.385,0.4,45758
ABU,20180221,0.083,0.088,0.083,0.086,157319
ABV,20180221,0.005,0.005,0.005,0.005,1000000
ABW,20180221,0.57,0.57,0.57,0.57,26072
ABX,20180221,0.115,0.12,0.115,0.12,26300
AC8,20180221,1.51,1.515,1.47,1.485,371434
ACB,20180221,0.035,0.037,0.035,0.036,95102
ACK,20180221,1.53,1.53,1.495,1.515,118229
ACL,20180221,0.01,0.01,0.01,0.01,2874722
ACQ,20180221,1.125,1.15,1.125,1.14,21155
ACR,20180221,0.165,0.165,0.162,0.162,38504
ACW,20180221,0.048,0.048,0.047,0.047,725813
ACX,20180221,7.74,7.75,7.73,7.74,797617
AD1,20180221,0.091,0.094,0.091,0.094,18664
AD8,20180221,2.82,2.89,2.8,2.8,23009
ADA,20180221,2.38,2.46,2.31,2.34,126224
ADH,20180221,2.06,2.16,2.06,2.13,916919
ADJ,20180221,0.024,0.024,0.023,0.023,1159068
ADN,20180221,0.008,0.008,0.008,0.008,645584
ADO,20180221,0.015,0.015,0.015,0.015,865404
ADV,20180221,0.019,0.02,0.018,0.019,7293008
ADX,20180221,0.013,0.013,0.013,0.013,567307
AEB,20180221,0.034,0.036,0.033,0.033,4072624
AEE,20180221,0.022,0.022,0.022,0.022,96000
AEF,20180221,150.26,150.26,148,149,496
AEG,20180221,1.08,1.085,1.07,1.085,99342
AEI,20180221,0.235,0.235,0.235,0.235,68000
AEV,20180221,0.038,0.038,0.036,0.036,84000
AFA,20180221,0.165,0.17,0.165,0.17,30000
AFG,20180221,1.7,1.735,1.7,1.725,2074
AFI,20180221,6.14,6.16,6.11,6.11,222332
AFP,20180221,2.29,2.29,2.24,2.24,405
AFT,20180221,0.001,0.001,0.001,0.001,4485050
AGD,20180221,0.115,0.115,0.11,0.11,67238
AGG,20180221,2.58,2.65,2.58,2.65,5402
AGI,20180221,2.04,2.08,2.04,2.06,41970
AGL,20180221,22.8,22.85,22.44,22.5,2132900
AGO,20180221,0.025,0.026,0.025,0.026,5397622
AGR,20180221,0.27,0.27,0.27,0.27,30000
AGS,20180221,0.135,0.14,0.135,0.135,17300
AGY,20180221,0.315,0.315,0.285,0.29,7340601
AHF,20180221,0.11,0.115,0.11,0.11,291074
AHG,20180221,3.35,3.39,3.34,3.37,439014
AHL,20180221,0.03,0.031,0.03,0.03,161000
AHR,20180221,0.016,0.016,0.016,0.016,30000
AHX,20180221,0.825,0.825,0.825,0.825,5000
AHY,20180221,1.5,1.53,1.495,1.515,849534
AHZ,20180221,0.25,0.255,0.25,0.25,20082
AIA,20180221,6.04,6.06,6,6.02,76986
AIB,20180221,0.44,0.44,0.43,0.43,67520
AIQ,20180221,0.091,0.091,0.091,0.091,338415
AIS,20180221,0.135,0.14,0.135,0.14,128056
AIZ,20180221,2.8,2.8,2.73,2.76,31052
AJD,20180221,2.13,2.13,2.09,2.09,3029
AJJ,20180221,0.075,0.09,0.075,0.09,30000
AJL,20180221,0.35,0.375,0.35,0.37,17537
AJM,20180221,0.37,0.37,0.355,0.36,3097955
AJQ,20180221,0.086,0.086,0.086,0.086,29900
AJX,20180221,0.31,0.32,0.305,0.31,98565
AKM,20180221,0.01,0.011,0.009,0.01,6761832
AKP,20180221,16.71,16.71,15.84,15.84,3799
AL8,20180221,1.085,1.13,1.08,1.13,16000
ALC,20180221,0.043,0.043,0.043,0.043,185894
ALF,20180221,1.03,1.04,1.025,1.03,357752
ALI,20180221,1.72,1.72,1.69,1.72,116590
ALK,20180221,0.285,0.285,0.275,0.28,1595740
ALL,20180221,24.37,24.9,24.305,24.7,2410320
ALQ,20180221,6.92,7.04,6.91,7,1596838
ALR,20180221,1.25,1.25,1.25,1.25,7196
ALU,20180221,18.75,19.78,17.84,18.98,1819519
ALY,20180221,0.022,0.022,0.02,0.021,1099636
AMA,20180221,1.13,1.14,1.12,1.14,392286
AMC,20180221,14.1,14.165,14.02,14.06,2158374
AMD,20180221,0.037,0.037,0.036,0.036,597562
AMG,20180221,0.068,0.068,0.068,0.068,299099
AMH,20180221,0.89,0.91,0.89,0.91,59980
AMI,20180221,0.39,0.39,0.38,0.385,389360
AML,20180221,0.245,0.25,0.245,0.25,273379
AMN,20180221,0.89,0.89,0.89,0.89,18544
AMP,20180221,5.17,5.23,5.165,5.23,9957110
AMT,20180221,0.165,0.165,0.16,0.16,15880
ANG,20180221,0.27,0.275,0.27,0.27,582700
ANL,20180221,0.019,0.019,0.017,0.017,945823
ANN,20180221,24.31,24.8,24.31,24.72,507129
ANR,20180221,1.68,1.68,1.67,1.68,3234
ANW,20180221,0.033,0.033,0.03,0.03,6521583
ANZ,20180221,27.92,28.25,27.86,28.12,3626103
AOF,20180221,2.22,2.24,2.21,2.24,7925
AOG,20180221,2.62,2.65,2.61,2.65,729546
AOH,20180221,0.125,0.13,0.125,0.13,115159
AOP,20180221,0.2,0.2,0.2,0.2,47114
AOU,20180221,0.115,0.115,0.115,0.115,149719
AOW,20180221,0.03,0.03,0.028,0.028,378277
APD,20180221,0.42,0.43,0.415,0.43,247232
APE,20180221,8.4,8.4,8.2,8.4,24847
APG,20180221,0.006,0.006,0.006,0.006,306198
API,20180221,1.475,1.51,1.475,1.505,1160468
APL,20180221,1.275,1.285,1.26,1.285,523686
APO,20180221,4.35,4.5,4.33,4.36,1736027
APT,20180221,7,7.58,7,7.39,1918842
APW,20180221,1.63,1.63,1.63,1.63,534
APX,20180221,9.15,10.86,9.15,10.5,1569403
APZ,20180221,1.005,1.01,1.005,1.005,3197
AQC,20180221,1.12,1.12,1.105,1.11,86313
AQD,20180221,0.019,0.02,0.019,0.02,90304
AQG,20180221,2.2,2.22,2.18,2.18,343411
AQI,20180221,0.125,0.125,0.12,0.12,527457
AQS,20180221,0.04,0.04,0.04,0.04,24500
AQX,20180221,0.042,0.044,0.042,0.044,135002
AQZ,20180221,1.71,1.75,1.71,1.725,34358
ARA,20180221,0.74,0.74,0.74,0.74,100000
ARB,20180221,18.8,19.4,18.37,18.9,123104
ARD,20180221,0.023,0.023,0.023,0.023,369442
ARE,20180221,0.026,0.027,0.026,0.026,5275824
ARF,20180221,2.24,2.25,2.2,2.21,121129
ARG,20180221,8.18,8.19,8.11,8.11,132359
ARL,20180221,1.35,1.38,1.305,1.32,264736
ARO,20180221,0.003,0.003,0.003,0.003,618652
ARS,20180221,0.054,0.055,0.054,0.055,34286
ARU,20180221,0.105,0.11,0.1,0.105,723201
ARV,20180221,0.195,0.195,0.18,0.185,2627196
AS1,20180221,0.2,0.2,0.16,0.16,4662884
ASB,20180221,1.77,1.79,1.735,1.755,70603
ASH,20180221,0.18,0.18,0.18,0.18,100000
ASL,20180221,2.61,2.64,2.6,2.62,425485
ASN,20180221,0.18,0.195,0.18,0.18,1430830
AST,20180221,1.665,1.68,1.64,1.645,3903748
ASX,20180221,56.97,57.89,56.82,57.73,448340
ATC,20180221,0.165,0.165,0.16,0.165,333730
ATL,20180221,1.865,1.87,1.805,1.835,180063
ATS,20180221,0.35,0.365,0.34,0.345,763195
ATU,20180221,0.14,0.14,0.14,0.14,14052
AU1,20180221,0.019,0.019,0.017,0.019,1087922
AU8,20180221,0.39,0.395,0.38,0.38,705596
AUB,20180221,12.605,12.61,12.43,12.43,4337
AUC,20180221,0.056,0.06,0.056,0.058,3571608
AUI,20180221,8.83,8.86,8.83,8.86,7429
AUL,20180221,0.008,0.009,0.008,0.008,2873897
AUQ,20180221,0.026,0.026,0.026,0.026,469000
AUST,20180221,15.73,15.73,15.73,15.73,635
AUZ,20180221,0.12,0.122,0.105,0.105,27871934
AVB,20180221,0.08,0.08,0.076,0.077,3545978
AVD,20180221,0.02,0.02,0.02,0.02,1801575
AVG,20180221,0.53,0.605,0.53,0.595,2453732
AVH,20180221,0.063,0.064,0.061,0.063,595326
AVJ,20180221,0.715,0.73,0.71,0.73,70104
AVL,20180221,0.044,0.045,0.042,0.042,4956952
AVN,20180221,2.1,2.13,2.1,2.11,202296
AVQ,20180221,0.135,0.135,0.13,0.13,495257
AVZ,20180221,0.295,0.31,0.29,0.3,8157572
AWC,20180221,2.29,2.32,2.29,2.3,6934211
AWE,20180221,0.955,0.965,0.955,0.96,2693302
AWN,20180221,0.39,0.395,0.36,0.36,114303
AWY,20180221,0.027,0.027,0.027,0.027,10000
AX1,20180221,0.9,0.905,0.885,0.895,224385
AX8,20180221,0.195,0.2,0.185,0.185,798749
AXE,20180221,0.11,0.11,0.1,0.1,198604
AXI,20180221,0.052,0.052,0.052,0.052,50000
AXL,20180221,1.98,1.995,1.98,1.995,56558
AXP,20180221,0.54,0.555,0.53,0.545,8893
AYR,20180221,0.007,0.007,0.006,0.006,2892763
AYS,20180221,1.55,1.6,1.505,1.51,1386458
AZI,20180221,0.01,0.011,0.01,0.011,446600
AZJ,20180221,4.57,4.635,4.56,4.61,7964492
AZM,20180221,0.03,0.03,0.029,0.03,621340
AZS,20180221,0.34,0.36,0.335,0.35,549799
AZV,20180221,0.065,0.065,0.065,0.065,11643
AZY,20180221,0.019,0.019,0.018,0.018,405630
BAF,20180221,1.19,1.19,1.18,1.18,148186
BAL,20180221,15,16.17,15,15.84,2280753
BAP,20180221,5.57,5.61,5.53,5.57,4516300
BAR,20180221,0.047,0.047,0.044,0.046,540716
BAS,20180221,0.004,0.004,0.004,0.004,12072817
BAT,20180221,0.088,0.088,0.086,0.087,2356623
BBG,20180221,0.98,0.985,0.98,0.98,76965
BBL,20180221,0.515,0.54,0.51,0.51,16631
BBN,20180221,1.62,1.625,1.58,1.61,624492
BBOZ,20180221,15.8,15.8,15.6,15.63,30541
BBUS,20180221,5.08,5.12,5.06,5.12,88455
BBX,20180221,0.215,0.215,0.205,0.205,212682
BC8,20180221,0.36,0.38,0.35,0.38,324384
BCB,20180221,0.018,0.018,0.018,0.018,54447
BCI,20180221,0.16,0.16,0.15,0.155,938819
BCN,20180221,0.017,0.017,0.017,0.017,794117
BCT,20180221,0.064,0.064,0.062,0.062,42295
BD1,20180221,0.01,0.01,0.01,0.01,61833
BDA,20180221,0.46,0.46,0.44,0.44,176217
BDI,20180221,0.001,0.001,0.001,0.001,2815678
BDR,20180221,0.12,0.127,0.115,0.12,9327640
BEAR,20180221,14.32,14.32,14.24,14.26,4717
BEE,20180221,0.2,0.2,0.2,0.2,2500
BEM,20180221,0.195,0.195,0.185,0.185,124600
BEN,20180221,11.08,11.27,10.96,11.22,1479352
BFC,20180221,0.24,0.25,0.235,0.235,301984
BFG,20180221,0.742,0.8,0.742,0.78,1712802
BGA,20180221,7.2,7.5,7.2,7.45,550049
BGS,20180221,0.47,0.515,0.465,0.51,1761964
BGT,20180221,0.2,0.2,0.19,0.19,257671
BHL,20180221,0.305,0.305,0.305,0.305,3500
BHP,20180221,29.77,29.96,29.645,29.81,13017431
BID,20180221,0.017,0.019,0.017,0.018,1070356
BIN,20180221,2.45,2.6,2.45,2.59,519165
BIQ,20180221,0.075,0.08,0.073,0.08,505785
BIS,20180221,0.99,0.99,0.97,0.99,80686
BIT,20180221,0.025,0.025,0.025,0.025,410955
BKI,20180221,1.69,1.695,1.68,1.695,120618
BKL,20180221,157.5,160.31,157.06,159.5,30471
BKT,20180221,0.055,0.056,0.054,0.054,525984
BKW,20180221,14.27,14.7,14.24,14.67,152560
BKY,20180221,0.885,0.895,0.855,0.87,25494
BLA,20180221,13.98,13.98,13.55,13.64,215306
BLD,20180221,7.77,7.93,7.73,7.87,4456013
BLG,20180221,0.335,0.345,0.325,0.335,343703
BLK,20180221,0.044,0.048,0.044,0.046,34828116
BLT,20180221,0.22,0.22,0.215,0.22,132650
BLX,20180221,1.635,1.66,1.6,1.6,54583
BLY,20180221,0.014,0.014,0.013,0.013,2296479
BLZ,20180221,0.067,0.067,0.065,0.065,886168
BMN,20180221,0.044,0.044,0.042,0.042,393000
BNO,20180221,0.365,0.365,0.355,0.365,329288
BOA,20180221,0.2,0.2,0.2,0.2,8000
BOC,20180221,0.2,0.2,0.2,0.2,50000
BOE,20180221,0.047,0.047,0.045,0.046,2429165
BOL,20180221,0.23,0.23,0.195,0.195,2189775
BOND,20180221,25.5,25.55,25.5,25.52,339
BOQ,20180221,12.25,12.43,12.18,12.37,905131
BOT,20180221,0.12,0.12,0.11,0.11,1740420
BPF,20180221,0.145,0.145,0.14,0.145,70800
BPP,20180221,0.019,0.019,0.018,0.018,116658
BPS,20180221,0.48,0.485,0.48,0.485,33080
BPT,20180221,1.355,1.37,1.325,1.33,5145219
BRB,20180221,0.54,0.54,0.53,0.535,122706
BRC,20180221,0.058,0.058,0.057,0.057,266418
BRG,20180221,13.01,13.3,13.01,13.04,197763
BRI,20180221,2.17,2.25,2.17,2.25,1853
BRK,20180221,0.015,0.017,0.015,0.016,43515755
BRL,20180221,0.155,0.16,0.15,0.16,408765
BRN,20180221,0.195,0.2,0.192,0.195,551315
BRU,20180221,0.3,0.3,0.29,0.295,439165
BSA,20180221,0.35,0.37,0.35,0.37,82120
BSE,20180221,0.25,0.25,0.24,0.245,2908362
BSL,20180221,15.85,16.08,15.71,15.98,2662829
BSM,20180221,0.022,0.023,0.022,0.023,3635556
BSR,20180221,0.014,0.014,0.013,0.014,1117787
BST,20180221,0.935,0.935,0.935,0.935,8000
BSX,20180221,0.38,0.38,0.37,0.37,24037
BTH,20180221,0.42,0.43,0.42,0.425,272021
BTI,20180221,0.82,0.82,0.81,0.81,55344
BTT,20180221,10.39,10.7,10.34,10.57,771760
BUB,20180221,0.81,0.815,0.745,0.755,9031489
BUD,20180221,0.19,0.19,0.18,0.18,3654208
BUL,20180221,0.12,0.12,0.115,0.12,284948
BUX,20180221,0.12,0.125,0.12,0.125,78466
BUY,20180221,0.006,0.006,0.006,0.006,1070116
BVS,20180221,1.945,1.995,1.94,1.995,98116
BWF,20180221,0.98,0.98,0.97,0.97,37028
BWP,20180221,2.92,2.95,2.92,2.93,2079440
BWR,20180221,1.305,1.39,1.305,1.39,19801
BWX,20180221,5.88,6.05,4.96,4.96,4407977
BXB,20180221,9.7,9.725,9.55,9.57,2788506
BXN,20180221,0.082,0.087,0.082,0.084,1249090
BYE,20180221,0.3,0.3,0.28,0.28,968618
CAA,20180221,0.155,0.155,0.15,0.15,872961
CAB,20180221,1.8,1.84,1.78,1.82,48321
CAE,20180221,0.044,0.044,0.043,0.043,275000
CAF,20180221,0.545,0.55,0.545,0.55,28700
CAG,20180221,0.25,0.25,0.25,0.25,10000
CAI,20180221,0.042,0.042,0.04,0.041,4258332
CAJ,20180221,0.265,0.272,0.265,0.27,663268
CAM,20180221,0.875,0.885,0.875,0.885,75283
CAN,20180221,3.11,3.11,2.91,2.92,326631
CAP,20180221,0.088,0.09,0.088,0.09,35000
CAR,20180221,14.1,14.41,14.07,14.27,823847
CAS,20180221,0.068,0.068,0.066,0.066,149702
CAT,20180221,1.585,1.65,1.58,1.62,256035
CAV,20180221,0.017,0.017,0.017,0.017,700000
CAY,20180221,0.13,0.13,0.12,0.13,454366
CAZ,20180221,0.041,0.043,0.04,0.042,558405
CBA,20180221,74.28,74.65,73.92,74.33,2210925
CBC,20180221,0.87,0.87,0.87,0.87,10000
CCA,20180221,1.12,1.15,1.1,1.145,276211
CCE,20180221,0.042,0.044,0.042,0.042,3033759
CCL,20180221,8.79,9.07,8.73,8.83,4151229
CCP,20180221,20.53,20.64,20.37,20.58,126163
CCV,20180221,0.38,0.387,0.372,0.38,239221
CCZ,20180221,0.064,0.064,0.061,0.064,1659156
CDA,20180221,2.15,2.19,2.15,2.15,24822
CDD,20180221,1.41,1.42,1.39,1.42,2516148
CDM,20180221,1.32,1.32,1.305,1.305,272712
CDP,20180221,7.38,7.4,7.35,7.36,11447
CDT,20180221,0.029,0.029,0.024,0.025,3509403
CDU,20180221,0.215,0.22,0.21,0.21,85771
CDV,20180221,0.545,0.555,0.525,0.545,581419
CDY,20180221,0.53,0.53,0.51,0.51,15758
CE1,20180221,0.06,0.065,0.06,0.062,752076
CEL,20180221,0.017,0.017,0.016,0.016,90048
CEN,20180221,4.99,4.99,4.99,4.99,200
CETF,20180221,62.5,62.5,62.5,62.5,47
CFE,20180221,0.052,0.053,0.049,0.05,2131475
CFO,20180221,0.235,0.235,0.22,0.23,189963
CG1,20180221,0.555,0.555,0.55,0.55,101000
CGA,20180221,0.405,0.405,0.4,0.4,10000
CGC,20180221,5.81,6.155,5.81,6.06,1357146
CGF,20180221,12.24,12.54,12.24,12.54,1445148
CGL,20180221,6.74,6.85,6.73,6.73,348627
CGM,20180221,0.008,0.009,0.008,0.008,4767823
CGN,20180221,0.018,0.018,0.017,0.017,372110
CGR,20180221,0.45,0.45,0.45,0.45,102635
CGS,20180221,0.93,0.93,0.89,0.9,204986
CHC,20180221,5.74,5.84,5.72,5.84,871225
CHK,20180221,0.011,0.011,0.011,0.011,115000
CHN,20180221,0.175,0.175,0.17,0.17,87028
CHP,20180221,0.013,0.013,0.011,0.011,15293928
CIA,20180221,1.45,1.58,1.44,1.505,300285
CIE,20180221,0.97,0.97,0.96,0.96,30000
CIM,20180221,45.73,46.06,45.57,45.7,454051
CIN,20180221,33.26,33.26,33.26,33.26,270
CIO,20180221,0.027,0.028,0.027,0.027,1773195
CIP,20180221,2.46,2.48,2.44,2.45,144140
CKA,20180221,0.047,0.048,0.047,0.048,443026
CKF,20180221,5.2,5.23,5.12,5.16,221580
CL1,20180221,2.8,2.87,2.795,2.87,135779
CL8,20180221,0.027,0.027,0.027,0.027,149503
CLA,20180221,0.1,0.102,0.096,0.096,5320289
CLH,20180221,1.255,1.265,1.245,1.25,171937
CLL,20180221,0.125,0.15,0.125,0.14,3558300
CLQ,20180221,1.25,1.25,1.2,1.21,1853408
CLV,20180221,0.665,0.67,0.655,0.665,195055
CLW,20180221,3.72,3.73,3.7,3.73,616682
CLX,20180221,1.155,1.155,1.1,1.11,34526
CLZ,20180221,0.005,0.005,0.005,0.005,2760000
CM8,20180221,0.083,0.083,0.081,0.082,155916
CMA,20180221,2.3,2.31,2.29,2.29,103677
CMC,20180221,0.031,0.031,0.031,0.031,8112
CMD,20180221,0.082,0.082,0.082,0.082,6100
CMI,20180221,1.31,1.31,1.305,1.305,8100
CMM,20180221,0.077,0.077,0.077,0.077,97941
CMP,20180221,0.365,0.37,0.365,0.37,30901
CMW,20180221,0.965,0.98,0.965,0.98,4222738
CNI,20180221,1.355,1.355,1.34,1.34,80634
CNJ,20180221,0.038,0.038,0.037,0.038,354222
CNU,20180221,3.65,3.68,3.62,3.64,166097
CNW,20180221,0.017,0.017,0.017,0.017,1383054
COB,20180221,0.655,0.66,0.63,0.64,118578
COE,20180221,0.335,0.34,0.33,0.34,3821081
COG,20180221,0.099,0.1,0.099,0.1,142376
COH,20180221,175.75,180.53,175.13,178.47,187355
COI,20180221,0.24,0.245,0.24,0.24,940504
CP1,20180221,0.28,0.28,0.24,0.25,863259
CPH,20180221,0.86,0.895,0.85,0.875,380249
CPU,20180221,17.81,18.09,17.81,18.01,1777988
CQG,20180221,1.02,1.02,1.02,1.02,49500
CQR,20180221,3.78,3.79,3.76,3.77,853366
CRD,20180221,0.99,1,0.97,1,47446
CRO,20180221,0.068,0.07,0.068,0.07,1091460
CRR,20180221,2.7,2.76,2.7,2.76,38762
CSK,20180221,0.12,0.13,0.12,0.13,9549
CSL,20180221,155.93,157.21,155.84,156.85,703226
CSR,20180221,4.9,5.08,4.9,4.98,2394291
CSS,20180221,0.059,0.059,0.058,0.058,150348
CSV,20180221,0.295,0.305,0.285,0.29,627892
CT1,20180221,0.023,0.023,0.022,0.022,876827
CTD,20180221,23,24.4,22.4,24.31,2044852
CTL,20180221,0.008,0.008,0.008,0.008,723646
CTM,20180221,0.012,0.012,0.012,0.012,3059981
CTP,20180221,0.085,0.085,0.084,0.085,131410
CTX,20180221,33.48,34.09,33.18,33.9,943069
CUL,20180221,0.002,0.002,0.001,0.001,1280000
CUP,20180221,0.57,0.57,0.57,0.57,1191
CUV,20180221,8.55,8.61,8.4,8.59,24982
CVF,20180221,1.15,1.16,1.15,1.16,54975
CVN,20180221,0.14,0.145,0.14,0.14,596171
CVV,20180221,0.069,0.069,0.069,0.069,6913
CVW,20180221,1.52,1.52,1.495,1.495,175901
CWN,20180221,12.53,12.57,12.44,12.5,1425328
CWP,20180221,5.8,5.94,5.76,5.84,95986
CWX,20180221,0.24,0.24,0.23,0.235,56042
CWY,20180221,1.445,1.525,1.445,1.52,14554972
CXM,20180221,0.155,0.155,0.145,0.145,409567
CXO,20180221,0.072,0.073,0.069,0.07,1867892
CXX,20180221,0.115,0.115,0.11,0.115,208582
CYA,20180221,0.94,0.94,0.94,0.94,13116
CYB,20180221,5.37,5.42,5.36,5.38,3478956
CYC,20180221,0.915,0.915,0.91,0.91,2000
CYL,20180221,1.205,1.245,1.2,1.245,23213
CYP,20180221,0.95,0.975,0.91,0.92,181354
CYQ,20180221,0.017,0.019,0.017,0.019,21009
CZI,20180221,0.073,0.073,0.072,0.072,163489
CZL,20180221,0.012,0.012,0.012,0.012,183333
CZN,20180221,0.017,0.017,0.016,0.016,3185294
CZR,20180221,0.02,0.02,0.02,0.02,225769
CZZ,20180221,17,17.28,16.8,17.28,3735
D13,20180221,0.094,0.094,0.086,0.094,688542
D2O,20180221,1.1,1.1,1.09,1.09,20000
DAF,20180221,0.018,0.02,0.018,0.02,150000
DAU,20180221,0.027,0.027,0.027,0.027,142400
DBF,20180221,1.57,1.57,1.53,1.53,885
DCC,20180221,0.26,0.26,0.235,0.24,2937827
DCG,20180221,1.1,1.11,1.02,1.055,152819
DCL,20180221,0.1,0.1,0.099,0.099,6700
DCN,20180221,2.71,2.815,2.68,2.68,232541
DDD,20180221,0.007,0.007,0.006,0.006,288500
DDR,20180221,2.96,2.97,2.88,2.91,19452
DDT,20180221,0.007,0.007,0.007,0.007,1610857
DEG,20180221,0.13,0.13,0.12,0.125,1412539
DEM,20180221,0.24,0.24,0.225,0.225,23104
DFM,20180221,0.86,0.88,0.86,0.86,47179
DHG,20180221,3.1,3.13,3.08,3.1,1137447
DHR,20180221,0.022,0.022,0.021,0.021,2145264
DIV,20180221,20.49,20.49,20.49,20.49,269
DJRE,20180221,18.98,19.04,18.92,18.98,9078
DJW,20180221,3.49,3.49,3.43,3.43,82714
DLC,20180221,0.004,0.005,0.004,0.005,967103
DLX,20180221,7.42,7.515,7.38,7.5,1402044
DM1,20180221,0.039,0.041,0.039,0.041,174883
DME,20180221,0.2,0.2,0.2,0.2,5052
DMG,20180221,0.016,0.016,0.014,0.014,199900
DMI,20180221,0.145,0.145,0.135,0.135,435459
DMP,20180221,42.45,42.93,42.325,42.5,383826
DN8,20180221,0.145,0.145,0.145,0.145,15793
DNA,20180221,0.215,0.215,0.205,0.205,678452
DNK,20180221,0.72,0.72,0.71,0.72,59846
DOW,20180221,6.74,6.88,6.74,6.8,2604779
DRG,20180221,0.185,0.195,0.18,0.195,957446
DRK,20180221,0.018,0.018,0.018,0.018,702665
DRO,20180221,0.25,0.25,0.245,0.245,50466
DRX,20180221,0.021,0.022,0.019,0.02,2096443
DSE,20180221,0.05,0.05,0.049,0.049,85089
DSX,20180221,0.028,0.028,0.028,0.028,250007
DTL,20180221,1.595,1.63,1.58,1.63,294994
DTM,20180221,0.009,0.009,0.009,0.009,580000
DTR,20180221,0.034,0.04,0.032,0.036,2610826
DTZ,20180221,0.145,0.15,0.14,0.14,249147
DUB,20180221,0.47,0.475,0.47,0.47,248456
DUI,20180221,4.11,4.13,4.11,4.13,17321
DWS,20180221,1.495,1.5,1.47,1.47,118608
DXB,20180221,0.13,0.135,0.13,0.13,499173
DXS,20180221,9.33,9.37,9.26,9.37,1680498
DYL,20180221,0.26,0.26,0.255,0.255,37000
E2E,20180221,0.009,0.009,0.009,0.009,4500000
EAI,20180221,1.11,1.12,1.11,1.11,86576
EAR,20180221,0.335,0.35,0.33,0.34,490242
EAS,20180221,1.16,1.16,1.1,1.1,50514
EAX,20180221,0.775,0.78,0.775,0.78,11542
ECG,20180221,0.13,0.13,0.13,0.13,710000
ECX,20180221,3.78,3.81,3.76,3.76,695317
EDC,20180221,1.04,1.04,1.04,1.04,20000
EDE,20180221,0.12,0.122,0.115,0.115,1694972
EEG,20180221,0.02,0.02,0.02,0.02,584509
EEU,20180221,15.23,15.23,15.23,15.23,1300
EGA,20180221,0.27,0.28,0.27,0.275,226106
EGD,20180221,1.87,1.87,1.82,1.84,46250
EGG,20180221,1.04,1.05,1.04,1.04,6812
EGH,20180221,0.305,0.315,0.3,0.3,111903
EGI,20180221,1.14,1.14,1.13,1.13,80000
EGL,20180221,0.076,0.076,0.076,0.076,50000
EGN,20180221,0.51,0.51,0.5,0.5,20279
EHE,20180221,3.16,3.22,3.16,3.2,652113
EHL,20180221,0.27,0.272,0.265,0.265,1881681
EHX,20180221,0.082,0.082,0.08,0.08,272508
ELD,20180221,6.75,7.2,6.74,7.15,489098
ELK,20180221,0.105,0.105,0.097,0.098,566717
ELO,20180221,5.1,5.2,5.02,5.18,11997
ELS,20180221,0.82,0.84,0.82,0.835,109008
ELT,20180221,0.008,0.008,0.008,0.008,605588
ELX,20180221,0.86,0.865,0.86,0.86,41945
EMF,20180221,2.13,2.13,2.13,2.13,825
EMH,20180221,0.495,0.495,0.48,0.49,15522
EML,20180221,1.5,1.54,1.38,1.415,4568849
EMP,20180221,0.003,0.003,0.003,0.003,1310000
EMR,20180221,0.039,0.039,0.039,0.039,107620
EMU,20180221,0.115,0.12,0.11,0.11,87601
EN1,20180221,0.16,0.16,0.16,0.16,100837
ENA,20180221,0.069,0.071,0.069,0.071,120638
ENB,20180221,0.012,0.012,0.012,0.012,290755
ENC,20180221,0.345,0.345,0.33,0.33,195205
ENN,20180221,1.905,1.91,1.875,1.895,203921
ENR,20180221,0.066,0.066,0.065,0.065,113233
ENT,20180221,0.017,0.017,0.017,0.017,93238
EOS,20180221,2.95,2.96,2.91,2.91,45837
EPD,20180221,0.44,0.45,0.435,0.45,90047
EPM,20180221,0.011,0.011,0.01,0.01,4512458
EPW,20180221,1.48,1.53,1.47,1.52,164145
EQE,20180221,0.034,0.034,0.031,0.031,362401
EQT,20180221,20,20,19.54,19.56,827667
ERA,20180221,0.72,0.725,0.695,0.715,38922
ERF,20180221,1.325,1.33,1.325,1.33,22432
ERL,20180221,0.016,0.016,0.016,0.016,50000
ERM,20180221,0.08,0.081,0.08,0.08,225481
ESE,20180221,0.185,0.185,0.175,0.175,19291
ESH,20180221,0.014,0.014,0.014,0.014,1030000
ESI,20180221,0.01,0.01,0.009,0.01,2839522
ETE,20180221,0.022,0.022,0.022,0.022,66878
ETPMAG,20180221,20.21,20.21,19.95,20.1,9730
ETPMPD,20180221,123.69,123.69,123.69,123.69,0
ETPMPM,20180221,125,125,125,125,0
ETPMPT,20180221,120.05,120.2,119.97,119.97,174
EUC,20180221,0.105,0.105,0.099,0.1,2124820
EUR,20180221,0.2,0.21,0.195,0.21,1706801
EVE,20180221,0.012,0.012,0.011,0.011,26231594
EVN,20180221,2.77,2.83,2.765,2.81,10030382
EVS,20180221,0.069,0.069,0.068,0.068,541726
EVT,20180221,13.46,13.88,13.36,13.88,54536
EVZ,20180221,0.025,0.027,0.023,0.023,2100114
EWC,20180221,0.305,0.315,0.285,0.29,303323
EXG,20180221,0.047,0.052,0.046,0.052,1462043
EXL,20180221,1.335,1.345,1.31,1.33,48263
EXP,20180221,0.735,0.74,0.715,0.74,47530
EXR,20180221,0.092,0.097,0.092,0.097,4026
EXU,20180221,0.125,0.125,0.12,0.12,2215838
EZL,20180221,1.07,1.115,1.07,1.115,10299
FAR,20180221,0.08,0.08,0.079,0.08,7624354
FBR,20180221,0.165,0.165,0.16,0.16,748820
FBU,20180221,6.24,6.335,5.995,6.1,2557380
FCC,20180221,1,1,0.97,0.985,104296
FCR,20180221,0.002,0.002,0.002,0.002,57055743
FCT,20180221,0.39,0.4,0.365,0.38,798285
FDM,20180221,0.32,0.335,0.32,0.33,1051498
FDV,20180221,0.685,0.685,0.66,0.675,34597
FDX,20180221,0.15,0.15,0.13,0.15,51160
FEI,20180221,0.155,0.155,0.155,0.155,5825
FEL,20180221,0.047,0.047,0.04,0.042,3188560
FET,20180221,2.7,2.74,2.67,2.69,381375
FFG,20180221,0.072,0.072,0.062,0.063,2928990
FGF,20180221,0.024,0.026,0.024,0.024,9617184
FGG,20180221,1.215,1.22,1.21,1.21,34430
FGO,20180221,0.049,0.051,0.049,0.05,4590192
FGR,20180221,0.125,0.135,0.125,0.13,2698117
FGX,20180221,1.185,1.185,1.17,1.18,156296
FHS,20180221,0.085,0.085,0.082,0.082,257508
FID,20180221,4.77,5,4.77,4.94,29645
FIG,20180221,0.435,0.47,0.435,0.465,507838
FLC,20180221,0.525,0.54,0.52,0.53,311707
FLK,20180221,1.105,1.105,1.1,1.1,39227
FLN,20180221,0.41,0.41,0.395,0.395,63982
FLT,20180221,48.2,50.07,48.2,50.07,372163
FMG,20180221,5.2,5.2,5.07,5.11,25724100
FML,20180221,0.33,0.33,0.325,0.325,4032
FMS,20180221,0.087,0.093,0.086,0.09,115266
FND,20180221,0.24,0.242,0.24,0.24,1783820
FNP,20180221,5.2,5.2,5.1,5.2,54482
FOD,20180221,0.054,0.057,0.054,0.057,236200
FOR,20180221,2.05,2.07,2.04,2.07,9914
FPC,20180221,1.115,1.115,1.11,1.115,36111
FPH,20180221,11.99,12.07,11.95,12.04,148277
FPL,20180221,0.008,0.008,0.008,0.008,1204672
FPP,20180221,1.125,1.13,1.125,1.13,1670
FRI,20180221,1.055,1.055,1.045,1.045,94642
FRM,20180221,0.95,0.965,0.95,0.96,10083
FRN,20180221,0.02,0.02,0.02,0.02,648000
FRX,20180221,0.08,0.08,0.08,0.08,15000
FSA,20180221,1.53,1.53,1.53,1.53,655
FSF,20180221,5.65,5.755,5.58,5.65,48378
FSG,20180221,0.026,0.026,0.026,0.026,150000
FTT,20180221,0.038,0.04,0.038,0.039,261597
FTZ,20180221,0.09,0.105,0.09,0.105,336414
FUN,20180221,0.21,0.24,0.205,0.21,156030
FWD,20180221,2.77,2.77,2.72,2.76,81330
FXJ,20180221,0.67,0.697,0.665,0.695,25947977
FXL,20180221,1.75,1.785,1.72,1.785,1040966
FYA,20180221,0.04,0.04,0.04,0.04,7500
FYI,20180221,0.115,0.12,0.11,0.115,759321
FZO,20180221,0.58,0.59,0.57,0.58,64252
G1A,20180221,1.11,1.2,1.11,1.17,292566
GAP,20180221,0.36,0.36,0.355,0.36,1039492
GAS,20180221,0.315,0.315,0.305,0.315,69868
GBG,20180221,0.024,0.024,0.024,0.024,28921
GBI,20180221,0.16,0.16,0.16,0.16,4685
GBR,20180221,0.26,0.27,0.25,0.25,80473
GBT,20180221,2.43,2.5,2.43,2.5,41883
GC1,20180221,0.975,0.98,0.975,0.98,47440
GCR,20180221,0.018,0.018,0.018,0.018,50326
GCS,20180221,0.86,0.86,0.83,0.85,193738
GCY,20180221,0.46,0.47,0.46,0.465,98494
GDF,20180221,1.135,1.18,1.135,1.18,48852
GDI,20180221,1.23,1.237,1.215,1.23,859101
GDX,20180221,27.87,27.96,27.75,27.86,8634
GEAR,20180221,22.05,22.24,22.05,22.19,22792
GED,20180221,0.046,0.048,0.045,0.048,72411
GEM,20180221,3.25,3.27,3.15,3.17,2098854
GEV,20180221,0.35,0.365,0.345,0.36,84085
GFL,20180221,2.18,2.19,2.18,2.19,4633
GFY,20180221,0.3,0.31,0.295,0.3,73899
GGG,20180221,0.09,0.09,0.087,0.087,303112
GGUS,20180221,16.09,16.15,15.96,15.96,12453
GLL,20180221,0.165,0.165,0.155,0.16,475750
GMA,20180221,2.6,2.675,2.58,2.65,3285209
GMC,20180221,0.012,0.013,0.012,0.012,2414763
GMD,20180221,0.049,0.05,0.046,0.048,2668908
GME,20180221,0.145,0.145,0.145,0.145,26082
GMG,20180221,8.25,8.29,8.19,8.26,3140868
GMN,20180221,0.098,0.098,0.096,0.096,80384
GMR,20180221,0.043,0.043,0.041,0.041,918562
GMV,20180221,0.305,0.315,0.295,0.3,1135784
GMY,20180221,1.42,1.44,1.38,1.38,18753
GNC,20180221,7.58,7.78,7.56,7.76,757703
GNE,20180221,2.15,2.18,2.15,2.18,13387
GNG,20180221,1.415,1.44,1.39,1.39,37876
GNX,20180221,0.29,0.295,0.28,0.28,231154
GO2,20180221,0.125,0.125,0.1,0.115,1219215
GOLD,20180221,159.56,160.08,159.26,159.8,4067
GOO,20180221,0.078,0.078,0.076,0.076,542089
GOR,20180221,0.795,0.805,0.79,0.79,332492
GOVT,20180221,25.39,25.39,25.39,25.39,97
GOW,20180221,3.15,3.15,3.15,3.15,7625
GOZ,20180221,3.13,3.18,3.13,3.16,158536
GPP,20180221,0.016,0.016,0.014,0.014,5299188
GPR,20180221,0.034,0.034,0.027,0.029,2240057
GPT,20180221,4.78,4.79,4.75,4.79,3547426
GPX,20180221,0.33,0.33,0.31,0.32,111721
GRB,20180221,0.088,0.088,0.087,0.088,348300
GRR,20180221,0.205,0.217,0.205,0.215,1545068
GSC,20180221,0.41,0.44,0.41,0.435,6498737
GSL,20180221,0.17,0.18,0.17,0.18,18176
GSW,20180221,0.585,0.66,0.495,0.51,21934836
GTE,20180221,0.015,0.015,0.015,0.015,716777
GTG,20180221,0.015,0.015,0.014,0.014,7619546
GTK,20180221,5.98,5.98,5.85,5.86,46727
GTN,20180221,2.43,2.44,2.35,2.35,14679
GTY,20180221,1.985,2.03,1.985,2.01,337865
GUD,20180221,11.89,12.32,11.81,12.25,135696
GUL,20180221,0.035,0.035,0.034,0.034,37000
GVF,20180221,1.125,1.125,1.11,1.11,84610
GWA,20180221,3.34,3.53,3.33,3.43,2512125
GWR,20180221,0.064,0.064,0.064,0.064,30000
GXL,20180221,5.98,6.17,5.92,6.1,408020
GXY,20180221,3.37,3.41,3.36,3.37,1514309
GZL,20180221,1.975,1.98,1.975,1.98,5000
HACK,20180221,6.06,6.12,6.06,6.1,12808
HAS,20180221,0.315,0.315,0.31,0.315,277862
HAV,20180221,0.245,0.245,0.245,0.245,14285
HCH,20180221,0.03,0.031,0.03,0.031,1397415
HCT,20180221,0.1,0.11,0.1,0.11,272392
HDY,20180221,0.007,0.009,0.007,0.008,43021536
HE8,20180221,0.044,0.046,0.044,0.045,564160
HEG,20180221,0.135,0.14,0.135,0.135,575068
HFR,20180221,0.97,0.975,0.95,0.95,88095
HHY,20180221,0.11,0.11,0.11,0.11,24
HIG,20180221,0.079,0.079,0.076,0.076,899171
HIL,20180221,0.26,0.26,0.23,0.245,616692
HIT,20180221,0.95,0.95,0.89,0.9,73779
HLO,20180221,4.69,4.75,4.65,4.68,6485
HLX,20180221,0.038,0.039,0.038,0.038,422980
HMX,20180221,0.052,0.052,0.052,0.052,3113
HNR,20180221,0.022,0.023,0.022,0.022,772370
HOM,20180221,0.6,0.6,0.59,0.595,292079
HPI,20180221,3.03,3.03,2.98,2.98,53277
HPR,20180221,0.04,0.04,0.04,0.04,217581
HRL,20180221,0.15,0.16,0.15,0.16,409291
HRR,20180221,0.74,0.78,0.74,0.76,20111
HSN,20180221,3.89,3.91,3.83,3.86,131538
HSO,20180221,1.87,1.92,1.865,1.915,3945986
HT1,20180221,1.72,1.765,1.72,1.755,575507
HT8,20180221,0.059,0.06,0.059,0.06,40000
HTA,20180221,0.06,0.06,0.06,0.06,8
HUB,20180221,10.57,10.75,10.44,10.54,84439
HUO,20180221,4.76,4.8,4.68,4.68,247065
HVN,20180221,4.38,4.45,4.37,4.44,1538129
HVST,20180221,16.03,16.05,16.03,16.05,38386
HWK,20180221,0.025,0.028,0.024,0.028,332677
HXG,20180221,0.18,0.185,0.165,0.175,1810775
HZN,20180221,0.105,0.107,0.105,0.105,366378
HZR,20180221,0.44,0.44,0.44,0.44,28000
IAA,20180221,86.9,87.56,86.65,87.2,3483
IAB,20180221,0.45,0.45,0.44,0.44,16112
IAF,20180221,105.41,105.51,105.29,105.51,16093
IAG,20180221,7.75,7.885,7.75,7.86,6936505
IAM,20180221,0.03,0.03,0.028,0.028,5904236
IAU,20180221,1.175,1.175,1.175,1.175,72
IBG,20180221,0.062,0.062,0.061,0.061,2494999
IBK,20180221,59.46,59.9,59.46,59.9,333
IBN,20180221,0.006,0.006,0.006,0.006,238650
IBX,20180221,0.065,0.065,0.065,0.065,10000
ICG,20180221,0.005,0.005,0.005,0.005,150000
ICQ,20180221,0.245,0.25,0.24,0.24,196679
IDR,20180221,2.51,2.53,2.5,2.52,180515
IDT,20180221,0.079,0.079,0.079,0.079,63906
IDX,20180221,2.24,2.24,2.18,2.2,71377
IDZ,20180221,0.21,0.21,0.21,0.21,1605
IEC,20180221,0.015,0.015,0.015,0.015,35000
IEL,20180221,6.98,7.03,6.92,7,146614
IEM,20180221,62.11,62.45,61.8,62.22,19424
IEU,20180221,60.08,60.76,60.08,60.29,13661
IFL,20180221,10.36,10.44,10.3,10.41,1010538
IFM,20180221,0.835,0.845,0.83,0.845,83127
IFN,20180221,0.64,0.65,0.635,0.64,2492953
IGB,20180221,101.64,101.68,101.64,101.68,632
IGE,20180221,0.2,0.2,0.2,0.2,22500
IGL,20180221,2.18,2.2,2.16,2.16,327549
IGO,20180221,4.79,4.86,4.77,4.8,1226237
IHCB,20180221,105.5,105.5,104.7,104.7,5358
IHD,20180221,13.78,13.83,13.76,13.76,22110
IHEB,20180221,106.4,106.48,106.38,106.43,1707
IHHY,20180221,106.55,106.55,106.55,106.55,0
IHK,20180221,32.2,32.2,32.2,32.2,75
IHL,20180221,0.027,0.028,0.027,0.027,940000
IHOO,20180221,112.13,112.53,111.57,112.09,923
IHR,20180221,0.335,0.35,0.31,0.35,521641
IHS,20180221,0.026,0.026,0.026,0.026,49900
IHVV,20180221,346,346.76,344.45,344.45,985
IIL,20180221,0.031,0.031,0.028,0.03,379956
IJH,20180221,239.9,240.75,239.85,240.04,30100
IJP,20180221,77.62,78.02,77.31,77.42,15006
IJR,20180221,97.79,98,97.69,97.9,941
IKO,20180221,95.24,95.24,93.1,93.4,277
ILB,20180221,115.34,115.34,115.15,115.15,2706
ILC,20180221,23.35,23.37,23.32,23.35,24671
ILU,20180221,9.69,9.72,9.565,9.62,1015103
IMA,20180221,0.099,0.099,0.099,0.099,20000
IMC,20180221,0.27,0.29,0.265,0.29,253102
IMD,20180221,1.155,1.19,1.135,1.16,1045917
IMF,20180221,3.15,3.18,3.145,3.18,128408
IMM,20180221,0.023,0.023,0.022,0.022,3958130
IMS,20180221,0.033,0.033,0.031,0.031,1120630
IMU,20180221,0.021,0.021,0.019,0.019,20190737
INA,20180221,2.67,2.77,2.67,2.77,2626323
ING,20180221,3.56,3.6,3.51,3.55,329539
INK,20180221,0.1,0.1,0.094,0.094,82030
INM,20180221,41.04,41.85,40.86,41.05,179660
INV,20180221,0.27,0.27,0.27,0.27,10000
IOD,20180221,0.011,0.011,0.011,0.011,124624
IOF,20180221,4.26,4.26,4.23,4.25,657723
IOO,20180221,118.27,118.91,118.18,118.37,12392
IOT,20180221,0.007,0.008,0.007,0.008,1778113
IOZ,20180221,24.42,24.52,24.38,24.48,42336
IP1,20180221,0.061,0.061,0.058,0.058,21000
IPD,20180221,0.69,0.73,0.69,0.72,166331
IPE,20180221,0.115,0.115,0.115,0.115,44159
IPH,20180221,3.65,3.79,3.64,3.74,2759505
IPL,20180221,3.62,3.69,3.61,3.68,1813730
IPT,20180221,0.018,0.018,0.017,0.017,5433192
IRC,20180221,0.195,0.2,0.19,0.2,1028377
IRD,20180221,0.17,0.17,0.17,0.17,10000
IRE,20180221,11.4,11.72,11.4,11.59,327562
IRI,20180221,3.85,3.87,3.75,3.81,140413
IRU,20180221,193.88,193.88,193.72,193.72,157
ISD,20180221,1.24,1.26,1.235,1.24,804622
ISH,20180221,0.047,0.047,0.047,0.047,124980
ISO,20180221,4.86,4.9,4.86,4.9,7409
ISU,20180221,1.25,1.29,1.24,1.26,110126
ISX,20180221,0.145,0.15,0.145,0.15,26069
ITD,20180221,0.39,0.39,0.38,0.38,53050
ITW,20180221,47.3,47.3,47.3,47.3,58
IVC,20180221,14.2,14.26,13.99,14.1,665668
IVE,20180221,89.78,90.23,89.78,89.8,4897
IVO,20180221,0.011,0.011,0.01,0.01,34965
IVR,20180221,0.018,0.018,0.018,0.018,1047187
IVV,20180221,346.88,348.33,346.5,347.18,8663
IVX,20180221,0.016,0.016,0.014,0.014,2929327
IXI,20180221,129.5,129.5,128,128.68,858
IXJ,20180221,144.61,145.13,144.11,144.6,1912
IXP,20180221,74.99,74.99,73.62,73.62,611
IXU,20180221,0.31,0.315,0.31,0.315,15825
IZZ,20180221,61.36,63,61.36,62.41,2304
JAN,20180221,0.38,0.4,0.38,0.4,30417
JAT,20180221,0.16,0.18,0.13,0.13,25384644
JAY,20180221,0.33,0.33,0.3,0.3,51860
JBH,20180221,27.72,27.74,27.4,27.66,664528
JCS,20180221,0.041,0.042,0.037,0.039,1408179
JDR,20180221,0.028,0.031,0.028,0.03,35001779
JHC,20180221,1.97,2.03,1.955,2.03,226043
JHG,20180221,45.42,45.55,44.925,45.2,440655
JHX,20180221,22.94,23.3,22.9,23.14,813402
JIN,20180221,3.87,3.87,3.83,3.85,60541
JJF,20180221,0.11,0.11,0.11,0.11,5000
JKA,20180221,0.004,0.004,0.004,0.004,1450211
JKL,20180221,0.076,0.076,0.073,0.073,179265
JLG,20180221,1.36,1.36,1.35,1.36,12252
JPR,20180221,0.105,0.105,0.1,0.1,5334
JRV,20180221,0.595,0.595,0.55,0.55,268834
JYC,20180221,1.56,1.56,1.56,1.56,1200
K2F,20180221,0.3,0.325,0.295,0.3,535248
KAI,20180221,0.042,0.042,0.04,0.04,1684860
KAM,20180221,0.195,0.195,0.195,0.195,155776
KAR,20180221,1.205,1.205,1.17,1.175,244552
KAS,20180221,0.016,0.016,0.016,0.016,226500
KAT,20180221,0.77,0.77,0.77,0.77,130
KBC,20180221,0.092,0.092,0.09,0.09,5593
KCN,20180221,0.415,0.425,0.415,0.42,109542
KDR,20180221,1.85,1.9,1.83,1.875,732687
KEY,20180221,0.008,0.009,0.008,0.009,1768079
KFE,20180221,0.115,0.12,0.115,0.115,525395
KGD,20180221,0.024,0.024,0.024,0.024,135744
KGL,20180221,0.36,0.38,0.36,0.38,26508
KGN,20180221,7,7.23,6.95,7.23,286332
KIN,20180221,0.2,0.225,0.2,0.22,3088700
KIS,20180221,0.048,0.048,0.048,0.048,25260
KKT,20180221,0.42,0.42,0.415,0.415,93408
KLA,20180221,21,21,21,21,10500
KLL,20180221,0.39,0.39,0.39,0.39,7885
KMD,20180221,2.16,2.17,2.15,2.17,126699
KME,20180221,0.58,0.58,0.57,0.57,10500
KMT,20180221,0.036,0.036,0.036,0.036,550000
KNL,20180221,0.14,0.14,0.14,0.14,60827
KNM,20180221,0.09,0.09,0.088,0.088,321166
KNO,20180221,0.098,0.098,0.088,0.096,662489
KOV,20180221,2.45,2.45,2.45,2.45,3000
KP2,20180221,0.105,0.105,0.1,0.1,170000
KPG,20180221,1.61,1.61,1.61,1.61,7500
KPO,20180221,0.045,0.045,0.036,0.039,1583655
KPT,20180221,2.29,2.3,2.29,2.3,13194
KRC,20180221,0.041,0.041,0.039,0.039,3518148
KRL,20180221,0.019,0.019,0.016,0.016,225000
KRM,20180221,0.08,0.08,0.079,0.079,323059
KSC,20180221,1.625,1.63,1.625,1.63,5200
KSN,20180221,0.022,0.022,0.02,0.021,1342359
KTE,20180221,0.011,0.011,0.011,0.011,192360
KYK,20180221,0.27,0.275,0.25,0.25,306044
KZA,20180221,0.57,0.63,0.57,0.63,99091
LAA,20180221,0.13,0.13,0.125,0.125,20000
LAU,20180221,0.44,0.44,0.44,0.44,7000
LBT,20180221,0.185,0.185,0.185,0.185,8000
LCA,20180221,0.68,0.68,0.68,0.68,11352
LCD,20180221,0.026,0.026,0.026,0.026,123958
LCK,20180221,0.089,0.09,0.089,0.09,139161
LCM,20180221,0.285,0.285,0.285,0.285,3740
LCT,20180221,0.025,0.026,0.025,0.025,68421
LEG,20180221,0.024,0.024,0.024,0.024,1847642
LEP,20180221,4.83,4.93,4.82,4.87,67442
LFR,20180221,0.096,0.1,0.095,0.1,118446
LGD,20180221,0.225,0.225,0.225,0.225,49598
LGR,20180221,0.041,0.041,0.037,0.037,250017
LHC,20180221,3.65,3.68,3.65,3.67,643275
LHM,20180221,0.029,0.029,0.026,0.026,249000
LI3,20180221,0.12,0.12,0.12,0.12,37278
LIC,20180221,5.12,5.12,4.95,5.1,80210
LIN,20180221,0.022,0.022,0.022,0.022,779096
LIT,20180221,0.18,0.18,0.175,0.175,205087
LKE,20180221,0.145,0.145,0.13,0.135,283588
LKO,20180221,0.002,0.002,0.001,0.001,1505723
LLC,20180221,16.51,17.25,16.51,17,4603390
LMW,20180221,0.61,0.615,0.61,0.615,5250
LNG,20180221,0.485,0.505,0.485,0.485,637098
LNK,20180221,8.65,8.72,8.59,8.69,690418
LNU,20180221,0.125,0.13,0.125,0.125,1957331
LNY,20180221,0.003,0.003,0.003,0.003,300330
LOM,20180221,0.25,0.255,0.245,0.245,472876
LON,20180221,0.038,0.041,0.038,0.038,23561410
LOV,20180221,8.05,8.2,7.83,8.14,255310
LPD,20180221,0.054,0.055,0.052,0.052,5071470
LPE,20180221,0.021,0.021,0.021,0.021,591342
LPI,20180221,0.47,0.475,0.46,0.46,684130
LRS,20180221,0.011,0.012,0.011,0.011,20100813
LSH,20180221,0.135,0.135,0.135,0.135,20899
LSR,20180221,0.028,0.028,0.026,0.026,888232
LSX,20180221,0.35,0.35,0.35,0.35,8449
LTR,20180221,0.038,0.038,0.037,0.037,506424
LVH,20180221,1.05,1.05,0.965,0.97,718257
LVT,20180221,0.47,0.47,0.435,0.435,1273364
LYC,20180221,2.06,2.07,1.975,1.985,4389343
LYL,20180221,5.1,5.28,5.07,5.1,82957
M7T,20180221,0.345,0.35,0.345,0.35,37222
MA1,20180221,0.845,0.85,0.84,0.84,60781
MAG,20180221,0.11,0.11,0.11,0.11,5000
MAH,20180221,0.24,0.24,0.235,0.24,664615
MAI,20180221,0.58,0.62,0.58,0.62,334463
MAR,20180221,0.006,0.006,0.006,0.006,100000
MAT,20180221,0.18,0.18,0.18,0.18,11062
MAU,20180221,0.175,0.175,0.175,0.175,6000
MAY,20180221,0.016,0.016,0.015,0.015,2215170
MBK,20180221,0.019,0.019,0.019,0.019,37152
MBM,20180221,0.3,0.3,0.3,0.3,13700
MCA,20180221,0.067,0.067,0.067,0.067,15671
MCE,20180221,0.64,0.67,0.64,0.67,11123
MCM,20180221,0.665,0.665,0.665,0.665,1213
MCP,20180221,1.28,1.3,1.26,1.3,140468
MCR,20180221,0.362,0.37,0.35,0.35,218194
MCT,20180221,0.039,0.039,0.039,0.039,746130
MCY,20180221,3.05,3.05,3.05,3.05,3650
MDC,20180221,0.77,0.8,0.765,0.795,161591
MDI,20180221,0.022,0.022,0.022,0.022,205017
MDL,20180221,1.125,1.125,1.075,1.1,2100062
MDR,20180221,0.053,0.054,0.053,0.054,341326
MDX,20180221,0.005,0.005,0.005,0.005,800000
MEA,20180221,0.43,0.435,0.42,0.43,126322
MEB,20180221,0.245,0.245,0.235,0.24,249385
MEC,20180221,1.025,1.025,0.995,0.995,249415
MED,20180221,0.005,0.005,0.005,0.005,728625
MEI,20180221,0.042,0.043,0.041,0.042,2907581
MEL,20180221,0.06,0.06,0.06,0.06,19446
MEP,20180221,0.068,0.077,0.068,0.074,77209
MEU,20180221,0.018,0.018,0.016,0.017,2742443
MEZ,20180221,2.64,2.71,2.62,2.69,38314
MFD,20180221,1.155,1.17,1.155,1.165,77692
MFF,20180221,2.32,2.33,2.3,2.3,250962
MFG,20180221,24.57,24.87,24.44,24.65,412204
MGC,20180221,0.845,0.85,0.84,0.845,269673
MGE,20180221,3.02,3.04,3.01,3.03,529369
MGG,20180221,1.54,1.55,1.52,1.52,889521
MGL,20180221,0.034,0.034,0.033,0.033,80005
MGP,20180221,0.26,0.26,0.25,0.25,74289
MGR,20180221,2.11,2.14,2.1,2.12,9062528
MGV,20180221,0.084,0.086,0.083,0.084,855918
MGX,20180221,0.425,0.435,0.42,0.43,560853
MGZ,20180221,0.021,0.021,0.02,0.02,141801
MHG,20180221,3.08,3.08,3.08,3.08,20084
MHJ,20180221,1.07,1.12,1.05,1.095,31792
MIL,20180221,1.4,1.4,1.395,1.395,20000
MIN,20180221,19.12,19.74,18.95,19.49,888592
MIR,20180221,2.63,2.65,2.6,2.64,78483
MJC,20180221,0.023,0.023,0.021,0.021,924588
MJP,20180221,0.04,0.04,0.04,0.04,21500
MLB,20180221,3.23,3.23,2.7,3,3700701
MLD,20180221,1.585,1.595,1.555,1.58,139234
MLM,20180221,0.05,0.05,0.05,0.05,64299
MLS,20180221,0.005,0.005,0.004,0.004,4407010
MLT,20180221,4.6,4.6,4.57,4.58,138018
MLX,20180221,0.9,0.9,0.82,0.85,4506101
MMI,20180221,0.325,0.325,0.31,0.32,639384
MMJ,20180221,0.45,0.46,0.445,0.45,340275
MML,20180221,0.45,0.45,0.415,0.43,408859
MMR,20180221,0.021,0.021,0.021,0.021,261037
MMS,20180221,16.32,16.99,16.32,16.82,131457
MNB,20180221,0.003,0.003,0.003,0.003,500000
MND,20180221,18.32,18.46,18.02,18.1,386845
MNF,20180221,5.45,5.49,5.3,5.36,437199
MNS,20180221,0.395,0.405,0.39,0.4,395641
MNW,20180221,0.041,0.041,0.04,0.04,192756
MNY,20180221,1.84,1.86,1.83,1.86,519244
MOAT,20180221,54.79,54.9,54.67,54.88,548
MOB,20180221,0.076,0.08,0.076,0.08,60000
MOC,20180221,2.47,2.54,2.43,2.54,237106
MOD,20180221,0.053,0.053,0.052,0.052,770029
MOE,20180221,6,6.33,6,6.28,80990
MOX,20180221,0.005,0.005,0.005,0.005,251002
MOY,20180221,0.225,0.23,0.225,0.225,461535
MP1,20180221,3.68,3.87,3.62,3.69,117355
MPL,20180221,3.24,3.26,3.205,3.24,5580000
MPW,20180221,0.2,0.21,0.2,0.21,157919
MQA,20180221,5.52,5.52,5.42,5.47,2262453
MQG,20180221,103,103.34,102.62,102.95,621992
MRC,20180221,0.145,0.145,0.145,0.145,100000
MRD,20180221,0.007,0.008,0.007,0.007,878340
MRG,20180221,0.41,0.42,0.405,0.41,288396
MRL,20180221,0.83,0.925,0.83,0.875,18432
MRM,20180221,0.255,0.26,0.25,0.255,971691
MRN,20180221,1.3,1.315,1.3,1.3,125000
MRP,20180221,0.12,0.12,0.12,0.12,109000
MRQ,20180221,0.008,0.009,0.008,0.008,5656462
MRR,20180221,0.085,0.086,0.085,0.086,158949
MRV,20180221,0.01,0.011,0.01,0.011,1508689
MSB,20180221,1.36,1.42,1.35,1.41,1886277
MSE,20180221,0.017,0.017,0.015,0.015,2040365
MSG,20180221,0.025,0.025,0.025,0.025,50000
MSR,20180221,0.005,0.005,0.005,0.005,4728630
MSV,20180221,0.039,0.04,0.039,0.04,869787
MTB,20180221,0.009,0.009,0.009,0.009,312809
MTC,20180221,0.185,0.2,0.18,0.19,582180
MTH,20180221,0.048,0.05,0.044,0.044,1883045
MTM,20180221,0.27,0.27,0.27,0.27,7115
MTO,20180221,4,4.01,3.87,3.91,727476
MTR,20180221,3.84,3.86,3.84,3.85,2396822
MTS,20180221,3.15,3.24,3.15,3.2,1167261
MUA,20180221,0.42,0.425,0.4,0.4,227969
MUS,20180221,0.028,0.028,0.026,0.026,2225701
MVA,20180221,19.17,19.18,19.14,19.16,5224
MVB,20180221,26.86,26.9,26.86,26.9,4214
MVE,20180221,27.19,27.25,27.19,27.19,756
MVF,20180221,1.335,1.345,1.295,1.3,583416
MVP,20180221,7.42,7.5,7.23,7.4,131811
MVR,20180221,24.1,24.1,24.09,24.09,1670
MVS,20180221,19.38,19.41,19.38,19.38,2637
MVT,20180221,0.175,0.175,0.175,0.175,479126
MVW,20180221,27.34,27.48,27.34,27.42,30475
MWR,20180221,1.025,1.05,1.01,1.05,15488
MWY,20180221,2.5,2.5,2.43,2.43,15623
MXC,20180221,0.11,0.11,0.105,0.105,916492
MXI,20180221,0.74,0.765,0.74,0.74,88762
MXT,20180221,2.07,2.09,2.06,2.06,138385
MYE,20180221,0.855,0.875,0.85,0.87,27971
MYL,20180221,0.06,0.063,0.059,0.059,756329
MYO,20180221,3.27,3.34,3.26,3.32,1260642
MYQ,20180221,0.83,0.83,0.785,0.8,72233
MYR,20180221,0.525,0.53,0.515,0.515,4126745
MYS,20180221,5,5.04,4.97,5.01,21354
MYX,20180221,0.7,0.72,0.69,0.71,3871039
MZI,20180221,0.125,0.13,0.12,0.125,71672
MZM,20180221,0.225,0.225,0.22,0.225,44770
MZN,20180221,0.01,0.01,0.009,0.009,15971287
MZZ,20180221,0.335,0.335,0.335,0.335,5294
N27,20180221,0.435,0.435,0.435,0.435,81200
NAB,20180221,29.45,29.465,29.28,29.38,2984821
NAC,20180221,1.01,1.04,1.01,1.04,5450
NAE,20180221,0.009,0.009,0.009,0.009,415000
NAG,20180221,0.095,0.1,0.095,0.1,329733
NAN,20180221,2.87,2.9,2.865,2.88,416806
NBL,20180221,2.14,2.15,2.14,2.15,4000
NC6,20180221,0.13,0.13,0.12,0.125,128777
NCC,20180221,1.4,1.4,1.38,1.38,18476
NCK,20180221,7.2,7.2,7.06,7.1,81451
NCM,20180221,22.04,22.07,21.92,21.95,2103042
NCR,20180221,0.013,0.038,0.013,0.036,57338709
NCZ,20180221,1.37,1.37,1.315,1.32,2417986
NDQ,20180221,14.92,15.01,14.92,14.97,30766
NEA,20180221,0.84,0.915,0.83,0.9,7759488
NEC,20180221,1.66,1.695,1.657,1.695,2622636
NES,20180221,0.2,0.2,0.2,0.2,7
NET,20180221,0.022,0.022,0.021,0.021,861363
NEU,20180221,2.96,3.01,2.95,2.98,31748
NEW,20180221,1.44,1.44,1.43,1.43,15435
NGE,20180221,0.46,0.46,0.455,0.455,25000
NGI,20180221,3.59,3.59,3.4,3.45,118211
NHC,20180221,2.28,2.28,2.2,2.2,172169
NHF,20180221,6.82,6.98,6.82,6.95,875139
NHL,20180221,0.041,0.041,0.04,0.04,180824
NKP,20180221,0.033,0.033,0.033,0.033,40000
NLI,20180221,0.055,0.056,0.055,0.055,296473
NML,20180221,0.084,0.086,0.083,0.083,747195
NMT,20180221,0.39,0.392,0.385,0.39,233303
NNW,20180221,0.096,0.096,0.088,0.088,173855
NOR,20180221,0.017,0.017,0.017,0.017,350000
NOV,20180221,0.315,0.32,0.315,0.315,16539
NOX,20180221,1.145,1.145,1.1,1.105,55281
NSC,20180221,0.92,0.92,0.915,0.92,310019
NSL,20180221,0.023,0.023,0.021,0.021,1264902
NSR,20180221,1.48,1.495,1.48,1.49,812050
NST,20180221,5.98,6.12,5.98,6.02,1745989
NTC,20180221,1.37,1.4,1.22,1.33,1960171
NTD,20180221,1.24,1.24,1.2,1.205,188256
NTI,20180221,0.17,0.17,0.16,0.165,151562
NTL,20180221,0.013,0.013,0.012,0.012,634535
NTM,20180221,0.052,0.052,0.052,0.052,162500
NTU,20180221,0.08,0.08,0.078,0.078,1979381
NUF,20180221,8.2,8.26,8.165,8.21,803732
NUH,20180221,0.061,0.063,0.058,0.06,4313825
NUS,20180221,0.3,0.3,0.3,0.3,5000
NVA,20180221,0.035,0.035,0.03,0.03,5676008
NVL,20180221,2.88,2.9,2.86,2.9,68619
NVO,20180221,0.024,0.024,0.024,0.024,25000
NVT,20180221,4.92,5.025,4.92,4.99,234448
NVX,20180221,0.7,0.735,0.69,0.7,217358
NWH,20180221,1.58,1.58,1.49,1.545,2673478
NWL,20180221,6.16,6.39,6.16,6.25,103221
NWS,20180221,20.28,20.71,20.28,20.59,137612
NXM,20180221,0.1,0.1,0.1,0.1,74610
NXT,20180221,6.15,6.29,6.085,6.1,1372661
NZC,20180221,0.27,0.3,0.27,0.3,103006
NZM,20180221,0.71,0.72,0.71,0.715,28270
OBJ,20180221,0.036,0.036,0.035,0.036,387537
OCC,20180221,0.315,0.315,0.31,0.31,24935
OCL,20180221,3,3.01,3,3.01,1796
ODM,20180221,0.255,0.26,0.24,0.252,301113
ODY,20180221,0.06,0.06,0.06,0.06,56835
OEC,20180221,0.355,0.37,0.35,0.37,79244
OEL,20180221,0.058,0.058,0.056,0.056,804096
OEX,20180221,0.004,0.004,0.004,0.004,343800
OFX,20180221,1.485,1.5,1.475,1.485,255184
OGA,20180221,0.175,0.175,0.15,0.17,540174
OGC,20180221,3.19,3.2,3.16,3.17,112115
OGX,20180221,0.096,0.115,0.095,0.105,20781111
OIL,20180221,0.084,0.084,0.084,0.084,95000
OKR,20180221,0.405,0.405,0.39,0.39,78482
OKU,20180221,0.405,0.405,0.4,0.4,124895
OLI,20180221,0.245,0.25,0.24,0.24,571567
OMH,20180221,1.3,1.3,1.285,1.285,314481
OML,20180221,4.56,4.7,4.53,4.62,937109
ONE,20180221,1.952,1.965,1.94,1.94,1958
ONT,20180221,6.59,6.59,6.55,6.57,5135
OOK,20180221,0.063,0.063,0.056,0.056,6545596
OOO,20180221,17.15,17.15,16.95,16.95,18850
OPG,20180221,0.45,0.45,0.45,0.45,10000
OPN,20180221,0.1,0.1,0.1,0.1,5000
OPT,20180221,0.525,0.53,0.51,0.53,89082
ORA,20180221,3.34,3.4,3.32,3.4,1770928
ORE,20180221,6.58,6.67,6.57,6.6,1146916
ORG,20180221,9.15,9.36,9.14,9.32,2917247
ORI,20180221,18.93,18.96,18.82,18.9,710190
ORN,20180221,0.046,0.047,0.046,0.047,539475
ORR,20180221,0.22,0.22,0.22,0.22,25000
OSH,20180221,7.55,7.64,7.54,7.58,2697781
OSL,20180221,0.135,0.135,0.13,0.135,235544
OSP,20180221,0.32,0.32,0.3,0.3,88153
OTW,20180221,3,3.05,2.97,3.05,51618
OVH,20180221,0.715,0.725,0.71,0.725,186954
OVL,20180221,0.008,0.008,0.008,0.008,3200639
OVN,20180221,0.465,0.465,0.46,0.46,52879
OVR,20180221,0.012,0.012,0.012,0.012,1476823
OZF,20180221,20.18,20.24,20.18,20.2,3424
OZG,20180221,0.17,0.175,0.17,0.175,93850
OZL,20180221,8.9,9.03,8.83,8.91,1114817
OZR,20180221,9.91,9.94,9.89,9.94,1915
P2P,20180221,1.32,1.32,1.32,1.32,36857
PAA,20180221,0.051,0.052,0.051,0.051,574172
PAB,20180221,0.022,0.022,0.022,0.022,825119
PAC,20180221,7.02,7.07,6.9,6.96,12660
PAF,20180221,1.31,1.315,1.305,1.315,14440
PAI,20180221,1.31,1.32,1.31,1.31,151213
PAK,20180221,0.041,0.041,0.035,0.036,1239210
PAN,20180221,0.435,0.445,0.43,0.435,186197
PAR,20180221,0.275,0.29,0.26,0.28,84434
PBP,20180221,0.96,0.96,0.95,0.95,38392
PBT,20180221,0.059,0.06,0.059,0.06,8500
PBX,20180221,0.056,0.058,0.056,0.056,147634
PCG,20180221,3.67,3.7,3.65,3.7,20305
PCK,20180221,0.06,0.06,0.058,0.058,1013713
PCL,20180221,0.007,0.007,0.006,0.006,1751292
PDI,20180221,0.037,0.037,0.035,0.035,238871
PDN,20180221,0.19,0.19,0.15,0.155,2264586
PDZ,20180221,0.685,0.685,0.665,0.665,286524
PEA,20180221,0.525,0.54,0.525,0.525,82321
PEK,20180221,0.046,0.046,0.042,0.044,628942
PEN,20180221,0.305,0.315,0.295,0.302,431580
PEX,20180221,0.65,0.66,0.65,0.65,61387
PFG,20180221,0.165,0.17,0.165,0.165,517827
PFP,20180221,3.16,3.16,3.09,3.1,131964
PG1,20180221,0.265,0.265,0.25,0.265,143778
PGC,20180221,0.75,0.75,0.74,0.74,710242
PGF,20180221,1.225,1.23,1.205,1.22,194600
PGH,20180221,4.95,5.28,4.95,5.23,818495
PGI,20180221,0.035,0.036,0.034,0.036,121219
PGM,20180221,0.14,0.14,0.125,0.125,788074
PGO,20180221,0.051,0.052,0.048,0.05,20776707
PGR,20180221,0.47,0.48,0.47,0.47,20385
PGS,20180221,0.006,0.006,0.006,0.006,367970
PHI,20180221,13,13,13,13,16
PHK,20180221,0.27,0.28,0.27,0.27,413517
PIA,20180221,1.175,1.18,1.17,1.17,204610
PIC,20180221,1.115,1.12,1.095,1.11,580271
PIL,20180221,0.021,0.022,0.021,0.022,172200
PIO,20180221,0.026,0.027,0.025,0.025,5487966
PIQ,20180221,0.28,0.28,0.275,0.275,30526
PL8,20180221,1.045,1.05,1.035,1.04,45760
PLC,20180221,0.02,0.02,0.02,0.02,484000
PLG,20180221,0.95,0.955,0.945,0.955,317714
PLH,20180221,0.145,0.145,0.145,0.145,35551
PLL,20180221,0.17,0.17,0.165,0.165,249831
PLS,20180221,0.825,0.83,0.8,0.805,7588235
PM1,20180221,0.016,0.016,0.016,0.016,618000
PMC,20180221,2.03,2.07,2.01,2.06,160032
PME,20180221,8.01,8.06,7.55,7.63,58851
PMP,20180221,0.34,0.35,0.34,0.345,227784
PMV,20180221,13.92,14.13,13.92,14,201881
PMY,20180221,0.009,0.01,0.008,0.008,17835439
PNC,20180221,2.94,3.03,2.94,3.01,24977
PNI,20180221,4.8,4.85,4.8,4.81,11006
PNL,20180221,0.37,0.37,0.365,0.37,190208
PNN,20180221,0.039,0.039,0.037,0.037,1109778
PNR,20180221,0.285,0.29,0.285,0.29,584091
PNV,20180221,0.5,0.51,0.495,0.5,1350857
PNW,20180221,0.365,0.365,0.365,0.365,15000
PNX,20180221,0.012,0.012,0.012,0.012,2208033
POH,20180221,0.016,0.017,0.016,0.016,171094
POS,20180221,0.043,0.044,0.042,0.043,869028
POU,20180221,17.48,17.56,17.48,17.56,13307
POW,20180221,0.037,0.037,0.034,0.036,4434455
POZ,20180221,0.13,0.145,0.12,0.125,280161
PPC,20180221,1.38,1.38,1.38,1.38,9237
PPE,20180221,1.42,1.47,1.42,1.46,78849
PPG,20180221,0.42,0.42,0.415,0.415,82625
PPH,20180221,3.64,3.68,3.62,3.68,39456
PPL,20180221,0.091,0.091,0.088,0.088,213137
PPS,20180221,0.73,0.73,0.702,0.71,979201
PPT,20180221,51.52,53.15,51.52,52.87,191989
PRL,20180221,0.006,0.006,0.006,0.006,2365211
PRO,20180221,0.56,0.56,0.53,0.55,63374
PRT,20180221,0.285,0.285,0.26,0.265,11910832
PRU,20180221,0.41,0.42,0.4,0.4,3159329
PRY,20180221,3.76,3.88,3.76,3.86,1498858
PSA,20180221,0.099,0.099,0.09,0.09,107234
PSC,20180221,0.047,0.047,0.045,0.045,1349761
PSI,20180221,3.11,3.2,3.1,3.13,60943
PSQ,20180221,1.66,1.67,1.65,1.67,50000
PSY,20180221,0.1,0.1,0.099,0.1,158833
PSZ,20180221,0.19,0.19,0.18,0.18,184007
PTM,20180221,7.62,7.78,7.61,7.75,814972
PTX,20180221,0.059,0.059,0.059,0.059,108764
PUN,20180221,0.033,0.033,0.033,0.033,34000
PUR,20180221,0.115,0.115,0.11,0.11,386961
PVL,20180221,0.22,0.22,0.22,0.22,12627
PWH,20180221,2.36,2.4,2.33,2.34,57866
PXS,20180221,0.272,0.275,0.27,0.27,129931
PXX,20180221,0.125,0.125,0.12,0.12,148321
PYC,20180221,0.029,0.029,0.029,0.029,44245
QAG,20180221,6.65,6.65,6.62,6.62,2500
QAN,20180221,5.26,5.36,5.24,5.27,5204132
QAU,20180221,13.84,13.85,13.7,13.73,28632
QBE,20180221,10.49,10.62,10.47,10.56,2885526
QBL,20180221,0.053,0.054,0.053,0.053,2700934
QCB,20180221,9.81,9.81,9.8,9.8,3022
QFY,20180221,0.047,0.047,0.046,0.046,111000
QHL,20180221,0.08,0.081,0.08,0.081,162609
QIP,20180221,1.17,1.17,1.12,1.125,25832
QMIX,20180221,17.86,17.86,17.86,17.86,0
QMS,20180221,1.005,1.007,0.965,0.99,1568372
QOZ,20180221,13.26,13.35,13.26,13.32,17151
QRE,20180221,5.52,5.52,5.5,5.5,4058
QTM,20180221,0.026,0.026,0.026,0.026,10000
QUAL,20180221,22.3,22.35,22.26,22.27,17025
QUB,20180221,2.53,2.54,2.5,2.51,2061027
QUE,20180221,0.072,0.072,0.072,0.072,28000
QUS,20180221,32.18,32.2,32.18,32.2,1121
QVE,20180221,1.225,1.235,1.21,1.235,164305
RAN,20180221,0.063,0.064,0.06,0.064,173978
RAP,20180221,0.105,0.105,0.102,0.105,207098
RARI,20180221,24.38,24.48,24.38,24.45,2471
RAW,20180221,0.049,0.049,0.049,0.049,42472
RBL,20180221,1.87,2.07,1.87,1.9,674395
RBO,20180221,0.039,0.039,0.037,0.039,658415
RCB,20180221,20.16,20.19,20.08,20.08,6384
RCE,20180221,0.17,0.17,0.17,0.17,108780
RCL,20180221,0.38,0.38,0.35,0.36,440502
RCR,20180221,3.7,3.75,3.65,3.65,914214
RCW,20180221,0.5,0.5,0.48,0.495,77520
RDF,20180221,0.55,0.565,0.55,0.565,35502
RDH,20180221,2.4,2.6,2.4,2.55,33525
RDM,20180221,0.13,0.135,0.13,0.135,76962
RDV,20180221,29.89,30.12,29.89,29.97,4260
REA,20180221,77.88,79.28,77.78,78.79,165959
RED,20180221,0.07,0.071,0.07,0.07,176195
REG,20180221,3.77,3.8,3.74,3.76,466306
REH,20180221,9.69,9.69,9.55,9.55,36548
REL,20180221,0.001,0.002,0.001,0.001,5184250
RES,20180221,0.064,0.068,0.059,0.068,35000
REX,20180221,1.565,1.57,1.565,1.57,10981
RFF,20180221,2.05,2.1,2.02,2.1,237566
RFG,20180221,2.1,2.12,2.03,2.05,545818
RFN,20180221,0.025,0.025,0.023,0.023,5433642
RFT,20180221,0.025,0.025,0.024,0.024,328072
RFX,20180221,0.16,0.16,0.135,0.15,2702380
RGB,20180221,20.62,20.62,20.62,20.62,979
RGI,20180221,0.46,0.46,0.44,0.45,55977
RGL,20180221,0.16,0.17,0.16,0.17,71875
RGS,20180221,0.125,0.125,0.125,0.125,8477
RHC,20180221,68.4,69.37,68.11,68.95,404942
RHL,20180221,3.15,3.15,3.13,3.13,32525
RHP,20180221,0.95,0.955,0.935,0.955,33374
RHS,20180221,0.135,0.135,0.135,0.135,20000
RHT,20180221,0.025,0.025,0.025,0.025,29206
RHY,20180221,0.17,0.17,0.17,0.17,95961
RIC,20180221,1.425,1.445,1.395,1.42,76565
RIE,20180221,0.082,0.082,0.08,0.08,399546
RIM,20180221,0.027,0.027,0.027,0.027,171093
RIO,20180221,80.8,80.84,80.09,80.26,1575809
RIR,20180221,0.011,0.011,0.009,0.009,5687004
RKN,20180221,1.5,1.5,1.5,1.5,93043
RLE,20180221,0.073,0.074,0.072,0.072,99876
RMD,20180221,11.75,11.89,11.73,11.88,1421895
RMI,20180221,0.019,0.019,0.019,0.019,5000
RMS,20180221,0.435,0.445,0.43,0.435,1554039
RNE,20180221,0.017,0.018,0.017,0.017,272949
RNL,20180221,0.004,0.004,0.004,0.004,14380210
RNO,20180221,0.11,0.11,0.11,0.11,10000
RNT,20180221,0.065,0.065,0.065,0.065,23540
RNU,20180221,0.035,0.037,0.034,0.034,2714274
ROO,20180221,0.48,0.49,0.47,0.49,90937
RRL,20180221,4.06,4.17,4.05,4.1,1982006
RSG,20180221,1.09,1.12,1.08,1.085,5665196
RSH,20180221,0.071,0.071,0.067,0.07,225314
RSM,20180221,20.35,20.35,20.35,20.35,970
RTG,20180221,0.155,0.16,0.155,0.16,46207
RTR,20180221,0.053,0.054,0.053,0.053,142457
RUB,20180221,0.039,0.039,0.039,0.039,5000
RUL,20180221,0.62,0.63,0.6,0.61,420353
RVR,20180221,0.38,0.38,0.36,0.36,2007730
RVY,20180221,0.023,0.023,0.023,0.023,136551
RWC,20180221,4.13,4.2,4.09,4.1,1369402
RWD,20180221,0.225,0.23,0.22,0.23,54571
RXH,20180221,0.017,0.018,0.017,0.018,62610
RXL,20180221,0.015,0.015,0.015,0.015,705000
RXM,20180221,0.19,0.19,0.16,0.175,1322051
RXP,20180221,0.68,0.7,0.665,0.7,216230
S2R,20180221,0.19,0.19,0.185,0.185,270000
S32,20180221,3.15,3.19,3.11,3.13,35243002
S3R,20180221,0.01,0.011,0.01,0.01,6686297
SAR,20180221,1.56,1.56,1.5,1.52,5119041
SAS,20180221,0.16,0.16,0.155,0.155,987463
SAU,20180221,0.245,0.25,0.245,0.25,11000
SBB,20180221,0.01,0.01,0.01,0.01,298000
SBM,20180221,3.8,3.86,3.79,3.82,2050294
SBR,20180221,0.017,0.017,0.017,0.017,195272
SCG,20180221,3.91,3.93,3.87,3.89,12195595
SCI,20180221,0.048,0.052,0.047,0.052,901594
SCL,20180221,0.023,0.023,0.023,0.023,112900
SCO,20180221,2.95,3.04,2.95,2.98,210122
SCP,20180221,2.23,2.24,2.22,2.24,1208611
SCT,20180221,0.18,0.2,0.18,0.2,279000
SCU,20180221,0.035,0.037,0.035,0.036,873034
SDA,20180221,5.48,5.5,5.44,5.48,367984
SDF,20180221,2.67,2.68,2.4,2.5,6117752
SDG,20180221,1.75,1.76,1.75,1.75,17730
SDI,20180221,0.595,0.595,0.595,0.595,18361
SDL,20180221,0.008,0.008,0.007,0.007,1857489
SE1,20180221,0.27,0.28,0.255,0.275,265899
SEA,20180221,0.077,0.078,0.076,0.076,1344169
SEC,20180221,2,2.01,1.97,2.01,113769
SEH,20180221,0.18,0.18,0.175,0.175,855140
SEI,20180221,0.027,0.027,0.024,0.025,3942070
SEK,20180221,19.65,19.93,19.48,19.65,896368
SEN,20180221,0.13,0.13,0.125,0.125,1777426
SEQ,20180221,0.3,0.3,0.295,0.295,205245
SES,20180221,0.14,0.15,0.14,0.15,12907
SFC,20180221,11.36,11.87,11.36,11.83,48340
SFG,20180221,0.064,0.065,0.064,0.064,286024
SFH,20180221,0.28,0.285,0.28,0.285,34485
SFI,20180221,0.064,0.064,0.062,0.064,567644
SFR,20180221,6.96,7.185,6.96,7.17,1054994
SFX,20180221,0.675,0.71,0.675,0.71,54417
SFY,20180221,54.5,54.57,54.5,54.52,2273
SGF,20180221,3.82,3.83,3.7,3.7,101389
SGH,20180221,2.51,2.51,2.5,2.5,7618
SGM,20180221,16.28,16.82,16.28,16.7,847667
SGP,20180221,4.07,4.15,4.04,4.11,8008851
SGQ,20180221,0.21,0.21,0.2,0.2,509470
SGR,20180221,5.4,5.46,5.34,5.44,4765885
SHJ,20180221,0.675,0.69,0.66,0.665,68937
SHL,20180221,23.97,24.155,23.9,24.04,920718
SHM,20180221,1.57,1.59,1.562,1.57,120217
SHO,20180221,0.185,0.185,0.18,0.18,179134
SHV,20180221,4.82,4.87,4.78,4.85,72844
SI6,20180221,0.014,0.014,0.014,0.014,275836
SIG,20180221,0.85,0.875,0.845,0.87,1072102
SIO,20180221,0.32,0.32,0.315,0.315,146294
SIQ,20180221,10.75,10.94,10.46,10.94,151212
SIV,20180221,6.91,6.99,6.81,6.85,50763
SKC,20180221,3.74,3.77,3.72,3.76,12061612
SKF,20180221,0.18,0.2,0.18,0.2,512305
SKI,20180221,2.37,2.39,2.33,2.34,3255236
SKN,20180221,0.096,0.096,0.096,0.096,50000
SKS,20180221,0.21,0.21,0.19,0.2,123600
SKT,20180221,2.61,2.66,2.59,2.63,143369
SL1,20180221,0.057,0.057,0.054,0.054,520360
SLC,20180221,2.2,2.22,2.15,2.19,245639
SLF,20180221,12.3,12.36,12.26,12.29,30142
SLK,20180221,3.95,3.97,3.84,3.87,204257
SLM,20180221,0.54,0.54,0.54,0.54,204
SLR,20180221,0.37,0.372,0.365,0.365,1334818
SLX,20180221,0.35,0.355,0.345,0.345,126356
SM1,20180221,6,6.36,5.81,6.15,628287
SMD,20180221,0.009,0.009,0.009,0.009,100000
SMM,20180221,0.17,0.17,0.16,0.16,5339
SMN,20180221,1,1.01,0.99,0.99,87792
SMR,20180221,0.67,0.67,0.665,0.665,19102
SNC,20180221,1.01,1.01,0.99,0.99,17098
SND,20180221,0.6,0.6,0.59,0.6,74840
SNL,20180221,3.32,3.32,3.25,3.27,5733
SNS,20180221,0.225,0.225,0.22,0.225,394773
SO4,20180221,0.45,0.45,0.425,0.45,79698
SOL,20180221,16.85,17.26,16.85,17.22,166227
SOM,20180221,3.01,3.05,2.97,3,90859
SOR,20180221,0.063,0.066,0.063,0.065,212474
SP3,20180221,0.33,0.34,0.32,0.32,61783
SPI,20180221,0.11,0.11,0.105,0.105,149276
SPK,20180221,3.21,3.21,3.1,3.11,1144261
SPL,20180221,1.36,1.37,1.33,1.34,284381
SPO,20180221,1.147,1.15,1.145,1.145,8438
SPQ,20180221,0.014,0.014,0.013,0.013,2178726
SPX,20180221,0.012,0.012,0.012,0.012,213598
SPZ,20180221,0.22,0.235,0.22,0.235,130732
SRG,20180221,1.74,1.74,1.705,1.71,60986
SRI,20180221,0.01,0.01,0.01,0.01,49840
SRK,20180221,0.073,0.073,0.065,0.07,160004
SRO,20180221,0.005,0.007,0.005,0.006,13089920
SRV,20180221,5.4,5.4,5.25,5.35,26598
SRX,20180221,27.66,27.75,27.635,27.68,243700
SRY,20180221,0.027,0.029,0.027,0.029,11183
SRZ,20180221,0.017,0.017,0.016,0.017,133034
SSG,20180221,0.47,0.485,0.47,0.485,35912
SSM,20180221,1.6,1.605,1.57,1.575,950571
ST1,20180221,0.225,0.24,0.21,0.235,4068254
STA,20180221,0.135,0.14,0.135,0.14,15191
STM,20180221,0.03,0.03,0.029,0.03,1423272
STO,20180221,5.06,5.125,5.01,5.02,5638080
STW,20180221,55.44,55.8,55.44,55.69,32638
STX,20180221,0.072,0.072,0.07,0.07,773234
SUD,20180221,0.015,0.016,0.015,0.016,1614663
SUH,20180221,0.092,0.092,0.089,0.09,105933
SUL,20180221,7.05,7.35,6.98,7.35,3290024
SUM,20180221,0.018,0.018,0.018,0.018,395626
SUN,20180221,13.22,13.23,13.05,13.15,3123619
SUR,20180221,0.005,0.006,0.005,0.006,86307
SVA,20180221,0.035,0.035,0.035,0.035,637836
SVH,20180221,0.084,0.084,0.084,0.084,2885
SVL,20180221,0.072,0.072,0.069,0.07,1394601
SVM,20180221,0.12,0.12,0.12,0.12,91493
SVW,20180221,18,19.385,17.7,18.4,965511
SVY,20180221,0.325,0.33,0.3,0.315,420352
SW1,20180221,0.44,0.45,0.44,0.45,149567
SWF,20180221,0.19,0.19,0.18,0.18,154726
SWJ,20180221,0.014,0.014,0.014,0.014,164175
SWK,20180221,0.22,0.225,0.22,0.225,444858
SWM,20180221,0.6,0.62,0.597,0.615,11841746
SXA,20180221,0.028,0.028,0.026,0.026,240885
SXE,20180221,0.76,0.77,0.76,0.765,38362
SXL,20180221,1.14,1.155,1.137,1.145,1217831
SXX,20180221,0.008,0.008,0.008,0.008,1585000
SXY,20180221,0.36,0.36,0.35,0.36,2039979
SYA,20180221,0.064,0.064,0.061,0.061,4058521
SYD,20180221,6.69,6.71,6.5,6.52,5615318
SYI,20180221,29.02,29.02,28.95,29.02,7520
SYR,20180221,3.38,3.43,3.36,3.4,990478
SYT,20180221,0.016,0.016,0.015,0.015,3276806
T3D,20180221,0.005,0.005,0.005,0.005,820266
TAH,20180221,4.72,4.77,4.645,4.71,4602420
TAP,20180221,0.054,0.056,0.054,0.054,1012374
TAR,20180221,0.105,0.125,0.105,0.125,485197
TAS,20180221,0.09,0.09,0.085,0.085,428689
TAW,20180221,0.46,0.465,0.45,0.455,1152961
TBH,20180221,0.25,0.25,0.2,0.22,2753403
TBR,20180221,6.87,7,6.87,7,3276
TCL,20180221,11.85,11.86,11.61,11.69,3588019
TDL,20180221,0.073,0.073,0.072,0.072,35000
TEG,20180221,0.096,0.096,0.095,0.095,196246
TEK,20180221,0.275,0.275,0.265,0.265,515058
TER,20180221,0.215,0.215,0.21,0.21,10946
TFL,20180221,0.17,0.175,0.17,0.175,62085
TGA,20180221,0.79,0.82,0.79,0.79,183252
TGG,20180221,1.385,1.39,1.385,1.39,81684
TGH,20180221,0.97,0.985,0.97,0.985,6650
TGN,20180221,0.195,0.195,0.195,0.195,30000
TGP,20180221,1.02,1.025,0.98,0.98,17751
TGR,20180221,3.57,3.67,3.55,3.57,997109
THC,20180221,0.79,0.79,0.745,0.755,349390
THD,20180221,0.009,0.009,0.009,0.009,9135954
THR,20180221,0.057,0.059,0.057,0.058,160646
THX,20180221,0.023,0.023,0.023,0.023,36796
TIA,20180221,0.78,0.78,0.78,0.78,20000
TIE,20180221,0.19,0.19,0.19,0.19,729504
TIG,20180221,0.045,0.045,0.045,0.045,14492
TIN,20180221,0.255,0.255,0.25,0.25,200000
TKF,20180221,0.013,0.013,0.013,0.013,25999
TKL,20180221,0.066,0.066,0.063,0.064,304938
TKM,20180221,0.027,0.027,0.026,0.026,739288
TLG,20180221,0.71,0.725,0.7,0.71,275828
TLM,20180221,0.23,0.23,0.225,0.225,69600
TLS,20180221,3.43,3.44,3.41,3.43,20631023
TLX,20180221,0.47,0.49,0.47,0.48,69842
TME,20180221,4.11,4.13,4.08,4.09,365934
TMT,20180221,0.3,0.315,0.3,0.305,191629
TMX,20180221,0.008,0.008,0.008,0.008,320000
TNE,20180221,4.87,4.93,4.85,4.9,503834
TNG,20180221,0.145,0.145,0.142,0.145,99447
TNK,20180221,2.15,2.15,2.13,2.13,24097
TNO,20180221,0.35,0.35,0.295,0.32,578973
TNR,20180221,0.085,0.087,0.083,0.087,410866
TNT,20180221,0.085,0.091,0.085,0.091,23375
TON,20180221,0.096,0.099,0.094,0.094,2497103
TOU,20180221,0.17,0.18,0.16,0.165,761995
TOX,20180221,3.43,3.44,3.43,3.43,405205
TPD,20180221,0.006,0.006,0.006,0.006,841438
TPE,20180221,2.01,2.08,2,2.06,17494
TPM,20180221,6.15,6.22,6.15,6.17,1142612
TPP,20180221,0.21,0.21,0.21,0.21,48120
TPS,20180221,0.185,0.185,0.185,0.185,13350
TPW,20180221,0.52,0.52,0.5,0.5,533000
TRL,20180221,0.014,0.014,0.014,0.014,603176
TRS,20180221,6.31,6.7,6.31,6.67,439197
TRT,20180221,0.13,0.13,0.13,0.13,101799
TRY,20180221,0.098,0.098,0.092,0.095,972060
TSN,20180221,0.011,0.012,0.011,0.012,1419919
TTC,20180221,0.1,0.105,0.093,0.093,187048
TTL,20180221,0.034,0.035,0.034,0.034,758943
TTM,20180221,0.03,0.03,0.029,0.029,306093
TTT,20180221,1.365,1.445,1.36,1.41,208151
TUP,20180221,0.12,0.12,0.12,0.12,690
TV2,20180221,0.012,0.012,0.011,0.012,6893468
TWD,20180221,4.03,4.03,4.03,4.03,3126
TWE,20180221,17.8,18.07,17.75,18,1729730
TWR,20180221,0.62,0.635,0.62,0.635,122129
TYX,20180221,0.019,0.02,0.019,0.02,1913453
TZL,20180221,0.18,0.18,0.175,0.175,8454
TZN,20180221,0.15,0.15,0.15,0.15,34600
UBE,20180221,21.5,21.53,21.5,21.53,15
UBJ,20180221,23.69,23.69,23.69,23.69,81
UBN,20180221,0.035,0.035,0.035,0.035,24451
UBP,20180221,26.15,26.32,26.15,26.32,1466
UBU,20180221,25.54,25.54,25.54,25.54,644
UBW,20180221,24.21,24.32,24.21,24.21,504
UCM,20180221,0.27,0.27,0.265,0.265,108407
UIL,20180221,0.04,0.04,0.04,0.04,590473
UMAX,20180221,17.91,17.95,17.88,17.9,7835
UNV,20180221,0.21,0.215,0.21,0.21,111894
UOS,20180221,0.64,0.65,0.64,0.65,15171
UPD,20180221,1,1.025,0.995,1.025,111484
URB,20180221,1,1,0.985,0.985,481195
URF,20180221,1.68,1.68,1.68,1.68,33688
USA,20180221,0.008,0.008,0.008,0.008,76923
USD,20180221,12.35,12.41,12.32,12.41,46986
USR,20180221,0.335,0.335,0.335,0.335,4104
UTR,20180221,0.028,0.029,0.028,0.028,975167
VAE,20180221,66.2,66.69,66.2,66.54,1847
VAF,20180221,48.3,48.34,48.25,48.31,26657
VAH,20180221,0.245,0.245,0.24,0.24,280596
VAL,20180221,0.016,0.016,0.016,0.016,1795858
VAN,20180221,0.05,0.05,0.05,0.05,1750
VAP,20180221,78.28,78.74,78.07,78.29,13436
VAS,20180221,75.75,76.2,75.67,76.02,37870
VCF,20180221,47.76,47.83,47.64,47.66,3683
VCX,20180221,2.52,2.53,2.5,2.52,5517551
VEC,20180221,0.023,0.024,0.022,0.024,3503794
VEQ,20180221,54.5,54.94,54.01,54.3,5213
VEU,20180221,70.37,70.55,70.11,70.24,13375
VG1,20180221,2.08,2.09,2.06,2.07,524709
VGAD,20180221,64.77,64.99,64.5,64.57,5408
VGB,20180221,48.55,48.64,48.55,48.64,61
VGE,20180221,68.18,68.48,67.75,68.26,3142
VGL,20180221,2.4,2.42,2.3,2.38,2790
VGS,20180221,65.84,66.07,65.69,65.81,43519
VHT,20180221,0.75,0.75,0.725,0.73,120874
VHY,20180221,59.4,59.68,59.29,59.65,13325
VIC,20180221,0.02,0.02,0.018,0.018,5960660
VIF,20180221,47.9,47.9,47.54,47.56,20102
VIP,20180221,0.035,0.035,0.035,0.035,16700
VIV,20180221,0.056,0.056,0.055,0.055,237147
VKA,20180221,0.039,0.039,0.037,0.038,1693318
VLA,20180221,0.63,0.63,0.615,0.615,89294
VLC,20180221,60.85,60.85,60.85,60.85,100
VLS,20180221,0.815,0.815,0.81,0.81,12600
VLT,20180221,0.02,0.02,0.02,0.02,1643334
VLW,20180221,2.49,2.56,2.49,2.56,98475
VMC,20180221,0.11,0.11,0.11,0.11,72279
VML,20180221,0.007,0.007,0.007,0.007,4530001
VMS,20180221,0.033,0.034,0.032,0.033,463557
VMT,20180221,0.056,0.058,0.056,0.056,73776
VMX,20180221,0.365,0.4,0.36,0.4,1060820
VMY,20180221,0.145,0.145,0.145,0.145,6793
VOC,20180221,2.55,2.56,2.41,2.41,5044715
VPC,20180221,0.008,0.01,0.008,0.01,17981186
VPR,20180221,0.003,0.003,0.003,0.003,8000000
VRC,20180221,0.035,0.035,0.033,0.034,3704212
VRL,20180221,3.6,3.6,3.5,3.5,58963
VRM,20180221,0.029,0.029,0.029,0.029,45000
VRS,20180221,0.17,0.17,0.17,0.17,124589
VRT,20180221,5.45,5.63,5.45,5.54,365974
VSO,20180221,54.13,54.53,54,54.34,5320
VTG,20180221,1.67,1.695,1.66,1.675,184901
VTS,20180221,176.75,177.44,176.59,176.87,6666
VVR,20180221,1.97,1.987,1.97,1.985,943674
VXR,20180221,0.016,0.016,0.016,0.016,7385788
WAF,20180221,0.4,0.4,0.39,0.395,231452
WAM,20180221,2.49,2.49,2.47,2.47,600163
WAX,20180221,1.56,1.565,1.55,1.555,89675
WBA,20180221,1.405,1.42,1.4,1.4,261531
WBC,20180221,30.12,30.26,30.03,30.17,3467774
WBE,20180221,0.009,0.009,0.009,0.009,20000
WBT,20180221,0.06,0.062,0.058,0.058,2084775
WCN,20180221,0.004,0.004,0.004,0.004,1000000
WDE,20180221,0.895,0.9,0.895,0.9,71856
WDIV,20180221,18.6,18.65,18.6,18.6,9697
WEB,20180221,10.25,10.4,10.01,10.35,717194
WEC,20180221,0.072,0.072,0.071,0.071,47000
WEL,20180221,0.06,0.06,0.058,0.058,40000
WEMG,20180221,22.05,22.05,22.05,22.05,89
WES,20180221,41.6,42.65,41.2,41.99,5722587
WFD,20180221,8.59,8.65,8.52,8.62,4446536
WFE,20180221,0.006,0.006,0.005,0.006,8645492
WGF,20180221,0.88,0.89,0.875,0.89,93350
WGL,20180221,0.01,0.01,0.009,0.009,3421897
WGN,20180221,3.83,3.93,3.81,3.9,196101
WGX,20180221,1.455,1.48,1.455,1.475,551065
WHA,20180221,2.45,2.49,2.36,2.4,594000
WHC,20180221,4.42,4.505,4.37,4.4,3318967
WHF,20180221,4.67,4.67,4.67,4.67,4327
WHK,20180221,0.165,0.175,0.165,0.175,399476
WIC,20180221,1.13,1.14,1.125,1.125,111723
WKT,20180221,0.095,0.095,0.093,0.093,282769
WLD,20180221,0.15,0.15,0.145,0.145,288720
WLE,20180221,1.16,1.16,1.15,1.155,930478
WLL,20180221,4.7,4.98,4.7,4.9,42027
WMI,20180221,1.51,1.52,1.5,1.52,206027
WND,20180221,1.54,1.57,1.52,1.52,63169
WNR,20180221,0.3,0.3,0.295,0.3,23128
WOR,20180221,13.95,15.44,13.86,15.2,2164258
WOW,20180221,27.38,27.78,27.33,27.56,4701529
WPG,20180221,0.026,0.027,0.025,0.026,3734299
WPL,20180221,29.34,29.655,29.225,29.42,5711317
WPP,20180221,0.93,0.935,0.92,0.935,29897
WRG,20180221,0.67,0.67,0.67,0.67,750
WRLD,20180221,11.52,11.52,11.52,11.52,0
WRM,20180221,0.012,0.012,0.011,0.012,3628287
WSA,20180221,3.1,3.13,3.04,3.06,2008683
WTC,20180221,13.3,13.3,11.2,11.25,2812429
WTP,20180221,0.67,0.68,0.66,0.67,93742
WWI,20180221,0.019,0.02,0.019,0.02,570000
WXHG,20180221,22.35,22.37,22.35,22.37,1911
WXOZ,20180221,28.2,28.28,28.19,28.19,771
XAM,20180221,0.24,0.24,0.24,0.24,30720
XF1,20180221,0.61,0.61,0.61,0.61,1250
XIP,20180221,1.14,1.155,1.13,1.14,268467
XPE,20180221,0.005,0.006,0.005,0.006,277500
XRF,20180221,0.21,0.21,0.21,0.21,36228
XRO,20180221,31.6,31.85,31.14,31.6,402844
XST,20180221,0.012,0.012,0.011,0.011,995023
XTD,20180221,0.041,0.041,0.041,0.041,2000
XTE,20180221,0.64,0.64,0.63,0.63,33016
YAL,20180221,0.16,0.16,0.155,0.155,1035166
YBR,20180221,0.14,0.145,0.14,0.145,27159
YMAX,20180221,8.87,8.87,8.81,8.81,64359
YNB,20180221,0.046,0.048,0.045,0.048,56111
YOJ,20180221,0.22,0.235,0.21,0.215,1077174
YOW,20180221,0.12,0.12,0.11,0.11,677119
Z1P,20180221,1.04,1.12,1.025,1.1,641845
ZEL,20180221,6.5,7.16,6.5,6.72,4036
ZEN,20180221,0.77,0.775,0.76,0.77,81170
ZER,20180221,0.355,0.36,0.355,0.36,70000
ZEU,20180221,0.013,0.013,0.013,0.013,155639
ZGOL,20180221,16.68,16.69,16.59,16.69,1401
ZIP,20180221,0.022,0.023,0.022,0.022,1486323
ZLD,20180221,0.14,0.145,0.14,0.14,1969281
ZMI,20180221,0.006,0.006,0.005,0.006,1700000
ZNC,20180221,0.19,0.2,0.19,0.2,35618
ZNO,20180221,0.295,0.295,0.28,0.28,121751
ZNT,20180221,1.155,1.17,1.15,1.17,117795
ZOZI,20180221,10.41,10.41,10.41,10.41,0
ZUSD,20180221,9.72,9.72,9.72,9.72,20
ZYUS,20180221,11.86,11.86,11.86,11.86,1000
XAF,20180221,5751.2,5752.3,5722.8,5739.8,0
XAO,20180221,6045.6,6059.1,6026.9,6047.3,0
XAT,20180221,5879,5893.4,5858.6,5882,0
XDJ,20180221,2257.2,2284.5,2257.2,2284.5,0
XEC,20180221,1502.6,1515.7,1502.6,1512.6,0
XEJ,20180221,10327,10442.5,10299.3,10386.4,0
XFJ,20180221,6321.4,6346.6,6305,6331.3,0
XFL,20180221,5811.2,5811.5,5782.6,5799.2,0
XGD,20180221,4882.2,4882.2,4814,4815.9,0
XHJ,20180221,26166.7,26358.7,26131.3,26329.3,0
XIJ,20180221,1057.2,1059,1042,1049.7,0
XJO,20180221,5940.9,5955.2,5920.2,5943.7,0
XJR,20180221,4101.6,4101.6,4006.8,4017.4,0
XKO,20180221,5901.9,5916.6,5881.9,5905.1,0
XMD,20180221,6655.7,6748.4,6655.7,6745.5,0
XMJ,20180221,11741.6,11741.6,11443.5,11477.6,0
XMM,20180221,3677.5,3677.5,3564.5,3568.4,0
XNJ,20180221,5687.3,5714.5,5654.9,5665.1,0
XPJ,20180221,1296.7,1308.5,1296.7,1308.5,0
XSJ,20180221,10044.3,10430.7,10044.3,10383.9,0
XSO,20180221,2702.7,2723.1,2701.2,2714,0
XTJ,20180221,1237.1,1237.1,1224.8,1230.4,0
XTL,20180221,3302.1,3302.1,3280.2,3291.8,0
XTO,20180221,4890.3,4899.7,4872.1,4890.9,0
XUJ,20180221,7833.8,7850.1,7762.5,7769.8,0
XXJ,20180221,7050.5,7078.6,7032.2,7061.5,0
