1AD,20180319,0.345,0.345,0.345,0.345,2130
1AG,20180319,0.052,0.054,0.05,0.05,497481
1ST,20180319,0.045,0.045,0.045,0.045,9792
3DP,20180319,0.079,0.079,0.076,0.077,190721
3PL,20180319,1.5,1.535,1.48,1.52,52131
4CE,20180319,0.093,0.094,0.091,0.092,1782895
4DS,20180319,0.077,0.079,0.077,0.077,1831573
5GN,20180319,0.74,0.745,0.65,0.69,349823
88E,20180319,0.035,0.035,0.033,0.034,8275508
8CO,20180319,0.05,0.052,0.046,0.05,600137
8EC,20180319,0.91,0.985,0.905,0.96,17845
9SP,20180319,0.06,0.06,0.058,0.058,139540
A2M,20180319,12.88,12.96,12.725,12.93,2217631
A3D,20180319,0.69,0.705,0.685,0.705,39894
AAA,20180319,50.13,50.13,50.12,50.12,34253
AAC,20180319,1.215,1.215,1.15,1.155,2306300
AAD,20180319,1.925,1.93,1.875,1.885,1222338
AAJ,20180319,0.024,0.024,0.023,0.023,1496313
AAR,20180319,0.074,0.075,0.071,0.073,961380
AB1,20180319,0.066,0.071,0.063,0.066,6022544
ABA,20180319,5.31,5.39,5.3,5.3,32101
ABC,20180319,6.81,6.88,6.67,6.7,1433888
ABL,20180319,0.008,0.008,0.008,0.008,375000
ABP,20180319,3.49,3.52,3.475,3.5,504344
ABR,20180319,0.35,0.38,0.35,0.355,84500
ABT,20180319,0.4,0.4,0.4,0.4,9122
ABU,20180319,0.115,0.115,0.115,0.115,220000
ABV,20180319,0.005,0.005,0.005,0.005,150928
ABX,20180319,0.11,0.11,0.11,0.11,180000
AC8,20180319,1.635,1.645,1.605,1.61,341805
ACB,20180319,0.063,0.068,0.061,0.068,1163889
ACG,20180319,0.026,0.033,0.026,0.031,2666430
ACK,20180319,1.26,1.26,1.25,1.25,9001
ACL,20180319,0.012,0.012,0.011,0.012,978443
ACQ,20180319,1.15,1.15,1.15,1.15,450
ACR,20180319,0.155,0.16,0.155,0.16,6846
ACW,20180319,0.054,0.054,0.052,0.052,2112044
AD1,20180319,0.079,0.08,0.079,0.08,112075
AD8,20180319,3.16,3.2,3.1,3.2,273768
ADA,20180319,2.3,2.32,2.27,2.27,28911
ADD,20180319,0.014,0.014,0.012,0.012,132412
ADH,20180319,1.96,1.97,1.955,1.97,106054
ADJ,20180319,0.029,0.03,0.029,0.03,905377
ADN,20180319,0.008,0.008,0.008,0.008,1795960
ADO,20180319,0.014,0.014,0.014,0.014,2050254
ADR,20180319,0.125,0.125,0.12,0.125,282500
ADV,20180319,0.018,0.018,0.016,0.016,15593520
ADX,20180319,0.011,0.011,0.011,0.011,11000
AEB,20180319,0.027,0.027,0.025,0.025,1933876
AEE,20180319,0.022,0.023,0.021,0.022,4510597
AEF,20180319,145,145,142,142,654
AEG,20180319,1.05,1.05,1.045,1.05,85000
AEI,20180319,0.22,0.22,0.22,0.22,39000
AEV,20180319,0.032,0.032,0.029,0.03,1741392
AFG,20180319,1.65,1.66,1.58,1.58,1447729
AFI,20180319,6.11,6.12,6.09,6.09,388274
AFR,20180319,0.029,0.029,0.028,0.028,560154
AGD,20180319,0.13,0.13,0.13,0.13,4400
AGE,20180319,0.009,0.009,0.009,0.009,1100000
AGG,20180319,2.49,2.55,2.45,2.55,2508
AGI,20180319,2.01,2.01,1.957,1.97,257329
AGL,20180319,21.96,22.08,21.92,22.01,1715625
AGO,20180319,0.025,0.025,0.024,0.024,7891344
AGR,20180319,0.35,0.35,0.35,0.35,17361
AGS,20180319,0.115,0.115,0.115,0.115,72956
AGY,20180319,0.365,0.38,0.355,0.36,2371694
AHF,20180319,0.115,0.115,0.11,0.115,507589
AHG,20180319,3.72,3.76,3.68,3.75,928054
AHK,20180319,0.066,0.066,0.066,0.066,4000
AHL,20180319,0.027,0.029,0.027,0.028,111336
AHX,20180319,0.81,0.81,0.81,0.81,5000
AHY,20180319,1.3,1.32,1.275,1.285,2343485
AHZ,20180319,0.3,0.305,0.295,0.3,165575
AIA,20180319,5.72,5.77,5.72,5.76,93115
AIB,20180319,0.45,0.45,0.445,0.445,20000
AIS,20180319,0.165,0.165,0.165,0.165,36097
AIY,20180319,0.055,0.055,0.055,0.055,30036
AIZ,20180319,3.1,3.16,3.1,3.15,298534
AJD,20180319,1.96,1.985,1.96,1.985,286
AJL,20180319,0.345,0.345,0.345,0.345,5000
AJM,20180319,0.45,0.487,0.45,0.48,12575975
AJQ,20180319,0.089,0.089,0.088,0.089,71706
AJX,20180319,0.29,0.295,0.29,0.295,452848
AKF,20180319,0.029,0.03,0.029,0.03,311432
AKP,20180319,16.89,17.42,16.6,17.42,7068
AL8,20180319,0.92,0.92,0.88,0.9,19578
ALC,20180319,0.04,0.04,0.039,0.04,374698
ALF,20180319,1.035,1.05,1.025,1.035,809140
ALI,20180319,1.735,1.735,1.725,1.73,231402
ALK,20180319,0.31,0.31,0.3,0.305,228317
ALL,20180319,25.28,25.44,25.18,25.22,3271929
ALQ,20180319,7.54,7.57,7.36,7.47,1014820
ALT,20180319,0.007,0.007,0.007,0.007,270000
ALU,20180319,22.1,22.31,21.52,22.09,583143
ALY,20180319,0.025,0.025,0.023,0.024,2512962
AMA,20180319,1.172,1.185,1.165,1.185,321111
AMC,20180319,14.36,14.45,14.15,14.27,1485834
AMD,20180319,0.031,0.033,0.03,0.031,970355
AME,20180319,0.083,0.083,0.081,0.081,172669
AMG,20180319,0.059,0.059,0.059,0.059,240000
AMH,20180319,0.895,0.905,0.895,0.895,79348
AMI,20180319,0.36,0.37,0.355,0.355,441696
AML,20180319,0.28,0.28,0.27,0.27,864318
AMN,20180319,0.86,0.875,0.85,0.85,30643
AMO,20180319,0.125,0.125,0.125,0.125,50000
AMP,20180319,5.26,5.28,5.215,5.23,4958747
ANG,20180319,0.24,0.25,0.24,0.245,508327
ANL,20180319,0.02,0.021,0.019,0.019,1309832
ANN,20180319,26.12,26.19,25.8,25.94,311274
ANO,20180319,0.48,0.48,0.48,0.48,2050
ANR,20180319,1.61,1.61,1.6,1.6,83458
ANW,20180319,0.027,0.029,0.025,0.025,9500453
ANZ,20180319,28.12,28.17,27.89,28.01,5939310
AO1,20180319,0.096,0.096,0.096,0.096,1368
AOA,20180319,0.007,0.007,0.007,0.007,136199
AOD,20180319,0.62,0.62,0.62,0.62,30000
AOF,20180319,2.28,2.29,2.24,2.26,198216
AOG,20180319,2.65,2.69,2.65,2.69,535882
AOH,20180319,0.125,0.125,0.12,0.125,136288
AON,20180319,0.265,0.27,0.265,0.27,221333
AOP,20180319,0.25,0.25,0.25,0.25,300000
AOU,20180319,0.1,0.105,0.1,0.105,50454
APA,20180319,8.14,8.15,8.02,8.05,3148769
APE,20180319,8.51,8.74,8.5,8.61,16981
APG,20180319,0.005,0.005,0.005,0.005,5517000
API,20180319,1.56,1.56,1.515,1.53,1776279
APL,20180319,1.255,1.265,1.24,1.24,297499
APO,20180319,4.18,4.24,4.13,4.22,564569
APT,20180319,7.32,7.41,6.81,6.88,2367687
APW,20180319,1.625,1.625,1.625,1.625,2000
APX,20180319,9.46,9.7,9.34,9.44,500680
APZ,20180319,0.995,0.995,0.98,0.99,59556
AQC,20180319,1.045,1.045,1.02,1.04,30863
AQD,20180319,0.023,0.023,0.023,0.023,199728
AQF,20180319,1.91,1.91,1.91,1.91,15710
AQG,20180319,2.09,2.09,2.04,2.05,182512
AQI,20180319,0.14,0.14,0.135,0.135,106331
AQX,20180319,0.04,0.04,0.04,0.04,316195
AQZ,20180319,1.67,1.71,1.65,1.7,41934
ARB,20180319,19.35,19.65,19.28,19.55,73866
ARD,20180319,0.027,0.029,0.027,0.029,952240
ARE,20180319,0.022,0.022,0.02,0.02,1092692
ARF,20180319,2.29,2.35,2.28,2.29,121182
ARG,20180319,7.97,8,7.94,7.97,195694
ARL,20180319,1.65,1.7,1.64,1.64,275617
ARU,20180319,0.125,0.13,0.125,0.13,411061
ARV,20180319,0.2,0.22,0.195,0.21,9481525
ARX,20180319,0.65,0.65,0.62,0.62,2200
AS1,20180319,0.185,0.185,0.165,0.165,45777
ASB,20180319,1.8,1.8,1.76,1.785,99304
ASG,20180319,1.91,1.91,1.91,1.91,40790
ASH,20180319,0.17,0.17,0.17,0.17,20000
ASL,20180319,2.78,2.81,2.74,2.75,1475459
ASN,20180319,0.115,0.115,0.11,0.115,2361194
AST,20180319,1.67,1.725,1.67,1.72,5447351
ASX,20180319,58.25,58.25,57.31,57.8,181806
ATC,20180319,0.175,0.185,0.17,0.17,1731307
ATL,20180319,1.515,1.565,1.5,1.55,194613
ATP,20180319,0.025,0.025,0.025,0.025,575797
AU8,20180319,0.285,0.295,0.275,0.28,733361
AUB,20180319,13.15,13.4,13.06,13.33,19581
AUC,20180319,0.042,0.042,0.04,0.04,382000
AUF,20180319,1.4,1.4,1.4,1.4,14286
AUI,20180319,8.57,8.57,8.53,8.54,39077
AUL,20180319,0.008,0.008,0.007,0.007,2366191
AUP,20180319,4.53,4.53,4.53,4.53,200
AUQ,20180319,0.027,0.027,0.027,0.027,318519
AUR,20180319,0.067,0.069,0.067,0.067,3513481
AUST,20180319,15.75,15.75,15.75,15.75,653
AUZ,20180319,0.105,0.11,0.1,0.105,8514422
AVB,20180319,0.078,0.078,0.077,0.078,774290
AVD,20180319,0.025,0.025,0.024,0.025,379089
AVG,20180319,0.64,0.64,0.63,0.635,209292
AVH,20180319,0.06,0.063,0.06,0.061,1858308
AVJ,20180319,0.79,0.795,0.78,0.78,320831
AVL,20180319,0.048,0.051,0.047,0.047,11511224
AVN,20180319,2.21,2.23,2.17,2.18,309835
AVQ,20180319,0.125,0.13,0.125,0.125,298093
AVZ,20180319,0.29,0.295,0.275,0.285,13807394
AWC,20180319,2.35,2.41,2.33,2.41,8749181
AWE,20180319,0.945,0.95,0.945,0.945,901881
AWV,20180319,0.061,0.064,0.061,0.061,373653
AWY,20180319,0.046,0.048,0.045,0.048,1502390
AX1,20180319,1.23,1.23,1.19,1.21,1602702
AX8,20180319,0.17,0.17,0.17,0.17,18823
AXE,20180319,0.095,0.115,0.095,0.11,1227204
AXI,20180319,0.051,0.051,0.051,0.051,400000
AXL,20180319,2.08,2.08,2.04,2.05,18355
AXP,20180319,0.49,0.49,0.475,0.475,130623
AYI,20180319,0.001,0.001,0.001,0.001,90000
AYR,20180319,0.006,0.009,0.006,0.008,98122945
AYS,20180319,1.22,1.29,1.22,1.235,503410
AZI,20180319,0.008,0.008,0.007,0.007,2479120
AZJ,20180319,4.37,4.4,4.33,4.37,4977528
AZM,20180319,0.027,0.027,0.025,0.025,1765454
AZS,20180319,0.315,0.325,0.315,0.325,56651
AZY,20180319,0.018,0.019,0.017,0.017,85250
BAF,20180319,1.15,1.17,1.15,1.165,49806
BAH,20180319,0.3,0.3,0.3,0.3,33300
BAL,20180319,21.25,22.77,21.06,22.3,1230449
BAP,20180319,5.89,5.94,5.84,5.88,863810
BAR,20180319,0.051,0.056,0.051,0.055,3986472
BAS,20180319,0.004,0.004,0.004,0.004,14133713
BAT,20180319,0.079,0.079,0.077,0.078,849982
BAU,20180319,0.061,0.061,0.061,0.061,40974
BBG,20180319,0.94,0.96,0.94,0.955,73826
BBN,20180319,1.36,1.41,1.33,1.37,213361
BBOZ,20180319,15.18,15.47,15.13,15.3,42508
BBUS,20180319,4.93,4.96,4.93,4.95,161366
BBX,20180319,0.17,0.17,0.17,0.17,130233
BC8,20180319,0.36,0.36,0.345,0.35,170114
BCB,20180319,0.017,0.017,0.016,0.016,2344498
BCI,20180319,0.16,0.16,0.155,0.155,626232
BCN,20180319,0.018,0.019,0.018,0.018,1032255
BCT,20180319,0.061,0.061,0.061,0.061,267568
BD1,20180319,0.024,0.025,0.022,0.023,11733406
BDA,20180319,0.365,0.37,0.365,0.37,26250
BDI,20180319,0.001,0.001,0.001,0.001,1450000
BDR,20180319,0.09,0.09,0.074,0.074,21207497
BEAR,20180319,14.09,14.12,14.09,14.12,14300
BEE,20180319,0.17,0.17,0.16,0.16,245000
BEM,20180319,0.19,0.19,0.19,0.19,12287
BEN,20180319,10.5,10.5,10.36,10.43,1331100
BFC,20180319,0.205,0.225,0.205,0.225,383240
BFG,20180319,0.77,0.785,0.765,0.785,70707
BGA,20180319,7.05,7.07,6.94,6.99,335444
BGH,20180319,0.039,0.039,0.039,0.039,80000
BGP,20180319,4.31,4.31,3.63,3.63,31000
BGS,20180319,0.5,0.5,0.48,0.485,1517090
BGT,20180319,0.18,0.18,0.165,0.165,42216
BHD,20180319,0.855,0.855,0.83,0.83,14479
BHP,20180319,29.42,29.5,29.23,29.23,5329116
BIN,20180319,2.88,2.9,2.84,2.87,457185
BIQ,20180319,0.078,0.08,0.078,0.08,128210
BIS,20180319,1.015,1.015,0.95,0.95,22424
BIT,20180319,0.027,0.027,0.027,0.027,20000
BKI,20180319,1.63,1.65,1.625,1.625,203869
BKL,20180319,135.5,135.5,132.38,133.07,63016
BKT,20180319,0.052,0.052,0.051,0.051,202873
BKW,20180319,15.3,15.46,15.17,15.35,126157
BKY,20180319,0.86,0.88,0.86,0.86,72225
BLA,20180319,11.76,11.94,11.51,11.82,238496
BLD,20180319,7.52,7.52,7.42,7.42,2072698
BLG,20180319,0.4,0.415,0.39,0.4,1243909
BLK,20180319,0.09,0.09,0.083,0.085,59960811
BLT,20180319,0.2,0.205,0.2,0.2,84782
BLX,20180319,1.6,1.62,1.585,1.585,37674
BLY,20180319,0.011,0.011,0.01,0.01,4799882
BLZ,20180319,0.081,0.081,0.076,0.076,513280
BMG,20180319,0.013,0.013,0.013,0.013,373546
BMN,20180319,0.041,0.041,0.04,0.041,704974
BMT,20180319,0.15,0.15,0.15,0.15,84530
BNO,20180319,0.48,0.505,0.475,0.505,3327201
BOA,20180319,0.2,0.2,0.19,0.19,85000
BOE,20180319,0.045,0.045,0.038,0.042,3112177
BOL,20180319,0.195,0.2,0.195,0.195,158945
BOND,20180319,25.81,25.81,25.81,25.81,2000
BOQ,20180319,11.67,11.72,11.55,11.62,1113086
BOT,20180319,0.12,0.12,0.117,0.12,1748172
BPF,20180319,0.135,0.135,0.135,0.135,10000
BPH,20180319,0.002,0.002,0.002,0.002,12835
BPL,20180319,0.099,0.12,0.097,0.105,3494956
BPP,20180319,0.02,0.021,0.02,0.021,469412
BPT,20180319,1.24,1.25,1.225,1.225,12484669
BRB,20180319,0.575,0.58,0.565,0.57,14267
BRC,20180319,0.045,0.05,0.045,0.05,697167
BRG,20180319,12.58,12.71,12.17,12.2,205430
BRK,20180319,0.018,0.019,0.017,0.017,11791290
BRL,20180319,0.145,0.15,0.145,0.15,460387
BRN,20180319,0.175,0.18,0.175,0.175,685765
BRU,20180319,0.32,0.325,0.32,0.325,231281
BSA,20180319,0.36,0.365,0.35,0.36,3020573
BSE,20180319,0.28,0.28,0.27,0.275,860384
BSL,20180319,15.72,15.72,15.28,15.39,1434602
BSM,20180319,0.025,0.029,0.024,0.025,29024945
BSR,20180319,0.014,0.014,0.014,0.014,707142
BST,20180319,0.89,0.89,0.89,0.89,21127
BSX,20180319,0.38,0.39,0.375,0.38,85346
BTC,20180319,0.2,0.2,0.19,0.19,24999
BTH,20180319,0.395,0.397,0.39,0.395,117012
BTI,20180319,0.84,0.85,0.825,0.85,159918
BTT,20180319,10.56,10.57,10.35,10.43,405528
BUB,20180319,0.82,0.82,0.805,0.815,1289327
BUD,20180319,0.175,0.175,0.165,0.17,1276047
BUG,20180319,0.36,0.36,0.36,0.36,10667
BUL,20180319,0.13,0.13,0.12,0.125,1616518
BUX,20180319,0.12,0.12,0.12,0.12,82723
BVS,20180319,2.47,2.6,2.43,2.53,1822958
BWF,20180319,1.045,1.06,1.045,1.055,14077
BWP,20180319,3.01,3.04,3.01,3.04,1103046
BWR,20180319,1.385,1.385,1.385,1.385,1954
BWX,20180319,5.12,5.17,5.04,5.13,475081
BXB,20180319,9.75,9.965,9.73,9.9,7559937
BXN,20180319,0.081,0.081,0.081,0.081,135578
BYE,20180319,0.31,0.33,0.31,0.32,758813
CAA,20180319,0.162,0.165,0.16,0.165,670869
CAB,20180319,1.72,1.73,1.685,1.73,909169
CAF,20180319,0.455,0.455,0.45,0.45,34489
CAG,20180319,0.28,0.28,0.28,0.28,15000
CAI,20180319,0.043,0.044,0.043,0.043,1147817
CAJ,20180319,0.27,0.275,0.27,0.27,709501
CAM,20180319,0.875,0.875,0.865,0.865,85127
CAN,20180319,3.08,3.08,2.93,2.95,187557
CAP,20180319,0.088,0.089,0.084,0.089,174065
CAR,20180319,14.83,14.88,14.55,14.68,642950
CAS,20180319,0.069,0.069,0.069,0.069,100000
CAT,20180319,1.27,1.27,1.22,1.22,57927
CAV,20180319,0.022,0.022,0.019,0.02,16629764
CAY,20180319,0.11,0.11,0.11,0.11,298783
CAZ,20180319,0.049,0.05,0.048,0.05,481186
CBA,20180319,75.66,75.98,74.89,74.89,2364077
CBC,20180319,0.865,0.87,0.85,0.87,3526
CCA,20180319,0.94,0.94,0.915,0.92,87278
CCE,20180319,0.04,0.04,0.039,0.039,1676677
CCL,20180319,8.8,8.82,8.71,8.72,1297803
CCP,20180319,20.54,20.62,20.07,20.15,183467
CCV,20180319,0.38,0.387,0.38,0.38,183275
CCZ,20180319,0.044,0.045,0.042,0.044,806057
CD2,20180319,1.97,1.97,1.96,1.96,5000
CD3,20180319,1.535,1.535,1.53,1.53,28125
CDA,20180319,2.4,2.45,2.36,2.42,161400
CDD,20180319,1.405,1.405,1.385,1.4,360732
CDM,20180319,1.345,1.35,1.335,1.34,48377
CDP,20180319,7.57,7.6,7.57,7.59,2006
CDT,20180319,0.023,0.024,0.023,0.024,188467
CDV,20180319,0.535,0.54,0.525,0.535,129565
CE1,20180319,0.059,0.059,0.057,0.057,630800
CEN,20180319,5.1,5.1,5.1,5.1,5667
CETF,20180319,64.72,64.72,64.41,64.55,885
CFE,20180319,0.042,0.044,0.042,0.042,1943733
CFO,20180319,0.2,0.21,0.19,0.19,622703
CG1,20180319,0.555,0.56,0.555,0.56,55000
CGC,20180319,7.4,7.435,7.28,7.33,725967
CGF,20180319,12.05,12.29,11.88,11.97,990961
CGL,20180319,6.62,6.71,6.62,6.7,32094
CGM,20180319,0.007,0.007,0.006,0.006,9358466
CGR,20180319,0.525,0.53,0.52,0.525,264577
CGS,20180319,0.88,0.88,0.87,0.87,4137
CHC,20180319,5.95,5.95,5.89,5.91,1209244
CHK,20180319,0.01,0.01,0.01,0.01,401612
CHN,20180319,0.17,0.175,0.17,0.17,368151
CHP,20180319,0.009,0.009,0.009,0.009,181666
CHZ,20180319,0.061,0.061,0.061,0.061,402019
CIA,20180319,1.21,1.215,1.185,1.19,115182
CIE,20180319,0.955,0.97,0.95,0.95,141367
CII,20180319,1.795,1.815,1.795,1.8,5008
CIM,20180319,46.82,47.09,46.35,46.5,174660
CIN,20180319,33.1,33.1,32.87,32.87,1223
CIP,20180319,2.55,2.56,2.52,2.55,283677
CIW,20180319,0.52,0.52,0.52,0.52,1804
CKA,20180319,0.042,0.044,0.042,0.042,655868
CKF,20180319,5.12,5.12,5.02,5.06,87155
CL1,20180319,2.53,2.53,2.51,2.52,93523
CL8,20180319,0.022,0.022,0.022,0.022,562500
CLA,20180319,0.12,0.135,0.115,0.115,7594078
CLH,20180319,1.31,1.345,1.31,1.345,222537
CLI,20180319,0.05,0.05,0.05,0.05,110000
CLL,20180319,0.135,0.14,0.13,0.13,1705149
CLQ,20180319,1.28,1.28,1.235,1.25,1645719
CLT,20180319,0.385,0.4,0.385,0.4,5794
CLV,20180319,0.64,0.64,0.63,0.64,75209
CLW,20180319,3.99,4,3.95,3.97,371475
CLX,20180319,1.11,1.11,1.11,1.11,1000
CLZ,20180319,0.004,0.004,0.004,0.004,1868886
CM8,20180319,0.084,0.084,0.084,0.084,35710
CMA,20180319,2.3,2.305,2.28,2.29,250453
CMI,20180319,1.445,1.5,1.445,1.5,93701
CMM,20180319,0.076,0.079,0.075,0.078,88419
CMP,20180319,0.355,0.355,0.355,0.355,26225
CMW,20180319,1.065,1.095,1.06,1.095,7848197
CND,20180319,0.082,0.085,0.082,0.085,17142
CNI,20180319,1.36,1.36,1.36,1.36,7277
CNJ,20180319,0.039,0.044,0.039,0.042,1090773
CNU,20180319,3.77,3.77,3.63,3.67,697374
CNW,20180319,0.016,0.016,0.015,0.015,178042
CNX,20180319,0.155,0.155,0.15,0.155,14000
COB,20180319,1.145,1.235,1.025,1.04,2359645
COE,20180319,0.315,0.322,0.31,0.31,2506512
COG,20180319,0.11,0.11,0.105,0.105,2031600
COH,20180319,191.5,192.26,188.39,190.53,121356
COI,20180319,0.29,0.3,0.275,0.285,1545495
CP1,20180319,0.23,0.23,0.22,0.23,203346
CPH,20180319,0.815,0.82,0.76,0.785,1245600
CPU,20180319,17.77,17.85,17.57,17.81,1009012
CQG,20180319,1.04,1.05,1.02,1.045,262196
CQR,20180319,3.88,3.91,3.86,3.91,789430
CRB,20180319,0.036,0.037,0.036,0.037,333244
CRD,20180319,1.1,1.1,1.07,1.07,41400
CRO,20180319,0.069,0.072,0.068,0.069,396937
CRR,20180319,2.68,2.68,2.65,2.68,19907
CSK,20180319,0.079,0.079,0.079,0.079,2000
CSL,20180319,167.41,167.6,164.11,166.59,752418
CSR,20180319,5.32,5.38,5.3,5.31,1243464
CSS,20180319,0.058,0.059,0.057,0.057,556283
CSV,20180319,0.32,0.325,0.315,0.325,202230
CTD,20180319,24.9,24.9,24.45,24.63,211706
CTL,20180319,0.011,0.013,0.011,0.012,10921861
CTM,20180319,0.012,0.012,0.012,0.012,10465111
CTO,20180319,0.007,0.007,0.007,0.007,100000
CTP,20180319,0.12,0.12,0.117,0.117,65042
CTX,20180319,32,32.22,31.53,31.63,954970
CUE,20180319,0.065,0.067,0.065,0.067,69409
CUP,20180319,0.555,0.56,0.555,0.56,2718
CUV,20180319,9.7,10.5,9.66,9.99,108959
CV1,20180319,0.07,0.07,0.07,0.07,640524
CVF,20180319,1.18,1.205,1.18,1.195,82810
CVN,20180319,0.135,0.135,0.132,0.135,938412
CVT,20180319,0.032,0.032,0.031,0.031,567601
CVW,20180319,1.56,1.56,1.52,1.52,43230
CWN,20180319,13.59,13.7,13.35,13.46,1747226
CWP,20180319,6.6,6.64,6.45,6.45,102479
CWX,20180319,0.24,0.24,0.225,0.225,150221
CWY,20180319,1.505,1.505,1.455,1.47,7436355
CXM,20180319,0.145,0.145,0.145,0.145,5000
CXO,20180319,0.063,0.064,0.062,0.062,1854984
CXU,20180319,0.033,0.035,0.033,0.034,71229
CXX,20180319,0.105,0.105,0.105,0.105,34024
CXZ,20180319,0.009,0.009,0.009,0.009,200000
CY5,20180319,0.24,0.24,0.24,0.24,20000
CYA,20180319,0.955,0.96,0.95,0.96,51172
CYB,20180319,5.48,5.56,5.48,5.55,1562136
CYC,20180319,1.1,1.195,1.1,1.195,20466
CYL,20180319,1.15,1.17,1.14,1.155,12720
CYP,20180319,1.265,1.29,1.235,1.25,74431
CYQ,20180319,0.02,0.02,0.019,0.019,135182
CZI,20180319,0.075,0.076,0.075,0.075,636498
CZL,20180319,0.01,0.01,0.01,0.01,880000
CZN,20180319,0.013,0.013,0.013,0.013,2573307
CZR,20180319,0.018,0.018,0.018,0.018,2624169
CZZ,20180319,16.8,16.98,16.8,16.88,2122
D2O,20180319,1.095,1.095,1.08,1.095,3583
DAV,20180319,0.087,0.087,0.087,0.087,50000
DBF,20180319,1.68,1.68,1.68,1.68,2235
DCC,20180319,0.21,0.21,0.195,0.2,2420438
DCG,20180319,1.18,1.225,1.18,1.225,80872
DCN,20180319,3.07,3.09,3.03,3.06,249617
DDD,20180319,0.004,0.004,0.004,0.004,4208584
DDR,20180319,2.9,2.9,2.88,2.89,60487
DEG,20180319,0.135,0.16,0.13,0.16,10864759
DFM,20180319,0.98,1.065,0.965,1.04,240619
DGO,20180319,0.71,0.75,0.71,0.75,3400
DGR,20180319,0.088,0.088,0.085,0.085,21193
DHG,20180319,3.1,3.115,3.04,3.1,1207688
DHR,20180319,0.019,0.02,0.019,0.02,3621298
DJRE,20180319,19.7,19.75,19.7,19.74,4382
DJW,20180319,3.3,3.32,3.23,3.24,165731
DKM,20180319,0.26,0.26,0.26,0.26,869
DLC,20180319,0.004,0.004,0.004,0.004,1000
DLX,20180319,7.71,7.74,7.6,7.69,512988
DMG,20180319,0.02,0.02,0.02,0.02,11265
DMI,20180319,0.11,0.115,0.105,0.115,174100
DMP,20180319,42.77,43.79,42.77,43.09,343568
DN8,20180319,0.15,0.15,0.15,0.15,55000
DNA,20180319,0.235,0.235,0.22,0.23,15533
DNK,20180319,0.715,0.72,0.71,0.71,86851
DOR,20180319,0.13,0.13,0.12,0.12,41750
DOW,20180319,6.65,6.68,6.56,6.61,1045084
DRG,20180319,0.22,0.22,0.21,0.21,541936
DRK,20180319,0.017,0.017,0.017,0.017,222761
DRM,20180319,0.265,0.27,0.26,0.27,312345
DRO,20180319,0.275,0.275,0.26,0.265,278561
DRX,20180319,0.023,0.023,0.023,0.023,300000
DSE,20180319,0.047,0.047,0.046,0.046,114000
DSX,20180319,0.022,0.022,0.022,0.022,3000
DTI,20180319,0.1,0.1,0.099,0.099,115150
DTL,20180319,1.665,1.725,1.655,1.69,76550
DTM,20180319,0.008,0.009,0.008,0.008,1950354
DTS,20180319,0.27,0.27,0.26,0.26,26376
DTZ,20180319,0.14,0.14,0.135,0.135,51517
DUB,20180319,0.35,0.35,0.345,0.35,91008
DUI,20180319,4.1,4.12,4.1,4.12,133880
DW8,20180319,0.008,0.008,0.008,0.008,2526092
DWS,20180319,1.395,1.395,1.385,1.387,98531
DXB,20180319,0.125,0.13,0.125,0.125,73426
DXS,20180319,9.58,9.62,9.51,9.54,1268926
DYL,20180319,0.265,0.265,0.25,0.25,26487
EAI,20180319,1.135,1.135,1.125,1.125,58071
EAR,20180319,0.31,0.315,0.305,0.305,834757
EAS,20180319,1,1,1,1,30000
EAX,20180319,0.7,0.7,0.695,0.695,43000
EBO,20180319,17,17.2,17,17.18,3515
ECG,20180319,0.19,0.19,0.18,0.18,182455
ECX,20180319,3.66,3.67,3.58,3.64,713108
EDE,20180319,0.093,0.093,0.085,0.085,3453929
EEU,20180319,15.44,15.44,15.44,15.44,314
EFE,20180319,0.01,0.01,0.01,0.01,394690
EGA,20180319,0.265,0.27,0.265,0.265,176240
EGD,20180319,2.02,2.03,2,2,62500
EGG,20180319,1.02,1.03,1.02,1.03,5848
EGH,20180319,0.28,0.285,0.265,0.28,263115
EGI,20180319,1.11,1.11,1.11,1.11,94189
EGN,20180319,0.505,0.52,0.505,0.52,8783
EHE,20180319,3.47,3.5,3.39,3.42,591024
EHL,20180319,0.3,0.315,0.3,0.315,8266496
EHX,20180319,0.13,0.135,0.125,0.125,265507
ELD,20180319,6.6,6.715,6.42,6.46,309995
ELK,20180319,0.095,0.096,0.093,0.093,203102
ELO,20180319,6.8,6.8,6.69,6.7,14285
ELS,20180319,0.69,0.73,0.69,0.71,289810
ELX,20180319,0.88,0.89,0.87,0.87,40505
EM2,20180319,0.35,0.35,0.3,0.3,995835
EMF,20180319,2.16,2.16,2.16,2.16,58143
EMG,20180319,0.013,0.013,0.013,0.013,50000
EMH,20180319,0.385,0.4,0.385,0.4,56100
EML,20180319,1.24,1.24,1.16,1.18,1206472
EMR,20180319,0.039,0.039,0.039,0.039,338384
EN1,20180319,0.13,0.145,0.125,0.13,366218
ENB,20180319,0.014,0.014,0.012,0.013,4630159
ENN,20180319,1.9,1.925,1.9,1.925,3177
ENR,20180319,0.06,0.06,0.058,0.058,325572
ENT,20180319,0.018,0.018,0.018,0.018,35621
EOR,20180319,0.008,0.008,0.008,0.008,17545
EOS,20180319,2.91,2.97,2.91,2.96,56861
EPD,20180319,0.5,0.5,0.475,0.485,313501
EPM,20180319,0.006,0.006,0.006,0.006,1857418
EPW,20180319,1.84,1.85,1.815,1.85,314011
EQE,20180319,0.03,0.03,0.029,0.03,661622
EQT,20180319,21.1,21.1,20.78,21.1,3348
EQX,20180319,0.36,0.36,0.355,0.355,104987
ERA,20180319,0.6,0.602,0.59,0.6,90270
ERF,20180319,1.305,1.305,1.28,1.28,61505
ERL,20180319,0.016,0.016,0.016,0.016,146500
ERM,20180319,0.08,0.08,0.078,0.079,452466
ESE,20180319,0.18,0.18,0.16,0.16,87877
ESH,20180319,0.013,0.014,0.012,0.012,6492457
ESI,20180319,0.011,0.012,0.011,0.012,13442916
ESR,20180319,0.023,0.023,0.023,0.023,410360
ESV,20180319,0.16,0.16,0.16,0.16,30094
ETE,20180319,0.019,0.019,0.018,0.018,1331324
ETPMAG,20180319,20.2,20.24,20.17,20.17,12103
ETPMPD,20180319,120.2,120.2,120.2,120.2,0
ETPMPM,20180319,124.43,124.43,124.43,124.43,20
ETPMPT,20180319,116.97,116.97,116.97,116.97,0
EUC,20180319,0.1,0.105,0.1,0.1,337154
EUR,20180319,0.245,0.245,0.225,0.23,227168
EVE,20180319,0.013,0.013,0.011,0.012,16306609
EVN,20180319,2.9,2.95,2.89,2.94,8796927
EVT,20180319,13.5,13.77,13.34,13.77,194751
EVZ,20180319,0.024,0.025,0.024,0.025,446284
EWC,20180319,0.27,0.27,0.26,0.26,629833
EXG,20180319,0.048,0.048,0.048,0.048,254408
EXL,20180319,1.615,1.68,1.615,1.68,92508
EXP,20180319,0.7,0.72,0.7,0.7,642748
EXR,20180319,0.092,0.092,0.088,0.088,385141
EXU,20180319,0.11,0.11,0.11,0.11,16909
EZL,20180319,1.13,1.185,1.13,1.155,39747
FAR,20180319,0.081,0.081,0.079,0.079,13583277
FBR,20180319,0.165,0.165,0.16,0.16,475232
FBU,20180319,6.07,6.08,5.98,6.02,1019035
FCC,20180319,1.1,1.1,1.05,1.065,89111
FCR,20180319,0.002,0.002,0.001,0.001,2880000
FCT,20180319,0.335,0.35,0.335,0.35,63728
FDM,20180319,0.29,0.29,0.28,0.285,293782
FDV,20180319,0.695,0.695,0.66,0.66,246218
FDX,20180319,0.17,0.17,0.165,0.165,31388
FEI,20180319,0.125,0.125,0.12,0.12,225174
FEL,20180319,0.041,0.041,0.038,0.038,1368000
FET,20180319,2.78,2.81,2.76,2.79,314946
FFG,20180319,0.051,0.051,0.049,0.049,2061659
FFT,20180319,0.125,0.125,0.125,0.125,370023
FGF,20180319,0.016,0.018,0.016,0.017,18577927
FGG,20180319,1.24,1.255,1.24,1.25,74492
FGO,20180319,0.055,0.055,0.051,0.051,1893714
FGR,20180319,0.21,0.21,0.195,0.195,1828206
FGX,20180319,1.195,1.195,1.18,1.18,412983
FID,20180319,4.92,4.96,4.92,4.95,6081
FIG,20180319,0.425,0.425,0.405,0.41,153048
FLC,20180319,0.38,0.42,0.375,0.415,992889
FLK,20180319,1.19,1.19,1.19,1.19,10000
FLN,20180319,0.495,0.495,0.48,0.49,9154
FLT,20180319,56.84,57.45,56.32,57.31,438039
FMG,20180319,4.76,4.81,4.73,4.75,13687551
FML,20180319,0.31,0.31,0.305,0.305,3846
FMS,20180319,0.082,0.083,0.082,0.082,480788
FND,20180319,0.23,0.23,0.225,0.23,608315
FOD,20180319,0.039,0.039,0.038,0.038,48510
FOR,20180319,2.02,2.03,2.02,2.02,17585
FPC,20180319,1.07,1.095,1.07,1.09,47857
FPH,20180319,12.15,12.26,12.07,12.11,258885
FPL,20180319,0.008,0.008,0.007,0.007,373267
FPP,20180319,1.04,1.1,1.04,1.1,13566
FRI,20180319,0.99,1,0.99,0.99,53374
FRM,20180319,0.955,0.96,0.95,0.95,33584
FRN,20180319,0.019,0.019,0.019,0.019,42826
FSA,20180319,1.485,1.485,1.485,1.485,4940
FSF,20180319,5.54,5.55,5.48,5.48,5704
FSI,20180319,1.655,1.655,1.63,1.63,10303
FUN,20180319,0.165,0.17,0.165,0.17,12589
FWD,20180319,2.78,2.89,2.75,2.89,46312
FXJ,20180319,0.7,0.705,0.685,0.7,8163402
FXL,20180319,1.725,1.745,1.71,1.735,260712
FYI,20180319,0.16,0.195,0.155,0.195,3667891
FZO,20180319,0.525,0.53,0.52,0.53,92483
G1A,20180319,1.08,1.1,1,1,151114
G88,20180319,0.76,0.79,0.735,0.76,126024
GAP,20180319,0.405,0.41,0.405,0.405,386522
GAS,20180319,0.245,0.245,0.245,0.245,2200
GBG,20180319,0.021,0.021,0.02,0.021,1353968
GBI,20180319,0.16,0.16,0.16,0.16,48602
GBP,20180319,0.031,0.031,0.031,0.031,55325
GBR,20180319,0.315,0.32,0.31,0.32,65500
GBT,20180319,2.2,2.29,2.2,2.28,110719
GBZ,20180319,0.008,0.008,0.008,0.008,235400
GC1,20180319,0.96,0.975,0.96,0.97,21286
GCR,20180319,0.015,0.015,0.015,0.015,45833
GCS,20180319,0.8,0.82,0.8,0.82,1005588
GCY,20180319,0.51,0.58,0.51,0.555,3090171
GDF,20180319,1.165,1.17,1.155,1.155,82244
GDI,20180319,1.23,1.235,1.2,1.23,740178
GDX,20180319,27.71,27.71,27.71,27.71,500
GEAR,20180319,22.84,22.87,22.5,22.71,22589
GEM,20180319,2.81,2.84,2.75,2.78,2689580
GEV,20180319,0.355,0.355,0.355,0.355,333
GFY,20180319,0.27,0.27,0.27,0.27,83
GGG,20180319,0.086,0.086,0.084,0.086,503333
GGUS,20180319,16.59,16.65,16.5,16.5,25718
GID,20180319,0.028,0.028,0.028,0.028,176055
GLA,20180319,0.006,0.006,0.005,0.006,15310842
GLB,20180319,1.32,1.32,1.25,1.25,15156
GLL,20180319,0.23,0.23,0.215,0.215,632537
GMA,20180319,2.4,2.44,2.36,2.43,2155375
GMC,20180319,0.015,0.015,0.014,0.014,634463
GME,20180319,0.17,0.17,0.16,0.16,77100
GMG,20180319,8.56,8.58,8.48,8.54,2141038
GMN,20180319,0.12,0.125,0.115,0.12,244165
GMR,20180319,0.042,0.042,0.041,0.041,307560
GMV,20180319,0.34,0.345,0.335,0.34,101846
GNC,20180319,8.13,8.2,7.94,8,1317390
GNE,20180319,2.21,2.23,2.21,2.22,8844
GNG,20180319,1.36,1.36,1.355,1.36,27105
GNX,20180319,0.31,0.31,0.3,0.3,609411
GO2,20180319,0.12,0.125,0.12,0.125,175000
GOLD,20180319,160.64,161.23,160,160.86,5310
GOO,20180319,0.082,0.083,0.082,0.082,129680
GOR,20180319,0.79,0.8,0.79,0.8,597196
GOVT,20180319,25.62,25.62,25.62,25.62,0
GOW,20180319,3.13,3.15,3.13,3.15,47200
GOZ,20180319,3.35,3.375,3.34,3.37,260459
GPP,20180319,0.016,0.016,0.016,0.016,1321679
GPR,20180319,0.032,0.032,0.031,0.032,2344779
GPT,20180319,4.73,4.79,4.72,4.79,4359993
GRB,20180319,0.076,0.077,0.076,0.077,493508
GRR,20180319,0.185,0.185,0.175,0.18,872591
GSC,20180319,0.49,0.525,0.47,0.52,4958843
GSS,20180319,0.265,0.27,0.25,0.26,104575
GSW,20180319,0.55,0.56,0.505,0.54,532262
GTE,20180319,0.015,0.015,0.015,0.015,45451
GTG,20180319,0.012,0.012,0.011,0.011,3916697
GTK,20180319,6.25,6.28,6.2,6.2,23969
GTN,20180319,2.03,2.03,1.955,1.97,135756
GTY,20180319,1.97,1.995,1.95,1.99,574159
GUD,20180319,11.81,11.815,11.49,11.55,83589
GVF,20180319,1.11,1.11,1.11,1.11,230800
GWA,20180319,3.26,3.29,3.23,3.25,654726
GWR,20180319,0.2,0.21,0.2,0.21,402195
GXL,20180319,5.4,5.4,5.26,5.29,379828
GXY,20180319,3.55,3.55,3.41,3.43,2444789
HACK,20180319,6.5,6.51,6.47,6.49,31838
HAS,20180319,0.34,0.34,0.325,0.325,78928
HAV,20180319,0.265,0.265,0.255,0.26,148146
HAW,20180319,0.075,0.075,0.074,0.074,73182
HCH,20180319,0.035,0.035,0.034,0.034,220175
HCT,20180319,0.11,0.11,0.11,0.11,10000
HDY,20180319,0.004,0.006,0.004,0.005,25339747
HE8,20180319,0.045,0.046,0.042,0.046,1367000
HEG,20180319,0.13,0.135,0.13,0.13,431932
HFR,20180319,0.87,0.87,0.82,0.825,357467
HGM,20180319,0.061,0.061,0.058,0.059,1068649
HGO,20180319,0.084,0.086,0.082,0.086,172145
HHM,20180319,0.039,0.039,0.038,0.038,244106
HIG,20180319,0.087,0.091,0.086,0.087,2049662
HIL,20180319,0.22,0.22,0.21,0.215,94433
HIT,20180319,1.035,1.04,1.02,1.03,28428
HLO,20180319,4.52,4.73,4.52,4.73,1383
HLX,20180319,0.039,0.041,0.039,0.041,768295
HMO,20180319,0.09,0.09,0.09,0.09,10619
HMX,20180319,0.046,0.047,0.046,0.046,119745
HNG,20180319,0.49,0.52,0.49,0.52,50000
HNR,20180319,0.02,0.023,0.02,0.023,10854023
HOM,20180319,0.62,0.63,0.615,0.62,45269
HOT,20180319,0.23,0.23,0.23,0.23,20000
HPI,20180319,3.05,3.07,3,3,302761
HRL,20180319,0.155,0.16,0.155,0.16,47410
HRR,20180319,0.74,0.74,0.71,0.715,28978
HSN,20180319,4.35,4.38,4.32,4.34,153966
HSO,20180319,1.97,1.975,1.945,1.965,3493622
HT1,20180319,1.85,1.865,1.76,1.82,791354
HT8,20180319,0.059,0.06,0.059,0.06,150000
HTA,20180319,0.055,0.055,0.054,0.054,38552
HUB,20180319,10.45,10.45,10.11,10.28,42617
HUO,20180319,4.5,4.55,4.49,4.5,34325
HVN,20180319,3.76,3.79,3.72,3.79,3099200
HVST,20180319,16.02,16.03,15.93,15.99,50616
HWK,20180319,0.035,0.035,0.033,0.033,547244
HXG,20180319,0.24,0.24,0.215,0.225,327263
HZN,20180319,0.135,0.135,0.12,0.125,1260912
HZR,20180319,0.425,0.435,0.405,0.41,90233
IAA,20180319,91.05,92.5,90.89,91.69,6796
IAB,20180319,0.45,0.45,0.45,0.45,5000
IAF,20180319,106.5,106.54,106.45,106.5,5161
IAG,20180319,7.86,7.91,7.795,7.82,2839346
IAM,20180319,0.03,0.033,0.03,0.032,4894716
IAU,20180319,1.175,1.177,1.175,1.175,2560
IBG,20180319,0.056,0.058,0.054,0.055,1561526
IBK,20180319,62,62.24,62,62.16,1009
IBX,20180319,0.065,0.069,0.065,0.065,27897
ICG,20180319,0.006,0.006,0.005,0.005,269000
ICN,20180319,0.024,0.024,0.024,0.024,35000
ICQ,20180319,0.255,0.27,0.255,0.27,615044
ICS,20180319,1.26,1.26,1.26,1.26,426
ICT,20180319,0.057,0.057,0.055,0.055,203423
ICU,20180319,0.045,0.045,0.045,0.045,25000
IDA,20180319,0.07,0.07,0.07,0.07,630
IDO,20180319,0.02,0.02,0.02,0.02,600000
IDR,20180319,2.58,2.58,2.56,2.57,120473
IDX,20180319,2.14,2.14,2.09,2.1,168361
IDZ,20180319,0.21,0.21,0.21,0.21,5300
IEC,20180319,0.013,0.013,0.013,0.013,53668
IEL,20180319,7.52,7.53,7.33,7.48,239680
IEM,20180319,63.4,63.98,63.4,63.83,14094
IEU,20180319,61.15,61.17,61,61.13,17597
IFL,20180319,10.71,10.77,10.61,10.69,914119
IFM,20180319,0.83,0.83,0.817,0.82,113105
IFN,20180319,0.59,0.59,0.58,0.59,810631
IFT,20180319,2.81,2.81,2.81,2.81,725
IGB,20180319,102.91,103.08,102.91,103.08,1399
IGE,20180319,0.395,0.395,0.38,0.38,5857
IGL,20180319,2.18,2.19,2.17,2.17,103917
IGO,20180319,4.73,4.88,4.72,4.87,2856966
IHCB,20180319,105.22,105.22,104.87,105.12,1196
IHD,20180319,13.83,13.83,13.72,13.78,13934
IHEB,20180319,106.6,106.6,106.01,106.15,485
IHHY,20180319,106.5,106.5,106.5,106.5,837
IHK,20180319,33.5,33.7,33.47,33.7,1448
IHL,20180319,0.026,0.028,0.025,0.028,1286953
IHOO,20180319,113.51,113.51,112.8,112.8,232
IHR,20180319,0.31,0.31,0.31,0.31,40700
IHS,20180319,0.024,0.024,0.024,0.024,1334
IHVV,20180319,350.7,350.7,349.14,349.34,266
IIL,20180319,0.029,0.029,0.029,0.029,111006
IJH,20180319,251.05,251.05,250.35,250.9,4368
IJP,20180319,78.44,78.79,78.2,78.51,12452
IJR,20180319,102.73,103.49,102.72,103.49,2556
IKO,20180319,98.26,98.98,98.26,98.72,420
ILB,20180319,116.59,116.64,116.54,116.54,934
ILC,20180319,23.56,23.68,23.52,23.57,13032
ILU,20180319,11.08,11.1,10.93,10.98,1444005
IMA,20180319,0.105,0.105,0.105,0.105,652000
IMC,20180319,0.405,0.41,0.39,0.39,458732
IMD,20180319,1.175,1.225,1.17,1.19,199782
IMF,20180319,2.47,2.475,2.36,2.47,368015
IMM,20180319,0.025,0.025,0.023,0.023,14533278
IMS,20180319,0.03,0.031,0.029,0.03,1352717
IMU,20180319,0.029,0.034,0.029,0.032,54919075
INA,20180319,2.69,2.73,2.69,2.73,166991
ING,20180319,3.51,3.55,3.49,3.49,1351747
INM,20180319,41.8,42.5,41.44,41.56,373115
IOD,20180319,0.01,0.01,0.01,0.01,1677
IOF,20180319,4.34,4.37,4.3,4.35,576025
IOO,20180319,121.99,122.22,121.73,122.09,9778
IOT,20180319,0.006,0.006,0.005,0.005,2350000
IOZ,20180319,24.84,24.85,24.68,24.8,44776
IPD,20180319,0.735,0.76,0.715,0.76,75733
IPE,20180319,0.135,0.14,0.135,0.14,511765
IPH,20180319,3.49,3.49,3.3,3.4,1795897
IPL,20180319,3.81,3.83,3.78,3.81,2267794
IPT,20180319,0.015,0.015,0.014,0.014,2389849
IRD,20180319,0.16,0.16,0.16,0.16,3465
IRE,20180319,9.82,9.95,9.64,9.71,288531
IRI,20180319,3.9,3.94,3.89,3.94,173188
IRU,20180319,204.09,204.55,204.09,204.55,637
ISD,20180319,0.93,0.952,0.93,0.95,275239
ISO,20180319,4.99,4.99,4.99,4.99,405
ISU,20180319,1.05,1.06,1.02,1.03,275793
ISX,20180319,0.18,0.18,0.165,0.165,2117985
ITW,20180319,49.66,49.66,49.66,49.66,235
IVC,20180319,13.89,13.9,13.62,13.65,506238
IVE,20180319,91.19,91.36,91.01,91.25,2571
IVO,20180319,0.007,0.007,0.007,0.007,3154319
IVV,20180319,359.41,360.28,358.93,359.85,13686
IVX,20180319,0.02,0.023,0.019,0.019,12106553
IXI,20180319,129,130.22,129,130.15,5570
IXJ,20180319,148.01,149.65,148.01,149.6,4618
IXP,20180319,75.63,75.9,75.63,75.9,1402
IXU,20180319,0.32,0.32,0.3,0.32,284930
IZZ,20180319,63.55,63.99,63.21,63.83,2388
JAL,20180319,0.105,0.105,0.105,0.105,21169
JAN,20180319,0.535,0.535,0.535,0.535,12993
JAT,20180319,0.165,0.17,0.16,0.16,2135862
JAY,20180319,0.45,0.465,0.45,0.465,66633
JBH,20180319,26.23,26.39,25.93,26.21,227644
JCI,20180319,0.675,0.675,0.675,0.675,11000
JCS,20180319,0.035,0.035,0.035,0.035,97207
JDR,20180319,0.021,0.021,0.02,0.02,1925035
JHC,20180319,1.945,1.945,1.9,1.915,187199
JHG,20180319,45.35,45.5,44.99,45.12,385770
JHX,20180319,22.86,22.99,22.65,22.83,556277
JIN,20180319,4.02,4.05,3.99,4,396871
JJF,20180319,0.13,0.13,0.13,0.13,58700
JKA,20180319,0.004,0.004,0.004,0.004,311767
JKL,20180319,0.076,0.076,0.075,0.076,207694
JLG,20180319,1.425,1.425,1.41,1.41,15716
JRV,20180319,0.495,0.495,0.48,0.48,179427
JVG,20180319,0.002,0.002,0.001,0.001,2510000
JYC,20180319,1.63,1.63,1.625,1.63,15000
K2F,20180319,0.255,0.255,0.25,0.25,22891
KAI,20180319,0.037,0.039,0.036,0.038,4697448
KAM,20180319,0.195,0.195,0.185,0.185,30400
KAR,20180319,1.15,1.17,1.14,1.155,189770
KAS,20180319,0.016,0.016,0.015,0.015,3557121
KAT,20180319,0.76,0.76,0.76,0.76,36596
KCN,20180319,0.34,0.34,0.32,0.325,468918
KDR,20180319,2.23,2.28,2.18,2.24,6254361
KEY,20180319,0.012,0.012,0.012,0.012,200000
KFE,20180319,0.12,0.13,0.12,0.12,720462
KGL,20180319,0.335,0.335,0.335,0.335,16876
KGM,20180319,0.007,0.007,0.007,0.007,28416
KGN,20180319,10,10,9.7,9.8,915451
KII,20180319,2.79,2.79,2.79,2.79,18120
KIN,20180319,0.265,0.27,0.255,0.255,391276
KKT,20180319,0.43,0.43,0.43,0.43,20000
KLH,20180319,0.01,0.01,0.01,0.01,200446
KLL,20180319,0.42,0.42,0.415,0.415,218279
KLO,20180319,0.09,0.09,0.09,0.09,10000
KLR,20180319,0.036,0.036,0.036,0.036,60
KMD,20180319,2.22,2.35,2.2,2.3,201819
KME,20180319,0.52,0.52,0.52,0.52,3500
KMT,20180319,0.028,0.028,0.027,0.027,326355
KNL,20180319,0.16,0.16,0.155,0.155,32425
KNM,20180319,0.092,0.096,0.09,0.094,389792
KOR,20180319,0.034,0.036,0.034,0.035,2254408
KOV,20180319,2.19,2.19,2.1,2.1,3832
KP2,20180319,0.11,0.11,0.105,0.105,50000
KPO,20180319,0.04,0.04,0.032,0.033,3401952
KRC,20180319,0.125,0.165,0.125,0.16,35042580
KRL,20180319,0.019,0.02,0.018,0.02,696630
KRM,20180319,0.075,0.075,0.072,0.072,3240664
KRS,20180319,0.04,0.04,0.04,0.04,25000
KSC,20180319,1.695,1.705,1.69,1.69,4798
KSL,20180319,0.85,0.86,0.85,0.86,145991
KSN,20180319,0.023,0.023,0.022,0.022,6101495
KTA,20180319,0.042,0.043,0.042,0.043,215000
KTE,20180319,0.011,0.011,0.011,0.011,991273
KYK,20180319,0.22,0.22,0.22,0.22,24996
KZA,20180319,0.775,0.8,0.775,0.775,91203
KZR,20180319,0.07,0.07,0.07,0.07,50000
LAA,20180319,0.14,0.14,0.14,0.14,50000
LAU,20180319,0.4,0.4,0.4,0.4,49658
LBT,20180319,0.15,0.15,0.145,0.145,297047
LCA,20180319,0.69,0.69,0.69,0.69,43000
LCD,20180319,0.033,0.033,0.033,0.033,135000
LCK,20180319,0.11,0.115,0.105,0.105,339328
LCT,20180319,0.025,0.025,0.025,0.025,37986
LEG,20180319,0.023,0.023,0.022,0.022,4742019
LEP,20180319,4.9,4.97,4.9,4.92,36104
LER,20180319,0.08,0.08,0.077,0.077,97500
LFR,20180319,0.095,0.095,0.092,0.095,228317
LGR,20180319,0.06,0.063,0.057,0.057,244536
LHC,20180319,3.61,3.62,3.6,3.6,71186
LI3,20180319,0.11,0.11,0.105,0.105,166135
LIC,20180319,5.1,5.17,5.02,5.03,26626
LIO,20180319,0.041,0.041,0.04,0.04,30000
LIT,20180319,0.17,0.17,0.16,0.16,580484
LKE,20180319,0.165,0.165,0.16,0.165,1245220
LKO,20180319,0.003,0.003,0.002,0.002,8019589
LLC,20180319,17.76,17.94,17.74,17.9,1273435
LMG,20180319,0.012,0.012,0.012,0.012,136326
LML,20180319,0.031,0.031,0.031,0.031,71462
LMW,20180319,0.605,0.61,0.6,0.6,42640
LNG,20180319,0.49,0.495,0.475,0.485,305332
LNK,20180319,8.58,8.58,8.4,8.54,2749303
LNU,20180319,0.093,0.093,0.086,0.087,1824111
LNY,20180319,0.003,0.003,0.003,0.003,1500024
LOM,20180319,0.235,0.24,0.23,0.23,440746
LON,20180319,0.038,0.038,0.036,0.036,6121490
LOV,20180319,9.17,9.22,9.08,9.12,627753
LPD,20180319,0.049,0.049,0.047,0.047,3277152
LPE,20180319,0.02,0.02,0.019,0.02,667003
LPI,20180319,0.43,0.43,0.4,0.405,768430
LRM,20180319,0.155,0.155,0.155,0.155,3500
LRS,20180319,0.012,0.012,0.011,0.011,9833099
LSH,20180319,0.14,0.14,0.135,0.14,99615
LSR,20180319,0.027,0.027,0.026,0.026,378157
LSX,20180319,0.35,0.35,0.35,0.35,2684
LTR,20180319,0.039,0.039,0.037,0.037,1073519
LVH,20180319,0.975,0.975,0.93,0.945,150601
LVT,20180319,0.43,0.43,0.415,0.42,352767
LYC,20180319,2.52,2.645,2.51,2.6,10112890
LYL,20180319,4.9,5.05,4.9,4.97,745
M7T,20180319,0.29,0.29,0.29,0.29,726
MA1,20180319,0.835,0.835,0.81,0.825,128782
MAH,20180319,0.23,0.235,0.225,0.225,1433407
MAI,20180319,0.63,0.64,0.63,0.64,53130
MAQ,20180319,18.31,18.8,18.31,18.8,3700
MAT,20180319,0.185,0.2,0.185,0.2,262988
MAU,20180319,0.185,0.185,0.17,0.17,3000
MAY,20180319,0.011,0.011,0.01,0.01,3927281
MBK,20180319,0.019,0.019,0.019,0.019,703750
MBM,20180319,0.275,0.275,0.275,0.275,10000
MCA,20180319,0.062,0.062,0.062,0.062,23100
MCE,20180319,0.485,0.49,0.45,0.46,510527
MCM,20180319,0.67,0.67,0.61,0.61,10450
MCP,20180319,1.325,1.335,1.292,1.32,28635
MCR,20180319,0.37,0.37,0.35,0.35,546275
MCT,20180319,0.031,0.032,0.03,0.031,367456
MDC,20180319,0.71,0.71,0.68,0.68,130091
MDL,20180319,1.15,1.17,1.15,1.15,75141
MDR,20180319,0.047,0.047,0.046,0.046,151366
MEA,20180319,0.405,0.41,0.4,0.4,159670
MEB,20180319,0.215,0.22,0.21,0.21,209651
MEC,20180319,1.03,1.03,1.03,1.03,5000
MED,20180319,0.006,0.006,0.006,0.006,184000
MEI,20180319,0.043,0.046,0.042,0.044,4079414
MEL,20180319,0.056,0.057,0.055,0.057,861869
MEM,20180319,0.001,0.001,0.001,0.001,167000
MEP,20180319,0.071,0.072,0.071,0.072,252864
MEZ,20180319,2.8,2.8,2.75,2.75,7079
MFD,20180319,1.05,1.05,1.05,1.05,8500
MFF,20180319,2.37,2.39,2.36,2.37,179130
MFG,20180319,25.9,26.01,25.4,25.79,339093
MGC,20180319,0.92,0.93,0.92,0.93,837235
MGE,20180319,3.11,3.13,3.11,3.12,253654
MGG,20180319,1.55,1.575,1.525,1.54,717886
MGL,20180319,0.031,0.032,0.031,0.031,35568
MGP,20180319,0.225,0.225,0.22,0.22,63851
MGR,20180319,2.21,2.23,2.195,2.23,6856781
MGT,20180319,0.028,0.028,0.028,0.028,28697
MGV,20180319,0.064,0.065,0.063,0.065,417480
MGX,20180319,0.38,0.387,0.375,0.385,876909
MHG,20180319,3.11,3.11,3.1,3.1,47869
MHI,20180319,0.19,0.19,0.19,0.19,6500
MHJ,20180319,1.13,1.13,1.095,1.11,223927
MIL,20180319,0.945,0.945,0.94,0.94,51750
MIN,20180319,17.44,17.77,17.42,17.68,1088329
MIR,20180319,2.7,2.73,2.62,2.62,66985
MJC,20180319,0.03,0.03,0.03,0.03,25000
MJP,20180319,0.016,0.016,0.015,0.015,1689523
MLB,20180319,3.28,3.3,3.26,3.29,151512
MLD,20180319,1.39,1.4,1.367,1.39,250034
MLM,20180319,0.049,0.05,0.049,0.049,329615
MLS,20180319,0.005,0.005,0.004,0.004,8800000
MLT,20180319,4.63,4.65,4.63,4.64,71730
MLX,20180319,0.86,0.88,0.835,0.835,2176183
MMI,20180319,0.295,0.295,0.285,0.285,249532
MMJ,20180319,0.415,0.415,0.405,0.405,231363
MML,20180319,0.53,0.565,0.5,0.52,518105
MMS,20180319,16.8,17.145,16.8,17.06,161826
MNC,20180319,0.015,0.016,0.015,0.016,4966354
MND,20180319,15.89,15.89,15.36,15.57,611200
MNF,20180319,5.39,5.56,5.38,5.55,107984
MNS,20180319,0.485,0.485,0.465,0.47,369876
MNW,20180319,0.041,0.041,0.039,0.039,1034356
MNY,20180319,1.9,1.96,1.89,1.95,484187
MOAT,20180319,56.14,56.2,56.14,56.17,2150
MOB,20180319,0.075,0.075,0.075,0.075,1163741
MOC,20180319,2.02,2.03,1.9,1.93,824634
MOD,20180319,0.048,0.048,0.047,0.047,1947623
MOE,20180319,6.4,6.5,6.31,6.5,11682
MOQ,20180319,0.285,0.285,0.285,0.285,30000
MOX,20180319,0.005,0.005,0.005,0.005,5000000
MOY,20180319,0.205,0.21,0.2,0.21,629292
MP1,20180319,4.11,4.16,4.03,4.05,112187
MPL,20180319,3.08,3.09,3.02,3.04,7218313
MPW,20180319,0.205,0.205,0.2,0.205,211700
MQA,20180319,5.84,5.9,5.79,5.88,2446954
MQG,20180319,105.8,105.98,105.14,105.39,487472
MRC,20180319,0.18,0.18,0.18,0.18,17442
MRG,20180319,0.39,0.39,0.375,0.385,100251
MRL,20180319,0.92,0.92,0.92,0.92,23435
MRM,20180319,0.22,0.222,0.215,0.215,407510
MRP,20180319,0.091,0.091,0.09,0.091,121762
MRQ,20180319,0.007,0.007,0.007,0.007,200000
MRR,20180319,0.07,0.07,0.068,0.068,206442
MSB,20180319,1.68,1.692,1.645,1.67,1242107
MSP,20180319,0.017,0.017,0.017,0.017,44320
MSR,20180319,0.006,0.006,0.006,0.006,2463333
MSV,20180319,0.04,0.042,0.04,0.042,706625
MTB,20180319,0.012,0.012,0.009,0.01,2498741
MTC,20180319,0.195,0.195,0.185,0.185,78830
MTH,20180319,0.047,0.049,0.046,0.048,1532086
MTO,20180319,4.11,4.14,4.01,4.05,70409
MTR,20180319,3.93,3.94,3.93,3.93,462730
MTS,20180319,3,3.06,2.99,3.05,3417273
MUA,20180319,0.4,0.41,0.395,0.4,220571
MUS,20180319,0.027,0.027,0.024,0.024,8396171
MVA,20180319,19.59,19.59,19.59,19.59,63
MVB,20180319,26.9,26.9,26.9,26.9,3137
MVE,20180319,27.84,27.84,27.72,27.72,6654
MVF,20180319,1.18,1.18,1.13,1.14,551084
MVP,20180319,7.61,7.61,7.25,7.25,2083264
MVR,20180319,24.29,24.29,24.27,24.28,4996
MVS,20180319,19.81,19.81,19.81,19.81,799
MVT,20180319,0.175,0.175,0.175,0.175,793
MVW,20180319,27.7,27.75,27.59,27.75,28357
MWR,20180319,1.02,1.07,1,1,36500
MWY,20180319,2.4,2.47,2.4,2.47,7886
MXC,20180319,0.094,0.095,0.092,0.092,1579841
MXI,20180319,0.76,0.765,0.745,0.745,45088
MXR,20180319,0.001,0.001,0.001,0.001,250000
MXT,20180319,2.02,2.02,2,2.01,263819
MYE,20180319,0.98,0.99,0.97,0.97,193705
MYL,20180319,0.058,0.058,0.055,0.055,502701
MYO,20180319,3.19,3.195,3.09,3.15,1714734
MYQ,20180319,0.805,0.81,0.7,0.7,261112
MYR,20180319,0.425,0.447,0.415,0.44,5733457
MYS,20180319,4.7,4.75,4.7,4.72,55458
MYX,20180319,0.74,0.75,0.735,0.745,4497010
MZI,20180319,0.115,0.115,0.115,0.115,9800
MZM,20180319,0.325,0.345,0.315,0.34,86796
MZN,20180319,0.009,0.01,0.009,0.009,2701428
N27,20180319,0.41,0.41,0.38,0.385,310668
NAB,20180319,29.7,29.705,29.22,29.34,4382640
NAC,20180319,1.02,1.02,0.98,1.005,21373
NAG,20180319,0.175,0.175,0.155,0.155,442912
NAM,20180319,0.52,0.52,0.52,0.52,60491
NAN,20180319,2.7,2.76,2.64,2.65,760320
NBL,20180319,2.49,2.52,2.49,2.51,22176
NC6,20180319,0.145,0.145,0.14,0.14,60000
NCC,20180319,1.31,1.33,1.31,1.33,48221
NCK,20180319,7.03,7.03,6.81,6.86,43562
NCL,20180319,0.013,0.014,0.013,0.014,100000
NCM,20180319,19.7,19.87,19.7,19.75,2485906
NCR,20180319,0.019,0.019,0.018,0.018,529874
NCZ,20180319,1.45,1.47,1.43,1.43,852249
NDQ,20180319,15.78,15.78,15.7,15.7,12020
NEA,20180319,1.07,1.07,1.01,1.03,911270
NEC,20180319,2.35,2.41,2.33,2.39,2673946
NEU,20180319,3.05,3.12,3.02,3.11,59736
NEW,20180319,1.44,1.44,1.43,1.43,42358
NGE,20180319,0.47,0.47,0.46,0.46,26500
NGI,20180319,3.56,3.69,3.56,3.63,125994
NHC,20180319,2.05,2.07,2.04,2.05,100399
NHF,20180319,6.95,6.95,6.8,6.86,543078
NHL,20180319,0.037,0.039,0.037,0.039,165916
NIU,20180319,0.002,0.003,0.002,0.003,54140000
NKP,20180319,0.03,0.075,0.03,0.072,3481798
NLI,20180319,0.054,0.054,0.052,0.052,654643
NML,20180319,0.091,0.095,0.089,0.091,1776247
NMT,20180319,0.35,0.35,0.345,0.345,288948
NOR,20180319,0.013,0.013,0.013,0.013,300000
NOV,20180319,0.215,0.225,0.215,0.22,68531
NOX,20180319,1.05,1.05,1,1,124384
NSC,20180319,0.895,0.9,0.895,0.895,153745
NSE,20180319,0.009,0.009,0.009,0.009,1050000
NSL,20180319,0.017,0.017,0.017,0.017,352750
NSR,20180319,1.55,1.58,1.55,1.565,1192886
NST,20180319,6.6,6.63,6.53,6.61,2192283
NSX,20180319,0.21,0.21,0.21,0.21,2000
NTC,20180319,1.375,1.4,1.31,1.335,116105
NTD,20180319,1.235,1.235,1.225,1.225,217296
NTI,20180319,0.17,0.17,0.17,0.17,38065
NTM,20180319,0.044,0.045,0.044,0.045,611094
NTU,20180319,0.088,0.09,0.083,0.085,627901
NUF,20180319,8.56,8.59,8.49,8.5,957814
NUH,20180319,0.13,0.135,0.11,0.115,32518292
NUS,20180319,0.29,0.29,0.29,0.29,12731
NVA,20180319,0.04,0.041,0.038,0.038,3005950
NVL,20180319,2.69,2.7,2.56,2.56,67134
NVT,20180319,5.06,5.08,4.96,5.05,472396
NVX,20180319,0.8,0.83,0.8,0.82,115517
NWE,20180319,0.003,0.003,0.003,0.003,6937500
NWF,20180319,0.28,0.28,0.28,0.28,2000
NWH,20180319,1.6,1.685,1.595,1.68,1540466
NWL,20180319,6.87,7.07,6.75,7,106281
NWS,20180319,21.85,22.15,21.81,22.13,173860
NXT,20180319,7.01,7.04,6.81,6.9,1344898
NZC,20180319,0.37,0.37,0.355,0.36,341363
NZK,20180319,1.915,1.915,1.915,1.915,6
NZM,20180319,0.76,0.79,0.757,0.775,111006
OBJ,20180319,0.035,0.035,0.034,0.034,847288
OCA,20180319,0.915,0.915,0.91,0.915,7300
OCC,20180319,0.29,0.3,0.29,0.29,50375
OCL,20180319,3.08,3.1,3.08,3.1,3340
OCP,20180319,2.29,2.29,2.29,2.29,361
OEC,20180319,0.4,0.4,0.4,0.4,350
OEL,20180319,0.056,0.057,0.054,0.056,1800492
OEX,20180319,0.004,0.004,0.004,0.004,774464
OFX,20180319,1.685,1.705,1.67,1.7,429491
OGA,20180319,0.175,0.175,0.175,0.175,134080
OGC,20180319,3.43,3.45,3.38,3.45,356921
OHE,20180319,0.705,0.705,0.7,0.7,5500
OIL,20180319,0.075,0.075,0.074,0.074,623332
OKR,20180319,0.415,0.415,0.365,0.37,345746
OKU,20180319,0.48,0.48,0.465,0.465,54480
OLI,20180319,0.23,0.23,0.23,0.23,17282
OMH,20180319,1.25,1.265,1.245,1.26,189243
OML,20180319,4.54,4.57,4.45,4.56,224955
ONE,20180319,2,2,1.99,2,18164
ONT,20180319,6.57,6.57,6.2,6.5,15102
OOK,20180319,0.046,0.047,0.045,0.045,2315817
OOO,20180319,17.23,17.27,17.23,17.24,7551
OPG,20180319,0.385,0.39,0.385,0.385,50000
OPT,20180319,0.575,0.595,0.575,0.595,23805
ORA,20180319,3.38,3.38,3.33,3.35,2120168
ORE,20180319,5.96,6.16,5.9,5.91,1425276
ORG,20180319,8.95,9.08,8.89,9.07,3798399
ORI,20180319,18.51,18.59,18.29,18.41,628222
ORN,20180319,0.043,0.043,0.043,0.043,250000
ORR,20180319,0.23,0.23,0.23,0.23,15324
OSH,20180319,7.17,7.23,7.11,7.18,2480948
OSL,20180319,0.14,0.14,0.13,0.135,1020074
OSP,20180319,0.24,0.25,0.24,0.245,180435
OTW,20180319,3.05,3.1,3,3.02,7918
OVH,20180319,0.755,0.77,0.75,0.765,140791
OVL,20180319,0.007,0.007,0.006,0.007,1572105
OVN,20180319,0.38,0.38,0.375,0.375,30000
OVR,20180319,0.011,0.011,0.011,0.011,1800000
OXX,20180319,0.038,0.038,0.035,0.035,140000
OZF,20180319,20.14,20.14,20.14,20.14,115
OZG,20180319,0.175,0.175,0.175,0.175,473804
OZL,20180319,9.4,9.48,9.3,9.42,1002394
OZR,20180319,10,10,10,10,50
P2P,20180319,1.265,1.3,1.265,1.3,14122
PAA,20180319,0.056,0.056,0.056,0.056,170000
PAB,20180319,0.069,0.076,0.059,0.059,91733479
PAC,20180319,6.47,6.48,6.28,6.42,81212
PAF,20180319,1.31,1.33,1.305,1.33,36424
PAI,20180319,1.275,1.29,1.27,1.28,507439
PAK,20180319,0.041,0.041,0.04,0.04,59592
PAN,20180319,0.54,0.585,0.535,0.585,1509831
PAR,20180319,0.28,0.28,0.28,0.28,32000
PBP,20180319,0.955,0.955,0.95,0.95,45388
PBT,20180319,0.055,0.055,0.055,0.055,106839
PCG,20180319,3.4,3.54,3.4,3.54,1334
PCH,20180319,0.003,0.003,0.003,0.003,11344995
PCK,20180319,0.061,0.064,0.06,0.063,1426335
PCL,20180319,0.006,0.007,0.006,0.007,1065489
PDI,20180319,0.037,0.038,0.037,0.037,58341
PDN,20180319,0.17,0.17,0.165,0.165,208956
PDZ,20180319,0.84,0.84,0.82,0.83,545051
PEA,20180319,0.56,0.565,0.56,0.562,28042
PEK,20180319,0.049,0.049,0.047,0.047,315304
PEN,20180319,0.29,0.29,0.29,0.29,35635
PEX,20180319,0.705,0.705,0.61,0.635,142031
PFG,20180319,0.135,0.14,0.135,0.14,158172
PFP,20180319,3.23,3.23,3.2,3.2,56224
PG1,20180319,0.295,0.295,0.28,0.28,4721
PGC,20180319,0.72,0.725,0.715,0.72,193166
PGF,20180319,1.23,1.235,1.225,1.23,279928
PGH,20180319,5.75,5.75,5.63,5.65,417437
PGM,20180319,0.13,0.13,0.125,0.13,426333
PGO,20180319,0.051,0.051,0.05,0.05,491866
PGS,20180319,0.005,0.005,0.005,0.005,500000
PGY,20180319,0.036,0.036,0.036,0.036,6
PHK,20180319,0.295,0.3,0.295,0.3,80478
PIA,20180319,1.185,1.19,1.185,1.19,337265
PIC,20180319,1.135,1.14,1.125,1.14,215625
PIL,20180319,0.023,0.023,0.021,0.022,1819223
PIO,20180319,0.026,0.026,0.026,0.026,1839205
PIQ,20180319,0.23,0.235,0.23,0.235,25000
PKD,20180319,0.25,0.25,0.23,0.235,422688
PL8,20180319,1.04,1.05,1.035,1.04,152039
PLC,20180319,0.017,0.017,0.017,0.017,200000
PLG,20180319,0.995,1,0.99,0.995,257369
PLH,20180319,0.13,0.13,0.125,0.125,209111
PLL,20180319,0.16,0.16,0.145,0.145,1893655
PLS,20180319,0.935,0.95,0.91,0.92,6260939
PLX,20180319,0.78,0.78,0.78,0.78,19311
PM1,20180319,0.018,0.018,0.018,0.018,1931741
PMC,20180319,1.99,1.995,1.98,1.985,53570
PME,20180319,8.12,8.35,8,8.2,1950616
PMP,20180319,0.265,0.275,0.265,0.265,27044
PMV,20180319,15.27,15.47,15.05,15.45,380867
PMY,20180319,0.01,0.012,0.01,0.011,43949909
PNC,20180319,3.56,3.625,3.55,3.59,113063
PNI,20180319,4.36,4.36,4.22,4.3,45935
PNL,20180319,0.35,0.355,0.345,0.35,744933
PNN,20180319,0.033,0.034,0.032,0.033,1178565
PNR,20180319,0.295,0.31,0.295,0.31,1088120
PNV,20180319,0.51,0.51,0.5,0.51,213973
PNW,20180319,0.33,0.33,0.325,0.325,5001
PNX,20180319,0.012,0.012,0.011,0.012,1470000
POD,20180319,0.11,0.11,0.11,0.11,16558
POH,20180319,0.013,0.014,0.013,0.013,472504
POS,20180319,0.037,0.039,0.037,0.037,922907
POU,20180319,17.82,17.82,17.82,17.82,229
POW,20180319,0.041,0.043,0.04,0.041,17670918
POZ,20180319,0.099,0.1,0.099,0.099,70000
PPC,20180319,1.41,1.445,1.392,1.43,12987
PPE,20180319,1.415,1.415,1.41,1.415,30000
PPG,20180319,0.4,0.405,0.39,0.405,220380
PPH,20180319,4,4.13,3.96,4.13,227643
PPL,20180319,0.145,0.145,0.145,0.145,13793
PPS,20180319,0.65,0.655,0.625,0.64,1044651
PPT,20180319,49.5,49.67,48.835,49.21,101018
PPY,20180319,0.016,0.016,0.016,0.016,50244
PRL,20180319,0.003,0.003,0.003,0.003,2174144
PRO,20180319,0.6,0.6,0.6,0.6,13395
PRT,20180319,0.285,0.3,0.285,0.3,545371
PRU,20180319,0.42,0.435,0.417,0.43,2967321
PRY,20180319,3.84,3.88,3.795,3.87,1779077
PSA,20180319,0.105,0.105,0.099,0.099,30681
PSC,20180319,0.047,0.05,0.047,0.047,3959101
PSI,20180319,2.82,2.83,2.82,2.82,6614
PSM,20180319,0.014,0.014,0.013,0.013,2581742
PSY,20180319,0.094,0.095,0.092,0.092,224274
PSZ,20180319,0.155,0.155,0.155,0.155,653
PTB,20180319,0.605,0.605,0.6,0.6,21582
PTL,20180319,0.375,0.38,0.375,0.38,25773
PTM,20180319,6.13,6.14,5.99,6.03,1469595
PTX,20180319,0.084,0.088,0.084,0.088,386541
PUR,20180319,0.11,0.11,0.11,0.11,3334
PVA,20180319,1.625,1.625,1.625,1.625,560
PWH,20180319,2.37,2.49,2.365,2.44,56048
PXS,20180319,0.35,0.355,0.33,0.33,198961
PXX,20180319,0.115,0.115,0.115,0.115,36045
PYC,20180319,0.03,0.031,0.03,0.03,310567
QAG,20180319,6.71,6.71,6.57,6.58,7451
QAN,20180319,5.98,6.01,5.915,5.98,4179951
QAU,20180319,14.03,14.03,13.57,13.57,13804
QBE,20180319,9.89,9.89,9.75,9.75,4104412
QBL,20180319,0.048,0.049,0.046,0.046,6671090
QCB,20180319,9.76,9.76,9.75,9.75,1061
QHL,20180319,0.08,0.08,0.08,0.08,205500
QIP,20180319,1.12,1.175,1.12,1.16,20988
QMIX,20180319,18.22,18.22,18.22,18.22,340
QMS,20180319,1.01,1.01,0.98,1.005,141768
QOZ,20180319,13.45,13.45,13.34,13.39,24060
QRE,20180319,5.51,5.53,5.5,5.53,125450
QSS,20180319,0.021,0.021,0.02,0.02,200000
QTM,20180319,0.028,0.029,0.028,0.029,258724
QUAL,20180319,22.99,23.04,22.97,23.04,19345
QUB,20180319,2.3,2.32,2.29,2.3,1656568
QUE,20180319,0.072,0.072,0.072,0.072,610834
QUS,20180319,33.05,33.08,33.03,33.07,10917
QVE,20180319,1.2,1.22,1.185,1.185,196368
RAC,20180319,0.35,0.355,0.35,0.355,19752
RAN,20180319,0.05,0.051,0.05,0.051,569410
RAP,20180319,0.13,0.13,0.125,0.13,1066236
RARI,20180319,24.76,24.8,24.76,24.79,7191
RAW,20180319,0.037,0.037,0.037,0.037,270122
RBL,20180319,1.89,1.89,1.85,1.855,166787
RBO,20180319,0.037,0.037,0.037,0.037,70000
RBR,20180319,0.01,0.01,0.01,0.01,117858
RCB,20180319,20.24,20.24,20.16,20.24,5077
RCE,20180319,0.155,0.16,0.155,0.16,51569
RCP,20180319,0.037,0.037,0.037,0.037,12500
RCR,20180319,4.15,4.19,4.1,4.15,210849
RCT,20180319,3.15,3.15,3.15,3.15,5000
RCW,20180319,0.57,0.585,0.55,0.585,166561
RD1,20180319,0.065,0.065,0.06,0.06,37640
RDF,20180319,0.5,0.515,0.5,0.515,19400
RDG,20180319,0.02,0.02,0.02,0.02,37619
RDH,20180319,2.55,2.55,2.4,2.5,13192
RDM,20180319,0.12,0.125,0.12,0.125,302003
RDN,20180319,0.03,0.03,0.028,0.028,11123005
RDV,20180319,29.92,29.92,29.72,29.87,19630
REA,20180319,81.02,81.25,79.72,80.45,110029
RED,20180319,0.058,0.058,0.052,0.053,1406982
REG,20180319,3.7,3.8,3.67,3.7,400921
REH,20180319,11.1,11.1,10.795,11.09,16079
RES,20180319,0.076,0.077,0.076,0.077,33000
REX,20180319,1.64,1.655,1.61,1.64,43483
RFF,20180319,2.32,2.325,2.29,2.29,512840
RFG,20180319,1.055,1.08,1.035,1.05,993336
RFN,20180319,0.018,0.018,0.017,0.018,1019629
RFT,20180319,0.023,0.023,0.021,0.022,384899
RFX,20180319,0.14,0.14,0.135,0.135,182427
RGI,20180319,0.4,0.4,0.39,0.39,11261
RGL,20180319,0.15,0.15,0.15,0.15,150000
RHC,20180319,63.17,63.49,62.43,62.93,286289
RHL,20180319,3.09,3.09,3.01,3.01,70173
RHP,20180319,0.955,0.955,0.93,0.955,37764
RHS,20180319,0.27,0.27,0.27,0.27,87000
RHT,20180319,0.024,0.024,0.024,0.024,77680
RHY,20180319,0.17,0.17,0.17,0.17,20000
RIC,20180319,1.49,1.49,1.45,1.47,41218
RIE,20180319,0.068,0.068,0.066,0.066,215447
RIM,20180319,0.023,0.025,0.023,0.023,1504356
RIO,20180319,77.01,77.5,76.64,76.64,1270883
RIR,20180319,0.012,0.012,0.011,0.011,5822237
RKN,20180319,1.4,1.42,1.4,1.4,22281
RLC,20180319,0.047,0.047,0.047,0.047,114796
RLE,20180319,0.093,0.093,0.088,0.089,569960
RMD,20180319,12.7,12.76,12.64,12.69,1367056
RMI,20180319,0.015,0.015,0.015,0.015,22450
RMS,20180319,0.47,0.47,0.46,0.46,1715199
RMX,20180319,0.009,0.009,0.009,0.009,1120782
RND,20180319,1.5,1.5,1.5,1.5,800
RNE,20180319,0.018,0.018,0.018,0.018,82210
RNO,20180319,0.12,0.12,0.12,0.12,91900
RNT,20180319,0.069,0.069,0.069,0.069,1000
RNU,20180319,0.034,0.034,0.032,0.032,1538477
ROO,20180319,0.445,0.445,0.44,0.44,12355
RRL,20180319,4.57,4.615,4.51,4.57,2251304
RSG,20180319,1.22,1.245,1.21,1.23,3225430
RSH,20180319,0.095,0.1,0.094,0.096,500666
RTE,20180319,0.36,0.395,0.36,0.395,25000
RTG,20180319,0.15,0.16,0.15,0.16,380454
RTR,20180319,0.055,0.056,0.055,0.055,262929
RUL,20180319,0.67,0.67,0.66,0.66,170716
RVA,20180319,0.42,0.42,0.42,0.42,31252
RVR,20180319,0.29,0.295,0.285,0.29,1287656
RVY,20180319,0.022,0.022,0.022,0.022,6840
RWC,20180319,4.4,4.435,4.34,4.41,1289877
RWD,20180319,0.22,0.22,0.22,0.22,2300
RXL,20180319,0.014,0.014,0.014,0.014,44464
RXM,20180319,0.185,0.185,0.175,0.175,85805
RXP,20180319,0.52,0.525,0.51,0.52,137834
S2R,20180319,0.175,0.18,0.175,0.175,188363
S32,20180319,3.41,3.445,3.39,3.41,22262210
S3R,20180319,0.008,0.009,0.008,0.009,5815503
SAR,20180319,1.84,1.865,1.84,1.86,4110725
SAS,20180319,0.12,0.125,0.12,0.12,4829740
SAU,20180319,0.25,0.25,0.24,0.24,50000
SBM,20180319,4.01,4.09,3.96,4.07,1957617
SCG,20180319,3.98,4.02,3.97,4.02,8892361
SCI,20180319,0.041,0.043,0.041,0.043,513835
SCL,20180319,0.017,0.017,0.016,0.016,726900
SCO,20180319,3.05,3.08,3.04,3.06,64510
SCP,20180319,2.33,2.34,2.32,2.33,1304046
SCT,20180319,0.165,0.17,0.165,0.17,92481
SCU,20180319,0.026,0.026,0.025,0.025,40204
SDA,20180319,5.31,5.37,5.22,5.24,1229146
SDF,20180319,2.71,2.715,2.69,2.7,1229574
SDG,20180319,1.755,1.79,1.75,1.79,5189
SDI,20180319,0.56,0.565,0.55,0.55,81139
SDL,20180319,0.008,0.008,0.007,0.007,7488449
SDV,20180319,0.008,0.009,0.008,0.009,626687
SE1,20180319,0.26,0.285,0.25,0.285,183571
SEA,20180319,0.061,0.063,0.06,0.061,5487653
SEC,20180319,1.97,2.01,1.965,2.01,95531
SEH,20180319,0.17,0.18,0.17,0.175,821589
SEI,20180319,0.031,0.031,0.03,0.03,838799
SEK,20180319,21,21,20.54,20.59,503020
SEN,20180319,0.12,0.12,0.115,0.115,670595
SEQ,20180319,0.305,0.305,0.3,0.3,55000
SES,20180319,0.11,0.115,0.11,0.115,85463
SFC,20180319,12.52,12.68,12.42,12.68,2621
SFG,20180319,0.055,0.056,0.054,0.055,399016
SFH,20180319,0.37,0.39,0.37,0.39,1830955
SFI,20180319,0.077,0.077,0.074,0.074,753786
SFM,20180319,0.17,0.17,0.17,0.17,94669
SFR,20180319,8.07,8.22,8.06,8.15,567768
SFX,20180319,0.74,0.74,0.735,0.735,323617
SFY,20180319,55.08,55.2,54.86,55.01,19967
SGC,20180319,0.085,0.088,0.085,0.086,396033
SGF,20180319,3.78,3.82,3.78,3.8,31136
SGH,20180319,3.53,3.59,3,3.07,50005
SGM,20180319,15.97,16.1,15.83,16.01,465499
SGP,20180319,4.17,4.2,4.14,4.19,4215139
SGQ,20180319,0.205,0.215,0.2,0.2,880489
SGR,20180319,5.47,5.47,5.405,5.45,1626428
SHJ,20180319,0.79,0.795,0.78,0.795,232779
SHL,20180319,24.04,24.04,23.66,23.82,582402
SHM,20180319,1.42,1.43,1.38,1.415,76846
SHO,20180319,0.145,0.15,0.12,0.15,1202332
SHV,20180319,5.5,5.6,5.4,5.47,169752
SI6,20180319,0.013,0.013,0.013,0.013,877483
SIG,20180319,0.905,0.91,0.865,0.865,3745822
SIQ,20180319,10.82,11.09,10.8,10.99,841657
SIS,20180319,0.22,0.22,0.21,0.215,110372
SIV,20180319,3.97,4,3.5,3.55,350422
SKC,20180319,3.68,3.72,3.62,3.7,743552
SKF,20180319,0.165,0.165,0.165,0.165,9400
SKI,20180319,2.38,2.39,2.36,2.37,3842370
SKN,20180319,0.115,0.115,0.11,0.11,37500
SKT,20180319,2.16,2.19,2.12,2.17,917667
SL1,20180319,0.055,0.055,0.053,0.053,818982
SLC,20180319,2.06,2.06,2,2.02,183264
SLF,20180319,12.53,12.58,12.51,12.58,33986
SLK,20180319,4.04,4.04,3.91,4.03,24461
SLM,20180319,0.465,0.465,0.465,0.465,5150
SLR,20180319,0.35,0.36,0.35,0.35,1922432
SLX,20180319,0.42,0.42,0.4,0.415,16551
SM1,20180319,7.61,7.86,7.6,7.68,330859
SMA,20180319,0.005,0.005,0.005,0.005,163583
SMI,20180319,0.015,0.015,0.015,0.015,478456
SMN,20180319,1.01,1.02,0.995,1,17003
SMP,20180319,0.225,0.225,0.215,0.225,753835
SMR,20180319,0.71,0.73,0.71,0.73,77938
SNC,20180319,0.985,0.985,0.985,0.985,19489
SND,20180319,0.555,0.555,0.555,0.555,3450
SNL,20180319,3.4,3.4,3.4,3.4,56
SNS,20180319,0.175,0.175,0.16,0.16,1052701
SNZ,20180319,5.6,5.66,5.6,5.66,56
SO4,20180319,0.615,0.615,0.585,0.585,463472
SOL,20180319,17.19,17.61,17.11,17.59,271483
SOM,20180319,3.15,3.2,3.15,3.2,24831
SOR,20180319,0.066,0.066,0.066,0.066,139474
SP3,20180319,0.305,0.31,0.3,0.3,130000
SPB,20180319,0.013,0.013,0.013,0.013,60000
SPI,20180319,0.105,0.11,0.1,0.1,298582
SPK,20180319,3.15,3.17,3.14,3.15,968814
SPL,20180319,1.27,1.275,1.18,1.2,1086604
SPO,20180319,1.1,1.15,1.1,1.12,53516
SPQ,20180319,0.013,0.013,0.012,0.012,1687072
SPX,20180319,0.014,0.015,0.013,0.014,2713900
SPY,20180319,354.73,355.98,354.73,355.81,344
SPZ,20180319,0.39,0.39,0.38,0.38,539797
SRG,20180319,1.695,1.71,1.69,1.71,76877
SRH,20180319,0.195,0.195,0.195,0.195,12800
SRK,20180319,0.064,0.064,0.064,0.064,28722
SRO,20180319,0.006,0.006,0.005,0.005,1723000
SRV,20180319,4.72,4.75,4.7,4.71,49112
SRX,20180319,27.65,27.73,27.61,27.68,132133
SRZ,20180319,0.019,0.019,0.018,0.018,934153
SSG,20180319,0.46,0.465,0.455,0.465,84143
SSM,20180319,1.65,1.65,1.6,1.62,391721
SST,20180319,18.75,18.75,18.75,18.75,7
ST1,20180319,0.255,0.255,0.25,0.255,269045
STA,20180319,0.13,0.13,0.125,0.125,147689
STM,20180319,0.034,0.034,0.032,0.032,2786182
STN,20180319,0.22,0.22,0.21,0.21,272500
STO,20180319,4.93,5.04,4.93,5.03,8488329
STW,20180319,56.47,56.5,56.03,56.27,57872
STX,20180319,0.074,0.074,0.073,0.074,616162
SUD,20180319,0.016,0.016,0.016,0.016,462419
SUL,20180319,7.03,7.04,6.85,6.96,891461
SUM,20180319,0.02,0.02,0.018,0.018,32415
SUN,20180319,13.8,13.87,13.67,13.75,2102534
SUP,20180319,0.039,0.039,0.039,0.039,430000
SVL,20180319,0.047,0.048,0.046,0.047,2807561
SVM,20180319,0.125,0.125,0.12,0.125,650888
SVT,20180319,0.016,0.016,0.015,0.015,1140000
SVW,20180319,18.65,18.65,18.26,18.45,234258
SVY,20180319,0.31,0.33,0.305,0.33,303209
SW1,20180319,0.375,0.385,0.37,0.37,131369
SWF,20180319,0.16,0.165,0.16,0.16,344148
SWJ,20180319,0.011,0.011,0.01,0.01,760438
SWM,20180319,0.585,0.59,0.565,0.575,2762994
SXA,20180319,0.023,0.023,0.023,0.023,7323
SXE,20180319,0.735,0.735,0.725,0.725,345560
SXL,20180319,1.13,1.13,1.095,1.11,2087836
SXY,20180319,0.395,0.41,0.39,0.4,3306727
SYA,20180319,0.062,0.07,0.062,0.066,19073119
SYD,20180319,6.81,6.81,6.7,6.72,2235176
SYI,20180319,29.11,29.11,28.91,29.02,3377
SYR,20180319,3.85,3.88,3.65,3.69,1108996
SYT,20180319,0.015,0.015,0.014,0.014,1287623
T3D,20180319,0.005,0.005,0.005,0.005,220000
TAH,20180319,4.55,4.56,4.44,4.48,5275278
TAM,20180319,0.039,0.039,0.039,0.039,100000
TAP,20180319,0.054,0.054,0.053,0.054,769257
TAR,20180319,0.22,0.225,0.21,0.21,305350
TAS,20180319,0.067,0.068,0.065,0.065,287743
TAW,20180319,0.485,0.485,0.45,0.465,2603831
TBH,20180319,0.195,0.195,0.17,0.17,370142
TBR,20180319,6.6,6.8,6.55,6.55,2292
TCL,20180319,11.85,11.865,11.63,11.68,2965603
TCN,20180319,0.037,0.037,0.037,0.037,14516
TDL,20180319,0.061,0.061,0.061,0.061,1811
TEG,20180319,0.086,0.086,0.086,0.086,114612
TEK,20180319,0.26,0.26,0.255,0.255,195748
TER,20180319,0.215,0.215,0.21,0.21,81580
TGA,20180319,0.7,0.707,0.685,0.69,536230
TGG,20180319,1.395,1.4,1.39,1.4,129382
TGH,20180319,0.84,0.872,0.84,0.872,45955
TGN,20180319,0.4,0.42,0.395,0.41,209117
TGO,20180319,1.25,1.35,1.25,1.32,77500
TGP,20180319,1.01,1.02,1.01,1.01,7852
TGR,20180319,3.8,3.85,3.66,3.67,1306068
THC,20180319,0.645,0.65,0.59,0.595,757965
THD,20180319,0.007,0.008,0.007,0.008,249916
THR,20180319,0.042,0.048,0.042,0.048,1197699
THX,20180319,0.023,0.023,0.023,0.023,183037
TIE,20180319,0.19,0.19,0.18,0.18,46631
TIG,20180319,0.045,0.045,0.045,0.045,98191
TIL,20180319,2.62,2.63,2.62,2.63,5900
TIN,20180319,0.245,0.245,0.24,0.24,118000
TKF,20180319,0.018,0.018,0.014,0.014,1046669
TKL,20180319,0.055,0.055,0.051,0.051,164261
TKM,20180319,0.021,0.021,0.02,0.021,679175
TLG,20180319,0.77,0.785,0.73,0.73,670096
TLM,20180319,0.215,0.22,0.215,0.215,290029
TLS,20180319,3.36,3.365,3.32,3.35,16216690
TLX,20180319,0.5,0.505,0.5,0.5,110504
TME,20180319,4.2,4.25,4.15,4.24,556374
TMP,20180319,0.115,0.115,0.115,0.115,87298
TMT,20180319,0.39,0.41,0.375,0.39,773875
TMX,20180319,0.007,0.007,0.007,0.007,65000
TNE,20180319,5.25,5.27,5.155,5.19,536819
TNG,20180319,0.165,0.17,0.165,0.17,1372193
TNK,20180319,1.98,1.98,1.94,1.98,58780
TNO,20180319,0.44,0.47,0.44,0.47,135057
TNR,20180319,0.078,0.078,0.078,0.078,75000
TNT,20180319,0.135,0.14,0.125,0.125,459763
TNY,20180319,0.695,0.71,0.695,0.71,42008
TOE,20180319,0.029,0.029,0.029,0.029,99470
TON,20180319,0.082,0.083,0.079,0.08,4201299
TOT,20180319,1.185,1.185,1.185,1.185,50070
TOX,20180319,3.43,3.44,3.42,3.44,345858
TPD,20180319,0.006,0.006,0.005,0.005,279096
TPE,20180319,1.55,1.55,1.5,1.505,46659
TPM,20180319,5.96,6.075,5.95,6.04,1128557
TPP,20180319,0.19,0.19,0.185,0.185,153350
TPS,20180319,0.195,0.21,0.195,0.21,105029
TPW,20180319,0.6,0.6,0.6,0.6,7816
TRL,20180319,0.011,0.011,0.011,0.011,1624305
TRS,20180319,7.55,7.7,7.46,7.63,90384
TRT,20180319,0.11,0.12,0.11,0.115,16299
TRY,20180319,0.086,0.09,0.086,0.09,32571
TSN,20180319,0.009,0.01,0.009,0.009,1739631
TTC,20180319,0.083,0.083,0.075,0.077,649492
TTL,20180319,0.031,0.032,0.031,0.032,965000
TTM,20180319,0.036,0.036,0.036,0.036,151062
TTT,20180319,1.19,1.19,1.15,1.17,335960
TTW,20180319,0.025,0.025,0.024,0.024,302376
TUP,20180319,0.135,0.135,0.135,0.135,3000
TV2,20180319,0.013,0.013,0.013,0.013,2839376
TWD,20180319,4.09,4.09,4.07,4.09,3670
TWE,20180319,17.28,17.33,17.09,17.3,858070
TWR,20180319,0.78,0.78,0.77,0.78,118316
TYX,20180319,0.019,0.02,0.019,0.02,3901908
TZL,20180319,0.17,0.18,0.17,0.18,5955
TZN,20180319,0.135,0.145,0.135,0.145,13300
UBA,20180319,19.97,19.97,19.97,19.97,12
UBE,20180319,21.74,21.74,21.74,21.74,47
UBI,20180319,0.25,0.275,0.25,0.265,163630
UBJ,20180319,24.05,24.05,24.05,24.05,14
UBN,20180319,0.033,0.034,0.033,0.033,87500
UBP,20180319,27.7,27.7,27.53,27.53,891
UBU,20180319,26.42,26.42,26.42,26.42,2
UBW,20180319,24.87,24.93,24.85,24.93,660
UCM,20180319,0.255,0.26,0.255,0.26,422800
UCW,20180319,0.16,0.16,0.16,0.16,15000
UIL,20180319,0.037,0.037,0.036,0.036,140865
UMAX,20180319,18.57,18.6,18.55,18.6,22177
UNL,20180319,0.05,0.05,0.05,0.05,12000
UNV,20180319,0.2,0.21,0.2,0.21,114525
UOS,20180319,0.675,0.675,0.675,0.675,3000
UPD,20180319,1.3,1.36,1.29,1.35,1460570
URB,20180319,0.955,0.955,0.95,0.95,14510
URF,20180319,1.73,1.73,1.73,1.73,59466
USD,20180319,12.62,12.67,12.62,12.65,126469
UTR,20180319,0.027,0.028,0.026,0.026,1602343
UUL,20180319,0.066,0.066,0.066,0.066,3600
UUV,20180319,0.07,0.07,0.07,0.07,25000
VAE,20180319,68.4,69.1,68.4,69.1,5120
VAF,20180319,48.78,48.78,48.72,48.76,13678
VAH,20180319,0.235,0.235,0.23,0.23,236618
VAL,20180319,0.017,0.017,0.016,0.016,625271
VAP,20180319,79.6,80.26,79.6,80.22,26651
VAS,20180319,77.13,77.25,76.55,76.87,43780
VCF,20180319,48.02,48.02,47.91,47.96,2411
VCX,20180319,2.54,2.55,2.525,2.55,5629019
VEC,20180319,0.022,0.023,0.022,0.022,1513087
VEE,20180319,0.47,0.47,0.47,0.47,21239
VEQ,20180319,54.8,55.38,54.8,55,5674
VEU,20180319,71.49,71.88,71.43,71.67,20564
VG1,20180319,2.08,2.085,2.075,2.08,145143
VGAD,20180319,65.5,65.5,65.05,65.14,14543
VGB,20180319,49.11,49.18,49.06,49.15,4874
VGE,20180319,69.02,69.79,68.97,69.41,3344
VGL,20180319,2.65,2.65,2.65,2.65,31
VGS,20180319,67.51,67.74,67.45,67.67,35224
VHT,20180319,0.69,0.69,0.67,0.67,60296
VHY,20180319,59.99,59.99,59.4,59.64,18713
VIC,20180319,0.019,0.02,0.018,0.018,15743738
VIF,20180319,48.09,48.27,48.05,48.27,5890
VIV,20180319,0.055,0.056,0.055,0.056,219578
VKA,20180319,0.04,0.04,0.038,0.038,699198
VLA,20180319,1.68,1.68,1.675,1.675,578784
VLC,20180319,61.4,61.4,61.25,61.3,365
VLS,20180319,0.81,0.81,0.81,0.81,5000
VLW,20180319,2.455,2.48,2.44,2.44,83998
VMC,20180319,0.165,0.17,0.16,0.16,364154
VML,20180319,0.009,0.01,0.009,0.009,3178226
VMS,20180319,0.037,0.037,0.034,0.034,858700
VMT,20180319,0.059,0.064,0.059,0.064,369385
VMX,20180319,0.335,0.335,0.31,0.32,232752
VMY,20180319,0.14,0.14,0.135,0.135,13124
VOC,20180319,2.43,2.47,2.4,2.44,2213674
VPC,20180319,0.007,0.007,0.007,0.007,3793326
VRC,20180319,0.041,0.041,0.039,0.039,1205597
VRL,20180319,3.19,3.2,3.12,3.15,116795
VRM,20180319,0.028,0.028,0.027,0.028,1159270
VRS,20180319,0.2,0.202,0.195,0.195,3074741
VRT,20180319,5.72,5.74,5.69,5.72,758748
VSO,20180319,56.08,56.08,55.58,55.82,3713
VTG,20180319,1.46,1.49,1.45,1.475,505140
VTS,20180319,181.9,183.99,181.9,183.8,9061
VVR,20180319,2.03,2.05,2.01,2.03,3990669
VXR,20180319,0.015,0.015,0.014,0.015,4138400
WAA,20180319,1.15,1.15,1.14,1.14,20588
WAF,20180319,0.39,0.39,0.38,0.385,434384
WAM,20180319,2.48,2.5,2.47,2.5,310158
WAX,20180319,1.57,1.58,1.57,1.58,112201
WBA,20180319,1.5,1.57,1.5,1.5,217341
WBC,20180319,29.65,29.71,29.38,29.52,4835571
WBE,20180319,0.009,0.009,0.009,0.009,284422
WBT,20180319,0.049,0.05,0.047,0.047,2757777
WCN,20180319,0.004,0.004,0.004,0.004,12984549
WDE,20180319,0.89,0.89,0.885,0.885,38960
WDIV,20180319,19,19,18.94,18.97,8601
WEB,20180319,12.35,12.41,12.21,12.24,403775
WEL,20180319,0.054,0.054,0.05,0.05,250000
WEMG,20180319,22.21,22.21,22.21,22.21,0
WES,20180319,43.75,43.75,42.895,43.56,2497652
WFD,20180319,8.6,8.64,8.58,8.63,3579787
WGF,20180319,0.88,0.88,0.88,0.88,68850
WGL,20180319,0.007,0.007,0.007,0.007,311836
WGN,20180319,4.32,4.32,4.21,4.23,52525
WGX,20180319,1.49,1.555,1.48,1.525,755265
WHA,20180319,2.71,2.75,2.63,2.67,504649
WHC,20180319,4.26,4.32,4.22,4.29,3470268
WHF,20180319,4.67,4.7,4.67,4.7,11079
WHK,20180319,0.145,0.155,0.145,0.15,133108
WIC,20180319,1.13,1.13,1.125,1.125,90855
WKT,20180319,0.091,0.091,0.089,0.089,1217425
WLC,20180319,0.009,0.009,0.009,0.009,22515
WLD,20180319,0.13,0.135,0.125,0.135,625960
WLE,20180319,1.165,1.17,1.16,1.17,482211
WLL,20180319,4.52,4.52,4.47,4.47,8441
WMC,20180319,0.12,0.12,0.12,0.12,4200
WMI,20180319,1.5,1.505,1.48,1.485,131867
WMK,20180319,0.805,0.805,0.8,0.8,39023
WML,20180319,0.17,0.18,0.16,0.165,278770
WND,20180319,1.55,1.55,1.5,1.52,126563
WNR,20180319,0.38,0.38,0.355,0.355,51100
WOF,20180319,0.011,0.011,0.009,0.009,300000
WOR,20180319,15.01,15.05,14.88,14.92,469701
WOW,20180319,26.92,26.95,26.53,26.75,1459107
WPG,20180319,0.029,0.03,0.028,0.029,1799951
WPL,20180319,28.87,29.14,28.73,28.99,3146870
WPP,20180319,0.975,0.975,0.96,0.975,131440
WRG,20180319,0.6,0.6,0.6,0.6,637
WRLD,20180319,11.75,11.75,11.75,11.75,674
WSA,20180319,3.07,3.145,3.07,3.13,566066
WSI,20180319,0.02,0.022,0.02,0.021,1341058
WTC,20180319,11.1,11.135,10.72,10.93,689703
WTP,20180319,0.79,0.79,0.76,0.78,68033
WWI,20180319,0.02,0.021,0.019,0.021,1181439
WXHG,20180319,22.5,22.51,22.49,22.51,7005
WXOZ,20180319,29,29.07,29,29.06,428
WZR,20180319,0.034,0.034,0.034,0.034,200000
XAM,20180319,0.24,0.24,0.215,0.215,835745
XF1,20180319,0.6,0.61,0.6,0.61,4943
XIP,20180319,1.2,1.2,1.16,1.165,37992
XPE,20180319,0.005,0.005,0.005,0.005,4969353
XRO,20180319,34.5,34.64,34.07,34.5,632706
XST,20180319,0.01,0.01,0.009,0.009,673858
XTD,20180319,0.033,0.033,0.033,0.033,70000
XTE,20180319,0.67,0.67,0.665,0.665,10000
YAL,20180319,0.155,0.155,0.15,0.15,3809262
YBR,20180319,0.145,0.145,0.14,0.14,40236
YMAX,20180319,8.92,8.93,8.89,8.93,76486
YNB,20180319,0.045,0.045,0.045,0.045,19000
YOJ,20180319,0.215,0.22,0.21,0.21,2056718
YOW,20180319,0.089,0.094,0.089,0.092,889729
Z1P,20180319,0.9,0.915,0.82,0.855,959832
ZEL,20180319,6.31,6.72,6.31,6.72,12142
ZEN,20180319,0.83,0.83,0.8,0.82,98989
ZER,20180319,0.425,0.425,0.4,0.4,60317
ZGL,20180319,0.12,0.12,0.12,0.12,93215
ZGOL,20180319,16.75,16.75,16.75,16.75,630
ZIM,20180319,6.32,6.32,6.32,6.32,6
ZIP,20180319,0.021,0.021,0.021,0.021,15000
ZLD,20180319,0.12,0.12,0.11,0.115,1413242
ZMI,20180319,0.005,0.005,0.005,0.005,1307500
ZNC,20180319,0.2,0.2,0.2,0.2,239676
ZNO,20180319,0.255,0.255,0.24,0.24,309580
ZNT,20180319,1.15,1.15,1.135,1.14,122403
ZOZI,20180319,10.62,10.62,10.62,10.62,0
ZUSD,20180319,9.95,9.95,9.95,9.95,221
ZYB,20180319,0.018,0.021,0.017,0.02,9887302
ZYUS,20180319,12.1,12.11,12.1,12.11,4195
XAF,20180319,5730.8,5764.2,5716.2,5739.9,0
XAO,20180319,6055.8,6086.1,6040.2,6064.7,0
XAT,20180319,5886.8,5919,5870.2,5895.8,0
XDJ,20180319,2300.7,2315.2,2294,2303.9,0
XEC,20180319,1535,1519.1,1511.1,1513.3,0
XEJ,20180319,9942.1,10132.6,9942.1,10105.9,0
XFJ,20180319,6310.1,6342.2,6281.2,6296.6,0
XFL,20180319,5787.2,5821.3,5773.3,5797.1,0
XGD,20180319,4747.7,4770.6,4731.2,4758.3,0
XHJ,20180319,27314.8,27581.4,27110.1,27401.5,0
XIJ,20180319,1061.9,1064.5,1049.5,1060.4,0
XJO,20180319,5949.4,5982.5,5933.5,5959.4,0
XJR,20180319,3938.2,3981.8,3938.2,3963.8,0
XKO,20180319,5912.5,5944.8,5896.8,5922,0
XMD,20180319,6842.2,6874,6811.3,6848.2,0
XMJ,20180319,11377.9,11459.1,11377.9,11402.8,0
XMM,20180319,3531.7,3563.2,3531.7,3543,0
XNJ,20180319,5755.1,5800.6,5736.4,5766.1,0
XPJ,20180319,1325.7,1339.5,1325.7,1339.4,0
XSJ,20180319,10497.4,10522.3,10380.3,10493.7,0
XSO,20180319,2739.6,2749.6,2732.8,2744.7,0
XTJ,20180319,1214.8,1220,1204,1214.4,0
XTL,20180319,3292.5,3312,3282.1,3295.1,0
XTO,20180319,4892.2,4920.2,4879.1,4900,0
XUJ,20180319,7653.3,7711.1,7643,7670.4,0
XXJ,20180319,7037.8,7073.7,7005.6,7022.8,0
